# Region type : patch outlet
# Faces      : 320
# Area       : 1.94534e-05
# Scale factor: 1.00000e+00
# Time       	areaAverage(s)
1.2e-06      	0.00000e+00
2.64e-06     	0.00000e+00
4.368e-06    	0.00000e+00
6.4416e-06   	0.00000e+00
8.92992e-06  	0.00000e+00
1.19159e-05  	0.00000e+00
1.54991e-05  	0.00000e+00
1.97989e-05  	0.00000e+00
2.49587e-05  	0.00000e+00
3.11504e-05  	0.00000e+00
3.85805e-05  	0.00000e+00
4.74965e-05  	0.00000e+00
5.81958e-05  	0.00000e+00
7.1035e-05   	0.00000e+00
8.6442e-05   	0.00000e+00
0.00010493   	0.00000e+00
0.000127116  	0.00000e+00
0.00015374   	0.00000e+00
0.000185688  	0.00000e+00
0.000224025  	0.00000e+00
0.00027003   	0.00000e+00
0.000325236  	0.00000e+00
0.000391483  	0.00000e+00
0.00047098   	0.00000e+00
0.000566376  	0.00000e+00
0.00068085   	0.00000e+00
0.000818221  	0.00000e+00
0.000983063  	0.00000e+00
0.00118087   	0.00000e+00
0.00141824   	0.00000e+00
0.0017031    	0.00000e+00
0.00204491   	0.00000e+00
0.00245508   	0.00000e+00
0.0029473    	0.00000e+00
0.00353797   	0.00000e+00
0.00424679   	0.00000e+00
0.00509742   	0.00000e+00
0.00611825   	0.00000e+00
0.00734314   	0.00000e+00
0.00881286   	0.00000e+00
0.0105765    	0.00000e+00
0.0126925    	0.00000e+00
0.0152319    	0.00000e+00
0.0182788    	0.00000e+00
0.0219337    	2.53974e-318
0.0263197    	-5.37958e-292
0.0315829    	-1.08650e-266
0.037896     	1.96128e-240
0.0454717    	2.35888e-216
0.0545626    	1.01502e-193
0.0654797    	1.92584e-172
0.0785686    	1.51508e-152
0.094292     	5.46489e-134
0.11316      	3.37404e-117
0.135784     	6.41516e-102
0.162808     	1.18354e-88
0.194015     	1.46966e-78
0.229096     	3.54289e-71
0.267263     	6.73764e-66
0.304529     	-2.43948e-64
0.340928     	-2.39689e-62
0.377044     	-2.68537e-61
0.412881     	-1.93308e-60
0.44844      	-1.07970e-59
0.483999     	-5.39927e-59
0.519007     	-2.28763e-58
0.553743     	-8.81612e-58
0.588211     	-3.11224e-57
0.622411     	-1.01240e-56
0.65661      	-3.06052e-56
0.69081      	-8.57098e-56
0.72501      	-2.20619e-55
0.75921      	-5.11937e-55
0.793137     	-1.04462e-54
0.827063     	-1.63249e-54
0.861267     	-4.23546e-55
0.895472     	1.03586e-53
0.929676     	5.91951e-53
0.96388      	2.38901e-52
0.998085     	8.31137e-52
1.03229      	2.64799e-51
1.06649      	7.94339e-51
1.1007       	2.27963e-50
1.1349       	6.32801e-50
1.16911      	1.71333e-49
1.20331      	4.55698e-49
1.23752      	1.19794e-48
1.27172      	3.12888e-48
1.30592      	8.15448e-48
1.34013      	2.12704e-47
1.37433      	5.56321e-47
1.40854      	1.45958e-46
1.44274      	3.83962e-46
1.47695      	1.01137e-45
1.51115      	2.66331e-45
1.54536      	6.99941e-45
1.57956      	1.83298e-44
1.61376      	4.77674e-44
1.64797      	1.23749e-43
1.68217      	3.18466e-43
1.71638      	8.13732e-43
1.75058      	2.06382e-42
1.78479      	5.19501e-42
1.81899      	1.29804e-41
1.85319      	3.21924e-41
1.8874       	7.92600e-41
1.9216       	1.93741e-40
1.95581      	4.70341e-40
1.99001      	1.13435e-39
2.02422      	2.71869e-39
2.05842      	6.47741e-39
2.09263      	1.53466e-38
2.12683      	3.61689e-38
2.16103      	8.48214e-38
2.19524      	1.97998e-37
2.22944      	4.60188e-37
2.26365      	1.06528e-36
2.29785      	2.45682e-36
2.33206      	5.64652e-36
2.36626      	1.29355e-35
2.40047      	2.95443e-35
2.43467      	6.72837e-35
2.46887      	1.52805e-34
2.50308      	3.46083e-34
2.53728      	7.81694e-34
2.57149      	1.76075e-33
2.60569      	3.95493e-33
2.6399       	8.85782e-33
2.6741       	1.97802e-32
2.7083       	4.40367e-32
2.74251      	9.77361e-32
2.77671      	2.16240e-31
2.81092      	4.76927e-31
2.84512      	1.04861e-30
2.87933      	2.29851e-30
2.91353      	5.02325e-30
2.94774      	1.09466e-29
2.98194      	2.37894e-29
3.01614      	5.15662e-29
3.05035      	1.11504e-28
3.08455      	2.40560e-28
3.11876      	5.17872e-28
3.15296      	1.11259e-27
3.18717      	2.38558e-27
3.22137      	5.10527e-27
3.25558      	1.09046e-26
3.28978      	2.32462e-26
3.32398      	4.94555e-26
3.35819      	1.04991e-25
3.39239      	2.22388e-25
3.4266       	4.69927e-25
3.4608       	9.90490e-25
3.49501      	2.08215e-24
3.52921      	4.36480e-24
3.56342      	9.12356e-24
3.59762      	1.90143e-23
3.63182      	3.95082e-23
3.66603      	8.18415e-23
3.70023      	1.69017e-22
3.73444      	3.47980e-22
3.76864      	7.14231e-22
3.80285      	1.46142e-21
3.83705      	2.98089e-21
3.87125      	6.06067e-21
3.90546      	1.22816e-20
3.93966      	2.48021e-20
3.97387      	4.99044e-20
4.00807      	1.00026e-19
4.04228      	1.99661e-19
4.07648      	3.96793e-19
4.11069      	7.84873e-19
4.14489      	1.54485e-18
4.17909      	3.02501e-18
4.2133       	5.89175e-18
4.2475       	1.14132e-17
4.28171      	2.19876e-17
4.31591      	4.21221e-17
4.35012      	8.02258e-17
4.38432      	1.51898e-16
4.41853      	2.85980e-16
4.45273      	5.34712e-16
4.48693      	9.92146e-16
4.52114      	1.82737e-15
4.55534      	3.34100e-15
4.58955      	6.06505e-15
4.62375      	1.09330e-14
4.65796      	1.95668e-14
4.69216      	3.47648e-14
4.72636      	6.13170e-14
4.76057      	1.07352e-13
4.79477      	1.86558e-13
4.82898      	3.21799e-13
4.86318      	5.50950e-13
4.89739      	9.36268e-13
4.93159      	1.57926e-12
4.9658       	2.64413e-12
5            	4.39442e-12
5.03425      	7.25550e-12
5.06849      	1.18917e-11
5.10274      	1.93486e-11
5.13699      	3.12545e-11
5.17123      	5.01250e-11
5.20548      	7.98171e-11
5.23973      	1.26200e-10
5.27397      	1.98140e-10
5.30822      	3.08924e-10
5.34247      	4.78322e-10
5.37671      	7.35529e-10
5.41096      	1.12334e-09
5.44521      	1.70402e-09
5.47945      	2.56748e-09
5.5137       	3.84264e-09
5.54795      	5.71293e-09
5.58219      	8.43748e-09
5.61644      	1.23796e-08
5.65068      	1.80452e-08
5.68493      	2.61329e-08
5.71918      	3.76018e-08
5.75342      	5.37583e-08
5.78767      	7.63683e-08
5.82192      	1.07806e-07
5.85616      	1.51236e-07
5.89041      	2.10852e-07
5.92466      	2.92171e-07
5.9589       	4.02408e-07
5.99315      	5.50921e-07
6.0274       	7.49785e-07
6.06164      	1.01446e-06
6.09589      	1.36462e-06
6.13014      	1.82509e-06
6.16438      	2.42707e-06
6.19863      	3.20942e-06
6.23288      	4.22022e-06
6.26712      	5.51863e-06
6.30137      	7.17685e-06
6.33562      	9.28244e-06
6.36986      	1.19408e-05
6.40411      	1.52782e-05
6.43836      	1.94442e-05
6.4726       	2.46156e-05
6.50685      	3.09991e-05
6.5411       	3.88355e-05
6.57534      	4.84019e-05
6.60959      	6.00167e-05
6.64384      	7.40423e-05
6.67808      	9.08880e-05
6.71233      	1.11013e-04
6.74658      	1.34927e-04
6.78082      	1.63195e-04
6.81507      	1.96435e-04
6.84932      	2.35320e-04
6.88356      	2.80575e-04
6.91781      	3.32968e-04
6.95205      	3.93323e-04
6.9863       	4.62497e-04
7.02055      	5.41385e-04
7.05479      	6.30901e-04
7.08904      	7.31975e-04
7.12329      	8.45539e-04
7.15753      	9.72519e-04
7.19178      	1.11382e-03
7.22603      	1.27030e-03
7.26027      	1.44277e-03
7.29452      	1.63198e-03
7.32877      	1.83857e-03
7.36301      	2.06309e-03
7.39726      	2.30598e-03
7.43151      	2.56748e-03
7.46575      	2.84778e-03
7.5          	3.14685e-03
7.53425      	3.46453e-03
7.56849      	3.80047e-03
7.60274      	4.15415e-03
7.63699      	4.52487e-03
7.67123      	4.91177e-03
7.70548      	5.31382e-03
7.73973      	5.72986e-03
7.77397      	6.15856e-03
7.80822      	6.59848e-03
7.84247      	7.04807e-03
7.87671      	7.50568e-03
7.91096      	7.96956e-03
7.94521      	8.43794e-03
7.97945      	8.90896e-03
8.0137       	9.38073e-03
8.04795      	9.85142e-03
8.08219      	1.03192e-02
8.11644      	1.07823e-02
8.15068      	1.12389e-02
8.18493      	1.16874e-02
8.21918      	1.21263e-02
8.25342      	1.25540e-02
8.28767      	1.29691e-02
8.32192      	1.33704e-02
8.35616      	1.37567e-02
8.39041      	1.41269e-02
8.42466      	1.44802e-02
8.4589       	1.48157e-02
8.49315      	1.51329e-02
8.5274       	1.54313e-02
8.56164      	1.57106e-02
8.59589      	1.59708e-02
8.63014      	1.62116e-02
8.66438      	1.64335e-02
8.69863      	1.66366e-02
8.73288      	1.68213e-02
8.76712      	1.69882e-02
8.80137      	1.71378e-02
8.83562      	1.72711e-02
8.86986      	1.73891e-02
8.90411      	1.74931e-02
8.93836      	1.75843e-02
8.9726       	1.76640e-02
9.00685      	1.77339e-02
9.0411       	1.77951e-02
9.07534      	1.78477e-02
9.10959      	1.78928e-02
9.14384      	1.79320e-02
9.17808      	1.79667e-02
9.21233      	1.79977e-02
9.24658      	1.80251e-02
9.28082      	1.80495e-02
9.31507      	1.80709e-02
9.34932      	1.80897e-02
9.38356      	1.81073e-02
9.41781      	1.81246e-02
9.45205      	1.81423e-02
9.4863       	1.81600e-02
9.52055      	1.81773e-02
9.55479      	1.81948e-02
9.58904      	1.82127e-02
9.62329      	1.82310e-02
9.65753      	1.82502e-02
9.69178      	1.82704e-02
9.72603      	1.82918e-02
9.76027      	1.83143e-02
9.79452      	1.83381e-02
9.82877      	1.83631e-02
9.86301      	1.83888e-02
9.89726      	1.84148e-02
9.93151      	1.84412e-02
9.96575      	1.84683e-02
10           	1.84958e-02
10.0342      	1.85239e-02
10.0685      	1.85527e-02
10.1027      	1.85821e-02
10.137       	1.86118e-02
10.1712      	1.86416e-02
10.2055      	1.86713e-02
10.2397      	1.87007e-02
10.274       	1.87298e-02
10.3082      	1.87585e-02
10.3425      	1.87864e-02
10.3767      	1.88133e-02
10.411       	1.88392e-02
10.4452      	1.88638e-02
10.4795      	1.88869e-02
10.5137      	1.89084e-02
10.5479      	1.89281e-02
10.5822      	1.89458e-02
10.6164      	1.89614e-02
10.6507      	1.89746e-02
10.6849      	1.89852e-02
10.7192      	1.89929e-02
10.7534      	1.89976e-02
10.7877      	1.89992e-02
10.8219      	1.89974e-02
10.8562      	1.89921e-02
10.8904      	1.89832e-02
10.9247      	1.89707e-02
10.9589      	1.89544e-02
10.9932      	1.89341e-02
11.0274      	1.89096e-02
11.0616      	1.88808e-02
11.0959      	1.88478e-02
11.1301      	1.88105e-02
11.1644      	1.87691e-02
11.1986      	1.87236e-02
11.2329      	1.86740e-02
11.2671      	1.86207e-02
11.3014      	1.85634e-02
11.3356      	1.85023e-02
11.3699      	1.84373e-02
11.4041      	1.83685e-02
11.4384      	1.82963e-02
11.4726      	1.82205e-02
11.5068      	1.81415e-02
11.5411      	1.80594e-02
11.5753      	1.79741e-02
11.6096      	1.78858e-02
11.6438      	1.77944e-02
11.6781      	1.77001e-02
11.7123      	1.76030e-02
11.7466      	1.75030e-02
11.7808      	1.74000e-02
11.8151      	1.72939e-02
11.8493      	1.71849e-02
11.8836      	1.70729e-02
11.9178      	1.69583e-02
11.9521      	1.68409e-02
11.9863      	1.67209e-02
12.0205      	1.65984e-02
12.0548      	1.64737e-02
12.089       	1.63468e-02
12.1233      	1.62179e-02
12.1575      	1.60872e-02
12.1918      	1.59546e-02
12.226       	1.58203e-02
12.2603      	1.56844e-02
12.2945      	1.55471e-02
12.3288      	1.54086e-02
12.363       	1.52689e-02
12.3973      	1.51280e-02
12.4315      	1.49860e-02
12.4658      	1.48427e-02
12.5         	1.46983e-02
12.5342      	1.45530e-02
12.5685      	1.44069e-02
12.6027      	1.42602e-02
12.637       	1.41128e-02
12.6712      	1.39649e-02
12.7055      	1.38166e-02
12.7397      	1.36679e-02
12.774       	1.35189e-02
12.8082      	1.33696e-02
12.8425      	1.32203e-02
12.8767      	1.30713e-02
12.911       	1.29225e-02
12.9452      	1.27741e-02
12.9795      	1.26260e-02
13.0137      	1.24783e-02
13.0479      	1.23311e-02
13.0822      	1.21844e-02
13.1164      	1.20384e-02
13.1507      	1.18931e-02
13.1849      	1.17487e-02
13.2192      	1.16051e-02
13.2534      	1.14623e-02
13.2877      	1.13206e-02
13.3219      	1.11799e-02
13.3562      	1.10404e-02
13.3904      	1.09021e-02
13.4247      	1.07650e-02
13.4589      	1.06294e-02
13.4932      	1.04951e-02
13.5274      	1.03622e-02
13.5616      	1.02307e-02
13.5959      	1.01007e-02
13.6301      	9.97194e-03
13.6644      	9.84455e-03
13.6986      	9.71846e-03
13.7329      	9.59362e-03
13.7671      	9.46993e-03
13.8014      	9.34741e-03
13.8356      	9.22613e-03
13.8699      	9.10623e-03
13.9041      	8.98775e-03
13.9384      	8.87093e-03
13.9726      	8.75577e-03
14.0068      	8.64225e-03
14.0411      	8.53050e-03
14.0753      	8.42078e-03
14.1096      	8.31302e-03
14.1438      	8.20729e-03
14.1781      	8.10362e-03
14.2123      	8.00212e-03
14.2466      	7.90305e-03
14.2808      	7.80639e-03
14.3151      	7.71219e-03
14.3493      	7.62042e-03
14.3836      	7.53099e-03
14.4178      	7.44388e-03
14.4521      	7.35909e-03
14.4863      	7.27659e-03
14.5205      	7.19640e-03
14.5548      	7.11861e-03
14.589       	7.04305e-03
14.6233      	6.96963e-03
14.6575      	6.89838e-03
14.6918      	6.82916e-03
14.726       	6.76177e-03
14.7603      	6.69610e-03
14.7945      	6.63185e-03
14.8288      	6.56885e-03
14.863       	6.50715e-03
14.8973      	6.44666e-03
14.9315      	6.38728e-03
14.9658      	6.32892e-03
15           	6.27153e-03
15.0342      	6.21503e-03
15.0685      	6.15942e-03
15.1027      	6.10469e-03
15.137       	6.05081e-03
15.1712      	5.99782e-03
15.2055      	5.94567e-03
15.2397      	5.89435e-03
15.274       	5.84392e-03
15.3082      	5.79434e-03
15.3425      	5.74554e-03
15.3767      	5.69752e-03
15.411       	5.65026e-03
15.4452      	5.60373e-03
15.4795      	5.55797e-03
15.5137      	5.51301e-03
15.5479      	5.46878e-03
15.5822      	5.42530e-03
15.6164      	5.38251e-03
15.6507      	5.34042e-03
15.6849      	5.29901e-03
15.7192      	5.25829e-03
15.7534      	5.21824e-03
15.7877      	5.17886e-03
15.8219      	5.14011e-03
15.8562      	5.10206e-03
15.8904      	5.06466e-03
15.9247      	5.02790e-03
15.9589      	4.99172e-03
15.9932      	4.95608e-03
16.0274      	4.92091e-03
16.0616      	4.88618e-03
16.0959      	4.85189e-03
16.1301      	4.81802e-03
16.1644      	4.78457e-03
16.1986      	4.75153e-03
16.2329      	4.71890e-03
16.2671      	4.68667e-03
16.3014      	4.65484e-03
16.3356      	4.62341e-03
16.3699      	4.59237e-03
16.4041      	4.56171e-03
16.4384      	4.53143e-03
16.4726      	4.50152e-03
16.5068      	4.47195e-03
16.5411      	4.44278e-03
16.5753      	4.41398e-03
16.6096      	4.38548e-03
16.6438      	4.35723e-03
16.6781      	4.32921e-03
16.7123      	4.30138e-03
16.7466      	4.27372e-03
16.7808      	4.24621e-03
16.8151      	4.21886e-03
16.8493      	4.19164e-03
16.8836      	4.16457e-03
16.9178      	4.13763e-03
16.9521      	4.11084e-03
16.9863      	4.08419e-03
17.0205      	4.05768e-03
17.0548      	4.03133e-03
17.089       	4.00514e-03
17.1233      	3.97912e-03
17.1575      	3.95327e-03
17.1918      	3.92759e-03
17.226       	3.90209e-03
17.2603      	3.87676e-03
17.2945      	3.85163e-03
17.3288      	3.82669e-03
17.363       	3.80194e-03
17.3973      	3.77738e-03
17.4315      	3.75300e-03
17.4658      	3.72876e-03
17.5         	3.70465e-03
17.5342      	3.68064e-03
17.5685      	3.65671e-03
17.6027      	3.63285e-03
17.637       	3.60907e-03
17.6712      	3.58535e-03
17.7055      	3.56169e-03
17.7397      	3.53809e-03
17.774       	3.51454e-03
17.8082      	3.49105e-03
17.8425      	3.46762e-03
17.8767      	3.44424e-03
17.911       	3.42092e-03
17.9452      	3.39766e-03
17.9795      	3.37446e-03
18.0137      	3.35130e-03
18.0479      	3.32821e-03
18.0822      	3.30518e-03
18.1164      	3.28220e-03
18.1507      	3.25927e-03
18.1849      	3.23636e-03
18.2192      	3.21347e-03
18.2534      	3.19060e-03
18.2877      	3.16775e-03
18.3219      	3.14494e-03
18.3562      	3.12215e-03
18.3904      	3.09935e-03
18.4247      	3.07655e-03
18.4589      	3.05378e-03
18.4932      	3.03104e-03
18.5274      	3.00833e-03
18.5616      	2.98561e-03
18.5959      	2.96287e-03
18.6301      	2.94012e-03
18.6644      	2.91738e-03
18.6986      	2.89465e-03
18.7329      	2.87194e-03
18.7671      	2.84924e-03
18.8014      	2.82656e-03
18.8356      	2.80391e-03
18.8699      	2.78132e-03
18.9041      	2.75880e-03
18.9384      	2.73638e-03
18.9726      	2.71408e-03
19.0068      	2.69185e-03
19.0411      	2.66969e-03
19.0753      	2.64761e-03
19.1096      	2.62557e-03
19.1438      	2.60361e-03
19.1781      	2.58176e-03
19.2123      	2.56003e-03
19.2466      	2.53844e-03
19.2808      	2.51700e-03
19.3151      	2.49573e-03
19.3493      	2.47464e-03
19.3836      	2.45372e-03
19.4178      	2.43299e-03
19.4521      	2.41246e-03
19.4863      	2.39212e-03
19.5205      	2.37200e-03
19.5548      	2.35209e-03
19.589       	2.33240e-03
19.6233      	2.31290e-03
19.6575      	2.29358e-03
19.6918      	2.27446e-03
19.726       	2.25554e-03
19.7603      	2.23678e-03
19.7945      	2.21818e-03
19.8288      	2.19975e-03
19.863       	2.18149e-03
19.8973      	2.16342e-03
19.9315      	2.14554e-03
19.9658      	2.12786e-03
20           	2.11038e-03
20.0342      	2.09311e-03
20.0685      	2.07607e-03
20.1027      	2.05924e-03
20.137       	2.04265e-03
20.1712      	2.02630e-03
20.2055      	2.01018e-03
20.2397      	1.99430e-03
20.274       	1.97866e-03
20.3082      	1.96324e-03
20.3425      	1.94803e-03
20.3767      	1.93303e-03
20.411       	1.91824e-03
20.4452      	1.90366e-03
20.4795      	1.88926e-03
20.5137      	1.87495e-03
20.5479      	1.86073e-03
20.5822      	1.84660e-03
20.6164      	1.83256e-03
20.6507      	1.81864e-03
20.6849      	1.80482e-03
20.7192      	1.79114e-03
20.7534      	1.77759e-03
20.7877      	1.76419e-03
20.8219      	1.75094e-03
20.8562      	1.73785e-03
20.8904      	1.72492e-03
20.9247      	1.71217e-03
20.9589      	1.69959e-03
20.9932      	1.68719e-03
21.0274      	1.67499e-03
21.0616      	1.66298e-03
21.0959      	1.65114e-03
21.1301      	1.63946e-03
21.1644      	1.62794e-03
21.1986      	1.61658e-03
21.2329      	1.60539e-03
21.2671      	1.59434e-03
21.3014      	1.58343e-03
21.3356      	1.57267e-03
21.3699      	1.56204e-03
21.4041      	1.55154e-03
21.4384      	1.54117e-03
21.4726      	1.53089e-03
21.5068      	1.52069e-03
21.5411      	1.51060e-03
21.5753      	1.50060e-03
21.6096      	1.49071e-03
21.6438      	1.48091e-03
21.6781      	1.47122e-03
21.7123      	1.46163e-03
21.7466      	1.45215e-03
21.7808      	1.44276e-03
21.8151      	1.43343e-03
21.8493      	1.42416e-03
21.8836      	1.41495e-03
21.9178      	1.40582e-03
21.9521      	1.39677e-03
21.9863      	1.38781e-03
22.0205      	1.37894e-03
22.0548      	1.37016e-03
22.089       	1.36148e-03
22.1233      	1.35290e-03
22.1575      	1.34443e-03
22.1918      	1.33605e-03
22.226       	1.32779e-03
22.2603      	1.31964e-03
22.2945      	1.31159e-03
22.3288      	1.30365e-03
22.363       	1.29582e-03
22.3973      	1.28808e-03
22.4315      	1.28044e-03
22.4658      	1.27290e-03
22.5         	1.26544e-03
22.5342      	1.25804e-03
22.5685      	1.25071e-03
22.6027      	1.24344e-03
22.637       	1.23622e-03
22.6712      	1.22906e-03
22.7055      	1.22196e-03
22.7397      	1.21491e-03
22.774       	1.20793e-03
22.8082      	1.20096e-03
22.8425      	1.19403e-03
22.8767      	1.18712e-03
22.911       	1.18025e-03
22.9452      	1.17342e-03
22.9795      	1.16664e-03
23.0137      	1.15991e-03
23.0479      	1.15324e-03
23.0822      	1.14663e-03
23.1164      	1.14008e-03
23.1507      	1.13361e-03
23.1849      	1.12722e-03
23.2192      	1.12089e-03
23.2534      	1.11464e-03
23.2877      	1.10845e-03
23.3219      	1.10235e-03
23.3562      	1.09632e-03
23.3904      	1.09037e-03
23.4247      	1.08450e-03
23.4589      	1.07871e-03
23.4932      	1.07300e-03
23.5274      	1.06737e-03
23.5616      	1.06183e-03
23.5959      	1.05638e-03
23.6301      	1.05101e-03
23.6644      	1.04571e-03
23.6986      	1.04049e-03
23.7329      	1.03533e-03
23.7671      	1.03023e-03
23.8014      	1.02520e-03
23.8356      	1.02023e-03
23.8699      	1.01532e-03
23.9041      	1.01047e-03
23.9384      	1.00567e-03
23.9726      	1.00092e-03
24.0068      	9.96232e-04
24.0411      	9.91588e-04
24.0753      	9.86989e-04
24.1096      	9.82433e-04
24.1438      	9.77920e-04
24.1781      	9.73448e-04
24.2123      	9.69002e-04
24.2466      	9.64571e-04
24.2808      	9.60156e-04
24.3151      	9.55761e-04
24.3493      	9.51389e-04
24.3836      	9.47042e-04
24.4178      	9.42721e-04
24.4521      	9.38429e-04
24.4863      	9.34168e-04
24.5205      	9.29939e-04
24.5548      	9.25740e-04
24.589       	9.21574e-04
24.6233      	9.17446e-04
24.6575      	9.13360e-04
24.6918      	9.09315e-04
24.726       	9.05309e-04
24.7603      	9.01339e-04
24.7945      	8.97407e-04
24.8288      	8.93510e-04
24.863       	8.89646e-04
24.8973      	8.85785e-04
24.9315      	8.81925e-04
24.9658      	8.78070e-04
25           	8.74225e-04
25.0342      	8.70392e-04
25.0685      	8.66574e-04
25.1027      	8.62775e-04
25.137       	8.58997e-04
25.1712      	8.55243e-04
25.2055      	8.51513e-04
25.2397      	8.47810e-04
25.274       	8.44134e-04
25.3082      	8.40486e-04
25.3425      	8.36868e-04
25.3767      	8.33279e-04
25.411       	8.29721e-04
25.4452      	8.26178e-04
25.4795      	8.22656e-04
25.5137      	8.19156e-04
25.5479      	8.15674e-04
25.5822      	8.12211e-04
25.6164      	8.08766e-04
25.6507      	8.05338e-04
25.6849      	8.01929e-04
25.7192      	7.98537e-04
25.7534      	7.95166e-04
25.7877      	7.91815e-04
25.8219      	7.88487e-04
25.8562      	7.85182e-04
25.8904      	7.81901e-04
25.9247      	7.78647e-04
25.9589      	7.75419e-04
25.9932      	7.72218e-04
26.0274      	7.69047e-04
26.0616      	7.65905e-04
26.0959      	7.62794e-04
26.1301      	7.59714e-04
26.1644      	7.56664e-04
26.1986      	7.53650e-04
26.2329      	7.50671e-04
26.2671      	7.47723e-04
26.3014      	7.44805e-04
26.3356      	7.41916e-04
26.3699      	7.39054e-04
26.4041      	7.36219e-04
26.4384      	7.33412e-04
26.4726      	7.30633e-04
26.5068      	7.27880e-04
26.5411      	7.25153e-04
26.5753      	7.22452e-04
26.6096      	7.19777e-04
26.6438      	7.17127e-04
26.6781      	7.14499e-04
26.7123      	7.11895e-04
26.7466      	7.09316e-04
26.7808      	7.06764e-04
26.8151      	7.04237e-04
26.8493      	7.01737e-04
26.8836      	6.99262e-04
26.9178      	6.96812e-04
26.9521      	6.94385e-04
26.9863      	6.91979e-04
27.0205      	6.89590e-04
27.0548      	6.87215e-04
27.089       	6.84853e-04
27.1233      	6.82500e-04
27.1575      	6.80156e-04
27.1918      	6.77817e-04
27.226       	6.75476e-04
27.2603      	6.73126e-04
27.2945      	6.70769e-04
27.3288      	6.68409e-04
27.363       	6.66048e-04
27.3973      	6.63686e-04
27.4315      	6.61327e-04
27.4658      	6.58970e-04
27.5         	6.56619e-04
27.5342      	6.54275e-04
27.5685      	6.51938e-04
27.6027      	6.49610e-04
27.637       	6.47292e-04
27.6712      	6.44987e-04
27.7055      	6.42697e-04
27.7397      	6.40423e-04
27.774       	6.38167e-04
27.8082      	6.35929e-04
27.8425      	6.33710e-04
27.8767      	6.31509e-04
27.911       	6.29327e-04
27.9452      	6.27163e-04
27.9795      	6.25016e-04
28.0137      	6.22886e-04
28.0479      	6.20771e-04
28.0822      	6.18668e-04
28.1164      	6.16575e-04
28.1507      	6.14493e-04
28.1849      	6.12418e-04
28.2192      	6.10351e-04
28.2534      	6.08283e-04
28.2877      	6.06214e-04
28.3219      	6.04145e-04
28.3562      	6.02078e-04
28.3904      	6.00012e-04
28.4247      	5.97951e-04
28.4589      	5.95894e-04
28.4932      	5.93844e-04
28.5274      	5.91800e-04
28.5616      	5.89765e-04
28.5959      	5.87737e-04
28.6301      	5.85718e-04
28.6644      	5.83708e-04
28.6986      	5.81710e-04
28.7329      	5.79722e-04
28.7671      	5.77742e-04
28.8014      	5.75769e-04
28.8356      	5.73801e-04
28.8699      	5.71838e-04
28.9041      	5.69879e-04
28.9384      	5.67923e-04
28.9726      	5.65970e-04
29.0068      	5.64019e-04
29.0411      	5.62070e-04
29.0753      	5.60123e-04
29.1096      	5.58179e-04
29.1438      	5.56236e-04
29.1781      	5.54296e-04
29.2123      	5.52359e-04
29.2466      	5.50425e-04
29.2808      	5.48492e-04
29.3151      	5.46562e-04
29.3493      	5.44637e-04
29.3836      	5.42718e-04
29.4178      	5.40805e-04
29.4521      	5.38901e-04
29.4863      	5.37006e-04
29.5205      	5.35120e-04
29.5548      	5.33244e-04
29.589       	5.31379e-04
29.6233      	5.29525e-04
29.6575      	5.27681e-04
29.6918      	5.25848e-04
29.726       	5.24026e-04
29.7603      	5.22216e-04
29.7945      	5.20419e-04
29.8288      	5.18634e-04
29.863       	5.16860e-04
29.8973      	5.15097e-04
29.9315      	5.13345e-04
29.9658      	5.11601e-04
30           	5.09865e-04
30.0342      	5.08136e-04
30.0685      	5.06414e-04
30.1027      	5.04698e-04
30.137       	5.02986e-04
30.1712      	5.01278e-04
30.2055      	4.99572e-04
30.2397      	4.97868e-04
30.274       	4.96165e-04
30.3082      	4.94461e-04
30.3425      	4.92755e-04
30.3767      	4.91045e-04
30.411       	4.89332e-04
30.4452      	4.87613e-04
30.4795      	4.85888e-04
30.5137      	4.84154e-04
30.5479      	4.82411e-04
30.5822      	4.80657e-04
30.6164      	4.78893e-04
30.6507      	4.77120e-04
30.6849      	4.75334e-04
30.7192      	4.73533e-04
30.7534      	4.71721e-04
30.7877      	4.69902e-04
30.8219      	4.68081e-04
30.8562      	4.66259e-04
30.8904      	4.64439e-04
30.9247      	4.62621e-04
30.9589      	4.60808e-04
30.9932      	4.59000e-04
31.0274      	4.57200e-04
31.0616      	4.55408e-04
31.0959      	4.53626e-04
31.1301      	4.51855e-04
31.1644      	4.50095e-04
31.1986      	4.48348e-04
31.2329      	4.46612e-04
31.2671      	4.44889e-04
31.3014      	4.43177e-04
31.3356      	4.41478e-04
31.3699      	4.39790e-04
31.4041      	4.38114e-04
31.4384      	4.36449e-04
31.4726      	4.34795e-04
31.5068      	4.33153e-04
31.5411      	4.31521e-04
31.5753      	4.29899e-04
31.6096      	4.28288e-04
31.6438      	4.26687e-04
31.6781      	4.25096e-04
31.7123      	4.23513e-04
31.7466      	4.21940e-04
31.7808      	4.20375e-04
31.8151      	4.18818e-04
31.8493      	4.17269e-04
31.8836      	4.15727e-04
31.9178      	4.14192e-04
31.9521      	4.12663e-04
31.9863      	4.11140e-04
32.0205      	4.09622e-04
32.0548      	4.08109e-04
32.089       	4.06599e-04
32.1233      	4.05093e-04
32.1575      	4.03589e-04
32.1918      	4.02087e-04
32.226       	4.00587e-04
32.2603      	3.99086e-04
32.2945      	3.97584e-04
32.3288      	3.96082e-04
32.363       	3.94579e-04
32.3973      	3.93077e-04
32.4315      	3.91576e-04
32.4658      	3.90077e-04
32.5         	3.88579e-04
32.5342      	3.87083e-04
32.5685      	3.85590e-04
32.6027      	3.84099e-04
32.637       	3.82611e-04
32.6712      	3.81127e-04
32.7055      	3.79646e-04
32.7397      	3.78168e-04
32.774       	3.76694e-04
32.8082      	3.75224e-04
32.8425      	3.73759e-04
32.8767      	3.72298e-04
32.911       	3.70841e-04
32.9452      	3.69389e-04
32.9795      	3.67942e-04
33.0137      	3.66501e-04
33.0479      	3.65064e-04
33.0822      	3.63633e-04
33.1164      	3.62207e-04
33.1507      	3.60787e-04
33.1849      	3.59372e-04
33.2192      	3.57962e-04
33.2534      	3.56558e-04
33.2877      	3.55160e-04
33.3219      	3.53767e-04
33.3562      	3.52380e-04
33.3904      	3.50998e-04
33.4247      	3.49623e-04
33.4589      	3.48253e-04
33.4932      	3.46890e-04
33.5274      	3.45532e-04
33.5616      	3.44181e-04
33.5959      	3.42835e-04
33.6301      	3.41496e-04
33.6644      	3.40164e-04
33.6986      	3.38838e-04
33.7329      	3.37519e-04
33.7671      	3.36207e-04
33.8014      	3.34903e-04
33.8356      	3.33605e-04
33.8699      	3.32315e-04
33.9041      	3.31033e-04
33.9384      	3.29757e-04
33.9726      	3.28489e-04
34.0068      	3.27228e-04
34.0411      	3.25974e-04
34.0753      	3.24726e-04
34.1096      	3.23485e-04
34.1438      	3.22251e-04
34.1781      	3.21023e-04
34.2123      	3.19801e-04
34.2466      	3.18584e-04
34.2808      	3.17374e-04
34.3151      	3.16168e-04
34.3493      	3.14968e-04
34.3836      	3.13773e-04
34.4178      	3.12582e-04
34.4521      	3.11396e-04
34.4863      	3.10215e-04
34.5205      	3.09037e-04
34.5548      	3.07863e-04
34.589       	3.06692e-04
34.6233      	3.05525e-04
34.6575      	3.04361e-04
34.6918      	3.03199e-04
34.726       	3.02041e-04
34.7603      	3.00886e-04
34.7945      	2.99734e-04
34.8288      	2.98585e-04
34.863       	2.97438e-04
34.8973      	2.96295e-04
34.9315      	2.95156e-04
34.9658      	2.94020e-04
35           	2.92888e-04
35.0342      	2.91761e-04
35.0685      	2.90640e-04
35.1027      	2.89523e-04
35.137       	2.88412e-04
35.1712      	2.87307e-04
35.2055      	2.86208e-04
35.2397      	2.85116e-04
35.274       	2.84031e-04
35.3082      	2.82953e-04
35.3425      	2.81882e-04
35.3767      	2.80819e-04
35.411       	2.79763e-04
35.4452      	2.78715e-04
35.4795      	2.77674e-04
35.5137      	2.76641e-04
35.5479      	2.75615e-04
35.5822      	2.74596e-04
35.6164      	2.73584e-04
35.6507      	2.72579e-04
35.6849      	2.71582e-04
35.7192      	2.70591e-04
35.7534      	2.69608e-04
35.7877      	2.68632e-04
35.8219      	2.67663e-04
35.8562      	2.66700e-04
35.8904      	2.65744e-04
35.9247      	2.64793e-04
35.9589      	2.63849e-04
35.9932      	2.62909e-04
36.0274      	2.61976e-04
36.0616      	2.61047e-04
36.0959      	2.60124e-04
36.1301      	2.59206e-04
36.1644      	2.58292e-04
36.1986      	2.57382e-04
36.2329      	2.56477e-04
36.2671      	2.55576e-04
36.3014      	2.54678e-04
36.3356      	2.53785e-04
36.3699      	2.52894e-04
36.4041      	2.52007e-04
36.4384      	2.51123e-04
36.4726      	2.50242e-04
36.5068      	2.49363e-04
36.5411      	2.48485e-04
36.5753      	2.47610e-04
36.6096      	2.46735e-04
36.6438      	2.45862e-04
36.6781      	2.44989e-04
36.7123      	2.44115e-04
36.7466      	2.43241e-04
36.7808      	2.42367e-04
36.8151      	2.41493e-04
36.8493      	2.40618e-04
36.8836      	2.39744e-04
36.9178      	2.38869e-04
36.9521      	2.37994e-04
36.9863      	2.37120e-04
37.0205      	2.36246e-04
37.0548      	2.35372e-04
37.089       	2.34498e-04
37.1233      	2.33625e-04
37.1575      	2.32752e-04
37.1918      	2.31881e-04
37.226       	2.31013e-04
37.2603      	2.30147e-04
37.2945      	2.29284e-04
37.3288      	2.28425e-04
37.363       	2.27571e-04
37.3973      	2.26720e-04
37.4315      	2.25875e-04
37.4658      	2.25035e-04
37.5         	2.24200e-04
37.5342      	2.23371e-04
37.5685      	2.22547e-04
37.6027      	2.21730e-04
37.637       	2.20918e-04
37.6712      	2.20113e-04
37.7055      	2.19314e-04
37.7397      	2.18521e-04
37.774       	2.17734e-04
37.8082      	2.16953e-04
37.8425      	2.16179e-04
37.8767      	2.15410e-04
37.911       	2.14647e-04
37.9452      	2.13891e-04
37.9795      	2.13140e-04
38.0137      	2.12394e-04
38.0479      	2.11655e-04
38.0822      	2.10920e-04
38.1164      	2.10192e-04
38.1507      	2.09468e-04
38.1849      	2.08750e-04
38.2192      	2.08037e-04
38.2534      	2.07329e-04
38.2877      	2.06627e-04
38.3219      	2.05928e-04
38.3562      	2.05235e-04
38.3904      	2.04546e-04
38.4247      	2.03862e-04
38.4589      	2.03182e-04
38.4932      	2.02507e-04
38.5274      	2.01835e-04
38.5616      	2.01168e-04
38.5959      	2.00505e-04
38.6301      	1.99846e-04
38.6644      	1.99191e-04
38.6986      	1.98540e-04
38.7329      	1.97893e-04
38.7671      	1.97250e-04
38.8014      	1.96611e-04
38.8356      	1.95975e-04
38.8699      	1.95343e-04
38.9041      	1.94714e-04
38.9384      	1.94090e-04
38.9726      	1.93468e-04
39.0068      	1.92850e-04
39.0411      	1.92235e-04
39.0753      	1.91624e-04
39.1096      	1.91015e-04
39.1438      	1.90410e-04
39.1781      	1.89808e-04
39.2123      	1.89208e-04
39.2466      	1.88612e-04
39.2808      	1.88019e-04
39.3151      	1.87429e-04
39.3493      	1.86842e-04
39.3836      	1.86258e-04
39.4178      	1.85677e-04
39.4521      	1.85099e-04
39.4863      	1.84524e-04
39.5205      	1.83952e-04
39.5548      	1.83382e-04
39.589       	1.82816e-04
39.6233      	1.82253e-04
39.6575      	1.81692e-04
39.6918      	1.81134e-04
39.726       	1.80579e-04
39.7603      	1.80027e-04
39.7945      	1.79477e-04
39.8288      	1.78931e-04
39.863       	1.78387e-04
39.8973      	1.77845e-04
39.9315      	1.77306e-04
39.9658      	1.76770e-04
40           	1.76236e-04
40.0342      	1.75705e-04
40.0685      	1.75175e-04
40.1027      	1.74648e-04
40.137       	1.74124e-04
40.1712      	1.73602e-04
40.2055      	1.73081e-04
40.2397      	1.72564e-04
40.274       	1.72048e-04
40.3082      	1.71534e-04
40.3425      	1.71023e-04
40.3767      	1.70514e-04
40.411       	1.70007e-04
40.4452      	1.69502e-04
40.4795      	1.69000e-04
40.5137      	1.68499e-04
40.5479      	1.68001e-04
40.5822      	1.67505e-04
40.6164      	1.67010e-04
40.6507      	1.66518e-04
40.6849      	1.66028e-04
40.7192      	1.65540e-04
40.7534      	1.65054e-04
40.7877      	1.64570e-04
40.8219      	1.64088e-04
40.8562      	1.63607e-04
40.8904      	1.63129e-04
40.9247      	1.62652e-04
40.9589      	1.62178e-04
40.9932      	1.61705e-04
41.0274      	1.61234e-04
41.0616      	1.60764e-04
41.0959      	1.60296e-04
41.1301      	1.59830e-04
41.1644      	1.59366e-04
41.1986      	1.58903e-04
41.2329      	1.58442e-04
41.2671      	1.57983e-04
41.3014      	1.57526e-04
41.3356      	1.57070e-04
41.3699      	1.56615e-04
41.4041      	1.56163e-04
41.4384      	1.55712e-04
41.4726      	1.55262e-04
41.5068      	1.54814e-04
41.5411      	1.54368e-04
41.5753      	1.53924e-04
41.6096      	1.53481e-04
41.6438      	1.53040e-04
41.6781      	1.52600e-04
41.7123      	1.52162e-04
41.7466      	1.51726e-04
41.7808      	1.51291e-04
41.8151      	1.50858e-04
41.8493      	1.50426e-04
41.8836      	1.49996e-04
41.9178      	1.49568e-04
41.9521      	1.49141e-04
41.9863      	1.48716e-04
42.0205      	1.48292e-04
42.0548      	1.47870e-04
42.089       	1.47450e-04
42.1233      	1.47031e-04
42.1575      	1.46614e-04
42.1918      	1.46199e-04
42.226       	1.45786e-04
42.2603      	1.45374e-04
42.2945      	1.44964e-04
42.3288      	1.44555e-04
42.363       	1.44148e-04
42.3973      	1.43743e-04
42.4315      	1.43340e-04
42.4658      	1.42938e-04
42.5         	1.42537e-04
42.5342      	1.42138e-04
42.5685      	1.41741e-04
42.6027      	1.41346e-04
42.637       	1.40951e-04
42.6712      	1.40559e-04
42.7055      	1.40168e-04
42.7397      	1.39779e-04
42.774       	1.39391e-04
42.8082      	1.39005e-04
42.8425      	1.38621e-04
42.8767      	1.38239e-04
42.911       	1.37858e-04
42.9452      	1.37478e-04
42.9795      	1.37101e-04
43.0137      	1.36725e-04
43.0479      	1.36350e-04
43.0822      	1.35978e-04
43.1164      	1.35606e-04
43.1507      	1.35236e-04
43.1849      	1.34868e-04
43.2192      	1.34501e-04
43.2534      	1.34136e-04
43.2877      	1.33773e-04
43.3219      	1.33410e-04
43.3562      	1.33050e-04
43.3904      	1.32690e-04
43.4247      	1.32332e-04
43.4589      	1.31976e-04
43.4932      	1.31621e-04
43.5274      	1.31268e-04
43.5616      	1.30916e-04
43.5959      	1.30565e-04
43.6301      	1.30216e-04
43.6644      	1.29868e-04
43.6986      	1.29522e-04
43.7329      	1.29177e-04
43.7671      	1.28833e-04
43.8014      	1.28491e-04
43.8356      	1.28150e-04
43.8699      	1.27810e-04
43.9041      	1.27472e-04
43.9384      	1.27135e-04
43.9726      	1.26799e-04
44.0068      	1.26464e-04
44.0411      	1.26131e-04
44.0753      	1.25799e-04
44.1096      	1.25468e-04
44.1438      	1.25138e-04
44.1781      	1.24809e-04
44.2123      	1.24482e-04
44.2466      	1.24156e-04
44.2808      	1.23831e-04
44.3151      	1.23507e-04
44.3493      	1.23184e-04
44.3836      	1.22863e-04
44.4178      	1.22542e-04
44.4521      	1.22223e-04
44.4863      	1.21905e-04
44.5205      	1.21587e-04
44.5548      	1.21271e-04
44.589       	1.20956e-04
44.6233      	1.20642e-04
44.6575      	1.20329e-04
44.6918      	1.20017e-04
44.726       	1.19705e-04
44.7603      	1.19395e-04
44.7945      	1.19086e-04
44.8288      	1.18778e-04
44.863       	1.18471e-04
44.8973      	1.18164e-04
44.9315      	1.17859e-04
44.9658      	1.17554e-04
45           	1.17251e-04
45.0342      	1.16948e-04
45.0685      	1.16646e-04
45.1027      	1.16345e-04
45.137       	1.16044e-04
45.1712      	1.15745e-04
45.2055      	1.15446e-04
45.2397      	1.15148e-04
45.274       	1.14850e-04
45.3082      	1.14553e-04
45.3425      	1.14257e-04
45.3767      	1.13961e-04
45.411       	1.13666e-04
45.4452      	1.13372e-04
45.4795      	1.13078e-04
45.5137      	1.12785e-04
45.5479      	1.12492e-04
45.5822      	1.12200e-04
45.6164      	1.11909e-04
45.6507      	1.11618e-04
45.6849      	1.11328e-04
45.7192      	1.11038e-04
45.7534      	1.10749e-04
45.7877      	1.10461e-04
45.8219      	1.10173e-04
45.8562      	1.09886e-04
45.8904      	1.09599e-04
45.9247      	1.09313e-04
45.9589      	1.09027e-04
45.9932      	1.08743e-04
46.0274      	1.08458e-04
46.0616      	1.08175e-04
46.0959      	1.07892e-04
46.1301      	1.07610e-04
46.1644      	1.07328e-04
46.1986      	1.07047e-04
46.2329      	1.06767e-04
46.2671      	1.06487e-04
46.3014      	1.06209e-04
46.3356      	1.05930e-04
46.3699      	1.05653e-04
46.4041      	1.05376e-04
46.4384      	1.05099e-04
46.4726      	1.04823e-04
46.5068      	1.04548e-04
46.5411      	1.04274e-04
46.5753      	1.04000e-04
46.6096      	1.03727e-04
46.6438      	1.03454e-04
46.6781      	1.03183e-04
46.7123      	1.02911e-04
46.7466      	1.02640e-04
46.7808      	1.02370e-04
46.8151      	1.02100e-04
46.8493      	1.01831e-04
46.8836      	1.01563e-04
46.9178      	1.01295e-04
46.9521      	1.01027e-04
46.9863      	1.00760e-04
47.0205      	1.00494e-04
47.0548      	1.00228e-04
47.089       	9.99630e-05
47.1233      	9.96982e-05
47.1575      	9.94340e-05
47.1918      	9.91703e-05
47.226       	9.89072e-05
47.2603      	9.86445e-05
47.2945      	9.83824e-05
47.3288      	9.81207e-05
47.363       	9.78595e-05
47.3973      	9.75987e-05
47.4315      	9.73385e-05
47.4658      	9.70786e-05
47.5         	9.68193e-05
47.5342      	9.65603e-05
47.5685      	9.63018e-05
47.6027      	9.60438e-05
47.637       	9.57862e-05
47.6712      	9.55290e-05
47.7055      	9.52723e-05
47.7397      	9.50160e-05
47.774       	9.47601e-05
47.8082      	9.45047e-05
47.8425      	9.42498e-05
47.8767      	9.39953e-05
47.911       	9.37413e-05
47.9452      	9.34878e-05
47.9795      	9.32346e-05
48.0137      	9.29819e-05
48.0479      	9.27297e-05
48.0822      	9.24779e-05
48.1164      	9.22264e-05
48.1507      	9.19754e-05
48.1849      	9.17248e-05
48.2192      	9.14746e-05
48.2534      	9.12248e-05
48.2877      	9.09754e-05
48.3219      	9.07263e-05
48.3562      	9.04777e-05
48.3904      	9.02294e-05
48.4247      	8.99815e-05
48.4589      	8.97339e-05
48.4932      	8.94867e-05
48.5274      	8.92399e-05
48.5616      	8.89934e-05
48.5959      	8.87473e-05
48.6301      	8.85016e-05
48.6644      	8.82562e-05
48.6986      	8.80111e-05
48.7329      	8.77664e-05
48.7671      	8.75220e-05
48.8014      	8.72779e-05
48.8356      	8.70342e-05
48.8699      	8.67907e-05
48.9041      	8.65476e-05
48.9384      	8.63048e-05
48.9726      	8.60622e-05
49.0068      	8.58200e-05
49.0411      	8.55780e-05
49.0753      	8.53363e-05
49.1096      	8.50948e-05
49.1438      	8.48536e-05
49.1781      	8.46126e-05
49.2123      	8.43719e-05
49.2466      	8.41313e-05
49.2808      	8.38909e-05
49.3151      	8.36506e-05
49.3493      	8.34106e-05
49.3836      	8.31707e-05
49.4178      	8.29309e-05
49.4521      	8.26912e-05
49.4863      	8.24517e-05
49.5205      	8.22123e-05
49.5548      	8.19732e-05
49.589       	8.17342e-05
49.6233      	8.14955e-05
49.6575      	8.12569e-05
49.6918      	8.10185e-05
49.726       	8.07803e-05
49.7603      	8.05422e-05
49.7945      	8.03044e-05
49.8288      	8.00667e-05
49.863       	7.98291e-05
49.8973      	7.95916e-05
49.9315      	7.93542e-05
49.9658      	7.91170e-05
50           	7.88798e-05
50.0342      	7.86427e-05
50.0685      	7.84056e-05
50.1027      	7.81686e-05
50.137       	7.79317e-05
50.1712      	7.76948e-05
50.2055      	7.74580e-05
50.2397      	7.72212e-05
50.274       	7.69844e-05
50.3082      	7.67477e-05
50.3425      	7.65111e-05
50.3767      	7.62744e-05
50.411       	7.60378e-05
50.4452      	7.58012e-05
50.4795      	7.55647e-05
50.5137      	7.53283e-05
50.5479      	7.50920e-05
50.5822      	7.48558e-05
50.6164      	7.46197e-05
50.6507      	7.43837e-05
50.6849      	7.41478e-05
50.7192      	7.39119e-05
50.7534      	7.36762e-05
50.7877      	7.34405e-05
50.8219      	7.32049e-05
50.8562      	7.29695e-05
50.8904      	7.27341e-05
50.9247      	7.24988e-05
50.9589      	7.22637e-05
50.9932      	7.20286e-05
51.0274      	7.17937e-05
51.0616      	7.15589e-05
51.0959      	7.13242e-05
51.1301      	7.10896e-05
51.1644      	7.08551e-05
51.1986      	7.06208e-05
51.2329      	7.03866e-05
51.2671      	7.01526e-05
51.3014      	6.99188e-05
51.3356      	6.96851e-05
51.3699      	6.94516e-05
51.4041      	6.92182e-05
51.4384      	6.89851e-05
51.4726      	6.87521e-05
51.5068      	6.85193e-05
51.5411      	6.82867e-05
51.5753      	6.80543e-05
51.6096      	6.78221e-05
51.6438      	6.75902e-05
51.6781      	6.73584e-05
51.7123      	6.71269e-05
51.7466      	6.68956e-05
51.7808      	6.66645e-05
51.8151      	6.64338e-05
51.8493      	6.62032e-05
51.8836      	6.59729e-05
51.9178      	6.57429e-05
51.9521      	6.55131e-05
51.9863      	6.52836e-05
52.0205      	6.50543e-05
52.0548      	6.48253e-05
52.089       	6.45966e-05
52.1233      	6.43682e-05
52.1575      	6.41401e-05
52.1918      	6.39122e-05
52.226       	6.36847e-05
52.2603      	6.34574e-05
52.2945      	6.32304e-05
52.3288      	6.30037e-05
52.363       	6.27774e-05
52.3973      	6.25513e-05
52.4315      	6.23256e-05
52.4658      	6.21001e-05
52.5         	6.18750e-05
52.5342      	6.16503e-05
52.5685      	6.14258e-05
52.6027      	6.12018e-05
52.637       	6.09780e-05
52.6712      	6.07546e-05
52.7055      	6.05315e-05
52.7397      	6.03088e-05
52.774       	6.00864e-05
52.8082      	5.98644e-05
52.8425      	5.96427e-05
52.8767      	5.94214e-05
52.911       	5.92004e-05
52.9452      	5.89799e-05
52.9795      	5.87596e-05
53.0137      	5.85398e-05
53.0479      	5.83203e-05
53.0822      	5.81012e-05
53.1164      	5.78825e-05
53.1507      	5.76642e-05
53.1849      	5.74463e-05
53.2192      	5.72288e-05
53.2534      	5.70118e-05
53.2877      	5.67951e-05
53.3219      	5.65789e-05
53.3562      	5.63631e-05
53.3904      	5.61477e-05
53.4247      	5.59327e-05
53.4589      	5.57181e-05
53.4932      	5.55040e-05
53.5274      	5.52903e-05
53.5616      	5.50771e-05
53.5959      	5.48642e-05
53.6301      	5.46519e-05
53.6644      	5.44400e-05
53.6986      	5.42285e-05
53.7329      	5.40175e-05
53.7671      	5.38070e-05
53.8014      	5.35969e-05
53.8356      	5.33872e-05
53.8699      	5.31781e-05
53.9041      	5.29693e-05
53.9384      	5.27611e-05
53.9726      	5.25533e-05
54.0068      	5.23460e-05
54.0411      	5.21392e-05
54.0753      	5.19328e-05
54.1096      	5.17270e-05
54.1438      	5.15216e-05
54.1781      	5.13167e-05
54.2123      	5.11124e-05
54.2466      	5.09085e-05
54.2808      	5.07052e-05
54.3151      	5.05023e-05
54.3493      	5.03000e-05
54.3836      	5.00982e-05
54.4178      	4.98969e-05
54.4521      	4.96961e-05
54.4863      	4.94958e-05
54.5205      	4.92960e-05
54.5548      	4.90967e-05
54.589       	4.88980e-05
54.6233      	4.86997e-05
54.6575      	4.85019e-05
54.6918      	4.83047e-05
54.726       	4.81079e-05
54.7603      	4.79116e-05
54.7945      	4.77159e-05
54.8288      	4.75206e-05
54.863       	4.73259e-05
54.8973      	4.71316e-05
54.9315      	4.69378e-05
54.9658      	4.67445e-05
55           	4.65518e-05
55.0342      	4.63596e-05
55.0685      	4.61678e-05
55.1027      	4.59766e-05
55.137       	4.57858e-05
55.1712      	4.55955e-05
55.2055      	4.54057e-05
55.2397      	4.52164e-05
55.274       	4.50276e-05
55.3082      	4.48393e-05
55.3425      	4.46515e-05
55.3767      	4.44642e-05
55.411       	4.42775e-05
55.4452      	4.40911e-05
55.4795      	4.39053e-05
55.5137      	4.37199e-05
55.5479      	4.35350e-05
55.5822      	4.33506e-05
55.6164      	4.31666e-05
55.6507      	4.29832e-05
55.6849      	4.28002e-05
55.7192      	4.26177e-05
55.7534      	4.24356e-05
55.7877      	4.22540e-05
55.8219      	4.20728e-05
55.8562      	4.18921e-05
55.8904      	4.17119e-05
55.9247      	4.15322e-05
55.9589      	4.13528e-05
55.9932      	4.11740e-05
56.0274      	4.09956e-05
56.0616      	4.08176e-05
56.0959      	4.06401e-05
56.1301      	4.04630e-05
56.1644      	4.02864e-05
56.1986      	4.01103e-05
56.2329      	3.99347e-05
56.2671      	3.97595e-05
56.3014      	3.95847e-05
56.3356      	3.94104e-05
56.3699      	3.92366e-05
56.4041      	3.90632e-05
56.4384      	3.88903e-05
56.4726      	3.87179e-05
56.5068      	3.85458e-05
56.5411      	3.83742e-05
56.5753      	3.82031e-05
56.6096      	3.80324e-05
56.6438      	3.78621e-05
56.6781      	3.76923e-05
56.7123      	3.75229e-05
56.7466      	3.73540e-05
56.7808      	3.71855e-05
56.8151      	3.70175e-05
56.8493      	3.68499e-05
56.8836      	3.66827e-05
56.9178      	3.65160e-05
56.9521      	3.63497e-05
56.9863      	3.61839e-05
57.0205      	3.60184e-05
57.0548      	3.58535e-05
57.089       	3.56889e-05
57.1233      	3.55248e-05
57.1575      	3.53611e-05
57.1918      	3.51979e-05
57.226       	3.50351e-05
57.2603      	3.48727e-05
57.2945      	3.47107e-05
57.3288      	3.45492e-05
57.363       	3.43882e-05
57.3973      	3.42275e-05
57.4315      	3.40673e-05
57.4658      	3.39075e-05
57.5         	3.37482e-05
57.5342      	3.35893e-05
57.5685      	3.34308e-05
57.6027      	3.32727e-05
57.637       	3.31151e-05
57.6712      	3.29578e-05
57.7055      	3.28011e-05
57.7397      	3.26447e-05
57.774       	3.24887e-05
57.8082      	3.23332e-05
57.8425      	3.21781e-05
57.8767      	3.20234e-05
57.911       	3.18692e-05
57.9452      	3.17154e-05
57.9795      	3.15620e-05
58.0137      	3.14090e-05
58.0479      	3.12565e-05
58.0822      	3.11045e-05
58.1164      	3.09529e-05
58.1507      	3.08017e-05
58.1849      	3.06509e-05
58.2192      	3.05006e-05
58.2534      	3.03508e-05
58.2877      	3.02013e-05
58.3219      	3.00523e-05
58.3562      	2.99037e-05
58.3904      	2.97556e-05
58.4247      	2.96079e-05
58.4589      	2.94606e-05
58.4932      	2.93138e-05
58.5274      	2.91674e-05
58.5616      	2.90215e-05
58.5959      	2.88760e-05
58.6301      	2.87309e-05
58.6644      	2.85863e-05
58.6986      	2.84422e-05
58.7329      	2.82984e-05
58.7671      	2.81552e-05
58.8014      	2.80123e-05
58.8356      	2.78699e-05
58.8699      	2.77279e-05
58.9041      	2.75864e-05
58.9384      	2.74453e-05
58.9726      	2.73047e-05
59.0068      	2.71645e-05
59.0411      	2.70248e-05
59.0753      	2.68855e-05
59.1096      	2.67467e-05
59.1438      	2.66083e-05
59.1781      	2.64704e-05
59.2123      	2.63329e-05
59.2466      	2.61959e-05
59.2808      	2.60594e-05
59.3151      	2.59233e-05
59.3493      	2.57877e-05
59.3836      	2.56526e-05
59.4178      	2.55179e-05
59.4521      	2.53838e-05
59.4863      	2.52501e-05
59.5205      	2.51169e-05
59.5548      	2.49842e-05
59.589       	2.48521e-05
59.6233      	2.47204e-05
59.6575      	2.45892e-05
59.6918      	2.44585e-05
59.726       	2.43283e-05
59.7603      	2.41986e-05
59.7945      	2.40693e-05
59.8288      	2.39406e-05
59.863       	2.38124e-05
59.8973      	2.36847e-05
59.9315      	2.35575e-05
59.9658      	2.34308e-05
60           	2.33047e-05
60.0342      	2.31790e-05
60.0685      	2.30539e-05
60.1027      	2.29294e-05
60.137       	2.28053e-05
60.1712      	2.26819e-05
60.2055      	2.25589e-05
60.2397      	2.24365e-05
60.274       	2.23147e-05
60.3082      	2.21935e-05
60.3425      	2.20728e-05
60.3767      	2.19526e-05
60.411       	2.18331e-05
60.4452      	2.17141e-05
60.4795      	2.15957e-05
60.5137      	2.14779e-05
60.5479      	2.13606e-05
60.5822      	2.12439e-05
60.6164      	2.11278e-05
60.6507      	2.10122e-05
60.6849      	2.08972e-05
60.7192      	2.07828e-05
60.7534      	2.06689e-05
60.7877      	2.05556e-05
60.8219      	2.04429e-05
60.8562      	2.03308e-05
60.8904      	2.02192e-05
60.9247      	2.01082e-05
60.9589      	1.99978e-05
60.9932      	1.98879e-05
61.0274      	1.97786e-05
61.0616      	1.96699e-05
61.0959      	1.95617e-05
61.1301      	1.94541e-05
61.1644      	1.93470e-05
61.1986      	1.92404e-05
61.2329      	1.91344e-05
61.2671      	1.90290e-05
61.3014      	1.89241e-05
61.3356      	1.88197e-05
61.3699      	1.87159e-05
61.4041      	1.86125e-05
61.4384      	1.85098e-05
61.4726      	1.84075e-05
61.5068      	1.83058e-05
61.5411      	1.82046e-05
61.5753      	1.81039e-05
61.6096      	1.80038e-05
61.6438      	1.79042e-05
61.6781      	1.78051e-05
61.7123      	1.77065e-05
61.7466      	1.76085e-05
61.7808      	1.75111e-05
61.8151      	1.74142e-05
61.8493      	1.73178e-05
61.8836      	1.72220e-05
61.9178      	1.71268e-05
61.9521      	1.70321e-05
61.9863      	1.69380e-05
62.0205      	1.68445e-05
62.0548      	1.67515e-05
62.089       	1.66591e-05
62.1233      	1.65672e-05
62.1575      	1.64759e-05
62.1918      	1.63851e-05
62.226       	1.62948e-05
62.2603      	1.62051e-05
62.2945      	1.61159e-05
62.3288      	1.60273e-05
62.363       	1.59391e-05
62.3973      	1.58515e-05
62.4315      	1.57643e-05
62.4658      	1.56777e-05
62.5         	1.55915e-05
62.5342      	1.55059e-05
62.5685      	1.54207e-05
62.6027      	1.53360e-05
62.637       	1.52518e-05
62.6712      	1.51680e-05
62.7055      	1.50848e-05
62.7397      	1.50020e-05
62.774       	1.49196e-05
62.8082      	1.48377e-05
62.8425      	1.47563e-05
62.8767      	1.46753e-05
62.911       	1.45948e-05
62.9452      	1.45147e-05
62.9795      	1.44350e-05
63.0137      	1.43558e-05
63.0479      	1.42770e-05
63.0822      	1.41986e-05
63.1164      	1.41206e-05
63.1507      	1.40431e-05
63.1849      	1.39660e-05
63.2192      	1.38892e-05
63.2534      	1.38129e-05
63.2877      	1.37370e-05
63.3219      	1.36615e-05
63.3562      	1.35864e-05
63.3904      	1.35118e-05
63.4247      	1.34375e-05
63.4589      	1.33636e-05
63.4932      	1.32902e-05
63.5274      	1.32172e-05
63.5616      	1.31445e-05
63.5959      	1.30723e-05
63.6301      	1.30005e-05
63.6644      	1.29291e-05
63.6986      	1.28580e-05
63.7329      	1.27874e-05
63.7671      	1.27171e-05
63.8014      	1.26473e-05
63.8356      	1.25778e-05
63.8699      	1.25087e-05
63.9041      	1.24400e-05
63.9384      	1.23716e-05
63.9726      	1.23036e-05
64.0068      	1.22360e-05
64.0411      	1.21687e-05
64.0753      	1.21017e-05
64.1096      	1.20351e-05
64.1438      	1.19688e-05
64.1781      	1.19029e-05
64.2123      	1.18373e-05
64.2466      	1.17720e-05
64.2808      	1.17071e-05
64.3151      	1.16425e-05
64.3493      	1.15783e-05
64.3836      	1.15143e-05
64.4178      	1.14508e-05
64.4521      	1.13876e-05
64.4863      	1.13247e-05
64.5205      	1.12622e-05
64.5548      	1.12000e-05
64.589       	1.11381e-05
64.6233      	1.10766e-05
64.6575      	1.10155e-05
64.6918      	1.09547e-05
64.726       	1.08942e-05
64.7603      	1.08341e-05
64.7945      	1.07743e-05
64.8288      	1.07148e-05
64.863       	1.06557e-05
64.8973      	1.05968e-05
64.9315      	1.05384e-05
64.9658      	1.04802e-05
65           	1.04224e-05
65.0342      	1.03649e-05
65.0685      	1.03077e-05
65.1027      	1.02508e-05
65.137       	1.01943e-05
65.1712      	1.01381e-05
65.2055      	1.00822e-05
65.2397      	1.00266e-05
65.274       	9.97130e-06
65.3082      	9.91635e-06
65.3425      	9.86171e-06
65.3767      	9.80738e-06
65.411       	9.75337e-06
65.4452      	9.69966e-06
65.4795      	9.64627e-06
65.5137      	9.59318e-06
65.5479      	9.54039e-06
65.5822      	9.48791e-06
65.6164      	9.43573e-06
65.6507      	9.38385e-06
65.6849      	9.33226e-06
65.7192      	9.28098e-06
65.7534      	9.23000e-06
65.7877      	9.17931e-06
65.8219      	9.12892e-06
65.8562      	9.07881e-06
65.8904      	9.02900e-06
65.9247      	8.97948e-06
65.9589      	8.93025e-06
65.9932      	8.88130e-06
66.0274      	8.83264e-06
66.0616      	8.78427e-06
66.0959      	8.73618e-06
66.1301      	8.68837e-06
66.1644      	8.64084e-06
66.1986      	8.59359e-06
66.2329      	8.54663e-06
66.2671      	8.49994e-06
66.3014      	8.45353e-06
66.3356      	8.40740e-06
66.3699      	8.36155e-06
66.4041      	8.31597e-06
66.4384      	8.27067e-06
66.4726      	8.22564e-06
66.5068      	8.18089e-06
66.5411      	8.13640e-06
66.5753      	8.09218e-06
66.6096      	8.04824e-06
66.6438      	8.00456e-06
66.6781      	7.96114e-06
66.7123      	7.91799e-06
66.7466      	7.87510e-06
66.7808      	7.83248e-06
66.8151      	7.79011e-06
66.8493      	7.74800e-06
66.8836      	7.70615e-06
66.9178      	7.66454e-06
66.9521      	7.62319e-06
66.9863      	7.58208e-06
67.0205      	7.54122e-06
67.0548      	7.50060e-06
67.089       	7.46022e-06
67.1233      	7.42008e-06
67.1575      	7.38018e-06
67.1918      	7.34051e-06
67.226       	7.30108e-06
67.2603      	7.26188e-06
67.2945      	7.22291e-06
67.3288      	7.18417e-06
67.363       	7.14566e-06
67.3973      	7.10738e-06
67.4315      	7.06932e-06
67.4658      	7.03148e-06
67.5         	6.99386e-06
67.5342      	6.95647e-06
67.5685      	6.91929e-06
67.6027      	6.88232e-06
67.637       	6.84556e-06
67.6712      	6.80901e-06
67.7055      	6.77266e-06
67.7397      	6.73652e-06
67.774       	6.70057e-06
67.8082      	6.66481e-06
67.8425      	6.62924e-06
67.8767      	6.59386e-06
67.911       	6.55866e-06
67.9452      	6.52362e-06
67.9795      	6.48876e-06
68.0137      	6.45407e-06
68.0479      	6.41954e-06
68.0822      	6.38518e-06
68.1164      	6.35094e-06
68.1507      	6.31685e-06
68.1849      	6.28290e-06
68.2192      	6.24911e-06
68.2534      	6.21548e-06
68.2877      	6.18204e-06
68.3219      	6.14878e-06
68.3562      	6.11570e-06
68.3904      	6.08283e-06
68.4247      	6.05015e-06
68.4589      	6.01768e-06
68.4932      	5.98542e-06
68.5274      	5.95337e-06
68.5616      	5.92154e-06
68.5959      	5.88991e-06
68.6301      	5.85850e-06
68.6644      	5.82730e-06
68.6986      	5.79632e-06
68.7329      	5.76554e-06
68.7671      	5.73498e-06
68.8014      	5.70462e-06
68.8356      	5.67446e-06
68.8699      	5.64452e-06
68.9041      	5.61477e-06
68.9384      	5.58522e-06
68.9726      	5.55587e-06
69.0068      	5.52671e-06
69.0411      	5.49775e-06
69.0753      	5.46897e-06
69.1096      	5.44038e-06
69.1438      	5.41197e-06
69.1781      	5.38375e-06
69.2123      	5.35570e-06
69.2466      	5.32783e-06
69.2808      	5.30014e-06
69.3151      	5.27261e-06
69.3493      	5.24526e-06
69.3836      	5.21808e-06
69.4178      	5.19107e-06
69.4521      	5.16422e-06
69.4863      	5.13753e-06
69.5205      	5.11101e-06
69.5548      	5.08465e-06
69.589       	5.05844e-06
69.6233      	5.03240e-06
69.6575      	5.00651e-06
69.6918      	4.98077e-06
69.726       	4.95519e-06
69.7603      	4.92976e-06
69.7945      	4.90448e-06
69.8288      	4.87935e-06
69.863       	4.85437e-06
69.8973      	4.82953e-06
69.9315      	4.80483e-06
69.9658      	4.78028e-06
70           	4.75587e-06
