#         Time        inlet       outlet
      1.2e-06            (0.0150581 0 0)            (-0.011165 -0.00857515 -0.00531157)
     2.64e-06            (0.0150581 0 0)            (-0.0111741 -0.00857967 -0.00531696)
    4.368e-06            (0.0150581 0 0)            (-0.0111744 -0.0085789 -0.00531749)
   6.4416e-06            (0.0150581 0 0)            (-0.0111745 -0.00857852 -0.00531778)
  8.92992e-06            (0.0150581 0 0)            (-0.0111746 -0.00857823 -0.00531797)
  1.19159e-05            (0.0150581 0 0)            (-0.0111747 -0.00857801 -0.00531813)
  1.54991e-05            (0.0150581 0 0)            (-0.0111748 -0.00857782 -0.00531827)
  1.97989e-05            (0.0150581 0 0)            (-0.0111748 -0.00857764 -0.0053184)
  2.49587e-05            (0.0150581 0 0)            (-0.0111749 -0.00857747 -0.00531852)
  3.11504e-05            (0.0150581 0 0)            (-0.0111749 -0.00857731 -0.00531863)
  3.85805e-05            (0.0150581 0 0)            (-0.011175 -0.00857716 -0.00531875)
  4.74965e-05            (0.0150581 0 0)            (-0.0111751 -0.008577 -0.00531886)
  5.81958e-05            (0.0150581 0 0)            (-0.0111751 -0.00857685 -0.00531898)
   7.1035e-05            (0.0150581 0 0)            (-0.0111752 -0.00857669 -0.0053191)
   8.6442e-05            (0.0150581 0 0)            (-0.0111753 -0.00857652 -0.00531923)
   0.00010493            (0.0150581 0 0)            (-0.0111753 -0.00857635 -0.00531936)
  0.000127116            (0.0150581 0 0)            (-0.0111754 -0.00857616 -0.0053195)
   0.00015374            (0.0150581 0 0)            (-0.0111755 -0.00857596 -0.00531965)
  0.000185688            (0.0150581 0 0)            (-0.0111756 -0.00857575 -0.00531983)
  0.000224025            (0.0150581 0 0)            (-0.0111757 -0.0085755 -0.00532001)
   0.00027003            (0.0150581 0 0)            (-0.0111758 -0.00857522 -0.00532021)
  0.000325236            (0.0150581 0 0)            (-0.0111759 -0.00857492 -0.00532044)
  0.000391483            (0.0150581 0 0)            (-0.0111761 -0.0085746 -0.00532071)
   0.00047098            (0.0150581 0 0)            (-0.0111763 -0.00857422 -0.00532101)
  0.000566376            (0.0150581 0 0)            (-0.0111764 -0.00857376 -0.00532135)
   0.00068085            (0.0150581 0 0)            (-0.0111767 -0.00857324 -0.00532173)
  0.000818221            (0.0150581 0 0)            (-0.0111769 -0.00857267 -0.00532219)
  0.000983063            (0.0150581 0 0)            (-0.0111772 -0.008572 -0.00532272)
   0.00118087            (0.0150581 0 0)            (-0.0111775 -0.00857119 -0.00532331)
   0.00141824            (0.0150581 0 0)            (-0.0111779 -0.00857029 -0.00532402)
    0.0017031            (0.0150581 0 0)            (-0.0111784 -0.00856928 -0.00532485)
   0.00204491            (0.0150581 0 0)            (-0.0111789 -0.00856799 -0.00532575)
   0.00245508            (0.0150581 0 0)            (-0.0111794 -0.00856657 -0.00532682)
    0.0029473            (0.0150581 0 0)            (-0.0111802 -0.00856498 -0.00532808)
   0.00353797            (0.0150581 0 0)            (-0.0111808 -0.00856302 -0.00532946)
   0.00424679            (0.0150581 0 0)            (-0.011182 -0.008561 -0.0053312)
   0.00509742            (0.0150581 0 0)            (-0.0111829 -0.00855842 -0.00533306)
   0.00611825            (0.0150581 0 0)            (-0.0111841 -0.00855555 -0.00533527)
   0.00734314            (0.0150581 0 0)            (-0.0111854 -0.00855217 -0.00533779)
   0.00881286            (0.0150581 0 0)            (-0.0111872 -0.00854843 -0.00534077)
    0.0105765            (0.0150581 0 0)            (-0.011189 -0.00854396 -0.00534409)
    0.0126925            (0.0150581 0 0)            (-0.0111911 -0.00853889 -0.00534796)
    0.0152319            (0.0150581 0 0)            (-0.0111936 -0.00853302 -0.00535239)
    0.0182788            (0.0150581 0 0)            (-0.0111965 -0.00852627 -0.00535759)
    0.0219337            (0.0150581 0 0)            (-0.0111998 -0.00851839 -0.00536368)
    0.0263197            (0.0150581 0 0)            (-0.0112036 -0.00850928 -0.00537072)
    0.0315829            (0.0150581 0 0)            (-0.011208 -0.00849886 -0.00537858)
     0.037896            (0.0150581 0 0)            (-0.0112127 -0.00848719 -0.00538738)
    0.0454717            (0.0150581 0 0)            (-0.0112182 -0.00847453 -0.00539732)
    0.0545626            (0.0150581 0 0)            (-0.0112237 -0.00846041 -0.00540769)
    0.0654556            (0.0150581 0 0)            (-0.0112299 -0.00844598 -0.00541891)
    0.0781408            (0.0150581 0 0)            (-0.0112362 -0.00843155 -0.00543009)
    0.0926169            (0.0150581 0 0)            (-0.0112417 -0.00841717 -0.00544059)
     0.108866            (0.0150581 0 0)            (-0.011247 -0.008404 -0.0054504)
     0.126915            (0.0150581 0 0)            (-0.011252 -0.00839244 -0.00545933)
     0.145031            (0.0150581 0 0)            (-0.0112561 -0.00838317 -0.00546657)
     0.163146            (0.0150581 0 0)            (-0.0112592 -0.00837558 -0.0054723)
      0.18133            (0.0150581 0 0)            (-0.0112617 -0.00836945 -0.00547691)
     0.199177            (0.0150581 0 0)            (-0.0112638 -0.00836471 -0.00548064)
     0.216698            (0.0150581 0 0)            (-0.0112652 -0.0083607 -0.00548346)
     0.233966            (0.0150581 0 0)            (-0.0112666 -0.0083577 -0.00548587)
     0.251049            (0.0150581 0 0)            (-0.0112679 -0.0083553 -0.00548785)
     0.268009            (0.0150581 0 0)            (-0.0112686 -0.0083531 -0.00548931)
     0.284909            (0.0150581 0 0)            (-0.0112696 -0.00835157 -0.00549072)
     0.301749            (0.0150581 0 0)            (-0.0112699 -0.0083498 -0.00549159)
     0.318528            (0.0150581 0 0)            (-0.0112709 -0.00834883 -0.00549263)
     0.335308            (0.0150581 0 0)            (-0.0112716 -0.00834772 -0.00549336)
     0.352027            (0.0150581 0 0)            (-0.011272 -0.00834657 -0.00549385)
     0.368746            (0.0150581 0 0)            (-0.0112724 -0.00834545 -0.00549424)
     0.385466            (0.0150581 0 0)            (-0.0112735 -0.00834474 -0.00549477)
     0.402185            (0.0150581 0 0)            (-0.0112736 -0.00834321 -0.00549475)
     0.418965            (0.0150581 0 0)            (-0.0112751 -0.00834252 -0.00549524)
     0.435746            (0.0150581 0 0)            (-0.0112757 -0.00834088 -0.00549515)
     0.452526            (0.0150581 0 0)            (-0.0112768 -0.00833927 -0.00549514)
     0.469306            (0.0150581 0 0)            (-0.0112781 -0.00833748 -0.0054951)
     0.486087            (0.0150581 0 0)            (-0.0112796 -0.00833552 -0.00549506)
      0.50293            (0.0150581 0 0)            (-0.0112818 -0.00833383 -0.00549531)
     0.519773            (0.0150581 0 0)            (-0.0112833 -0.00833151 -0.00549527)
     0.536616            (0.0150581 0 0)            (-0.0112848 -0.00832926 -0.00549537)
     0.553459            (0.0150581 0 0)            (-0.0112858 -0.00832711 -0.00549553)
     0.570302            (0.0150581 0 0)            (-0.0112868 -0.00832577 -0.00549616)
     0.587209            (0.0150581 0 0)            (-0.0112871 -0.00832513 -0.00549708)
     0.604116            (0.0150581 0 0)            (-0.0112865 -0.00832551 -0.00549838)
     0.621023            (0.0150581 0 0)            (-0.0112843 -0.00832673 -0.00549981)
     0.637931            (0.0150581 0 0)            (-0.0112814 -0.00832986 -0.00550192)
     0.654838            (0.0150581 0 0)            (-0.0112764 -0.00833408 -0.00550412)
     0.671745            (0.0150581 0 0)            (-0.0112702 -0.00834031 -0.00550688)
     0.688652            (0.0150581 0 0)            (-0.0112628 -0.00834837 -0.00551005)
     0.705626            (0.0150581 0 0)            (-0.0112537 -0.00835797 -0.00551342)
       0.7226            (0.0150581 0 0)            (-0.0112434 -0.00836902 -0.00551696)
     0.739574            (0.0150581 0 0)            (-0.0112319 -0.00838128 -0.00552054)
     0.756548            (0.0150581 0 0)            (-0.0112196 -0.00839456 -0.00552415)
     0.773521            (0.0150581 0 0)            (-0.0112073 -0.00840898 -0.00552794)
     0.790495            (0.0150581 0 0)            (-0.0111946 -0.0084236 -0.00553148)
     0.807469            (0.0150581 0 0)            (-0.0111817 -0.00843818 -0.00553475)
     0.824443            (0.0150581 0 0)            (-0.0111688 -0.00845241 -0.00553768)
     0.841417            (0.0150581 0 0)            (-0.011157 -0.00846672 -0.00554066)
      0.85846            (0.0150581 0 0)            (-0.0111456 -0.00848029 -0.00554324)
     0.875503            (0.0150581 0 0)            (-0.0111348 -0.00849283 -0.00554537)
     0.892547            (0.0150581 0 0)            (-0.0111247 -0.00850437 -0.00554718)
      0.90959            (0.0150581 0 0)            (-0.0111157 -0.00851491 -0.00554868)
     0.926633            (0.0150581 0 0)            (-0.0111079 -0.00852454 -0.00555)
     0.943677            (0.0150581 0 0)            (-0.0111009 -0.00853276 -0.00555089)
      0.96072            (0.0150581 0 0)            (-0.0110952 -0.00854002 -0.00555166)
     0.977764            (0.0150581 0 0)            (-0.0110904 -0.00854601 -0.00555209)
     0.994807            (0.0150581 0 0)            (-0.0110862 -0.00855073 -0.00555218)
      1.01185            (0.0150581 0 0)            (-0.0110836 -0.00855481 -0.00555232)
      1.02889            (0.0150581 0 0)            (-0.0110809 -0.00855718 -0.00555183)
      1.04601            (0.0150581 0 0)            (-0.0110798 -0.0085593 -0.00555158)
      1.06313            (0.0150581 0 0)            (-0.0110791 -0.00856031 -0.005551)
      1.08024            (0.0150581 0 0)            (-0.0110792 -0.00856067 -0.00555033)
      1.09736            (0.0150581 0 0)            (-0.0110801 -0.00856058 -0.0055497)
      1.11448            (0.0150581 0 0)            (-0.011081 -0.00855952 -0.00554871)
      1.13159            (0.0150581 0 0)            (-0.0110824 -0.00855808 -0.00554769)
      1.14871            (0.0150581 0 0)            (-0.0110844 -0.00855638 -0.00554669)
      1.16583            (0.0150581 0 0)            (-0.0110864 -0.00855421 -0.00554552)
      1.18295            (0.0150581 0 0)            (-0.0110888 -0.00855186 -0.00554435)
      1.20006            (0.0150581 0 0)            (-0.0110913 -0.00854927 -0.00554311)
      1.21718            (0.0150581 0 0)            (-0.011094 -0.00854662 -0.0055419)
       1.2343            (0.0150581 0 0)            (-0.0110968 -0.00854391 -0.00554067)
      1.25141            (0.0150581 0 0)            (-0.0110995 -0.00854111 -0.0055394)
      1.26853            (0.0150581 0 0)            (-0.0111023 -0.00853834 -0.00553815)
      1.28565            (0.0150581 0 0)            (-0.011105 -0.00853563 -0.00553691)
      1.30276            (0.0150581 0 0)            (-0.0111077 -0.00853296 -0.00553569)
      1.31996            (0.0150581 0 0)            (-0.0111103 -0.00853034 -0.00553447)
      1.33716            (0.0150581 0 0)            (-0.0111128 -0.00852786 -0.00553329)
      1.35435            (0.0150581 0 0)            (-0.0111152 -0.00852543 -0.00553212)
      1.37155            (0.0150581 0 0)            (-0.0111175 -0.00852315 -0.005531)
      1.38875            (0.0150581 0 0)            (-0.0111197 -0.00852104 -0.00552994)
      1.40594            (0.0150581 0 0)            (-0.0111218 -0.00851904 -0.00552892)
      1.42314            (0.0150581 0 0)            (-0.0111237 -0.00851709 -0.0055279)
      1.44033            (0.0150581 0 0)            (-0.0111255 -0.00851532 -0.00552695)
      1.45753            (0.0150581 0 0)            (-0.0111271 -0.0085137 -0.00552607)
      1.47473            (0.0150581 0 0)            (-0.0111287 -0.0085122 -0.00552524)
      1.49192            (0.0150581 0 0)            (-0.0111302 -0.00851082 -0.00552446)
      1.50912            (0.0150581 0 0)            (-0.0111315 -0.00850955 -0.00552373)
      1.52632            (0.0150581 0 0)            (-0.0111327 -0.00850838 -0.00552304)
      1.54351            (0.0150581 0 0)            (-0.0111338 -0.00850732 -0.00552242)
      1.56071            (0.0150581 0 0)            (-0.0111349 -0.00850635 -0.00552184)
      1.57791            (0.0150581 0 0)            (-0.0111358 -0.00850547 -0.00552131)
       1.5951            (0.0150581 0 0)            (-0.0111366 -0.00850467 -0.00552082)
       1.6123            (0.0150581 0 0)            (-0.0111374 -0.00850396 -0.00552039)
       1.6295            (0.0150581 0 0)            (-0.0111381 -0.0085033 -0.00551999)
      1.64669            (0.0150581 0 0)            (-0.0111387 -0.00850272 -0.00551964)
      1.66389            (0.0150581 0 0)            (-0.0111393 -0.0085022 -0.00551933)
      1.68109            (0.0150581 0 0)            (-0.0111398 -0.00850171 -0.00551905)
      1.69828            (0.0150581 0 0)            (-0.0111402 -0.00850128 -0.00551881)
      1.71548            (0.0150581 0 0)            (-0.0111406 -0.00850089 -0.0055186)
      1.73267            (0.0150581 0 0)            (-0.011141 -0.00850054 -0.00551842)
      1.74987            (0.0150581 0 0)            (-0.0111413 -0.00850022 -0.00551827)
      1.76707            (0.0150581 0 0)            (-0.0111416 -0.00849993 -0.00551814)
      1.78426            (0.0150581 0 0)            (-0.0111418 -0.00849968 -0.00551805)
      1.80146            (0.0150581 0 0)            (-0.0111421 -0.00849945 -0.00551797)
      1.81866            (0.0150581 0 0)            (-0.0111423 -0.00849923 -0.00551791)
      1.83585            (0.0150581 0 0)            (-0.0111424 -0.00849904 -0.00551787)
      1.85305            (0.0150581 0 0)            (-0.0111426 -0.00849887 -0.00551785)
      1.87025            (0.0150581 0 0)            (-0.0111427 -0.00849871 -0.00551785)
      1.88744            (0.0150581 0 0)            (-0.0111428 -0.00849856 -0.00551786)
      1.90464            (0.0150581 0 0)            (-0.0111429 -0.00849843 -0.00551787)
      1.92184            (0.0150581 0 0)            (-0.011143 -0.00849831 -0.0055179)
      1.93903            (0.0150581 0 0)            (-0.0111431 -0.00849819 -0.00551794)
      1.95623            (0.0150581 0 0)            (-0.0111431 -0.00849809 -0.00551798)
      1.97342            (0.0150581 0 0)            (-0.0111432 -0.00849799 -0.00551804)
      1.99062            (0.0150581 0 0)            (-0.0111432 -0.0084979 -0.00551809)
      2.00782            (0.0150581 0 0)            (-0.0111432 -0.00849783 -0.00551816)
      2.02501            (0.0150581 0 0)            (-0.0111433 -0.00849775 -0.00551822)
      2.04221            (0.0150581 0 0)            (-0.0111433 -0.00849769 -0.00551829)
      2.05941            (0.0150581 0 0)            (-0.0111433 -0.00849763 -0.00551836)
       2.0766            (0.0150581 0 0)            (-0.0111433 -0.00849757 -0.00551844)
       2.0938            (0.0150581 0 0)            (-0.0111433 -0.00849752 -0.00551851)
        2.111            (0.0150581 0 0)            (-0.0111433 -0.00849747 -0.00551858)
      2.12819            (0.0150581 0 0)            (-0.0111433 -0.00849743 -0.00551865)
      2.14539            (0.0150581 0 0)            (-0.0111433 -0.00849739 -0.00551872)
      2.16259            (0.0150581 0 0)            (-0.0111433 -0.00849735 -0.00551879)
      2.17978            (0.0150581 0 0)            (-0.0111433 -0.00849731 -0.00551885)
      2.19698            (0.0150581 0 0)            (-0.0111433 -0.00849728 -0.00551892)
      2.21418            (0.0150581 0 0)            (-0.0111433 -0.00849726 -0.00551899)
      2.23137            (0.0150581 0 0)            (-0.0111433 -0.00849724 -0.00551905)
      2.24857            (0.0150581 0 0)            (-0.0111433 -0.00849722 -0.00551911)
      2.26576            (0.0150581 0 0)            (-0.0111433 -0.0084972 -0.00551916)
      2.28296            (0.0150581 0 0)            (-0.0111433 -0.00849719 -0.00551922)
      2.30016            (0.0150581 0 0)            (-0.0111432 -0.00849717 -0.00551927)
      2.31735            (0.0150581 0 0)            (-0.0111432 -0.00849716 -0.00551932)
      2.33455            (0.0150581 0 0)            (-0.0111432 -0.00849715 -0.00551936)
      2.35175            (0.0150581 0 0)            (-0.0111432 -0.00849714 -0.00551941)
      2.36894            (0.0150581 0 0)            (-0.0111432 -0.00849714 -0.00551945)
      2.38614            (0.0150581 0 0)            (-0.0111432 -0.00849713 -0.00551949)
      2.40334            (0.0150581 0 0)            (-0.0111432 -0.00849713 -0.00551952)
      2.42053            (0.0150581 0 0)            (-0.0111431 -0.00849712 -0.00551956)
      2.43773            (0.0150581 0 0)            (-0.0111431 -0.00849712 -0.00551959)
      2.45493            (0.0150581 0 0)            (-0.0111431 -0.00849712 -0.00551962)
      2.47212            (0.0150581 0 0)            (-0.0111431 -0.00849712 -0.00551965)
      2.48932            (0.0150581 0 0)            (-0.0111431 -0.00849712 -0.00551968)
      2.50651            (0.0150581 0 0)            (-0.0111431 -0.00849712 -0.0055197)
      2.52371            (0.0150581 0 0)            (-0.0111431 -0.00849713 -0.00551973)
      2.54091            (0.0150581 0 0)            (-0.0111431 -0.00849713 -0.00551975)
       2.5581            (0.0150581 0 0)            (-0.011143 -0.00849713 -0.00551977)
       2.5753            (0.0150581 0 0)            (-0.011143 -0.00849713 -0.00551979)
       2.5925            (0.0150581 0 0)            (-0.011143 -0.00849714 -0.0055198)
      2.60969            (0.0150581 0 0)            (-0.011143 -0.00849714 -0.00551982)
      2.62689            (0.0150581 0 0)            (-0.011143 -0.00849714 -0.00551983)
      2.64409            (0.0150581 0 0)            (-0.011143 -0.00849715 -0.00551985)
      2.66128            (0.0150581 0 0)            (-0.011143 -0.00849715 -0.00551986)
      2.67848            (0.0150581 0 0)            (-0.011143 -0.00849715 -0.00551987)
      2.69568            (0.0150581 0 0)            (-0.011143 -0.00849715 -0.00551988)
      2.71287            (0.0150581 0 0)            (-0.011143 -0.00849716 -0.00551989)
      2.73007            (0.0150581 0 0)            (-0.011143 -0.00849716 -0.0055199)
      2.74726            (0.0150581 0 0)            (-0.011143 -0.00849716 -0.00551991)
      2.76446            (0.0150581 0 0)            (-0.0111429 -0.00849717 -0.00551991)
      2.78166            (0.0150581 0 0)            (-0.0111429 -0.00849717 -0.00551992)
      2.79885            (0.0150581 0 0)            (-0.0111429 -0.00849717 -0.00551993)
      2.81605            (0.0150581 0 0)            (-0.0111429 -0.00849718 -0.00551993)
      2.83325            (0.0150581 0 0)            (-0.0111429 -0.00849718 -0.00551994)
      2.85044            (0.0150581 0 0)            (-0.0111429 -0.00849718 -0.00551994)
      2.86764            (0.0150581 0 0)            (-0.0111429 -0.00849718 -0.00551995)
      2.88484            (0.0150581 0 0)            (-0.0111429 -0.00849718 -0.00551995)
      2.90203            (0.0150581 0 0)            (-0.0111429 -0.00849719 -0.00551995)
      2.91923            (0.0150581 0 0)            (-0.0111429 -0.00849719 -0.00551995)
      2.93643            (0.0150581 0 0)            (-0.0111429 -0.00849719 -0.00551996)
      2.95362            (0.0150581 0 0)            (-0.0111429 -0.00849719 -0.00551996)
      2.97082            (0.0150581 0 0)            (-0.0111429 -0.00849719 -0.00551996)
      2.98802            (0.0150581 0 0)            (-0.0111429 -0.00849719 -0.00551996)
      3.00521            (0.0150581 0 0)            (-0.0111429 -0.00849719 -0.00551996)
      3.02241            (0.0150581 0 0)            (-0.0111429 -0.00849719 -0.00551996)
       3.0396            (0.0150581 0 0)            (-0.0111429 -0.0084972 -0.00551996)
       3.0568            (0.0150581 0 0)            (-0.0111429 -0.0084972 -0.00551996)
        3.074            (0.0150581 0 0)            (-0.0111429 -0.0084972 -0.00551996)
      3.09119            (0.0150581 0 0)            (-0.0111429 -0.0084972 -0.00551996)
      3.10839            (0.0150581 0 0)            (-0.0111429 -0.0084972 -0.00551996)
      3.12559            (0.0150581 0 0)            (-0.0111429 -0.0084972 -0.00551996)
      3.14278            (0.0150581 0 0)            (-0.0111429 -0.0084972 -0.00551996)
      3.15998            (0.0150581 0 0)            (-0.0111429 -0.0084972 -0.00551996)
      3.17718            (0.0150581 0 0)            (-0.0111429 -0.0084972 -0.00551996)
      3.19437            (0.0150581 0 0)            (-0.0111429 -0.0084972 -0.00551996)
      3.21157            (0.0150581 0 0)            (-0.0111429 -0.0084972 -0.00551996)
      3.22877            (0.0150581 0 0)            (-0.0111429 -0.0084972 -0.00551996)
      3.24596            (0.0150581 0 0)            (-0.0111429 -0.0084972 -0.00551996)
      3.26316            (0.0150581 0 0)            (-0.0111429 -0.0084972 -0.00551996)
      3.28035            (0.0150581 0 0)            (-0.0111429 -0.0084972 -0.00551996)
      3.29755            (0.0150581 0 0)            (-0.0111429 -0.0084972 -0.00551996)
      3.31475            (0.0150581 0 0)            (-0.0111429 -0.0084972 -0.00551995)
      3.33194            (0.0150581 0 0)            (-0.0111429 -0.0084972 -0.00551995)
      3.34914            (0.0150581 0 0)            (-0.0111429 -0.00849721 -0.00551995)
      3.36634            (0.0150581 0 0)            (-0.0111429 -0.00849721 -0.00551995)
      3.38353            (0.0150581 0 0)            (-0.0111429 -0.00849721 -0.00551995)
      3.40073            (0.0150581 0 0)            (-0.0111429 -0.00849721 -0.00551995)
      3.41793            (0.0150581 0 0)            (-0.0111429 -0.00849721 -0.00551995)
      3.43512            (0.0150581 0 0)            (-0.0111429 -0.0084972 -0.00551994)
      3.45232            (0.0150581 0 0)            (-0.0111429 -0.0084972 -0.00551994)
      3.46952            (0.0150581 0 0)            (-0.0111429 -0.0084972 -0.00551994)
      3.48671            (0.0150581 0 0)            (-0.0111429 -0.0084972 -0.00551994)
      3.50391            (0.0150581 0 0)            (-0.0111429 -0.0084972 -0.00551994)
      3.52111            (0.0150581 0 0)            (-0.0111429 -0.0084972 -0.00551994)
       3.5383            (0.0150581 0 0)            (-0.0111429 -0.0084972 -0.00551994)
       3.5555            (0.0150581 0 0)            (-0.0111429 -0.0084972 -0.00551993)
      3.57269            (0.0150581 0 0)            (-0.0111429 -0.0084972 -0.00551993)
      3.58989            (0.0150581 0 0)            (-0.0111429 -0.0084972 -0.00551993)
      3.60709            (0.0150581 0 0)            (-0.0111429 -0.00849721 -0.00551993)
      3.62428            (0.0150581 0 0)            (-0.0111429 -0.0084972 -0.00551993)
      3.64148            (0.0150581 0 0)            (-0.0111429 -0.00849721 -0.00551993)
      3.65868            (0.0150581 0 0)            (-0.0111429 -0.00849721 -0.00551993)
      3.67587            (0.0150581 0 0)            (-0.0111429 -0.00849721 -0.00551993)
      3.69307            (0.0150581 0 0)            (-0.0111429 -0.0084972 -0.00551992)
      3.71027            (0.0150581 0 0)            (-0.0111429 -0.0084972 -0.00551992)
      3.72746            (0.0150581 0 0)            (-0.0111429 -0.0084972 -0.00551992)
      3.74466            (0.0150581 0 0)            (-0.0111429 -0.0084972 -0.00551992)
      3.76186            (0.0150581 0 0)            (-0.0111429 -0.0084972 -0.00551992)
      3.77905            (0.0150581 0 0)            (-0.0111429 -0.00849721 -0.00551992)
      3.79625            (0.0150581 0 0)            (-0.0111429 -0.0084972 -0.00551992)
      3.81344            (0.0150581 0 0)            (-0.0111429 -0.0084972 -0.00551992)
      3.83064            (0.0150581 0 0)            (-0.0111429 -0.0084972 -0.00551991)
      3.84784            (0.0150581 0 0)            (-0.0111429 -0.0084972 -0.00551991)
      3.86503            (0.0150581 0 0)            (-0.0111429 -0.0084972 -0.00551991)
      3.88223            (0.0150581 0 0)            (-0.0111429 -0.0084972 -0.00551991)
      3.89943            (0.0150581 0 0)            (-0.0111429 -0.00849721 -0.00551991)
      3.91662            (0.0150581 0 0)            (-0.0111429 -0.00849721 -0.00551992)
      3.93382            (0.0150581 0 0)            (-0.0111429 -0.00849721 -0.00551992)
      3.95102            (0.0150581 0 0)            (-0.0111429 -0.00849722 -0.00551992)
      3.96821            (0.0150581 0 0)            (-0.0111429 -0.00849722 -0.00551992)
      3.98541            (0.0150581 0 0)            (-0.0111429 -0.00849722 -0.00551992)
      4.00261            (0.0150581 0 0)            (-0.011143 -0.00849723 -0.00551993)
       4.0198            (0.0150581 0 0)            (-0.0111429 -0.00849721 -0.00551992)
        4.037            (0.0150581 0 0)            (-0.0111429 -0.00849719 -0.0055199)
       4.0542            (0.0150581 0 0)            (-0.0111429 -0.00849718 -0.00551989)
      4.07139            (0.0150581 0 0)            (-0.0111429 -0.00849717 -0.00551989)
      4.08859            (0.0150581 0 0)            (-0.0111429 -0.00849719 -0.0055199)
      4.10578            (0.0150581 0 0)            (-0.0111429 -0.00849721 -0.00551992)
      4.12298            (0.0150581 0 0)            (-0.011143 -0.00849724 -0.00551993)
      4.14018            (0.0150581 0 0)            (-0.011143 -0.00849726 -0.00551995)
      4.15737            (0.0150581 0 0)            (-0.011143 -0.00849728 -0.00551996)
      4.17457            (0.0150581 0 0)            (-0.0111431 -0.0084973 -0.00551997)
      4.19177            (0.0150581 0 0)            (-0.011143 -0.00849725 -0.00551994)
      4.20896            (0.0150581 0 0)            (-0.0111429 -0.00849718 -0.00551989)
      4.22616            (0.0150581 0 0)            (-0.0111429 -0.00849718 -0.00551989)
      4.24336            (0.0150581 0 0)            (-0.0111429 -0.00849721 -0.00551991)
      4.26055            (0.0150581 0 0)            (-0.011143 -0.00849723 -0.00551993)
      4.27775            (0.0150581 0 0)            (-0.011143 -0.00849724 -0.00551993)
      4.29495            (0.0150581 0 0)            (-0.0111429 -0.00849719 -0.0055199)
      4.31214            (0.0150581 0 0)            (-0.0111429 -0.00849717 -0.00551989)
      4.32934            (0.0150581 0 0)            (-0.0111429 -0.00849716 -0.00551988)
      4.34653            (0.0150581 0 0)            (-0.0111429 -0.00849715 -0.00551988)
      4.36373            (0.0150581 0 0)            (-0.0111429 -0.00849714 -0.00551987)
      4.38093            (0.0150581 0 0)            (-0.0111429 -0.00849718 -0.0055199)
      4.39812            (0.0150581 0 0)            (-0.011143 -0.00849723 -0.00551993)
      4.41532            (0.0150581 0 0)            (-0.011143 -0.00849727 -0.00551995)
      4.43252            (0.0150581 0 0)            (-0.0111431 -0.0084973 -0.00551998)
      4.44971            (0.0150581 0 0)            (-0.0111431 -0.00849734 -0.00552)
      4.46691            (0.0150581 0 0)            (-0.0111432 -0.00849737 -0.00552003)
      4.48411            (0.0150581 0 0)            (-0.0111429 -0.00849719 -0.00551991)
       4.5013            (0.0150581 0 0)            (-0.0111428 -0.00849705 -0.00551983)
       4.5185            (0.0150581 0 0)            (-0.0111426 -0.00849693 -0.00551975)
       4.5357            (0.0150581 0 0)            (-0.0111428 -0.00849712 -0.00551986)
      4.55289            (0.0150581 0 0)            (-0.011143 -0.00849725 -0.00551995)
      4.57009            (0.0150581 0 0)            (-0.0111431 -0.00849734 -0.00552001)
      4.58729            (0.0150581 0 0)            (-0.0111433 -0.00849743 -0.00552007)
      4.60448            (0.0150581 0 0)            (-0.0111428 -0.00849707 -0.0055198)
      4.62168            (0.0150581 0 0)            (-0.0111427 -0.00849696 -0.0055197)
      4.63887            (0.0150581 0 0)            (-0.0111429 -0.00849712 -0.00551981)
      4.65607            (0.0150581 0 0)            (-0.0111428 -0.00849709 -0.00551978)
      4.67327            (0.0150581 0 0)            (-0.011143 -0.00849722 -0.00551988)
      4.69046            (0.0150581 0 0)            (-0.0111432 -0.00849734 -0.00551996)
      4.70766            (0.0150581 0 0)            (-0.0111432 -0.00849739 -0.00552)
      4.72486            (0.0150581 0 0)            (-0.0111433 -0.00849744 -0.00552005)
      4.74205            (0.0150581 0 0)            (-0.0111434 -0.00849749 -0.00552009)
      4.75925            (0.0150581 0 0)            (-0.0111429 -0.00849715 -0.00551988)
      4.77645            (0.0150581 0 0)            (-0.0111426 -0.0084969 -0.00551972)
      4.79364            (0.0150581 0 0)            (-0.0111422 -0.00849665 -0.00551957)
      4.81084            (0.0150581 0 0)            (-0.0111427 -0.00849699 -0.00551977)
      4.82804            (0.0150581 0 0)            (-0.0111429 -0.00849717 -0.00551989)
      4.84523            (0.0150581 0 0)            (-0.0111432 -0.00849741 -0.00552006)
      4.86243            (0.0150581 0 0)            (-0.0111435 -0.00849764 -0.0055202)
      4.87962            (0.0150581 0 0)            (-0.011143 -0.00849725 -0.00551997)
      4.89682            (0.0150581 0 0)            (-0.0111426 -0.00849695 -0.00551978)
      4.91402            (0.0150581 0 0)            (-0.0111422 -0.00849666 -0.0055196)
      4.93121            (0.0150581 0 0)            (-0.0111429 -0.0084972 -0.00551993)
      4.94841            (0.0150581 0 0)            (-0.0111432 -0.00849736 -0.00552005)
      4.96561            (0.0150581 0 0)            (-0.0111431 -0.00849729 -0.00552001)
       4.9828            (0.0150581 0 0)            (-0.011143 -0.00849723 -0.00551997)
            5            (0.0150581 0 0)            (-0.0111429 -0.00849717 -0.00551993)
      5.01718            (0.0150581 0 0)            (-0.0111428 -0.00849711 -0.00551989)
      5.03436            (0.0150581 0 0)            (-0.0111429 -0.00849712 -0.0055199)
      5.05155            (0.0150581 0 0)            (-0.0111429 -0.00849717 -0.00551993)
      5.06873            (0.0150581 0 0)            (-0.011143 -0.00849723 -0.00551997)
      5.08591            (0.0150581 0 0)            (-0.0111431 -0.00849728 -0.00552)
      5.10309            (0.0150581 0 0)            (-0.0111429 -0.00849715 -0.00551992)
      5.12027            (0.0150581 0 0)            (-0.0111428 -0.00849711 -0.00551989)
      5.13746            (0.0150581 0 0)            (-0.0111429 -0.00849718 -0.00551994)
      5.15464            (0.0150581 0 0)            (-0.011143 -0.00849725 -0.00551999)
      5.17182            (0.0150581 0 0)            (-0.0111431 -0.00849733 -0.00552004)
        5.189            (0.0150581 0 0)            (-0.0111432 -0.0084974 -0.00552008)
      5.20619            (0.0150581 0 0)            (-0.0111433 -0.00849748 -0.00552013)
      5.22337            (0.0150581 0 0)            (-0.011143 -0.00849718 -0.00551995)
      5.24055            (0.0150581 0 0)            (-0.0111431 -0.00849727 -0.00552001)
      5.25773            (0.0150581 0 0)            (-0.011143 -0.00849719 -0.00551996)
      5.27491            (0.0150581 0 0)            (-0.0111429 -0.00849712 -0.00551991)
       5.2921            (0.0150581 0 0)            (-0.0111428 -0.00849706 -0.00551987)
      5.30928            (0.0150581 0 0)            (-0.0111429 -0.00849713 -0.00551991)
      5.32646            (0.0150581 0 0)            (-0.011143 -0.00849724 -0.00551998)
      5.34364            (0.0150581 0 0)            (-0.0111432 -0.00849734 -0.00552005)
      5.36082            (0.0150581 0 0)            (-0.011143 -0.00849718 -0.00551995)
      5.37801            (0.0150581 0 0)            (-0.0111428 -0.00849709 -0.00551989)
      5.39519            (0.0150581 0 0)            (-0.0111428 -0.00849703 -0.00551986)
      5.41237            (0.0150581 0 0)            (-0.0111427 -0.00849698 -0.00551982)
      5.42955            (0.0150581 0 0)            (-0.011143 -0.0084972 -0.00551996)
      5.44674            (0.0150581 0 0)            (-0.011143 -0.00849719 -0.00551997)
      5.46392            (0.0150581 0 0)            (-0.0111429 -0.00849711 -0.00551991)
       5.4811            (0.0150581 0 0)            (-0.0111428 -0.00849703 -0.00551986)
      5.49828            (0.0150581 0 0)            (-0.0111428 -0.00849709 -0.00551989)
      5.51546            (0.0150581 0 0)            (-0.011143 -0.0084972 -0.00551996)
      5.53265            (0.0150581 0 0)            (-0.0111431 -0.00849728 -0.00552001)
      5.54983            (0.0150581 0 0)            (-0.0111432 -0.00849736 -0.00552006)
      5.56701            (0.0150581 0 0)            (-0.0111431 -0.00849731 -0.00552004)
      5.58419            (0.0150581 0 0)            (-0.0111429 -0.00849716 -0.00551994)
      5.60137            (0.0150581 0 0)            (-0.0111427 -0.00849702 -0.00551985)
      5.61856            (0.0150581 0 0)            (-0.0111427 -0.00849697 -0.00551981)
      5.63574            (0.0150581 0 0)            (-0.0111428 -0.00849711 -0.0055199)
      5.65292            (0.0150581 0 0)            (-0.011143 -0.00849724 -0.00551998)
       5.6701            (0.0150581 0 0)            (-0.0111432 -0.00849738 -0.00552007)
      5.68729            (0.0150581 0 0)            (-0.0111434 -0.00849751 -0.00552015)
      5.70447            (0.0150581 0 0)            (-0.0111435 -0.00849763 -0.00552023)
      5.72165            (0.0150581 0 0)            (-0.0111431 -0.00849731 -0.00552003)
      5.73883            (0.0150581 0 0)            (-0.0111428 -0.00849705 -0.00551987)
      5.75601            (0.0150581 0 0)            (-0.0111425 -0.00849681 -0.00551971)
       5.7732            (0.0150581 0 0)            (-0.0111428 -0.00849707 -0.00551987)
      5.79038            (0.0150581 0 0)            (-0.0111432 -0.00849738 -0.00552007)
      5.80756            (0.0150581 0 0)            (-0.011143 -0.00849726 -0.00551999)
      5.82474            (0.0150581 0 0)            (-0.0111428 -0.00849705 -0.00551986)
      5.84192            (0.0150581 0 0)            (-0.0111428 -0.00849708 -0.00551987)
      5.85911            (0.0150581 0 0)            (-0.011143 -0.00849723 -0.00551996)
      5.87629            (0.0150581 0 0)            (-0.0111431 -0.00849731 -0.00552002)
      5.89347            (0.0150581 0 0)            (-0.0111429 -0.00849713 -0.00551991)
      5.91065            (0.0150581 0 0)            (-0.0111426 -0.00849695 -0.00551979)
      5.92784            (0.0150581 0 0)            (-0.0111428 -0.00849709 -0.00551987)
      5.94502            (0.0150581 0 0)            (-0.011143 -0.00849724 -0.00551997)
       5.9622            (0.0150581 0 0)            (-0.0111432 -0.00849736 -0.00552004)
      5.97938            (0.0150581 0 0)            (-0.0111433 -0.00849747 -0.00552012)
      5.99656            (0.0150581 0 0)            (-0.0111428 -0.00849708 -0.00551981)
      6.01375            (0.0150581 0 0)            (-0.0111432 -0.00849736 -0.00551999)
      6.03093            (0.0150581 0 0)            (-0.0111429 -0.00849716 -0.00551987)
      6.04811            (0.0150581 0 0)            (-0.0111429 -0.00849713 -0.00551987)
      6.06529            (0.0150581 0 0)            (-0.0111429 -0.00849713 -0.00551986)
      6.08247            (0.0150581 0 0)            (-0.0111428 -0.00849712 -0.00551986)
      6.09966            (0.0150581 0 0)            (-0.011143 -0.0084972 -0.00551992)
      6.11684            (0.0150581 0 0)            (-0.011143 -0.00849725 -0.00551996)
      6.13402            (0.0150581 0 0)            (-0.011143 -0.00849721 -0.00551993)
       6.1512            (0.0150581 0 0)            (-0.0111429 -0.00849715 -0.00551989)
      6.16838            (0.0150581 0 0)            (-0.0111429 -0.00849714 -0.00551989)
      6.18557            (0.0150581 0 0)            (-0.011143 -0.00849721 -0.00551994)
      6.20275            (0.0150581 0 0)            (-0.0111431 -0.00849729 -0.00551998)
      6.21993            (0.0150581 0 0)            (-0.0111432 -0.00849736 -0.00552003)
      6.23711            (0.0150581 0 0)            (-0.0111429 -0.00849717 -0.00551992)
       6.2543            (0.0150581 0 0)            (-0.0111428 -0.0084971 -0.00551987)
      6.27148            (0.0150581 0 0)            (-0.0111427 -0.00849702 -0.00551982)
      6.28866            (0.0150581 0 0)            (-0.011143 -0.00849721 -0.00551994)
      6.30584            (0.0150581 0 0)            (-0.0111429 -0.00849718 -0.00551993)
      6.32302            (0.0150581 0 0)            (-0.0111429 -0.00849717 -0.00551992)
      6.34021            (0.0150581 0 0)            (-0.0111429 -0.00849716 -0.00551991)
      6.35739            (0.0150581 0 0)            (-0.0111429 -0.00849715 -0.0055199)
      6.37457            (0.0150581 0 0)            (-0.0111429 -0.0084972 -0.00551993)
      6.39175            (0.0150581 0 0)            (-0.0111429 -0.00849719 -0.00551992)
      6.40893            (0.0150581 0 0)            (-0.0111429 -0.00849716 -0.0055199)
      6.42612            (0.0150581 0 0)            (-0.0111429 -0.00849713 -0.00551989)
       6.4433            (0.0150581 0 0)            (-0.0111429 -0.00849717 -0.00551991)
      6.46048            (0.0150581 0 0)            (-0.0111429 -0.00849717 -0.00551991)
      6.47766            (0.0150581 0 0)            (-0.0111429 -0.00849717 -0.0055199)
      6.49485            (0.0150581 0 0)            (-0.011143 -0.00849721 -0.00551993)
      6.51203            (0.0150581 0 0)            (-0.011143 -0.00849722 -0.00551994)
      6.52921            (0.0150581 0 0)            (-0.0111429 -0.00849716 -0.0055199)
      6.54639            (0.0150581 0 0)            (-0.0111428 -0.00849708 -0.00551985)
      6.56357            (0.0150581 0 0)            (-0.0111427 -0.00849701 -0.0055198)
      6.58076            (0.0150581 0 0)            (-0.011143 -0.00849723 -0.00551994)
      6.59794            (0.0150581 0 0)            (-0.0111429 -0.00849719 -0.00551992)
      6.61512            (0.0150581 0 0)            (-0.0111429 -0.00849716 -0.0055199)
       6.6323            (0.0150581 0 0)            (-0.0111428 -0.00849713 -0.00551988)
      6.64948            (0.0150581 0 0)            (-0.0111428 -0.00849711 -0.00551986)
      6.66667            (0.0150581 0 0)            (-0.0111429 -0.00849719 -0.00551992)
      6.68385            (0.0150581 0 0)            (-0.011143 -0.00849724 -0.00551995)
      6.70103            (0.0150581 0 0)            (-0.011143 -0.00849728 -0.00551998)
      6.71821            (0.0150581 0 0)            (-0.0111428 -0.00849713 -0.00551988)
       6.7354            (0.0150581 0 0)            (-0.0111427 -0.00849703 -0.00551982)
      6.75258            (0.0150581 0 0)            (-0.0111428 -0.00849709 -0.00551985)
      6.76976            (0.0150581 0 0)            (-0.011143 -0.00849724 -0.00551995)
      6.78694            (0.0150581 0 0)            (-0.0111432 -0.00849738 -0.00552004)
      6.80412            (0.0150581 0 0)            (-0.0111429 -0.0084972 -0.00551993)
      6.82131            (0.0150581 0 0)            (-0.0111427 -0.00849704 -0.00551983)
      6.83849            (0.0150581 0 0)            (-0.0111428 -0.00849707 -0.00551984)
      6.85567            (0.0150581 0 0)            (-0.011143 -0.00849723 -0.00551995)
      6.87285            (0.0150581 0 0)            (-0.0111431 -0.00849728 -0.00551998)
      6.89003            (0.0150581 0 0)            (-0.0111429 -0.00849717 -0.00551991)
      6.90722            (0.0150581 0 0)            (-0.0111428 -0.00849706 -0.00551985)
       6.9244            (0.0150581 0 0)            (-0.0111429 -0.0084972 -0.00551993)
      6.94158            (0.0150581 0 0)            (-0.011143 -0.00849724 -0.00551996)
      6.95876            (0.0150581 0 0)            (-0.0111431 -0.00849729 -0.00551999)
      6.97595            (0.0150581 0 0)            (-0.0111429 -0.00849716 -0.00551991)
      6.99313            (0.0150581 0 0)            (-0.0111428 -0.00849713 -0.00551989)
      7.01031            (0.0150581 0 0)            (-0.011143 -0.00849721 -0.00551994)
      7.02749            (0.0150581 0 0)            (-0.0111429 -0.00849716 -0.00551991)
      7.04467            (0.0150581 0 0)            (-0.0111429 -0.00849716 -0.00551991)
      7.06186            (0.0150581 0 0)            (-0.0111429 -0.00849717 -0.00551991)
      7.07904            (0.0150581 0 0)            (-0.0111429 -0.0084972 -0.00551993)
      7.09622            (0.0150581 0 0)            (-0.0111429 -0.00849716 -0.00551991)
       7.1134            (0.0150581 0 0)            (-0.0111428 -0.00849712 -0.00551988)
      7.13058            (0.0150581 0 0)            (-0.0111429 -0.00849714 -0.00551989)
      7.14777            (0.0150581 0 0)            (-0.011143 -0.00849721 -0.00551994)
      7.16495            (0.0150581 0 0)            (-0.0111431 -0.00849729 -0.00551998)
      7.18213            (0.0150581 0 0)            (-0.0111429 -0.00849719 -0.00551993)
      7.19931            (0.0150581 0 0)            (-0.0111428 -0.00849711 -0.00551987)
      7.21649            (0.0150581 0 0)            (-0.0111429 -0.00849716 -0.0055199)
      7.23368            (0.0150581 0 0)            (-0.011143 -0.00849724 -0.00551995)
      7.25086            (0.0150581 0 0)            (-0.0111431 -0.00849732 -0.00552)
      7.26804            (0.0150581 0 0)            (-0.0111429 -0.00849716 -0.0055199)
      7.28522            (0.0150581 0 0)            (-0.0111429 -0.00849718 -0.00551991)
      7.30241            (0.0150581 0 0)            (-0.011143 -0.0084972 -0.00551992)
      7.31959            (0.0150581 0 0)            (-0.011143 -0.00849722 -0.00551994)
      7.33677            (0.0150581 0 0)            (-0.011143 -0.00849724 -0.00551995)
      7.35395            (0.0150581 0 0)            (-0.0111429 -0.00849716 -0.0055199)
      7.37113            (0.0150581 0 0)            (-0.0111429 -0.00849715 -0.00551989)
      7.38832            (0.0150581 0 0)            (-0.011143 -0.00849721 -0.00551994)
       7.4055            (0.0150581 0 0)            (-0.011143 -0.00849722 -0.00551994)
      7.42268            (0.0150581 0 0)            (-0.011143 -0.00849722 -0.00551994)
      7.43986            (0.0150581 0 0)            (-0.0111429 -0.00849715 -0.0055199)
      7.45704            (0.0150581 0 0)            (-0.011143 -0.0084972 -0.00551993)
      7.47423            (0.0150581 0 0)            (-0.0111429 -0.00849717 -0.00551991)
      7.49141            (0.0150581 0 0)            (-0.0111429 -0.00849713 -0.00551989)
      7.50859            (0.0150581 0 0)            (-0.0111428 -0.0084971 -0.00551986)
      7.52577            (0.0150581 0 0)            (-0.0111429 -0.00849716 -0.00551991)
      7.54296            (0.0150581 0 0)            (-0.011143 -0.00849722 -0.00551995)
      7.56014            (0.0150581 0 0)            (-0.011143 -0.00849725 -0.00551996)
      7.57732            (0.0150581 0 0)            (-0.0111429 -0.00849717 -0.00551992)
       7.5945            (0.0150581 0 0)            (-0.0111429 -0.00849718 -0.00551992)
      7.61168            (0.0150581 0 0)            (-0.011143 -0.00849721 -0.00551994)
      7.62887            (0.0150581 0 0)            (-0.0111429 -0.00849719 -0.00551993)
      7.64605            (0.0150581 0 0)            (-0.0111429 -0.00849716 -0.00551991)
      7.66323            (0.0150581 0 0)            (-0.0111429 -0.00849714 -0.0055199)
      7.68041            (0.0150581 0 0)            (-0.0111428 -0.00849711 -0.00551988)
      7.69759            (0.0150581 0 0)            (-0.0111428 -0.00849709 -0.00551987)
      7.71478            (0.0150581 0 0)            (-0.0111428 -0.00849708 -0.00551986)
      7.73196            (0.0150581 0 0)            (-0.0111429 -0.00849718 -0.00551992)
      7.74914            (0.0150581 0 0)            (-0.0111429 -0.0084972 -0.00551993)
      7.76632            (0.0150581 0 0)            (-0.0111429 -0.00849715 -0.0055199)
      7.78351            (0.0150581 0 0)            (-0.0111429 -0.0084972 -0.00551993)
      7.80069            (0.0150581 0 0)            (-0.011143 -0.00849726 -0.00551997)
      7.81787            (0.0150581 0 0)            (-0.0111429 -0.00849718 -0.00551992)
      7.83505            (0.0150581 0 0)            (-0.0111428 -0.0084971 -0.00551987)
      7.85223            (0.0150581 0 0)            (-0.0111427 -0.00849702 -0.00551982)
      7.86942            (0.0150581 0 0)            (-0.0111426 -0.00849695 -0.00551977)
       7.8866            (0.0150581 0 0)            (-0.011143 -0.00849724 -0.00551996)
      7.90378            (0.0150581 0 0)            (-0.0111429 -0.00849717 -0.00551992)
      7.92096            (0.0150581 0 0)            (-0.0111429 -0.00849716 -0.00551992)
      7.93814            (0.0150581 0 0)            (-0.011143 -0.0084972 -0.00551994)
      7.95533            (0.0150581 0 0)            (-0.0111429 -0.00849716 -0.00551991)
      7.97251            (0.0150581 0 0)            (-0.0111429 -0.00849712 -0.00551989)
      7.98969            (0.0150581 0 0)            (-0.0111428 -0.0084971 -0.00551987)
      8.00687            (0.0150581 0 0)            (-0.0111429 -0.00849715 -0.0055199)
      8.02405            (0.0150581 0 0)            (-0.0111429 -0.00849719 -0.00551993)
      8.04124            (0.0150581 0 0)            (-0.011143 -0.0084972 -0.00551993)
      8.05842            (0.0150581 0 0)            (-0.0111429 -0.00849714 -0.0055199)
       8.0756            (0.0150581 0 0)            (-0.0111429 -0.00849715 -0.0055199)
      8.09278            (0.0150581 0 0)            (-0.011143 -0.00849724 -0.00551995)
      8.10997            (0.0150581 0 0)            (-0.0111431 -0.00849732 -0.00552001)
      8.12715            (0.0150581 0 0)            (-0.0111429 -0.00849718 -0.00551992)
      8.14433            (0.0150581 0 0)            (-0.0111427 -0.00849703 -0.00551983)
      8.16151            (0.0150581 0 0)            (-0.011143 -0.0084972 -0.00551993)
      8.17869            (0.0150581 0 0)            (-0.011143 -0.00849724 -0.00551996)
      8.19588            (0.0150581 0 0)            (-0.0111429 -0.00849719 -0.00551993)
      8.21306            (0.0150581 0 0)            (-0.0111429 -0.00849715 -0.0055199)
      8.23024            (0.0150581 0 0)            (-0.0111429 -0.00849716 -0.00551991)
      8.24742            (0.0150581 0 0)            (-0.0111429 -0.00849717 -0.00551992)
       8.2646            (0.0150581 0 0)            (-0.011143 -0.0084972 -0.00551994)
      8.28179            (0.0150581 0 0)            (-0.0111429 -0.00849719 -0.00551993)
      8.29897            (0.0150581 0 0)            (-0.0111429 -0.00849718 -0.00551992)
      8.31615            (0.0150581 0 0)            (-0.0111429 -0.00849718 -0.00551992)
      8.33333            (0.0150581 0 0)            (-0.011143 -0.0084972 -0.00551993)
      8.35052            (0.0150581 0 0)            (-0.0111429 -0.00849717 -0.00551992)
       8.3677            (0.0150581 0 0)            (-0.0111429 -0.00849714 -0.0055199)
      8.38488            (0.0150581 0 0)            (-0.0111429 -0.00849719 -0.00551993)
      8.40206            (0.0150581 0 0)            (-0.0111429 -0.00849719 -0.00551993)
      8.41924            (0.0150581 0 0)            (-0.0111429 -0.00849716 -0.00551991)
      8.43643            (0.0150581 0 0)            (-0.0111429 -0.00849713 -0.00551989)
      8.45361            (0.0150581 0 0)            (-0.0111428 -0.00849711 -0.00551988)
      8.47079            (0.0150581 0 0)            (-0.0111428 -0.00849709 -0.00551986)
      8.48797            (0.0150581 0 0)            (-0.011143 -0.00849721 -0.00551994)
      8.50515            (0.0150581 0 0)            (-0.0111429 -0.00849719 -0.00551993)
      8.52234            (0.0150581 0 0)            (-0.0111429 -0.00849716 -0.0055199)
      8.53952            (0.0150581 0 0)            (-0.0111429 -0.00849712 -0.00551988)
       8.5567            (0.0150581 0 0)            (-0.0111429 -0.00849718 -0.00551992)
      8.57388            (0.0150581 0 0)            (-0.0111429 -0.00849717 -0.00551991)
      8.59107            (0.0150581 0 0)            (-0.0111429 -0.00849715 -0.0055199)
      8.60825            (0.0150581 0 0)            (-0.0111429 -0.00849715 -0.0055199)
      8.62543            (0.0150581 0 0)            (-0.0111429 -0.0084972 -0.00551993)
      8.64261            (0.0150581 0 0)            (-0.011143 -0.00849721 -0.00551994)
      8.65979            (0.0150581 0 0)            (-0.0111429 -0.00849715 -0.0055199)
      8.67698            (0.0150581 0 0)            (-0.0111428 -0.00849713 -0.00551988)
      8.69416            (0.0150581 0 0)            (-0.011143 -0.00849721 -0.00551994)
      8.71134            (0.0150581 0 0)            (-0.0111431 -0.00849731 -0.00551999)
      8.72852            (0.0150581 0 0)            (-0.011143 -0.0084972 -0.00551993)
       8.7457            (0.0150581 0 0)            (-0.0111428 -0.00849708 -0.00551985)
      8.76289            (0.0150581 0 0)            (-0.0111429 -0.00849713 -0.00551989)
      8.78007            (0.0150581 0 0)            (-0.011143 -0.00849727 -0.00551997)
      8.79725            (0.0150581 0 0)            (-0.011143 -0.00849723 -0.00551995)
      8.81443            (0.0150581 0 0)            (-0.0111428 -0.00849712 -0.00551988)
      8.83162            (0.0150581 0 0)            (-0.0111427 -0.00849701 -0.00551981)
       8.8488            (0.0150581 0 0)            (-0.0111429 -0.00849718 -0.00551991)
      8.86598            (0.0150581 0 0)            (-0.011143 -0.00849723 -0.00551996)
      8.88316            (0.0150581 0 0)            (-0.0111429 -0.00849717 -0.00551991)
      8.90034            (0.0150581 0 0)            (-0.0111428 -0.00849711 -0.00551987)
      8.91753            (0.0150581 0 0)            (-0.0111428 -0.00849705 -0.00551983)
      8.93471            (0.0150581 0 0)            (-0.0111429 -0.00849719 -0.00551992)
      8.95189            (0.0150581 0 0)            (-0.0111431 -0.0084973 -0.00551999)
      8.96907            (0.0150581 0 0)            (-0.011143 -0.00849725 -0.00551996)
      8.98625            (0.0150581 0 0)            (-0.0111429 -0.00849715 -0.0055199)
      9.00344            (0.0150581 0 0)            (-0.0111429 -0.00849715 -0.0055199)
      9.02062            (0.0150581 0 0)            (-0.011143 -0.00849722 -0.00551994)
       9.0378            (0.0150581 0 0)            (-0.0111431 -0.00849729 -0.00551999)
      9.05498            (0.0150581 0 0)            (-0.0111432 -0.00849736 -0.00552003)
      9.07216            (0.0150581 0 0)            (-0.0111428 -0.00849712 -0.00551988)
      9.08935            (0.0150581 0 0)            (-0.0111429 -0.00849715 -0.00551989)
      9.10653            (0.0150581 0 0)            (-0.011143 -0.00849721 -0.00551993)
      9.12371            (0.0150581 0 0)            (-0.0111431 -0.00849727 -0.00551997)
      9.14089            (0.0150581 0 0)            (-0.0111429 -0.00849717 -0.00551991)
      9.15808            (0.0150581 0 0)            (-0.0111429 -0.00849714 -0.00551989)
      9.17526            (0.0150581 0 0)            (-0.0111428 -0.00849711 -0.00551987)
      9.19244            (0.0150581 0 0)            (-0.011143 -0.00849722 -0.00551994)
      9.20962            (0.0150581 0 0)            (-0.0111431 -0.00849728 -0.00551997)
       9.2268            (0.0150581 0 0)            (-0.0111429 -0.00849718 -0.00551991)
      9.24399            (0.0150581 0 0)            (-0.0111428 -0.00849708 -0.00551985)
      9.26117            (0.0150581 0 0)            (-0.011143 -0.0084972 -0.00551993)
      9.27835            (0.0150581 0 0)            (-0.0111429 -0.00849716 -0.0055199)
      9.29553            (0.0150581 0 0)            (-0.0111428 -0.0084971 -0.00551986)
      9.31271            (0.0150581 0 0)            (-0.0111428 -0.00849704 -0.00551983)
       9.3299            (0.0150581 0 0)            (-0.0111429 -0.00849718 -0.00551991)
      9.34708            (0.0150581 0 0)            (-0.011143 -0.00849721 -0.00551993)
      9.36426            (0.0150581 0 0)            (-0.011143 -0.00849724 -0.00551995)
      9.38144            (0.0150581 0 0)            (-0.0111429 -0.00849719 -0.00551992)
      9.39863            (0.0150581 0 0)            (-0.0111429 -0.00849716 -0.0055199)
      9.41581            (0.0150581 0 0)            (-0.0111429 -0.00849715 -0.0055199)
      9.43299            (0.0150581 0 0)            (-0.0111429 -0.00849715 -0.00551989)
      9.45017            (0.0150581 0 0)            (-0.0111429 -0.00849714 -0.00551989)
      9.46735            (0.0150581 0 0)            (-0.011143 -0.00849722 -0.00551994)
      9.48454            (0.0150581 0 0)            (-0.0111429 -0.00849717 -0.00551991)
      9.50172            (0.0150581 0 0)            (-0.0111429 -0.00849713 -0.00551989)
       9.5189            (0.0150581 0 0)            (-0.0111429 -0.00849715 -0.0055199)
      9.53608            (0.0150581 0 0)            (-0.0111429 -0.00849716 -0.00551991)
      9.55326            (0.0150581 0 0)            (-0.0111429 -0.00849717 -0.00551991)
      9.57045            (0.0150581 0 0)            (-0.0111429 -0.00849718 -0.00551992)
      9.58763            (0.0150581 0 0)            (-0.011143 -0.00849722 -0.00551995)
      9.60481            (0.0150581 0 0)            (-0.011143 -0.00849722 -0.00551995)
      9.62199            (0.0150581 0 0)            (-0.011143 -0.00849722 -0.00551994)
      9.63918            (0.0150581 0 0)            (-0.011143 -0.00849721 -0.00551994)
      9.65636            (0.0150581 0 0)            (-0.0111429 -0.00849714 -0.0055199)
      9.67354            (0.0150581 0 0)            (-0.0111429 -0.00849716 -0.00551991)
      9.69072            (0.0150581 0 0)            (-0.011143 -0.00849721 -0.00551994)
       9.7079            (0.0150581 0 0)            (-0.0111429 -0.00849719 -0.00551993)
      9.72509            (0.0150581 0 0)            (-0.0111429 -0.00849714 -0.0055199)
      9.74227            (0.0150581 0 0)            (-0.0111429 -0.00849714 -0.0055199)
      9.75945            (0.0150581 0 0)            (-0.011143 -0.00849721 -0.00551994)
      9.77663            (0.0150581 0 0)            (-0.0111429 -0.00849718 -0.00551992)
      9.79381            (0.0150581 0 0)            (-0.0111429 -0.00849715 -0.0055199)
        9.811            (0.0150581 0 0)            (-0.0111429 -0.00849714 -0.00551989)
      9.82818            (0.0150581 0 0)            (-0.0111429 -0.00849718 -0.00551992)
      9.84536            (0.0150581 0 0)            (-0.011143 -0.00849722 -0.00551994)
      9.86254            (0.0150581 0 0)            (-0.0111429 -0.00849718 -0.00551992)
      9.87973            (0.0150581 0 0)            (-0.0111429 -0.00849714 -0.00551989)
      9.89691            (0.0150581 0 0)            (-0.0111429 -0.00849716 -0.0055199)
      9.91409            (0.0150581 0 0)            (-0.011143 -0.00849722 -0.00551994)
      9.93127            (0.0150581 0 0)            (-0.011143 -0.00849722 -0.00551994)
      9.94845            (0.0150581 0 0)            (-0.0111429 -0.00849716 -0.0055199)
      9.96564            (0.0150581 0 0)            (-0.0111428 -0.00849712 -0.00551988)
      9.98282            (0.0150581 0 0)            (-0.0111428 -0.00849709 -0.00551985)
           10            (0.0150581 0 0)            (-0.011143 -0.00849722 -0.00551994)
      10.0172            (0.0150581 0 0)            (-0.0111429 -0.00849717 -0.00551991)
      10.0344            (0.0150581 0 0)            (-0.0111428 -0.00849712 -0.00551988)
      10.0515            (0.0150581 0 0)            (-0.011143 -0.0084972 -0.00551993)
      10.0687            (0.0150581 0 0)            (-0.0111429 -0.00849717 -0.00551991)
      10.0859            (0.0150581 0 0)            (-0.0111429 -0.00849717 -0.00551991)
      10.1031            (0.0150581 0 0)            (-0.0111429 -0.00849717 -0.00551991)
      10.1203            (0.0150581 0 0)            (-0.0111429 -0.00849717 -0.00551991)
      10.1375            (0.0150581 0 0)            (-0.0111429 -0.00849717 -0.00551991)
      10.1546            (0.0150581 0 0)            (-0.0111429 -0.00849717 -0.00551991)
      10.1718            (0.0150581 0 0)            (-0.0111429 -0.00849717 -0.00551991)
       10.189            (0.0150581 0 0)            (-0.0111429 -0.00849718 -0.00551992)
      10.2062            (0.0150581 0 0)            (-0.0111429 -0.00849718 -0.00551992)
      10.2234            (0.0150581 0 0)            (-0.0111429 -0.00849718 -0.00551992)
      10.2405            (0.0150581 0 0)            (-0.0111429 -0.00849719 -0.00551993)
      10.2577            (0.0150581 0 0)            (-0.0111429 -0.0084972 -0.00551993)
      10.2749            (0.0150581 0 0)            (-0.0111429 -0.0084972 -0.00551993)
      10.2921            (0.0150581 0 0)            (-0.0111429 -0.00849715 -0.0055199)
      10.3093            (0.0150581 0 0)            (-0.0111428 -0.0084971 -0.00551988)
      10.3265            (0.0150581 0 0)            (-0.0111428 -0.00849706 -0.00551985)
      10.3436            (0.0150581 0 0)            (-0.0111429 -0.00849719 -0.00551993)
      10.3608            (0.0150581 0 0)            (-0.011143 -0.00849724 -0.00551996)
       10.378            (0.0150581 0 0)            (-0.0111431 -0.00849729 -0.00551999)
      10.3952            (0.0150581 0 0)            (-0.0111429 -0.00849717 -0.00551992)
      10.4124            (0.0150581 0 0)            (-0.0111429 -0.00849717 -0.00551992)
      10.4296            (0.0150581 0 0)            (-0.0111429 -0.00849719 -0.00551993)
      10.4467            (0.0150581 0 0)            (-0.0111429 -0.00849718 -0.00551993)
      10.4639            (0.0150581 0 0)            (-0.0111429 -0.00849718 -0.00551993)
      10.4811            (0.0150581 0 0)            (-0.0111429 -0.00849717 -0.00551992)
      10.4983            (0.0150581 0 0)            (-0.0111429 -0.00849715 -0.0055199)
      10.5155            (0.0150581 0 0)            (-0.0111429 -0.00849714 -0.00551989)
      10.5326            (0.0150581 0 0)            (-0.0111429 -0.00849716 -0.0055199)
      10.5498            (0.0150581 0 0)            (-0.0111429 -0.00849717 -0.00551991)
       10.567            (0.0150581 0 0)            (-0.011143 -0.00849722 -0.00551994)
      10.5842            (0.0150581 0 0)            (-0.0111429 -0.00849717 -0.00551991)
      10.6014            (0.0150581 0 0)            (-0.0111429 -0.00849712 -0.00551988)
      10.6186            (0.0150581 0 0)            (-0.0111429 -0.00849713 -0.00551989)
      10.6357            (0.0150581 0 0)            (-0.011143 -0.00849719 -0.00551993)
      10.6529            (0.0150581 0 0)            (-0.011143 -0.00849726 -0.00551997)
      10.6701            (0.0150581 0 0)            (-0.0111431 -0.00849732 -0.00552001)
      10.6873            (0.0150581 0 0)            (-0.011143 -0.00849722 -0.00551995)
      10.7045            (0.0150581 0 0)            (-0.0111428 -0.00849709 -0.00551986)
      10.7216            (0.0150581 0 0)            (-0.0111429 -0.00849714 -0.00551989)
      10.7388            (0.0150581 0 0)            (-0.011143 -0.00849722 -0.00551994)
       10.756            (0.0150581 0 0)            (-0.0111431 -0.00849729 -0.00551999)
      10.7732            (0.0150581 0 0)            (-0.0111429 -0.00849716 -0.00551991)
      10.7904            (0.0150581 0 0)            (-0.0111428 -0.0084971 -0.00551987)
      10.8076            (0.0150581 0 0)            (-0.0111427 -0.00849703 -0.00551982)
      10.8247            (0.0150581 0 0)            (-0.011143 -0.00849723 -0.00551994)
      10.8419            (0.0150581 0 0)            (-0.0111429 -0.00849719 -0.00551993)
      10.8591            (0.0150581 0 0)            (-0.0111429 -0.00849718 -0.00551992)
      10.8763            (0.0150581 0 0)            (-0.0111429 -0.00849718 -0.00551992)
      10.8935            (0.0150581 0 0)            (-0.0111429 -0.00849717 -0.00551991)
      10.9107            (0.0150581 0 0)            (-0.0111429 -0.00849717 -0.00551991)
      10.9278            (0.0150581 0 0)            (-0.0111429 -0.0084972 -0.00551992)
       10.945            (0.0150581 0 0)            (-0.0111429 -0.00849717 -0.00551991)
      10.9622            (0.0150581 0 0)            (-0.0111429 -0.00849715 -0.00551989)
      10.9794            (0.0150581 0 0)            (-0.0111429 -0.00849719 -0.00551991)
      10.9966            (0.0150581 0 0)            (-0.0111429 -0.0084972 -0.00551993)
      11.0137            (0.0150581 0 0)            (-0.0111429 -0.00849715 -0.00551989)
      11.0309            (0.0150581 0 0)            (-0.0111428 -0.0084971 -0.00551986)
      11.0481            (0.0150581 0 0)            (-0.0111427 -0.00849705 -0.00551982)
      11.0653            (0.0150581 0 0)            (-0.0111428 -0.00849707 -0.00551984)
      11.0825            (0.0150581 0 0)            (-0.011143 -0.00849724 -0.00551995)
      11.0997            (0.0150581 0 0)            (-0.011143 -0.00849725 -0.00551995)
      11.1168            (0.0150581 0 0)            (-0.011143 -0.00849723 -0.00551994)
       11.134            (0.0150581 0 0)            (-0.011143 -0.00849721 -0.00551993)
      11.1512            (0.0150581 0 0)            (-0.0111429 -0.0084972 -0.00551992)
      11.1684            (0.0150581 0 0)            (-0.0111429 -0.00849718 -0.00551991)
      11.1856            (0.0150581 0 0)            (-0.0111429 -0.00849716 -0.0055199)
      11.2027            (0.0150581 0 0)            (-0.0111429 -0.00849715 -0.00551989)
      11.2199            (0.0150581 0 0)            (-0.0111428 -0.00849713 -0.00551988)
      11.2371            (0.0150581 0 0)            (-0.0111428 -0.00849712 -0.00551987)
      11.2543            (0.0150581 0 0)            (-0.011143 -0.00849721 -0.00551993)
      11.2715            (0.0150581 0 0)            (-0.011143 -0.00849727 -0.00551997)
      11.2887            (0.0150581 0 0)            (-0.0111431 -0.00849731 -0.00552)
      11.3058            (0.0150581 0 0)            (-0.0111429 -0.0084972 -0.00551993)
       11.323            (0.0150581 0 0)            (-0.0111428 -0.00849709 -0.00551986)
      11.3402            (0.0150581 0 0)            (-0.0111427 -0.00849699 -0.0055198)
      11.3574            (0.0150581 0 0)            (-0.0111429 -0.00849723 -0.00551994)
      11.3746            (0.0150581 0 0)            (-0.011143 -0.00849727 -0.00551997)
      11.3918            (0.0150581 0 0)            (-0.011143 -0.0084973 -0.00551999)
      11.4089            (0.0150581 0 0)            (-0.0111431 -0.00849733 -0.00552001)
      11.4261            (0.0150581 0 0)            (-0.0111431 -0.00849736 -0.00552003)
      11.4433            (0.0150581 0 0)            (-0.0111429 -0.00849719 -0.00551992)
      11.4605            (0.0150581 0 0)            (-0.0111428 -0.00849709 -0.00551985)
      11.4777            (0.0150581 0 0)            (-0.0111428 -0.00849711 -0.00551987)
      11.4948            (0.0150581 0 0)            (-0.0111429 -0.00849714 -0.00551989)
       11.512            (0.0150581 0 0)            (-0.0111429 -0.00849716 -0.0055199)
      11.5292            (0.0150581 0 0)            (-0.011143 -0.00849721 -0.00551993)
      11.5464            (0.0150581 0 0)            (-0.011143 -0.00849728 -0.00551997)
      11.5636            (0.0150581 0 0)            (-0.0111431 -0.00849734 -0.00552002)
      11.5808            (0.0150581 0 0)            (-0.0111432 -0.0084974 -0.00552005)
      11.5979            (0.0150581 0 0)            (-0.0111431 -0.00849728 -0.00551998)
      11.6151            (0.0150581 0 0)            (-0.0111429 -0.00849716 -0.00551991)
      11.6323            (0.0150581 0 0)            (-0.0111428 -0.00849705 -0.00551984)
      11.6495            (0.0150581 0 0)            (-0.0111429 -0.00849716 -0.00551991)
      11.6667            (0.0150581 0 0)            (-0.011143 -0.00849722 -0.00551994)
      11.6838            (0.0150581 0 0)            (-0.0111431 -0.00849727 -0.00551997)
       11.701            (0.0150581 0 0)            (-0.0111429 -0.00849718 -0.00551992)
      11.7182            (0.0150581 0 0)            (-0.0111429 -0.00849716 -0.00551991)
      11.7354            (0.0150581 0 0)            (-0.0111429 -0.00849718 -0.00551992)
      11.7526            (0.0150581 0 0)            (-0.0111429 -0.00849712 -0.00551988)
      11.7698            (0.0150581 0 0)            (-0.0111429 -0.00849714 -0.00551989)
      11.7869            (0.0150581 0 0)            (-0.0111429 -0.00849716 -0.00551991)
      11.8041            (0.0150581 0 0)            (-0.011143 -0.0084972 -0.00551993)
      11.8213            (0.0150581 0 0)            (-0.0111429 -0.00849715 -0.0055199)
      11.8385            (0.0150581 0 0)            (-0.0111428 -0.00849711 -0.00551988)
      11.8557            (0.0150581 0 0)            (-0.0111429 -0.00849714 -0.0055199)
      11.8729            (0.0150581 0 0)            (-0.011143 -0.00849723 -0.00551995)
        11.89            (0.0150581 0 0)            (-0.011143 -0.0084972 -0.00551993)
      11.9072            (0.0150581 0 0)            (-0.0111429 -0.00849714 -0.0055199)
      11.9244            (0.0150581 0 0)            (-0.0111429 -0.00849717 -0.00551991)
      11.9416            (0.0150581 0 0)            (-0.011143 -0.00849721 -0.00551994)
      11.9588            (0.0150581 0 0)            (-0.011143 -0.00849725 -0.00551996)
      11.9759            (0.0150581 0 0)            (-0.0111431 -0.00849728 -0.00551998)
      11.9931            (0.0150581 0 0)            (-0.0111431 -0.00849731 -0.00552)
      12.0103            (0.0150581 0 0)            (-0.011143 -0.00849721 -0.00551994)
      12.0275            (0.0150581 0 0)            (-0.0111429 -0.00849715 -0.0055199)
      12.0447            (0.0150581 0 0)            (-0.0111429 -0.00849718 -0.00551992)
      12.0619            (0.0150581 0 0)            (-0.0111429 -0.00849718 -0.00551992)
       12.079            (0.0150581 0 0)            (-0.0111429 -0.00849718 -0.00551992)
      12.0962            (0.0150581 0 0)            (-0.0111429 -0.00849718 -0.00551992)
      12.1134            (0.0150581 0 0)            (-0.0111429 -0.00849719 -0.00551992)
      12.1306            (0.0150581 0 0)            (-0.0111429 -0.00849719 -0.00551993)
      12.1478            (0.0150581 0 0)            (-0.011143 -0.00849721 -0.00551993)
      12.1649            (0.0150581 0 0)            (-0.011143 -0.00849724 -0.00551996)
      12.1821            (0.0150581 0 0)            (-0.0111429 -0.00849717 -0.00551991)
      12.1993            (0.0150581 0 0)            (-0.0111429 -0.00849716 -0.00551991)
      12.2165            (0.0150581 0 0)            (-0.0111429 -0.00849716 -0.0055199)
      12.2337            (0.0150581 0 0)            (-0.0111429 -0.00849715 -0.0055199)
      12.2509            (0.0150581 0 0)            (-0.0111429 -0.00849716 -0.00551991)
       12.268            (0.0150581 0 0)            (-0.0111429 -0.0084972 -0.00551993)
      12.2852            (0.0150581 0 0)            (-0.011143 -0.00849723 -0.00551995)
      12.3024            (0.0150581 0 0)            (-0.011143 -0.00849721 -0.00551993)
      12.3196            (0.0150581 0 0)            (-0.0111429 -0.00849715 -0.0055199)
      12.3368            (0.0150581 0 0)            (-0.0111429 -0.00849717 -0.00551991)
       12.354            (0.0150581 0 0)            (-0.011143 -0.00849721 -0.00551993)
      12.3711            (0.0150581 0 0)            (-0.0111429 -0.0084972 -0.00551993)
      12.3883            (0.0150581 0 0)            (-0.0111429 -0.00849718 -0.00551992)
      12.4055            (0.0150581 0 0)            (-0.0111429 -0.00849714 -0.00551989)
      12.4227            (0.0150581 0 0)            (-0.011143 -0.0084972 -0.00551993)
      12.4399            (0.0150581 0 0)            (-0.011143 -0.00849726 -0.00551997)
       12.457            (0.0150581 0 0)            (-0.0111429 -0.00849718 -0.00551992)
      12.4742            (0.0150581 0 0)            (-0.0111428 -0.00849711 -0.00551987)
      12.4914            (0.0150581 0 0)            (-0.0111429 -0.00849718 -0.00551992)
      12.5086            (0.0150581 0 0)            (-0.011143 -0.00849721 -0.00551994)
      12.5258            (0.0150581 0 0)            (-0.0111429 -0.00849716 -0.00551991)
       12.543            (0.0150581 0 0)            (-0.0111428 -0.00849712 -0.00551988)
      12.5601            (0.0150581 0 0)            (-0.0111429 -0.00849718 -0.00551992)
      12.5773            (0.0150581 0 0)            (-0.011143 -0.00849722 -0.00551995)
      12.5945            (0.0150581 0 0)            (-0.011143 -0.00849726 -0.00551997)
      12.6117            (0.0150581 0 0)            (-0.0111429 -0.00849716 -0.00551991)
      12.6289            (0.0150581 0 0)            (-0.0111428 -0.00849712 -0.00551988)
       12.646            (0.0150581 0 0)            (-0.011143 -0.0084972 -0.00551993)
      12.6632            (0.0150581 0 0)            (-0.011143 -0.00849721 -0.00551994)
      12.6804            (0.0150581 0 0)            (-0.0111429 -0.00849717 -0.00551991)
      12.6976            (0.0150581 0 0)            (-0.0111429 -0.00849717 -0.00551991)
      12.7148            (0.0150581 0 0)            (-0.0111429 -0.00849717 -0.00551991)
       12.732            (0.0150581 0 0)            (-0.011143 -0.0084972 -0.00551993)
      12.7491            (0.0150581 0 0)            (-0.0111429 -0.00849717 -0.00551991)
      12.7663            (0.0150581 0 0)            (-0.0111429 -0.00849716 -0.0055199)
      12.7835            (0.0150581 0 0)            (-0.011143 -0.00849721 -0.00551994)
      12.8007            (0.0150581 0 0)            (-0.0111429 -0.0084972 -0.00551993)
      12.8179            (0.0150581 0 0)            (-0.0111429 -0.00849718 -0.00551992)
      12.8351            (0.0150581 0 0)            (-0.0111429 -0.00849715 -0.0055199)
      12.8522            (0.0150581 0 0)            (-0.0111429 -0.00849718 -0.00551992)
      12.8694            (0.0150581 0 0)            (-0.011143 -0.00849721 -0.00551994)
      12.8866            (0.0150581 0 0)            (-0.0111429 -0.00849719 -0.00551993)
      12.9038            (0.0150581 0 0)            (-0.0111429 -0.00849715 -0.0055199)
       12.921            (0.0150581 0 0)            (-0.0111428 -0.00849712 -0.00551988)
      12.9381            (0.0150581 0 0)            (-0.0111428 -0.00849709 -0.00551986)
      12.9553            (0.0150581 0 0)            (-0.011143 -0.0084972 -0.00551993)
      12.9725            (0.0150581 0 0)            (-0.011143 -0.00849723 -0.00551995)
      12.9897            (0.0150581 0 0)            (-0.011143 -0.00849721 -0.00551993)
      13.0069            (0.0150581 0 0)            (-0.0111429 -0.00849717 -0.00551991)
      13.0241            (0.0150581 0 0)            (-0.0111429 -0.00849715 -0.0055199)
      13.0412            (0.0150581 0 0)            (-0.011143 -0.00849725 -0.00551996)
      13.0584            (0.0150581 0 0)            (-0.0111429 -0.00849718 -0.00551993)
      13.0756            (0.0150581 0 0)            (-0.0111429 -0.00849717 -0.00551992)
      13.0928            (0.0150581 0 0)            (-0.0111429 -0.00849716 -0.00551991)
        13.11            (0.0150581 0 0)            (-0.0111429 -0.00849714 -0.0055199)
      13.1271            (0.0150581 0 0)            (-0.0111429 -0.00849718 -0.00551992)
      13.1443            (0.0150581 0 0)            (-0.0111429 -0.0084972 -0.00551993)
      13.1615            (0.0150581 0 0)            (-0.0111429 -0.00849718 -0.00551992)
      13.1787            (0.0150581 0 0)            (-0.0111429 -0.00849718 -0.00551992)
      13.1959            (0.0150581 0 0)            (-0.011143 -0.0084972 -0.00551993)
      13.2131            (0.0150581 0 0)            (-0.011143 -0.00849723 -0.00551995)
      13.2302            (0.0150581 0 0)            (-0.0111429 -0.00849717 -0.00551991)
      13.2474            (0.0150581 0 0)            (-0.0111429 -0.00849716 -0.00551991)
      13.2646            (0.0150581 0 0)            (-0.0111429 -0.00849717 -0.00551991)
      13.2818            (0.0150581 0 0)            (-0.0111429 -0.00849717 -0.00551991)
       13.299            (0.0150581 0 0)            (-0.0111429 -0.00849716 -0.00551991)
      13.3162            (0.0150581 0 0)            (-0.0111429 -0.00849718 -0.00551992)
      13.3333            (0.0150581 0 0)            (-0.011143 -0.00849721 -0.00551994)
      13.3505            (0.0150581 0 0)            (-0.011143 -0.00849725 -0.00551996)
      13.3677            (0.0150581 0 0)            (-0.011143 -0.00849724 -0.00551996)
      13.3849            (0.0150581 0 0)            (-0.0111429 -0.00849719 -0.00551992)
      13.4021            (0.0150581 0 0)            (-0.0111429 -0.00849714 -0.0055199)
      13.4192            (0.0150581 0 0)            (-0.0111429 -0.00849719 -0.00551992)
      13.4364            (0.0150581 0 0)            (-0.0111429 -0.00849716 -0.00551991)
      13.4536            (0.0150581 0 0)            (-0.0111429 -0.00849713 -0.00551989)
      13.4708            (0.0150581 0 0)            (-0.0111429 -0.00849717 -0.00551991)
       13.488            (0.0150581 0 0)            (-0.011143 -0.00849724 -0.00551996)
      13.5052            (0.0150581 0 0)            (-0.011143 -0.00849723 -0.00551995)
