# time 	Local 	Global 	Cumulative
1.2e-06 	3.44374e-10 	-1.25375e-12 	-6.72807e-12
2.64e-06 	3.68302e-11 	3.60183e-13 	-2.02145e-12
4.368e-06 	7.26332e-12 	1.82619e-14 	-1.45817e-12
6.4416e-06 	2.21311e-11 	5.05712e-14 	-1.20583e-12
8.92992e-06 	3.83484e-11 	5.30224e-14 	-7.03243e-13
1.19159e-05 	3.65873e-11 	3.4455e-14 	-2.29899e-13
1.54991e-05 	3.91781e-11 	2.57284e-14 	8.13684e-14
1.97989e-05 	3.6556e-11 	3.26057e-14 	3.52375e-13
2.49587e-05 	3.52548e-11 	3.67548e-14 	6.82612e-13
3.11504e-05 	3.38513e-11 	3.7439e-14 	1.04417e-12
3.85805e-05 	3.35656e-11 	3.98025e-14 	1.41677e-12
4.74965e-05 	3.36238e-11 	4.43842e-14 	1.81848e-12
5.81958e-05 	3.45091e-11 	5.03908e-14 	2.26961e-12
7.1035e-05 	3.55765e-11 	6.17226e-14 	2.79415e-12
8.6442e-05 	3.7292e-11 	7.62827e-14 	3.43904e-12
0.00010493 	1.34217e-10 	1.96449e-13 	4.36846e-12
0.000127116 	1.46023e-10 	2.89509e-13 	5.7681e-12
0.00015374 	1.63686e-10 	5.12163e-13 	8.84681e-12
0.000185688 	1.79554e-10 	5.69093e-13 	1.18048e-11
0.000224025 	2.06744e-10 	1.04612e-12 	1.79496e-11
0.00027003 	2.35049e-10 	1.38502e-12 	2.40699e-11
0.000325236 	2.74251e-10 	1.59125e-12 	3.20011e-11
0.000391483 	1.27514e-10 	1.14054e-12 	4.14499e-11
0.00047098 	1.59367e-10 	1.97118e-12 	5.38739e-11
0.000566376 	1.87755e-10 	3.01575e-12 	6.08074e-11
0.00068085 	2.42543e-10 	4.15345e-12 	7.0073e-11
0.000818221 	2.95698e-10 	4.71651e-12 	8.27908e-11
0.000983063 	3.77514e-10 	7.51891e-12 	9.57293e-11
0.00118087 	4.92282e-10 	7.9883e-12 	1.04946e-10
0.00141824 	7.10844e-10 	9.15692e-12 	8.72082e-11
0.0017031 	5.74238e-10 	-1.4136e-11 	1.01046e-10
0.00204491 	8.802e-10 	-2.77727e-11 	3.74042e-11
0.00245508 	1.45108e-09 	-2.58944e-11 	-1.07351e-10
0.0029473 	2.11816e-09 	-5.12681e-11 	-3.25441e-10
0.00353797 	3.83871e-09 	-7.64242e-11 	-7.63256e-10
0.00424679 	7.11297e-09 	-1.11044e-10 	-1.47765e-09
0.00509742 	5.2837e-09 	-1.62235e-10 	-2.02778e-09
0.00611825 	9.50599e-09 	-3.05525e-10 	-2.7269e-09
0.00734314 	1.7322e-08 	-5.62846e-10 	-3.68057e-09
0.00881286 	1.7632e-08 	-1.93007e-10 	-3.69505e-09
0.0105765 	3.01941e-08 	-2.7875e-10 	-4.81657e-09
0.0126925 	9.33529e-09 	-1.85526e-10 	-5.74613e-09
0.0152319 	1.56038e-08 	-3.27669e-10 	-6.5653e-09
0.0182788 	1.36415e-08 	-1.24214e-10 	-7.43477e-09
0.0219337 	2.14158e-08 	-1.78344e-10 	-8.85142e-09
0.0263197 	3.23603e-08 	-2.35776e-10 	-1.11706e-08
0.0315829 	2.90857e-08 	-1.40342e-10 	-1.18689e-08
0.037896 	4.23701e-08 	-1.43197e-10 	-1.29586e-08
0.0454717 	5.35504e-08 	-1.44357e-09 	-1.45506e-08
0.0545626 	7.67401e-08 	-1.89022e-09 	-1.64217e-08
0.0654797 	1.09662e-07 	-2.88907e-09 	-1.69675e-08
0.0785686 	1.6118e-07 	-9.03679e-10 	2.43504e-10
0.094292 	2.53365e-07 	-2.61713e-09 	2.42243e-08
0.11316 	3.33894e-07 	-8.09583e-10 	4.79312e-08
0.135784 	4.74192e-07 	2.96533e-10 	8.72483e-08
0.162511 	6.33177e-07 	2.53111e-09 	9.26898e-08
0.19352 	8.14709e-07 	6.59282e-09 	9.39249e-08
0.228862 	1.00939e-06 	-1.10251e-08 	9.89057e-08
0.268622 	1.20973e-06 	3.20501e-10 	7.33565e-08
0.313257 	1.45624e-06 	7.11338e-09 	9.75325e-09
0.361574 	1.62577e-06 	4.71031e-09 	-5.33155e-08
0.410919 	1.5698e-06 	2.7351e-09 	-4.50746e-08
0.461349 	1.62864e-06 	-2.21762e-08 	-4.96036e-08
0.511778 	1.51285e-06 	-2.59395e-08 	-4.7132e-08
0.562208 	1.37909e-06 	-2.62986e-08 	-1.53319e-07
0.612637 	1.29121e-06 	-2.43951e-08 	-2.12095e-07
0.663066 	1.21172e-06 	-1.9268e-08 	-2.50334e-07
0.713496 	1.14066e-06 	-1.35061e-08 	-2.69141e-07
0.763925 	1.08379e-06 	-1.03135e-08 	-2.75461e-07
0.814355 	1.00599e-06 	-5.81736e-09 	-2.95365e-07
0.865399 	9.6587e-07 	-2.74296e-09 	-3.07591e-07
0.916444 	9.95703e-07 	7.05611e-09 	-3.03591e-07
0.967488 	9.08818e-07 	9.71714e-09 	-3.10803e-07
1.01853 	8.2199e-07 	9.06551e-09 	-3.10713e-07
1.06958 	7.41184e-07 	9.32261e-09 	-2.96104e-07
1.12062 	6.66694e-07 	8.4472e-09 	-2.9332e-07
1.17167 	5.49223e-07 	6.88735e-09 	-2.53996e-07
1.22271 	4.94801e-07 	6.20609e-09 	-2.68607e-07
1.27375 	4.33006e-07 	5.43314e-09 	-2.87043e-07
1.3248 	3.808e-07 	2.99344e-09 	-2.82332e-07
1.37584 	3.20723e-07 	3.93174e-09 	-2.74668e-07
1.42689 	2.86494e-07 	4.36035e-09 	-2.74987e-07
1.47793 	3.60469e-06 	9.21201e-09 	-2.46647e-07
1.52898 	3.08071e-06 	7.23266e-09 	-2.37996e-07
1.58002 	2.69275e-06 	5.58956e-09 	-2.44935e-07
1.63032 	2.24018e-06 	4.77809e-09 	-2.38709e-07
1.68061 	1.8654e-06 	1.83964e-10 	-2.12066e-07
1.7309 	1.59216e-06 	2.60788e-09 	-2.11635e-07
1.7812 	1.7848e-06 	2.2972e-09 	-2.07214e-07
1.83149 	1.58097e-06 	-2.21933e-10 	-2.0883e-07
1.88178 	1.41112e-06 	1.73973e-09 	-2.15079e-07
1.93208 	1.21361e-06 	1.48298e-09 	-2.28038e-07
1.98237 	1.1609e-06 	2.42997e-09 	-2.25777e-07
2.03267 	8.76942e-07 	-2.44357e-09 	-2.10045e-07
2.08296 	8.3589e-07 	3.92218e-09 	-2.13694e-07
2.13325 	3.20955e-06 	4.77508e-09 	-2.04612e-07
2.18355 	3.33237e-06 	-1.73568e-09 	-2.15618e-07
2.23384 	2.99537e-06 	-4.41164e-09 	-2.2095e-07
2.28413 	2.73576e-06 	1.49298e-09 	-2.61251e-07
2.33443 	2.53628e-06 	8.94815e-09 	-3.09916e-07
2.38472 	2.41323e-06 	-8.61435e-09 	-2.99002e-07
2.43502 	1.54715e-06 	1.46931e-08 	-3.40638e-07
2.48531 	2.70783e-06 	3.50783e-09 	-2.75235e-07
2.5356 	2.50469e-06 	-5.22756e-10 	-2.85794e-07
2.5859 	2.75782e-06 	-1.2256e-09 	-2.77558e-07
2.63619 	2.16409e-06 	1.86496e-10 	-2.91342e-07
2.68649 	2.06498e-06 	-2.13059e-09 	-2.74359e-07
2.73678 	2.36015e-06 	6.97904e-09 	-2.64368e-07
2.78707 	2.013e-06 	1.70161e-09 	-2.48247e-07
2.83737 	1.52129e-06 	-1.05503e-09 	-2.08587e-07
2.88766 	2.29415e-06 	2.17845e-09 	-2.73578e-07
2.93795 	2.18332e-06 	-6.06469e-09 	-2.77979e-07
2.98825 	2.78507e-06 	4.43198e-09 	-2.69028e-07
3.03854 	2.21111e-06 	-1.18627e-08 	-2.55116e-07
3.08884 	2.37403e-06 	-1.48614e-09 	-2.67157e-07
3.13913 	2.67583e-06 	3.27895e-09 	-2.94813e-07
3.18942 	2.20404e-06 	-6.73792e-09 	-2.84784e-07
3.23972 	2.29487e-06 	3.60487e-11 	-3.4101e-07
3.29001 	2.16147e-06 	6.69706e-09 	-2.83663e-07
3.3403 	3.26385e-06 	-9.39311e-09 	-3.29843e-07
3.3906 	1.28636e-06 	-7.74603e-10 	-3.29684e-07
3.44089 	1.40964e-06 	-2.69158e-09 	-3.52754e-07
3.49119 	2.78221e-06 	1.19314e-08 	-3.14281e-07
3.54148 	3.07345e-06 	3.83304e-09 	-2.83762e-07
3.59177 	2.22406e-06 	1.56793e-10 	-2.67761e-07
3.64207 	3.56609e-06 	1.36086e-09 	-2.56642e-07
3.69236 	2.40005e-06 	2.13816e-10 	-2.55345e-07
3.74266 	1.2793e-06 	8.26106e-10 	-2.48564e-07
3.79295 	1.43314e-06 	-6.61543e-09 	-2.60552e-07
3.84324 	2.55695e-06 	-5.24102e-09 	-3.03472e-07
3.89354 	3.28416e-06 	3.04257e-09 	-3.05448e-07
3.94383 	2.61057e-06 	5.04216e-10 	-3.01305e-07
3.99412 	2.58282e-06 	-1.91774e-09 	-3.09321e-07
4.04442 	2.63804e-06 	-2.78329e-09 	-3.2532e-07
4.09471 	2.70037e-06 	-3.25798e-09 	-3.44971e-07
4.14501 	2.75891e-06 	-3.08226e-09 	-3.65266e-07
4.1953 	2.811e-06 	-2.61349e-09 	-3.83283e-07
4.24559 	2.85632e-06 	-2.19863e-09 	-3.98201e-07
4.29589 	2.89539e-06 	-1.72493e-09 	-4.10445e-07
4.34618 	2.92917e-06 	-1.40083e-09 	-4.20378e-07
4.39647 	2.95846e-06 	-9.78907e-10 	-4.27931e-07
4.44677 	2.9845e-06 	-4.2265e-10 	-4.32554e-07
4.49706 	3.00585e-06 	-7.72653e-13 	-4.34183e-07
4.54736 	3.02387e-06 	4.32828e-10 	-4.33186e-07
4.59765 	3.03894e-06 	7.28757e-10 	-4.29973e-07
4.64794 	3.05122e-06 	8.81618e-10 	-4.25431e-07
4.69824 	3.06092e-06 	9.16335e-10 	-4.20329e-07
4.74853 	3.06711e-06 	8.34034e-10 	-4.15478e-07
4.79882 	3.07181e-06 	7.39886e-10 	-4.11008e-07
4.84912 	3.07399e-06 	5.25772e-10 	-4.07552e-07
4.89941 	3.07423e-06 	3.31063e-10 	-4.05266e-07
4.94971 	3.0726e-06 	1.08899e-10 	-4.0422e-07
5.0 	3.06935e-06 	-1.0886e-10 	-4.04466e-07
5.05051 	3.09391e-06 	-2.96384e-10 	-4.05919e-07
5.10101 	3.0972e-06 	-4.26507e-10 	-4.08222e-07
5.15152 	3.10098e-06 	-6.22738e-10 	-4.11556e-07
5.20202 	3.10527e-06 	-7.3667e-10 	-4.15774e-07
5.25253 	3.10815e-06 	-7.9234e-10 	-4.20474e-07
5.30303 	3.10955e-06 	-7.9953e-10 	-4.25347e-07
5.35354 	3.10957e-06 	-7.59325e-10 	-4.30108e-07
5.40404 	3.10832e-06 	-6.7893e-10 	-4.34496e-07
5.45455 	3.10587e-06 	-5.69566e-10 	-4.3831e-07
5.50505 	3.10231e-06 	-4.42698e-10 	-4.41414e-07
5.55556 	3.09767e-06 	-3.08473e-10 	-4.43736e-07
5.60606 	3.09206e-06 	-1.75597e-10 	-4.4526e-07
5.65657 	3.08552e-06 	-5.1942e-11 	-4.46018e-07
5.70707 	3.07818e-06 	5.53105e-11 	-4.46087e-07
5.75758 	3.07007e-06 	1.40327e-10 	-4.45584e-07
5.80808 	3.06124e-06 	1.9949e-10 	-4.44654e-07
5.85859 	3.05175e-06 	2.31711e-10 	-4.43454e-07
5.90909 	3.04164e-06 	2.38245e-10 	-4.42143e-07
5.9596 	3.03098e-06 	2.22229e-10 	-4.40864e-07
6.0101 	3.01982e-06 	1.88053e-10 	-4.39739e-07
6.06061 	3.0082e-06 	1.40819e-10 	-4.3886e-07
6.11111 	2.9962e-06 	8.58887e-11 	-4.38291e-07
6.16162 	2.98386e-06 	2.85149e-11 	-4.38059e-07
6.21212 	2.97122e-06 	-2.64587e-11 	-4.38165e-07
6.26263 	2.95835e-06 	-7.48476e-11 	-4.38581e-07
6.31313 	2.94525e-06 	-1.1334e-10 	-4.39257e-07
6.36364 	2.93196e-06 	-1.39654e-10 	-4.40125e-07
6.41414 	2.91853e-06 	-1.52623e-10 	-4.4111e-07
6.46465 	2.90496e-06 	-1.52173e-10 	-4.4213e-07
6.51515 	2.8913e-06 	-1.39219e-10 	-4.43107e-07
6.56566 	2.87756e-06 	-1.15479e-10 	-4.43971e-07
6.61616 	2.86376e-06 	-8.32593e-11 	-4.44664e-07
6.66667 	2.84992e-06 	-4.52175e-11 	-4.45144e-07
6.71717 	2.83606e-06 	-4.14002e-12 	-4.45384e-07
6.76768 	2.8222e-06 	3.72603e-11 	-4.45373e-07
6.81818 	2.80833e-06 	7.6519e-11 	-4.45118e-07
6.86869 	2.79448e-06 	1.1156e-10 	-4.44638e-07
6.91919 	2.78063e-06 	1.40797e-10 	-4.43964e-07
6.9697 	2.7668e-06 	1.6319e-10 	-4.43133e-07
7.0202 	2.75299e-06 	1.7826e-10 	-4.42188e-07
7.07071 	2.73921e-06 	1.86062e-10 	-4.41173e-07
7.12121 	2.72545e-06 	1.87121e-10 	-4.4013e-07
7.17172 	2.71172e-06 	1.82341e-10 	-4.39098e-07
7.22222 	2.69803e-06 	1.72902e-10 	-4.38108e-07
7.27273 	2.68437e-06 	1.60145e-10 	-4.37183e-07
7.32323 	2.67076e-06 	1.45462e-10 	-4.36341e-07
7.37374 	2.65718e-06 	1.30197e-10 	-4.35587e-07
7.42424 	2.64365e-06 	1.15559e-10 	-4.34922e-07
7.47475 	2.63017e-06 	1.02555e-10 	-4.3434e-07
7.52525 	2.61674e-06 	9.19429e-11 	-4.33828e-07
7.57576 	2.60336e-06 	8.42133e-11 	-4.3337e-07
7.62626 	2.59004e-06 	7.95828e-11 	-4.32948e-07
7.67677 	2.57676e-06 	7.80146e-11 	-4.32545e-07
7.72727 	2.56355e-06 	7.92508e-11 	-4.32141e-07
7.77778 	2.55039e-06 	8.28584e-11 	-4.31723e-07
7.82828 	2.53729e-06 	8.8281e-11 	-4.31276e-07
7.87879 	2.52425e-06 	9.48935e-11 	-4.30793e-07
7.92929 	2.51128e-06 	1.02056e-10 	-4.30269e-07
7.9798 	2.49836e-06 	1.09159e-10 	-4.29701e-07
8.0303 	2.4855e-06 	1.15669e-10 	-4.29092e-07
8.08081 	2.47271e-06 	1.21151e-10 	-4.28447e-07
8.13131 	2.45998e-06 	1.25295e-10 	-4.27772e-07
8.18182 	2.44731e-06 	1.27921e-10 	-4.27077e-07
8.23232 	2.4347e-06 	1.28976e-10 	-4.26371e-07
8.28283 	2.42215e-06 	1.28527e-10 	-4.25663e-07
8.33333 	2.40967e-06 	1.26739e-10 	-4.24962e-07
8.38384 	2.39725e-06 	1.23853e-10 	-4.24275e-07
8.43434 	2.38489e-06 	1.20165e-10 	-4.23607e-07
8.48485 	2.37259e-06 	1.15992e-10 	-4.22963e-07
8.53535 	2.36035e-06 	1.11651e-10 	-4.22344e-07
8.58586 	2.34818e-06 	1.07433e-10 	-4.21751e-07
8.63636 	2.33606e-06 	1.03593e-10 	-4.21181e-07
8.68687 	2.32401e-06 	1.00325e-10 	-4.20633e-07
8.73737 	2.31202e-06 	9.77651e-11 	-4.20102e-07
8.78788 	2.30009e-06 	9.59819e-11 	-4.19583e-07
8.83838 	2.28823e-06 	9.4982e-11 	-4.19073e-07
8.88889 	2.27642e-06 	9.47157e-11 	-4.18566e-07
8.93939 	2.26468e-06 	9.50869e-11 	-4.18058e-07
8.9899 	2.25299e-06 	9.59653e-11 	-4.17546e-07
9.0404 	2.24137e-06 	9.71989e-11 	-4.17028e-07
9.09091 	2.2298e-06 	9.8628e-11 	-4.16501e-07
9.14141 	2.2183e-06 	1.00097e-10 	-4.15965e-07
9.19192 	2.20685e-06 	1.01463e-10 	-4.1542e-07
9.24242 	2.19547e-06 	1.02609e-10 	-4.14867e-07
9.29293 	2.18414e-06 	1.03445e-10 	-4.14308e-07
9.34343 	2.17287e-06 	1.03913e-10 	-4.13745e-07
9.39394 	2.16166e-06 	1.03987e-10 	-4.1318e-07
9.44444 	1.54502e-06 	-1.62085e-09 	-4.15812e-07
9.49495 	3.46945e-06 	-3.14928e-09 	-4.27368e-07
9.54545 	3.62376e-06 	2.13739e-09 	-4.26961e-07
9.59596 	2.48968e-06 	3.95268e-09 	-4.09654e-07
9.64646 	2.42537e-06 	2.24822e-10 	-3.90311e-07
9.69697 	2.30019e-06 	-5.84546e-09 	-4.06602e-07
9.74747 	2.25345e-06 	-2.13037e-09 	-4.2535e-07
9.79798 	2.23645e-06 	1.51293e-09 	-4.25923e-07
9.84848 	2.23425e-06 	3.05e-09 	-4.12212e-07
9.89899 	2.23809e-06 	3.83111e-09 	-3.91579e-07
9.94949 	2.24149e-06 	4.14379e-09 	-3.67729e-07
10.0 	2.24316e-06 	-2.33172e-10 	-3.53047e-07
10.0505 	2.2405e-06 	-3.74589e-09 	-3.65224e-07
10.101 	2.23983e-06 	-5.33293e-10 	-3.73425e-07
10.1515 	2.23688e-06 	1.07325e-09 	-3.71443e-07
10.202 	2.23205e-06 	1.60464e-09 	-3.63256e-07
10.2525 	2.22734e-06 	1.50023e-09 	-3.54054e-07
10.303 	2.2225e-06 	1.35538e-09 	-3.45569e-07
10.3535 	2.21681e-06 	1.33977e-09 	-3.37555e-07
10.404 	2.21023e-06 	1.43552e-09 	-3.2926e-07
10.4545 	2.2031e-06 	1.49304e-09 	-3.20472e-07
10.5051 	2.19565e-06 	1.39137e-09 	-3.11818e-07
10.5556 	2.18795e-06 	1.10804e-09 	-3.04345e-07
10.6061 	2.1801e-06 	6.65029e-10 	-2.99101e-07
10.6566 	2.1722e-06 	2.52671e-10 	-2.96377e-07
10.7071 	2.16423e-06 	-1.23519e-10 	-2.96047e-07
10.7576 	2.15623e-06 	-4.15781e-10 	-2.9773e-07
10.8081 	1.54247e-06 	1.04324e-09 	-2.97767e-07
10.8586 	3.46618e-06 	2.49509e-09 	-2.89922e-07
10.9091 	3.62405e-06 	-2.93974e-09 	-2.94705e-07
10.9596 	2.49057e-06 	-4.22839e-09 	-3.15451e-07
11.0101 	2.42674e-06 	-2.23649e-10 	-3.35518e-07
11.0606 	2.30269e-06 	6.15369e-09 	-3.18318e-07
11.1111 	2.25681e-06 	2.41893e-09 	-2.97969e-07
11.1616 	2.23999e-06 	-1.18653e-09 	-2.95577e-07
11.2121 	2.23821e-06 	-2.6287e-09 	-3.07009e-07
11.2626 	2.24227e-06 	-3.36835e-09 	-3.2496e-07
11.3131 	2.24603e-06 	-3.69905e-09 	-3.46073e-07
11.3636 	2.2481e-06 	3.86559e-10 	-3.58803e-07
11.4141 	2.24579e-06 	3.64293e-09 	-3.46456e-07
11.4646 	2.24538e-06 	2.96185e-10 	-3.39212e-07
11.5152 	2.24261e-06 	-1.41789e-09 	-3.42946e-07
11.5657 	2.23789e-06 	-2.02131e-09 	-3.53421e-07
11.6162 	2.23345e-06 	-1.95596e-09 	-3.65245e-07
11.6667 	2.2287e-06 	-1.81487e-09 	-3.76477e-07
11.7172 	2.22303e-06 	-1.76946e-09 	-3.87157e-07
11.7677 	2.21648e-06 	-1.8048e-09 	-3.97844e-07
11.8182 	2.20937e-06 	-1.77799e-09 	-4.08586e-07
11.8687 	2.20192e-06 	-1.57778e-09 	-4.18646e-07
11.9192 	2.19424e-06 	-1.19254e-09 	-4.26921e-07
11.9697 	2.18642e-06 	-6.53757e-10 	-4.32375e-07
12.0202 	2.17857e-06 	-1.59478e-10 	-4.34776e-07
12.0707 	2.17071e-06 	2.81232e-10 	-4.34343e-07
12.1212 	2.16291e-06 	6.18392e-10 	-4.31569e-07
12.1717 	2.15505e-06 	8.44885e-10 	-4.27105e-07
12.2222 	1.54164e-06 	-6.79554e-10 	-4.24681e-07
12.2727 	3.46421e-06 	-2.19199e-09 	-4.3055e-07
12.3232 	3.62215e-06 	3.18845e-09 	-4.24111e-07
12.3737 	2.49032e-06 	4.25081e-09 	-4.02511e-07
12.4242 	2.42656e-06 	9.98354e-11 	-3.828e-07
12.4747 	2.30369e-06 	-6.44091e-09 	-4.01245e-07
12.5253 	2.25882e-06 	-2.5755e-09 	-4.22707e-07
12.5758 	2.24258e-06 	1.05491e-09 	-4.25958e-07
12.6263 	2.24141e-06 	2.49146e-09 	-4.15347e-07
12.6768 	2.24589e-06 	3.25321e-09 	-3.98162e-07
12.7273 	2.25003e-06 	3.63446e-09 	-3.77584e-07
12.7778 	2.25233e-06 	-3.8906e-10 	-3.65071e-07
12.8283 	2.25021e-06 	-3.55063e-09 	-3.77099e-07
12.8788 	2.24998e-06 	-2.33241e-10 	-3.83934e-07
12.9293 	2.2473e-06 	1.47692e-09 	-3.79828e-07
12.9798 	2.24263e-06 	2.07123e-09 	-3.69025e-07
13.0303 	2.23825e-06 	1.99516e-09 	-3.56932e-07
13.0808 	2.23351e-06 	1.84272e-09 	-3.45499e-07
13.1313 	2.22784e-06 	1.78706e-09 	-3.34683e-07
13.1818 	2.22126e-06 	1.81299e-09 	-3.23919e-07
13.2323 	2.21411e-06 	1.77659e-09 	-3.13156e-07
13.2828 	2.20662e-06 	1.56666e-09 	-3.03135e-07
13.3333 	2.19888e-06 	1.17275e-09 	-2.94953e-07
13.3838 	2.191e-06 	6.27711e-10 	-2.89638e-07
13.4343 	2.1831e-06 	1.30387e-10 	-2.87403e-07
13.4848 	2.17519e-06 	-3.10356e-10 	-2.88011e-07
13.5354 	2.16732e-06 	-6.45168e-10 	-2.90953e-07
13.5859 	2.15939e-06 	-8.67678e-10 	-2.95566e-07
13.6364 	2.15135e-06 	-9.96321e-10 	-3.01229e-07
13.6869 	1.61751e-06 	-3.07031e-09 	-3.1806e-07
13.7374 	3.57559e-06 	-5.08202e-09 	-3.38651e-07
13.7879 	3.11231e-06 	-3.3548e-09 	-3.62903e-07
13.8384 	3.07832e-06 	-1.17297e-09 	-3.76098e-07
13.8889 	3.05604e-06 	2.3652e-11 	-3.7949e-07
13.9394 	3.02202e-06 	8.96473e-10 	-3.76767e-07
13.9899 	2.98704e-06 	1.54782e-09 	-3.69405e-07
14.0404 	2.95485e-06 	2.11956e-09 	-3.58366e-07
14.0909 	2.92603e-06 	2.5025e-09 	-3.44535e-07
14.1414 	2.90057e-06 	2.69179e-09 	-3.28964e-07
14.1919 	2.87794e-06 	2.60885e-09 	-3.13094e-07
14.2424 	2.85748e-06 	2.27241e-09 	-2.98515e-07
14.2929 	2.83864e-06 	1.76335e-09 	-2.86499e-07
14.3434 	2.8211e-06 	1.16926e-09 	-2.77811e-07
14.3939 	2.80465e-06 	5.12578e-10 	-2.72905e-07
14.4444 	2.78854e-06 	-5.08547e-11 	-2.71352e-07
14.4949 	2.77325e-06 	-5.35973e-10 	-2.73164e-07
14.5455 	2.75815e-06 	-9.11946e-10 	-2.77445e-07
14.596 	2.74361e-06 	-1.23179e-09 	-2.83876e-07
14.6465 	2.7292e-06 	-1.42458e-09 	-2.91988e-07
14.697 	2.71488e-06 	-1.48134e-09 	-3.00821e-07
14.7475 	2.70065e-06 	-1.44544e-09 	-3.09718e-07
14.798 	2.68647e-06 	-1.31539e-09 	-3.18103e-07
14.8485 	2.67234e-06 	-1.10899e-09 	-3.25464e-07
14.899 	2.65824e-06 	-8.45863e-10 	-3.31231e-07
14.9495 	2.64425e-06 	-5.88371e-10 	-3.35456e-07
15.0 	2.63034e-06 	-3.09276e-10 	-3.38051e-07
15.0505 	2.61655e-06 	-4.45005e-11 	-3.3901e-07
15.101 	2.60292e-06 	1.84733e-10 	-3.38488e-07
15.1515 	2.58936e-06 	3.66127e-10 	-3.36737e-07
15.202 	2.57586e-06 	4.91654e-10 	-3.34071e-07
15.2525 	2.56241e-06 	5.59006e-10 	-3.30832e-07
15.303 	2.54901e-06 	5.7087e-10 	-3.27363e-07
15.3535 	2.53567e-06 	5.33268e-10 	-3.23977e-07
15.404 	2.5224e-06 	4.545e-10 	-3.20945e-07
15.4545 	2.50919e-06 	3.44493e-10 	-3.18484e-07
15.5051 	2.49607e-06 	2.14209e-10 	-3.16748e-07
15.5556 	2.48304e-06 	7.49789e-11 	-3.15822e-07
15.6061 	2.47012e-06 	-6.22856e-11 	-3.15728e-07
15.6566 	2.45731e-06 	-1.87888e-10 	-3.16423e-07
15.7071 	2.4446e-06 	-2.94026e-10 	-3.17814e-07
15.7576 	2.43196e-06 	-3.75229e-10 	-3.19766e-07
15.8081 	2.41937e-06 	-4.28518e-10 	-3.22121e-07
15.8586 	2.40685e-06 	-4.53301e-10 	-3.24709e-07
15.9091 	2.39438e-06 	-4.51087e-10 	-3.27363e-07
15.9596 	2.38196e-06 	-4.2509e-10 	-3.2993e-07
16.0101 	2.36958e-06 	-3.79799e-10 	-3.32282e-07
16.0606 	2.35727e-06 	-3.20525e-10 	-3.34317e-07
16.1111 	2.345e-06 	-2.52959e-10 	-3.35971e-07
16.1616 	2.3328e-06 	-1.82751e-10 	-3.3721e-07
16.2121 	2.32065e-06 	-1.15115e-10 	-3.38034e-07
16.2626 	2.30857e-06 	-5.45077e-11 	-3.38473e-07
16.3131 	2.29656e-06 	-4.38742e-12 	-3.3858e-07
16.3636 	2.28462e-06 	3.29243e-11 	-3.38426e-07
16.4141 	2.27273e-06 	5.62801e-11 	-3.3809e-07
16.4646 	2.2609e-06 	6.56522e-11 	-3.37658e-07
16.5152 	2.24914e-06 	6.20027e-11 	-3.3721e-07
16.5657 	2.23743e-06 	4.71013e-11 	-3.36819e-07
16.6162 	2.22578e-06 	2.33079e-11 	-3.36546e-07
16.6667 	2.2142e-06 	-6.65893e-12 	-3.36435e-07
16.7172 	2.20269e-06 	-3.99524e-11 	-3.36516e-07
16.7677 	2.19125e-06 	-7.38118e-11 	-3.36799e-07
16.8182 	2.17987e-06 	-1.05748e-10 	-3.37281e-07
16.8687 	2.16855e-06 	-1.33687e-10 	-3.37943e-07
16.9192 	2.1573e-06 	-1.56075e-10 	-3.38756e-07
16.9697 	1.62102e-06 	-2.18338e-09 	-3.50465e-07
17.0202 	3.58172e-06 	-4.13412e-09 	-3.65403e-07
17.0707 	3.1137e-06 	-2.46446e-09 	-3.83711e-07
17.1212 	3.07678e-06 	-4.3318e-10 	-3.92029e-07
17.1717 	3.05152e-06 	6.5979e-10 	-3.91242e-07
17.2222 	3.01527e-06 	1.3546e-09 	-3.85234e-07
17.2727 	2.97838e-06 	1.79611e-09 	-3.75773e-07
17.3232 	2.94454e-06 	2.15799e-09 	-3.63906e-07
17.3737 	2.91439e-06 	2.35241e-09 	-3.50447e-07
17.4242 	2.88788e-06 	2.39274e-09 	-3.36259e-07
17.4747 	2.8644e-06 	2.20664e-09 	-3.22522e-07
17.5253 	2.8433e-06 	1.81163e-09 	-3.10555e-07
17.5758 	2.82398e-06 	1.28464e-09 	-3.01376e-07
17.6263 	2.80608e-06 	6.59926e-10 	-2.95684e-07
17.6768 	2.78878e-06 	1.11627e-10 	-2.93208e-07
17.7273 	2.77239e-06 	-3.68331e-10 	-2.94036e-07
17.7778 	2.75645e-06 	-7.42432e-10 	-2.9731e-07
17.8283 	2.74122e-06 	-1.06375e-09 	-3.02731e-07
17.8788 	2.72622e-06 	-1.26211e-09 	-3.09678e-07
17.9293 	2.7115e-06 	-1.376e-09 	-3.17739e-07
17.9798 	2.69689e-06 	-1.35675e-09 	-3.26043e-07
18.0303 	2.68242e-06 	-1.26474e-09 	-3.34014e-07
18.0808 	2.66807e-06 	-1.10103e-09 	-3.41205e-07
18.1313 	2.65379e-06 	-8.75692e-10 	-3.47044e-07
18.1818 	2.63967e-06 	-6.4865e-10 	-3.51544e-07
18.2323 	2.62565e-06 	-3.90865e-10 	-3.54568e-07
18.2828 	2.61176e-06 	-1.37858e-10 	-3.56054e-07
18.3333 	2.59803e-06 	8.79276e-11 	-3.56103e-07
18.3838 	2.58443e-06 	2.72679e-10 	-3.54922e-07
18.4343 	2.5709e-06 	4.07157e-10 	-3.52788e-07
18.4848 	2.55744e-06 	4.88074e-10 	-3.50014e-07
18.5354 	2.54404e-06 	5.17074e-10 	-3.46917e-07
18.5859 	2.5307e-06 	4.98849e-10 	-3.43794e-07
18.6364 	2.51743e-06 	4.40104e-10 	-3.40907e-07
18.6869 	2.50424e-06 	3.49104e-10 	-3.38474e-07
18.7374 	2.49112e-06 	2.35353e-10 	-3.3666e-07
18.7879 	2.4781e-06 	1.09133e-10 	-3.35568e-07
18.8384 	2.46517e-06 	-1.91996e-11 	-3.35242e-07
18.8889 	2.45237e-06 	-1.40059e-10 	-3.35664e-07
18.9394 	2.43966e-06 	-2.45408e-10 	-3.36766e-07
18.9899 	2.42703e-06 	-3.29314e-10 	-3.38435e-07
19.0404 	2.41447e-06 	-3.88188e-10 	-3.40531e-07
19.0909 	2.40196e-06 	-4.20736e-10 	-3.429e-07
19.1414 	2.38951e-06 	-4.277e-10 	-3.45386e-07
19.1919 	2.37712e-06 	-4.11505e-10 	-3.47843e-07
19.2424 	2.36477e-06 	-3.75876e-10 	-3.50142e-07
19.2929 	2.35248e-06 	-3.25444e-10 	-3.52182e-07
19.3434 	2.34024e-06 	-2.65353e-10 	-3.53888e-07
19.3939 	2.32807e-06 	-2.00868e-10 	-3.55219e-07
19.4444 	2.31595e-06 	-1.37e-10 	-3.56164e-07
19.4949 	2.30389e-06 	-7.81657e-11 	-3.5674e-07
19.5455 	2.2919e-06 	-2.79326e-11 	-3.5699e-07
19.596 	2.27998e-06 	1.11525e-11 	-3.56971e-07
19.6465 	2.26812e-06 	3.76292e-11 	-3.56757e-07
19.697 	2.25632e-06 	5.10996e-11 	-3.56425e-07
19.7475 	2.24458e-06 	5.21288e-11 	-3.5605e-07
19.798 	2.23289e-06 	4.20922e-11 	-3.55703e-07
19.8485 	2.22127e-06 	2.29847e-11 	-3.55446e-07
19.899 	2.20971e-06 	-2.78689e-12 	-3.55324e-07
19.9495 	2.19822e-06 	-3.26181e-11 	-3.55371e-07
20.0 	2.1868e-06 	-6.39106e-11 	-3.55602e-07
20.0505 	2.17544e-06 	-9.42546e-11 	-3.56019e-07
20.101 	2.16415e-06 	-1.21579e-10 	-3.5661e-07
20.1515 	1.54675e-06 	1.58374e-09 	-3.54147e-07
20.202 	3.47293e-06 	3.09324e-09 	-3.42878e-07
20.2525 	3.62728e-06 	-2.21375e-09 	-3.43689e-07
20.303 	2.49134e-06 	-3.98371e-09 	-3.61333e-07
20.3535 	2.42661e-06 	-2.29822e-10 	-3.80778e-07
20.404 	2.30029e-06 	5.87357e-09 	-3.64421e-07
20.4545 	2.25265e-06 	2.16272e-09 	-3.45506e-07
20.5051 	2.23489e-06 	-1.48002e-09 	-3.44737e-07
20.5556 	2.23208e-06 	-3.01551e-09 	-3.58245e-07
20.6061 	2.23547e-06 	-3.79501e-09 	-3.78665e-07
20.6566 	2.23853e-06 	-4.10873e-09 	-4.023e-07
20.7071 	2.23996e-06 	2.43965e-10 	-4.16832e-07
20.7576 	2.23713e-06 	3.73409e-09 	-4.04658e-07
20.8081 	2.23632e-06 	5.16764e-10 	-3.96531e-07
20.8586 	2.23328e-06 	-1.09458e-09 	-3.98627e-07
20.9091 	2.22838e-06 	-1.62985e-09 	-4.06954e-07
20.9596 	2.22363e-06 	-1.52786e-09 	-4.16315e-07
21.0101 	2.21878e-06 	-1.38299e-09 	-4.24966e-07
21.0606 	2.21308e-06 	-1.36496e-09 	-4.33139e-07
21.1111 	2.20652e-06 	-1.45629e-09 	-4.41571e-07
21.1616 	2.19942e-06 	-1.5082e-09 	-4.50466e-07
21.2121 	2.192e-06 	-1.40048e-09 	-4.59192e-07
21.2626 	2.18435e-06 	-1.11126e-09 	-4.66701e-07
21.3131 	2.17655e-06 	-6.6301e-10 	-4.71948e-07
21.3636 	2.16871e-06 	-2.46187e-10 	-4.74647e-07
21.4141 	2.16082e-06 	1.3341e-10 	-4.74926e-07
21.4646 	2.15289e-06 	4.27921e-10 	-4.73176e-07
21.5152 	1.61885e-06 	2.6542e-09 	-4.59324e-07
21.5657 	3.57891e-06 	4.78898e-09 	-4.40819e-07
21.6162 	3.1161e-06 	3.1588e-09 	-4.1806e-07
21.6667 	3.08217e-06 	1.10334e-09 	-4.05644e-07
21.7172 	3.06007e-06 	3.03573e-11 	-4.02277e-07
21.7677 	3.02623e-06 	-7.18872e-10 	-4.04277e-07
21.8182 	2.99145e-06 	-1.266e-09 	-4.10229e-07
21.8687 	2.95944e-06 	-1.71755e-09 	-4.1917e-07
21.9192 	2.93088e-06 	-2.15788e-09 	-4.30845e-07
21.9697 	2.90562e-06 	-2.34577e-09 	-4.4432e-07
22.0202 	2.88319e-06 	-2.29917e-09 	-4.58222e-07
22.0707 	2.86293e-06 	-2.02171e-09 	-4.71126e-07
22.1212 	2.84429e-06 	-1.5813e-09 	-4.81852e-07
22.1717 	2.82691e-06 	-1.01102e-09 	-4.89509e-07
22.2222 	2.81064e-06 	-5.06014e-10 	-4.94026e-07
22.2727 	2.79467e-06 	4.23575e-12 	-4.95691e-07
22.3232 	2.77942e-06 	4.37135e-10 	-4.94322e-07
22.3737 	2.76437e-06 	7.6801e-10 	-4.90779e-07
22.4242 	2.74988e-06 	1.0572e-09 	-4.85312e-07
22.4747 	2.73551e-06 	1.22971e-09 	-4.78491e-07
22.5253 	2.72132e-06 	1.32069e-09 	-4.70702e-07
22.5758 	2.70716e-06 	1.28106e-09 	-4.62799e-07
22.6263 	2.69307e-06 	1.17323e-09 	-4.55339e-07
22.6768 	2.67901e-06 	9.96683e-10 	-4.48915e-07
22.7273 	2.66505e-06 	8.05667e-10 	-4.43575e-07
22.7778 	2.65116e-06 	5.69835e-10 	-4.39537e-07
22.8283 	2.63735e-06 	3.23394e-10 	-4.36953e-07
22.8788 	2.62364e-06 	8.90514e-11 	-4.35814e-07
22.9293 	2.61007e-06 	-1.1684e-10 	-4.35996e-07
22.9798 	2.59659e-06 	-2.81448e-10 	-4.37286e-07
23.0303 	2.58317e-06 	-3.978e-10 	-4.39414e-07
23.0808 	2.56981e-06 	-4.64217e-10 	-4.42085e-07
23.1313 	2.55649e-06 	-4.8259e-10 	-4.45004e-07
23.1818 	2.54323e-06 	-4.57344e-10 	-4.47897e-07
23.2323 	2.53003e-06 	-3.94939e-10 	-4.50522e-07
23.2828 	2.51691e-06 	-3.03518e-10 	-4.52682e-07
23.3333 	2.50386e-06 	-1.92465e-10 	-4.54231e-07
23.3838 	2.4909e-06 	-7.17675e-11 	-4.55083e-07
23.4343 	2.47803e-06 	4.87809e-11 	-4.5521e-07
23.4848 	2.46528e-06 	1.60384e-10 	-4.54639e-07
23.5354 	2.45261e-06 	2.55908e-10 	-4.53447e-07
23.5859 	2.44002e-06 	3.30289e-10 	-4.51745e-07
23.6364 	2.42749e-06 	3.80652e-10 	-4.4967e-07
23.6869 	2.41501e-06 	4.06205e-10 	-4.47368e-07
23.7374 	2.40259e-06 	4.07986e-10 	-4.44985e-07
23.7879 	2.39022e-06 	3.88543e-10 	-4.42657e-07
23.8384 	2.3779e-06 	3.51592e-10 	-4.405e-07
23.8889 	2.36563e-06 	3.01638e-10 	-4.38606e-07
23.9394 	2.35342e-06 	2.43609e-10 	-4.37036e-07
23.9899 	2.34127e-06 	1.82465e-10 	-4.35826e-07
24.0404 	2.32917e-06 	1.22848e-10 	-4.34978e-07
24.0909 	2.31714e-06 	6.87729e-11 	-4.34472e-07
24.1414 	2.30517e-06 	2.34062e-11 	-4.34264e-07
24.1919 	2.29327e-06 	-1.10684e-11 	-4.34295e-07
24.2424 	2.28143e-06 	-3.34909e-11 	-4.34496e-07
24.2929 	2.26964e-06 	-4.36857e-11 	-4.34794e-07
24.3434 	2.25792e-06 	-4.23575e-11 	-4.35117e-07
24.3939 	2.24625e-06 	-3.09401e-11 	-4.354e-07
24.4444 	2.23464e-06 	-1.14134e-11 	-4.35589e-07
24.4949 	2.2231e-06 	1.38954e-11 	-4.35642e-07
24.5455 	2.21163e-06 	4.25131e-11 	-4.35532e-07
24.596 	2.20022e-06 	7.2011e-11 	-4.35247e-07
24.6465 	2.18887e-06 	1.00172e-10 	-4.34788e-07
24.697 	2.17759e-06 	1.25123e-10 	-4.34169e-07
24.7475 	2.16636e-06 	1.45431e-10 	-4.33413e-07
24.798 	2.15519e-06 	1.60154e-10 	-4.32552e-07
24.8485 	1.61974e-06 	2.17893e-09 	-4.20851e-07
24.899 	3.57842e-06 	4.11982e-09 	-4.05964e-07
24.9495 	3.11135e-06 	2.45043e-09 	-3.87741e-07
25.0 	3.07428e-06 	4.16351e-10 	-3.79517e-07
25.0505 	3.04908e-06 	-6.78988e-10 	-3.80413e-07
25.101 	3.01301e-06 	-1.37264e-09 	-3.86532e-07
25.1515 	2.97634e-06 	-1.81238e-09 	-3.96096e-07
25.202 	2.9427e-06 	-2.17175e-09 	-4.08053e-07
25.2525 	2.91273e-06 	-2.36287e-09 	-4.21584e-07
25.303 	2.88639e-06 	-2.39966e-09 	-4.35823e-07
25.3535 	2.86308e-06 	-2.21002e-09 	-4.4959e-07
25.404 	2.84212e-06 	-1.81175e-09 	-4.61567e-07
25.4545 	2.82295e-06 	-1.28197e-09 	-4.70739e-07
25.5051 	2.80519e-06 	-6.5513e-10 	-4.76407e-07
25.5556 	2.78804e-06 	-1.05334e-10 	-4.78849e-07
25.6061 	2.77179e-06 	3.75335e-10 	-4.77981e-07
25.6566 	2.75598e-06 	7.49478e-10 	-4.74664e-07
25.7071 	2.74088e-06 	1.07027e-09 	-4.69201e-07
25.7576 	2.72602e-06 	1.26759e-09 	-4.62218e-07
25.8081 	2.71142e-06 	1.38007e-09 	-4.54128e-07
25.8586 	2.69693e-06 	1.35919e-09 	-4.45804e-07
25.9091 	2.68258e-06 	1.26546e-09 	-4.37824e-07
25.9596 	2.66835e-06 	1.10008e-09 	-4.30633e-07
26.0101 	2.65419e-06 	8.73239e-10 	-4.24804e-07
26.0606 	2.64018e-06 	6.44935e-10 	-4.20322e-07
26.1111 	2.62627e-06 	3.86211e-10 	-4.17323e-07
26.1616 	2.61249e-06 	1.32613e-10 	-4.15866e-07
26.2121 	2.59887e-06 	-9.34148e-11 	-4.15849e-07
26.2626 	2.58538e-06 	-2.7808e-10 	-4.17063e-07
26.3131 	2.57195e-06 	-4.12188e-10 	-4.19228e-07
26.3636 	2.55859e-06 	-4.92507e-10 	-4.2203e-07
26.4141 	2.5453e-06 	-5.20746e-10 	-4.25151e-07
26.4646 	2.53206e-06 	-5.01669e-10 	-4.28294e-07
26.5152 	2.51889e-06 	-4.42051e-10 	-4.31194e-07
26.5657 	2.50579e-06 	-3.50218e-10 	-4.33635e-07
26.6162 	2.49277e-06 	-2.35728e-10 	-4.35454e-07
26.6667 	2.47984e-06 	-1.08905e-10 	-4.36546e-07
26.7172 	2.467e-06 	1.9872e-11 	-4.36869e-07
26.7677 	2.45429e-06 	1.41003e-10 	-4.36441e-07
26.8182 	2.44168e-06 	2.46452e-10 	-4.35333e-07
26.8687 	2.42913e-06 	3.30302e-10 	-4.33658e-07
26.9192 	2.41666e-06 	3.88987e-10 	-4.31556e-07
26.9697 	2.40424e-06 	4.2124e-10 	-4.29183e-07
27.0202 	2.39187e-06 	4.27838e-10 	-4.26695e-07
27.0707 	2.37956e-06 	4.11243e-10 	-4.24238e-07
27.1212 	2.36729e-06 	3.75211e-10 	-4.21941e-07
27.1717 	2.35508e-06 	3.24402e-10 	-4.19907e-07
27.2222 	2.34292e-06 	2.63987e-10 	-4.18208e-07
27.2727 	2.33082e-06 	1.99248e-10 	-4.16886e-07
27.3232 	2.31877e-06 	1.35206e-10 	-4.15951e-07
27.3737 	2.30679e-06 	7.62835e-11 	-4.15385e-07
27.4242 	2.29488e-06 	2.60441e-11 	-4.15147e-07
27.4747 	2.28303e-06 	-1.29728e-11 	-4.15176e-07
27.5253 	2.27124e-06 	-3.9319e-11 	-4.154e-07
27.5758 	2.2595e-06 	-5.26119e-11 	-4.15743e-07
27.6263 	2.24783e-06 	-5.34339e-11 	-4.16126e-07
27.6768 	2.23621e-06 	-4.31769e-11 	-4.16479e-07
27.7273 	2.22466e-06 	-2.38525e-11 	-4.16742e-07
27.7778 	2.21316e-06 	2.1189e-12 	-4.16868e-07
27.8283 	2.20174e-06 	3.21213e-11 	-4.16825e-07
27.8788 	2.19038e-06 	6.35484e-11 	-4.16596e-07
27.9293 	2.17908e-06 	9.3986e-11 	-4.1618e-07
27.9798 	2.16785e-06 	1.21362e-10 	-4.15591e-07
28.0303 	2.15667e-06 	1.44055e-10 	-4.1485e-07
28.0808 	1.62084e-06 	2.17179e-09 	-4.03216e-07
28.1313 	3.58088e-06 	4.12143e-09 	-3.88346e-07
28.1818 	3.11349e-06 	2.45721e-09 	-3.70099e-07
28.2323 	3.07639e-06 	4.27477e-10 	-3.61821e-07
28.2828 	3.05117e-06 	-6.64569e-10 	-3.62639e-07
28.3333 	3.01508e-06 	-1.35622e-09 	-3.68666e-07
28.3838 	2.97838e-06 	-1.79537e-09 	-3.78128e-07
28.4343 	2.94472e-06 	-2.15553e-09 	-3.89985e-07
28.4848 	2.91473e-06 	-2.34869e-09 	-4.03425e-07
28.5354 	2.88837e-06 	-2.38838e-09 	-4.17588e-07
28.5859 	2.86505e-06 	-2.20216e-09 	-4.31298e-07
28.6364 	2.84408e-06 	-1.80747e-09 	-4.43239e-07
28.6869 	2.82489e-06 	-1.28115e-09 	-4.52395e-07
28.7374 	2.80713e-06 	-6.57385e-10 	-4.58068e-07
28.7879 	2.78996e-06 	-1.10193e-10 	-4.60532e-07
28.8384 	2.7737e-06 	3.68504e-10 	-4.59699e-07
28.8889 	2.75788e-06 	7.41376e-10 	-4.56427e-07
28.9394 	2.74276e-06 	1.06164e-09 	-4.51015e-07
28.9899 	2.72789e-06 	1.2591e-09 	-4.44083e-07
29.0404 	2.71328e-06 	1.37232e-09 	-4.36043e-07
29.0909 	2.69878e-06 	1.35266e-09 	-4.27761e-07
29.1414 	2.68442e-06 	1.26048e-09 	-4.19815e-07
29.1919 	2.67018e-06 	1.09683e-09 	-4.1265e-07
29.2424 	2.65601e-06 	8.71756e-10 	-4.06835e-07
29.2929 	2.64199e-06 	6.45139e-10 	-4.02357e-07
29.3434 	2.62807e-06 	3.87894e-10 	-3.99351e-07
29.3939 	2.61429e-06 	1.35494e-10 	-3.97881e-07
29.4444 	2.60066e-06 	-8.96685e-11 	-3.97844e-07
29.4949 	2.58715e-06 	-2.73824e-10 	-3.99034e-07
29.5455 	2.57372e-06 	-4.07774e-10 	-4.01173e-07
29.596 	2.56035e-06 	-4.88258e-10 	-4.03949e-07
29.6465 	2.54705e-06 	-5.16939e-10 	-4.07046e-07
29.697 	2.5338e-06 	-4.98517e-10 	-4.10167e-07
29.7475 	2.52062e-06 	-4.39697e-10 	-4.13051e-07
29.798 	2.50751e-06 	-3.48732e-10 	-4.15481e-07
29.8485 	2.49449e-06 	-2.35112e-10 	-4.17294e-07
29.899 	2.48155e-06 	-1.09097e-10 	-4.18384e-07
29.9495 	2.4687e-06 	1.89815e-11 	-4.18711e-07
30.0 	2.45598e-06 	1.39562e-10 	-4.1829e-07
30.0505 	2.44336e-06 	2.44631e-10 	-4.17192e-07
30.101 	2.4308e-06 	3.28277e-10 	-4.15529e-07
30.1515 	2.41832e-06 	3.8693e-10 	-4.13439e-07
30.202 	2.40589e-06 	4.19305e-10 	-4.11078e-07
30.2525 	2.39351e-06 	4.26153e-10 	-4.086e-07
30.303 	2.38119e-06 	4.09903e-10 	-4.06153e-07
30.3535 	2.36892e-06 	3.74277e-10 	-4.03863e-07
30.404 	2.3567e-06 	3.239e-10 	-4.01833e-07
30.4545 	2.34453e-06 	2.63908e-10 	-4.00136e-07
30.5051 	2.33242e-06 	1.99555e-10 	-3.98813e-07
30.5556 	2.32037e-06 	1.35838e-10 	-3.97875e-07
30.6061 	2.30838e-06 	7.71652e-11 	-3.97305e-07
30.6566 	2.29646e-06 	2.70899e-11 	-3.97061e-07
30.7071 	2.2846e-06 	-1.185e-11 	-3.97084e-07
30.7576 	2.2728e-06 	-3.82021e-11 	-3.97301e-07
30.8081 	2.26106e-06 	-5.15741e-11 	-3.97637e-07
30.8586 	2.24938e-06 	-5.25343e-11 	-3.98015e-07
30.9091 	2.23775e-06 	-4.24586e-11 	-3.98363e-07
30.9596 	2.22619e-06 	-2.33406e-11 	-3.98623e-07
31.0101 	2.21469e-06 	2.41651e-12 	-3.98746e-07
31.0606 	2.20325e-06 	3.22128e-11 	-3.98702e-07
31.1111 	2.19188e-06 	6.34555e-11 	-3.98473e-07
31.1616 	2.18058e-06 	9.37409e-11 	-3.98059e-07
31.2121 	2.16934e-06 	1.21004e-10 	-3.97471e-07
31.2626 	2.15816e-06 	1.43627e-10 	-3.96733e-07
31.3131 	1.62196e-06 	2.17273e-09 	-3.85093e-07
31.3636 	3.52627e-06 	1.3338e-09 	-3.74862e-07
31.4141 	3.27315e-06 	4.88983e-09 	-3.50581e-07
31.4646 	3.3703e-06 	5.65973e-09 	-3.19047e-07
31.5152 	3.4155e-06 	5.97683e-10 	-2.95539e-07
31.5657 	3.40772e-06 	-3.76245e-09 	-3.04941e-07
31.6162 	3.38278e-06 	-7.24916e-09 	-3.39408e-07
31.6667 	3.3517e-06 	8.14006e-10 	-3.50225e-07
31.7172 	3.31864e-06 	4.89775e-09 	-3.325e-07
31.7677 	3.28709e-06 	1.24698e-09 	-3.09888e-07
31.8182 	3.25981e-06 	-2.751e-09 	-3.14826e-07
31.8687 	3.23667e-06 	-5.69838e-09 	-3.41427e-07
31.9192 	3.21896e-06 	1.60052e-09 	-3.46435e-07
31.9697 	3.19988e-06 	5.49213e-09 	-3.24642e-07
32.0202 	3.18098e-06 	1.6637e-09 	-2.98725e-07
32.0707 	3.16263e-06 	-2.63099e-09 	-3.01929e-07
32.1212 	3.14763e-06 	-6.05254e-09 	-3.2919e-07
32.1717 	3.13557e-06 	9.36145e-10 	-3.3712e-07
32.2222 	3.1212e-06 	4.72547e-09 	-3.19513e-07
32.2727 	3.10777e-06 	6.74101e-09 	-2.84701e-07
32.3232 	3.09458e-06 	1.29795e-09 	-2.56365e-07
32.3737 	3.07928e-06 	-3.82615e-09 	-2.64217e-07
32.4242 	3.06866e-06 	-7.81568e-09 	-3.00442e-07
32.4747 	3.05886e-06 	1.13701e-11 	-3.15329e-07
32.5253 	3.04661e-06 	4.13283e-09 	-3.02248e-07
32.5758 	3.03492e-06 	6.34072e-09 	-2.70386e-07
32.6263 	3.02366e-06 	1.29797e-09 	-2.43447e-07
32.6768 	3.0099e-06 	-3.38037e-09 	-2.49969e-07
32.7273 	2.99984e-06 	-6.93404e-09 	-2.82157e-07
32.7778 	2.99128e-06 	4.00951e-10 	-2.93897e-07
32.8283 	2.97991e-06 	4.22825e-09 	-2.79391e-07
32.8788 	2.96879e-06 	6.17675e-09 	-2.47788e-07
32.9293 	2.95813e-06 	1.11692e-09 	-2.2204e-07
32.9798 	2.94512e-06 	-3.56222e-09 	-2.2967e-07
33.0303 	2.93563e-06 	-7.09712e-09 	-2.62883e-07
33.0808 	2.92735e-06 	2.87936e-10 	-2.75417e-07
33.1313 	2.91643e-06 	4.17132e-09 	-2.61417e-07
33.1818 	2.90573e-06 	6.19204e-09 	-2.2992e-07
33.2323 	2.89541e-06 	1.22571e-09 	-2.03805e-07
33.2828 	2.88261e-06 	-3.37917e-09 	-2.10534e-07
33.3333 	2.87333e-06 	-6.87649e-09 	-2.42506e-07
33.3838 	2.86529e-06 	2.71982e-10 	-2.54633e-07
33.4343 	2.85464e-06 	4.01542e-09 	-2.4116e-07
33.4848 	2.84415e-06 	5.94839e-09 	-2.10871e-07
33.5354 	2.83412e-06 	1.12173e-09 	-1.85922e-07
33.5859 	2.82168e-06 	-3.34628e-09 	-1.9286e-07
33.6364 	2.81261e-06 	-6.72511e-09 	-2.24244e-07
33.6869 	2.80476e-06 	2.97164e-10 	-2.36007e-07
33.7374 	2.79437e-06 	3.98557e-09 	-2.22557e-07
33.7879 	2.78414e-06 	5.89642e-09 	-1.92519e-07
33.8384 	2.77433e-06 	1.14315e-09 	-1.67712e-07
33.8889 	2.76212e-06 	-3.26157e-09 	-1.74324e-07
33.9394 	2.75325e-06 	-6.60219e-09 	-2.05067e-07
33.9899 	2.74556e-06 	2.64705e-10 	-2.16705e-07
34.0404 	2.73538e-06 	3.86621e-09 	-2.03726e-07
34.0909 	2.72535e-06 	5.7306e-09 	-1.74553e-07
34.1414 	2.71576e-06 	1.09681e-09 	-1.50477e-07
34.1919 	2.70384e-06 	-3.19499e-09 	-1.57025e-07
34.2424 	2.69514e-06 	-6.44481e-09 	-1.87069e-07
34.2929 	2.68763e-06 	2.76733e-10 	-1.98368e-07
34.3434 	2.67767e-06 	3.80452e-09 	-1.85551e-07
34.3939 	2.66787e-06 	5.6307e-09 	-1.56872e-07
34.4444 	2.65848e-06 	1.08399e-09 	-1.33204e-07
34.4949 	2.6468e-06 	-3.12826e-09 	-1.39585e-07
34.5455 	2.63829e-06 	-6.32048e-09 	-1.69035e-07
34.596 	2.63093e-06 	2.61148e-10 	-1.80152e-07
34.6465 	2.62119e-06 	3.71439e-09 	-1.67665e-07
34.697 	2.61159e-06 	5.50235e-09 	-1.3965e-07
34.7475 	2.60239e-06 	1.05699e-09 	-1.16526e-07
34.798 	2.59097e-06 	-3.06089e-09 	-1.22781e-07
34.8485 	2.58264e-06 	-6.18041e-09 	-1.51585e-07
34.899 	2.57544e-06 	2.60698e-10 	-1.62437e-07
34.9495 	2.5659e-06 	3.64059e-09 	-1.50184e-07
35.0 	2.5565e-06 	5.39022e-09 	-1.22735e-07
35.0505 	2.54751e-06 	1.0361e-09 	-1.00081e-07
35.101 	2.53632e-06 	-2.99743e-09 	-1.06203e-07
35.1515 	2.52817e-06 	-6.05352e-09 	-1.34413e-07
35.202 	2.52112e-06 	2.52868e-10 	-1.45051e-07
35.2525 	2.51178e-06 	3.56196e-09 	-1.3307e-07
35.303 	2.50259e-06 	5.27518e-09 	-1.06209e-07
35.3535 	2.49378e-06 	1.01391e-09 	-8.40381e-08
35.404 	2.48284e-06 	-2.93353e-09 	-9.00301e-08
35.4545 	2.47486e-06 	-5.92424e-09 	-1.17638e-07
35.5051 	2.46796e-06 	2.48498e-10 	-1.28045e-07
35.5556 	2.45882e-06 	3.48747e-09 	-1.16312e-07
35.6061 	2.44982e-06 	5.16426e-09 	-9.0014e-08
35.6566 	2.4412e-06 	9.92486e-10 	-6.83101e-08
35.7071 	2.43048e-06 	-2.87205e-09 	-7.41771e-08
35.7576 	2.42267e-06 	-5.79998e-09 	-1.01206e-07
35.8081 	2.41592e-06 	2.42919e-10 	-1.11396e-07
35.8586 	2.40697e-06 	3.41379e-09 	-9.99116e-08
35.9091 	2.39816e-06 	5.05538e-09 	-7.41688e-08
35.9596 	2.38972e-06 	9.71671e-10 	-5.29222e-08
36.0101 	2.37924e-06 	-2.8113e-09 	-5.86645e-08
36.0606 	2.37159e-06 	-5.67744e-09 	-8.51222e-08
36.1111 	2.36498e-06 	2.37886e-10 	-9.50968e-08
36.1616 	2.35622e-06 	3.34179e-09 	-8.38539e-08
36.2121 	2.3476e-06 	4.94869e-09 	-5.86543e-08
36.2626 	2.33934e-06 	9.51084e-10 	-3.78563e-08
36.3131 	2.32908e-06 	-2.75212e-09 	-4.34781e-08
36.3636 	2.32159e-06 	-5.55779e-09 	-6.93785e-08
36.4141 	2.31512e-06 	2.32876e-10 	-7.91429e-08
36.4646 	2.30655e-06 	3.27139e-09 	-6.81369e-08
36.5152 	2.29811e-06 	4.84444e-09 	-4.34681e-08
36.5657 	2.29003e-06 	9.31095e-10 	-2.31081e-08
36.6162 	2.27998e-06 	-2.69406e-09 	-2.86111e-08
36.6667 	2.27265e-06 	-5.44062e-09 	-5.39653e-08
36.7172 	2.26632e-06 	2.27947e-10 	-6.35239e-08
36.7677 	2.25793e-06 	3.20238e-09 	-5.27501e-08
36.8182 	2.24967e-06 	4.74226e-09 	-2.86017e-08
36.8687 	2.24176e-06 	9.1143e-10 	-8.67114e-09
36.9192 	2.23192e-06 	-2.63728e-09 	-1.40583e-08
36.9697 	2.22475e-06 	-5.32592e-09 	-3.8878e-08
37.0202 	2.21855e-06 	2.23166e-10 	-4.8235e-08
37.0707 	2.21034e-06 	3.13491e-09 	-3.76881e-08
37.1212 	2.20225e-06 	4.64233e-09 	-1.40486e-08
37.1717 	2.19451e-06 	8.92235e-10 	5.46201e-09
37.2222 	2.18488e-06 	-2.58169e-09 	1.88466e-10
37.2727 	2.17786e-06 	-5.21367e-09 	-2.41081e-08
37.3232 	1.6368e-06 	-2.16445e-09 	-4.49991e-08
37.3737 	3.55976e-06 	1.15177e-09 	-4.76649e-08
37.4242 	3.30532e-06 	2.72848e-10 	-4.76053e-08
37.4747 	3.40662e-06 	-5.75913e-11 	-4.70642e-08
37.5253 	3.45582e-06 	-1.56672e-09 	-5.25281e-08
37.5758 	3.45327e-06 	-2.34229e-09 	-6.45605e-08
37.6263 	3.42818e-06 	-2.33239e-09 	-7.85014e-08
37.6768 	3.39542e-06 	-2.08523e-09 	-9.16857e-08
37.7273 	3.36312e-06 	-1.80628e-09 	-1.03243e-07
37.7778 	3.33321e-06 	-1.50605e-09 	-1.12961e-07
37.8283 	3.30624e-06 	-1.2006e-09 	-1.20887e-07
37.8788 	3.28211e-06 	-9.5147e-10 	-1.27285e-07
37.9293 	3.2602e-06 	-6.04008e-10 	-1.31878e-07
37.9798 	3.24018e-06 	-1.8684e-10 	-1.3417e-07
38.0303 	3.2215e-06 	2.36902e-10 	-1.33933e-07
38.0808 	3.20394e-06 	6.00635e-10 	-1.31334e-07
38.1313 	3.18729e-06 	8.56483e-10 	-1.26887e-07
38.1818 	3.17141e-06 	9.90488e-10 	-1.21287e-07
38.2323 	3.15614e-06 	1.01764e-09 	-1.15223e-07
38.2828 	3.14138e-06 	9.65205e-10 	-1.09251e-07
38.3333 	3.12704e-06 	8.57752e-10 	-1.03769e-07
38.3838 	3.11304e-06 	7.11289e-10 	-9.90571e-08
38.4343 	3.09934e-06 	5.35888e-10 	-9.5316e-08
38.4848 	3.08591e-06 	3.41483e-10 	-9.2689e-08
38.5354 	3.07272e-06 	1.41574e-10 	-9.12486e-08
38.5859 	3.05904e-06 	-2.31559e-11 	-9.11441e-08
38.6364 	3.04526e-06 	-1.92744e-10 	-9.18206e-08
38.6869 	3.03106e-06 	-3.51284e-10 	-9.36038e-08
38.7374 	3.01693e-06 	-4.16207e-10 	-9.59785e-08
38.7879 	3.00261e-06 	-4.60676e-10 	-9.87057e-08
38.8384 	2.98816e-06 	-4.48854e-10 	-1.01516e-07
38.8889 	2.97358e-06 	-3.99637e-10 	-1.04138e-07
38.9394 	2.95893e-06 	-3.19891e-10 	-1.0637e-07
38.9899 	2.94423e-06 	-2.16354e-10 	-1.08048e-07
39.0404 	2.92951e-06 	-9.91331e-11 	-1.09062e-07
39.0909 	2.91479e-06 	2.18102e-11 	-1.0936e-07
39.1414 	2.90014e-06 	1.3756e-10 	-1.08948e-07
39.1919 	2.88552e-06 	2.40571e-10 	-1.07879e-07
39.2424 	2.87094e-06 	3.24871e-10 	-1.06249e-07
39.2929 	2.8564e-06 	3.86319e-10 	-1.04182e-07
39.3434 	2.84188e-06 	4.22874e-10 	-1.01823e-07
39.3939 	2.82741e-06 	4.34625e-10 	-9.93207e-08
39.4444 	2.81298e-06 	4.2352e-10 	-9.68184e-08
39.4949 	2.79858e-06 	3.92924e-10 	-9.44432e-08
39.5455 	2.78424e-06 	3.47159e-10 	-9.22991e-08
39.596 	2.76994e-06 	2.91089e-10 	-9.04621e-08
39.6465 	2.7557e-06 	2.29739e-10 	-8.89789e-08
39.697 	2.74153e-06 	1.67947e-10 	-8.78662e-08
39.7475 	2.72741e-06 	1.10057e-10 	-8.71131e-08
39.798 	2.71336e-06 	5.96647e-11 	-8.66851e-08
39.8485 	2.69938e-06 	1.94454e-11 	-8.65285e-08
39.899 	2.68547e-06 	-8.94442e-12 	-8.65769e-08
39.9495 	2.67163e-06 	-2.48746e-11 	-8.67573e-08
40.0 	2.65785e-06 	-2.86722e-11 	-8.69954e-08
40.0505 	2.64414e-06 	-2.14872e-11 	-8.72219e-08
40.101 	2.6305e-06 	-5.11477e-12 	-8.73761e-08
40.1515 	2.61693e-06 	1.82081e-11 	-8.74096e-08
40.202 	2.60343e-06 	4.60102e-11 	-8.72882e-08
40.2525 	2.59001e-06 	7.57858e-11 	-8.69927e-08
40.303 	2.57666e-06 	1.05173e-10 	-8.65186e-08
40.3535 	2.56339e-06 	1.32104e-10 	-8.58745e-08
40.404 	2.55018e-06 	1.54914e-10 	-8.50804e-08
40.4545 	2.53704e-06 	1.72421e-10 	-8.41649e-08
40.5051 	2.52397e-06 	1.83946e-10 	-8.3162e-08
40.5556 	2.51097e-06 	1.89313e-10 	-8.21082e-08
40.6061 	2.49803e-06 	1.88799e-10 	-8.10399e-08
40.6566 	2.48515e-06 	1.83065e-10 	-7.99904e-08
40.7071 	2.47234e-06 	1.73066e-10 	-7.89883e-08
40.7576 	2.45959e-06 	1.59947e-10 	-7.80556e-08
40.8081 	2.4469e-06 	1.44946e-10 	-7.72074e-08
40.8586 	2.43428e-06 	1.29294e-10 	-7.64513e-08
40.9091 	2.42172e-06 	1.14125e-10 	-7.57875e-08
40.9596 	2.40922e-06 	1.00416e-10 	-7.52103e-08
41.0101 	2.39679e-06 	8.89256e-11 	-7.47084e-08
41.0606 	2.38442e-06 	8.01758e-11 	-7.42669e-08
41.1111 	2.37212e-06 	7.44335e-11 	-7.38684e-08
41.1616 	2.35987e-06 	7.17235e-11 	-7.34948e-08
41.2121 	2.3477e-06 	7.18544e-11 	-7.31284e-08
41.2626 	2.33558e-06 	7.44565e-11 	-7.27533e-08
41.3131 	2.32353e-06 	7.90276e-11 	-7.2356e-08
41.3636 	2.31154e-06 	8.49838e-11 	-7.19266e-08
41.4141 	2.29962e-06 	9.17096e-11 	-7.14587e-08
41.4646 	2.28776e-06 	9.86053e-11 	-7.09493e-08
41.5152 	2.27595e-06 	1.05127e-10 	-7.03993e-08
41.5657 	2.26421e-06 	1.1082e-10 	-6.98122e-08
41.6162 	2.25254e-06 	1.15337e-10 	-6.91942e-08
41.6667 	2.24092e-06 	1.18457e-10 	-6.85529e-08
41.7172 	2.22936e-06 	1.20079e-10 	-6.78972e-08
41.7677 	2.21786e-06 	1.20223e-10 	-6.7236e-08
41.8182 	2.20641e-06 	1.19007e-10 	-6.65778e-08
41.8687 	2.19503e-06 	1.16635e-10 	-6.59301e-08
41.9192 	2.1837e-06 	1.13369e-10 	-6.52992e-08
41.9697 	2.17244e-06 	1.09504e-10 	-6.46895e-08
42.0202 	2.16123e-06 	1.05344e-10 	-6.41037e-08
42.0707 	1.54471e-06 	-1.62272e-09 	-6.67391e-08
42.1212 	3.46875e-06 	-3.15435e-09 	-7.8316e-08
42.1717 	3.62302e-06 	2.12855e-09 	-7.79518e-08
42.2222 	2.48916e-06 	3.94807e-09 	-6.06876e-08
42.2727 	2.42488e-06 	2.22775e-10 	-4.13648e-08
42.3232 	2.29972e-06 	-5.84341e-09 	-5.76565e-08
42.3737 	2.25299e-06 	-2.12757e-09 	-7.6391e-08
42.4242 	2.236e-06 	1.51603e-09 	-7.69459e-08
42.4747 	2.23379e-06 	3.05371e-09 	-6.32143e-08
42.5253 	2.23764e-06 	3.83523e-09 	-4.25578e-08
42.5758 	2.24103e-06 	4.14801e-09 	-1.8683e-08
42.6263 	2.2427e-06 	-2.30954e-10 	-3.98054e-09
42.6768 	2.24004e-06 	-3.74583e-09 	-1.61502e-08
42.7273 	2.23937e-06 	-5.35718e-10 	-2.43591e-08
42.7778 	2.23642e-06 	1.06912e-09 	-2.2397e-08
42.8283 	2.23159e-06 	1.59944e-09 	-1.42387e-08
42.8788 	2.22688e-06 	1.49452e-09 	-5.06984e-09
42.9293 	2.22205e-06 	1.34962e-09 	3.3809e-09
42.9798 	2.21636e-06 	1.33437e-09 	1.13616e-08
43.0303 	2.20978e-06 	1.43083e-09 	1.96267e-08
43.0808 	2.20265e-06 	1.48935e-09 	2.83888e-08
43.1313 	2.1952e-06 	1.38884e-09 	3.70247e-08
43.1818 	2.18751e-06 	1.10676e-09 	4.44861e-08
43.2323 	2.17965e-06 	6.64964e-10 	4.97262e-08
43.2828 	2.17176e-06 	2.5367e-10 	5.24537e-08
43.3333 	2.16379e-06 	-1.21657e-10 	5.27921e-08
43.3838 	2.15579e-06 	-4.13304e-10 	5.11222e-08
43.4343 	1.54215e-06 	1.04572e-09 	5.11009e-08
43.4848 	3.46548e-06 	2.4975e-09 	5.89607e-08
43.5354 	3.62331e-06 	-2.93615e-09 	5.4196e-08
43.5859 	2.49006e-06 	-4.22676e-09 	3.34662e-08
43.6364 	2.42624e-06 	-2.24117e-10 	1.34036e-08
43.6869 	2.30222e-06 	6.15049e-09 	3.05932e-08
43.7374 	2.25635e-06 	2.41698e-09 	5.09292e-08
43.7879 	2.23953e-06 	-1.18742e-09 	5.33122e-08
43.8384 	2.23775e-06 	-2.62905e-09 	4.18766e-08
43.8889 	2.24181e-06 	-3.36837e-09 	2.39245e-08
43.9394 	2.24557e-06 	-3.69879e-09 	2.81241e-09
43.9899 	2.24764e-06 	3.86435e-10 	-9.91675e-09
44.0404 	2.24533e-06 	3.64255e-09 	2.42913e-09
44.0909 	2.24492e-06 	2.96526e-10 	9.67288e-09
44.1414 	2.24214e-06 	-1.41714e-09 	5.94259e-09
44.1919 	2.23743e-06 	-2.02043e-09 	-4.52715e-09
44.2424 	2.233e-06 	-1.95509e-09 	-1.63464e-08
44.2929 	2.22824e-06 	-1.81407e-09 	-2.75735e-08
44.3434 	2.22258e-06 	-1.76873e-09 	-3.82482e-08
44.3939 	2.21602e-06 	-1.80417e-09 	-4.89313e-08
44.4444 	2.20892e-06 	-1.77746e-09 	-5.96704e-08
44.4949 	2.20147e-06 	-1.5774e-09 	-6.97273e-08
44.5455 	2.19379e-06 	-1.19234e-09 	-7.80009e-08
44.596 	2.18597e-06 	-6.53741e-10 	-8.34536e-08
44.6465 	2.17813e-06 	-1.59625e-10 	-8.58554e-08
44.697 	2.17027e-06 	2.80952e-10 	-8.54236e-08
44.7475 	2.16246e-06 	6.18024e-10 	-8.26516e-08
44.798 	2.15461e-06 	8.44471e-10 	-7.81901e-08
44.8485 	1.54132e-06 	-6.79637e-10 	-7.57676e-08
44.899 	3.4635e-06 	-2.19174e-09 	-8.16373e-08
44.9495 	3.62141e-06 	3.18762e-09 	-7.52006e-08
45.0 	2.48981e-06 	4.24991e-09 	-5.36056e-08
45.0505 	2.42606e-06 	9.98876e-11 	-3.38983e-08
45.101 	2.30322e-06 	-6.43942e-09 	-5.23385e-08
45.1515 	2.25836e-06 	-2.57486e-09 	-7.37958e-08
45.202 	2.24212e-06 	1.05476e-09 	-7.70459e-08
45.2525 	2.24095e-06 	2.49097e-09 	-6.64363e-08
45.303 	2.24543e-06 	3.25254e-09 	-4.92552e-08
45.3535 	2.24957e-06 	3.63369e-09 	-2.86807e-08
45.404 	2.25187e-06 	-3.89005e-10 	-1.61712e-08
45.4545 	2.24975e-06 	-3.54992e-09 	-2.81962e-08
45.5051 	2.24951e-06 	-2.33197e-10 	-3.50299e-08
45.5556 	2.24684e-06 	1.47663e-09 	-3.09254e-08
45.6061 	2.24217e-06 	2.07083e-09 	-2.01243e-08
45.6566 	2.23779e-06 	1.99478e-09 	-8.03343e-09
45.7071 	2.23305e-06 	1.84237e-09 	3.39767e-09
45.7576 	2.22738e-06 	1.78673e-09 	1.4211e-08
45.8081 	2.2208e-06 	1.81266e-09 	2.49734e-08
45.8586 	2.21365e-06 	1.77626e-09 	3.57342e-08
45.9091 	2.20616e-06 	1.56636e-09 	4.57539e-08
45.9596 	2.19843e-06 	1.17253e-09 	5.39341e-08
46.0101 	2.19055e-06 	6.27592e-10 	5.92479e-08
46.0606 	2.18265e-06 	1.30363e-10 	6.14828e-08
46.1111 	2.17474e-06 	-3.10296e-10 	6.08746e-08
46.1616 	2.16687e-06 	-6.45045e-10 	5.79332e-08
46.2121 	2.15895e-06 	-8.67513e-10 	5.33215e-08
46.2626 	2.15091e-06 	-9.96133e-10 	4.76591e-08
46.3131 	1.61717e-06 	-3.06969e-09 	3.0831e-08
46.3636 	3.57486e-06 	-5.08099e-09 	1.02446e-08
46.4141 	3.11167e-06 	-3.35413e-09 	-1.40022e-08
46.4646 	3.07769e-06 	-1.17274e-09 	-2.71948e-08
46.5152 	3.05542e-06 	2.3634e-11 	-3.05866e-08
46.5657 	3.0214e-06 	8.9628e-10 	-2.78638e-08
46.6162 	2.98642e-06 	1.5475e-09 	-2.05034e-08
46.6667 	2.95424e-06 	2.11912e-09 	-9.46712e-09
46.7172 	2.92543e-06 	2.50199e-09 	4.36126e-09
46.7677 	2.89998e-06 	2.69125e-09 	1.99287e-08
46.8182 	2.87735e-06 	2.60832e-09 	3.57958e-08
46.8687 	2.85689e-06 	2.27195e-09 	5.03724e-08
46.9192 	2.83806e-06 	1.763e-09 	6.23858e-08
46.9697 	2.82052e-06 	1.16903e-09 	7.10722e-08
47.0202 	2.80407e-06 	5.12482e-10 	7.59773e-08
47.0707 	2.78797e-06 	-5.08369e-11 	7.75296e-08
47.1212 	2.77268e-06 	-5.35857e-10 	7.57177e-08
47.1717 	2.75758e-06 	-9.11755e-10 	7.14383e-08
47.2222 	2.74304e-06 	-1.23153e-09 	6.50087e-08
47.2727 	2.72864e-06 	-1.42429e-09 	5.68975e-08
47.3232 	2.71432e-06 	-1.48104e-09 	4.80668e-08
47.3737 	2.70009e-06 	-1.44515e-09 	3.91717e-08
47.4242 	2.68592e-06 	-1.31512e-09 	3.07881e-08
47.4747 	2.67179e-06 	-1.10877e-09 	2.34292e-08
47.5253 	2.65769e-06 	-8.45694e-10 	1.7663e-08
47.5758 	2.64371e-06 	-5.88255e-10 	1.3439e-08
47.6263 	2.6298e-06 	-3.09217e-10 	1.08444e-08
47.6768 	2.61601e-06 	-4.44946e-11 	9.88551e-09
47.7273 	2.60238e-06 	1.84693e-10 	1.04073e-08
47.7778 	2.58883e-06 	3.6605e-10 	1.21578e-08
47.8283 	2.57533e-06 	4.91553e-10 	1.48237e-08
47.8788 	2.56189e-06 	5.58892e-10 	1.80615e-08
47.9293 	2.54849e-06 	5.70754e-10 	2.15302e-08
47.9798 	2.53515e-06 	5.3316e-10 	2.49155e-08
48.0303 	2.52188e-06 	4.54409e-10 	2.79465e-08
48.0808 	2.50868e-06 	3.44425e-10 	3.04069e-08
48.1313 	2.49556e-06 	2.14168e-10 	3.21432e-08
48.1818 	2.48253e-06 	7.49658e-11 	3.30685e-08
48.2323 	2.46961e-06 	-6.22709e-11 	3.31628e-08
48.2828 	2.45681e-06 	-1.87848e-10 	3.24677e-08
48.3333 	2.4441e-06 	-2.93964e-10 	3.10772e-08
48.3838 	2.43146e-06 	-3.75151e-10 	2.91252e-08
48.4343 	2.41888e-06 	-4.2843e-10 	2.67707e-08
48.4848 	2.40636e-06 	-4.53208e-10 	2.41834e-08
48.5354 	2.39389e-06 	-4.50995e-10 	2.15302e-08
48.5859 	2.38147e-06 	-4.25004e-10 	1.89635e-08
48.6364 	2.3691e-06 	-3.79722e-10 	1.66126e-08
48.6869 	2.35678e-06 	-3.2046e-10 	1.45773e-08
48.7374 	2.34452e-06 	-2.52908e-10 	1.29242e-08
48.7879 	2.33232e-06 	-1.82715e-10 	1.16856e-08
48.8384 	2.32018e-06 	-1.15092e-10 	1.08614e-08
48.8889 	2.3081e-06 	-5.44971e-11 	1.04222e-08
48.9394 	2.29609e-06 	-4.38691e-12 	1.0315e-08
48.9899 	2.28415e-06 	3.29174e-11 	1.04694e-08
49.0404 	2.27227e-06 	5.62686e-11 	1.08049e-08
49.0909 	2.26044e-06 	6.5639e-11 	1.12372e-08
49.1414 	2.24868e-06 	6.19904e-11 	1.16852e-08
49.1919 	2.23697e-06 	4.70922e-11 	1.2076e-08
49.2424 	2.22533e-06 	2.33037e-11 	1.23491e-08
49.2929 	2.21375e-06 	-6.65693e-12 	1.24596e-08
49.3434 	2.20224e-06 	-3.99435e-11 	1.23789e-08
49.3939 	2.1908e-06 	-7.37961e-11 	1.20956e-08
49.4444 	2.17942e-06 	-1.05726e-10 	1.16141e-08
49.4949 	2.16811e-06 	-1.3366e-10 	1.09522e-08
49.5455 	2.15686e-06 	-1.56043e-10 	1.0139e-08
49.596 	1.62069e-06 	-2.18293e-09 	-1.56671e-09
49.6465 	3.58099e-06 	-4.13327e-09 	-1.6502e-08
49.697 	3.11307e-06 	-2.46396e-09 	-3.48065e-08
49.7475 	3.07615e-06 	-4.33091e-10 	-4.31225e-08
49.798 	3.0509e-06 	6.59655e-10 	-4.23357e-08
49.8485 	3.01465e-06 	1.35433e-09 	-3.63291e-08
49.899 	2.97777e-06 	1.79574e-09 	-2.68702e-08
49.9495 	2.94394e-06 	2.15755e-09 	-1.50053e-08
50.0 	2.91379e-06 	2.35192e-09 	-1.54923e-09
50.0505 	2.88729e-06 	2.39225e-09 	1.26356e-08
50.101 	2.86382e-06 	2.20619e-09 	2.63697e-08
50.1515 	2.84272e-06 	1.81126e-09 	3.83344e-08
50.202 	2.8234e-06 	1.28438e-09 	4.75121e-08
50.2525 	2.8055e-06 	6.59791e-10 	5.32025e-08
50.303 	2.78821e-06 	1.11604e-10 	5.56783e-08
50.3535 	2.77183e-06 	-3.68256e-10 	5.48504e-08
50.404 	2.75588e-06 	-7.4228e-10 	5.15769e-08
50.4545 	2.74065e-06 	-1.06353e-09 	4.61568e-08
50.5051 	2.72566e-06 	-1.26185e-09 	3.9211e-08
50.5556 	2.71094e-06 	-1.37572e-09 	3.11525e-08
50.6061 	2.69634e-06 	-1.35648e-09 	2.28496e-08
50.6566 	2.68187e-06 	-1.26448e-09 	1.48807e-08
50.7071 	2.66752e-06 	-1.10081e-09 	7.69107e-09
50.7576 	2.65325e-06 	-8.75513e-10 	1.8534e-09
50.8081 	2.63913e-06 	-6.48517e-10 	-2.64581e-09
50.8586 	2.62511e-06 	-3.90785e-10 	-5.66973e-09
50.9091 	2.61122e-06 	-1.3783e-10 	-7.15526e-09
50.9596 	2.5975e-06 	8.79096e-11 	-7.20406e-09
51.0101 	2.5839e-06 	2.72623e-10 	-6.02327e-09
51.0606 	2.57037e-06 	4.07073e-10 	-3.8895e-09
51.1111 	2.55691e-06 	4.87974e-10 	-1.11596e-09
51.1616 	2.54352e-06 	5.16968e-10 	1.98055e-09
51.2121 	2.53018e-06 	4.98747e-10 	5.103e-09
51.2626 	2.51692e-06 	4.40014e-10 	7.98893e-09
51.3131 	2.50372e-06 	3.49032e-10 	1.0421e-08
51.3636 	2.49061e-06 	2.35305e-10 	1.22351e-08
51.4141 	2.47759e-06 	1.09111e-10 	1.33267e-08
51.4646 	2.46467e-06 	-1.91956e-11 	1.36528e-08
51.5152 	2.45187e-06 	-1.4003e-10 	1.32304e-08
51.5657 	2.43916e-06 	-2.45357e-10 	1.21292e-08
51.6162 	2.42653e-06 	-3.29246e-10 	1.04607e-08
51.6667 	2.41397e-06 	-3.88109e-10 	8.36479e-09
51.7172 	2.40147e-06 	-4.2065e-10 	5.99604e-09
51.7677 	2.38902e-06 	-4.27612e-10 	3.51039e-09
51.8182 	2.37663e-06 	-4.11421e-10 	1.05424e-09
51.8687 	2.36429e-06 	-3.75799e-10 	-1.2446e-09
51.9192 	2.352e-06 	-3.25377e-10 	-3.28348e-09
51.9697 	2.33977e-06 	-2.65298e-10 	-4.98923e-09
52.0202 	2.32759e-06 	-2.00827e-10 	-6.31999e-09
52.0707 	2.31547e-06 	-1.36972e-10 	-7.26484e-09
52.1212 	2.30342e-06 	-7.81497e-11 	-7.8412e-09
52.1717 	2.29143e-06 	-2.79268e-11 	-8.09041e-09
52.2222 	2.27951e-06 	1.11503e-11 	-8.07218e-09
52.2727 	2.26766e-06 	3.76216e-11 	-7.85813e-09
52.3232 	2.25586e-06 	5.10892e-11 	-7.5254e-09
52.3737 	2.24412e-06 	5.21182e-11 	-7.15054e-09
52.4242 	2.23244e-06 	4.20836e-11 	-6.80415e-09
52.4747 	2.22082e-06 	2.29801e-11 	-6.54669e-09
52.5253 	2.20926e-06 	-2.78624e-12 	-6.42529e-09
52.5758 	2.19777e-06 	-3.26114e-11 	-6.472e-09
52.6263 	2.18635e-06 	-6.38974e-11 	-6.70324e-09
52.6768 	2.175e-06 	-9.42352e-11 	-7.12033e-09
52.7273 	2.16371e-06 	-1.21554e-10 	-7.71115e-09
52.7778 	1.54643e-06 	1.58341e-09 	-5.24869e-09
52.8283 	3.47222e-06 	3.09261e-09 	6.01882e-09
52.8788 	3.62654e-06 	-2.2133e-09 	5.20786e-09
52.9293 	2.49083e-06 	-3.9829e-09 	-1.24324e-08
52.9798 	2.42611e-06 	-2.29775e-10 	-3.18735e-08
53.0303 	2.29982e-06 	5.87237e-09 	-1.55201e-08
53.0808 	2.25219e-06 	2.16228e-09 	3.39122e-09
53.1313 	2.23443e-06 	-1.47972e-09 	4.15973e-09
53.1818 	2.23163e-06 	-3.01489e-09 	-9.34589e-09
53.2323 	2.23501e-06 	-3.79423e-09 	-2.9761e-08
53.2828 	2.23807e-06 	-4.10789e-09 	-5.33919e-08
53.3333 	2.2395e-06 	2.43915e-10 	-6.79201e-08
53.3838 	2.23667e-06 	3.73332e-09 	-5.57486e-08
53.4343 	2.23587e-06 	5.16658e-10 	-4.76236e-08
53.4848 	2.23282e-06 	-1.09435e-09 	-4.97192e-08
53.5354 	2.22792e-06 	-1.62952e-09 	-5.80441e-08
53.5859 	2.22318e-06 	-1.52755e-09 	-6.74033e-08
53.6364 	2.21833e-06 	-1.38271e-09 	-7.60528e-08
53.6869 	2.21263e-06 	-1.36468e-09 	-8.42237e-08
53.7374 	2.20607e-06 	-1.45599e-09 	-9.26549e-08
53.7879 	2.19897e-06 	-1.50789e-09 	-1.01547e-07
53.8384 	2.19155e-06 	-1.4002e-09 	-1.10272e-07
53.8889 	2.18391e-06 	-1.11104e-09 	-1.1778e-07
53.9394 	2.17611e-06 	-6.62875e-10 	-1.23026e-07
53.9899 	2.16827e-06 	-2.46137e-10 	-1.25723e-07
54.0404 	2.16038e-06 	1.33383e-10 	-1.26003e-07
54.0909 	2.15245e-06 	4.27834e-10 	-1.24253e-07
54.1414 	1.61852e-06 	2.65365e-09 	-1.10404e-07
54.1919 	3.57818e-06 	4.788e-09 	-9.19028e-08
54.2424 	3.11546e-06 	3.15815e-09 	-6.9148e-08
54.2929 	3.08154e-06 	1.10311e-09 	-5.67346e-08
54.3434 	3.05944e-06 	3.03509e-11 	-5.33686e-08
54.3939 	3.02562e-06 	-7.18725e-10 	-5.53679e-08
54.4444 	2.99084e-06 	-1.26574e-09 	-6.13189e-08
54.4949 	2.95883e-06 	-1.7172e-09 	-7.02581e-08
54.5455 	2.93029e-06 	-2.15744e-09 	-8.19306e-08
54.596 	2.90503e-06 	-2.3453e-09 	-9.54025e-08
54.6465 	2.88261e-06 	-2.2987e-09 	-1.09302e-07
54.697 	2.86235e-06 	-2.0213e-09 	-1.22204e-07
54.7475 	2.84371e-06 	-1.58098e-09 	-1.32927e-07
54.798 	2.82633e-06 	-1.01082e-09 	-1.40582e-07
54.8485 	2.81007e-06 	-5.0591e-10 	-1.45098e-07
54.899 	2.7941e-06 	4.23504e-12 	-1.46764e-07
54.9495 	2.77886e-06 	4.37046e-10 	-1.45395e-07
55.0 	2.76381e-06 	7.67853e-10 	-1.41852e-07
55.0505 	2.74932e-06 	1.05698e-09 	-1.36386e-07
55.101 	2.73496e-06 	1.22946e-09 	-1.29567e-07
55.1515 	2.72076e-06 	1.32042e-09 	-1.2178e-07
55.202 	2.7066e-06 	1.2808e-09 	-1.13878e-07
55.2525 	2.69252e-06 	1.173e-09 	-1.06419e-07
55.303 	2.67847e-06 	9.96479e-10 	-9.99965e-08
55.3535 	2.66451e-06 	8.05503e-10 	-9.46579e-08
55.404 	2.65062e-06 	5.69719e-10 	-9.0621e-08
55.4545 	2.63681e-06 	3.23328e-10 	-8.80378e-08
55.5051 	2.62311e-06 	8.90333e-11 	-8.68989e-08
55.5556 	2.60954e-06 	-1.16816e-10 	-8.70805e-08
55.6061 	2.59606e-06 	-2.8139e-10 	-8.83704e-08
55.6566 	2.58265e-06 	-3.97719e-10 	-9.04981e-08
55.7071 	2.56928e-06 	-4.64122e-10 	-9.31681e-08
55.7576 	2.55597e-06 	-4.82491e-10 	-9.60865e-08
55.8081 	2.54271e-06 	-4.57251e-10 	-9.89789e-08
55.8586 	2.52952e-06 	-3.94858e-10 	-1.01604e-07
55.9091 	2.51639e-06 	-3.03456e-10 	-1.03763e-07
55.9596 	2.50335e-06 	-1.92426e-10 	-1.05312e-07
56.0101 	2.49039e-06 	-7.17527e-11 	-1.06164e-07
56.0606 	2.47752e-06 	4.87711e-11 	-1.06291e-07
56.1111 	2.46478e-06 	1.60351e-10 	-1.0572e-07
56.1616 	2.45211e-06 	2.55856e-10 	-1.04528e-07
56.2121 	2.43952e-06 	3.30221e-10 	-1.02826e-07
56.2626 	2.42699e-06 	3.80574e-10 	-1.00751e-07
56.3131 	2.41452e-06 	4.06122e-10 	-9.845e-08
56.3636 	2.4021e-06 	4.07902e-10 	-9.6068e-08
56.4141 	2.38973e-06 	3.88464e-10 	-9.37405e-08
56.4646 	2.37741e-06 	3.5152e-10 	-9.15839e-08
56.5152 	2.36515e-06 	3.01577e-10 	-8.96896e-08
56.5657 	2.35294e-06 	2.43559e-10 	-8.81206e-08
56.6162 	2.34079e-06 	1.82428e-10 	-8.69102e-08
56.6667 	2.3287e-06 	1.22823e-10 	-8.60628e-08
56.7172 	2.31667e-06 	6.8759e-11 	-8.55568e-08
56.7677 	2.3047e-06 	2.34015e-11 	-8.53489e-08
56.8182 	2.2928e-06 	-1.1066e-11 	-8.538e-08
56.8687 	2.28096e-06 	-3.34839e-11 	-8.55809e-08
56.9192 	2.26918e-06 	-4.36766e-11 	-8.58785e-08
56.9697 	2.25745e-06 	-4.23488e-11 	-8.62014e-08
57.0202 	2.24579e-06 	-3.09337e-11 	-8.64846e-08
57.0707 	2.23419e-06 	-1.1411e-11 	-8.66737e-08
57.1212 	2.22265e-06 	1.38926e-11 	-8.67268e-08
57.1717 	2.21118e-06 	4.25045e-11 	-8.6617e-08
57.2222 	2.19977e-06 	7.19964e-11 	-8.63318e-08
57.2727 	2.18842e-06 	1.00151e-10 	-8.58727e-08
57.3232 	2.17714e-06 	1.25097e-10 	-8.52537e-08
57.3737 	2.16592e-06 	1.45401e-10 	-8.44984e-08
57.4242 	2.15475e-06 	1.60121e-10 	-8.36377e-08
57.4747 	1.6194e-06 	2.17849e-09 	-7.19391e-08
57.5253 	3.57769e-06 	4.11898e-09 	-5.70548e-08
57.5758 	3.11072e-06 	2.44993e-09 	-3.88355e-08
57.6263 	3.07365e-06 	4.16265e-10 	-3.0613e-08
57.6768 	3.04845e-06 	-6.7885e-10 	-3.1509e-08
57.7273 	3.01239e-06 	-1.37236e-09 	-3.76272e-08
57.7778 	2.97573e-06 	-1.81201e-09 	-4.71886e-08
57.8283 	2.9421e-06 	-2.1713e-09 	-5.91434e-08
57.8788 	2.91214e-06 	-2.36239e-09 	-7.26715e-08
57.9293 	2.8858e-06 	-2.39917e-09 	-8.69079e-08
57.9798 	2.86249e-06 	-2.20957e-09 	-1.00672e-07
58.0303 	2.84154e-06 	-1.81138e-09 	-1.12647e-07
58.0808 	2.82237e-06 	-1.28171e-09 	-1.21816e-07
58.1313 	2.80462e-06 	-6.54996e-10 	-1.27483e-07
58.1818 	2.78747e-06 	-1.05312e-10 	-1.29925e-07
58.2323 	2.77123e-06 	3.75259e-10 	-1.29057e-07
58.2828 	2.75542e-06 	7.49325e-10 	-1.25741e-07
58.3333 	2.74032e-06 	1.07005e-09 	-1.20279e-07
58.3838 	2.72546e-06 	1.26733e-09 	-1.13297e-07
58.4343 	2.71086e-06 	1.37979e-09 	-1.05209e-07
58.4848 	2.69638e-06 	1.35892e-09 	-9.68865e-08
58.5354 	2.68204e-06 	1.2652e-09 	-8.89078e-08
58.5859 	2.6678e-06 	1.09985e-09 	-8.17187e-08
58.6364 	2.65365e-06 	8.7306e-10 	-7.5891e-08
58.6869 	2.63964e-06 	6.44803e-10 	-7.141e-08
58.7374 	2.62573e-06 	3.86132e-10 	-6.8411e-08
58.7879 	2.61196e-06 	1.32586e-10 	-6.69549e-08
58.8384 	2.59834e-06 	-9.33956e-11 	-6.69381e-08
58.8889 	2.58485e-06 	-2.78023e-10 	-6.81513e-08
58.9394 	2.57143e-06 	-4.12104e-10 	-7.0316e-08
58.9899 	2.55807e-06 	-4.92406e-10 	-7.31177e-08
59.0404 	2.54478e-06 	-5.2064e-10 	-7.62381e-08
59.0909 	2.53154e-06 	-5.01567e-10 	-7.93797e-08
59.1414 	2.51837e-06 	-4.41961e-10 	-8.22796e-08
59.1919 	2.50528e-06 	-3.50146e-10 	-8.47204e-08
59.2424 	2.49226e-06 	-2.3568e-10 	-8.65387e-08
59.2929 	2.47933e-06 	-1.08882e-10 	-8.76303e-08
59.3434 	2.4665e-06 	1.98681e-11 	-8.79533e-08
59.3939 	2.45379e-06 	1.40974e-10 	-8.75257e-08
59.4444 	2.44118e-06 	2.46402e-10 	-8.64182e-08
59.4949 	2.42864e-06 	3.30234e-10 	-8.47433e-08
59.5455 	2.41616e-06 	3.88907e-10 	-8.26418e-08
59.596 	2.40374e-06 	4.21154e-10 	-8.02689e-08
59.6465 	2.39138e-06 	4.27751e-10 	-7.7781e-08
59.697 	2.37907e-06 	4.11159e-10 	-7.5325e-08
59.7475 	2.36681e-06 	3.75134e-10 	-7.30287e-08
59.798 	2.3546e-06 	3.24336e-10 	-7.09948e-08
59.8485 	2.34244e-06 	2.63933e-10 	-6.92961e-08
59.899 	2.33034e-06 	1.99208e-10 	-6.79741e-08
59.9495 	2.3183e-06 	1.35179e-10 	-6.70393e-08
60.0 	2.30632e-06 	7.6268e-11 	-6.64738e-08
60.0505 	2.29441e-06 	2.60389e-11 	-6.62357e-08
60.101 	2.28256e-06 	-1.297e-11 	-6.62648e-08
60.1515 	2.27077e-06 	-3.93109e-11 	-6.64892e-08
60.202 	2.25904e-06 	-5.26011e-11 	-6.68314e-08
60.2525 	2.24737e-06 	-5.34229e-11 	-6.72145e-08
60.303 	2.23576e-06 	-4.3168e-11 	-6.75678e-08
60.3535 	2.2242e-06 	-2.38475e-11 	-6.7831e-08
60.404 	2.21271e-06 	2.11855e-12 	-6.79568e-08
60.4545 	2.20129e-06 	3.21148e-11 	-6.79134e-08
60.5051 	2.18993e-06 	6.35355e-11 	-6.76845e-08
60.5556 	2.17863e-06 	9.39668e-11 	-6.72691e-08
60.6061 	2.1674e-06 	1.21337e-10 	-6.66796e-08
60.6566 	2.15623e-06 	1.44025e-10 	-6.59394e-08
60.7071 	1.62051e-06 	2.17135e-09 	-5.43068e-08
60.7576 	3.58014e-06 	4.12059e-09 	-3.94408e-08
60.8081 	3.11286e-06 	2.45671e-09 	-2.11972e-08
60.8586 	3.07576e-06 	4.27389e-10 	-1.29203e-08
60.9091 	3.05055e-06 	-6.64433e-10 	-1.3739e-08
60.9596 	3.01446e-06 	-1.35594e-09 	-1.97639e-08
61.0101 	2.97777e-06 	-1.795e-09 	-2.92246e-08
61.0606 	2.94412e-06 	-2.15509e-09 	-4.10795e-08
61.1111 	2.91414e-06 	-2.34821e-09 	-5.45165e-08
61.1616 	2.88778e-06 	-2.38789e-09 	-6.86766e-08
61.2121 	2.86446e-06 	-2.20171e-09 	-8.23837e-08
61.2626 	2.8435e-06 	-1.8071e-09 	-9.43221e-08
61.3131 	2.82432e-06 	-1.28088e-09 	-1.03476e-07
61.3636 	2.80655e-06 	-6.5725e-10 	-1.09148e-07
61.4141 	2.78939e-06 	-1.10171e-10 	-1.11612e-07
61.4646 	2.77313e-06 	3.68429e-10 	-1.10779e-07
61.5152 	2.75731e-06 	7.41225e-10 	-1.07508e-07
61.5657 	2.7422e-06 	1.06142e-09 	-1.02097e-07
61.6162 	2.72733e-06 	1.25884e-09 	-9.51661e-08
61.6667 	2.71272e-06 	1.37204e-09 	-8.71273e-08
61.7172 	2.69823e-06 	1.35239e-09 	-7.88475e-08
61.7677 	2.68388e-06 	1.26022e-09 	-7.09034e-08
61.8182 	2.66963e-06 	1.09661e-09 	-6.37389e-08
61.8687 	2.65547e-06 	8.71578e-10 	-5.79254e-08
61.9192 	2.64145e-06 	6.45007e-10 	-5.34482e-08
61.9697 	2.62753e-06 	3.87815e-10 	-5.04434e-08
62.0202 	2.61375e-06 	1.35466e-10 	-4.89736e-08
62.0707 	2.60012e-06 	-8.96501e-11 	-4.89367e-08
62.1212 	2.58662e-06 	-2.73768e-10 	-5.01259e-08
62.1717 	2.57319e-06 	-4.07691e-10 	-5.22646e-08
62.2222 	2.55983e-06 	-4.88159e-10 	-5.50402e-08
62.2727 	2.54652e-06 	-5.16833e-10 	-5.81365e-08
62.3232 	2.53328e-06 	-4.98415e-10 	-6.12572e-08
62.3737 	2.5201e-06 	-4.39607e-10 	-6.41406e-08
62.4242 	2.507e-06 	-3.48661e-10 	-6.65701e-08
62.4747 	2.49398e-06 	-2.35064e-10 	-6.83821e-08
62.5253 	2.48104e-06 	-1.09075e-10 	-6.94725e-08
62.5758 	2.4682e-06 	1.89777e-11 	-6.97989e-08
62.6263 	2.45548e-06 	1.39534e-10 	-6.93785e-08
62.6768 	2.44286e-06 	2.44581e-10 	-6.82809e-08
62.7273 	2.43031e-06 	3.2821e-10 	-6.66176e-08
62.7778 	2.41782e-06 	3.86851e-10 	-6.45284e-08
62.8283 	2.4054e-06 	4.1922e-10 	-6.21676e-08
62.8788 	2.39302e-06 	4.26066e-10 	-5.96907e-08
62.9293 	2.3807e-06 	4.09819e-10 	-5.72438e-08
62.9798 	2.36843e-06 	3.74201e-10 	-5.49544e-08
63.0303 	2.35622e-06 	3.23834e-10 	-5.29247e-08
63.0808 	2.34405e-06 	2.63854e-10 	-5.12278e-08
63.1313 	2.33194e-06 	1.99514e-10 	-4.99051e-08
63.1818 	2.3199e-06 	1.35811e-10 	-4.89675e-08
63.2323 	2.30791e-06 	7.71495e-11 	-4.83975e-08
63.2828 	2.29599e-06 	2.70845e-11 	-4.81536e-08
63.3333 	2.28413e-06 	-1.18475e-11 	-4.81763e-08
63.3838 	2.27233e-06 	-3.81943e-11 	-4.8394e-08
63.4343 	2.2606e-06 	-5.15635e-11 	-4.87297e-08
63.4848 	2.24892e-06 	-5.25235e-11 	-4.9107e-08
63.5354 	2.23729e-06 	-4.24499e-11 	-4.94556e-08
63.5859 	2.22573e-06 	-2.33357e-11 	-4.97151e-08
63.6364 	2.21423e-06 	2.41608e-12 	-4.98385e-08
63.6869 	2.2028e-06 	3.22062e-11 	-4.9794e-08
63.7374 	2.19144e-06 	6.34425e-11 	-4.95652e-08
63.7879 	2.18013e-06 	9.37218e-11 	-4.91509e-08
63.8384 	2.16889e-06 	1.20979e-10 	-4.85632e-08
63.8889 	2.15771e-06 	1.43597e-10 	-4.78254e-08
63.9394 	1.62163e-06 	2.17228e-09 	-3.61881e-08
63.9899 	3.52555e-06 	1.33353e-09 	-2.59592e-08
64.0404 	3.27248e-06 	4.88883e-09 	-1.68267e-09
64.0909 	3.36961e-06 	5.65857e-09 	2.98448e-08
64.1414 	3.4148e-06 	5.9756e-10 	5.33478e-08
64.1919 	3.40702e-06 	-3.76168e-09 	4.39479e-08
64.2424 	3.38209e-06 	-7.24768e-09 	9.48783e-09
64.2929 	3.35101e-06 	8.13839e-10 	-1.32751e-09
64.3434 	3.31796e-06 	4.89675e-09 	1.63944e-08
64.3939 	3.28642e-06 	1.24672e-09 	3.90018e-08
64.4444 	3.25915e-06 	-2.75044e-09 	3.40649e-08
64.4949 	3.23601e-06 	-5.69722e-09 	7.46938e-09
64.5455 	3.2183e-06 	1.60019e-09 	2.46237e-09
64.596 	3.19923e-06 	5.49101e-09 	2.42506e-08
64.6465 	3.18033e-06 	1.66336e-09 	5.01627e-08
64.697 	3.16199e-06 	-2.63045e-09 	4.6959e-08
64.7475 	3.14698e-06 	-6.0513e-09 	1.97033e-08
64.798 	3.13493e-06 	9.35954e-10 	1.1775e-08
64.8485 	3.12057e-06 	4.7245e-09 	2.93782e-08
64.899 	3.10713e-06 	6.73963e-09 	6.41837e-08
64.9495 	3.09395e-06 	1.29768e-09 	9.25138e-08
65.0 	3.07865e-06 	-3.82537e-09 	8.46637e-08
65.0505 	3.06803e-06 	-7.81408e-09 	4.84461e-08
65.101 	3.05823e-06 	1.13678e-11 	3.35621e-08
65.1515 	3.04599e-06 	4.13198e-09 	4.66401e-08
65.202 	3.0343e-06 	6.33942e-09 	7.84953e-08
65.2525 	3.02304e-06 	1.29771e-09 	1.05429e-07
65.303 	3.00929e-06 	-3.37968e-09 	9.89083e-08
65.3535 	2.99923e-06 	-6.93262e-09 	6.67268e-08
65.404 	2.99067e-06 	4.00869e-10 	5.49893e-08
65.4545 	2.97931e-06 	4.22739e-09 	6.94929e-08
65.5051 	2.96819e-06 	6.17548e-09 	1.01089e-07
65.5556 	2.95752e-06 	1.11669e-09 	1.26832e-07
65.6061 	2.94452e-06 	-3.56149e-09 	1.19203e-07
65.6566 	2.93503e-06 	-7.09567e-09 	8.59973e-08
65.7071 	2.92676e-06 	2.87877e-10 	7.34651e-08
65.7576 	2.91584e-06 	4.17047e-09 	8.74622e-08
65.8081 	2.90513e-06 	6.19077e-09 	1.18954e-07
65.8586 	2.89481e-06 	1.22546e-09 	1.45063e-07
65.9091 	2.88202e-06 	-3.37848e-09 	1.38336e-07
65.9596 	2.87274e-06 	-6.87509e-09 	1.0637e-07
66.0101 	2.86471e-06 	2.71927e-10 	9.42457e-08
66.0606 	2.85406e-06 	4.0146e-09 	1.07715e-07
66.1111 	2.84356e-06 	5.94717e-09 	1.37998e-07
66.1616 	2.83354e-06 	1.1215e-09 	1.62942e-07
66.2121 	2.82111e-06 	-3.3456e-09 	1.56006e-07
66.2626 	2.81203e-06 	-6.72373e-09 	1.24628e-07
66.3131 	2.80419e-06 	2.97104e-10 	1.12868e-07
66.3636 	2.7938e-06 	3.98475e-09 	1.26315e-07
66.4141 	2.78357e-06 	5.89522e-09 	1.56347e-07
66.4646 	2.77376e-06 	1.14292e-09 	1.81148e-07
66.5152 	2.76156e-06 	-3.2609e-09 	1.74538e-07
66.5657 	2.75268e-06 	-6.60084e-09 	1.43802e-07
66.6162 	2.745e-06 	2.64651e-10 	1.32166e-07
66.6667 	2.73482e-06 	3.86542e-09 	1.45142e-07
66.7172 	2.7248e-06 	5.72943e-09 	1.74309e-07
66.7677 	2.71521e-06 	1.09658e-09 	1.9838e-07
66.8182 	2.70329e-06 	-3.19434e-09 	1.91833e-07
66.8687 	2.69459e-06 	-6.4435e-09 	1.61795e-07
66.9192 	2.68708e-06 	2.76677e-10 	1.50499e-07
66.9697 	2.67713e-06 	3.80374e-09 	1.63313e-07
67.0202 	2.66732e-06 	5.62955e-09 	1.91986e-07
67.0707 	2.65793e-06 	1.08377e-09 	2.1565e-07
67.1212 	2.64626e-06 	-3.12762e-09 	2.0927e-07
67.1717 	2.63775e-06 	-6.31919e-09 	1.79826e-07
67.2222 	2.6304e-06 	2.61095e-10 	1.68711e-07
67.2727 	2.62065e-06 	3.71363e-09 	1.81195e-07
67.3232 	2.61105e-06 	5.50123e-09 	2.09205e-07
67.3737 	2.60186e-06 	1.05678e-09 	2.32324e-07
67.4242 	2.59044e-06 	-3.06026e-09 	2.2607e-07
67.4747 	2.58211e-06 	-6.17915e-09 	1.97273e-07
67.5253 	2.57491e-06 	2.60645e-10 	1.86423e-07
67.5758 	2.56538e-06 	3.63985e-09 	1.98673e-07
67.6263 	2.55598e-06 	5.38912e-09 	2.26117e-07
67.6768 	2.54699e-06 	1.03588e-09 	2.48766e-07
67.7273 	2.53581e-06 	-2.99682e-09 	2.42645e-07
67.7778 	2.52766e-06 	-6.05228e-09 	2.14441e-07
67.8283 	2.52061e-06 	2.52816e-10 	2.03805e-07
67.8788 	2.51127e-06 	3.56123e-09 	2.15784e-07
67.9293 	2.50208e-06 	5.2741e-09 	2.42639e-07
67.9798 	2.49327e-06 	1.01371e-09 	2.64805e-07
68.0303 	2.48233e-06 	-2.93293e-09 	2.58815e-07
68.0808 	2.47435e-06 	-5.92303e-09 	2.31212e-07
68.1313 	2.46745e-06 	2.48448e-10 	2.20807e-07
68.1818 	2.45831e-06 	3.48676e-09 	2.32538e-07
68.2323 	2.44932e-06 	5.1632e-09 	2.58831e-07
68.2828 	2.4407e-06 	9.92284e-10 	2.8053e-07
68.3333 	2.42999e-06 	-2.87147e-09 	2.74664e-07
68.3838 	2.42218e-06 	-5.7988e-09 	2.47641e-07
68.4343 	2.41542e-06 	2.4287e-10 	2.37453e-07
68.4848 	2.40648e-06 	3.41309e-09 	2.48935e-07
68.5354 	2.39767e-06 	5.05435e-09 	2.74673e-07
68.5859 	2.38924e-06 	9.71473e-10 	2.95915e-07
68.6364 	2.37875e-06 	-2.81073e-09 	2.90174e-07
68.6869 	2.37111e-06 	-5.67628e-09 	2.63721e-07
68.7374 	2.3645e-06 	2.37837e-10 	2.53749e-07
68.7879 	2.35574e-06 	3.34111e-09 	2.6499e-07
68.8384 	2.34712e-06 	4.94768e-09 	2.90184e-07
68.8889 	2.33887e-06 	9.50889e-10 	3.10978e-07
68.9394 	2.3286e-06 	-2.75155e-09 	3.05357e-07
68.9899 	2.32112e-06 	-5.55666e-09 	2.79462e-07
69.0404 	2.31465e-06 	2.32828e-10 	2.697e-07
69.0909 	2.30608e-06 	3.27072e-09 	2.80703e-07
69.1414 	2.29764e-06 	4.84345e-09 	3.05367e-07
69.1919 	2.28956e-06 	9.30905e-10 	3.25723e-07
69.2424 	2.27951e-06 	-2.69351e-09 	3.20221e-07
69.2929 	2.27219e-06 	-5.43951e-09 	2.94872e-07
69.3434 	2.26586e-06 	2.27901e-10 	2.85315e-07
69.3939 	2.25747e-06 	3.20173e-09 	2.96087e-07
69.4444 	2.24921e-06 	4.74129e-09 	3.20231e-07
69.4949 	2.2413e-06 	9.11244e-10 	3.40157e-07
69.5455 	2.23147e-06 	-2.63674e-09 	3.34771e-07
69.596 	2.2243e-06 	-5.32483e-09 	3.09956e-07
69.6465 	2.2181e-06 	2.23121e-10 	3.00601e-07
69.697 	2.20989e-06 	3.13427e-09 	3.11146e-07
69.7475 	2.20181e-06 	4.64139e-09 	3.34781e-07
69.798 	2.19406e-06 	8.92053e-10 	3.54287e-07
69.8485 	2.18444e-06 	-2.58116e-09 	3.49015e-07
69.899 	2.17742e-06 	-5.2126e-09 	3.24723e-07
69.9495 	1.63647e-06 	-2.16401e-09 	3.03836e-07
70.0 	3.55903e-06 	1.15153e-09 	3.01171e-07
