# time 	Local 	Global 	Cumulative
1.2e-06 	1.57546e-09 	-1.25348e-12 	-7.98155e-12
2.64e-06 	1.58965e-11 	5.25393e-14 	-1.96891e-12
4.368e-06 	3.0259e-11 	1.82394e-14 	-1.43993e-12
6.4416e-06 	2.21154e-11 	5.05669e-14 	-1.15526e-12
8.92992e-06 	3.83508e-11 	5.30155e-14 	-6.50227e-13
1.19159e-05 	3.6589e-11 	3.44485e-14 	-1.9545e-13
1.54991e-05 	3.91809e-11 	2.57241e-14 	1.07092e-13
1.97989e-05 	3.65556e-11 	3.25986e-14 	3.84973e-13
2.49587e-05 	3.52528e-11 	3.67453e-14 	7.19357e-13
3.11504e-05 	3.38474e-11 	3.74272e-14 	1.08159e-12
3.85805e-05 	3.35619e-11 	3.97877e-14 	1.45656e-12
4.74965e-05 	3.36186e-11 	4.43644e-14 	1.86284e-12
5.81958e-05 	3.4504e-11 	5.03634e-14 	2.31997e-12
7.1035e-05 	3.55706e-11 	6.16825e-14 	2.85584e-12
8.6442e-05 	3.72847e-11 	7.62223e-14 	3.51527e-12
0.00010493 	1.34226e-10 	1.96448e-13 	4.56491e-12
0.000127116 	1.46037e-10 	2.89507e-13 	6.05761e-12
0.00015374 	1.63708e-10 	5.12159e-13 	9.35897e-12
0.000185688 	1.79595e-10 	5.69086e-13 	1.23739e-11
0.000224025 	2.06807e-10 	1.0461e-12 	1.89957e-11
0.00027003 	2.35169e-10 	1.38497e-12 	2.54548e-11
0.000325236 	2.7445e-10 	1.59111e-12 	3.35922e-11
0.000391483 	1.27341e-10 	1.13035e-12 	4.25803e-11
0.00047098 	1.59267e-10 	1.96165e-12 	5.58356e-11
0.000566376 	1.87771e-10 	3.00796e-12 	6.38154e-11
0.00068085 	2.43329e-10 	4.15618e-12 	7.42291e-11
0.000818221 	2.97267e-10 	4.73088e-12 	8.75217e-11
0.000983063 	3.80793e-10 	7.61523e-12 	1.03345e-10
0.00118087 	4.9893e-10 	8.1934e-12 	1.13139e-10
0.00141824 	7.25156e-10 	9.69277e-12 	9.6901e-11
0.0017031 	5.80889e-10 	-1.46094e-11 	8.64367e-11
0.00204491 	8.97457e-10 	-2.89112e-11 	8.49301e-12
0.00245508 	1.51463e-09 	-2.73045e-11 	-1.34656e-10
0.0029473 	2.23466e-09 	-5.37585e-11 	-3.79199e-10
0.00353797 	4.09948e-09 	-8.13361e-11 	-8.44592e-10
0.00424679 	7.69468e-09 	-1.20362e-10 	-1.59801e-09
0.00509742 	6.12434e-09 	-1.74416e-10 	-2.20219e-09
0.00611825 	1.13451e-08 	-3.35699e-10 	-3.0626e-09
0.00734314 	8.14531e-09 	2.08696e-10 	-3.47187e-09
0.00881286 	2.473e-08 	-2.67168e-10 	-3.96222e-09
0.0105765 	1.4391e-08 	-1.58088e-10 	-4.97466e-09
0.0126925 	1.13228e-08 	-2.01727e-11 	-5.7663e-09
0.0152319 	1.92279e-08 	-2.46576e-11 	-6.58996e-09
0.0182788 	3.08827e-08 	-1.85222e-10 	-7.61999e-09
0.0219337 	5.03055e-08 	-3.08064e-10 	-9.15948e-09
0.0263197 	8.03516e-08 	-4.9704e-10 	-1.16676e-08
0.0315829 	1.19699e-07 	-1.07059e-09 	-1.29395e-08
0.037896 	1.84241e-07 	-1.62554e-09 	-1.45841e-08
0.0454717 	2.72655e-07 	-3.0958e-09 	-1.76464e-08
0.0545626 	1.82154e-07 	-1.69294e-10 	-1.6591e-08
0.0654797 	2.68052e-07 	-5.37708e-11 	-1.70213e-08
0.0785686 	4.11669e-07 	6.7919e-10 	9.22694e-10
0.094292 	6.10212e-07 	1.76261e-09 	2.59869e-08
0.11316 	6.29227e-07 	-1.75634e-09 	4.61748e-08
0.135784 	9.44656e-07 	-2.40594e-09 	8.48424e-08
0.162511 	1.36808e-06 	-2.69419e-09 	8.99957e-08
0.19352 	2.92103e-07 	-4.5438e-10 	9.34706e-08
0.228862 	4.10548e-07 	-7.14071e-10 	9.81916e-08
0.268622 	4.73672e-07 	-1.44704e-09 	7.19094e-08
0.313257 	2.3233e-06 	1.03957e-09 	1.07928e-08
0.361574 	2.63484e-06 	-9.21836e-11 	-5.34077e-08
0.410919 	2.5414e-06 	-3.39291e-09 	-4.84675e-08
0.461349 	5.12237e-07 	-4.98189e-10 	-5.01018e-08
0.511778 	4.91126e-07 	-2.0029e-09 	-4.91349e-08
0.562208 	3.12749e-06 	-2.1728e-08 	-1.75047e-07
0.612637 	2.83177e-06 	-2.11985e-08 	-2.33294e-07
0.663066 	2.58003e-06 	-1.90749e-08 	-2.69409e-07
0.713496 	2.36005e-06 	-1.61562e-08 	-2.85298e-07
0.763925 	2.15169e-06 	-1.44334e-08 	-2.89894e-07
0.814355 	1.96195e-06 	-1.12029e-08 	-3.06568e-07
0.865399 	1.83106e-06 	-8.49805e-09 	-3.16089e-07
0.916444 	1.62196e-06 	-6.21903e-09 	-3.0981e-07
0.967488 	1.47525e-06 	-2.89567e-09 	-3.13698e-07
1.01853 	1.32085e-06 	-1.90372e-09 	-3.12616e-07
1.06958 	1.17826e-06 	-5.38946e-10 	-2.96643e-07
1.12062 	3.51857e-06 	1.3048e-08 	-2.80272e-07
1.17167 	3.19477e-06 	1.68173e-08 	-2.37179e-07
1.22271 	2.8277e-06 	1.49938e-08 	-2.53613e-07
1.27375 	2.49089e-06 	1.2922e-08 	-2.74121e-07
1.3248 	2.20526e-06 	7.40687e-09 	-2.74925e-07
1.37584 	1.90257e-06 	9.84373e-09 	-2.64825e-07
1.42689 	1.67309e-06 	6.10496e-09 	-2.68882e-07
1.47793 	2.48373e-06 	9.27493e-09 	-2.37373e-07
1.52898 	2.11923e-06 	7.14157e-09 	-2.30855e-07
1.58002 	1.91993e-06 	6.06133e-09 	-2.38873e-07
1.63032 	1.57188e-06 	5.2322e-09 	-2.33477e-07
1.68061 	1.84826e-06 	-1.13702e-09 	-2.13203e-07
1.7309 	1.58379e-06 	9.09706e-10 	-2.10726e-07
1.7812 	1.607e-06 	1.12619e-09 	-2.06088e-07
1.83149 	1.42991e-06 	-7.71113e-10 	-2.09601e-07
1.88178 	1.31326e-06 	4.33759e-11 	-2.15036e-07
1.93208 	3.53388e-06 	-2.45764e-09 	-2.30496e-07
1.98237 	1.12009e-06 	-3.03825e-10 	-2.26081e-07
2.03267 	2.82438e-06 	-7.16407e-09 	-2.17209e-07
2.08296 	2.64209e-06 	8.55403e-09 	-2.0514e-07
2.13325 	1.46224e-06 	4.02386e-09 	-2.00588e-07
2.18355 	1.28321e-06 	-1.12364e-09 	-2.16741e-07
2.23384 	1.155e-06 	1.63572e-09 	-2.19314e-07
2.28413 	1.04149e-06 	6.56618e-09 	-2.54685e-07
2.33443 	9.78035e-07 	2.72486e-09 	-3.07191e-07
2.38472 	9.54171e-07 	-1.49353e-08 	-3.13937e-07
2.43502 	3.19733e-06 	1.33872e-08 	-3.2725e-07
2.48531 	1.203e-06 	2.49989e-09 	-2.72735e-07
2.5356 	1.05315e-06 	2.42461e-09 	-2.8337e-07
2.5859 	1.66773e-06 	1.14034e-09 	-2.76418e-07
2.63619 	3.26313e-06 	6.05378e-09 	-2.85289e-07
2.68649 	2.85441e-06 	9.97395e-10 	-2.73362e-07
2.73678 	3.41541e-06 	6.99122e-09 	-2.57376e-07
2.78707 	3.12904e-06 	4.03379e-09 	-2.44213e-07
2.83737 	2.93106e-06 	-1.05986e-08 	-2.19186e-07
2.88766 	1.30999e-06 	5.38795e-09 	-2.68191e-07
2.93795 	3.01036e-06 	-4.53208e-10 	-2.78433e-07
2.98825 	1.64429e-06 	9.13036e-09 	-2.59898e-07
3.03854 	2.98664e-06 	-7.17923e-09 	-2.62296e-07
3.08884 	1.43086e-06 	-4.45333e-09 	-2.71611e-07
3.13913 	1.51812e-06 	5.6413e-09 	-2.89172e-07
3.18942 	2.69535e-06 	-1.06999e-08 	-2.95484e-07
3.23972 	2.97274e-06 	6.67455e-09 	-3.34336e-07
3.29001 	2.81222e-06 	5.81987e-10 	-2.83081e-07
3.3403 	2.07563e-06 	-2.46449e-09 	-3.32308e-07
3.3906 	1.57311e-06 	-2.23701e-09 	-3.31921e-07
3.44089 	2.8324e-06 	-1.66197e-10 	-3.5292e-07
3.49119 	1.94016e-06 	9.02115e-09 	-3.0526e-07
3.54148 	2.11562e-06 	5.73665e-09 	-2.78026e-07
3.59177 	2.68594e-06 	1.39494e-09 	-2.66366e-07
3.64207 	2.34171e-06 	5.28329e-10 	-2.56114e-07
3.69236 	2.73626e-06 	8.24891e-10 	-2.5452e-07
3.74266 	1.4495e-06 	4.60797e-10 	-2.48103e-07
3.79295 	2.90504e-06 	-8.079e-09 	-2.68631e-07
3.84324 	1.62217e-06 	-3.92228e-09 	-3.07394e-07
3.89354 	2.10739e-06 	3.01518e-09 	-3.02433e-07
3.94383 	1.72452e-06 	7.24846e-10 	-3.0058e-07
3.99412 	1.71689e-06 	-1.17582e-09 	-3.10497e-07
4.04442 	1.75525e-06 	-1.87705e-09 	-3.27197e-07
4.09471 	1.79843e-06 	-2.20224e-09 	-3.47173e-07
4.14501 	1.83899e-06 	-1.88926e-09 	-3.67155e-07
4.1953 	1.8746e-06 	-1.26257e-09 	-3.84545e-07
4.24559 	1.90527e-06 	-8.07076e-10 	-3.99008e-07
4.29589 	1.93167e-06 	-3.22071e-10 	-4.10767e-07
4.34618 	1.95441e-06 	5.74448e-11 	-4.2032e-07
4.39647 	1.97425e-06 	5.27327e-10 	-4.27404e-07
4.44677 	1.99278e-06 	1.11455e-09 	-4.31439e-07
4.49706 	2.00745e-06 	1.55331e-09 	-4.3263e-07
4.54736 	2.02005e-06 	1.98531e-09 	-4.312e-07
4.59765 	2.03086e-06 	2.26431e-09 	-4.27709e-07
4.64794 	2.03984e-06 	2.4007e-09 	-4.2303e-07
4.69824 	2.04707e-06 	2.41738e-09 	-4.17911e-07
4.74853 	2.05155e-06 	2.34299e-09 	-4.13135e-07
4.79882 	2.05556e-06 	2.21965e-09 	-4.08788e-07
4.84912 	2.05755e-06 	2.00663e-09 	-4.05546e-07
4.89941 	2.0583e-06 	1.80637e-09 	-4.0346e-07
4.94971 	2.0578e-06 	1.58344e-09 	-4.02636e-07
5.0 	2.05619e-06 	1.36827e-09 	-4.03098e-07
5.05051 	2.07106e-06 	1.20876e-09 	-4.0471e-07
5.10101 	2.07505e-06 	1.07336e-09 	-4.07149e-07
5.15152 	2.07888e-06 	8.93024e-10 	-4.10663e-07
5.20202 	2.08234e-06 	7.93939e-10 	-4.1498e-07
5.25253 	2.08471e-06 	7.4937e-10 	-4.19725e-07
5.30303 	2.08607e-06 	7.51639e-10 	-4.24596e-07
5.35354 	2.08649e-06 	7.98944e-10 	-4.29309e-07
5.40404 	2.08602e-06 	8.83498e-10 	-4.33613e-07
5.45455 	2.08471e-06 	9.94126e-10 	-4.37316e-07
5.50505 	2.08263e-06 	1.11975e-09 	-4.40294e-07
5.55556 	2.07982e-06 	1.25066e-09 	-4.42485e-07
5.60606 	2.07634e-06 	1.37848e-09 	-4.43881e-07
5.65657 	2.07222e-06 	1.49556e-09 	-4.44522e-07
5.70707 	2.06755e-06 	1.59497e-09 	-4.44492e-07
5.75758 	2.06232e-06 	1.67123e-09 	-4.43913e-07
5.80808 	2.05659e-06 	1.72113e-09 	-4.42933e-07
5.85859 	2.05037e-06 	1.74396e-09 	-4.4171e-07
5.90909 	2.04372e-06 	1.7413e-09 	-4.40402e-07
5.9596 	2.03668e-06 	1.71653e-09 	-4.39147e-07
6.0101 	2.02928e-06 	1.67419e-09 	-4.38064e-07
6.06061 	2.02157e-06 	1.61947e-09 	-4.37241e-07
6.11111 	2.01359e-06 	1.55774e-09 	-4.36733e-07
6.16162 	2.00537e-06 	1.49424e-09 	-4.36565e-07
6.21212 	1.99694e-06 	1.43373e-09 	-4.36731e-07
6.26263 	1.98835e-06 	1.38031e-09 	-4.37201e-07
6.31313 	1.97959e-06 	1.33714e-09 	-4.3792e-07
6.36364 	1.97071e-06 	1.30635e-09 	-4.38819e-07
6.41414 	1.96171e-06 	1.28897e-09 	-4.39821e-07
6.46465 	1.95263e-06 	1.28491e-09 	-4.40845e-07
6.51515 	1.94347e-06 	1.29314e-09 	-4.41814e-07
6.56566 	1.93426e-06 	1.31184e-09 	-4.42659e-07
6.61616 	1.925e-06 	1.33864e-09 	-4.43326e-07
6.66667 	1.91572e-06 	1.37085e-09 	-4.43773e-07
6.71717 	1.90641e-06 	1.40568e-09 	-4.43978e-07
6.76768 	1.89711e-06 	1.44044e-09 	-4.43933e-07
6.81818 	1.8878e-06 	1.47272e-09 	-4.43646e-07
6.86869 	1.87849e-06 	1.50049e-09 	-4.43138e-07
6.91919 	1.8692e-06 	1.52224e-09 	-4.42442e-07
6.9697 	1.85991e-06 	1.53702e-09 	-4.41596e-07
7.0202 	1.85063e-06 	1.54443e-09 	-4.40643e-07
7.07071 	1.84137e-06 	1.54458e-09 	-4.39628e-07
7.12121 	1.83212e-06 	1.53808e-09 	-4.38592e-07
7.17172 	1.82289e-06 	1.52587e-09 	-4.37572e-07
7.22222 	1.81369e-06 	1.50918e-09 	-4.36599e-07
7.27273 	1.80451e-06 	1.48936e-09 	-4.35694e-07
7.32323 	1.79535e-06 	1.46782e-09 	-4.34873e-07
7.37374 	1.78623e-06 	1.44588e-09 	-4.34141e-07
7.42424 	1.77713e-06 	1.42474e-09 	-4.33498e-07
7.47475 	1.76806e-06 	1.40537e-09 	-4.32935e-07
7.52525 	1.75903e-06 	1.3885e-09 	-4.32439e-07
7.57576 	1.75004e-06 	1.37458e-09 	-4.31995e-07
7.62626 	1.74108e-06 	1.3638e-09 	-4.31585e-07
7.67677 	1.73216e-06 	1.35608e-09 	-4.31189e-07
7.72727 	1.72327e-06 	1.35113e-09 	-4.3079e-07
7.77778 	1.71443e-06 	1.34851e-09 	-4.30374e-07
7.82828 	1.70562e-06 	1.34764e-09 	-4.29929e-07
7.87879 	1.69686e-06 	1.3479e-09 	-4.29446e-07
7.92929 	1.68813e-06 	1.34864e-09 	-4.2892e-07
7.9798 	1.67945e-06 	1.34927e-09 	-4.28352e-07
8.0303 	1.67081e-06 	1.34926e-09 	-4.27743e-07
8.08081 	1.66221e-06 	1.34819e-09 	-4.27098e-07
8.13131 	1.65365e-06 	1.34579e-09 	-4.26426e-07
8.18182 	1.64514e-06 	1.34187e-09 	-4.25735e-07
8.23232 	1.63666e-06 	1.33642e-09 	-4.25035e-07
8.28283 	1.62823e-06 	1.32951e-09 	-4.24334e-07
8.33333 	1.61984e-06 	1.32132e-09 	-4.23641e-07
8.38384 	1.61149e-06 	1.31211e-09 	-4.22963e-07
8.43434 	1.60318e-06 	1.30217e-09 	-4.22305e-07
8.48485 	1.59491e-06 	1.29183e-09 	-4.21671e-07
8.53535 	1.58669e-06 	1.28139e-09 	-4.21063e-07
8.58586 	1.5785e-06 	1.27116e-09 	-4.2048e-07
8.63636 	1.57036e-06 	1.26137e-09 	-4.1992e-07
8.68687 	1.56226e-06 	1.25221e-09 	-4.19381e-07
8.73737 	1.5542e-06 	1.24381e-09 	-4.18858e-07
8.78788 	1.54618e-06 	1.23622e-09 	-4.18347e-07
8.83838 	1.5382e-06 	1.22945e-09 	-4.17843e-07
8.88889 	1.53027e-06 	1.22343e-09 	-4.17342e-07
8.93939 	1.52237e-06 	1.21807e-09 	-4.1684e-07
8.9899 	1.51452e-06 	1.21323e-09 	-4.16333e-07
9.0404 	1.5067e-06 	1.20875e-09 	-4.15819e-07
9.09091 	1.49893e-06 	1.20447e-09 	-4.15296e-07
9.14141 	1.4912e-06 	1.20024e-09 	-4.14764e-07
9.19192 	1.4835e-06 	1.19591e-09 	-4.14224e-07
9.24242 	1.47585e-06 	1.19138e-09 	-4.13676e-07
9.29293 	1.46823e-06 	1.18656e-09 	-4.13121e-07
9.34343 	1.46066e-06 	1.18139e-09 	-4.12563e-07
9.39394 	1.45312e-06 	1.17585e-09 	-4.12004e-07
9.44444 	1.45246e-06 	-1.65726e-09 	-4.1747e-07
9.49495 	2.38105e-06 	-3.7847e-09 	-4.31152e-07
9.54545 	2.45789e-06 	1.01077e-09 	-4.2595e-07
9.59596 	2.98155e-06 	4.28458e-09 	-4.05369e-07
9.64646 	1.65027e-06 	-1.45797e-09 	-3.91769e-07
9.69697 	1.55136e-06 	-5.46005e-09 	-4.12062e-07
9.74747 	1.51886e-06 	-2.65109e-09 	-4.28001e-07
9.79798 	1.51017e-06 	7.05225e-10 	-4.25218e-07
9.84848 	1.50507e-06 	2.09482e-09 	-4.10117e-07
9.89899 	1.50576e-06 	2.78419e-09 	-3.88795e-07
9.94949 	1.50786e-06 	3.04306e-09 	-3.64686e-07
10.0 	1.50848e-06 	-1.91469e-09 	-3.54962e-07
10.0505 	1.50422e-06 	-3.52498e-09 	-3.68749e-07
10.101 	1.50484e-06 	-1.38842e-09 	-3.74813e-07
10.1515 	1.50368e-06 	1.04326e-10 	-3.71338e-07
10.202 	1.49985e-06 	5.10784e-10 	-3.62745e-07
10.2525 	1.49669e-06 	3.88314e-10 	-3.53666e-07
10.303 	1.49386e-06 	2.51891e-10 	-3.45317e-07
10.3535 	1.49008e-06 	2.5674e-10 	-3.37298e-07
10.404 	1.48545e-06 	3.6105e-10 	-3.28899e-07
10.4545 	1.48036e-06 	4.07165e-10 	-3.20065e-07
10.5051 	1.47513e-06 	2.83521e-10 	-3.11534e-07
10.5556 	1.46989e-06 	-1.84346e-11 	-3.04364e-07
10.6061 	1.46468e-06 	-4.52358e-10 	-2.99554e-07
10.6566 	1.45947e-06 	-8.62793e-10 	-2.97239e-07
10.7071 	1.4542e-06 	-1.22823e-09 	-2.97275e-07
10.7576 	1.44889e-06 	-1.50664e-09 	-2.99237e-07
10.8081 	1.45028e-06 	1.06581e-09 	-2.96701e-07
10.8586 	2.37886e-06 	3.11298e-09 	-2.86809e-07
10.9091 	2.45856e-06 	-1.83096e-09 	-2.96536e-07
10.9596 	2.98191e-06 	-4.49321e-09 	-3.19945e-07
11.0101 	1.65146e-06 	1.49661e-09 	-3.34022e-07
11.0606 	1.55326e-06 	5.72278e-09 	-3.12595e-07
11.1111 	1.52114e-06 	2.94201e-09 	-2.95027e-07
11.1616 	1.51273e-06 	-3.62737e-10 	-2.9594e-07
11.2121 	1.50781e-06 	-1.66366e-09 	-3.08673e-07
11.2626 	1.50862e-06 	-2.32207e-09 	-3.27282e-07
11.3131 	1.51103e-06 	-2.60587e-09 	-3.48679e-07
11.3636 	1.51191e-06 	2.03732e-09 	-3.56766e-07
11.4141 	1.50783e-06 	3.41858e-09 	-3.43037e-07
11.4646 	1.50866e-06 	1.13604e-09 	-3.38076e-07
11.5152 	1.50756e-06 	-4.57823e-10 	-3.43404e-07
11.5657 	1.50375e-06 	-9.31262e-10 	-3.54352e-07
11.6162 	1.5009e-06 	-8.41772e-10 	-3.66087e-07
11.6667 	1.49809e-06 	-7.03715e-10 	-3.77181e-07
11.7172 	1.49431e-06 	-6.74363e-10 	-3.87831e-07
11.7677 	1.48967e-06 	-7.14985e-10 	-3.98559e-07
11.8182 	1.48458e-06 	-6.74767e-10 	-4.09261e-07
11.8687 	1.47934e-06 	-4.52029e-10 	-4.19098e-07
11.9192 	1.47412e-06 	-4.88721e-11 	-4.2697e-07
11.9697 	1.46893e-06 	4.79173e-10 	-4.31896e-07
12.0202 	1.46377e-06 	9.6955e-10 	-4.33807e-07
12.0707 	1.45858e-06 	1.39723e-09 	-4.32946e-07
12.1212 	1.45345e-06 	1.71811e-09 	-4.29851e-07
12.1717 	1.44828e-06 	1.92926e-09 	-4.25176e-07
12.2222 	1.44949e-06 	-7.14521e-10 	-4.25395e-07
12.2727 	2.37754e-06 	-2.81663e-09 	-4.33367e-07
12.3232 	2.45734e-06 	2.0688e-09 	-4.22042e-07
12.3737 	2.98219e-06 	4.48301e-09 	-3.98028e-07
12.4242 	1.65155e-06 	-1.64569e-09 	-3.84446e-07
12.4747 	1.55426e-06 	-5.9508e-09 	-4.07195e-07
12.5253 	1.52263e-06 	-3.09622e-09 	-4.25803e-07
12.5758 	1.51459e-06 	2.2756e-10 	-4.25731e-07
12.6263 	1.51004e-06 	1.52628e-09 	-4.13821e-07
12.6768 	1.51111e-06 	2.21221e-09 	-3.9595e-07
12.7273 	1.51378e-06 	2.54759e-09 	-3.75036e-07
12.7778 	1.51481e-06 	-2.02321e-09 	-3.67095e-07
12.8283 	1.51079e-06 	-3.34105e-09 	-3.8044e-07
12.8788 	1.51175e-06 	-1.07471e-09 	-3.85008e-07
12.9293 	1.5107e-06 	5.13806e-10 	-3.79315e-07
12.9798 	1.50691e-06 	9.77654e-10 	-3.68048e-07
13.0303 	1.50411e-06 	8.7698e-10 	-3.56055e-07
13.0808 	1.50131e-06 	7.27527e-10 	-3.44771e-07
13.1313 	1.49751e-06 	6.88087e-10 	-3.33995e-07
13.1818 	1.49285e-06 	7.1935e-10 	-3.232e-07
13.2323 	1.48773e-06 	6.69494e-10 	-3.12487e-07
13.2828 	1.48246e-06 	4.37078e-10 	-3.02697e-07
13.3333 	1.47721e-06 	2.55111e-11 	-2.94927e-07
13.3838 	1.47199e-06 	-5.08375e-10 	-2.90146e-07
13.4343 	1.46679e-06 	-1.00137e-09 	-2.88404e-07
13.4848 	1.46157e-06 	-1.4287e-09 	-2.8944e-07
13.5354 	1.4564e-06 	-1.74692e-09 	-2.927e-07
13.5859 	1.45118e-06 	-1.95385e-09 	-2.97519e-07
13.6364 	1.44586e-06 	-2.06881e-09 	-3.03298e-07
13.6869 	1.53349e-06 	-3.02006e-09 	-3.21081e-07
13.7374 	2.44283e-06 	-6.33651e-09 	-3.44987e-07
13.7879 	2.12235e-06 	-4.50302e-09 	-3.67406e-07
13.8384 	2.08619e-06 	-2.41601e-09 	-3.78514e-07
13.8889 	2.06194e-06 	-1.30133e-09 	-3.80792e-07
13.9394 	2.035e-06 	-4.55946e-10 	-3.77223e-07
13.9899 	2.00929e-06 	1.71085e-10 	-3.69234e-07
14.0404 	1.98622e-06 	7.13489e-10 	-3.57653e-07
14.0909 	1.96594e-06 	1.08439e-09 	-3.43451e-07
14.1414 	1.94825e-06 	1.24926e-09 	-3.27715e-07
14.1919 	1.93278e-06 	1.14029e-09 	-3.11954e-07
14.2424 	1.91897e-06 	7.86564e-10 	-2.97728e-07
14.2929 	1.90639e-06 	2.71591e-10 	-2.86227e-07
14.3434 	1.89476e-06 	-3.18787e-10 	-2.78129e-07
14.3939 	1.88387e-06 	-9.43879e-10 	-2.73848e-07
14.4444 	1.87383e-06 	-1.52598e-09 	-2.72878e-07
14.4949 	1.86394e-06 	-1.97341e-09 	-2.75138e-07
14.5455 	1.85389e-06 	-2.34211e-09 	-2.79787e-07
14.596 	1.84433e-06 	-2.68819e-09 	-2.86564e-07
14.6465 	1.83476e-06 	-2.85085e-09 	-2.94839e-07
14.697 	1.82522e-06 	-2.88597e-09 	-3.03707e-07
14.7475 	1.81569e-06 	-2.82688e-09 	-3.12545e-07
14.798 	1.80615e-06 	-2.67487e-09 	-3.20778e-07
14.8485 	1.79659e-06 	-2.39813e-09 	-3.27862e-07
14.899 	1.78708e-06 	-2.1288e-09 	-3.3336e-07
14.9495 	1.77762e-06 	-1.85828e-09 	-3.37314e-07
15.0 	1.76821e-06 	-1.57163e-09 	-3.39623e-07
15.0505 	1.75892e-06 	-1.30363e-09 	-3.40314e-07
15.101 	1.74974e-06 	-1.07387e-09 	-3.39562e-07
15.1515 	1.7406e-06 	-8.9387e-10 	-3.37631e-07
15.202 	1.7315e-06 	-7.70675e-10 	-3.34841e-07
15.2525 	1.72244e-06 	-7.05611e-10 	-3.31538e-07
15.303 	1.71342e-06 	-6.95296e-10 	-3.28058e-07
15.3535 	1.70444e-06 	-7.33266e-10 	-3.2471e-07
15.404 	1.6955e-06 	-8.10942e-10 	-3.21756e-07
15.4545 	1.68663e-06 	-9.18248e-10 	-3.19403e-07
15.5051 	1.6778e-06 	-1.04418e-09 	-3.17792e-07
15.5556 	1.66905e-06 	-1.17746e-09 	-3.17e-07
15.6061 	1.66037e-06 	-1.30732e-09 	-3.17035e-07
15.6566 	1.6518e-06 	-1.42432e-09 	-3.17847e-07
15.7071 	1.64328e-06 	-1.52094e-09 	-3.19335e-07
15.7576 	1.6348e-06 	-1.59204e-09 	-3.21358e-07
15.8081 	1.62637e-06 	-1.63497e-09 	-3.23756e-07
15.8586 	1.61796e-06 	-1.64945e-09 	-3.26359e-07
15.9091 	1.60958e-06 	-1.63725e-09 	-3.29e-07
15.9596 	1.60124e-06 	-1.60182e-09 	-3.31532e-07
16.0101 	1.59292e-06 	-1.54779e-09 	-3.33829e-07
16.0606 	1.58463e-06 	-1.4806e-09 	-3.35798e-07
16.1111 	1.57637e-06 	-1.40598e-09 	-3.37377e-07
16.1616 	1.56816e-06 	-1.32956e-09 	-3.38539e-07
16.2121 	1.55999e-06 	-1.25648e-09 	-3.3929e-07
16.2626 	1.55187e-06 	-1.19107e-09 	-3.39664e-07
16.3131 	1.54379e-06 	-1.13664e-09 	-3.39717e-07
16.3636 	1.53575e-06 	-1.09532e-09 	-3.39521e-07
16.4141 	1.52776e-06 	-1.06811e-09 	-3.39159e-07
16.4646 	1.5198e-06 	-1.05486e-09 	-3.38713e-07
16.5152 	1.51189e-06 	-1.05449e-09 	-3.38264e-07
16.5657 	1.50402e-06 	-1.06511e-09 	-3.37884e-07
16.6162 	1.49618e-06 	-1.0843e-09 	-3.3763e-07
16.6667 	1.4884e-06 	-1.10929e-09 	-3.37545e-07
16.7172 	1.48066e-06 	-1.13724e-09 	-3.37653e-07
16.7677 	1.47297e-06 	-1.1654e-09 	-3.37965e-07
16.8182 	1.46533e-06 	-1.19134e-09 	-3.38472e-07
16.8687 	1.45772e-06 	-1.21303e-09 	-3.39156e-07
16.9192 	1.45016e-06 	-1.229e-09 	-3.39985e-07
16.9697 	1.53658e-06 	-2.10143e-09 	-3.52566e-07
17.0202 	2.44606e-06 	-5.26702e-09 	-3.7067e-07
17.0707 	2.12271e-06 	-3.62923e-09 	-3.8734e-07
17.1212 	2.08472e-06 	-1.68181e-09 	-3.93711e-07
17.1717 	2.05863e-06 	-6.84893e-10 	-3.91927e-07
17.2222 	2.03018e-06 	-2.59589e-11 	-3.8526e-07
17.2727 	2.00324e-06 	3.88829e-10 	-3.75384e-07
17.3232 	1.97909e-06 	7.23477e-10 	-3.63182e-07
17.3737 	1.95796e-06 	9.11931e-10 	-3.49535e-07
17.4242 	1.93959e-06 	9.35627e-10 	-3.35324e-07
17.4747 	1.92358e-06 	7.3123e-10 	-3.21791e-07
17.5253 	1.90937e-06 	3.25751e-10 	-3.10229e-07
17.5758 	1.8965e-06 	-2.01376e-10 	-3.01577e-07
17.6263 	1.88466e-06 	-7.96421e-10 	-2.96481e-07
17.6768 	1.87383e-06 	-1.3639e-09 	-2.94572e-07
17.7273 	1.86318e-06 	-1.80583e-09 	-2.95842e-07
17.7778 	1.85256e-06 	-2.17203e-09 	-2.99482e-07
17.8283 	1.84253e-06 	-2.46686e-09 	-3.05198e-07
17.8788 	1.83264e-06 	-2.6978e-09 	-3.12376e-07
17.9293 	1.82283e-06 	-2.78079e-09 	-3.20519e-07
17.9798 	1.81308e-06 	-2.74128e-09 	-3.28785e-07
18.0303 	1.80338e-06 	-2.62881e-09 	-3.36643e-07
18.0808 	1.79368e-06 	-2.39453e-09 	-3.43599e-07
18.1313 	1.78408e-06 	-2.16195e-09 	-3.49206e-07
18.1818 	1.77453e-06 	-1.92041e-09 	-3.53464e-07
18.2323 	1.76505e-06 	-1.65334e-09 	-3.56222e-07
18.2828 	1.75569e-06 	-1.39544e-09 	-3.5745e-07
18.3333 	1.74645e-06 	-1.16774e-09 	-3.57271e-07
18.3838 	1.73729e-06 	-9.83274e-10 	-3.55905e-07
18.4343 	1.72817e-06 	-8.50295e-10 	-3.53638e-07
18.4848 	1.7191e-06 	-7.71095e-10 	-3.50785e-07
18.5354 	1.71008e-06 	-7.43342e-10 	-3.4766e-07
18.5859 	1.7011e-06 	-7.61897e-10 	-3.44555e-07
18.6364 	1.69217e-06 	-8.19763e-10 	-3.41727e-07
18.6869 	1.68329e-06 	-9.08477e-10 	-3.39383e-07
18.7374 	1.67448e-06 	-1.01842e-09 	-3.37678e-07
18.7879 	1.66573e-06 	-1.1393e-09 	-3.36707e-07
18.8384 	1.65704e-06 	-1.26085e-09 	-3.36503e-07
18.8889 	1.64846e-06 	-1.37367e-09 	-3.37038e-07
18.9394 	1.63994e-06 	-1.47001e-09 	-3.38236e-07
18.9899 	1.63148e-06 	-1.54424e-09 	-3.39979e-07
19.0404 	1.62305e-06 	-1.5931e-09 	-3.42124e-07
19.0909 	1.61466e-06 	-1.6156e-09 	-3.44516e-07
19.1414 	1.60631e-06 	-1.61274e-09 	-3.46999e-07
19.1919 	1.59798e-06 	-1.58716e-09 	-3.4943e-07
19.2424 	1.58968e-06 	-1.54276e-09 	-3.51685e-07
19.2929 	1.58141e-06 	-1.48429e-09 	-3.53666e-07
19.3434 	1.57317e-06 	-1.41694e-09 	-3.55305e-07
19.3939 	1.56498e-06 	-1.346e-09 	-3.56565e-07
19.4444 	1.55683e-06 	-1.27642e-09 	-3.5744e-07
19.4949 	1.54872e-06 	-1.21252e-09 	-3.57953e-07
19.5455 	1.54066e-06 	-1.15773e-09 	-3.58147e-07
19.596 	1.53264e-06 	-1.11443e-09 	-3.58086e-07
19.6465 	1.52466e-06 	-1.08394e-09 	-3.57841e-07
19.697 	1.51672e-06 	-1.06649e-09 	-3.57491e-07
19.7475 	1.50883e-06 	-1.06139e-09 	-3.57111e-07
19.798 	1.50097e-06 	-1.06715e-09 	-3.5677e-07
19.8485 	1.49315e-06 	-1.08171e-09 	-3.56527e-07
19.899 	1.48538e-06 	-1.10261e-09 	-3.56427e-07
19.9495 	1.47766e-06 	-1.12722e-09 	-3.56498e-07
20.0 	1.46998e-06 	-1.15296e-09 	-3.56755e-07
20.0505 	1.46235e-06 	-1.17746e-09 	-3.57197e-07
20.101 	1.45476e-06 	-1.19868e-09 	-3.57809e-07
20.1515 	1.45403e-06 	1.61675e-09 	-3.52531e-07
20.202 	2.38336e-06 	3.7268e-09 	-3.39151e-07
20.2525 	2.46024e-06 	-1.08671e-09 	-3.44775e-07
20.303 	2.98294e-06 	-4.30996e-09 	-3.65642e-07
20.3535 	1.65095e-06 	1.45742e-09 	-3.7932e-07
20.404 	1.55133e-06 	5.48633e-09 	-3.58934e-07
20.4545 	1.51823e-06 	2.68431e-09 	-3.42821e-07
20.5051 	1.50905e-06 	-6.72322e-10 	-3.45409e-07
20.5556 	1.50355e-06 	-2.06067e-09 	-3.60306e-07
20.6061 	1.50395e-06 	-2.74938e-09 	-3.81414e-07
20.6566 	1.50584e-06 	-3.01007e-09 	-4.0531e-07
20.7071 	1.50632e-06 	1.92084e-09 	-4.14911e-07
20.7576 	1.50195e-06 	3.51293e-09 	-4.01145e-07
20.8081 	1.50248e-06 	1.36914e-09 	-3.95162e-07
20.8586 	1.50125e-06 	-1.28188e-10 	-3.98755e-07
20.9091 	1.49738e-06 	-5.384e-10 	-4.07492e-07
20.9596 	1.49421e-06 	-4.17975e-10 	-4.16733e-07
21.0101 	1.49137e-06 	-2.81157e-10 	-4.25247e-07
21.0606 	1.4876e-06 	-2.83264e-10 	-4.33422e-07
21.1111 	1.48297e-06 	-3.82966e-10 	-4.41954e-07
21.1616 	1.47791e-06 	-4.23384e-10 	-4.50889e-07
21.2121 	1.4727e-06 	-2.93698e-10 	-4.59486e-07
21.2626 	1.4675e-06 	1.40877e-11 	-4.66687e-07
21.3131 	1.46232e-06 	4.53196e-10 	-4.71495e-07
21.3636 	1.45716e-06 	8.67998e-10 	-4.73779e-07
21.4141 	1.45193e-06 	1.23674e-09 	-4.7369e-07
21.4646 	1.44667e-06 	1.51728e-09 	-4.71659e-07
21.5152 	1.53477e-06 	2.62837e-09 	-4.56695e-07
21.5657 	2.44504e-06 	6.05109e-09 	-4.34768e-07
21.6162 	2.12476e-06 	4.32598e-09 	-4.13734e-07
21.6667 	2.08876e-06 	2.36824e-09 	-4.03276e-07
21.7172 	2.06464e-06 	1.37918e-09 	-4.00898e-07
21.7677 	2.03782e-06 	6.55809e-10 	-4.03621e-07
21.8182 	2.01224e-06 	1.27601e-10 	-4.10101e-07
21.8687 	1.98931e-06 	-3.24458e-10 	-4.19495e-07
21.9192 	1.96923e-06 	-7.35052e-10 	-4.3158e-07
21.9697 	1.9517e-06 	-9.0559e-10 	-4.45225e-07
22.0202 	1.93636e-06 	-8.37202e-10 	-4.59059e-07
22.0707 	1.92269e-06 	-5.44364e-10 	-4.71671e-07
22.1212 	1.91026e-06 	-9.87976e-11 	-4.81951e-07
22.1717 	1.89873e-06 	4.46197e-10 	-4.89063e-07
22.2222 	1.88796e-06 	9.44164e-10 	-4.93081e-07
22.2727 	1.87801e-06 	1.47289e-09 	-4.94219e-07
22.3232 	1.86812e-06 	1.86885e-09 	-4.92453e-07
22.3737 	1.85808e-06 	2.19419e-09 	-4.88585e-07
22.4242 	1.84852e-06 	2.45861e-09 	-4.82853e-07
22.4747 	1.83902e-06 	2.66467e-09 	-4.75826e-07
22.5253 	1.82953e-06 	2.72532e-09 	-4.67977e-07
22.5758 	1.82006e-06 	2.66617e-09 	-4.60133e-07
22.6263 	1.81057e-06 	2.48728e-09 	-4.52851e-07
22.6768 	1.80111e-06 	2.30218e-09 	-4.46612e-07
22.7273 	1.79168e-06 	2.09487e-09 	-4.4148e-07
22.7778 	1.78228e-06 	1.84757e-09 	-4.3769e-07
22.8283 	1.77296e-06 	1.59386e-09 	-4.35359e-07
22.8788 	1.76372e-06 	1.35542e-09 	-4.34459e-07
22.9293 	1.75458e-06 	1.14813e-09 	-4.34848e-07
22.9798 	1.7455e-06 	9.83897e-10 	-4.36302e-07
23.0303 	1.73646e-06 	8.68687e-10 	-4.38545e-07
23.0808 	1.72746e-06 	8.03417e-10 	-4.41281e-07
23.1313 	1.71849e-06 	7.85658e-10 	-4.44218e-07
23.1818 	1.70957e-06 	8.106e-10 	-4.47086e-07
23.2323 	1.70069e-06 	8.71511e-10 	-4.49651e-07
23.2828 	1.69186e-06 	9.60065e-10 	-4.51722e-07
23.3333 	1.68309e-06 	1.06679e-09 	-4.53165e-07
23.3838 	1.67437e-06 	1.18174e-09 	-4.53902e-07
23.4343 	1.66574e-06 	1.29521e-09 	-4.53915e-07
23.4848 	1.65719e-06 	1.39864e-09 	-4.5324e-07
23.5354 	1.64869e-06 	1.48516e-09 	-4.51962e-07
23.5859 	1.64025e-06 	1.55e-09 	-4.50195e-07
23.6364 	1.63184e-06 	1.59058e-09 	-4.48079e-07
23.6869 	1.62347e-06 	1.60636e-09 	-4.45761e-07
23.7374 	1.61513e-06 	1.59862e-09 	-4.43387e-07
23.7879 	1.60681e-06 	1.57011e-09 	-4.41087e-07
23.8384 	1.59853e-06 	1.52469e-09 	-4.38976e-07
23.8889 	1.59028e-06 	1.46697e-09 	-4.37139e-07
23.9394 	1.58206e-06 	1.40193e-09 	-4.35634e-07
23.9899 	1.57388e-06 	1.33452e-09 	-4.34491e-07
24.0404 	1.56575e-06 	1.26931e-09 	-4.33709e-07
24.0909 	1.55765e-06 	1.21023e-09 	-4.33262e-07
24.1414 	1.54961e-06 	1.16031e-09 	-4.33104e-07
24.1919 	1.5416e-06 	1.12158e-09 	-4.33173e-07
24.2424 	1.53364e-06 	1.09505e-09 	-4.33401e-07
24.2929 	1.52571e-06 	1.08076e-09 	-4.33713e-07
24.3434 	1.51782e-06 	1.07789e-09 	-4.34039e-07
24.3939 	1.50998e-06 	1.0849e-09 	-4.34315e-07
24.4444 	1.50217e-06 	1.09974e-09 	-4.34489e-07
24.4949 	1.49441e-06 	1.12006e-09 	-4.34522e-07
24.5455 	1.4867e-06 	1.14337e-09 	-4.34389e-07
24.596 	1.47903e-06 	1.16725e-09 	-4.3408e-07
24.6465 	1.47141e-06 	1.18952e-09 	-4.33598e-07
24.697 	1.46382e-06 	1.20835e-09 	-4.3296e-07
24.7475 	1.45628e-06 	1.22239e-09 	-4.32191e-07
24.798 	1.44878e-06 	1.23076e-09 	-4.31322e-07
24.8485 	1.53536e-06 	2.09601e-09 	-4.18755e-07
24.899 	2.44383e-06 	5.25088e-09 	-4.00713e-07
24.9495 	2.12104e-06 	3.61334e-09 	-3.84128e-07
25.0 	2.08304e-06 	1.66306e-09 	-3.77854e-07
25.0505 	2.057e-06 	6.64281e-10 	-3.79749e-07
25.101 	2.02871e-06 	6.75604e-12 	-3.86526e-07
25.1515 	2.00192e-06 	-4.06116e-10 	-3.96502e-07
25.202 	1.97791e-06 	-7.38024e-10 	-4.08791e-07
25.2525 	1.9569e-06 	-9.23054e-10 	-4.22507e-07
25.303 	1.93864e-06 	-9.43113e-10 	-4.36766e-07
25.3535 	1.92274e-06 	-7.3513e-10 	-4.50326e-07
25.404 	1.90863e-06 	-3.2637e-10 	-4.61894e-07
25.4545 	1.89586e-06 	2.03543e-10 	-4.70535e-07
25.5051 	1.88411e-06 	8.00708e-10 	-4.75606e-07
25.5556 	1.87338e-06 	1.36967e-09 	-4.7748e-07
25.6061 	1.86283e-06 	1.81228e-09 	-4.76169e-07
25.6566 	1.8523e-06 	2.17852e-09 	-4.72485e-07
25.7071 	1.84236e-06 	2.47282e-09 	-4.66729e-07
25.7576 	1.83255e-06 	2.7027e-09 	-4.59515e-07
25.8081 	1.82282e-06 	2.7843e-09 	-4.51344e-07
25.8586 	1.81315e-06 	2.74319e-09 	-4.43061e-07
25.9091 	1.80353e-06 	2.62905e-09 	-4.35195e-07
25.9596 	1.79392e-06 	2.39318e-09 	-4.2824e-07
26.0101 	1.78438e-06 	2.15919e-09 	-4.22645e-07
26.0606 	1.77491e-06 	1.91648e-09 	-4.18406e-07
26.1111 	1.76551e-06 	1.64858e-09 	-4.15674e-07
26.1616 	1.75622e-06 	1.3902e-09 	-4.14476e-07
26.2121 	1.74706e-06 	1.16236e-09 	-4.14687e-07
26.2626 	1.73796e-06 	9.7809e-10 	-4.16085e-07
26.3131 	1.72892e-06 	8.45577e-10 	-4.18382e-07
26.3636 	1.71992e-06 	7.67059e-10 	-4.21263e-07
26.4141 	1.71096e-06 	7.40138e-10 	-4.24411e-07
26.4646 	1.70205e-06 	7.59605e-10 	-4.27534e-07
26.5152 	1.69319e-06 	8.18394e-10 	-4.30376e-07
26.5657 	1.68438e-06 	9.07983e-10 	-4.32727e-07
26.6162 	1.67562e-06 	1.0187e-09 	-4.34435e-07
26.6667 	1.66693e-06 	1.14021e-09 	-4.35406e-07
26.7172 	1.65831e-06 	1.26223e-09 	-4.35607e-07
26.7677 	1.64979e-06 	1.37534e-09 	-4.35066e-07
26.8182 	1.64133e-06 	1.4718e-09 	-4.33862e-07
26.8687 	1.63293e-06 	1.54601e-09 	-4.32112e-07
26.9192 	1.62456e-06 	1.59471e-09 	-4.29962e-07
26.9697 	1.61623e-06 	1.61694e-09 	-4.27566e-07
27.0202 	1.60792e-06 	1.61375e-09 	-4.25081e-07
27.0707 	1.59965e-06 	1.58781e-09 	-4.2265e-07
27.1212 	1.5914e-06 	1.54305e-09 	-4.20398e-07
27.1717 	1.58319e-06 	1.48425e-09 	-4.18423e-07
27.2222 	1.57501e-06 	1.41663e-09 	-4.16791e-07
27.2727 	1.56686e-06 	1.34548e-09 	-4.1554e-07
27.3232 	1.55876e-06 	1.27578e-09 	-4.14675e-07
27.3737 	1.5507e-06 	1.21184e-09 	-4.14173e-07
27.4242 	1.54269e-06 	1.15709e-09 	-4.1399e-07
27.4747 	1.53472e-06 	1.11391e-09 	-4.14062e-07
27.5253 	1.52679e-06 	1.0836e-09 	-4.14317e-07
27.5758 	1.5189e-06 	1.06637e-09 	-4.14676e-07
27.6263 	1.51104e-06 	1.06151e-09 	-4.15064e-07
27.6768 	1.50323e-06 	1.06753e-09 	-4.15412e-07
27.7273 	1.49546e-06 	1.08234e-09 	-4.1566e-07
27.7778 	1.48773e-06 	1.10347e-09 	-4.15765e-07
27.8283 	1.48005e-06 	1.12828e-09 	-4.15697e-07
27.8788 	1.47241e-06 	1.15419e-09 	-4.15442e-07
27.9293 	1.46482e-06 	1.1788e-09 	-4.15002e-07
27.9798 	1.45728e-06 	1.2001e-09 	-4.14391e-07
28.0303 	1.44977e-06 	1.21654e-09 	-4.13634e-07
28.0808 	1.53641e-06 	2.09007e-09 	-4.01125e-07
28.1313 	2.44551e-06 	5.25421e-09 	-3.83092e-07
28.1818 	2.1225e-06 	3.62191e-09 	-3.66477e-07
28.2323 	2.08447e-06 	1.6758e-09 	-3.60145e-07
28.2828 	2.05841e-06 	6.80134e-10 	-3.61959e-07
28.3333 	2.0301e-06 	2.4359e-11 	-3.68641e-07
28.3838 	2.00329e-06 	-3.88171e-10 	-3.78516e-07
28.4343 	1.97926e-06 	-7.21098e-10 	-3.90707e-07
28.4848 	1.95824e-06 	-9.08314e-10 	-4.04334e-07
28.5354 	1.93997e-06 	-9.31371e-10 	-4.1852e-07
28.5859 	1.92406e-06 	-7.26831e-10 	-4.32025e-07
28.6364 	1.90994e-06 	-3.21638e-10 	-4.43561e-07
28.6869 	1.89717e-06 	2.04854e-10 	-4.5219e-07
28.7374 	1.88541e-06 	7.98985e-10 	-4.57269e-07
28.7879 	1.87467e-06 	1.36543e-09 	-4.59167e-07
28.8384 	1.86411e-06 	1.80614e-09 	-4.57893e-07
28.8889 	1.85357e-06 	2.17119e-09 	-4.54256e-07
28.9394 	1.84362e-06 	2.46505e-09 	-4.4855e-07
28.9899 	1.83381e-06 	2.69517e-09 	-4.41388e-07
29.0404 	1.82407e-06 	2.77759e-09 	-4.33265e-07
29.0909 	1.81439e-06 	2.73775e-09 	-4.25023e-07
29.1414 	1.80476e-06 	2.62521e-09 	-4.1719e-07
29.1919 	1.79514e-06 	2.39108e-09 	-4.10258e-07
29.2424 	1.78561e-06 	2.15885e-09 	-4.04676e-07
29.2929 	1.77613e-06 	1.91782e-09 	-4.00439e-07
29.3434 	1.76672e-06 	1.65136e-09 	-3.977e-07
29.3939 	1.75743e-06 	1.39413e-09 	-3.96487e-07
29.4444 	1.74826e-06 	1.1671e-09 	-3.96677e-07
29.4949 	1.73916e-06 	9.83279e-10 	-3.9805e-07
29.5455 	1.73011e-06 	8.50869e-10 	-4.00322e-07
29.596 	1.7211e-06 	7.72136e-10 	-4.03177e-07
29.6465 	1.71214e-06 	7.44733e-10 	-4.06301e-07
29.697 	1.70322e-06 	7.63516e-10 	-4.09404e-07
29.7475 	1.69435e-06 	8.21487e-10 	-4.1223e-07
29.798 	1.68553e-06 	9.10197e-10 	-4.14571e-07
29.8485 	1.67678e-06 	1.02005e-09 	-4.16274e-07
29.899 	1.66808e-06 	1.14075e-09 	-4.17244e-07
29.9495 	1.65945e-06 	1.26209e-09 	-4.17449e-07
30.0 	1.65093e-06 	1.37467e-09 	-4.16916e-07
30.0505 	1.64246e-06 	1.47077e-09 	-4.15722e-07
30.101 	1.63405e-06 	1.54478e-09 	-4.13984e-07
30.1515 	1.62568e-06 	1.59347e-09 	-4.11846e-07
30.202 	1.61734e-06 	1.61585e-09 	-4.09462e-07
30.2525 	1.60903e-06 	1.61292e-09 	-4.06988e-07
30.303 	1.60075e-06 	1.58733e-09 	-4.04566e-07
30.3535 	1.5925e-06 	1.54298e-09 	-4.0232e-07
30.404 	1.58428e-06 	1.48461e-09 	-4.00349e-07
30.4545 	1.57609e-06 	1.41741e-09 	-3.98718e-07
30.5051 	1.56794e-06 	1.34664e-09 	-3.97466e-07
30.5556 	1.55983e-06 	1.27725e-09 	-3.96598e-07
30.6061 	1.55177e-06 	1.21354e-09 	-3.96091e-07
30.6566 	1.54375e-06 	1.15894e-09 	-3.95902e-07
30.7071 	1.53577e-06 	1.11582e-09 	-3.95968e-07
30.7576 	1.52784e-06 	1.08548e-09 	-3.96216e-07
30.8081 	1.51994e-06 	1.06816e-09 	-3.96569e-07
30.8586 	1.51208e-06 	1.06316e-09 	-3.96952e-07
30.9091 	1.50427e-06 	1.06899e-09 	-3.97294e-07
30.9596 	1.49649e-06 	1.08358e-09 	-3.97539e-07
31.0101 	1.48875e-06 	1.10449e-09 	-3.97642e-07
31.0606 	1.48107e-06 	1.1291e-09 	-3.97573e-07
31.1111 	1.47343e-06 	1.15482e-09 	-3.97318e-07
31.1616 	1.46583e-06 	1.17928e-09 	-3.96879e-07
31.2121 	1.45828e-06 	1.20047e-09 	-3.9627e-07
31.2626 	1.45077e-06 	1.21684e-09 	-3.95516e-07
31.3131 	1.53747e-06 	2.09094e-09 	-3.83002e-07
31.3636 	1.6512e-06 	1.27099e-09 	-3.73591e-07
31.4141 	2.26599e-06 	3.53941e-09 	-3.47041e-07
31.4646 	2.30631e-06 	4.34296e-09 	-3.14704e-07
31.5152 	2.31968e-06 	-1.6013e-09 	-2.9714e-07
31.5657 	2.30365e-06 	-6.14539e-09 	-3.11086e-07
31.6162 	2.27795e-06 	-6.22755e-09 	-3.45635e-07
31.6667 	2.25456e-06 	-2.00968e-10 	-3.50426e-07
31.7172 	2.23077e-06 	3.62956e-09 	-3.2887e-07
31.7677 	2.20767e-06 	-1.01029e-09 	-3.10898e-07
31.8182 	2.18927e-06 	-5.02925e-09 	-3.19855e-07
31.8687 	2.17068e-06 	-4.99556e-09 	-3.46422e-07
31.9192 	2.16137e-06 	5.98952e-10 	-3.45836e-07
31.9697 	2.14936e-06 	4.29521e-09 	-3.20347e-07
32.0202 	2.13607e-06 	-5.54503e-10 	-2.99279e-07
32.0707 	2.12432e-06 	-4.90005e-09 	-3.06829e-07
32.1212 	2.11219e-06 	-5.30286e-09 	-3.34493e-07
32.1717 	2.10642e-06 	-2.11384e-11 	-3.37141e-07
32.2222 	2.09768e-06 	3.56958e-09 	-3.15944e-07
32.2727 	2.08862e-06 	5.33611e-09 	-2.79365e-07
32.3232 	2.07917e-06 	-1.00929e-09 	-2.57374e-07
32.3737 	2.06927e-06 	-6.16877e-09 	-2.70385e-07
32.4242 	2.06065e-06 	-6.70809e-09 	-3.0715e-07
32.4747 	2.05552e-06 	-8.58423e-10 	-3.16187e-07
32.5253 	2.04817e-06 	3.05282e-09 	-2.99195e-07
32.5758 	2.04006e-06 	4.99633e-09 	-2.6539e-07
32.6263 	2.03194e-06 	-9.14267e-10 	-2.44361e-07
32.6768 	2.0229e-06 	-5.61801e-09 	-2.55587e-07
32.7273 	2.0142e-06 	-5.98287e-09 	-2.8814e-07
32.7778 	2.01016e-06 	-4.77059e-10 	-2.94374e-07
32.8283 	2.00328e-06 	3.13365e-09 	-2.76257e-07
32.8788 	1.99554e-06 	4.82945e-09 	-2.42958e-07
32.9293 	1.98795e-06 	-1.06822e-09 	-2.23108e-07
32.9798 	1.97952e-06 	-5.76908e-09 	-2.35439e-07
33.0303 	1.97131e-06 	-6.10321e-09 	-2.68986e-07
33.0808 	1.96729e-06 	-5.52818e-10 	-2.7597e-07
33.1313 	1.96071e-06 	3.11884e-09 	-2.58299e-07
33.1818 	1.95326e-06 	4.88528e-09 	-2.25034e-07
33.2323 	1.94585e-06 	-9.13196e-10 	-2.04718e-07
33.2828 	1.93756e-06 	-5.54204e-09 	-2.16076e-07
33.3333 	1.9295e-06 	-5.92184e-09 	-2.48428e-07
33.3838 	1.92563e-06 	-5.57944e-10 	-2.55191e-07
33.4343 	1.9192e-06 	2.9797e-09 	-2.38181e-07
33.4848 	1.91188e-06 	4.66703e-09 	-2.06204e-07
33.5354 	1.90469e-06 	-9.66094e-10 	-1.86888e-07
33.5859 	1.89665e-06 	-5.45568e-09 	-1.98315e-07
33.6364 	1.88876e-06 	-5.7872e-09 	-2.30031e-07
33.6869 	1.88499e-06 	-5.10682e-10 	-2.36518e-07
33.7374 	1.8787e-06 	2.97493e-09 	-2.19582e-07
33.7879 	1.87157e-06 	4.64359e-09 	-1.87875e-07
33.8384 	1.86451e-06 	-9.04257e-10 	-1.68617e-07
33.8889 	1.85661e-06 	-5.33151e-09 	-1.79655e-07
33.9394 	1.84891e-06 	-5.68281e-09 	-2.10749e-07
33.9899 	1.8452e-06 	-5.27796e-10 	-2.17233e-07
34.0404 	1.83905e-06 	2.87602e-09 	-2.0085e-07
34.0909 	1.83205e-06 	4.50405e-09 	-1.70049e-07
34.1414 	1.82516e-06 	-9.049e-10 	-1.51382e-07
34.1919 	1.81744e-06 	-5.21806e-09 	-1.62243e-07
34.2424 	1.80988e-06 	-5.5471e-09 	-1.92616e-07
34.2929 	1.80627e-06 	-4.98618e-10 	-1.98867e-07
34.3434 	1.80025e-06 	2.83517e-09 	-1.82716e-07
34.3939 	1.79341e-06 	4.42969e-09 	-1.52442e-07
34.4444 	1.78666e-06 	-8.77083e-10 	-1.34081e-07
34.4949 	1.77909e-06 	-5.11058e-09 	-1.44696e-07
34.5455 	1.77171e-06 	-5.44016e-09 	-1.74475e-07
34.596 	1.76817e-06 	-4.98069e-10 	-1.8065e-07
34.6465 	1.76227e-06 	2.76554e-09 	-1.649e-07
34.697 	1.75558e-06 	4.32685e-09 	-1.35323e-07
34.7475 	1.74897e-06 	-8.61958e-10 	-1.17388e-07
34.798 	1.74157e-06 	-5.00046e-09 	-1.27782e-07
34.8485 	1.73434e-06 	-5.31964e-09 	-1.56904e-07
34.899 	1.73087e-06 	-4.82461e-10 	-1.62919e-07
34.9495 	1.7251e-06 	2.71169e-09 	-1.47473e-07
35.0 	1.71855e-06 	4.23944e-09 	-1.18495e-07
35.0505 	1.71208e-06 	-8.4267e-10 	-1.00924e-07
35.101 	1.70484e-06 	-4.89645e-09 	-1.111e-07
35.1515 	1.69776e-06 	-5.21029e-09 	-1.39623e-07
35.202 	1.69437e-06 	-4.7453e-10 	-1.45526e-07
35.2525 	1.68872e-06 	2.65278e-09 	-1.30417e-07
35.303 	1.68231e-06 	4.14878e-09 	-1.0206e-07
35.3535 	1.67597e-06 	-8.25047e-10 	-8.48631e-08
35.404 	1.66888e-06 	-4.7923e-09 	-9.48224e-08
35.4545 	1.66196e-06 	-5.09905e-09 	-1.22737e-07
35.5051 	1.65864e-06 	-4.63568e-10 	-1.28509e-07
35.5556 	1.65311e-06 	2.59744e-09 	-1.13714e-07
35.6061 	1.64683e-06 	4.06159e-09 	-8.59524e-08
35.6566 	1.64063e-06 	-8.07728e-10 	-6.91179e-08
35.7071 	1.63369e-06 	-4.69167e-09 	-7.88688e-08
35.7576 	1.62691e-06 	-4.99205e-09 	-1.06198e-07
35.8081 	1.62366e-06 	-4.54098e-10 	-1.11851e-07
35.8586 	1.61825e-06 	2.54256e-09 	-9.7369e-08
35.9091 	1.61211e-06 	3.97599e-09 	-7.01928e-08
35.9596 	1.60604e-06 	-7.90564e-10 	-5.37127e-08
36.0101 	1.59925e-06 	-4.59253e-09 	-6.3257e-08
36.0606 	1.59261e-06 	-4.88659e-09 	-9.00088e-08
36.1111 	1.58943e-06 	-4.44445e-10 	-9.55413e-08
36.1616 	1.58414e-06 	2.48892e-09 	-8.1365e-08
36.2121 	1.57812e-06 	3.89205e-09 	-5.47623e-08
36.2626 	1.57218e-06 	-7.73993e-10 	-3.86303e-08
36.3131 	1.56553e-06 	-4.49578e-09 	-4.79739e-08
36.3636 	1.55904e-06 	-4.7836e-09 	-7.41621e-08
36.4141 	1.55592e-06 	-4.35061e-10 	-7.95779e-08
36.4646 	1.55074e-06 	2.4365e-09 	-6.57004e-08
36.5152 	1.54485e-06 	3.81009e-09 	-3.9658e-08
36.5657 	1.53904e-06 	-7.57616e-10 	-2.38657e-08
36.6162 	1.53253e-06 	-4.40097e-09 	-3.3012e-08
36.6667 	1.52617e-06 	-4.68275e-09 	-5.8648e-08
36.7172 	1.52312e-06 	-4.25912e-10 	-6.39498e-08
36.7677 	1.51805e-06 	2.3851e-09 	-5.0365e-08
36.8182 	1.51229e-06 	3.72971e-09 	-2.48719e-08
36.8687 	1.5066e-06 	-7.41679e-10 	-9.41282e-09
36.9192 	1.50023e-06 	-4.30821e-09 	-1.83665e-08
36.9697 	1.494e-06 	-4.58403e-09 	-4.34621e-08
37.0202 	1.49102e-06 	-4.16908e-10 	-4.86519e-08
37.0707 	1.48606e-06 	2.33485e-09 	-3.53533e-08
37.1212 	1.48042e-06 	3.65113e-09 	-1.03974e-08
37.1717 	1.47485e-06 	-7.26031e-10 	4.73598e-09
37.2222 	1.46861e-06 	-4.2174e-09 	-4.02893e-09
37.2727 	1.46252e-06 	-4.48741e-09 	-2.85956e-08
37.3232 	1.55223e-06 	-1.71948e-09 	-4.67186e-08
37.3737 	1.66835e-06 	1.67879e-09 	-4.59861e-08
37.4242 	2.28852e-06 	1.71959e-09 	-4.58858e-08
37.4747 	2.3312e-06 	1.14601e-09 	-4.59182e-08
37.5253 	2.3465e-06 	-1.662e-10 	-5.26943e-08
37.5758 	2.33397e-06 	-7.53274e-10 	-6.53138e-08
37.6263 	2.31019e-06 	-6.66456e-10 	-7.91679e-08
37.6768 	2.2844e-06 	-3.76639e-10 	-9.20624e-08
37.7273 	2.26033e-06 	-7.60784e-11 	-1.03319e-07
37.7778 	2.23892e-06 	2.03344e-10 	-1.12758e-07
37.8283 	2.22006e-06 	4.69138e-10 	-1.20418e-07
37.8788 	2.2035e-06 	7.14943e-10 	-1.2657e-07
37.9293 	2.18881e-06 	1.05992e-09 	-1.30818e-07
37.9798 	2.17562e-06 	1.46935e-09 	-1.327e-07
38.0303 	2.16338e-06 	1.87722e-09 	-1.32056e-07
38.0808 	2.15191e-06 	2.21762e-09 	-1.29117e-07
38.1313 	2.14104e-06 	2.44638e-09 	-1.2444e-07
38.1818 	2.13065e-06 	2.55402e-09 	-1.18733e-07
38.2323 	2.12063e-06 	2.55838e-09 	-1.12665e-07
38.2828 	2.11087e-06 	2.48728e-09 	-1.06764e-07
38.3333 	2.10134e-06 	2.36441e-09 	-1.01405e-07
38.3838 	2.092e-06 	2.20478e-09 	-9.68524e-08
38.4343 	2.08282e-06 	2.01818e-09 	-9.32978e-08
38.4848 	2.0738e-06 	1.81491e-09 	-9.08741e-08
38.5354 	2.06494e-06 	1.60898e-09 	-8.96397e-08
38.5859 	2.05641e-06 	1.47501e-09 	-8.96691e-08
38.6364 	2.0473e-06 	1.28207e-09 	-9.05386e-08
38.6869 	2.03759e-06 	1.13769e-09 	-9.24661e-08
38.7374 	2.02805e-06 	1.06778e-09 	-9.49107e-08
38.7879 	2.01839e-06 	1.02567e-09 	-9.768e-08
38.8384 	2.00866e-06 	1.03734e-09 	-1.00478e-07
38.8889 	1.99884e-06 	1.08484e-09 	-1.03053e-07
38.9394 	1.98898e-06 	1.16187e-09 	-1.05208e-07
38.9899 	1.97909e-06 	1.2611e-09 	-1.06787e-07
39.0404 	1.96919e-06 	1.37241e-09 	-1.0769e-07
39.0909 	1.9593e-06 	1.48601e-09 	-1.07874e-07
39.1414 	1.94947e-06 	1.59318e-09 	-1.07355e-07
39.1919 	1.93967e-06 	1.68662e-09 	-1.06192e-07
39.2424 	1.92989e-06 	1.7606e-09 	-1.04488e-07
39.2929 	1.92014e-06 	1.81126e-09 	-1.02371e-07
39.3434 	1.9104e-06 	1.83688e-09 	-9.99861e-08
39.3939 	1.90069e-06 	1.83782e-09 	-9.74829e-08
39.4444 	1.89099e-06 	1.81629e-09 	-9.50021e-08
39.4949 	1.88132e-06 	1.77582e-09 	-9.26674e-08
39.5455 	1.87167e-06 	1.72086e-09 	-9.05782e-08
39.596 	1.86206e-06 	1.65635e-09 	-8.88058e-08
39.6465 	1.85248e-06 	1.58731e-09 	-8.73916e-08
39.697 	1.84295e-06 	1.51856e-09 	-8.63476e-08
39.7475 	1.83345e-06 	1.45436e-09 	-8.56588e-08
39.798 	1.824e-06 	1.39819e-09 	-8.52869e-08
39.8485 	1.8146e-06 	1.35257e-09 	-8.51759e-08
39.899 	1.80525e-06 	1.31902e-09 	-8.52579e-08
39.9495 	1.79594e-06 	1.29801e-09 	-8.54593e-08
40.0 	1.78667e-06 	1.28909e-09 	-8.57064e-08
40.0505 	1.77745e-06 	1.291e-09 	-8.59309e-08
40.101 	1.76828e-06 	1.30186e-09 	-8.60742e-08
40.1515 	1.75915e-06 	1.31937e-09 	-8.60902e-08
40.202 	1.75008e-06 	1.34104e-09 	-8.59472e-08
40.2525 	1.74106e-06 	1.36436e-09 	-8.56284e-08
40.303 	1.73209e-06 	1.38701e-09 	-8.51315e-08
40.3535 	1.72317e-06 	1.40696e-09 	-8.44675e-08
40.404 	1.7143e-06 	1.4226e-09 	-8.36578e-08
40.4545 	1.70547e-06 	1.43282e-09 	-8.27321e-08
40.5051 	1.69669e-06 	1.437e-09 	-8.1725e-08
40.5556 	1.68795e-06 	1.43505e-09 	-8.06732e-08
40.6061 	1.67925e-06 	1.42731e-09 	-7.96126e-08
40.6566 	1.67059e-06 	1.41447e-09 	-7.85759e-08
40.7071 	1.66198e-06 	1.39755e-09 	-7.75907e-08
40.7576 	1.65341e-06 	1.3777e-09 	-7.66779e-08
40.8081 	1.64488e-06 	1.35618e-09 	-7.58513e-08
40.8586 	1.63639e-06 	1.33421e-09 	-7.51171e-08
40.9091 	1.62795e-06 	1.31292e-09 	-7.44746e-08
40.9596 	1.61954e-06 	1.29324e-09 	-7.3917e-08
41.0101 	1.61119e-06 	1.27592e-09 	-7.34325e-08
41.0606 	1.60287e-06 	1.26144e-09 	-7.30054e-08
41.1111 	1.5946e-06 	1.25002e-09 	-7.26184e-08
41.1616 	1.58637e-06 	1.24166e-09 	-7.22532e-08
41.2121 	1.57818e-06 	1.23614e-09 	-7.18923e-08
41.2626 	1.57004e-06 	1.23306e-09 	-7.15202e-08
41.3131 	1.56193e-06 	1.23191e-09 	-7.11241e-08
41.3636 	1.55388e-06 	1.2321e-09 	-7.06945e-08
41.4141 	1.54586e-06 	1.23299e-09 	-7.02257e-08
41.4646 	1.53789e-06 	1.234e-09 	-6.97153e-08
41.5152 	1.52995e-06 	1.2346e-09 	-6.91647e-08
41.5657 	1.52206e-06 	1.23433e-09 	-6.85779e-08
41.6162 	1.51421e-06 	1.23288e-09 	-6.79613e-08
41.6667 	1.5064e-06 	1.23003e-09 	-6.73229e-08
41.7172 	1.49863e-06 	1.22571e-09 	-6.66715e-08
41.7677 	1.4909e-06 	1.21994e-09 	-6.6016e-08
41.8182 	1.48321e-06 	1.21286e-09 	-6.53649e-08
41.8687 	1.47556e-06 	1.20469e-09 	-6.47254e-08
41.9192 	1.46794e-06 	1.19569e-09 	-6.41035e-08
41.9697 	1.46037e-06 	1.18617e-09 	-6.35034e-08
42.0202 	1.45283e-06 	1.17642e-09 	-6.29273e-08
42.0707 	1.45217e-06 	-1.6597e-09 	-6.83988e-08
42.1212 	2.38057e-06 	-3.79007e-09 	-8.21061e-08
42.1717 	2.45739e-06 	1.00187e-09 	-7.69499e-08
42.2222 	2.98093e-06 	4.28045e-09 	-5.64072e-08
42.2727 	1.64994e-06 	-1.45932e-09 	-4.28241e-08
42.3232 	1.55104e-06 	-5.45787e-09 	-6.31144e-08
42.3737 	1.51855e-06 	-2.64799e-09 	-7.9039e-08
42.4242 	1.50986e-06 	7.08644e-10 	-7.62373e-08
42.4747 	1.50476e-06 	2.0988e-09 	-6.11155e-08
42.5253 	1.50546e-06 	2.78852e-09 	-3.97693e-08
42.5758 	1.50755e-06 	3.04741e-09 	-1.56356e-08
42.6263 	1.50818e-06 	-1.91252e-09 	-5.89305e-09
42.6768 	1.50391e-06 	-3.52514e-09 	-1.96754e-08
42.7273 	1.50453e-06 	-1.39092e-09 	-2.575e-08
42.7778 	1.50337e-06 	1.00218e-10 	-2.22967e-08
42.8283 	1.49954e-06 	5.05702e-10 	-1.3733e-08
42.8788 	1.49638e-06 	3.828e-10 	-4.68704e-09
42.9293 	1.49355e-06 	2.46399e-10 	3.6273e-09
42.9798 	1.48978e-06 	2.51666e-10 	1.16132e-08
43.0303 	1.48514e-06 	3.56731e-10 	1.99834e-08
43.0808 	1.48006e-06 	4.03862e-10 	2.87926e-08
43.1313 	1.47482e-06 	2.81401e-10 	3.73061e-08
43.1818 	1.46959e-06 	-1.93136e-11 	4.44668e-08
43.2323 	1.46438e-06 	-4.5204e-10 	4.92742e-08
43.2828 	1.45918e-06 	-8.61434e-10 	5.15923e-08
43.3333 	1.4539e-06 	-1.22604e-09 	5.1566e-08
43.3838 	1.44859e-06 	-1.50387e-09 	4.96183e-08
43.4343 	1.44998e-06 	1.06831e-09 	5.21692e-08
43.4848 	2.37838e-06 	3.11528e-09 	6.2076e-08
43.5354 	2.45806e-06 	-1.82764e-09 	5.23684e-08
43.5859 	2.9813e-06 	-4.49181e-09 	2.89744e-08
43.6364 	1.65112e-06 	1.4956e-09 	1.48992e-08
43.6869 	1.55294e-06 	5.71991e-09 	3.63132e-08
43.7374 	1.52083e-06 	2.93997e-09 	5.38692e-08
43.7879 	1.51242e-06 	-3.63759e-10 	5.29485e-08
43.8384 	1.5075e-06 	-1.66419e-09 	4.02124e-08
43.8889 	1.50831e-06 	-2.32227e-09 	2.16022e-08
43.9394 	1.51072e-06 	-2.6058e-09 	2.06614e-10
43.9899 	1.5116e-06 	2.03692e-09 	-7.87983e-09
44.0404 	1.50753e-06 	3.41821e-09 	5.84733e-09
44.0909 	1.50835e-06 	1.13622e-09 	1.08091e-08
44.1414 	1.50725e-06 	-4.57271e-10 	5.48532e-09
44.1919 	1.50344e-06 	-9.30595e-10 	-5.45774e-09
44.2424 	1.50059e-06 	-8.41134e-10 	-1.71875e-08
44.2929 	1.49778e-06 	-7.0315e-10 	-2.82766e-08
44.3434 	1.494e-06 	-6.7388e-10 	-3.89221e-08
44.3939 	1.48936e-06 	-7.14591e-10 	-4.96459e-08
44.4444 	1.48427e-06 	-6.74485e-10 	-6.03449e-08
44.4949 	1.47904e-06 	-4.51895e-10 	-7.01792e-08
44.5455 	1.47382e-06 	-4.89134e-11 	-7.80498e-08
44.596 	1.46863e-06 	4.78945e-10 	-8.29746e-08
44.6465 	1.46347e-06 	9.69162e-10 	-8.48862e-08
44.697 	1.45828e-06 	1.39672e-09 	-8.40269e-08
44.7475 	1.45315e-06 	1.71752e-09 	-8.09341e-08
44.798 	1.44799e-06 	1.92862e-09 	-7.62615e-08
44.8485 	1.44919e-06 	-7.14593e-10 	-7.64822e-08
44.899 	2.37706e-06 	-2.81625e-09 	-8.44535e-08
44.9495 	2.45683e-06 	2.06821e-09 	-7.31324e-08
45.0 	2.98158e-06 	4.48208e-09 	-4.91235e-08
45.0505 	1.65122e-06 	-1.64526e-09 	-3.55435e-08
45.101 	1.55394e-06 	-5.94943e-09 	-5.82879e-08
45.1515 	1.52232e-06 	-3.09548e-09 	-7.68913e-08
45.202 	1.51428e-06 	2.27568e-10 	-7.68183e-08
45.2525 	1.50973e-06 	1.52598e-09 	-6.49103e-08
45.303 	1.5108e-06 	2.21175e-09 	-4.70434e-08
45.3535 	1.51347e-06 	2.54705e-09 	-2.61337e-08
45.404 	1.5145e-06 	-2.02282e-09 	-1.8194e-08
45.4545 	1.51048e-06 	-3.34038e-09 	-3.15366e-08
45.5051 	1.51144e-06 	-1.07449e-09 	-3.61044e-08
45.5556 	1.51039e-06 	5.13712e-10 	-3.04117e-08
45.6061 	1.5066e-06 	9.77475e-10 	-1.91469e-08
45.6566 	1.5038e-06 	8.76829e-10 	-7.1566e-09
45.7071 	1.501e-06 	7.27411e-10 	4.12509e-09
45.7576 	1.4972e-06 	6.8798e-10 	1.4899e-08
45.8081 	1.49254e-06 	7.19236e-10 	2.56927e-08
45.8586 	1.48743e-06 	6.69385e-10 	3.64036e-08
45.9091 	1.48216e-06 	4.37012e-10 	4.61909e-08
45.9596 	1.47691e-06 	2.55223e-11 	5.39596e-08
46.0101 	1.47168e-06 	-5.08261e-10 	5.87397e-08
46.0606 	1.46649e-06 	-1.00116e-09 	6.04816e-08
46.1111 	1.46127e-06 	-1.42841e-09 	5.94462e-08
46.1616 	1.4561e-06 	-1.74657e-09 	5.61867e-08
46.2121 	1.45088e-06 	-1.95346e-09 	5.1368e-08
46.2626 	1.44556e-06 	-2.0684e-09 	4.55907e-08
46.3131 	1.53318e-06 	-3.01945e-09 	2.78115e-08
46.3636 	2.44233e-06 	-6.33523e-09 	3.90939e-09
46.4141 	2.12191e-06 	-4.50211e-09 	-1.85043e-08
46.4646 	2.08576e-06 	-2.41553e-09 	-2.96103e-08
46.5152 	2.06152e-06 	-1.30107e-09 	-3.18877e-08
46.5657 	2.03458e-06 	-4.55861e-10 	-2.83196e-08
46.6162 	2.00887e-06 	1.71045e-10 	-2.03324e-08
46.6667 	1.98581e-06 	7.13341e-10 	-8.75378e-09
46.7172 	1.96554e-06 	1.08417e-09 	5.44544e-09
46.7677 	1.94785e-06 	1.24901e-09 	2.11777e-08
46.8182 	1.93238e-06 	1.14006e-09 	3.69359e-08
46.8687 	1.91858e-06 	7.86412e-10 	5.11588e-08
46.9192 	1.906e-06 	2.71545e-10 	6.26574e-08
46.9697 	1.89437e-06 	-3.18713e-10 	7.07535e-08
47.0202 	1.88349e-06 	-9.43677e-10 	7.50336e-08
47.0707 	1.87344e-06 	-1.52566e-09 	7.6004e-08
47.1212 	1.86356e-06 	-1.97299e-09 	7.37447e-08
47.1717 	1.85351e-06 	-2.34162e-09 	6.90967e-08
47.2222 	1.84395e-06 	-2.68764e-09 	6.23211e-08
47.2727 	1.83439e-06 	-2.85026e-09 	5.40472e-08
47.3232 	1.82485e-06 	-2.88538e-09 	4.51814e-08
47.3737 	1.81532e-06 	-2.8263e-09 	3.63454e-08
47.4242 	1.80578e-06 	-2.67433e-09 	2.81138e-08
47.4747 	1.79622e-06 	-2.39765e-09 	2.10315e-08
47.5253 	1.78672e-06 	-2.12837e-09 	1.55346e-08
47.5758 	1.77725e-06 	-1.85791e-09 	1.15811e-08
47.6263 	1.76784e-06 	-1.57132e-09 	9.27307e-09
47.6768 	1.75855e-06 	-1.30336e-09 	8.58215e-09
47.7273 	1.74938e-06 	-1.07365e-09 	9.3337e-09
47.7778 	1.74025e-06 	-8.93688e-10 	1.12642e-08
47.8283 	1.73115e-06 	-7.70517e-10 	1.40532e-08
47.8788 	1.72209e-06 	-7.05466e-10 	1.7356e-08
47.9293 	1.71307e-06 	-6.95153e-10 	2.0835e-08
47.9798 	1.70409e-06 	-7.33114e-10 	2.41824e-08
48.0303 	1.69516e-06 	-8.10773e-10 	2.71357e-08
48.0808 	1.68628e-06 	-9.18058e-10 	2.94889e-08
48.1313 	1.67746e-06 	-1.04396e-09 	3.10992e-08
48.1818 	1.6687e-06 	-1.17721e-09 	3.18913e-08
48.2323 	1.66003e-06 	-1.30705e-09 	3.18558e-08
48.2828 	1.65146e-06 	-1.42403e-09 	3.10437e-08
48.3333 	1.64294e-06 	-1.52063e-09 	2.95566e-08
48.3838 	1.63447e-06 	-1.59171e-09 	2.75335e-08
48.4343 	1.62603e-06 	-1.63464e-09 	2.51361e-08
48.4848 	1.61763e-06 	-1.64911e-09 	2.25343e-08
48.5354 	1.60925e-06 	-1.63692e-09 	1.98933e-08
48.5859 	1.60091e-06 	-1.60149e-09 	1.7362e-08
48.6364 	1.59259e-06 	-1.54748e-09 	1.50651e-08
48.6869 	1.5843e-06 	-1.4803e-09 	1.3097e-08
48.7374 	1.57605e-06 	-1.4057e-09 	1.15185e-08
48.7879 	1.56784e-06 	-1.32929e-09 	1.03563e-08
48.8384 	1.55967e-06 	-1.25623e-09 	9.60516e-09
48.8889 	1.55155e-06 	-1.19083e-09 	9.23136e-09
48.9394 	1.54347e-06 	-1.1364e-09 	9.17858e-09
48.9899 	1.53544e-06 	-1.0951e-09 	9.37433e-09
49.0404 	1.52745e-06 	-1.06789e-09 	9.73697e-09
49.0909 	1.51949e-06 	-1.05465e-09 	1.01825e-08
49.1414 	1.51158e-06 	-1.05427e-09 	1.06309e-08
49.1919 	1.50371e-06 	-1.06489e-09 	1.10111e-08
49.2424 	1.49588e-06 	-1.08407e-09 	1.12651e-08
49.2929 	1.48809e-06 	-1.10906e-09 	1.13505e-08
49.3434 	1.48036e-06 	-1.13701e-09 	1.12419e-08
49.3939 	1.47267e-06 	-1.16517e-09 	1.09304e-08
49.4444 	1.46503e-06 	-1.19109e-09 	1.0423e-08
49.4949 	1.45742e-06 	-1.21278e-09 	9.73944e-09
49.5455 	1.44987e-06 	-1.22875e-09 	8.91021e-09
49.596 	1.53626e-06 	-2.101e-09 	-3.66771e-09
49.6465 	2.44556e-06 	-5.26594e-09 	-2.17679e-08
49.697 	2.12228e-06 	-3.62849e-09 	-3.8435e-08
49.7475 	2.08429e-06 	-1.68147e-09 	-4.48039e-08
49.798 	2.0582e-06 	-6.84753e-10 	-4.30205e-08
49.8485 	2.02977e-06 	-2.59535e-11 	-3.63551e-08
49.899 	2.00283e-06 	3.88749e-10 	-2.64815e-08
49.9495 	1.97869e-06 	7.23328e-10 	-1.4282e-08
50.0 	1.95756e-06 	9.11744e-10 	-6.37484e-10
50.0505 	1.93919e-06 	9.35436e-10 	1.3571e-08
50.101 	1.92319e-06 	7.31081e-10 	2.71008e-08
50.1515 	1.90898e-06 	3.25684e-10 	3.86601e-08
50.202 	1.89611e-06 	-2.01334e-10 	4.73107e-08
50.2525 	1.88427e-06 	-7.96258e-10 	5.24062e-08
50.303 	1.87344e-06 	-1.36363e-09 	5.43147e-08
50.3535 	1.8628e-06 	-1.80546e-09 	5.30449e-08
50.404 	1.85218e-06 	-2.17158e-09 	4.94053e-08
50.4545 	1.84216e-06 	-2.46636e-09 	4.36905e-08
50.5051 	1.83227e-06 	-2.69725e-09 	3.65138e-08
50.5556 	1.82246e-06 	-2.78022e-09 	2.83723e-08
50.6061 	1.81271e-06 	-2.74072e-09 	2.01089e-08
50.6566 	1.80301e-06 	-2.62827e-09 	1.22524e-08
50.7071 	1.79332e-06 	-2.39404e-09 	5.29702e-09
50.7576 	1.78371e-06 	-2.16151e-09 	-3.08109e-10
50.8081 	1.77416e-06 	-1.92002e-09 	-4.56583e-09
50.8586 	1.76469e-06 	-1.653e-09 	-7.32272e-09
50.9091 	1.75533e-06 	-1.39516e-09 	-8.55042e-09
50.9596 	1.74609e-06 	-1.1675e-09 	-8.37156e-09
51.0101 	1.73693e-06 	-9.83073e-10 	-7.00634e-09
51.0606 	1.72782e-06 	-8.50121e-10 	-4.73962e-09
51.1111 	1.71875e-06 	-7.70938e-10 	-1.8869e-09
51.1616 	1.70973e-06 	-7.4319e-10 	1.23736e-09
51.2121 	1.70075e-06 	-7.61741e-10 	4.34126e-09
51.2626 	1.69182e-06 	-8.19595e-10 	7.16934e-09
51.3131 	1.68295e-06 	-9.08291e-10 	9.5127e-09
51.3636 	1.67414e-06 	-1.01821e-09 	1.12169e-08
51.4141 	1.66538e-06 	-1.13907e-09 	1.21876e-08
51.4646 	1.65671e-06 	-1.26059e-09 	1.23922e-08
51.5152 	1.64812e-06 	-1.37339e-09 	1.1857e-08
51.5657 	1.63961e-06 	-1.46971e-09 	1.06594e-08
51.6162 	1.63114e-06 	-1.54392e-09 	8.91673e-09
51.6667 	1.62272e-06 	-1.59278e-09 	6.77202e-09
51.7172 	1.61433e-06 	-1.61527e-09 	4.38077e-09
51.7677 	1.60598e-06 	-1.61241e-09 	1.89798e-09
51.8182 	1.59765e-06 	-1.58684e-09 	-5.32604e-10
51.8687 	1.58935e-06 	-1.54245e-09 	-2.78705e-09
51.9192 	1.58108e-06 	-1.48398e-09 	-4.76747e-09
51.9697 	1.57285e-06 	-1.41665e-09 	-6.40588e-09
52.0202 	1.56466e-06 	-1.34573e-09 	-7.66572e-09
52.0707 	1.55651e-06 	-1.27616e-09 	-8.54101e-09
52.1212 	1.5484e-06 	-1.21227e-09 	-9.05347e-09
52.1717 	1.54034e-06 	-1.15749e-09 	-9.2479e-09
52.2222 	1.53232e-06 	-1.1142e-09 	-9.18638e-09
52.2727 	1.52435e-06 	-1.08372e-09 	-8.94185e-09
52.3232 	1.51641e-06 	-1.06627e-09 	-8.59167e-09
52.3737 	1.50852e-06 	-1.06117e-09 	-8.21171e-09
52.4242 	1.50066e-06 	-1.06693e-09 	-7.87109e-09
52.4747 	1.49285e-06 	-1.08149e-09 	-7.62818e-09
52.5253 	1.48508e-06 	-1.10238e-09 	-7.52767e-09
52.5758 	1.47736e-06 	-1.12699e-09 	-7.59899e-09
52.6263 	1.46968e-06 	-1.15273e-09 	-7.85596e-09
52.6768 	1.46205e-06 	-1.17721e-09 	-8.29754e-09
52.7273 	1.45446e-06 	-1.19844e-09 	-8.90959e-09
52.7778 	1.45374e-06 	1.61642e-09 	-3.63227e-09
52.8283 	2.38287e-06 	3.72604e-09 	9.74485e-09
52.8788 	2.45974e-06 	-1.08649e-09 	4.12137e-09
52.9293 	2.98233e-06 	-4.30907e-09 	-1.67415e-08
52.9798 	1.65061e-06 	1.45712e-09 	-3.04163e-08
53.0303 	1.55102e-06 	5.48521e-09 	-1.00349e-08
53.0808 	1.51792e-06 	2.68376e-09 	6.07498e-09
53.1313 	1.50874e-06 	-6.72185e-10 	3.48754e-09
53.1818 	1.50324e-06 	-2.06025e-09 	-1.14061e-08
53.2323 	1.50364e-06 	-2.74882e-09 	-3.25099e-08
53.2828 	1.50553e-06 	-3.00945e-09 	-5.64013e-08
53.3333 	1.50601e-06 	1.92045e-09 	-6.59997e-08
53.3838 	1.50164e-06 	3.51221e-09 	-5.22364e-08
53.4343 	1.50217e-06 	1.36886e-09 	-4.62548e-08
53.4848 	1.50094e-06 	-1.28162e-10 	-4.98474e-08
53.5354 	1.49707e-06 	-5.3829e-10 	-5.85824e-08
53.5859 	1.49391e-06 	-4.17889e-10 	-6.78212e-08
53.6364 	1.49107e-06 	-2.811e-10 	-7.63339e-08
53.6869 	1.48729e-06 	-2.83207e-10 	-8.45069e-08
53.7374 	1.48267e-06 	-3.82887e-10 	-9.30378e-08
53.7879 	1.4776e-06 	-4.23298e-10 	-1.01971e-07
53.8384 	1.4724e-06 	-2.93638e-10 	-1.10566e-07
53.8889 	1.4672e-06 	1.40849e-11 	-1.17766e-07
53.9394 	1.46202e-06 	4.53104e-10 	-1.22573e-07
53.9899 	1.45686e-06 	8.67821e-10 	-1.24856e-07
54.0404 	1.45163e-06 	1.23648e-09 	-1.24767e-07
54.0909 	1.44638e-06 	1.51697e-09 	-1.22736e-07
54.1414 	1.53446e-06 	2.62783e-09 	-1.07776e-07
54.1919 	2.44454e-06 	6.04986e-09 	-8.58529e-08
54.2424 	2.12433e-06 	4.3251e-09 	-6.48229e-08
54.2929 	2.08834e-06 	2.36776e-09 	-5.43669e-08
54.3434 	2.06421e-06 	1.3789e-09 	-5.19897e-08
54.3939 	2.0374e-06 	6.55675e-10 	-5.47122e-08
54.4444 	2.01183e-06 	1.27575e-10 	-6.11913e-08
54.4949 	1.9889e-06 	-3.24392e-10 	-7.05825e-08
54.5455 	1.96883e-06 	-7.34902e-10 	-8.26655e-08
54.596 	1.9513e-06 	-9.05405e-10 	-9.63079e-08
54.6465 	1.93596e-06 	-8.37031e-10 	-1.10139e-07
54.697 	1.9223e-06 	-5.44253e-10 	-1.22748e-07
54.7475 	1.90987e-06 	-9.87774e-11 	-1.33026e-07
54.798 	1.89834e-06 	4.46106e-10 	-1.40136e-07
54.8485 	1.88757e-06 	9.43971e-10 	-1.44154e-07
54.899 	1.87763e-06 	1.47259e-09 	-1.45291e-07
54.9495 	1.86774e-06 	1.86847e-09 	-1.43526e-07
55.0 	1.8577e-06 	2.19374e-09 	-1.39659e-07
55.0505 	1.84815e-06 	2.45811e-09 	-1.33928e-07
55.101 	1.83865e-06 	2.66413e-09 	-1.26902e-07
55.1515 	1.82916e-06 	2.72476e-09 	-1.19055e-07
55.202 	1.81969e-06 	2.66563e-09 	-1.11213e-07
55.2525 	1.8102e-06 	2.48678e-09 	-1.03933e-07
55.303 	1.80074e-06 	2.30171e-09 	-9.76948e-08
55.3535 	1.79131e-06 	2.09444e-09 	-9.25635e-08
55.404 	1.78192e-06 	1.84719e-09 	-8.87738e-08
55.4545 	1.7726e-06 	1.59353e-09 	-8.64442e-08
55.5051 	1.76336e-06 	1.35515e-09 	-8.55437e-08
55.5556 	1.75422e-06 	1.1479e-09 	-8.59326e-08
55.6061 	1.74515e-06 	9.83696e-10 	-8.73867e-08
55.6566 	1.73611e-06 	8.6851e-10 	-8.96296e-08
55.7071 	1.72711e-06 	8.03253e-10 	-9.23648e-08
55.7576 	1.71814e-06 	7.85498e-10 	-9.5301e-08
55.8081 	1.70922e-06 	8.10435e-10 	-9.81684e-08
55.8586 	1.70034e-06 	8.71333e-10 	-1.00732e-07
55.9091 	1.69151e-06 	9.59869e-10 	-1.02803e-07
55.9596 	1.68274e-06 	1.06658e-09 	-1.04246e-07
56.0101 	1.67403e-06 	1.18149e-09 	-1.04983e-07
56.0606 	1.6654e-06 	1.29495e-09 	-1.04996e-07
56.1111 	1.65685e-06 	1.39836e-09 	-1.04322e-07
56.1616 	1.64836e-06 	1.48486e-09 	-1.03043e-07
56.2121 	1.63991e-06 	1.54969e-09 	-1.01277e-07
56.2626 	1.63151e-06 	1.59025e-09 	-9.91612e-08
56.3131 	1.62314e-06 	1.60603e-09 	-9.68439e-08
56.3636 	1.6148e-06 	1.5983e-09 	-9.44697e-08
56.4141 	1.60649e-06 	1.56979e-09 	-9.21707e-08
56.4646 	1.5982e-06 	1.52438e-09 	-9.00595e-08
56.5152 	1.58995e-06 	1.46667e-09 	-8.82229e-08
56.5657 	1.58174e-06 	1.40164e-09 	-8.6719e-08
56.6162 	1.57356e-06 	1.33424e-09 	-8.5576e-08
56.6667 	1.56543e-06 	1.26905e-09 	-8.47938e-08
56.7172 	1.55734e-06 	1.20998e-09 	-8.43468e-08
56.7677 	1.54929e-06 	1.16007e-09 	-8.41888e-08
56.8182 	1.54129e-06 	1.12135e-09 	-8.42587e-08
56.8687 	1.53332e-06 	1.09482e-09 	-8.44861e-08
56.9192 	1.5254e-06 	1.08054e-09 	-8.4798e-08
56.9697 	1.51751e-06 	1.07767e-09 	-8.51237e-08
57.0202 	1.50967e-06 	1.08468e-09 	-8.54e-08
57.0707 	1.50187e-06 	1.09952e-09 	-8.55741e-08
57.1212 	1.49411e-06 	1.11983e-09 	-8.5607e-08
57.1717 	1.4864e-06 	1.14314e-09 	-8.54739e-08
57.2222 	1.47873e-06 	1.16701e-09 	-8.51648e-08
57.2727 	1.47111e-06 	1.18927e-09 	-8.46834e-08
57.3232 	1.46353e-06 	1.20811e-09 	-8.40455e-08
57.3737 	1.45598e-06 	1.22214e-09 	-8.32762e-08
57.4242 	1.44848e-06 	1.23051e-09 	-8.24072e-08
57.4747 	1.53505e-06 	2.09558e-09 	-6.98435e-08
57.5253 	2.44333e-06 	5.24981e-09 	-5.1805e-08
57.5758 	2.12061e-06 	3.61261e-09 	-3.52229e-08
57.6263 	2.08261e-06 	1.66272e-09 	-2.89503e-08
57.6768 	2.05658e-06 	6.64145e-10 	-3.08449e-08
57.7273 	2.02829e-06 	6.7544e-12 	-3.76204e-08
57.7778 	2.00151e-06 	-4.06033e-10 	-4.75946e-08
57.8283 	1.9775e-06 	-7.37873e-10 	-5.98813e-08
57.8788 	1.9565e-06 	-9.22866e-10 	-7.35944e-08
57.9293 	1.93824e-06 	-9.42921e-10 	-8.78508e-08
57.9798 	1.92234e-06 	-7.3498e-10 	-1.01407e-07
58.0303 	1.90824e-06 	-3.26303e-10 	-1.12973e-07
58.0808 	1.89547e-06 	2.03502e-10 	-1.21613e-07
58.1313 	1.88373e-06 	8.00544e-10 	-1.26683e-07
58.1818 	1.87299e-06 	1.36939e-09 	-1.28556e-07
58.2323 	1.86245e-06 	1.81191e-09 	-1.27245e-07
58.2828 	1.85192e-06 	2.17807e-09 	-1.23563e-07
58.3333 	1.84198e-06 	2.47232e-09 	-1.17807e-07
58.3838 	1.83218e-06 	2.70215e-09 	-1.10595e-07
58.4343 	1.82245e-06 	2.78373e-09 	-1.02426e-07
58.4848 	1.81278e-06 	2.74263e-09 	-9.41439e-08
58.5354 	1.80316e-06 	2.62851e-09 	-8.62793e-08
58.5859 	1.79355e-06 	2.39269e-09 	-7.9326e-08
58.6364 	1.78402e-06 	2.15875e-09 	-7.37322e-08
58.6869 	1.77455e-06 	1.91609e-09 	-6.94939e-08
58.7374 	1.76515e-06 	1.64824e-09 	-6.67628e-08
58.7879 	1.75586e-06 	1.38992e-09 	-6.5565e-08
58.8384 	1.7467e-06 	1.16212e-09 	-6.5776e-08
58.8889 	1.73761e-06 	9.7789e-10 	-6.71734e-08
58.9394 	1.72857e-06 	8.45404e-10 	-6.94706e-08
58.9899 	1.71957e-06 	7.66902e-10 	-7.23508e-08
59.0404 	1.71061e-06 	7.39986e-10 	-7.54981e-08
59.0909 	1.7017e-06 	7.5945e-10 	-7.86202e-08
59.1414 	1.69284e-06 	8.18227e-10 	-8.14613e-08
59.1919 	1.68403e-06 	9.07797e-10 	-8.38126e-08
59.2424 	1.67528e-06 	1.01849e-09 	-8.55202e-08
59.2929 	1.66659e-06 	1.13998e-09 	-8.64903e-08
59.3434 	1.65797e-06 	1.26197e-09 	-8.66913e-08
59.3939 	1.64945e-06 	1.37506e-09 	-8.61506e-08
59.4444 	1.641e-06 	1.4715e-09 	-8.49467e-08
59.4949 	1.63259e-06 	1.54569e-09 	-8.31976e-08
59.5455 	1.62423e-06 	1.59438e-09 	-8.10474e-08
59.596 	1.6159e-06 	1.61661e-09 	-7.86522e-08
59.6465 	1.6076e-06 	1.61342e-09 	-7.61676e-08
59.697 	1.59932e-06 	1.58749e-09 	-7.37375e-08
59.7475 	1.59108e-06 	1.54274e-09 	-7.1486e-08
59.798 	1.58286e-06 	1.48394e-09 	-6.95108e-08
59.8485 	1.57468e-06 	1.41634e-09 	-6.78797e-08
59.899 	1.56654e-06 	1.34521e-09 	-6.66289e-08
59.9495 	1.55844e-06 	1.27552e-09 	-6.57637e-08
60.0 	1.55038e-06 	1.21159e-09 	-6.52622e-08
60.0505 	1.54237e-06 	1.15686e-09 	-6.50788e-08
60.101 	1.5344e-06 	1.11369e-09 	-6.51511e-08
60.1515 	1.52648e-06 	1.08337e-09 	-6.54058e-08
60.202 	1.51859e-06 	1.06615e-09 	-6.57652e-08
60.2525 	1.51073e-06 	1.0613e-09 	-6.61532e-08
60.303 	1.50292e-06 	1.06732e-09 	-6.65005e-08
60.3535 	1.49515e-06 	1.08212e-09 	-6.67488e-08
60.404 	1.48743e-06 	1.10324e-09 	-6.68535e-08
60.4545 	1.47975e-06 	1.12805e-09 	-6.67853e-08
60.5051 	1.47211e-06 	1.15395e-09 	-6.65306e-08
60.5556 	1.46452e-06 	1.17856e-09 	-6.60906e-08
60.6061 	1.45698e-06 	1.19986e-09 	-6.54797e-08
60.6566 	1.44947e-06 	1.21629e-09 	-6.47231e-08
60.7071 	1.5361e-06 	2.08964e-09 	-5.22172e-08
60.7576 	2.44501e-06 	5.25314e-09 	-3.41877e-08
60.8081 	2.12207e-06 	3.62117e-09 	-1.7576e-08
60.8586 	2.08404e-06 	1.67546e-09 	-1.12448e-08
60.9091 	2.05799e-06 	6.79995e-10 	-1.3059e-08
60.9596 	2.02968e-06 	2.43537e-11 	-1.97396e-08
61.0101 	2.00288e-06 	-3.88091e-10 	-2.96127e-08
61.0606 	1.97886e-06 	-7.20951e-10 	-4.18005e-08
61.1111 	1.95784e-06 	-9.08129e-10 	-5.54246e-08
61.1616 	1.93958e-06 	-9.31181e-10 	-6.96078e-08
61.2121 	1.92367e-06 	-7.26683e-10 	-8.31104e-08
61.2626 	1.90955e-06 	-3.21572e-10 	-9.46437e-08
61.3131 	1.89678e-06 	2.04812e-10 	-1.03272e-07
61.3636 	1.88503e-06 	7.98822e-10 	-1.08349e-07
61.4141 	1.87429e-06 	1.36515e-09 	-1.10247e-07
61.4646 	1.86373e-06 	1.80577e-09 	-1.08973e-07
61.5152 	1.85319e-06 	2.17075e-09 	-1.05337e-07
61.5657 	1.84324e-06 	2.46455e-09 	-9.96322e-08
61.6162 	1.83343e-06 	2.69462e-09 	-9.24714e-08
61.6667 	1.8237e-06 	2.77702e-09 	-8.43503e-08
61.7172 	1.81402e-06 	2.7372e-09 	-7.61103e-08
61.7677 	1.80439e-06 	2.62467e-09 	-6.82787e-08
61.8182 	1.79478e-06 	2.39059e-09 	-6.13483e-08
61.8687 	1.78524e-06 	2.15841e-09 	-5.57669e-08
61.9192 	1.77577e-06 	1.91743e-09 	-5.15308e-08
61.9697 	1.76636e-06 	1.65102e-09 	-4.87924e-08
62.0202 	1.75707e-06 	1.39385e-09 	-4.75797e-08
62.0707 	1.7479e-06 	1.16686e-09 	-4.77699e-08
62.1212 	1.7388e-06 	9.83079e-10 	-4.91428e-08
62.1717 	1.72975e-06 	8.50695e-10 	-5.14139e-08
62.2222 	1.72075e-06 	7.71978e-10 	-5.42682e-08
62.2727 	1.71179e-06 	7.44581e-10 	-5.73919e-08
62.3232 	1.70287e-06 	7.6336e-10 	-6.04939e-08
62.3737 	1.694e-06 	8.21319e-10 	-6.33193e-08
62.4242 	1.68519e-06 	9.10011e-10 	-6.56601e-08
62.4747 	1.67643e-06 	1.01984e-09 	-6.73623e-08
62.5253 	1.66774e-06 	1.14052e-09 	-6.8332e-08
62.5758 	1.65912e-06 	1.26183e-09 	-6.85371e-08
62.6263 	1.65059e-06 	1.37439e-09 	-6.80041e-08
62.6768 	1.64213e-06 	1.47047e-09 	-6.68104e-08
62.7273 	1.63372e-06 	1.54447e-09 	-6.50731e-08
62.7778 	1.62534e-06 	1.59315e-09 	-6.29353e-08
62.8283 	1.61701e-06 	1.61552e-09 	-6.0552e-08
62.8788 	1.6087e-06 	1.61259e-09 	-5.80781e-08
62.9293 	1.60042e-06 	1.58701e-09 	-5.56568e-08
62.9798 	1.59217e-06 	1.54267e-09 	-5.34117e-08
63.0303 	1.58395e-06 	1.4843e-09 	-5.14404e-08
63.0808 	1.57577e-06 	1.41712e-09 	-4.98107e-08
63.1313 	1.56762e-06 	1.34636e-09 	-4.85588e-08
63.1818 	1.55951e-06 	1.27699e-09 	-4.76905e-08
63.2323 	1.55145e-06 	1.21329e-09 	-4.71842e-08
63.2828 	1.54343e-06 	1.1587e-09 	-4.69949e-08
63.3333 	1.53546e-06 	1.11559e-09 	-4.70607e-08
63.3838 	1.52753e-06 	1.08526e-09 	-4.73087e-08
63.4343 	1.51963e-06 	1.06794e-09 	-4.76617e-08
63.4848 	1.51177e-06 	1.06294e-09 	-4.80441e-08
63.5354 	1.50396e-06 	1.06877e-09 	-4.83868e-08
63.5859 	1.49618e-06 	1.08336e-09 	-4.86317e-08
63.6364 	1.48845e-06 	1.10427e-09 	-4.87342e-08
63.6869 	1.48077e-06 	1.12887e-09 	-4.86651e-08
63.7374 	1.47313e-06 	1.15458e-09 	-4.84106e-08
63.7879 	1.46553e-06 	1.17904e-09 	-4.79719e-08
63.8384 	1.45798e-06 	1.20023e-09 	-4.7363e-08
63.8889 	1.45047e-06 	1.21659e-09 	-4.66088e-08
63.9394 	1.53715e-06 	2.09051e-09 	-3.40976e-08
63.9899 	1.65087e-06 	1.27073e-09 	-2.46885e-08
64.0404 	2.26552e-06 	3.53868e-09 	1.85602e-09
64.0909 	2.30583e-06 	4.34207e-09 	3.41869e-08
64.1414 	2.3192e-06 	-1.60098e-09 	5.17468e-08
64.1919 	2.30318e-06 	-6.14413e-09 	3.78037e-08
64.2424 	2.27748e-06 	-6.22627e-09 	3.26156e-09
64.2929 	2.25409e-06 	-2.00927e-10 	-1.52844e-09
64.3434 	2.23031e-06 	3.62882e-09 	2.00232e-08
64.3939 	2.20722e-06 	-1.01009e-09 	3.79918e-08
64.4444 	2.18882e-06 	-5.02822e-09 	2.90367e-08
64.4949 	2.17023e-06 	-4.99454e-09 	2.47484e-09
64.5455 	2.16093e-06 	5.98829e-10 	3.0612e-09
64.596 	2.14892e-06 	4.29434e-09 	2.85449e-08
64.6465 	2.13564e-06 	-5.54389e-10 	4.96083e-08
64.697 	2.12389e-06 	-4.89904e-09 	4.20599e-08
64.7475 	2.11176e-06 	-5.30177e-09 	1.44016e-08
64.798 	2.10599e-06 	-2.1134e-11 	1.17539e-08
64.8485 	2.09725e-06 	3.56885e-09 	3.29471e-08
64.899 	2.0882e-06 	5.33502e-09 	6.95187e-08
64.9495 	2.07875e-06 	-1.00908e-09 	9.15047e-08
65.0 	2.06885e-06 	-6.16751e-09 	7.84962e-08
65.0505 	2.06023e-06 	-6.70672e-09 	4.17393e-08
65.101 	2.0551e-06 	-8.58247e-10 	3.27038e-08
65.1515 	2.04775e-06 	3.0522e-09 	4.96923e-08
65.202 	2.03964e-06 	4.99531e-09 	8.34907e-08
65.2525 	2.03152e-06 	-9.1408e-10 	1.04515e-07
65.303 	2.02249e-06 	-5.61686e-09 	9.32915e-08
65.3535 	2.01379e-06 	-5.98165e-09 	6.07452e-08
65.404 	2.00975e-06 	-4.76961e-10 	5.45123e-08
65.4545 	2.00287e-06 	3.133e-09 	7.26259e-08
65.5051 	1.99513e-06 	4.82846e-09 	1.05918e-07
65.5556 	1.98754e-06 	-1.068e-09 	1.25764e-07
65.6061 	1.97912e-06 	-5.7679e-09 	1.13435e-07
65.6566 	1.97091e-06 	-6.10197e-09 	7.98954e-08
65.7071 	1.96689e-06 	-5.52705e-10 	7.29124e-08
65.7576 	1.96031e-06 	3.1182e-09 	9.05804e-08
65.8081 	1.95286e-06 	4.88429e-09 	1.23838e-07
65.8586 	1.94545e-06 	-9.13009e-10 	1.4415e-07
65.9091 	1.93717e-06 	-5.54091e-09 	1.32795e-07
65.9596 	1.92911e-06 	-5.92063e-09 	1.00449e-07
66.0101 	1.92524e-06 	-5.5783e-10 	9.36879e-08
66.0606 	1.91881e-06 	2.97909e-09 	1.10694e-07
66.1111 	1.91148e-06 	4.66607e-09 	1.42664e-07
66.1616 	1.9043e-06 	-9.65896e-10 	1.61976e-07
66.2121 	1.89626e-06 	-5.45456e-09 	1.50551e-07
66.2626 	1.88838e-06 	-5.78602e-09 	1.18842e-07
66.3131 	1.8846e-06 	-5.10578e-10 	1.12357e-07
66.3636 	1.87832e-06 	2.97432e-09 	1.29289e-07
66.4141 	1.87119e-06 	4.64264e-09 	1.6099e-07
66.4646 	1.86413e-06 	-9.04072e-10 	1.80244e-07
66.5152 	1.85623e-06 	-5.33042e-09 	1.69208e-07
66.5657 	1.84853e-06 	-5.68165e-09 	1.3812e-07
66.6162 	1.84482e-06 	-5.27689e-10 	1.31638e-07
66.6667 	1.83867e-06 	2.87544e-09 	1.48017e-07
66.7172 	1.83168e-06 	4.50313e-09 	1.78812e-07
66.7677 	1.82478e-06 	-9.04715e-10 	1.97475e-07
66.8182 	1.81707e-06 	-5.21699e-09 	1.86616e-07
66.8687 	1.80952e-06 	-5.54597e-09 	1.56249e-07
66.9192 	1.8059e-06 	-4.98516e-10 	1.5e-07
66.9697 	1.79988e-06 	2.83459e-09 	1.66148e-07
67.0202 	1.79305e-06 	4.42879e-09 	1.96415e-07
67.0707 	1.78629e-06 	-8.76904e-10 	2.14773e-07
67.1212 	1.77873e-06 	-5.10954e-09 	2.0416e-07
67.1717 	1.77135e-06 	-5.43905e-09 	1.74387e-07
67.2222 	1.76781e-06 	-4.97967e-10 	1.68213e-07
67.2727 	1.76191e-06 	2.76498e-09 	1.8396e-07
67.3232 	1.75522e-06 	4.32596e-09 	2.13531e-07
67.3737 	1.74861e-06 	-8.61782e-10 	2.31462e-07
67.4242 	1.74121e-06 	-4.99944e-09 	2.21071e-07
67.4747 	1.73398e-06 	-5.31855e-09 	1.91954e-07
67.5253 	1.73052e-06 	-4.82362e-10 	1.8594e-07
67.5758 	1.72475e-06 	2.71114e-09 	2.01384e-07
67.6263 	1.7182e-06 	4.23857e-09 	2.30355e-07
67.6768 	1.71173e-06 	-8.42498e-10 	2.47923e-07
67.7273 	1.70449e-06 	-4.89545e-09 	2.37749e-07
67.7778 	1.69741e-06 	-5.20923e-09 	2.09231e-07
67.8283 	1.69402e-06 	-4.74433e-10 	2.0333e-07
67.8788 	1.68838e-06 	2.65224e-09 	2.18436e-07
67.9293 	1.68196e-06 	4.14794e-09 	2.46787e-07
67.9798 	1.67563e-06 	-8.24879e-10 	2.63981e-07
68.0303 	1.66854e-06 	-4.79133e-09 	2.54023e-07
68.0808 	1.66162e-06 	-5.098e-09 	2.26114e-07
68.1313 	1.6583e-06 	-4.63473e-10 	2.20344e-07
68.1818 	1.65277e-06 	2.59691e-09 	2.35135e-07
68.2323 	1.6465e-06 	4.06076e-09 	2.62891e-07
68.2828 	1.6403e-06 	-8.07563e-10 	2.79723e-07
68.3333 	1.63336e-06 	-4.69071e-09 	2.69974e-07
68.3838 	1.62658e-06 	-4.99103e-09 	2.4265e-07
68.4343 	1.62333e-06 	-4.54005e-10 	2.36999e-07
68.4848 	1.61792e-06 	2.54204e-09 	2.51477e-07
68.5354 	1.61178e-06 	3.97518e-09 	2.78648e-07
68.5859 	1.60571e-06 	-7.90403e-10 	2.95125e-07
68.6364 	1.59892e-06 	-4.59159e-09 	2.85582e-07
68.6869 	1.59229e-06 	-4.88559e-09 	2.58836e-07
68.7374 	1.58911e-06 	-4.44354e-10 	2.53305e-07
68.7879 	1.58381e-06 	2.48841e-09 	2.67478e-07
68.8384 	1.5778e-06 	3.89126e-09 	2.94075e-07
68.8889 	1.57186e-06 	-7.73835e-10 	3.10204e-07
68.9394 	1.56521e-06 	-4.49486e-09 	3.00862e-07
68.9899 	1.55872e-06 	-4.78263e-09 	2.74679e-07
69.0404 	1.5556e-06 	-4.34972e-10 	2.69265e-07
69.0909 	1.55042e-06 	2.43601e-09 	2.83139e-07
69.1414 	1.54454e-06 	3.80931e-09 	3.09176e-07
69.1919 	1.53873e-06 	-7.57461e-10 	3.24966e-07
69.2424 	1.53222e-06 	-4.40007e-09 	3.15821e-07
69.2929 	1.52586e-06 	-4.6818e-09 	2.9019e-07
69.3434 	1.52281e-06 	-4.25825e-10 	2.8489e-07
69.3939 	1.51774e-06 	2.38461e-09 	2.98472e-07
69.4444 	1.51198e-06 	3.72895e-09 	3.23959e-07
69.4949 	1.50629e-06 	-7.41528e-10 	3.39415e-07
69.5455 	1.49992e-06 	-4.30733e-09 	3.30464e-07
69.596 	1.4937e-06 	-4.58309e-09 	3.05373e-07
69.6465 	1.49072e-06 	-4.16823e-10 	3.00184e-07
69.697 	1.48575e-06 	2.33438e-09 	3.1348e-07
69.7475 	1.48011e-06 	3.65038e-09 	3.38431e-07
69.798 	1.47455e-06 	-7.25883e-10 	3.53561e-07
69.8485 	1.46831e-06 	-4.21654e-09 	3.44798e-07
69.899 	1.46222e-06 	-4.4865e-09 	3.20237e-07
69.9495 	1.55191e-06 	-1.71913e-09 	3.02117e-07
70.0 	1.66801e-06 	1.67845e-09 	3.0285e-07
