# time 	Initial 	Final 	Iterations
1.2e-06 	6.55231e-05 	6.55231e-05 	0
2.64e-06 	8.76615e-05 	8.76615e-05 	0
4.368e-06 	5.26379e-05 	5.26379e-05 	0
6.4416e-06 	4.2675e-05 	4.2675e-05 	0
8.92992e-06 	7.4045e-05 	7.4045e-05 	0
1.19159e-05 	6.84794e-05 	6.84794e-05 	0
1.54991e-05 	6.95237e-05 	6.95237e-05 	0
1.97989e-05 	6.02475e-05 	6.02475e-05 	0
2.49587e-05 	5.34219e-05 	5.34219e-05 	0
3.11504e-05 	4.68601e-05 	4.68601e-05 	0
3.85805e-05 	4.23862e-05 	4.23862e-05 	0
4.74965e-05 	3.87055e-05 	3.87055e-05 	0
5.81958e-05 	3.63038e-05 	3.63038e-05 	0
7.1035e-05 	3.43576e-05 	3.43576e-05 	0
8.6442e-05 	3.32889e-05 	3.32889e-05 	0
0.00010493 	2.93499e-05 	2.93499e-05 	0
0.000127116 	9.97101e-05 	9.97101e-05 	0
0.00015374 	2.83735e-05 	2.83735e-05 	0
0.000185688 	9.93847e-05 	9.93847e-05 	0
0.000224025 	2.7221e-05 	2.7221e-05 	0
0.00027003 	2.51827e-05 	2.51827e-05 	0
0.000325236 	2.52733e-05 	2.52733e-05 	0
0.000391483 	7.93994e-05 	7.93994e-05 	0
0.00047098 	1.55936e-05 	1.55936e-05 	0
0.000566376 	1.53228e-05 	1.53228e-05 	0
0.00068085 	1.70968e-05 	1.70968e-05 	0
0.000818221 	1.81327e-05 	1.81327e-05 	0
0.000983063 	2.06599e-05 	2.06599e-05 	0
0.00118087 	2.41096e-05 	2.41096e-05 	0
0.00141824 	2.9529e-05 	2.9529e-05 	0
0.0017031 	3.16668e-05 	3.16668e-05 	0
0.00204491 	4.05413e-05 	4.05413e-05 	0
0.00245508 	5.13425e-05 	5.13425e-05 	0
0.0029473 	6.42306e-05 	6.42306e-05 	0
0.00353797 	8.22979e-05 	8.22979e-05 	0
0.00424679 	0.000105611 	1.57862e-05 	1
0.00509742 	0.000119065 	9.97179e-06 	1
0.00611825 	9.226e-05 	9.226e-05 	0
0.00734314 	0.000114094 	6.64819e-06 	1
0.00881286 	0.000158382 	1.00376e-05 	1
0.0105765 	0.000170849 	1.05467e-05 	1
0.0126925 	0.000226279 	1.42569e-05 	1
0.0152319 	0.000300502 	1.98309e-05 	1
0.0182788 	0.00039909 	2.78037e-05 	1
0.0219337 	0.000531992 	3.92747e-05 	1
0.0263197 	0.000747481 	6.27764e-05 	1
0.0315829 	0.0010086 	8.64782e-05 	1
0.037896 	0.00135962 	1.47297e-05 	2
0.0454717 	0.00179378 	1.91886e-05 	2
0.0545626 	0.00233184 	2.96175e-05 	2
0.0654797 	0.00298336 	3.71841e-05 	2
0.0785686 	0.00384409 	5.33074e-05 	2
0.094292 	0.00479023 	6.54565e-05 	2
0.11316 	0.00576563 	8.1507e-05 	2
0.135784 	0.00702983 	3.09467e-05 	3
0.162511 	0.00835348 	3.88526e-05 	3
0.19352 	0.00962836 	4.40635e-05 	3
0.228862 	0.0109217 	4.97055e-05 	3
0.268622 	0.0122519 	5.61738e-05 	3
0.313257 	0.0137943 	6.47784e-05 	3
0.361574 	0.0146329 	7.05587e-05 	3
0.410919 	0.0141697 	6.75567e-05 	3
0.461349 	0.013779 	5.86849e-05 	3
0.511778 	0.0128907 	5.03016e-05 	3
0.562208 	0.0120478 	5.16107e-05 	3
0.612637 	0.0112391 	4.39785e-05 	3
0.663066 	0.0104381 	3.74987e-05 	3
0.713496 	0.00963436 	3.23694e-05 	3
0.763925 	0.00887265 	2.85873e-05 	3
0.814355 	0.00813641 	2.5727e-05 	3
0.865399 	0.00760041 	2.39604e-05 	3
0.916444 	0.0069104 	2.38758e-05 	3
0.967488 	0.00627627 	2.12e-05 	3
1.01853 	0.00568242 	1.88531e-05 	3
1.06958 	0.00512139 	1.61944e-05 	3
1.12062 	0.00455369 	8.76269e-05 	2
1.17167 	0.00407512 	7.52445e-05 	2
1.22271 	0.00364657 	6.77088e-05 	2
1.27375 	0.00323146 	5.73812e-05 	2
1.3248 	0.00285347 	4.75366e-05 	2
1.37584 	0.00250309 	4.05396e-05 	2
1.42689 	0.0021868 	3.40965e-05 	2
1.47793 	0.00195485 	3.03993e-05 	2
1.52898 	0.00169355 	2.5562e-05 	2
1.58002 	0.00145851 	2.12944e-05 	2
1.63032 	0.00122453 	1.77067e-05 	2
1.68061 	0.0010242 	1.45656e-05 	2
1.7309 	0.000880861 	1.26874e-05 	2
1.7812 	0.000767332 	9.12184e-05 	1
1.83149 	0.000668158 	7.97936e-05 	1
1.88178 	0.000562132 	6.79368e-05 	1
1.93208 	0.000448509 	4.84705e-05 	1
1.98237 	0.00043269 	5.19284e-05 	1
2.03267 	0.000354804 	3.56732e-05 	1
2.08296 	0.000322175 	3.98024e-05 	1
2.13325 	0.000308578 	3.6738e-05 	1
2.18355 	0.00029873 	3.75235e-05 	1
2.23384 	0.000274894 	3.51143e-05 	1
2.28413 	0.0002561 	3.32134e-05 	1
2.33443 	0.000240967 	3.16162e-05 	1
2.38472 	0.000207127 	1.74852e-05 	1
2.43502 	0.000201913 	1.54985e-05 	1
2.48531 	0.000188475 	1.43763e-05 	1
2.5356 	0.000195669 	1.76281e-05 	1
2.5859 	0.000189551 	2.20204e-05 	1
2.63619 	0.000132933 	1.15837e-05 	1
2.68649 	0.000127268 	1.08101e-05 	1
2.73678 	0.000115121 	9.79016e-06 	1
2.78707 	0.000131506 	1.4983e-05 	1
2.83737 	0.000156656 	1.47358e-05 	1
2.88766 	9.6868e-05 	9.6868e-05 	0
2.93795 	0.000106336 	9.63593e-06 	1
2.98825 	8.28391e-05 	8.28391e-05 	0
3.03854 	0.000134533 	1.37176e-05 	1
3.08884 	6.70289e-05 	6.70289e-05 	0
3.13913 	0.000154465 	1.24626e-05 	1
3.18942 	0.000109518 	1.1843e-05 	1
3.23972 	0.00011303 	1.17537e-05 	1
3.29001 	0.000107971 	1.1634e-05 	1
3.3403 	0.000194838 	1.58836e-05 	1
3.3906 	7.08671e-05 	7.08671e-05 	0
3.44089 	0.000129888 	1.31028e-05 	1
3.49119 	0.000165027 	1.36545e-05 	1
3.54148 	0.000206539 	1.6102e-05 	1
3.59177 	9.70358e-05 	9.70358e-05 	0
3.64207 	0.000230157 	1.86023e-05 	1
3.69236 	9.46682e-05 	9.46682e-05 	0
3.74266 	6.11601e-05 	6.11601e-05 	0
3.79295 	6.72682e-05 	6.72682e-05 	0
3.84324 	0.000147904 	1.34606e-05 	1
3.89354 	0.000203336 	1.67296e-05 	1
3.94383 	0.000172974 	1.44537e-05 	1
3.99412 	0.000174006 	1.45003e-05 	1
4.04442 	0.000178808 	1.48178e-05 	1
4.09471 	0.000184003 	1.51996e-05 	1
4.14501 	0.000188848 	1.55797e-05 	1
4.1953 	0.000193176 	1.59181e-05 	1
4.24559 	0.000196979 	1.62079e-05 	1
4.29589 	0.000200305 	1.64529e-05 	1
4.34618 	0.000203218 	1.6667e-05 	1
4.39647 	0.000205768 	1.68555e-05 	1
4.44677 	0.000207975 	1.70027e-05 	1
4.49706 	0.000209861 	1.71492e-05 	1
4.54736 	0.000211477 	1.72738e-05 	1
4.59765 	0.00021285 	1.73804e-05 	1
4.64794 	0.000214 	1.74694e-05 	1
4.69824 	0.000214938 	1.75687e-05 	1
4.74853 	0.000215609 	1.76095e-05 	1
4.79882 	0.000216128 	1.76462e-05 	1
4.84912 	0.000216465 	1.76692e-05 	1
4.89941 	0.000216642 	1.76795e-05 	1
4.94971 	0.000216669 	1.7679e-05 	1
5.0 	0.00021656 	1.76701e-05 	1
5.05051 	0.000217358 	1.77406e-05 	1
5.10101 	0.000217999 	1.77894e-05 	1
5.15152 	0.000218467 	1.7836e-05 	1
5.20202 	0.000218852 	1.78707e-05 	1
5.25253 	0.00021912 	1.78941e-05 	1
5.30303 	0.000219274 	1.79075e-05 	1
5.35354 	0.000219322 	1.79118e-05 	1
5.40404 	0.000219273 	1.79076e-05 	1
5.45455 	0.000219132 	1.78957e-05 	1
5.50505 	0.000218907 	1.78767e-05 	1
5.55556 	0.000218603 	1.78514e-05 	1
5.60606 	0.000218224 	1.78204e-05 	1
5.65657 	0.000217777 	1.77845e-05 	1
5.70707 	0.000217266 	1.77442e-05 	1
5.75758 	0.000216697 	1.76992e-05 	1
5.80808 	0.000216074 	1.76495e-05 	1
5.85859 	0.000215403 	1.75956e-05 	1
5.90909 	0.000214687 	1.75379e-05 	1
5.9596 	0.000213931 	1.74767e-05 	1
6.0101 	0.000213139 	1.74123e-05 	1
6.06061 	0.000212316 	1.73453e-05 	1
6.11111 	0.000211466 	1.72759e-05 	1
6.16162 	0.000210591 	1.72047e-05 	1
6.21212 	0.000209697 	1.7132e-05 	1
6.26263 	0.000208784 	1.7058e-05 	1
6.31313 	0.000207856 	1.69827e-05 	1
6.36364 	0.000206916 	1.69064e-05 	1
6.41414 	0.000205965 	1.6829e-05 	1
6.46465 	0.000205006 	1.67509e-05 	1
6.51515 	0.000204041 	1.66722e-05 	1
6.56566 	0.00020307 	1.65929e-05 	1
6.61616 	0.000202095 	1.65133e-05 	1
6.66667 	0.000201117 	1.64335e-05 	1
6.71717 	0.000200138 	1.63537e-05 	1
6.76768 	0.000199158 	1.62738e-05 	1
6.81818 	0.000198178 	1.61942e-05 	1
6.86869 	0.000197199 	1.61145e-05 	1
6.91919 	0.00019622 	1.60348e-05 	1
6.9697 	0.000195243 	1.59551e-05 	1
7.0202 	0.000194267 	1.58755e-05 	1
7.07071 	0.000193293 	1.5796e-05 	1
7.12121 	0.000192321 	1.57166e-05 	1
7.17172 	0.000191351 	1.56373e-05 	1
7.22222 	0.000190384 	1.55582e-05 	1
7.27273 	0.00018942 	1.54793e-05 	1
7.32323 	0.000188458 	1.54006e-05 	1
7.37374 	0.0001875 	1.53221e-05 	1
7.42424 	0.000186545 	1.5244e-05 	1
7.47475 	0.000185594 	1.51661e-05 	1
7.52525 	0.000184646 	1.50886e-05 	1
7.57576 	0.000183701 	1.50114e-05 	1
7.62626 	0.000182761 	1.49345e-05 	1
7.67677 	0.000181824 	1.4858e-05 	1
7.72727 	0.000180892 	1.47818e-05 	1
7.77778 	0.000179963 	1.47059e-05 	1
7.82828 	0.000179039 	1.46305e-05 	1
7.87879 	0.000178119 	1.45553e-05 	1
7.92929 	0.000177203 	1.44806e-05 	1
7.9798 	0.000176291 	1.44061e-05 	1
8.0303 	0.000175384 	1.43321e-05 	1
8.08081 	0.000174481 	1.42583e-05 	1
8.13131 	0.000173582 	1.41849e-05 	1
8.18182 	0.000172688 	1.41119e-05 	1
8.23232 	0.000171798 	1.40392e-05 	1
8.28283 	0.000170913 	1.39669e-05 	1
8.33333 	0.000170032 	1.38949e-05 	1
8.38384 	0.000169155 	1.38232e-05 	1
8.43434 	0.000168283 	1.37519e-05 	1
8.48485 	0.000167415 	1.3681e-05 	1
8.53535 	0.000166552 	1.36104e-05 	1
8.58586 	0.000165693 	1.35401e-05 	1
8.63636 	0.000164838 	1.34703e-05 	1
8.68687 	0.000163988 	1.34008e-05 	1
8.73737 	0.000163142 	1.33316e-05 	1
8.78788 	0.0001623 	1.32628e-05 	1
8.83838 	0.000161463 	1.31944e-05 	1
8.88889 	0.00016063 	1.31263e-05 	1
8.93939 	0.000159801 	1.30586e-05 	1
8.9899 	0.000158977 	1.29912e-05 	1
9.0404 	0.000158156 	1.29242e-05 	1
9.09091 	0.00015734 	1.28576e-05 	1
9.14141 	0.000156529 	1.27912e-05 	1
9.19192 	0.000155721 	1.27253e-05 	1
9.24242 	0.000154918 	1.26596e-05 	1
9.29293 	0.000154118 	1.25943e-05 	1
9.34343 	0.000153323 	1.25293e-05 	1
9.39394 	0.000152532 	1.24647e-05 	1
9.44444 	9.64843e-05 	9.64843e-05 	0
9.49495 	0.000254632 	2.05651e-05 	1
9.54545 	0.00025774 	2.10477e-05 	1
9.59596 	9.68068e-05 	9.68068e-05 	0
9.64646 	0.000171088 	1.46532e-05 	1
9.69697 	0.000162676 	1.30592e-05 	1
9.74747 	0.000159085 	1.29461e-05 	1
9.79798 	0.000157919 	1.29414e-05 	1
9.84848 	0.000157745 	1.29622e-05 	1
9.89899 	0.000158 	1.29996e-05 	1
9.94949 	0.000158188 	1.30233e-05 	1
10.0 	0.000158307 	1.30045e-05 	1
10.0505 	0.000157889 	1.29687e-05 	1
10.101 	0.000157976 	1.29458e-05 	1
10.1515 	0.000157808 	1.29257e-05 	1
10.202 	0.000157531 	1.28904e-05 	1
10.2525 	0.000157214 	1.28713e-05 	1
10.303 	0.000156848 	1.28531e-05 	1
10.3535 	0.000156428 	1.282e-05 	1
10.404 	0.000155966 	1.27768e-05 	1
10.4545 	0.000155473 	1.27291e-05 	1
10.5051 	0.000154959 	1.26805e-05 	1
10.5556 	0.00015443 	1.2632e-05 	1
10.6061 	0.000153887 	1.25837e-05 	1
10.6566 	0.000153334 	1.2537e-05 	1
10.7071 	0.000152772 	1.24906e-05 	1
10.7576 	0.000152205 	1.24468e-05 	1
10.8081 	9.63394e-05 	9.63394e-05 	0
10.8586 	0.000254445 	2.05479e-05 	1
10.9091 	0.000257824 	2.10645e-05 	1
10.9596 	9.68265e-05 	9.68265e-05 	0
11.0101 	0.000171182 	1.46623e-05 	1
11.0606 	0.000162853 	1.30835e-05 	1
11.1111 	0.000159304 	1.29665e-05 	1
11.1616 	0.000158179 	1.2964e-05 	1
11.2121 	0.000158033 	1.29776e-05 	1
11.2626 	0.000158317 	1.30179e-05 	1
11.3131 	0.000158528 	1.30449e-05 	1
11.3636 	0.000158664 	1.30331e-05 	1
11.4141 	0.000158271 	1.29991e-05 	1
11.4646 	0.000158367 	1.29787e-05 	1
11.5152 	0.000158209 	1.29602e-05 	1
11.5657 	0.00015794 	1.29243e-05 	1
11.6162 	0.000157635 	1.29142e-05 	1
11.6667 	0.000157275 	1.28959e-05 	1
11.7172 	0.00015686 	1.28622e-05 	1
11.7677 	0.000156401 	1.28179e-05 	1
11.8182 	0.000155911 	1.27691e-05 	1
11.8687 	0.0001554 	1.2719e-05 	1
11.9192 	0.000154875 	1.26691e-05 	1
11.9697 	0.000154336 	1.262e-05 	1
12.0202 	0.000153788 	1.25736e-05 	1
12.0707 	0.000153232 	1.25294e-05 	1
12.1212 	0.000152673 	1.24879e-05 	1
12.1717 	0.000152109 	1.24459e-05 	1
12.2222 	9.62829e-05 	9.62829e-05 	0
12.2727 	0.000254301 	2.05367e-05 	1
12.3232 	0.00025769 	2.10562e-05 	1
12.3737 	9.68259e-05 	9.68259e-05 	0
12.4242 	0.0001712 	1.46657e-05 	1
12.4747 	0.000162953 	1.30998e-05 	1
12.5253 	0.000159445 	1.29806e-05 	1
12.5758 	0.00015837 	1.29807e-05 	1
12.6263 	0.000158265 	1.2995e-05 	1
12.6768 	0.000158581 	1.30388e-05 	1
12.7273 	0.000158816 	1.30686e-05 	1
12.7778 	0.000158969 	1.30583e-05 	1
12.8283 	0.000158591 	1.30252e-05 	1
12.8788 	0.000158697 	1.30065e-05 	1
12.9293 	0.000158546 	1.29885e-05 	1
12.9798 	0.00015828 	1.29524e-05 	1
13.0303 	0.000157978 	1.29431e-05 	1
13.0808 	0.000157619 	1.29246e-05 	1
13.1313 	0.000157203 	1.28907e-05 	1
13.1818 	0.000156742 	1.2846e-05 	1
13.2323 	0.000156249 	1.27967e-05 	1
13.2828 	0.000155736 	1.27462e-05 	1
13.3333 	0.000155207 	1.26959e-05 	1
13.3838 	0.000154664 	1.26466e-05 	1
13.4343 	0.000154111 	1.26001e-05 	1
13.4848 	0.000153551 	1.25559e-05 	1
13.5354 	0.000152987 	1.2514e-05 	1
13.5859 	0.000152418 	1.24716e-05 	1
13.6364 	0.000107319 	8.91771e-06 	1
13.6869 	0.000102808 	7.34304e-06 	1
13.7374 	0.000240023 	1.93679e-05 	1
13.7879 	0.000219948 	1.7895e-05 	1
13.8384 	0.000217742 	1.77469e-05 	1
13.8889 	0.000215649 	1.75962e-05 	1
13.9394 	0.000213113 	1.74283e-05 	1
13.9899 	0.000210588 	1.72506e-05 	1
14.0404 	0.000208286 	1.70769e-05 	1
14.0909 	0.000206262 	1.69117e-05 	1
14.1414 	0.000204493 	1.67617e-05 	1
14.1919 	0.00020293 	1.66264e-05 	1
14.2424 	0.000201522 	1.65028e-05 	1
14.2929 	0.000200231 	1.63879e-05 	1
14.3434 	0.000199029 	1.62802e-05 	1
14.3939 	0.000197901 	1.62114e-05 	1
14.4444 	0.000196739 	1.60771e-05 	1
14.4949 	0.000195657 	1.5994e-05 	1
14.5455 	0.000194596 	1.59122e-05 	1
14.596 	0.000193562 	1.58319e-05 	1
14.6465 	0.00019254 	1.57508e-05 	1
14.697 	0.000191527 	1.56686e-05 	1
14.7475 	0.000190522 	1.55855e-05 	1
14.798 	0.000189524 	1.55015e-05 	1
14.8485 	0.00018853 	1.54167e-05 	1
14.899 	0.000187543 	1.53323e-05 	1
14.9495 	0.000186561 	1.52486e-05 	1
15.0 	0.000185585 	1.51664e-05 	1
15.0505 	0.000184616 	1.50859e-05 	1
15.101 	0.000183654 	1.50085e-05 	1
15.1515 	0.000182696 	1.49318e-05 	1
15.202 	0.000181744 	1.48551e-05 	1
15.2525 	0.000180796 	1.47782e-05 	1
15.303 	0.000179852 	1.4701e-05 	1
15.3535 	0.000178914 	1.46237e-05 	1
15.404 	0.000177981 	1.45465e-05 	1
15.4545 	0.000177053 	1.44694e-05 	1
15.5051 	0.000176131 	1.43929e-05 	1
15.5556 	0.000175214 	1.43174e-05 	1
15.6061 	0.000174304 	1.42436e-05 	1
15.6566 	0.0001734 	1.41708e-05 	1
15.7071 	0.000172501 	1.40983e-05 	1
15.7576 	0.000171607 	1.4026e-05 	1
15.8081 	0.000170717 	1.39538e-05 	1
15.8586 	0.000169832 	1.38816e-05 	1
15.9091 	0.000168951 	1.38096e-05 	1
15.9596 	0.000168074 	1.37376e-05 	1
16.0101 	0.000167201 	1.36658e-05 	1
16.0606 	0.000166332 	1.35942e-05 	1
16.1111 	0.000165468 	1.35229e-05 	1
16.1616 	0.000164607 	1.3452e-05 	1
16.2121 	0.000163751 	1.33814e-05 	1
16.2626 	0.0001629 	1.33115e-05 	1
16.3131 	0.000162052 	1.32422e-05 	1
16.3636 	0.000161209 	1.31733e-05 	1
16.4141 	0.000160371 	1.31049e-05 	1
16.4646 	0.000159537 	1.30367e-05 	1
16.5152 	0.000158707 	1.29688e-05 	1
16.5657 	0.000157881 	1.29013e-05 	1
16.6162 	0.00015706 	1.28342e-05 	1
16.6667 	0.000156244 	1.27675e-05 	1
16.7172 	0.000155432 	1.27012e-05 	1
16.7677 	0.000154624 	1.26355e-05 	1
16.8182 	0.000153821 	1.25702e-05 	1
16.8687 	0.000153022 	1.25051e-05 	1
16.9192 	0.000107643 	8.92213e-06 	1
16.9697 	0.000103046 	7.33997e-06 	1
17.0202 	0.000240393 	1.93774e-05 	1
17.0707 	0.000220019 	1.78891e-05 	1
17.1212 	0.000217596 	1.77312e-05 	1
17.1717 	0.000215309 	1.75672e-05 	1
17.2222 	0.000212613 	1.73902e-05 	1
17.2727 	0.000209955 	1.7201e-05 	1
17.3232 	0.000207547 	1.70156e-05 	1
17.3737 	0.000205437 	1.68408e-05 	1
17.4242 	0.000203599 	1.66829e-05 	1
17.4747 	0.000201981 	1.65415e-05 	1
17.5253 	0.000200531 	1.64137e-05 	1
17.5758 	0.000199206 	1.62964e-05 	1
17.6263 	0.00019798 	1.62191e-05 	1
17.6768 	0.000196736 	1.60763e-05 	1
17.7273 	0.000195585 	1.59856e-05 	1
17.7778 	0.000194468 	1.58985e-05 	1
17.8283 	0.000193387 	1.58142e-05 	1
17.8788 	0.000192328 	1.5731e-05 	1
17.9293 	0.000191285 	1.56471e-05 	1
17.9798 	0.000190256 	1.55626e-05 	1
18.0303 	0.000189237 	1.54777e-05 	1
18.0808 	0.000188228 	1.53921e-05 	1
18.1313 	0.000187228 	1.5307e-05 	1
18.1818 	0.000186237 	1.52228e-05 	1
18.2323 	0.000185253 	1.51399e-05 	1
18.2828 	0.000184277 	1.50583e-05 	1
18.3333 	0.00018331 	1.49797e-05 	1
18.3838 	0.000182349 	1.49025e-05 	1
18.4343 	0.000181395 	1.48257e-05 	1
18.4848 	0.000180445 	1.47488e-05 	1
18.5354 	0.000179501 	1.46718e-05 	1
18.5859 	0.000178563 	1.45948e-05 	1
18.6364 	0.000177629 	1.45177e-05 	1
18.6869 	0.000176702 	1.44409e-05 	1
18.7374 	0.00017578 	1.43645e-05 	1
18.7879 	0.000174864 	1.42889e-05 	1
18.8384 	0.000173955 	1.42147e-05 	1
18.8889 	0.000173051 	1.41419e-05 	1
18.9394 	0.000172153 	1.40694e-05 	1
18.9899 	0.00017126 	1.39972e-05 	1
19.0404 	0.000170372 	1.39251e-05 	1
19.0909 	0.000169488 	1.38532e-05 	1
19.1414 	0.000168608 	1.37814e-05 	1
19.1919 	0.000167733 	1.37096e-05 	1
19.2424 	0.000166862 	1.3638e-05 	1
19.2929 	0.000165995 	1.35667e-05 	1
19.3434 	0.000165132 	1.34956e-05 	1
19.3939 	0.000164274 	1.34249e-05 	1
19.4444 	0.000163419 	1.33545e-05 	1
19.4949 	0.000162569 	1.32846e-05 	1
19.5455 	0.000161724 	1.32153e-05 	1
19.596 	0.000160883 	1.31466e-05 	1
19.6465 	0.000160046 	1.30782e-05 	1
19.697 	0.000159213 	1.30102e-05 	1
19.7475 	0.000158385 	1.29425e-05 	1
19.798 	0.000157561 	1.28752e-05 	1
19.8485 	0.000156742 	1.28082e-05 	1
19.899 	0.000155927 	1.27416e-05 	1
19.9495 	0.000155116 	1.26754e-05 	1
20.0 	0.00015431 	1.26098e-05 	1
20.0505 	0.000153509 	1.25446e-05 	1
20.101 	0.000152712 	1.24796e-05 	1
20.1515 	9.65881e-05 	9.65881e-05 	0
20.202 	0.000254893 	2.05847e-05 	1
20.2525 	0.000257992 	2.10678e-05 	1
20.303 	9.68602e-05 	9.68602e-05 	0
20.3535 	0.000171144 	1.46561e-05 	1
20.404 	0.000162666 	1.30574e-05 	1
20.4545 	0.000159014 	1.29398e-05 	1
20.5051 	0.000157797 	1.29311e-05 	1
20.5556 	0.000157581 	1.29479e-05 	1
20.6061 	0.000157807 	1.29829e-05 	1
20.6566 	0.000157971 	1.30048e-05 	1
20.7071 	0.000158072 	1.29849e-05 	1
20.7576 	0.000157645 	1.29484e-05 	1
20.8081 	0.000157721 	1.29247e-05 	1
20.8586 	0.000157547 	1.29042e-05 	1
20.9091 	0.000157266 	1.28685e-05 	1
20.9596 	0.000156946 	1.28498e-05 	1
21.0101 	0.000156579 	1.28314e-05 	1
21.0606 	0.00015616 	1.27984e-05 	1
21.1111 	0.000155699 	1.27551e-05 	1
21.1616 	0.000155208 	1.27076e-05 	1
21.2121 	0.000154698 	1.26591e-05 	1
21.2626 	0.000154172 	1.26108e-05 	1
21.3131 	0.000153634 	1.25628e-05 	1
21.3636 	0.000153085 	1.25165e-05 	1
21.4141 	0.000152527 	1.24705e-05 	1
21.4646 	0.0001074 	8.91224e-06 	1
21.5152 	0.000102911 	7.34197e-06 	1
21.5657 	0.000240275 	1.93831e-05 	1
21.6162 	0.000220216 	1.79158e-05 	1
21.6667 	0.000218012 	1.77697e-05 	1
21.7172 	0.000215933 	1.76209e-05 	1
21.7677 	0.000213413 	1.74501e-05 	1
21.8182 	0.000210904 	1.7271e-05 	1
21.8687 	0.000208618 	1.70973e-05 	1
21.9192 	0.000206609 	1.69342e-05 	1
21.9697 	0.000204853 	1.67851e-05 	1
22.0202 	0.000203302 	1.66516e-05 	1
22.0707 	0.000201906 	1.65301e-05 	1
22.1212 	0.000200626 	1.64174e-05 	1
22.1717 	0.000199435 	1.63117e-05 	1
22.2222 	0.000198317 	1.62455e-05 	1
22.2727 	0.000197163 	1.61109e-05 	1
22.3232 	0.000196087 	1.60275e-05 	1
22.3737 	0.000195032 	1.59452e-05 	1
22.4242 	0.000194002 	1.58644e-05 	1
22.4747 	0.000192987 	1.57841e-05 	1
22.5253 	0.000191981 	1.57027e-05 	1
22.5758 	0.000190982 	1.56205e-05 	1
22.6263 	0.000189989 	1.55371e-05 	1
22.6768 	0.000189003 	1.54538e-05 	1
22.7273 	0.000188022 	1.53705e-05 	1
22.7778 	0.000187046 	1.52881e-05 	1
22.8283 	0.000186077 	1.52066e-05 	1
22.8788 	0.000185113 	1.51262e-05 	1
22.9293 	0.000184156 	1.50487e-05 	1
22.9798 	0.000183204 	1.49722e-05 	1
23.0303 	0.000182257 	1.48958e-05 	1
23.0808 	0.000181315 	1.48194e-05 	1
23.1313 	0.000180377 	1.47428e-05 	1
23.1818 	0.000179444 	1.46661e-05 	1
23.2323 	0.000178516 	1.45895e-05 	1
23.2828 	0.000177593 	1.45131e-05 	1
23.3333 	0.000176676 	1.44372e-05 	1
23.3838 	0.000175764 	1.43622e-05 	1
23.4343 	0.000174858 	1.42886e-05 	1
23.4848 	0.000173958 	1.4216e-05 	1
23.5354 	0.000173063 	1.41437e-05 	1
23.5859 	0.000172172 	1.40716e-05 	1
23.6364 	0.000171286 	1.39997e-05 	1
23.6869 	0.000170405 	1.39278e-05 	1
23.7374 	0.000169527 	1.38561e-05 	1
23.7879 	0.000168654 	1.37845e-05 	1
23.8384 	0.000167785 	1.37131e-05 	1
23.8889 	0.00016692 	1.36419e-05 	1
23.9394 	0.000166059 	1.3571e-05 	1
23.9899 	0.000165202 	1.35005e-05 	1
24.0404 	0.000164349 	1.34303e-05 	1
24.0909 	0.000163501 	1.33605e-05 	1
24.1414 	0.000162657 	1.32914e-05 	1
24.1919 	0.000161817 	1.32228e-05 	1
24.2424 	0.000160981 	1.31546e-05 	1
24.2929 	0.00016015 	1.30867e-05 	1
24.3434 	0.000159323 	1.30191e-05 	1
24.3939 	0.000158501 	1.29518e-05 	1
24.4444 	0.000157682 	1.28849e-05 	1
24.4949 	0.000156868 	1.28184e-05 	1
24.5455 	0.000156059 	1.27524e-05 	1
24.596 	0.000155254 	1.26869e-05 	1
24.6465 	0.000154453 	1.26217e-05 	1
24.697 	0.000153656 	1.25568e-05 	1
24.7475 	0.000152864 	1.24922e-05 	1
24.798 	0.000107539 	8.91384e-06 	1
24.8485 	0.000102962 	7.33373e-06 	1
24.899 	0.000240185 	1.93612e-05 	1
24.9495 	0.000219845 	1.78756e-05 	1
25.0 	0.000217414 	1.77166e-05 	1
25.0505 	0.000215132 	1.75529e-05 	1
25.101 	0.000212451 	1.73769e-05 	1
25.1515 	0.000209808 	1.71889e-05 	1
25.202 	0.000207413 	1.70046e-05 	1
25.2525 	0.000205315 	1.68308e-05 	1
25.303 	0.00020349 	1.66738e-05 	1
25.3535 	0.000201883 	1.65333e-05 	1
25.404 	0.000200443 	1.64063e-05 	1
25.4545 	0.000199129 	1.62898e-05 	1
25.5051 	0.000197912 	1.62134e-05 	1
25.5556 	0.000196679 	1.60715e-05 	1
25.6061 	0.000195538 	1.59816e-05 	1
25.6566 	0.00019443 	1.58954e-05 	1
25.7071 	0.000193358 	1.58118e-05 	1
25.7576 	0.000192308 	1.57293e-05 	1
25.8081 	0.000191274 	1.56461e-05 	1
25.8586 	0.000190254 	1.55624e-05 	1
25.9091 	0.000189244 	1.54781e-05 	1
25.9596 	0.000188243 	1.53932e-05 	1
26.0101 	0.000187252 	1.53088e-05 	1
26.0606 	0.000186268 	1.52252e-05 	1
26.1111 	0.000185293 	1.5143e-05 	1
26.1616 	0.000184325 	1.5062e-05 	1
26.2121 	0.000183365 	1.4984e-05 	1
26.2626 	0.000182412 	1.49075e-05 	1
26.3131 	0.000181464 	1.48313e-05 	1
26.3636 	0.000180522 	1.4755e-05 	1
26.4141 	0.000179586 	1.46786e-05 	1
26.4646 	0.000178654 	1.46021e-05 	1
26.5152 	0.000177728 	1.45256e-05 	1
26.5657 	0.000176807 	1.44494e-05 	1
26.6162 	0.000175892 	1.43735e-05 	1
26.6667 	0.000174983 	1.42984e-05 	1
26.7172 	0.00017408 	1.42248e-05 	1
26.7677 	0.000173183 	1.41525e-05 	1
26.8182 	0.000172291 	1.40806e-05 	1
26.8687 	0.000171404 	1.40089e-05 	1
26.9192 	0.000170522 	1.39373e-05 	1
26.9697 	0.000169644 	1.38659e-05 	1
27.0202 	0.000168771 	1.37945e-05 	1
27.0707 	0.000167901 	1.37233e-05 	1
27.1212 	0.000167036 	1.36521e-05 	1
27.1717 	0.000166175 	1.35812e-05 	1
27.2222 	0.000165317 	1.35106e-05 	1
27.2727 	0.000164464 	1.34403e-05 	1
27.3232 	0.000163615 	1.33704e-05 	1
27.3737 	0.00016277 	1.33009e-05 	1
27.4242 	0.00016193 	1.32321e-05 	1
27.4747 	0.000161094 	1.31637e-05 	1
27.5253 	0.000160262 	1.30958e-05 	1
27.5758 	0.000159435 	1.30282e-05 	1
27.6263 	0.000158611 	1.29609e-05 	1
27.6768 	0.000157792 	1.28939e-05 	1
27.7273 	0.000156977 	1.28273e-05 	1
27.7778 	0.000156167 	1.27611e-05 	1
27.8283 	0.000155361 	1.26953e-05 	1
27.8788 	0.000154559 	1.26301e-05 	1
27.9293 	0.000153762 	1.25652e-05 	1
27.9798 	0.000152969 	1.25006e-05 	1
28.0303 	0.000107613 	8.91968e-06 	1
28.0808 	0.000103033 	7.33869e-06 	1
28.1313 	0.00024035 	1.93745e-05 	1
28.1818 	0.000219996 	1.78879e-05 	1
28.2323 	0.000217563 	1.77288e-05 	1
28.2828 	0.00021528 	1.75649e-05 	1
28.3333 	0.000212597 	1.73886e-05 	1
28.3838 	0.000209952 	1.72004e-05 	1
28.4343 	0.000207555 	1.7016e-05 	1
28.4848 	0.000205457 	1.68421e-05 	1
28.5354 	0.00020363 	1.66851e-05 	1
28.5859 	0.000202022 	1.65445e-05 	1
28.6364 	0.000200581 	1.64175e-05 	1
28.6869 	0.000199266 	1.6301e-05 	1
28.7374 	0.000198049 	1.62246e-05 	1
28.7879 	0.000196814 	1.60826e-05 	1
28.8384 	0.000195672 	1.59925e-05 	1
28.8889 	0.000194564 	1.59062e-05 	1
28.9394 	0.000193491 	1.58225e-05 	1
28.9899 	0.000192441 	1.574e-05 	1
29.0404 	0.000191406 	1.56567e-05 	1
29.0909 	0.000190384 	1.5573e-05 	1
29.1414 	0.000189374 	1.54886e-05 	1
29.1919 	0.000188372 	1.54037e-05 	1
29.2424 	0.00018738 	1.53193e-05 	1
29.2929 	0.000186396 	1.52356e-05 	1
29.3434 	0.00018542 	1.51534e-05 	1
29.3939 	0.000184451 	1.50723e-05 	1
29.4444 	0.000183491 	1.49943e-05 	1
29.4949 	0.000182537 	1.49177e-05 	1
29.5455 	0.000181589 	1.48414e-05 	1
29.596 	0.000180647 	1.47651e-05 	1
29.6465 	0.000179709 	1.46887e-05 	1
29.697 	0.000178777 	1.46121e-05 	1
29.7475 	0.00017785 	1.45356e-05 	1
29.798 	0.000176929 	1.44593e-05 	1
29.8485 	0.000176013 	1.43834e-05 	1
29.899 	0.000175103 	1.43083e-05 	1
29.9495 	0.0001742 	1.42346e-05 	1
30.0 	0.000173302 	1.41623e-05 	1
30.0505 	0.00017241 	1.40903e-05 	1
30.101 	0.000171522 	1.40185e-05 	1
30.1515 	0.00017064 	1.39469e-05 	1
30.202 	0.000169761 	1.38754e-05 	1
30.2525 	0.000168887 	1.3804e-05 	1
30.303 	0.000168017 	1.37327e-05 	1
30.3535 	0.000167151 	1.36615e-05 	1
30.404 	0.000166289 	1.35906e-05 	1
30.4545 	0.000165431 	1.35199e-05 	1
30.5051 	0.000164577 	1.34496e-05 	1
30.5556 	0.000163728 	1.33796e-05 	1
30.6061 	0.000162882 	1.33101e-05 	1
30.6566 	0.000162041 	1.32412e-05 	1
30.7071 	0.000161205 	1.31728e-05 	1
30.7576 	0.000160372 	1.31048e-05 	1
30.8081 	0.000159544 	1.30372e-05 	1
30.8586 	0.00015872 	1.29698e-05 	1
30.9091 	0.000157901 	1.29028e-05 	1
30.9596 	0.000157085 	1.28361e-05 	1
31.0101 	0.000156274 	1.27699e-05 	1
31.0606 	0.000155468 	1.27041e-05 	1
31.1111 	0.000154666 	1.26388e-05 	1
31.1616 	0.000153868 	1.25738e-05 	1
31.2121 	0.000153074 	1.25092e-05 	1
31.2626 	0.000107687 	8.92581e-06 	1
31.3131 	0.000103104 	7.34373e-06 	1
31.3636 	0.000219568 	1.72424e-05 	1
31.4141 	0.000233698 	1.88668e-05 	1
31.4646 	0.000239573 	1.94194e-05 	1
31.5152 	0.000241549 	1.96893e-05 	1
31.5657 	0.000240569 	1.96684e-05 	1
31.6162 	0.000238006 	1.95672e-05 	1
31.6667 	0.000235878 	1.93629e-05 	1
31.7172 	0.00023363 	1.91749e-05 	1
31.7677 	0.000231663 	1.90016e-05 	1
31.8182 	0.000229828 	1.8846e-05 	1
31.8687 	0.000227798 	1.87083e-05 	1
31.9192 	0.000226672 	1.85919e-05 	1
31.9697 	0.000225428 	1.84979e-05 	1
32.0202 	0.000224318 	1.83889e-05 	1
32.0707 	0.000223153 	1.82875e-05 	1
32.1212 	0.000221669 	1.82199e-05 	1
32.1717 	0.000220948 	1.81225e-05 	1
32.2222 	0.00022003 	1.80478e-05 	1
32.2727 	0.000219122 	1.80135e-05 	1
32.3232 	0.000218311 	1.79147e-05 	1
32.3737 	0.000217381 	1.78281e-05 	1
32.4242 	0.000216139 	1.77977e-05 	1
32.4747 	0.000215571 	1.76886e-05 	1
32.5253 	0.000214812 	1.76124e-05 	1
32.5758 	0.000214042 	1.75913e-05 	1
32.6263 	0.000213349 	1.75096e-05 	1
32.6768 	0.000212511 	1.74259e-05 	1
32.7273 	0.000211346 	1.73871e-05 	1
32.7778 	0.000210843 	1.72988e-05 	1
32.8283 	0.000210136 	1.72305e-05 	1
32.8788 	0.000209406 	1.72075e-05 	1
32.9293 	0.000208749 	1.71312e-05 	1
32.9798 	0.00020795 	1.7055e-05 	1
33.0303 	0.000206822 	1.70189e-05 	1
33.0808 	0.000206341 	1.69302e-05 	1
33.1313 	0.000205663 	1.68652e-05 	1
33.1818 	0.000204959 	1.68456e-05 	1
33.2323 	0.000204323 	1.67689e-05 	1
33.2828 	0.000203545 	1.66934e-05 	1
33.3333 	0.000202438 	1.66572e-05 	1
33.3838 	0.000201975 	1.65719e-05 	1
33.4343 	0.000201314 	1.65078e-05 	1
33.4848 	0.000200625 	1.64872e-05 	1
33.5354 	0.000200005 	1.64142e-05 	1
33.5859 	0.000199245 	1.6341e-05 	1
33.6364 	0.000198161 	1.63053e-05 	1
33.6869 	0.00019771 	1.62222e-05 	1
33.7374 	0.000197063 	1.616e-05 	1
33.7879 	0.000196391 	1.61408e-05 	1
33.8384 	0.000195784 	1.60681e-05 	1
33.8889 	0.00019504 	1.59962e-05 	1
33.9394 	0.000193978 	1.59614e-05 	1
33.9899 	0.000193537 	1.58798e-05 	1
34.0404 	0.000192905 	1.58187e-05 	1
34.0909 	0.000192246 	1.57994e-05 	1
34.1414 	0.000191653 	1.5729e-05 	1
34.1919 	0.000190925 	1.56587e-05 	1
34.2424 	0.000189886 	1.56244e-05 	1
34.2929 	0.000189454 	1.55448e-05 	1
34.3434 	0.000188835 	1.54852e-05 	1
34.3939 	0.000188191 	1.54666e-05 	1
34.4444 	0.00018761 	1.53972e-05 	1
34.4949 	0.000186897 	1.53284e-05 	1
34.5455 	0.00018588 	1.5295e-05 	1
34.596 	0.000185458 	1.52169e-05 	1
34.6465 	0.000184852 	1.51585e-05 	1
34.697 	0.000184221 	1.51402e-05 	1
34.7475 	0.000183652 	1.50724e-05 	1
34.798 	0.000182955 	1.50051e-05 	1
34.8485 	0.000181959 	1.49723e-05 	1
34.899 	0.000181546 	1.4896e-05 	1
34.9495 	0.000180953 	1.48388e-05 	1
35.0 	0.000180336 	1.48209e-05 	1
35.0505 	0.000179779 	1.47546e-05 	1
35.101 	0.000179096 	1.46886e-05 	1
35.1515 	0.000178122 	1.46566e-05 	1
35.202 	0.000177717 	1.45818e-05 	1
35.2525 	0.000177137 	1.45259e-05 	1
35.303 	0.000176532 	1.45083e-05 	1
35.3535 	0.000175987 	1.44434e-05 	1
35.404 	0.000175319 	1.43788e-05 	1
35.4545 	0.000174365 	1.43475e-05 	1
35.5051 	0.00017397 	1.42743e-05 	1
35.5556 	0.000173401 	1.42195e-05 	1
35.6061 	0.00017281 	1.42024e-05 	1
35.6566 	0.000172276 	1.41388e-05 	1
35.7071 	0.000171622 	1.40756e-05 	1
35.7576 	0.000170689 	1.40449e-05 	1
35.8081 	0.000170301 	1.39733e-05 	1
35.8586 	0.000169745 	1.39197e-05 	1
35.9091 	0.000169166 	1.39029e-05 	1
35.9596 	0.000168644 	1.38407e-05 	1
36.0101 	0.000168004 	1.37788e-05 	1
36.0606 	0.00016709 	1.37488e-05 	1
36.1111 	0.000166711 	1.36787e-05 	1
36.1616 	0.000166166 	1.36262e-05 	1
36.2121 	0.0001656 	1.36098e-05 	1
36.2626 	0.000165088 	1.35489e-05 	1
36.3131 	0.000164462 	1.34883e-05 	1
36.3636 	0.000163567 	1.3459e-05 	1
36.4141 	0.000163196 	1.33904e-05 	1
36.4646 	0.000162663 	1.3339e-05 	1
36.5152 	0.000162109 	1.33229e-05 	1
36.5657 	0.000161608 	1.32633e-05 	1
36.6162 	0.000160995 	1.3204e-05 	1
36.6667 	0.000160119 	1.31752e-05 	1
36.7172 	0.000159756 	1.31081e-05 	1
36.7677 	0.000159234 	1.30578e-05 	1
36.8182 	0.000158692 	1.30421e-05 	1
36.8687 	0.000158202 	1.29837e-05 	1
36.9192 	0.000157601 	1.29257e-05 	1
36.9697 	0.000156744 	1.28975e-05 	1
37.0202 	0.000156389 	1.28318e-05 	1
37.0707 	0.000155878 	1.27826e-05 	1
37.1212 	0.000155347 	1.27672e-05 	1
37.1717 	0.000154867 	1.271e-05 	1
37.2222 	0.00015428 	1.26533e-05 	1
37.2727 	0.000108564 	9.00993e-06 	1
37.3232 	0.000104047 	7.4653e-06 	1
37.3737 	0.000221735 	1.74028e-05 	1
37.4242 	0.000236197 	1.90101e-05 	1
37.4747 	0.000242346 	1.95562e-05 	1
37.5253 	0.000244438 	1.98759e-05 	1
37.5758 	0.000243704 	1.98803e-05 	1
37.6263 	0.000241687 	1.97679e-05 	1
37.6768 	0.000239309 	1.96007e-05 	1
37.7273 	0.000236995 	1.94168e-05 	1
37.7778 	0.000234899 	1.92364e-05 	1
37.8283 	0.000233038 	1.90701e-05 	1
37.8788 	0.000231382 	1.89223e-05 	1
37.9293 	0.000229884 	1.8793e-05 	1
37.9798 	0.000228509 	1.86817e-05 	1
38.0303 	0.000227223 	1.85774e-05 	1
38.0808 	0.000226009 	1.848e-05 	1
38.1313 	0.000224854 	1.83885e-05 	1
38.1818 	0.00022375 	1.8301e-05 	1
38.2323 	0.000222687 	1.8216e-05 	1
38.2828 	0.000221659 	1.81324e-05 	1
38.3333 	0.00022066 	1.80498e-05 	1
38.3838 	0.000219684 	1.79681e-05 	1
38.4343 	0.000218728 	1.78877e-05 	1
38.4848 	0.000217789 	1.78087e-05 	1
38.5354 	0.000216865 	1.77658e-05 	1
38.5859 	0.000215847 	1.76402e-05 	1
38.6364 	0.000214864 	1.75609e-05 	1
38.6869 	0.000213867 	1.7479e-05 	1
38.7374 	0.000212866 	1.73972e-05 	1
38.7879 	0.000211856 	1.73147e-05 	1
38.8384 	0.000210837 	1.72309e-05 	1
38.8889 	0.000209811 	1.71464e-05 	1
38.9394 	0.000208779 	1.70613e-05 	1
38.9899 	0.000207745 	1.69759e-05 	1
39.0404 	0.000206709 	1.68906e-05 	1
39.0909 	0.000205673 	1.68061e-05 	1
39.1414 	0.000204639 	1.67226e-05 	1
39.1919 	0.000203607 	1.66392e-05 	1
39.2424 	0.000202577 	1.65557e-05 	1
39.2929 	0.000201549 	1.64723e-05 	1
39.3434 	0.000200524 	1.63889e-05 	1
39.3939 	0.000199502 	1.63054e-05 	1
39.4444 	0.000198483 	1.6222e-05 	1
39.4949 	0.000197468 	1.61387e-05 	1
39.5455 	0.000196456 	1.60556e-05 	1
39.596 	0.000195448 	1.59727e-05 	1
39.6465 	0.000194444 	1.58902e-05 	1
39.697 	0.000193444 	1.5808e-05 	1
39.7475 	0.000192449 	1.57262e-05 	1
39.798 	0.000191458 	1.56449e-05 	1
39.8485 	0.000190472 	1.55643e-05 	1
39.899 	0.000189491 	1.54841e-05 	1
39.9495 	0.000188514 	1.54043e-05 	1
40.0 	0.000187543 	1.53249e-05 	1
40.0505 	0.000186576 	1.52459e-05 	1
40.101 	0.000185614 	1.51673e-05 	1
40.1515 	0.000184657 	1.50891e-05 	1
40.202 	0.000183705 	1.50114e-05 	1
40.2525 	0.000182758 	1.49343e-05 	1
40.303 	0.000181816 	1.48576e-05 	1
40.3535 	0.000180879 	1.47812e-05 	1
40.404 	0.000179947 	1.47053e-05 	1
40.4545 	0.00017902 	1.46296e-05 	1
40.5051 	0.000178097 	1.45543e-05 	1
40.5556 	0.000177179 	1.44794e-05 	1
40.6061 	0.000176266 	1.44047e-05 	1
40.6566 	0.000175357 	1.43304e-05 	1
40.7071 	0.000174453 	1.42564e-05 	1
40.7576 	0.000173553 	1.41828e-05 	1
40.8081 	0.000172658 	1.41095e-05 	1
40.8586 	0.000171767 	1.40366e-05 	1
40.9091 	0.000170881 	1.39641e-05 	1
40.9596 	0.00017 	1.3892e-05 	1
41.0101 	0.000169123 	1.38202e-05 	1
41.0606 	0.00016825 	1.37488e-05 	1
41.1111 	0.000167382 	1.36779e-05 	1
41.1616 	0.000166518 	1.36073e-05 	1
41.2121 	0.000165659 	1.35371e-05 	1
41.2626 	0.000164805 	1.34673e-05 	1
41.3131 	0.000163954 	1.33978e-05 	1
41.3636 	0.000163108 	1.33288e-05 	1
41.4141 	0.000162267 	1.32601e-05 	1
41.4646 	0.00016143 	1.31917e-05 	1
41.5152 	0.000160597 	1.31237e-05 	1
41.5657 	0.000159769 	1.30561e-05 	1
41.6162 	0.000158944 	1.29888e-05 	1
41.6667 	0.000158124 	1.29218e-05 	1
41.7172 	0.000157309 	1.28551e-05 	1
41.7677 	0.000156497 	1.27888e-05 	1
41.8182 	0.00015569 	1.27228e-05 	1
41.8687 	0.000154886 	1.26572e-05 	1
41.9192 	0.000154087 	1.25919e-05 	1
41.9697 	0.000153292 	1.25268e-05 	1
42.0202 	0.000152501 	1.24622e-05 	1
42.0707 	9.64648e-05 	9.64648e-05 	0
42.1212 	0.00025458 	2.0561e-05 	1
42.1717 	0.000257688 	2.10434e-05 	1
42.2222 	9.67869e-05 	9.67869e-05 	0
42.2727 	0.000171053 	1.46502e-05 	1
42.3232 	0.000162643 	1.30565e-05 	1
42.3737 	0.000159053 	1.29435e-05 	1
42.4242 	0.000157887 	1.29388e-05 	1
42.4747 	0.000157712 	1.29597e-05 	1
42.5253 	0.000157968 	1.29971e-05 	1
42.5758 	0.000158155 	1.30207e-05 	1
42.6263 	0.000158274 	1.30019e-05 	1
42.6768 	0.000157857 	1.29661e-05 	1
42.7273 	0.000157943 	1.29431e-05 	1
42.7778 	0.000157776 	1.2923e-05 	1
42.8283 	0.000157499 	1.28878e-05 	1
42.8788 	0.000157182 	1.28686e-05 	1
42.9293 	0.000156816 	1.28503e-05 	1
42.9798 	0.000156396 	1.28173e-05 	1
43.0303 	0.000155934 	1.27741e-05 	1
43.0808 	0.000155441 	1.27265e-05 	1
43.1313 	0.000154928 	1.26779e-05 	1
43.1818 	0.000154399 	1.26294e-05 	1
43.2323 	0.000153856 	1.25812e-05 	1
43.2828 	0.000153303 	1.25345e-05 	1
43.3333 	0.000152741 	1.2488e-05 	1
43.3838 	0.000152174 	1.24442e-05 	1
43.4343 	9.63198e-05 	9.63198e-05 	0
43.4848 	0.000254394 	2.05437e-05 	1
43.5354 	0.000257772 	2.10601e-05 	1
43.5859 	9.68066e-05 	9.68066e-05 	0
43.6364 	0.000171147 	1.46593e-05 	1
43.6869 	0.00016282 	1.30808e-05 	1
43.7374 	0.000159272 	1.29638e-05 	1
43.7879 	0.000158147 	1.29613e-05 	1
43.8384 	0.000158001 	1.29749e-05 	1
43.8889 	0.000158284 	1.30152e-05 	1
43.9394 	0.000158496 	1.30422e-05 	1
43.9899 	0.000158631 	1.30305e-05 	1
44.0404 	0.000158238 	1.29965e-05 	1
44.0909 	0.000158335 	1.2976e-05 	1
44.1414 	0.000158177 	1.29575e-05 	1
44.1919 	0.000157908 	1.29216e-05 	1
44.2424 	0.000157602 	1.29115e-05 	1
44.2929 	0.000157243 	1.28933e-05 	1
44.3434 	0.000156827 	1.28596e-05 	1
44.3939 	0.000156368 	1.28153e-05 	1
44.4444 	0.000155879 	1.27664e-05 	1
44.4949 	0.000155368 	1.27164e-05 	1
44.5455 	0.000154843 	1.26665e-05 	1
44.596 	0.000154305 	1.26174e-05 	1
44.6465 	0.000153756 	1.2571e-05 	1
44.697 	0.000153201 	1.25269e-05 	1
44.7475 	0.000152642 	1.24853e-05 	1
44.798 	0.000152078 	1.24433e-05 	1
44.8485 	9.62631e-05 	9.62631e-05 	0
44.899 	0.000254249 	2.05325e-05 	1
44.9495 	0.000257637 	2.10519e-05 	1
45.0 	9.6806e-05 	9.6806e-05 	0
45.0505 	0.000171165 	1.46627e-05 	1
45.101 	0.00016292 	1.30971e-05 	1
45.1515 	0.000159412 	1.2978e-05 	1
45.202 	0.000158338 	1.2978e-05 	1
45.2525 	0.000158233 	1.29924e-05 	1
45.303 	0.000158549 	1.30361e-05 	1
45.3535 	0.000158784 	1.30659e-05 	1
45.404 	0.000158936 	1.30556e-05 	1
45.4545 	0.000158559 	1.30226e-05 	1
45.5051 	0.000158665 	1.30038e-05 	1
45.5556 	0.000158513 	1.29858e-05 	1
45.6061 	0.000158248 	1.29497e-05 	1
45.6566 	0.000157945 	1.29404e-05 	1
45.7071 	0.000157586 	1.2922e-05 	1
45.7576 	0.00015717 	1.2888e-05 	1
45.8081 	0.00015671 	1.28433e-05 	1
45.8586 	0.000156217 	1.2794e-05 	1
45.9091 	0.000155704 	1.27436e-05 	1
45.9596 	0.000155175 	1.26933e-05 	1
46.0101 	0.000154632 	1.2644e-05 	1
46.0606 	0.00015408 	1.25975e-05 	1
46.1111 	0.00015352 	1.25534e-05 	1
46.1616 	0.000152956 	1.25115e-05 	1
46.2121 	0.000152387 	1.2469e-05 	1
46.2626 	0.000107297 	8.91588e-06 	1
46.3131 	0.000102786 	7.34154e-06 	1
46.3636 	0.000239974 	1.93639e-05 	1
46.4141 	0.000219903 	1.78913e-05 	1
46.4646 	0.000217697 	1.77433e-05 	1
46.5152 	0.000215604 	1.75926e-05 	1
46.5657 	0.000213069 	1.74247e-05 	1
46.6162 	0.000210544 	1.7247e-05 	1
46.6667 	0.000208244 	1.70734e-05 	1
46.7172 	0.00020622 	1.69082e-05 	1
46.7677 	0.000204451 	1.67582e-05 	1
46.8182 	0.000202888 	1.6623e-05 	1
46.8687 	0.000201481 	1.64994e-05 	1
46.9192 	0.000200189 	1.63845e-05 	1
46.9697 	0.000198989 	1.62769e-05 	1
47.0202 	0.00019786 	1.62081e-05 	1
47.0707 	0.000196699 	1.60738e-05 	1
47.1212 	0.000195617 	1.59908e-05 	1
47.1717 	0.000194556 	1.59089e-05 	1
47.2222 	0.000193522 	1.58286e-05 	1
47.2727 	0.0001925 	1.57476e-05 	1
47.3232 	0.000191488 	1.56654e-05 	1
47.3737 	0.000190483 	1.55823e-05 	1
47.4242 	0.000189485 	1.54983e-05 	1
47.4747 	0.000188492 	1.54135e-05 	1
47.5253 	0.000187505 	1.53291e-05 	1
47.5758 	0.000186523 	1.52455e-05 	1
47.6263 	0.000185547 	1.51632e-05 	1
47.6768 	0.000184578 	1.50828e-05 	1
47.7273 	0.000183616 	1.50054e-05 	1
47.7778 	0.000182659 	1.49287e-05 	1
47.8283 	0.000181706 	1.4852e-05 	1
47.8788 	0.000180758 	1.47752e-05 	1
47.9293 	0.000179815 	1.4698e-05 	1
47.9798 	0.000178877 	1.46207e-05 	1
48.0303 	0.000177944 	1.45435e-05 	1
48.0808 	0.000177017 	1.44665e-05 	1
48.1313 	0.000176094 	1.43899e-05 	1
48.1818 	0.000175178 	1.43144e-05 	1
48.2323 	0.000174268 	1.42407e-05 	1
48.2828 	0.000173364 	1.41679e-05 	1
48.3333 	0.000172466 	1.40954e-05 	1
48.3838 	0.000171572 	1.40231e-05 	1
48.4343 	0.000170682 	1.39509e-05 	1
48.4848 	0.000169797 	1.38788e-05 	1
48.5354 	0.000168916 	1.38067e-05 	1
48.5859 	0.00016804 	1.37348e-05 	1
48.6364 	0.000167167 	1.3663e-05 	1
48.6869 	0.000166298 	1.35914e-05 	1
48.7374 	0.000165434 	1.35201e-05 	1
48.7879 	0.000164574 	1.34492e-05 	1
48.8384 	0.000163718 	1.33787e-05 	1
48.8889 	0.000162866 	1.33087e-05 	1
48.9394 	0.000162019 	1.32394e-05 	1
48.9899 	0.000161176 	1.31706e-05 	1
49.0404 	0.000160338 	1.31022e-05 	1
49.0909 	0.000159504 	1.3034e-05 	1
49.1414 	0.000158674 	1.29662e-05 	1
49.1919 	0.000157849 	1.28987e-05 	1
49.2424 	0.000157028 	1.28315e-05 	1
49.2929 	0.000156212 	1.27649e-05 	1
49.3434 	0.0001554 	1.26986e-05 	1
49.3939 	0.000154592 	1.26329e-05 	1
49.4444 	0.000153789 	1.25676e-05 	1
49.4949 	0.000152991 	1.25026e-05 	1
49.5455 	0.000107621 	8.9203e-06 	1
49.596 	0.000103025 	7.33846e-06 	1
49.6465 	0.000240344 	1.93735e-05 	1
49.697 	0.000219974 	1.78855e-05 	1
49.7475 	0.000217552 	1.77276e-05 	1
49.798 	0.000215265 	1.75636e-05 	1
49.8485 	0.00021257 	1.73866e-05 	1
49.899 	0.000209912 	1.71975e-05 	1
49.9495 	0.000207504 	1.70121e-05 	1
50.0 	0.000205395 	1.68373e-05 	1
50.0505 	0.000203558 	1.66795e-05 	1
50.101 	0.00020194 	1.65381e-05 	1
50.1515 	0.00020049 	1.64103e-05 	1
50.202 	0.000199166 	1.6293e-05 	1
50.2525 	0.000197939 	1.62158e-05 	1
50.303 	0.000196696 	1.6073e-05 	1
50.3535 	0.000195545 	1.59823e-05 	1
50.404 	0.000194429 	1.58953e-05 	1
50.4545 	0.000193347 	1.5811e-05 	1
50.5051 	0.000192289 	1.57278e-05 	1
50.5556 	0.000191246 	1.56439e-05 	1
50.6061 	0.000190217 	1.55595e-05 	1
50.6566 	0.000189199 	1.54745e-05 	1
50.7071 	0.000188189 	1.5389e-05 	1
50.7576 	0.00018719 	1.53039e-05 	1
50.8081 	0.000186199 	1.52197e-05 	1
50.8586 	0.000185215 	1.51368e-05 	1
50.9091 	0.00018424 	1.50552e-05 	1
50.9596 	0.000183273 	1.49766e-05 	1
51.0101 	0.000182312 	1.48995e-05 	1
51.0606 	0.000181357 	1.48226e-05 	1
51.1111 	0.000180408 	1.47458e-05 	1
51.1616 	0.000179464 	1.46688e-05 	1
51.2121 	0.000178526 	1.45918e-05 	1
51.2626 	0.000177593 	1.45147e-05 	1
51.3131 	0.000176666 	1.44379e-05 	1
51.3636 	0.000175744 	1.43615e-05 	1
51.4141 	0.000174828 	1.42859e-05 	1
51.4646 	0.000173919 	1.42118e-05 	1
51.5152 	0.000173016 	1.4139e-05 	1
51.5657 	0.000172118 	1.40665e-05 	1
51.6162 	0.000171225 	1.39943e-05 	1
51.6667 	0.000170337 	1.39223e-05 	1
51.7172 	0.000169453 	1.38504e-05 	1
51.7677 	0.000168574 	1.37785e-05 	1
51.8182 	0.000167699 	1.37068e-05 	1
51.8687 	0.000166828 	1.36352e-05 	1
51.9192 	0.000165961 	1.35639e-05 	1
51.9697 	0.000165098 	1.34928e-05 	1
52.0202 	0.00016424 	1.34221e-05 	1
52.0707 	0.000163386 	1.33518e-05 	1
52.1212 	0.000162536 	1.32819e-05 	1
52.1717 	0.000161691 	1.32126e-05 	1
52.2222 	0.00016085 	1.31439e-05 	1
52.2727 	0.000160013 	1.30756e-05 	1
52.3232 	0.000159181 	1.30076e-05 	1
52.3737 	0.000158353 	1.29399e-05 	1
52.4242 	0.000157529 	1.28725e-05 	1
52.4747 	0.00015671 	1.28055e-05 	1
52.5253 	0.000155895 	1.2739e-05 	1
52.5758 	0.000155085 	1.26728e-05 	1
52.6263 	0.000154279 	1.26072e-05 	1
52.6768 	0.000153477 	1.2542e-05 	1
52.7273 	0.00015268 	1.24771e-05 	1
52.7778 	9.65684e-05 	9.65684e-05 	0
52.8283 	0.000254841 	2.05805e-05 	1
52.8788 	0.000257939 	2.10635e-05 	1
52.9293 	9.68404e-05 	9.68404e-05 	0
52.9798 	0.000171109 	1.46531e-05 	1
53.0303 	0.000162632 	1.30547e-05 	1
53.0808 	0.000158982 	1.29372e-05 	1
53.1313 	0.000157765 	1.29285e-05 	1
53.1818 	0.000157549 	1.29453e-05 	1
53.2323 	0.000157774 	1.29802e-05 	1
53.2828 	0.000157939 	1.30021e-05 	1
53.3333 	0.000158039 	1.29823e-05 	1
53.3838 	0.000157613 	1.29457e-05 	1
53.4343 	0.000157689 	1.2922e-05 	1
53.4848 	0.000157515 	1.29016e-05 	1
53.5354 	0.000157234 	1.28658e-05 	1
53.5859 	0.000156914 	1.28472e-05 	1
53.6364 	0.000156547 	1.28288e-05 	1
53.6869 	0.000156128 	1.27957e-05 	1
53.7374 	0.000155667 	1.27525e-05 	1
53.7879 	0.000155176 	1.2705e-05 	1
53.8384 	0.000154666 	1.26565e-05 	1
53.8889 	0.000154141 	1.26082e-05 	1
53.9394 	0.000153602 	1.25602e-05 	1
53.9899 	0.000153053 	1.25139e-05 	1
54.0404 	0.000152496 	1.2468e-05 	1
54.0909 	0.000107378 	8.91042e-06 	1
54.1414 	0.00010289 	7.34047e-06 	1
54.1919 	0.000240226 	1.93791e-05 	1
54.2424 	0.000220171 	1.79121e-05 	1
54.2929 	0.000217967 	1.77661e-05 	1
54.3434 	0.000215889 	1.76173e-05 	1
54.3939 	0.00021337 	1.74466e-05 	1
54.4444 	0.000210861 	1.72674e-05 	1
54.4949 	0.000208575 	1.70938e-05 	1
54.5455 	0.000206567 	1.69307e-05 	1
54.596 	0.000204811 	1.67817e-05 	1
54.6465 	0.00020326 	1.66482e-05 	1
54.697 	0.000201865 	1.65267e-05 	1
54.7475 	0.000200585 	1.64141e-05 	1
54.798 	0.000199395 	1.63083e-05 	1
54.8485 	0.000198276 	1.62422e-05 	1
54.899 	0.000197122 	1.61077e-05 	1
54.9495 	0.000196047 	1.60243e-05 	1
55.0 	0.000194992 	1.59419e-05 	1
55.0505 	0.000193962 	1.58612e-05 	1
55.101 	0.000192948 	1.57809e-05 	1
55.1515 	0.000191941 	1.56995e-05 	1
55.202 	0.000190943 	1.56173e-05 	1
55.2525 	0.00018995 	1.5534e-05 	1
55.303 	0.000188964 	1.54506e-05 	1
55.3535 	0.000187983 	1.53674e-05 	1
55.404 	0.000187008 	1.52849e-05 	1
55.4545 	0.000186039 	1.52035e-05 	1
55.5051 	0.000185075 	1.51231e-05 	1
55.5556 	0.000184118 	1.50456e-05 	1
55.6061 	0.000183167 	1.49691e-05 	1
55.6566 	0.00018222 	1.48928e-05 	1
55.7071 	0.000181278 	1.48164e-05 	1
55.7576 	0.00018034 	1.47398e-05 	1
55.8081 	0.000179407 	1.46631e-05 	1
55.8586 	0.000178479 	1.45865e-05 	1
55.9091 	0.000177557 	1.45102e-05 	1
55.9596 	0.00017664 	1.44343e-05 	1
56.0101 	0.000175728 	1.43592e-05 	1
56.0606 	0.000174822 	1.42857e-05 	1
56.1111 	0.000173922 	1.42131e-05 	1
56.1616 	0.000173027 	1.41408e-05 	1
56.2121 	0.000172137 	1.40687e-05 	1
56.2626 	0.000171251 	1.39968e-05 	1
56.3131 	0.00017037 	1.3925e-05 	1
56.3636 	0.000169493 	1.38533e-05 	1
56.4141 	0.00016862 	1.37817e-05 	1
56.4646 	0.000167751 	1.37103e-05 	1
56.5152 	0.000166886 	1.36391e-05 	1
56.5657 	0.000166025 	1.35682e-05 	1
56.6162 	0.000165168 	1.34977e-05 	1
56.6667 	0.000164315 	1.34275e-05 	1
56.7172 	0.000163467 	1.33578e-05 	1
56.7677 	0.000162623 	1.32887e-05 	1
56.8182 	0.000161784 	1.32201e-05 	1
56.8687 	0.000160948 	1.31519e-05 	1
56.9192 	0.000160117 	1.3084e-05 	1
56.9697 	0.000159291 	1.30164e-05 	1
57.0202 	0.000158468 	1.29492e-05 	1
57.0707 	0.00015765 	1.28823e-05 	1
57.1212 	0.000156836 	1.28158e-05 	1
57.1717 	0.000156027 	1.27498e-05 	1
57.2222 	0.000155222 	1.26843e-05 	1
57.2727 	0.000154421 	1.26191e-05 	1
57.3232 	0.000153625 	1.25542e-05 	1
57.3737 	0.000152833 	1.24897e-05 	1
57.4242 	0.000107517 	8.91202e-06 	1
57.4747 	0.000102941 	7.33223e-06 	1
57.5253 	0.000240136 	1.93572e-05 	1
57.5758 	0.0002198 	1.78719e-05 	1
57.6263 	0.000217369 	1.7713e-05 	1
57.6768 	0.000215089 	1.75493e-05 	1
57.7273 	0.000212407 	1.73733e-05 	1
57.7778 	0.000209765 	1.71854e-05 	1
57.8283 	0.00020737 	1.70012e-05 	1
57.8788 	0.000205273 	1.68273e-05 	1
57.9293 	0.000203448 	1.66704e-05 	1
57.9798 	0.000201841 	1.65299e-05 	1
58.0303 	0.000200402 	1.64029e-05 	1
58.0808 	0.000199088 	1.62865e-05 	1
58.1313 	0.000197872 	1.62101e-05 	1
58.1818 	0.000196639 	1.60682e-05 	1
58.2323 	0.000195498 	1.59783e-05 	1
58.2828 	0.00019439 	1.58921e-05 	1
58.3333 	0.000193318 	1.58086e-05 	1
58.3838 	0.000192269 	1.57261e-05 	1
58.4343 	0.000191235 	1.56429e-05 	1
58.4848 	0.000190215 	1.55592e-05 	1
58.5354 	0.000189205 	1.54749e-05 	1
58.5859 	0.000188204 	1.53901e-05 	1
58.6364 	0.000187213 	1.53056e-05 	1
58.6869 	0.00018623 	1.52221e-05 	1
58.7374 	0.000185255 	1.51399e-05 	1
58.7879 	0.000184287 	1.50589e-05 	1
58.8384 	0.000183327 	1.4981e-05 	1
58.8889 	0.000182374 	1.49045e-05 	1
58.9394 	0.000181427 	1.48283e-05 	1
58.9899 	0.000180485 	1.4752e-05 	1
59.0404 	0.000179549 	1.46756e-05 	1
59.0909 	0.000178618 	1.45991e-05 	1
59.1414 	0.000177692 	1.45227e-05 	1
59.1919 	0.000176771 	1.44464e-05 	1
59.2424 	0.000175856 	1.43706e-05 	1
59.2929 	0.000174947 	1.42955e-05 	1
59.3434 	0.000174044 	1.42219e-05 	1
59.3939 	0.000173147 	1.41496e-05 	1
59.4444 	0.000172256 	1.40777e-05 	1
59.4949 	0.000171369 	1.4006e-05 	1
59.5455 	0.000170487 	1.39345e-05 	1
59.596 	0.00016961 	1.38631e-05 	1
59.6465 	0.000168736 	1.37917e-05 	1
59.697 	0.000167867 	1.37205e-05 	1
59.7475 	0.000167002 	1.36493e-05 	1
59.798 	0.000166141 	1.35785e-05 	1
59.8485 	0.000165284 	1.35079e-05 	1
59.899 	0.00016443 	1.34376e-05 	1
59.9495 	0.000163582 	1.33677e-05 	1
60.0 	0.000162737 	1.32982e-05 	1
60.0505 	0.000161897 	1.32294e-05 	1
60.101 	0.000161061 	1.31611e-05 	1
60.1515 	0.000160229 	1.30931e-05 	1
60.202 	0.000159402 	1.30256e-05 	1
60.2525 	0.000158579 	1.29583e-05 	1
60.303 	0.00015776 	1.28913e-05 	1
60.3535 	0.000156945 	1.28247e-05 	1
60.404 	0.000156135 	1.27585e-05 	1
60.4545 	0.000155329 	1.26927e-05 	1
60.5051 	0.000154528 	1.26275e-05 	1
60.5556 	0.000153731 	1.25626e-05 	1
60.6061 	0.000152938 	1.24981e-05 	1
60.6566 	0.000107591 	8.91786e-06 	1
60.7071 	0.000103012 	7.33719e-06 	1
60.7576 	0.000240301 	1.93705e-05 	1
60.8081 	0.000219951 	1.78842e-05 	1
60.8586 	0.000217519 	1.77252e-05 	1
60.9091 	0.000215236 	1.75613e-05 	1
60.9596 	0.000212554 	1.73851e-05 	1
61.0101 	0.000209909 	1.71969e-05 	1
61.0606 	0.000207513 	1.70126e-05 	1
61.1111 	0.000205415 	1.68387e-05 	1
61.1616 	0.000203588 	1.66817e-05 	1
61.2121 	0.00020198 	1.65412e-05 	1
61.2626 	0.00020054 	1.64142e-05 	1
61.3131 	0.000199225 	1.62977e-05 	1
61.3636 	0.000198008 	1.62213e-05 	1
61.4141 	0.000196774 	1.60793e-05 	1
61.4646 	0.000195632 	1.59893e-05 	1
61.5152 	0.000194524 	1.59029e-05 	1
61.5657 	0.000193451 	1.58193e-05 	1
61.6162 	0.000192401 	1.57368e-05 	1
61.6667 	0.000191367 	1.56535e-05 	1
61.7172 	0.000190345 	1.55698e-05 	1
61.7677 	0.000189335 	1.54854e-05 	1
61.8182 	0.000188334 	1.54006e-05 	1
61.8687 	0.000187342 	1.53161e-05 	1
61.9192 	0.000186358 	1.52325e-05 	1
61.9697 	0.000185382 	1.51503e-05 	1
62.0202 	0.000184414 	1.50692e-05 	1
62.0707 	0.000183453 	1.49913e-05 	1
62.1212 	0.0001825 	1.49147e-05 	1
62.1717 	0.000181552 	1.48384e-05 	1
62.2222 	0.00018061 	1.47621e-05 	1
62.2727 	0.000179672 	1.46857e-05 	1
62.3232 	0.00017874 	1.46092e-05 	1
62.3737 	0.000177814 	1.45326e-05 	1
62.4242 	0.000176893 	1.44563e-05 	1
62.4747 	0.000175977 	1.43804e-05 	1
62.5253 	0.000175068 	1.43054e-05 	1
62.5758 	0.000174164 	1.42317e-05 	1
62.6263 	0.000173267 	1.41594e-05 	1
62.6768 	0.000172375 	1.40874e-05 	1
62.7273 	0.000171487 	1.40156e-05 	1
62.7778 	0.000170605 	1.3944e-05 	1
62.8283 	0.000169726 	1.38726e-05 	1
62.8788 	0.000168852 	1.38012e-05 	1
62.9293 	0.000167983 	1.37299e-05 	1
62.9798 	0.000167117 	1.36587e-05 	1
63.0303 	0.000166255 	1.35878e-05 	1
63.0808 	0.000165397 	1.35171e-05 	1
63.1313 	0.000164544 	1.34468e-05 	1
63.1818 	0.000163694 	1.33769e-05 	1
63.2323 	0.000162849 	1.33073e-05 	1
63.2828 	0.000162008 	1.32385e-05 	1
63.3333 	0.000161172 	1.31701e-05 	1
63.3838 	0.00016034 	1.31021e-05 	1
63.4343 	0.000159512 	1.30345e-05 	1
63.4848 	0.000158688 	1.29672e-05 	1
63.5354 	0.000157868 	1.29002e-05 	1
63.5859 	0.000157053 	1.28335e-05 	1
63.6364 	0.000156243 	1.27673e-05 	1
63.6869 	0.000155436 	1.27015e-05 	1
63.7374 	0.000154634 	1.26362e-05 	1
63.7879 	0.000153837 	1.25712e-05 	1
63.8384 	0.000153043 	1.25066e-05 	1
63.8889 	0.000107665 	8.92399e-06 	1
63.9394 	0.000103083 	7.34223e-06 	1
63.9899 	0.000219523 	1.72389e-05 	1
64.0404 	0.000233651 	1.8863e-05 	1
64.0909 	0.000239524 	1.94154e-05 	1
64.1414 	0.0002415 	1.96852e-05 	1
64.1919 	0.000240519 	1.96644e-05 	1
64.2424 	0.000237957 	1.95632e-05 	1
64.2929 	0.00023583 	1.9359e-05 	1
64.3434 	0.000233583 	1.9171e-05 	1
64.3939 	0.000231615 	1.89977e-05 	1
64.4444 	0.000229781 	1.88422e-05 	1
64.4949 	0.000227752 	1.87044e-05 	1
64.5455 	0.000226625 	1.85881e-05 	1
64.596 	0.000225382 	1.84941e-05 	1
64.6465 	0.000224272 	1.83852e-05 	1
64.697 	0.000223107 	1.82837e-05 	1
64.7475 	0.000221624 	1.82162e-05 	1
64.798 	0.000220903 	1.81188e-05 	1
64.8485 	0.000219985 	1.80441e-05 	1
64.899 	0.000219077 	1.80098e-05 	1
64.9495 	0.000218266 	1.79111e-05 	1
65.0 	0.000217336 	1.78244e-05 	1
65.0505 	0.000216095 	1.77941e-05 	1
65.101 	0.000215526 	1.7685e-05 	1
65.1515 	0.000214768 	1.76088e-05 	1
65.202 	0.000213998 	1.75877e-05 	1
65.2525 	0.000213305 	1.7506e-05 	1
65.303 	0.000212468 	1.74224e-05 	1
65.3535 	0.000211302 	1.73836e-05 	1
65.404 	0.0002108 	1.72953e-05 	1
65.4545 	0.000210093 	1.7227e-05 	1
65.5051 	0.000209363 	1.7204e-05 	1
65.5556 	0.000208706 	1.71277e-05 	1
65.6061 	0.000207908 	1.70515e-05 	1
65.6566 	0.00020678 	1.70154e-05 	1
65.7071 	0.000206299 	1.69268e-05 	1
65.7576 	0.000205621 	1.68617e-05 	1
65.8081 	0.000204917 	1.68422e-05 	1
65.8586 	0.000204282 	1.67655e-05 	1
65.9091 	0.000203504 	1.669e-05 	1
65.9596 	0.000202397 	1.66537e-05 	1
66.0101 	0.000201934 	1.65685e-05 	1
66.0606 	0.000201273 	1.65045e-05 	1
66.1111 	0.000200584 	1.64838e-05 	1
66.1616 	0.000199964 	1.64108e-05 	1
66.2121 	0.000199204 	1.63377e-05 	1
66.2626 	0.000198121 	1.6302e-05 	1
66.3131 	0.00019767 	1.62188e-05 	1
66.3636 	0.000197023 	1.61567e-05 	1
66.4141 	0.000196351 	1.61375e-05 	1
66.4646 	0.000195744 	1.60649e-05 	1
66.5152 	0.000195 	1.5993e-05 	1
66.5657 	0.000193939 	1.59582e-05 	1
66.6162 	0.000193498 	1.58766e-05 	1
66.6667 	0.000192865 	1.58155e-05 	1
66.7172 	0.000192207 	1.57962e-05 	1
66.7677 	0.000191613 	1.57258e-05 	1
66.8182 	0.000190886 	1.56555e-05 	1
66.8687 	0.000189847 	1.56212e-05 	1
66.9192 	0.000189416 	1.55417e-05 	1
66.9697 	0.000188797 	1.5482e-05 	1
67.0202 	0.000188153 	1.54634e-05 	1
67.0707 	0.000187571 	1.53941e-05 	1
67.1212 	0.000186859 	1.53253e-05 	1
67.1717 	0.000185842 	1.52919e-05 	1
67.2222 	0.00018542 	1.52138e-05 	1
67.2727 	0.000184814 	1.51554e-05 	1
67.3232 	0.000184184 	1.51371e-05 	1
67.3737 	0.000183615 	1.50694e-05 	1
67.4242 	0.000182917 	1.5002e-05 	1
67.4747 	0.000181922 	1.49692e-05 	1
67.5253 	0.000181509 	1.48929e-05 	1
67.5758 	0.000180916 	1.48358e-05 	1
67.6263 	0.000180299 	1.48179e-05 	1
67.6768 	0.000179742 	1.47515e-05 	1
67.7273 	0.00017906 	1.46856e-05 	1
67.7778 	0.000178085 	1.46536e-05 	1
67.8283 	0.000177681 	1.45789e-05 	1
67.8788 	0.0001771 	1.45229e-05 	1
67.9293 	0.000176496 	1.45054e-05 	1
67.9798 	0.000175951 	1.44404e-05 	1
68.0303 	0.000175283 	1.43759e-05 	1
68.0808 	0.00017433 	1.43445e-05 	1
68.1313 	0.000173934 	1.42714e-05 	1
68.1818 	0.000173366 	1.42166e-05 	1
68.2323 	0.000172775 	1.41995e-05 	1
68.2828 	0.000172241 	1.41359e-05 	1
68.3333 	0.000171587 	1.40727e-05 	1
68.3838 	0.000170654 	1.40421e-05 	1
68.4343 	0.000170266 	1.39705e-05 	1
68.4848 	0.00016971 	1.39169e-05 	1
68.5354 	0.000169132 	1.39001e-05 	1
68.5859 	0.000168609 	1.38379e-05 	1
68.6364 	0.000167969 	1.3776e-05 	1
68.6869 	0.000167056 	1.3746e-05 	1
68.7374 	0.000166677 	1.36759e-05 	1
68.7879 	0.000166132 	1.36235e-05 	1
68.8384 	0.000165566 	1.3607e-05 	1
68.8889 	0.000165054 	1.35461e-05 	1
68.9394 	0.000164428 	1.34856e-05 	1
68.9899 	0.000163534 	1.34562e-05 	1
69.0404 	0.000163163 	1.33876e-05 	1
69.0909 	0.00016263 	1.33363e-05 	1
69.1414 	0.000162076 	1.33202e-05 	1
69.1919 	0.000161575 	1.32606e-05 	1
69.2424 	0.000160962 	1.32013e-05 	1
69.2929 	0.000160086 	1.31726e-05 	1
69.3434 	0.000159723 	1.31054e-05 	1
69.3939 	0.000159202 	1.30551e-05 	1
69.4444 	0.000158659 	1.30394e-05 	1
69.4949 	0.000158169 	1.29811e-05 	1
69.5455 	0.000157569 	1.2923e-05 	1
69.596 	0.000156712 	1.28949e-05 	1
69.6465 	0.000156357 	1.28292e-05 	1
69.697 	0.000155846 	1.278e-05 	1
69.7475 	0.000155315 	1.27646e-05 	1
69.798 	0.000154836 	1.27075e-05 	1
69.8485 	0.000154248 	1.26507e-05 	1
69.899 	0.000108542 	9.00809e-06 	1
69.9495 	0.000104026 	7.46378e-06 	1
70.0 	0.000221689 	1.73992e-05 	1
