# time 	Initial 	Final 	Iterations
1.2e-06 	6.93118e-05 	6.93118e-05 	0
2.64e-06 	8.95107e-05 	8.95107e-05 	0
4.368e-06 	9.04982e-05 	9.04982e-05 	0
6.4416e-06 	7.9498e-05 	7.9498e-05 	0
8.92992e-06 	6.55357e-05 	6.55357e-05 	0
1.19159e-05 	5.54532e-05 	5.54532e-05 	0
1.54991e-05 	4.50622e-05 	4.50622e-05 	0
1.97989e-05 	9.04188e-05 	9.04188e-05 	0
2.49587e-05 	8.15987e-05 	8.15987e-05 	0
3.11504e-05 	6.40097e-05 	6.40097e-05 	0
3.85805e-05 	5.59964e-05 	5.59964e-05 	0
4.74965e-05 	5.25149e-05 	5.25149e-05 	0
5.81958e-05 	5.0165e-05 	5.0165e-05 	0
7.1035e-05 	4.94445e-05 	4.94445e-05 	0
8.6442e-05 	5.00466e-05 	5.00466e-05 	0
0.00010493 	3.73092e-05 	3.73092e-05 	0
0.000127116 	3.67055e-05 	3.67055e-05 	0
0.00015374 	3.65458e-05 	3.65458e-05 	0
0.000185688 	3.64464e-05 	3.64464e-05 	0
0.000224025 	8.37194e-05 	8.37194e-05 	0
0.00027003 	2.57993e-05 	2.57993e-05 	0
0.000325236 	2.30732e-05 	2.30732e-05 	0
0.000391483 	2.97113e-05 	2.97113e-05 	0
0.00047098 	2.80517e-05 	2.80517e-05 	0
0.000566376 	2.77241e-05 	2.77241e-05 	0
0.00068085 	2.01569e-05 	2.01569e-05 	0
0.000818221 	2.50401e-05 	2.50401e-05 	0
0.000983063 	2.82338e-05 	2.82338e-05 	0
0.00118087 	3.54894e-05 	3.54894e-05 	0
0.00141824 	4.32027e-05 	4.32027e-05 	0
0.0017031 	5.6864e-05 	5.6864e-05 	0
0.00204491 	7.10837e-05 	7.10837e-05 	0
0.00245508 	6.36728e-05 	6.36728e-05 	0
0.0029473 	7.89822e-05 	7.89822e-05 	0
0.00353797 	5.54523e-05 	5.54523e-05 	0
0.00424679 	5.56473e-05 	5.56473e-05 	0
0.00509742 	4.82478e-05 	4.82478e-05 	0
0.00611825 	5.85427e-05 	5.85427e-05 	0
0.00734314 	7.40539e-05 	7.40539e-05 	0
0.00881286 	9.44931e-05 	9.44931e-05 	0
0.0105765 	2.94341e-05 	2.94341e-05 	0
0.0126925 	4.09805e-05 	4.09805e-05 	0
0.0152319 	2.65257e-05 	2.65257e-05 	0
0.0182788 	1.51775e-05 	1.51775e-05 	0
0.0219337 	3.19529e-05 	3.19529e-05 	0
0.0263197 	4.83101e-05 	4.83101e-05 	0
0.0315829 	9.39092e-05 	9.39092e-05 	0
0.037896 	5.9157e-05 	5.9157e-05 	0
0.0454717 	7.97387e-05 	7.97387e-05 	0
0.0545626 	0.000110935 	1.05573e-05 	1
0.0654556 	6.22911e-05 	6.22911e-05 	0
0.0781408 	0.000165571 	1.54728e-05 	1
0.0926169 	0.000221298 	1.67961e-05 	1
0.108866 	0.000224292 	1.80076e-05 	1
0.126915 	0.000148036 	1.45419e-05 	1
0.145031 	0.000155694 	1.43697e-05 	1
0.163146 	0.000169679 	1.52386e-05 	1
0.18133 	0.000141929 	1.28708e-05 	1
0.199177 	0.000232242 	1.92533e-05 	1
0.216698 	3.49742e-05 	3.49742e-05 	0
0.233966 	3.15533e-05 	3.15533e-05 	0
0.251049 	2.67496e-05 	2.67496e-05 	0
0.268009 	2.4114e-05 	2.4114e-05 	0
0.284909 	9.74164e-05 	9.74164e-05 	0
0.301749 	8.87496e-05 	8.87496e-05 	0
0.318528 	8.17056e-05 	8.17056e-05 	0
0.335248 	7.63956e-05 	7.63956e-05 	0
0.351967 	7.21189e-05 	7.21189e-05 	0
0.368687 	0.000149191 	1.46907e-05 	1
0.385406 	6.35627e-05 	6.35627e-05 	0
0.402126 	0.000129591 	1.25946e-05 	1
0.418846 	5.14624e-05 	5.14624e-05 	0
0.435626 	4.93195e-05 	4.93195e-05 	0
0.452407 	8.78699e-05 	8.78699e-05 	0
0.469188 	4.34157e-05 	4.34157e-05 	0
0.485969 	0.000116827 	1.05305e-05 	1
0.502749 	3.87273e-05 	3.87273e-05 	0
0.519593 	0.000113981 	9.91277e-06 	1
0.536437 	3.48575e-05 	3.48575e-05 	0
0.55328 	7.02891e-05 	7.02891e-05 	0
0.570124 	0.00011865 	9.94081e-06 	1
0.586968 	9.36983e-05 	9.36983e-05 	0
0.603876 	3.31143e-05 	3.31143e-05 	0
0.620784 	9.61994e-05 	9.61994e-05 	0
0.637692 	5.89828e-05 	5.89828e-05 	0
0.6546 	5.7977e-05 	5.7977e-05 	0
0.671508 	7.57274e-05 	7.57274e-05 	0
0.688417 	8.00715e-05 	8.00715e-05 	0
0.705391 	9.80477e-05 	9.80477e-05 	0
0.722366 	5.29631e-05 	5.29631e-05 	0
0.739341 	5.52043e-05 	5.52043e-05 	0
0.756316 	8.77927e-05 	8.77927e-05 	0
0.77329 	8.25793e-05 	8.25793e-05 	0
0.790265 	4.48881e-05 	4.48881e-05 	0
0.80724 	8.24306e-05 	8.24306e-05 	0
0.824215 	9.01028e-05 	9.01028e-05 	0
0.841189 	7.1585e-05 	7.1585e-05 	0
0.858234 	7.40638e-05 	7.40638e-05 	0
0.875278 	6.82904e-05 	6.82904e-05 	0
0.892322 	6.16207e-05 	6.16207e-05 	0
0.909367 	5.52102e-05 	5.52102e-05 	0
0.926411 	9.19867e-05 	9.19867e-05 	0
0.943455 	7.93526e-05 	7.93526e-05 	0
0.960499 	6.60044e-05 	6.60044e-05 	0
0.977544 	9.71995e-05 	9.71995e-05 	0
0.994588 	6.71019e-05 	6.71019e-05 	0
1.01163 	7.2488e-05 	7.2488e-05 	0
1.02868 	7.32094e-05 	7.32094e-05 	0
1.04579 	4.45884e-05 	4.45884e-05 	0
1.06291 	7.46544e-05 	7.46544e-05 	0
1.08003 	9.57292e-05 	9.57292e-05 	0
1.09715 	6.63963e-05 	6.63963e-05 	0
1.11427 	6.74319e-05 	6.74319e-05 	0
1.13138 	6.88868e-05 	6.88868e-05 	0
1.1485 	7.27273e-05 	7.27273e-05 	0
1.16562 	7.14353e-05 	7.14353e-05 	0
1.18274 	8.32221e-05 	8.32221e-05 	0
1.19985 	9.56886e-05 	9.56886e-05 	0
1.21697 	6.93179e-05 	6.93179e-05 	0
1.23409 	8.04327e-05 	8.04327e-05 	0
1.25121 	8.58095e-05 	8.58095e-05 	0
1.26833 	8.53503e-05 	8.53503e-05 	0
1.28544 	9.51844e-05 	9.51844e-05 	0
1.30256 	7.22328e-05 	7.22328e-05 	0
1.31976 	7.0583e-05 	7.0583e-05 	0
1.33696 	7.85043e-05 	7.85043e-05 	0
1.35415 	8.57898e-05 	8.57898e-05 	0
1.37135 	9.1307e-05 	9.1307e-05 	0
1.38855 	7.87406e-05 	7.87406e-05 	0
1.40575 	7.52825e-05 	7.52825e-05 	0
1.42294 	7.47347e-05 	7.47347e-05 	0
1.44014 	8.05652e-05 	8.05652e-05 	0
1.45734 	7.79908e-05 	7.79908e-05 	0
1.47453 	8.4723e-05 	8.4723e-05 	0
1.49173 	7.41454e-05 	7.41454e-05 	0
1.50893 	7.38575e-05 	7.38575e-05 	0
1.52613 	5.25473e-05 	5.25473e-05 	0
1.54332 	7.1829e-05 	7.1829e-05 	0
1.56052 	7.35808e-05 	7.35808e-05 	0
1.57772 	5.28729e-05 	5.28729e-05 	0
1.59492 	8.27814e-05 	8.27814e-05 	0
1.61211 	7.18413e-05 	7.18413e-05 	0
1.62931 	6.70074e-05 	6.70074e-05 	0
1.64651 	4.569e-05 	4.569e-05 	0
1.66371 	6.21019e-05 	6.21019e-05 	0
1.6809 	6.01812e-05 	6.01812e-05 	0
1.6981 	6.41992e-05 	6.41992e-05 	0
1.7153 	6.55621e-05 	6.55621e-05 	0
1.7325 	8.02466e-05 	8.02466e-05 	0
1.74969 	7.08831e-05 	7.08831e-05 	0
1.76689 	5.8322e-05 	5.8322e-05 	0
1.78409 	6.11703e-05 	6.11703e-05 	0
1.80129 	6.59351e-05 	6.59351e-05 	0
1.81848 	6.98263e-05 	6.98263e-05 	0
1.83568 	9.38307e-05 	9.38307e-05 	0
1.85288 	8.89521e-05 	8.89521e-05 	0
1.87007 	6.76693e-05 	6.76693e-05 	0
1.88727 	7.79446e-05 	7.79446e-05 	0
1.90447 	5.50842e-05 	5.50842e-05 	0
1.92167 	6.62695e-05 	6.62695e-05 	0
1.93886 	6.58953e-05 	6.58953e-05 	0
1.95606 	6.03714e-05 	6.03714e-05 	0
1.97326 	4.57514e-05 	4.57514e-05 	0
1.99046 	6.57031e-05 	6.57031e-05 	0
2.00765 	7.33525e-05 	7.33525e-05 	0
2.02485 	6.69712e-05 	6.69712e-05 	0
2.04205 	9.11394e-05 	9.11394e-05 	0
2.05925 	8.96055e-05 	8.96055e-05 	0
2.07644 	9.62847e-05 	9.62847e-05 	0
2.09364 	6.34595e-05 	6.34595e-05 	0
2.11084 	4.09212e-05 	4.09212e-05 	0
2.12804 	9.71056e-05 	9.71056e-05 	0
2.14523 	6.4902e-05 	6.4902e-05 	0
2.16243 	8.79176e-05 	8.79176e-05 	0
2.17963 	5.87014e-05 	5.87014e-05 	0
2.19683 	5.81294e-05 	5.81294e-05 	0
2.21402 	6.10783e-05 	6.10783e-05 	0
2.23122 	6.2061e-05 	6.2061e-05 	0
2.24842 	6.50495e-05 	6.50495e-05 	0
2.26561 	9.83282e-05 	9.83282e-05 	0
