# time 	Initial 	Final 	Iterations
1.2e-06 	1 	7.67418e-09 	1
2.64e-06 	0.233882 	2.17645e-09 	1
4.368e-06 	0.142747 	1.64732e-09 	1
6.4416e-06 	0.107756 	1.52694e-09 	1
8.92992e-06 	0.0894779 	1.53576e-09 	1
1.19159e-05 	0.0783959 	1.63597e-09 	1
1.54991e-05 	0.0710613 	1.80142e-09 	1
1.97989e-05 	0.0659214 	2.02456e-09 	1
2.49587e-05 	0.0621734 	2.30787e-09 	1
3.11504e-05 	0.0593606 	2.65887e-09 	1
3.85805e-05 	0.0572035 	3.08832e-09 	1
4.74965e-05 	0.0555217 	3.61036e-09 	1
5.81958e-05 	0.0541934 	4.24211e-09 	1
7.1035e-05 	0.0531334 	5.00493e-09 	1
8.6442e-05 	0.0522806 	5.92428e-09 	1
0.00010493 	0.0515897 	7.03117e-09 	1
0.000127116 	0.0510266 	8.36136e-09 	1
0.00015374 	0.0505655 	9.96389e-09 	1
0.000185688 	0.0501862 	1.18861e-08 	1
0.000224025 	0.0498727 	1.41964e-08 	1
0.00027003 	0.0496126 	1.69694e-08 	1
0.000325236 	0.0493955 	2.02983e-08 	1
0.000391483 	0.0492132 	2.42945e-08 	1
0.00047098 	0.0490588 	2.90871e-08 	1
0.000566376 	0.0489273 	3.48377e-08 	1
0.00068085 	0.0488127 	4.17306e-08 	1
0.000818221 	0.0487128 	4.99927e-08 	1
0.000983063 	0.0486221 	5.99231e-08 	1
0.00118087 	0.0485385 	7.18487e-08 	1
0.00141824 	0.0484601 	8.6137e-08 	1
0.0017031 	0.0483838 	1.03239e-07 	1
0.00204491 	0.0483039 	1.23687e-07 	1
0.00245508 	0.0482222 	1.4813e-07 	1
0.0029473 	0.0481356 	1.77293e-07 	1
0.00353797 	0.048038 	2.11959e-07 	1
0.00424679 	0.047929 	2.53016e-07 	1
0.00509742 	0.0478053 	3.01656e-07 	1
0.00611825 	0.0476618 	3.92838e-07 	1
0.00734314 	0.0474867 	5.37862e-07 	1
0.00881286 	0.0472819 	7.5572e-07 	1
0.0105765 	0.0470466 	1.09537e-06 	1
0.0126925 	0.0467597 	1.88205e-06 	1
0.0152319 	0.0464373 	3.15788e-06 	1
0.0182788 	0.046048 	5.68705e-06 	1
0.0219337 	0.0455836 	1.00582e-05 	1
0.0263197 	0.0453459 	1.69112e-05 	1
0.0315829 	0.045634 	2.95462e-05 	1
0.037896 	0.0464452 	5.18508e-05 	1
0.0454717 	0.0472264 	8.57613e-05 	1
0.0545626 	0.0473816 	0.000126224 	1
0.0654797 	0.0473603 	0.000174111 	1
0.0785686 	0.0476813 	0.000235718 	1
0.094292 	0.0479707 	0.000355814 	1
0.11316 	0.0481593 	0.000687768 	1
0.135784 	0.0484066 	0.001488 	1
0.162511 	0.0947244 	0.00436212 	1
0.19352 	0.0955007 	0.00780712 	1
0.228862 	0.0964265 	0.000427944 	1
0.268622 	0.0972004 	0.000773837 	1
0.313257 	0.0985869 	0.000712188 	1
0.361574 	0.0973746 	0.000940112 	1
0.410919 	0.0912898 	0.00153064 	1
0.461349 	0.0854308 	0.00252125 	1
0.511778 	0.0794831 	0.00275929 	1
0.562208 	0.0744094 	0.00219983 	1
0.612637 	0.0703421 	0.00199285 	1
0.663066 	0.066969 	0.00192309 	1
0.713496 	0.0639692 	0.00192653 	1
0.763925 	0.0611937 	0.00192712 	1
0.814355 	0.0589977 	0.0018989 	1
0.865399 	0.0577199 	0.00187013 	1
0.916444 	0.055925 	0.00177585 	1
0.967488 	0.0543907 	0.00162854 	1
1.01853 	0.0529815 	0.00153623 	1
1.06958 	0.0517465 	0.00145733 	1
1.12062 	0.050665 	0.00138274 	1
1.17167 	0.0496117 	0.0013103 	1
1.22271 	0.0485965 	0.0012541 	1
1.27375 	0.0476666 	0.0011695 	1
1.3248 	0.0467575 	0.00107719 	1
1.37584 	0.0458641 	0.00099275 	1
1.42689 	0.04504 	0.000918162 	1
1.47793 	0.044194 	0.000855884 	1
1.52898 	0.0432937 	0.000818664 	1
1.58002 	0.0424755 	0.000793052 	1
1.63032 	0.0410509 	0.000736803 	1
1.68061 	0.0403837 	0.000716219 	1
1.7309 	0.0397264 	0.000698968 	1
1.7812 	0.0390553 	0.000681247 	1
1.83149 	0.0384515 	0.000661026 	1
1.88178 	0.0378757 	0.000641675 	1
1.93208 	0.0373389 	0.000624338 	1
1.98237 	0.0368528 	0.000613681 	1
2.03267 	0.0363794 	0.000605756 	1
2.08296 	0.0359529 	0.000600553 	1
2.13325 	0.0355245 	0.000586158 	1
2.18355 	0.0350794 	0.00056783 	1
2.23384 	0.034661 	0.000546221 	1
2.28413 	0.0342582 	0.00052715 	1
2.33443 	0.0338681 	0.000510696 	1
2.38472 	0.0335278 	0.00049223 	1
2.43502 	0.033174 	0.000472469 	1
2.48531 	0.0328463 	0.000448189 	1
2.5356 	0.0325319 	0.000423458 	1
2.5859 	0.0322126 	0.000402251 	1
2.63619 	0.031935 	0.000386256 	1
2.68649 	0.0316456 	0.00037979 	1
2.73678 	0.0313705 	0.000380529 	1
2.78707 	0.0310932 	0.000381955 	1
2.83737 	0.0308323 	0.000381568 	1
2.88766 	0.0305643 	0.000383499 	1
2.93795 	0.0303123 	0.000385564 	1
2.98825 	0.030047 	0.000388594 	1
3.03854 	0.0297853 	0.000396827 	1
3.08884 	0.0295162 	0.000409675 	1
3.13913 	0.0292665 	0.000423111 	1
3.18942 	0.0290049 	0.000434868 	1
3.23972 	0.0287582 	0.000445706 	1
3.29001 	0.0285052 	0.000452074 	1
3.3403 	0.0282681 	0.000452471 	1
3.3906 	0.0280239 	0.000450768 	1
3.44089 	0.0277852 	0.000447389 	1
3.49119 	0.0275333 	0.000444396 	1
3.54148 	0.0272886 	0.000442821 	1
3.59177 	0.0270369 	0.000442199 	1
3.64207 	0.0267847 	0.000443217 	1
3.69236 	0.0265321 	0.000445262 	1
3.74266 	0.0262855 	0.000448668 	1
3.79295 	0.0260313 	0.000452988 	1
3.84324 	0.025784 	0.00045844 	1
3.89354 	0.0255313 	0.000463392 	1
3.94383 	0.0252723 	0.000469101 	1
3.99412 	0.025018 	0.000476144 	1
4.04442 	0.0247493 	0.000484282 	1
4.09471 	0.024485 	0.000493017 	1
4.14501 	0.0242184 	0.00050335 	1
4.1953 	0.023956 	0.000511951 	1
4.24559 	0.0237071 	0.000518127 	1
4.29589 	0.0234667 	0.000522941 	1
4.34618 	0.0232364 	0.000526224 	1
4.39647 	0.0230138 	0.000527389 	1
4.44677 	0.0227873 	0.000528437 	1
4.49706 	0.0225647 	0.00052916 	1
4.54736 	0.0223601 	0.000529186 	1
4.59765 	0.0221591 	0.000529908 	1
4.64794 	0.0219679 	0.000529808 	1
4.69824 	0.0217847 	0.000531215 	1
4.74853 	0.0216124 	0.000534404 	1
4.79882 	0.0214613 	0.000540326 	1
4.84912 	0.0213145 	0.000547008 	1
4.89941 	0.021172 	0.000553646 	1
4.94971 	0.0210189 	0.000560062 	1
5.0 	0.020856 	0.000565224 	1
5.05051 	0.0207833 	0.000577596 	1
5.10101 	0.0206301 	0.000584009 	1
5.15152 	0.0204871 	0.000591922 	1
5.20202 	0.0203427 	0.000601113 	1
5.25253 	0.0201922 	0.000609347 	1
5.30303 	0.0200492 	0.000615601 	1
5.35354 	0.0199072 	0.000620183 	1
5.40404 	0.0197774 	0.000623596 	1
5.45455 	0.0196557 	0.000627892 	1
5.50505 	0.0195337 	0.0006315 	1
5.55556 	0.0194103 	0.000634784 	1
5.60606 	0.0192887 	0.000636311 	1
5.65657 	0.0191638 	0.000636339 	1
5.70707 	0.0190309 	0.000635944 	1
5.75758 	0.0188883 	0.000634197 	1
5.80808 	0.0187507 	0.000631996 	1
5.85859 	0.0186218 	0.000629453 	1
5.90909 	0.0184981 	0.000626448 	1
5.9596 	0.0183769 	0.000621712 	1
6.0101 	0.0182486 	0.000615821 	1
6.06061 	0.0181134 	0.000608489 	1
6.11111 	0.0179691 	0.000600089 	1
6.16162 	0.0178169 	0.000591076 	1
6.21212 	0.0176504 	0.000581682 	1
6.26263 	0.0174773 	0.000571998 	1
6.31313 	0.0173019 	0.000560849 	1
6.36364 	0.0171248 	0.00054975 	1
6.41414 	0.0169404 	0.000538756 	1
6.46465 	0.0167445 	0.000527098 	1
6.51515 	0.0165413 	0.000515108 	1
6.56566 	0.0163297 	0.000503378 	1
6.61616 	0.0161118 	0.0004919 	1
6.66667 	0.0158896 	0.000481071 	1
6.71717 	0.01566 	0.000470127 	1
6.76768 	0.0154262 	0.000459502 	1
6.81818 	0.0151851 	0.000449008 	1
6.86869 	0.0149396 	0.000439817 	1
6.91919 	0.0146926 	0.000430751 	1
6.9697 	0.0144497 	0.000420968 	1
7.0202 	0.0142133 	0.000410492 	1
7.07071 	0.013983 	0.00040049 	1
7.12121 	0.0137601 	0.000390817 	1
7.17172 	0.013542 	0.000381995 	1
7.22222 	0.0133333 	0.000374511 	1
7.27273 	0.0131332 	0.000367696 	1
7.32323 	0.0129416 	0.00036128 	1
7.37374 	0.0127594 	0.000355142 	1
7.42424 	0.0125968 	0.00034923 	1
7.47475 	0.0124519 	0.000344847 	1
7.52525 	0.012323 	0.000342583 	1
7.57576 	0.0122041 	0.000341426 	1
7.62626 	0.0120979 	0.000339923 	1
7.67677 	0.012008 	0.000337951 	1
7.72727 	0.0119354 	0.000336384 	1
7.77778 	0.0118773 	0.000334901 	1
7.82828 	0.0118301 	0.000333894 	1
7.87879 	0.0117816 	0.000333012 	1
7.92929 	0.0117375 	0.000331559 	1
7.9798 	0.0116976 	0.000329928 	1
8.0303 	0.0116611 	0.000328305 	1
8.08081 	0.0116311 	0.000327353 	1
8.13131 	0.0116061 	0.000326019 	1
8.18182 	0.0115835 	0.000324114 	1
8.23232 	0.0115564 	0.000321865 	1
8.28283 	0.0115246 	0.000319364 	1
8.33333 	0.0114867 	0.000315614 	1
8.38384 	0.0114433 	0.000311607 	1
8.43434 	0.011393 	0.000307665 	1
8.48485 	0.0113375 	0.000303962 	1
8.53535 	0.011278 	0.000300291 	1
8.58586 	0.0112145 	0.000296679 	1
8.63636 	0.0111485 	0.000292848 	1
8.68687 	0.0110797 	0.000288454 	1
8.73737 	0.0110095 	0.000283549 	1
8.78788 	0.0109363 	0.000278615 	1
8.83838 	0.0108606 	0.00027356 	1
8.88889 	0.0107812 	0.000269082 	1
8.93939 	0.010698 	0.000264914 	1
8.9899 	0.0106106 	0.000260739 	1
9.0404 	0.0105206 	0.000256722 	1
9.09091 	0.0104258 	0.000252541 	1
9.14141 	0.010327 	0.000248173 	1
9.19192 	0.0102266 	0.000243789 	1
9.24242 	0.0101255 	0.00023972 	1
9.29293 	0.0100249 	0.000236059 	1
9.34343 	0.00992573 	0.000232646 	1
9.39394 	0.00982744 	0.000229475 	1
9.44444 	0.00973254 	0.000226522 	1
9.49495 	0.00963828 	0.000223629 	1
9.54545 	0.00954264 	0.000220826 	1
9.59596 	0.00945333 	0.000218239 	1
9.64646 	0.00936427 	0.000215692 	1
9.69697 	0.00927823 	0.000213163 	1
9.74747 	0.00919505 	0.000210705 	1
9.79798 	0.00911303 	0.000208315 	1
9.84848 	0.00903152 	0.00020607 	1
9.89899 	0.00895213 	0.000203841 	1
9.94949 	0.00887324 	0.000201611 	1
10.0 	0.00879757 	0.000199326 	1
10.0505 	0.00872343 	0.000197059 	1
10.101 	0.00865254 	0.000194868 	1
10.1515 	0.008582 	0.000192768 	1
10.202 	0.00851274 	0.000190836 	1
10.2525 	0.0084443 	0.00018896 	1
10.303 	0.00837779 	0.000187152 	1
10.3535 	0.00831189 	0.000185403 	1
10.404 	0.0082458 	0.000183725 	1
10.4545 	0.00817908 	0.000182076 	1
10.5051 	0.0081131 	0.000180479 	1
10.5556 	0.00804711 	0.000178861 	1
10.6061 	0.00798198 	0.000177222 	1
10.6566 	0.00791813 	0.000175661 	1
10.7071 	0.00785508 	0.000174501 	1
10.7576 	0.00779232 	0.000173324 	1
10.8081 	0.0077274 	0.000172045 	1
10.8586 	0.00766593 	0.000170744 	1
10.9091 	0.00760642 	0.000169458 	1
10.9596 	0.00754485 	0.000168024 	1
11.0101 	0.00748428 	0.00016657 	1
11.0606 	0.00742375 	0.000165018 	1
11.1111 	0.00736367 	0.000163444 	1
11.1616 	0.00730505 	0.000161808 	1
11.2121 	0.00724653 	0.000160134 	1
11.2626 	0.00718843 	0.00015841 	1
11.3131 	0.00713124 	0.000156623 	1
11.3636 	0.00707456 	0.000154728 	1
11.4141 	0.00701816 	0.00015281 	1
11.4646 	0.00696133 	0.000150868 	1
11.5152 	0.00690394 	0.000148908 	1
11.5657 	0.00684583 	0.000146943 	1
11.6162 	0.00678734 	0.000144957 	1
11.6667 	0.006728 	0.000142998 	1
11.7172 	0.00666779 	0.000141056 	1
11.7677 	0.0066078 	0.000139136 	1
11.8182 	0.00654858 	0.000137238 	1
11.8687 	0.00648893 	0.000135337 	1
11.9192 	0.00642906 	0.000133417 	1
11.9697 	0.00636942 	0.000131493 	1
12.0202 	0.00631027 	0.000129597 	1
12.0707 	0.00625095 	0.000127675 	1
12.1212 	0.00619115 	0.000125744 	1
12.1717 	0.00613172 	0.000123785 	1
12.2222 	0.00607369 	0.000121816 	1
12.2727 	0.00601511 	0.00011981 	1
12.3232 	0.00595493 	0.000117805 	1
12.3737 	0.00589654 	0.000115815 	1
12.4242 	0.00583763 	0.000113773 	1
12.4747 	0.00577841 	0.000111753 	1
12.5253 	0.00571951 	0.000109749 	1
12.5758 	0.00566165 	0.000107747 	1
12.6263 	0.00560433 	0.000105764 	1
12.6768 	0.00554779 	0.000103785 	1
12.7273 	0.00549269 	0.00010186 	1
12.7778 	0.00543879 	9.99723e-05 	1
12.8283 	0.00538566 	9.81046e-05 	1
12.8788 	0.00533309 	9.62739e-05 	1
12.9293 	0.0052811 	9.44505e-05 	1
12.9798 	0.0052293 	9.26355e-05 	1
13.0303 	0.00517751 	9.08425e-05 	1
13.0808 	0.00512626 	8.90597e-05 	1
13.1313 	0.0050756 	8.73113e-05 	1
13.1818 	0.00502584 	8.55969e-05 	1
13.2323 	0.00497719 	8.38866e-05 	1
13.2828 	0.0049299 	8.21933e-05 	1
13.3333 	0.00488323 	8.05336e-05 	1
13.3838 	0.00483697 	7.89058e-05 	1
13.4343 	0.00479117 	7.72954e-05 	1
13.4848 	0.00474584 	7.57258e-05 	1
13.5354 	0.00470157 	7.42069e-05 	1
13.5859 	0.00465798 	7.27179e-05 	1
13.6364 	0.0046131 	7.12412e-05 	1
13.6869 	0.00457387 	6.98161e-05 	1
13.7374 	0.00453116 	6.83387e-05 	1
13.7879 	0.00448944 	6.68964e-05 	1
13.8384 	0.0044479 	6.54722e-05 	1
13.8889 	0.00440645 	6.40654e-05 	1
13.9394 	0.00436594 	6.26746e-05 	1
13.9899 	0.00432654 	6.12866e-05 	1
14.0404 	0.00428766 	5.99104e-05 	1
14.0909 	0.00424938 	5.85533e-05 	1
14.1414 	0.00421148 	5.72194e-05 	1
14.1919 	0.00417381 	5.58959e-05 	1
14.2424 	0.00413664 	5.46093e-05 	1
14.2929 	0.00409984 	5.33593e-05 	1
14.3434 	0.00406331 	5.21595e-05 	1
14.3939 	0.0040273 	5.10089e-05 	1
14.4444 	0.00399249 	4.98885e-05 	1
14.4949 	0.00395815 	4.8786e-05 	1
14.5455 	0.00392424 	0.000392258 	1
14.596 	0.00389114 	0.000382942 	1
14.6465 	0.00385883 	0.000375593 	1
14.697 	0.00382703 	0.000368882 	1
14.7475 	0.00379642 	0.000362375 	1
14.798 	0.00376653 	0.000356137 	1
14.8485 	0.00373712 	0.000349905 	1
14.899 	0.00370897 	0.000343777 	1
14.9495 	0.00368175 	0.000338084 	1
15.0 	0.00365534 	0.000332653 	1
15.0505 	0.00362947 	0.000327494 	1
15.101 	0.00360438 	0.00032254 	1
15.1515 	0.00357991 	0.000317818 	1
15.202 	0.0035558 	0.000313271 	1
15.2525 	0.00353202 	0.000308802 	1
15.303 	0.00350907 	0.000304436 	1
15.3535 	0.00348689 	0.000300323 	1
15.404 	0.00346577 	0.000296397 	1
15.4545 	0.00344535 	0.000292615 	1
15.5051 	0.0034255 	0.000288973 	1
15.5556 	0.00340629 	0.000285477 	1
15.6061 	0.00338756 	0.000282107 	1
15.6566 	0.00336914 	0.000278845 	1
15.7071 	0.0033505 	0.000275745 	1
15.7576 	0.00333191 	0.00027279 	1
15.8081 	0.00331334 	0.000269885 	1
15.8586 	0.00329515 	0.000267048 	1
15.9091 	0.00327716 	0.000264336 	1
15.9596 	0.00325904 	0.000261775 	1
16.0101 	0.00324121 	0.000259351 	1
16.0606 	0.00322423 	0.000257068 	1
16.1111 	0.00320762 	0.000254877 	1
16.1616 	0.00319137 	0.000252784 	1
16.2121 	0.00317582 	0.000250753 	1
16.2626 	0.00316038 	0.000248964 	1
16.3131 	0.00314516 	0.000247259 	1
16.3636 	0.00313056 	0.000245484 	1
16.4141 	0.00311676 	0.000243762 	1
16.4646 	0.00310315 	0.00024212 	1
16.5152 	0.00308979 	0.000240562 	1
16.5657 	0.00307671 	0.000239044 	1
16.6162 	0.00306374 	0.000237579 	1
16.6667 	0.00305118 	0.000236161 	1
16.7172 	0.00303876 	0.000234737 	1
16.7677 	0.00302667 	0.000233349 	1
16.8182 	0.00301514 	0.000231999 	1
16.8687 	0.0030036 	0.000230669 	1
16.9192 	0.00299039 	0.000229201 	1
16.9697 	0.00298418 	0.000228364 	1
17.0202 	0.00297292 	0.000226953 	1
17.0707 	0.00296331 	0.000225803 	1
17.1212 	0.00295408 	0.000224709 	1
17.1717 	0.00294474 	0.000223649 	1
17.2222 	0.00293556 	0.000222549 	1
17.2727 	0.00292654 	0.000221513 	1
17.3232 	0.00291775 	0.000220494 	1
17.3737 	0.00290851 	0.000219469 	1
17.4242 	0.00289923 	0.000218443 	1
17.4747 	0.00289037 	0.000217415 	1
17.5253 	0.00288178 	0.000216387 	1
17.5758 	0.00287327 	0.00021538 	1
17.6263 	0.00286484 	0.000214443 	1
17.6768 	0.00285643 	0.000213751 	1
17.7273 	0.00284844 	0.000213068 	1
17.7778 	0.00284132 	0.000212462 	1
17.8283 	0.00283447 	0.000211937 	1
17.8788 	0.00282797 	0.000211491 	1
17.9293 	0.00282165 	0.00021107 	1
17.9798 	0.00281524 	0.000210665 	1
18.0303 	0.00280973 	0.000210342 	1
18.0808 	0.0028045 	0.000210146 	1
18.1313 	0.00279931 	0.000210048 	1
18.1818 	0.00279425 	0.000210017 	1
18.2323 	0.00278937 	0.000210046 	1
18.2828 	0.00278465 	0.00021025 	1
18.3333 	0.00278001 	0.000210553 	1
18.3838 	0.00277545 	0.000210971 	1
18.4343 	0.00277092 	0.000211422 	1
18.4848 	0.00276646 	0.000211882 	1
18.5354 	0.00276216 	0.000212383 	1
18.5859 	0.00275834 	0.000212897 	1
18.6364 	0.00275494 	0.000213441 	1
18.6869 	0.00275192 	0.000214025 	1
18.7374 	0.0027494 	0.000214637 	1
18.7879 	0.00274721 	0.00021526 	1
18.8384 	0.00274466 	0.000215901 	1
18.8889 	0.00274182 	0.00021651 	1
18.9394 	0.00273943 	0.000217005 	1
18.9899 	0.00273739 	0.000217481 	1
19.0404 	0.0027355 	0.000217896 	1
19.0909 	0.00273337 	0.000218359 	1
19.1414 	0.0027316 	0.00021888 	1
19.1919 	0.00272997 	0.00021943 	1
19.2424 	0.00272841 	0.000219954 	1
19.2929 	0.00272693 	0.000220458 	1
19.3434 	0.0027259 	0.000221028 	1
19.3939 	0.00272472 	0.000221576 	1
19.4444 	0.00272339 	0.000222089 	1
19.4949 	0.00272233 	0.00022261 	1
19.5455 	0.00272138 	0.000223124 	1
19.596 	0.00272041 	0.00022363 	1
19.6465 	0.00271929 	0.000224105 	1
19.697 	0.00271849 	0.000224671 	1
19.7475 	0.00271761 	0.000225177 	1
19.798 	0.00271708 	0.000225676 	1
19.8485 	0.00271648 	0.000226291 	1
19.899 	0.00271582 	0.000226891 	1
19.9495 	0.00271507 	0.000227471 	1
20.0 	0.0027143 	0.000228097 	1
20.0505 	0.0027133 	0.00022875 	1
20.101 	0.00271242 	0.000229406 	1
20.1515 	0.00271174 	0.00022997 	1
20.202 	0.00271104 	0.000230719 	1
20.2525 	0.00271077 	0.000231537 	1
20.303 	0.00271046 	0.000232133 	1
20.3535 	0.00271036 	0.000232872 	1
20.404 	0.00271019 	0.000233543 	1
20.4545 	0.00270976 	0.000234135 	1
20.5051 	0.00270953 	0.000234699 	1
20.5556 	0.00270926 	0.000235265 	1
20.6061 	0.00270885 	0.00023593 	1
20.6566 	0.00270823 	0.000236548 	1
20.7071 	0.0027077 	0.000237124 	1
20.7576 	0.00270734 	0.000237603 	1
20.8081 	0.0027071 	0.000238016 	1
20.8586 	0.00270679 	0.000238557 	1
20.9091 	0.00270631 	0.000239103 	1
20.9596 	0.00270569 	0.000239614 	1
21.0101 	0.00270495 	0.000240161 	1
21.0606 	0.00270442 	0.00024071 	1
21.1111 	0.00270392 	0.000241277 	1
21.1616 	0.0027034 	0.000241839 	1
21.2121 	0.00270294 	0.000242358 	1
21.2626 	0.00270237 	0.000242812 	1
21.3131 	0.00270209 	0.000243216 	1
21.3636 	0.00270219 	0.000243583 	1
21.4141 	0.00270218 	0.000243972 	1
21.4646 	0.0027024 	0.000244503 	1
21.5152 	0.00270281 	0.000244787 	1
21.5657 	0.00270324 	0.000245534 	1
21.6162 	0.00270372 	0.000246211 	1
21.6667 	0.0027044 	0.00024691 	1
21.7172 	0.00270476 	0.000247551 	1
21.7677 	0.00270495 	0.000248178 	1
21.8182 	0.00270553 	0.000248833 	1
21.8687 	0.00270597 	0.00024947 	1
21.9192 	0.00270626 	0.000250105 	1
21.9697 	0.00270677 	0.00025075 	1
22.0202 	0.00270758 	0.000251392 	1
22.0707 	0.00270879 	0.000251972 	1
22.1212 	0.00270956 	0.000252579 	1
22.1717 	0.00271084 	0.000253238 	1
22.2222 	0.00271248 	0.000253784 	1
22.2727 	0.00271428 	0.000254317 	1
22.3232 	0.00271621 	0.000254854 	1
22.3737 	0.00271804 	0.000255419 	1
22.4242 	0.00271957 	0.000255987 	1
22.4747 	0.00272096 	0.00025652 	1
22.5253 	0.00272274 	0.000257023 	1
22.5758 	0.00272466 	0.00025749 	1
22.6263 	0.00272657 	0.00025794 	1
22.6768 	0.00272855 	0.000258393 	1
22.7273 	0.00273045 	0.00025883 	1
22.7778 	0.00273231 	0.000259234 	1
22.8283 	0.00273403 	0.000259599 	1
22.8788 	0.00273569 	0.000259952 	1
22.9293 	0.00273734 	0.000260515 	1
22.9798 	0.00273904 	0.000261199 	1
23.0303 	0.00274077 	0.000261907 	1
23.0808 	0.00274231 	0.000262598 	1
23.1313 	0.0027442 	0.000263286 	1
23.1818 	0.00274644 	0.000263975 	1
23.2323 	0.00274872 	0.000264677 	1
23.2828 	0.00275085 	0.000265338 	1
23.3333 	0.0027527 	0.000265933 	1
23.3838 	0.0027543 	0.00026652 	1
23.4343 	0.00275553 	0.000267162 	1
23.4848 	0.00275674 	0.000267801 	1
23.5354 	0.00275806 	0.000268398 	1
23.5859 	0.00275918 	0.000268951 	1
23.6364 	0.0027605 	0.000269585 	1
23.6869 	0.00276154 	0.000270282 	1
23.7374 	0.00276249 	0.000270962 	1
23.7879 	0.00276322 	0.000271699 	1
23.8384 	0.00276434 	0.000272384 	1
23.8889 	0.00276584 	0.000273014 	1
23.9394 	0.00276731 	0.000273594 	1
23.9899 	0.00276844 	0.000274125 	1
24.0404 	0.00276941 	0.000274615 	1
24.0909 	0.00277019 	0.000275076 	1
24.1414 	0.00277111 	0.000275473 	1
24.1919 	0.00277206 	0.000275853 	1
24.2424 	0.00277267 	0.000276187 	1
24.2929 	0.00277305 	0.000276468 	1
24.3434 	0.00277357 	0.000276681 	1
24.3939 	0.00277425 	0.000277082 	1
24.4444 	0.00277494 	3.46664e-05 	1
24.4949 	0.00277564 	3.48388e-05 	1
24.5455 	0.00277628 	3.48895e-05 	1
24.596 	0.002777 	3.49439e-05 	1
24.6465 	0.00277809 	3.50053e-05 	1
24.697 	0.00277914 	3.50658e-05 	1
24.7475 	0.00278003 	3.51222e-05 	1
24.798 	0.00278083 	3.51809e-05 	1
24.8485 	0.00278152 	3.52158e-05 	1
24.899 	0.00278207 	3.52584e-05 	1
24.9495 	0.00278251 	3.52982e-05 	1
25.0 	0.00278289 	3.53356e-05 	1
25.0505 	0.00278351 	3.53694e-05 	1
25.101 	0.00278413 	3.54006e-05 	1
25.1515 	0.00278461 	3.54405e-05 	1
25.202 	0.00278487 	3.54876e-05 	1
25.2525 	0.00278514 	3.55335e-05 	1
25.303 	0.00278539 	3.55804e-05 	1
25.3535 	0.00278574 	3.56266e-05 	1
25.404 	0.00278631 	3.56742e-05 	1
25.4545 	0.00278682 	3.57219e-05 	1
25.5051 	0.00278736 	3.57694e-05 	1
25.5556 	0.0027878 	3.58198e-05 	1
25.6061 	0.00278834 	3.58703e-05 	1
25.6566 	0.00278873 	3.59195e-05 	1
25.7071 	0.00278924 	3.59698e-05 	1
25.7576 	0.0027899 	3.60218e-05 	1
25.8081 	0.00279043 	3.60759e-05 	1
25.8586 	0.00279102 	3.61315e-05 	1
25.9091 	0.00279202 	3.61857e-05 	1
25.9596 	0.00279318 	3.62383e-05 	1
26.0101 	0.00279426 	3.62951e-05 	1
26.0606 	0.00279532 	3.63551e-05 	1
26.1111 	0.00279648 	3.64131e-05 	1
26.1616 	0.0027976 	3.64694e-05 	1
26.2121 	0.00279872 	3.65256e-05 	1
26.2626 	0.00279986 	3.65826e-05 	1
26.3131 	0.00280107 	3.66391e-05 	1
26.3636 	0.00280228 	3.6691e-05 	1
26.4141 	0.00280379 	3.67458e-05 	1
26.4646 	0.00280527 	3.68005e-05 	1
26.5152 	0.00280666 	3.68541e-05 	1
26.5657 	0.00280807 	3.69068e-05 	1
26.6162 	0.00280943 	3.69596e-05 	1
26.6667 	0.00281068 	3.70142e-05 	1
26.7172 	0.00281194 	3.70684e-05 	1
26.7677 	0.00281312 	3.71229e-05 	1
26.8182 	0.00281429 	3.71759e-05 	1
26.8687 	0.00281564 	3.72262e-05 	1
26.9192 	0.00281706 	3.72782e-05 	1
26.9697 	0.00281848 	3.7329e-05 	1
27.0202 	0.00281996 	3.73787e-05 	1
27.0707 	0.00282152 	3.74311e-05 	1
27.1212 	0.00282301 	3.74824e-05 	1
27.1717 	0.00282454 	3.75337e-05 	1
27.2222 	0.00282604 	3.75814e-05 	1
27.2727 	0.00282759 	3.76262e-05 	1
27.3232 	0.00282898 	3.76731e-05 	1
27.3737 	0.00283015 	3.77201e-05 	1
27.4242 	0.00283141 	3.77648e-05 	1
27.4747 	0.00283275 	3.78081e-05 	1
27.5253 	0.00283392 	3.78544e-05 	1
27.5758 	0.00283495 	3.78998e-05 	1
27.6263 	0.00283591 	3.7947e-05 	1
27.6768 	0.00283684 	3.79908e-05 	1
27.7273 	0.00283812 	3.80319e-05 	1
27.7778 	0.00283948 	3.80735e-05 	1
27.8283 	0.00284073 	3.81196e-05 	1
27.8788 	0.00284212 	3.81613e-05 	1
27.9293 	0.00284346 	3.82029e-05 	1
27.9798 	0.00284469 	3.82418e-05 	1
28.0303 	0.00284586 	3.82851e-05 	1
28.0808 	0.002847 	3.83176e-05 	1
28.1313 	0.00284814 	3.83646e-05 	1
28.1818 	0.00284919 	3.84109e-05 	1
28.2323 	0.00285025 	3.84549e-05 	1
28.2828 	0.0028512 	3.84956e-05 	1
28.3333 	0.00285208 	3.85369e-05 	1
28.3838 	0.00285308 	3.85793e-05 	1
28.4343 	0.00285414 	3.86258e-05 	1
28.4848 	0.00285532 	3.86776e-05 	1
28.5354 	0.00285671 	3.87275e-05 	1
28.5859 	0.00285839 	3.87784e-05 	1
28.6364 	0.00286013 	3.88326e-05 	1
28.6869 	0.00286188 	3.88841e-05 	1
28.7374 	0.00286371 	3.89356e-05 	1
28.7879 	0.00286563 	3.89858e-05 	1
28.8384 	0.00286754 	3.90359e-05 	1
28.8889 	0.00286933 	3.90879e-05 	1
28.9394 	0.00287102 	3.91397e-05 	1
28.9899 	0.00287276 	3.91927e-05 	1
29.0404 	0.00287444 	3.92453e-05 	1
29.0909 	0.00287608 	3.92974e-05 	1
29.1414 	0.00287774 	3.93489e-05 	1
29.1919 	0.00287942 	3.9396e-05 	1
29.2424 	0.00288116 	3.94422e-05 	1
29.2929 	0.00288304 	3.94886e-05 	1
29.3434 	0.00288506 	3.95337e-05 	1
29.3939 	0.00288703 	3.9579e-05 	1
29.4444 	0.00288899 	3.96293e-05 	1
29.4949 	0.00289113 	3.96836e-05 	1
29.5455 	0.00289319 	3.97355e-05 	1
29.596 	0.0028955 	3.9782e-05 	1
29.6465 	0.00289778 	3.98243e-05 	1
29.697 	0.00290008 	3.98689e-05 	1
29.7475 	0.0029024 	3.99138e-05 	1
29.798 	0.00290466 	3.99631e-05 	1
29.8485 	0.00290686 	4.00142e-05 	1
29.899 	0.00290906 	4.00614e-05 	1
29.9495 	0.00291133 	4.01072e-05 	1
30.0 	0.00291356 	4.01528e-05 	1
30.0505 	0.00291584 	4.01971e-05 	1
30.101 	0.00291815 	4.02409e-05 	1
30.1515 	0.00292054 	4.02881e-05 	1
30.202 	0.00292307 	4.03353e-05 	1
30.2525 	0.00292556 	4.03844e-05 	1
30.303 	0.00292831 	4.04335e-05 	1
30.3535 	0.00293096 	4.04819e-05 	1
30.404 	0.00293351 	4.05266e-05 	1
30.4545 	0.00293596 	4.05727e-05 	1
30.5051 	0.00293834 	4.06203e-05 	1
30.5556 	0.00294076 	4.06659e-05 	1
30.6061 	0.00294324 	4.07118e-05 	1
30.6566 	0.00294563 	4.07595e-05 	1
30.7071 	0.00294802 	4.08117e-05 	1
30.7576 	0.00295065 	4.0864e-05 	1
30.8081 	0.00295329 	4.09114e-05 	1
30.8586 	0.00295582 	4.09569e-05 	1
30.9091 	0.00295825 	4.10003e-05 	1
30.9596 	0.00296057 	4.10409e-05 	1
31.0101 	0.00296283 	4.10821e-05 	1
31.0606 	0.0029653 	4.1131e-05 	1
31.1111 	0.00296778 	4.11821e-05 	1
31.1616 	0.00297019 	4.12312e-05 	1
31.2121 	0.00297269 	4.12801e-05 	1
31.2626 	0.00297527 	4.13301e-05 	1
31.3131 	0.0029778 	4.13732e-05 	1
31.3636 	0.00298025 	4.14235e-05 	1
31.4141 	0.00298263 	4.14706e-05 	1
31.4646 	0.00298488 	4.15136e-05 	1
31.5152 	0.00298712 	4.15533e-05 	1
31.5657 	0.00298932 	4.15919e-05 	1
31.6162 	0.0029914 	4.16303e-05 	1
31.6667 	0.00299334 	4.16709e-05 	1
31.7172 	0.00299527 	4.17067e-05 	1
31.7677 	0.00299756 	4.17499e-05 	1
31.8182 	0.00299985 	4.179e-05 	1
31.8687 	0.00300217 	4.18263e-05 	1
31.9192 	0.00300439 	4.18634e-05 	1
31.9697 	0.0030065 	4.19018e-05 	1
32.0202 	0.00300847 	4.1943e-05 	1
32.0707 	0.00301032 	4.19822e-05 	1
32.1212 	0.00301205 	4.2021e-05 	1
32.1717 	0.00301365 	4.20591e-05 	1
32.2222 	0.00301525 	4.20996e-05 	1
32.2727 	0.0030169 	4.21414e-05 	1
32.3232 	0.00301844 	4.21838e-05 	1
32.3737 	0.00302032 	4.22262e-05 	1
32.4242 	0.00302224 	4.22697e-05 	1
32.4747 	0.00302401 	4.23167e-05 	1
32.5253 	0.00302564 	4.23627e-05 	1
32.5758 	0.00302711 	4.24062e-05 	1
32.6263 	0.0030285 	4.24493e-05 	1
32.6768 	0.0030299 	4.24941e-05 	1
32.7273 	0.00303116 	4.25399e-05 	1
32.7778 	0.0030323 	4.2586e-05 	1
32.8283 	0.00303342 	4.26321e-05 	1
32.8788 	0.00303445 	4.26771e-05 	1
32.9293 	0.00303552 	4.27183e-05 	1
32.9798 	0.00303673 	4.27633e-05 	1
33.0303 	0.00303786 	4.28083e-05 	1
33.0808 	0.00303909 	4.2854e-05 	1
33.1313 	0.00304037 	4.28997e-05 	1
33.1818 	0.00304155 	4.29455e-05 	1
33.2323 	0.00304267 	4.29892e-05 	1
33.2828 	0.00304366 	4.30339e-05 	1
33.3333 	0.00304454 	4.3081e-05 	1
33.3838 	0.00304529 	4.31272e-05 	1
33.4343 	0.00304607 	4.31732e-05 	1
33.4848 	0.00304698 	4.32203e-05 	1
33.5354 	0.003048 	4.32622e-05 	1
33.5859 	0.00304894 	4.33031e-05 	1
33.6364 	0.00304978 	4.33447e-05 	1
33.6869 	0.0030505 	4.33864e-05 	1
33.7374 	0.00305107 	4.34275e-05 	1
33.7879 	0.00305158 	4.3466e-05 	1
33.8384 	0.00305203 	4.35019e-05 	1
33.8889 	0.00305248 	4.35349e-05 	1
33.9394 	0.00305284 	4.35735e-05 	1
33.9899 	0.0030532 	4.36114e-05 	1
34.0404 	0.00305366 	4.36491e-05 	1
34.0909 	0.00305408 	4.36886e-05 	1
34.1414 	0.00305458 	4.37267e-05 	1
34.1919 	0.00305494 	4.37649e-05 	1
34.2424 	0.00305522 	4.37996e-05 	1
34.2929 	0.00305538 	4.38351e-05 	1
34.3434 	0.00305538 	4.38719e-05 	1
34.3939 	0.00305522 	4.39098e-05 	1
34.4444 	0.00305503 	4.39462e-05 	1
34.4949 	0.00305499 	4.39834e-05 	1
34.5455 	0.00305506 	4.40225e-05 	1
34.596 	0.00305505 	4.40617e-05 	1
34.6465 	0.00305491 	4.41021e-05 	1
34.697 	0.00305468 	4.4141e-05 	1
34.7475 	0.00305442 	4.41773e-05 	1
34.798 	0.00305404 	4.42137e-05 	1
34.8485 	0.00305355 	4.42523e-05 	1
34.899 	0.00305298 	4.42899e-05 	1
34.9495 	0.00305249 	4.43284e-05 	1
35.0 	0.00305217 	4.43704e-05 	1
35.0505 	0.00305185 	4.44104e-05 	1
35.101 	0.00305146 	4.44546e-05 	1
35.1515 	0.00305101 	4.44991e-05 	1
35.202 	0.00305046 	4.45441e-05 	1
35.2525 	0.00304982 	4.45869e-05 	1
35.303 	0.00304914 	4.4629e-05 	1
35.3535 	0.00304849 	4.46693e-05 	1
35.404 	0.00304803 	4.47139e-05 	1
35.4545 	0.00304763 	4.47624e-05 	1
35.5051 	0.00304718 	4.48136e-05 	1
35.5556 	0.00304669 	4.48647e-05 	1
35.6061 	0.00304622 	4.49147e-05 	1
35.6566 	0.00304573 	4.4962e-05 	1
35.7071 	0.00304522 	4.50054e-05 	1
35.7576 	0.00304468 	4.50472e-05 	1
35.8081 	0.00304416 	4.50902e-05 	1
35.8586 	0.0030439 	4.51352e-05 	1
35.9091 	0.00304359 	4.51856e-05 	1
35.9596 	0.00304324 	4.52396e-05 	1
36.0101 	0.00304282 	4.52954e-05 	1
36.0606 	0.00304242 	4.53528e-05 	1
36.1111 	0.00304199 	4.54132e-05 	1
36.1616 	0.00304155 	4.54765e-05 	1
36.2121 	0.00304109 	4.55322e-05 	1
36.2626 	0.00304089 	4.55883e-05 	1
36.3131 	0.00304065 	4.56471e-05 	1
36.3636 	0.00304037 	4.57111e-05 	1
36.4141 	0.00304009 	4.57786e-05 	1
36.4646 	0.00303974 	4.585e-05 	1
36.5152 	0.00303932 	4.59247e-05 	1
36.5657 	0.00303882 	4.60021e-05 	1
36.6162 	0.00303831 	4.60804e-05 	1
36.6667 	0.003038 	4.61573e-05 	1
36.7172 	0.00303776 	4.6234e-05 	1
36.7677 	0.0030375 	4.63136e-05 	1
36.8182 	0.00303721 	4.63907e-05 	1
36.8687 	0.00303688 	4.64721e-05 	1
36.9192 	0.00303644 	4.65599e-05 	1
36.9697 	0.00303589 	4.66524e-05 	1
37.0202 	0.00303524 	4.67478e-05 	1
37.0707 	0.00303472 	4.68446e-05 	1
37.1212 	0.00303436 	4.69388e-05 	1
37.1717 	0.00303395 	4.70323e-05 	1
37.2222 	0.00303347 	4.71292e-05 	1
37.2727 	0.00303294 	4.7227e-05 	1
37.3232 	0.00303232 	4.73342e-05 	1
37.3737 	0.00303165 	4.74376e-05 	1
37.4242 	0.00303095 	4.75435e-05 	1
37.4747 	0.00303044 	4.76519e-05 	1
37.5253 	0.00303015 	4.77577e-05 	1
37.5758 	0.00302982 	4.78678e-05 	1
37.6263 	0.00302945 	4.79856e-05 	1
37.6768 	0.00302904 	4.81103e-05 	1
37.7273 	0.00302857 	4.82383e-05 	1
37.7778 	0.00302811 	4.83673e-05 	1
37.8283 	0.00302766 	4.84952e-05 	1
37.8788 	0.00302747 	4.86232e-05 	1
37.9293 	0.00302742 	4.87526e-05 	1
37.9798 	0.00302738 	4.88913e-05 	1
38.0303 	0.00302734 	4.9033e-05 	1
38.0808 	0.00302726 	4.91766e-05 	1
38.1313 	0.00302716 	4.93231e-05 	1
38.1818 	0.00302703 	4.94755e-05 	1
38.2323 	0.00302703 	4.96322e-05 	1
38.2828 	0.00302724 	4.97899e-05 	1
38.3333 	0.00302742 	4.99501e-05 	1
38.3838 	0.00302756 	5.01122e-05 	1
38.4343 	0.0030277 	5.0277e-05 	1
38.4848 	0.0030278 	5.04456e-05 	1
38.5354 	0.00302788 	5.06089e-05 	1
38.5859 	0.00302808 	5.07722e-05 	1
38.6364 	0.00302845 	5.09375e-05 	1
38.6869 	0.00302877 	5.11044e-05 	1
38.7374 	0.00302902 	5.12746e-05 	1
38.7879 	0.00302921 	5.14455e-05 	1
38.8384 	0.00302934 	5.16128e-05 	1
38.8889 	0.00302942 	5.17806e-05 	1
38.9394 	0.00302967 	5.19502e-05 	1
38.9899 	0.00302998 	5.21216e-05 	1
39.0404 	0.00303024 	5.2287e-05 	1
39.0909 	0.00303041 	5.24494e-05 	1
39.1414 	0.00303053 	5.2605e-05 	1
39.1919 	0.00303057 	5.27666e-05 	1
39.2424 	0.00303055 	5.29322e-05 	1
39.2929 	0.00303075 	5.31013e-05 	1
39.3434 	0.00303088 	5.32691e-05 	1
39.3939 	0.00303094 	5.34339e-05 	1
39.4444 	0.00303091 	5.3595e-05 	1
39.4949 	0.0030308 	5.37591e-05 	1
39.5455 	0.00303061 	5.3928e-05 	1
39.596 	0.00303057 	5.41005e-05 	1
39.6465 	0.00303048 	5.42755e-05 	1
39.697 	0.00303032 	5.44514e-05 	1
39.7475 	0.0030301 	5.46334e-05 	1
39.798 	0.0030298 	5.48116e-05 	1
39.8485 	0.00302954 	5.49869e-05 	1
39.899 	0.00302937 	5.51645e-05 	1
39.9495 	0.00302916 	5.53418e-05 	1
40.0 	0.0030289 	5.55159e-05 	1
40.0505 	0.00302862 	5.56861e-05 	1
40.101 	0.00302838 	5.5861e-05 	1
40.1515 	0.00302824 	5.6035e-05 	1
40.202 	0.00302806 	5.62034e-05 	1
40.2525 	0.00302784 	5.63699e-05 	1
40.303 	0.0030276 	5.65389e-05 	1
40.3535 	0.00302748 	5.67053e-05 	1
40.404 	0.00302733 	5.68697e-05 	1
40.4545 	0.00302716 	5.70352e-05 	1
40.5051 	0.00302695 	5.71914e-05 	1
40.5556 	0.00302684 	5.73482e-05 	1
40.6061 	0.00302673 	5.7503e-05 	1
40.6566 	0.00302659 	5.76564e-05 	1
40.7071 	0.00302641 	5.78112e-05 	1
40.7576 	0.0030263 	5.79653e-05 	1
40.8081 	0.00302616 	5.81113e-05 	1
40.8586 	0.00302602 	5.82531e-05 	1
40.9091 	0.00302591 	5.83938e-05 	1
40.9596 	0.00302579 	5.85293e-05 	1
41.0101 	0.00302563 	5.86531e-05 	1
41.0606 	0.00302547 	5.87733e-05 	1
41.1111 	0.00302534 	5.88929e-05 	1
41.1616 	0.00302517 	5.90147e-05 	1
41.2121 	0.00302498 	5.91337e-05 	1
41.2626 	0.00302481 	5.92536e-05 	1
41.3131 	0.00302461 	5.93693e-05 	1
41.3636 	0.00302439 	5.94871e-05 	1
41.4141 	0.00302417 	5.96049e-05 	1
41.4646 	0.0030239 	5.97122e-05 	1
41.5152 	0.00302359 	5.98246e-05 	1
41.5657 	0.00302326 	5.99338e-05 	1
41.6162 	0.00302289 	6.00431e-05 	1
41.6667 	0.00302253 	6.01532e-05 	1
41.7172 	0.00302215 	6.0265e-05 	1
41.7677 	0.00302174 	6.03857e-05 	1
41.8182 	0.00302131 	6.05124e-05 	1
41.8687 	0.00302086 	6.06488e-05 	1
41.9192 	0.0030204 	6.07915e-05 	1
41.9697 	0.00301993 	6.09313e-05 	1
42.0202 	0.00301944 	6.10745e-05 	1
42.0707 	0.00301894 	6.1218e-05 	1
42.1212 	0.00301842 	6.13555e-05 	1
42.1717 	0.00301788 	6.15075e-05 	1
42.2222 	0.00301734 	6.16779e-05 	1
42.2727 	0.00301678 	6.18045e-05 	1
42.3232 	0.00301623 	6.19509e-05 	1
42.3737 	0.00301567 	6.20955e-05 	1
42.4242 	0.00301512 	6.22354e-05 	1
42.4747 	0.00301459 	6.23723e-05 	1
42.5253 	0.00301407 	6.25119e-05 	1
42.5758 	0.00301357 	6.26506e-05 	1
42.6263 	0.00301307 	6.27842e-05 	1
42.6768 	0.00301258 	6.29084e-05 	1
42.7273 	0.00301214 	6.30344e-05 	1
42.7778 	0.00301177 	6.31673e-05 	1
42.8283 	0.0030114 	6.33037e-05 	1
42.8788 	0.00301106 	6.34346e-05 	1
42.9293 	0.00301075 	6.35703e-05 	1
42.9798 	0.00301049 	6.37093e-05 	1
43.0303 	0.00301025 	6.38407e-05 	1
43.0808 	0.00301002 	6.39658e-05 	1
43.1313 	0.00300981 	6.40889e-05 	1
43.1818 	0.00300963 	6.42059e-05 	1
43.2323 	0.0030095 	6.43214e-05 	1
43.2828 	0.00300941 	6.44394e-05 	1
43.3333 	0.00300934 	6.45571e-05 	1
43.3838 	0.00300928 	6.46635e-05 	1
43.4343 	0.00300923 	6.47682e-05 	1
43.4848 	0.00300922 	6.48651e-05 	1
43.5354 	0.00300923 	6.4958e-05 	1
43.5859 	0.00300927 	6.50078e-05 	1
43.6364 	0.00300933 	6.51065e-05 	1
43.6869 	0.00300939 	6.51766e-05 	1
43.7374 	0.00300949 	6.52456e-05 	1
43.7879 	0.00300962 	6.53114e-05 	1
43.8384 	0.00300975 	6.53738e-05 	1
43.8889 	0.0030099 	6.54304e-05 	1
43.9394 	0.00301008 	6.54407e-05 	1
43.9899 	0.00301031 	6.54479e-05 	1
44.0404 	0.00301055 	6.54572e-05 	1
44.0909 	0.00301086 	6.54618e-05 	1
44.1414 	0.00301119 	6.54752e-05 	1
44.1919 	0.00301152 	6.55156e-05 	1
44.2424 	0.00301189 	6.55721e-05 	1
44.2929 	0.0030123 	6.56259e-05 	1
44.3434 	0.00301274 	6.57057e-05 	1
44.3939 	0.00301321 	6.57998e-05 	1
44.4444 	0.00301369 	6.59086e-05 	1
44.4949 	0.00301424 	6.6022e-05 	1
44.5455 	0.00301479 	6.61411e-05 	1
44.596 	0.00301537 	6.62329e-05 	1
44.6465 	0.00301601 	6.63295e-05 	1
44.697 	0.00301668 	6.64249e-05 	1
44.7475 	0.00301734 	6.65278e-05 	1
44.798 	0.003018 	6.66287e-05 	1
44.8485 	0.0030187 	6.67119e-05 	1
44.899 	0.00301947 	6.6792e-05 	1
44.9495 	0.00302032 	6.68749e-05 	1
45.0 	0.0030212 	6.69705e-05 	1
45.0505 	0.00302212 	6.70058e-05 	1
45.101 	0.00302309 	6.70593e-05 	1
45.1515 	0.00302414 	6.71092e-05 	1
45.202 	0.00302522 	6.71539e-05 	1
45.2525 	0.00302634 	6.71971e-05 	1
45.303 	0.0030275 	6.72406e-05 	1
45.3535 	0.00302876 	6.72704e-05 	1
45.404 	0.00303003 	6.7298e-05 	1
45.4545 	0.00303135 	6.73208e-05 	1
45.5051 	0.00303273 	6.73357e-05 	1
45.5556 	0.00303413 	6.73435e-05 	1
45.6061 	0.00303558 	6.73682e-05 	1
45.6566 	0.00303709 	6.74002e-05 	1
45.7071 	0.00303866 	6.74274e-05 	1
45.7576 	0.00304032 	6.74694e-05 	1
45.8081 	0.00304208 	6.75271e-05 	1
45.8586 	0.00304385 	6.76059e-05 	1
45.9091 	0.00304567 	6.77017e-05 	1
45.9596 	0.00304756 	6.78002e-05 	1
46.0101 	0.0030495 	6.79047e-05 	1
46.0606 	0.00305158 	6.80229e-05 	1
46.1111 	0.00305366 	6.81411e-05 	1
46.1616 	0.00305576 	6.82515e-05 	1
46.2121 	0.00305793 	6.8355e-05 	1
46.2626 	0.00306016 	6.84326e-05 	1
46.3131 	0.00306253 	6.85031e-05 	1
46.3636 	0.00306492 	6.85554e-05 	1
46.4141 	0.0030673 	6.85965e-05 	1
46.4646 	0.0030697 	6.8618e-05 	1
46.5152 	0.00307214 	6.8621e-05 	1
46.5657 	0.00307468 	6.86224e-05 	1
46.6162 	0.00307727 	6.86252e-05 	1
46.6667 	0.0030799 	6.86177e-05 	1
46.7172 	0.00308255 	6.86032e-05 	1
46.7677 	0.00308527 	6.85919e-05 	1
46.8182 	0.00308801 	6.85789e-05 	1
46.8687 	0.00309086 	6.85749e-05 	1
46.9192 	0.00309371 	6.85705e-05 	1
46.9697 	0.0030966 	6.85668e-05 	1
47.0202 	0.00309952 	6.85653e-05 	1
47.0707 	0.00310246 	6.85594e-05 	1
47.1212 	0.00310551 	6.85561e-05 	1
47.1717 	0.00310858 	6.85622e-05 	1
47.2222 	0.00311162 	6.85668e-05 	1
47.2727 	0.00311467 	6.85785e-05 	1
47.3232 	0.00311782 	6.85919e-05 	1
47.3737 	0.00312107 	6.86189e-05 	1
47.4242 	0.00312446 	6.86408e-05 	1
47.4747 	0.0031278 	6.86523e-05 	1
47.5253 	0.0031311 	6.86595e-05 	1
47.5758 	0.00313448 	6.86664e-05 	1
47.6263 	0.00313796 	6.8668e-05 	1
47.6768 	0.00314157 	6.86823e-05 	1
47.7273 	0.0031452 	6.86866e-05 	1
47.7778 	0.00314884 	6.86815e-05 	1
47.8283 	0.00315248 	6.86763e-05 	1
47.8788 	0.00315629 	6.86778e-05 	1
47.9293 	0.00316013 	6.86766e-05 	1
47.9798 	0.00316393 	6.86802e-05 	1
48.0303 	0.00316777 	6.86929e-05 	1
48.0808 	0.00317166 	6.87004e-05 	1
48.1313 	0.00317578 	6.87078e-05 	1
48.1818 	0.00317976 	6.86993e-05 	1
48.2323 	0.00318375 	6.86927e-05 	1
48.2828 	0.00318773 	6.86966e-05 	1
48.3333 	0.00319182 	6.86851e-05 	1
48.3838 	0.00319598 	6.86792e-05 	1
48.4343 	0.00320005 	6.86776e-05 	1
48.4848 	0.0032041 	6.86699e-05 	1
48.5354 	0.00320815 	6.8668e-05 	1
48.5859 	0.0032123 	6.86623e-05 	1
48.6364 	0.00321636 	6.86486e-05 	1
48.6869 	0.00322042 	6.8628e-05 	1
48.7374 	0.00322446 	6.86057e-05 	1
48.7879 	0.00322862 	6.85711e-05 	1
48.8384 	0.00323265 	6.85183e-05 	1
48.8889 	0.00323662 	6.84469e-05 	1
48.9394 	0.00324055 	6.83669e-05 	1
48.9899 	0.00324447 	6.82829e-05 	1
49.0404 	0.00324844 	6.81623e-05 	1
49.0909 	0.00325228 	6.80662e-05 	1
49.1414 	0.00325599 	6.79683e-05 	1
49.1919 	0.00325969 	6.78304e-05 	1
49.2424 	0.00326348 	6.76823e-05 	1
49.2929 	0.00326728 	6.75192e-05 	1
49.3434 	0.00327087 	6.73627e-05 	1
49.3939 	0.00327444 	6.72169e-05 	1
49.4444 	0.00327804 	6.70783e-05 	1
49.4949 	0.00328162 	6.69397e-05 	1
49.5455 	0.00328532 	6.67602e-05 	1
49.596 	0.00328892 	6.66069e-05 	1
49.6465 	0.00329237 	6.64341e-05 	1
49.697 	0.00329578 	6.6277e-05 	1
49.7475 	0.00329921 	6.61287e-05 	1
49.798 	0.00330257 	6.59622e-05 	1
49.8485 	0.00330594 	6.57836e-05 	1
49.899 	0.00330936 	6.55865e-05 	1
49.9495 	0.00331268 	6.5408e-05 	1
50.0 	0.00331594 	6.52408e-05 	1
50.0505 	0.00331908 	6.50923e-05 	1
50.101 	0.00332221 	6.49306e-05 	1
50.1515 	0.00332537 	6.47576e-05 	1
50.202 	0.00332866 	6.45727e-05 	1
50.2525 	0.0033319 	6.43746e-05 	1
50.303 	0.00333503 	6.41876e-05 	1
50.3535 	0.00333822 	6.40044e-05 	1
50.404 	0.00334133 	6.38282e-05 	1
50.4545 	0.00334458 	6.36463e-05 	1
50.5051 	0.0033478 	6.34387e-05 	1
50.5556 	0.00335092 	6.32349e-05 	1
50.6061 	0.00335409 	6.30323e-05 	1
50.6566 	0.00335739 	6.28278e-05 	1
50.7071 	0.00336071 	6.26316e-05 	1
50.7576 	0.00336407 	6.24577e-05 	1
50.8081 	0.00336742 	6.22815e-05 	1
50.8586 	0.00337082 	6.20976e-05 	1
50.9091 	0.00337421 	6.19059e-05 	1
50.9596 	0.00337759 	6.17122e-05 	1
51.0101 	0.00338094 	6.14974e-05 	1
51.0606 	0.0033844 	6.12967e-05 	1
51.1111 	0.00338774 	6.10896e-05 	1
51.1616 	0.00339124 	6.08759e-05 	1
51.2121 	0.00339442 	6.06682e-05 	1
51.2626 	0.00339772 	6.04773e-05 	1
51.3131 	0.00340101 	6.02783e-05 	1
51.3636 	0.00340436 	6.00753e-05 	1
51.4141 	0.0034078 	5.98673e-05 	1
51.4646 	0.00341097 	5.96502e-05 	1
51.5152 	0.00341424 	5.94201e-05 	1
51.5657 	0.00341738 	5.91917e-05 	1
51.6162 	0.00342044 	5.89696e-05 	1
51.6667 	0.00342334 	5.87483e-05 	1
51.7172 	0.00342636 	5.85497e-05 	1
51.7677 	0.00342935 	5.83504e-05 	1
51.8182 	0.00343243 	5.81533e-05 	1
51.8687 	0.00343523 	5.79518e-05 	1
51.9192 	0.00343799 	5.77457e-05 	1
51.9697 	0.00344062 	5.75358e-05 	1
52.0202 	0.00344322 	5.73075e-05 	1
52.0707 	0.00344577 	5.70771e-05 	1
52.1212 	0.00344817 	5.68318e-05 	1
52.1717 	0.00345036 	5.65962e-05 	1
52.2222 	0.00345234 	5.63633e-05 	1
52.2727 	0.00345457 	5.61247e-05 	1
52.3232 	0.00345675 	5.58808e-05 	1
52.3737 	0.00345893 	5.56275e-05 	1
52.4242 	0.00346099 	5.53668e-05 	1
52.4747 	0.00346307 	5.51015e-05 	1
52.5253 	0.00346502 	5.48396e-05 	1
52.5758 	0.00346683 	5.45816e-05 	1
52.6263 	0.00346856 	5.43267e-05 	1
52.6768 	0.0034702 	5.40731e-05 	1
52.7273 	0.00347178 	5.38243e-05 	1
52.7778 	0.00347343 	5.35408e-05 	1
52.8283 	0.00347542 	5.3233e-05 	1
52.8788 	0.003477 	5.29202e-05 	1
52.9293 	0.00347832 	5.25885e-05 	1
52.9798 	0.00347978 	5.22904e-05 	1
53.0303 	0.00348127 	5.19787e-05 	1
53.0808 	0.00348271 	5.16589e-05 	1
53.1313 	0.00348405 	5.13328e-05 	1
53.1818 	0.00348525 	5.10094e-05 	1
53.2323 	0.00348643 	5.06765e-05 	1
53.2828 	0.00348752 	5.03334e-05 	1
53.3333 	0.00348862 	4.99691e-05 	1
53.3838 	0.00348966 	4.95969e-05 	1
53.4343 	0.0034906 	4.92167e-05 	1
53.4848 	0.00349163 	4.88357e-05 	1
53.5354 	0.0034925 	4.84567e-05 	1
53.5859 	0.00349323 	4.80847e-05 	1
53.6364 	0.00349379 	4.77125e-05 	1
53.6869 	0.00349437 	4.7319e-05 	1
53.7374 	0.00349489 	4.69169e-05 	1
53.7879 	0.0034953 	4.65183e-05 	1
53.8384 	0.00349563 	4.61273e-05 	1
53.8889 	0.0034958 	4.57343e-05 	1
53.9394 	0.00349588 	4.53446e-05 	1
53.9899 	0.00349594 	4.49459e-05 	1
54.0404 	0.00349595 	4.45504e-05 	1
54.0909 	0.00349582 	4.41632e-05 	1
54.1414 	0.0034955 	4.37373e-05 	1
54.1919 	0.00349516 	4.33283e-05 	1
54.2424 	0.00349489 	4.29077e-05 	1
54.2929 	0.00349482 	4.24827e-05 	1
54.3434 	0.00349459 	4.20631e-05 	1
54.3939 	0.00349415 	4.16599e-05 	1
54.4444 	0.00349362 	4.12593e-05 	1
54.4949 	0.00349301 	4.08578e-05 	1
54.5455 	0.00349234 	4.04543e-05 	1
54.596 	0.00349161 	4.00411e-05 	1
54.6465 	0.00349081 	3.96274e-05 	1
54.697 	0.00348991 	3.9212e-05 	1
54.7475 	0.00348899 	3.87889e-05 	1
54.798 	0.00348803 	3.8367e-05 	1
54.8485 	0.00348697 	3.79476e-05 	1
54.899 	0.00348586 	3.7533e-05 	1
54.9495 	0.00348474 	3.71297e-05 	1
55.0 	0.00348368 	3.67315e-05 	1
55.0505 	0.00348249 	3.63381e-05 	1
55.101 	0.00348118 	3.59516e-05 	1
55.1515 	0.00347979 	3.55737e-05 	1
55.202 	0.00347833 	3.52038e-05 	1
55.2525 	0.0034768 	3.48714e-05 	1
55.303 	0.00347524 	3.45605e-05 	1
55.3535 	0.00347363 	3.4269e-05 	1
55.404 	0.00347199 	3.39878e-05 	1
55.4545 	0.00347035 	3.37144e-05 	1
55.5051 	0.00346869 	3.34798e-05 	1
55.5556 	0.00346702 	3.32578e-05 	1
55.6061 	0.00346536 	3.30351e-05 	1
55.6566 	0.00346374 	3.28182e-05 	1
55.7071 	0.00346216 	0.000346169 	1
55.7576 	0.00346074 	0.00034176 	1
55.8081 	0.00345929 	0.000338284 	1
55.8586 	0.0034579 	0.000335055 	1
55.9091 	0.00345653 	0.000331878 	1
55.9596 	0.00345515 	0.00032875 	1
56.0101 	0.00345371 	0.000325662 	1
56.0606 	0.00345222 	0.000322619 	1
56.1111 	0.00345068 	0.000319579 	1
56.1616 	0.0034491 	0.000316519 	1
56.2121 	0.00344744 	0.000313498 	1
56.2626 	0.00344572 	0.000310575 	1
56.3131 	0.0034439 	0.000307622 	1
56.3636 	0.00344201 	0.000304667 	1
56.4141 	0.00344001 	0.000301781 	1
56.4646 	0.00343789 	0.000298949 	1
56.5152 	0.00343567 	0.000296132 	1
56.5657 	0.00343335 	0.00029334 	1
56.6162 	0.00343087 	0.000290581 	1
56.6667 	0.00342824 	0.000287872 	1
56.7172 	0.00342552 	0.000284966 	1
56.7677 	0.00342268 	0.000282102 	1
56.8182 	0.00341975 	0.000279355 	1
56.8687 	0.00341673 	0.000276726 	1
56.9192 	0.00341366 	0.000274192 	1
56.9697 	0.00341055 	0.000271748 	1
57.0202 	0.00340741 	0.000269313 	1
57.0707 	0.00340427 	0.000266983 	1
57.1212 	0.00340113 	0.000264727 	1
57.1717 	0.00339804 	0.000262557 	1
57.2222 	0.00339503 	0.000260426 	1
57.2727 	0.00339211 	0.000258419 	1
57.3232 	0.00338929 	0.000256518 	1
57.3737 	0.00338658 	0.000254727 	1
57.4242 	0.003384 	0.000253198 	1
57.4747 	0.00338154 	0.000251229 	1
57.5253 	0.0033792 	0.000249815 	1
57.5758 	0.003377 	0.000248328 	1
57.6263 	0.00337494 	0.00024684 	1
57.6768 	0.00337301 	0.000245374 	1
57.7273 	0.00337121 	0.000243932 	1
57.7778 	0.00336953 	0.000242504 	1
57.8283 	0.00336798 	0.00024109 	1
57.8788 	0.00336652 	0.00023969 	1
57.9293 	0.00336517 	0.000238291 	1
57.9798 	0.0033639 	0.000236884 	1
58.0303 	0.0033627 	0.000235466 	1
58.0808 	0.00336158 	0.000234041 	1
58.1313 	0.00336052 	0.000232614 	1
58.1818 	0.00335954 	0.000231179 	1
58.2323 	0.00335863 	0.000229733 	1
58.2828 	0.00335778 	0.000228286 	1
58.3333 	0.00335702 	0.000226817 	1
58.3838 	0.00335632 	0.000225343 	1
58.4343 	0.00335566 	0.00022386 	1
58.4848 	0.00335505 	0.000222387 	1
58.5354 	0.00335449 	0.00022092 	1
58.5859 	0.00335398 	0.000219466 	1
58.6364 	0.00335351 	0.000218016 	1
58.6869 	0.00335311 	0.000216608 	1
58.7374 	0.00335277 	0.000215235 	1
58.7879 	0.00335252 	0.000213906 	1
58.8384 	0.00335234 	0.00021263 	1
58.8889 	0.00335222 	0.000211389 	1
58.9394 	0.00335218 	0.000210194 	1
58.9899 	0.00335222 	0.000209048 	1
59.0404 	0.00335234 	0.000207944 	1
59.0909 	0.00335255 	0.000206897 	1
59.1414 	0.00335285 	0.000205915 	1
59.1919 	0.00335324 	0.000204989 	1
59.2424 	0.00335372 	0.000204122 	1
59.2929 	0.00335428 	0.000203313 	1
59.3434 	0.00335493 	0.000202561 	1
59.3939 	0.00335567 	0.000201866 	1
59.4444 	0.00335649 	0.000201234 	1
59.4949 	0.00335741 	0.000200645 	1
59.5455 	0.00335842 	0.000200122 	1
59.596 	0.00335952 	0.000199652 	1
59.6465 	0.00336071 	0.00019922 	1
59.697 	0.00336199 	0.000198902 	1
59.7475 	0.00336336 	0.000198736 	1
59.798 	0.0033648 	0.00019859 	1
59.8485 	0.00336631 	0.000198463 	1
59.899 	0.00336788 	0.000198356 	1
59.9495 	0.00336951 	0.000198262 	1
60.0 	0.0033712 	0.000198178 	1
60.0505 	0.00337294 	0.0001981 	1
60.101 	0.00337475 	0.000198027 	1
60.1515 	0.00337659 	0.000197956 	1
60.202 	0.00337848 	0.000197881 	1
60.2525 	0.00338041 	0.000197788 	1
60.303 	0.00338237 	0.00019769 	1
60.3535 	0.00338437 	0.000197585 	1
60.404 	0.0033864 	0.000197432 	1
60.4545 	0.00338846 	0.000197181 	1
60.5051 	0.00339053 	0.000196891 	1
60.5556 	0.00339261 	0.000196572 	1
60.6061 	0.0033947 	0.00019623 	1
60.6566 	0.0033968 	0.000196013 	1
60.7071 	0.00339888 	0.000195325 	1
60.7576 	0.00340097 	0.000195028 	1
60.8081 	0.00340305 	0.000194564 	1
60.8586 	0.0034051 	0.000193941 	1
60.9091 	0.00340711 	0.000193336 	1
60.9596 	0.00340904 	0.000192765 	1
61.0101 	0.00341091 	0.000192205 	1
61.0606 	0.00341274 	0.000191663 	1
61.1111 	0.00341456 	0.000191151 	1
61.1616 	0.0034164 	0.000190624 	1
61.2121 	0.00341826 	0.000190089 	1
61.2626 	0.00342014 	0.000189566 	1
61.3131 	0.00342206 	0.000189064 	1
61.3636 	0.00342403 	0.000188623 	1
61.4141 	0.00342606 	0.000188212 	1
61.4646 	0.00342819 	0.000187832 	1
61.5152 	0.00343042 	0.000187481 	1
61.5657 	0.00343276 	0.000187159 	1
61.6162 	0.00343523 	0.000186861 	1
61.6667 	0.00343783 	0.000186591 	1
61.7172 	0.00344056 	0.000186348 	1
61.7677 	0.00344341 	0.000186146 	1
61.8182 	0.00344639 	0.000185964 	1
61.8687 	0.0034495 	0.000185801 	1
61.9192 	0.00345274 	0.000185656 	1
61.9697 	0.00345612 	0.000185528 	1
62.0202 	0.00345964 	0.000185412 	1
62.0707 	0.0034633 	0.000185312 	1
62.1212 	0.0034671 	0.00018522 	1
62.1717 	0.00347101 	0.000185133 	1
62.2222 	0.00347498 	0.00018505 	1
62.2727 	0.00347899 	0.000184974 	1
62.3232 	0.00348302 	0.000184904 	1
62.3737 	0.00348705 	0.000184842 	1
62.4242 	0.00349107 	0.000184783 	1
62.4747 	0.00349506 	0.000184728 	1
62.5253 	0.00349898 	0.000184677 	1
62.5758 	0.00350282 	0.000184625 	1
62.6263 	0.00350656 	0.000184574 	1
62.6768 	0.00351018 	0.000184523 	1
62.7273 	0.00351365 	0.000184452 	1
62.7778 	0.00351696 	0.000184348 	1
62.8283 	0.00352008 	0.000184234 	1
62.8788 	0.00352301 	0.000184104 	1
62.9293 	0.00352573 	0.000183963 	1
62.9798 	0.00352826 	0.00018382 	1
63.0303 	0.00353054 	0.000183679 	1
63.0808 	0.00353258 	0.000183544 	1
63.1313 	0.00353439 	0.000183415 	1
63.1818 	0.00353595 	0.000183291 	1
63.2323 	0.00353726 	0.000183175 	1
63.2828 	0.00353833 	0.000183066 	1
63.3333 	0.00353916 	0.000182955 	1
63.3838 	0.00353975 	0.00018284 	1
63.4343 	0.00354011 	0.000182732 	1
63.4848 	0.00354026 	0.00018263 	1
63.5354 	0.0035402 	0.000182537 	1
63.5859 	0.00353999 	0.000182454 	1
63.6364 	0.00353964 	0.000182377 	1
63.6869 	0.00353912 	0.000182308 	1
63.7374 	0.00353848 	0.00018225 	1
63.7879 	0.00353771 	0.000182204 	1
63.8384 	0.00353686 	0.000182171 	1
63.8889 	0.00353595 	0.000182263 	1
63.9394 	0.00353498 	0.00018223 	1
63.9899 	0.003534 	0.000182252 	1
64.0404 	0.00353301 	0.000182261 	1
64.0909 	0.00353205 	0.000182273 	1
64.1414 	0.0035311 	0.000182288 	1
64.1919 	0.00353018 	0.000182312 	1
64.2424 	0.00352934 	0.000182345 	1
64.2929 	0.00352856 	0.000182378 	1
64.3434 	0.00352785 	0.00018242 	1
64.3939 	0.00352723 	0.000182465 	1
64.4444 	0.00352672 	0.000182509 	1
64.4949 	0.00352634 	0.000182557 	1
64.5455 	0.00352608 	0.000182608 	1
64.596 	0.00352595 	0.000182658 	1
64.6465 	0.00352594 	0.000182701 	1
64.697 	0.00352605 	0.000182742 	1
64.7475 	0.00352631 	0.000182783 	1
64.798 	0.0035267 	0.00018282 	1
64.8485 	0.00352719 	0.000182853 	1
64.899 	0.00352779 	0.000182866 	1
64.9495 	0.00352852 	0.000182869 	1
65.0 	0.00352935 	0.000182866 	1
65.0505 	0.00353026 	0.000182861 	1
65.101 	0.00353124 	0.000182851 	1
65.1515 	0.00353228 	0.000182833 	1
65.202 	0.00353336 	0.000182809 	1
65.2525 	0.00353449 	0.000182783 	1
65.303 	0.00353565 	0.000182756 	1
65.3535 	0.00353687 	0.000182731 	1
65.404 	0.0035381 	0.000182706 	1
65.4545 	0.00353934 	0.000182678 	1
65.5051 	0.00354057 	0.000182646 	1
65.5556 	0.0035418 	0.000182622 	1
65.6061 	0.00354302 	0.000182596 	1
65.6566 	0.00354424 	0.000182571 	1
65.7071 	0.00354544 	0.000182547 	1
65.7576 	0.00354662 	0.000182526 	1
65.8081 	0.00354777 	0.000182503 	1
65.8586 	0.00354887 	0.000182486 	1
65.9091 	0.00354991 	0.000182475 	1
65.9596 	0.0035509 	0.00018247 	1
66.0101 	0.00355184 	0.000182465 	1
66.0606 	0.00355273 	0.000182464 	1
66.1111 	0.0035536 	0.000182462 	1
66.1616 	0.00355443 	0.000182464 	1
66.2121 	0.0035552 	0.000182473 	1
66.2626 	0.00355595 	0.000182473 	1
66.3131 	0.00355667 	0.000182478 	1
66.3636 	0.00355734 	0.000182488 	1
66.4141 	0.00355798 	0.000182501 	1
66.4646 	0.00355859 	0.000182519 	1
66.5152 	0.00355919 	0.000182542 	1
66.5657 	0.0035598 	0.000182565 	1
66.6162 	0.00356039 	0.000182588 	1
66.6667 	0.00356098 	0.000182614 	1
66.7172 	0.00356156 	0.000182644 	1
66.7677 	0.00356215 	0.000182675 	1
66.8182 	0.00356275 	0.00018271 	1
66.8687 	0.00356343 	0.000182747 	1
66.9192 	0.0035641 	0.00018278 	1
66.9697 	0.00356479 	0.000182814 	1
67.0202 	0.00356549 	0.000182847 	1
67.0707 	0.00356623 	0.000182882 	1
67.1212 	0.00356701 	0.00018291 	1
67.1717 	0.00356785 	0.000182935 	1
67.2222 	0.00356873 	0.000182957 	1
67.2727 	0.00356967 	0.000182979 	1
67.3232 	0.00357065 	0.000183002 	1
67.3737 	0.00357168 	0.000183028 	1
67.4242 	0.00357276 	0.00018305 	1
67.4747 	0.00357389 	0.00018307 	1
67.5253 	0.00357507 	0.000183081 	1
67.5758 	0.00357631 	0.000183091 	1
67.6263 	0.00357758 	0.000183093 	1
67.6768 	0.00357892 	0.00018309 	1
67.7273 	0.0035803 	0.000183072 	1
67.7778 	0.00358174 	0.000183051 	1
67.8283 	0.00358324 	0.000183023 	1
67.8788 	0.00358477 	0.000182989 	1
67.9293 	0.00358632 	0.000182948 	1
67.9798 	0.00358792 	0.000182906 	1
68.0303 	0.00358955 	0.000182866 	1
68.0808 	0.00359123 	0.000182818 	1
68.1313 	0.00359294 	0.000182757 	1
68.1818 	0.00359467 	0.000182688 	1
68.2323 	0.00359642 	0.000182609 	1
68.2828 	0.00359818 	0.000182524 	1
68.3333 	0.00359998 	0.000182432 	1
68.3838 	0.00360179 	0.000182338 	1
68.4343 	0.00360362 	0.000182242 	1
68.4848 	0.00360545 	0.00018214 	1
68.5354 	0.00360731 	0.000182045 	1
68.5859 	0.0036092 	0.00018194 	1
68.6364 	0.0036111 	0.000181818 	1
68.6869 	0.00361307 	0.000181696 	1
68.7374 	0.00361505 	0.000181575 	1
68.7879 	0.00361708 	0.000181441 	1
68.8384 	0.00361916 	0.000181309 	1
68.8889 	0.00362128 	0.000181188 	1
68.9394 	0.00362339 	0.000181065 	1
68.9899 	0.00362551 	0.000180938 	1
69.0404 	0.00362762 	0.000180811 	1
69.0909 	0.00362973 	0.000180683 	1
69.1414 	0.00363183 	0.000180552 	1
69.1919 	0.00363396 	0.00018042 	1
69.2424 	0.00363611 	0.000180288 	1
69.2929 	0.0036383 	0.000180156 	1
69.3434 	0.00364052 	0.000180022 	1
69.3939 	0.00364275 	0.000179888 	1
69.4444 	0.00364502 	0.000179772 	1
69.4949 	0.00364731 	0.000179663 	1
69.5455 	0.00364965 	0.000179555 	1
69.596 	0.00365205 	0.00017945 	1
69.6465 	0.0036545 	0.000179339 	1
69.697 	0.003657 	0.000179211 	1
69.7475 	0.00365955 	0.000179084 	1
69.798 	0.00366215 	0.000178958 	1
69.8485 	0.00366478 	0.000178833 	1
69.899 	0.00366749 	0.000178665 	1
69.9495 	0.00367023 	0.000178542 	1
70.0 	0.00367302 	0.000178394 	1
