# time 	Initial 	Final 	Iterations
0.037896 	2.56123e-07 	2.56123e-07 	0
0.0454717 	4.29961e-07 	4.29961e-07 	0
0.0545626 	8.85831e-07 	8.85831e-07 	0
0.0654797 	1.48817e-06 	1.48817e-06 	0
0.0785686 	1.93791e-06 	1.93791e-06 	0
0.094292 	2.808e-06 	2.808e-06 	0
0.11316 	4.69479e-06 	4.69479e-06 	0
0.135784 	5.60135e-06 	5.60135e-06 	0
0.162511 	8.4472e-06 	8.4472e-06 	0
0.19352 	1.07127e-05 	2.11281e-06 	1
0.228862 	1.34657e-05 	3.01125e-06 	1
0.268622 	1.78043e-05 	4.58525e-06 	1
0.313257 	2.26162e-05 	6.70464e-06 	1
0.361574 	2.4584e-05 	7.40201e-06 	1
0.410919 	2.3732e-05 	6.95526e-06 	1
0.461349 	2.32286e-05 	6.89031e-06 	1
0.511778 	2.18046e-05 	6.63669e-06 	1
0.562208 	2.07192e-05 	6.19352e-06 	1
0.612637 	1.89449e-05 	5.38925e-06 	1
0.663066 	1.73966e-05 	4.78711e-06 	1
0.713496 	1.59268e-05 	4.4407e-06 	1
0.763925 	1.44902e-05 	3.96626e-06 	1
0.814355 	1.3705e-05 	3.72931e-06 	1
0.865399 	1.26199e-05 	3.46488e-06 	1
0.916444 	1.16835e-05 	3.09821e-06 	1
0.967488 	1.03551e-05 	2.73919e-06 	1
1.01853 	9.3285e-06 	9.3285e-06 	0
1.06958 	8.95151e-06 	8.95151e-06 	0
1.12062 	7.73156e-06 	7.73156e-06 	0
1.17167 	9.51005e-06 	9.51005e-06 	0
1.22271 	8.72609e-06 	8.72609e-06 	0
1.27375 	1.26817e-05 	4.27881e-06 	1
1.3248 	1.0546e-05 	3.41802e-06 	1
1.37584 	9.07501e-06 	9.07501e-06 	0
1.42689 	7.88647e-06 	7.88647e-06 	0
1.47793 	6.97843e-06 	6.97843e-06 	0
1.52898 	6.33935e-06 	6.33935e-06 	0
1.58002 	5.90069e-06 	5.90069e-06 	0
1.63032 	4.7865e-06 	4.7865e-06 	0
