# time 	Initial 	Final 	Iterations
1.2e-06 	0.0143076 	5.67366e-05 	3
2.64e-06 	0.346626 	0.00155336 	3
4.368e-06 	0.00759964 	7.64335e-05 	2
6.4416e-06 	0.00256532 	1.91339e-05 	2
8.92992e-06 	0.0012732 	5.85544e-05 	1
1.19159e-05 	0.000976652 	5.13622e-05 	1
1.54991e-05 	0.000863044 	5.60507e-05 	1
1.97989e-05 	0.000746207 	5.01323e-05 	1
2.49587e-05 	0.000669256 	4.49643e-05 	1
3.11504e-05 	0.000597465 	3.90736e-05 	1
3.85805e-05 	0.000544209 	3.49814e-05 	1
4.74965e-05 	0.000499094 	3.14861e-05 	1
5.81958e-05 	0.000464185 	2.89159e-05 	1
7.1035e-05 	0.000434844 	2.6793e-05 	1
8.6442e-05 	0.000412563 	2.50461e-05 	1
0.00010493 	0.0003923 	2.35343e-05 	1
0.000127116 	0.000374667 	2.20032e-05 	1
0.00015374 	0.00036316 	2.12307e-05 	1
0.000185688 	0.000341876 	1.88621e-05 	1
0.000224025 	0.000333283 	1.8755e-05 	1
0.00027003 	0.000314646 	1.69974e-05 	1
0.000325236 	0.000302122 	1.68049e-05 	1
0.000391483 	0.000281423 	2.53741e-05 	1
0.00047098 	0.000265225 	3.28792e-05 	1
0.000566376 	0.000248552 	3.53178e-05 	1
0.00068085 	0.000240332 	4.05683e-05 	1
0.000818221 	0.000237562 	4.1449e-05 	1
0.000983063 	0.000239534 	4.34888e-05 	1
0.00118087 	0.000242184 	4.54486e-05 	1
0.00141824 	0.000254134 	5.15464e-05 	1
0.0017031 	0.000250716 	1.98186e-05 	1
0.00204491 	0.000273876 	2.28586e-05 	1
0.00245508 	0.000263743 	4.21524e-05 	1
0.0029473 	0.000328577 	1.75619e-05 	1
0.00353797 	0.000376826 	2.00966e-05 	1
0.00424679 	0.000434551 	2.32481e-05 	1
0.00509742 	0.000502701 	2.6944e-05 	1
0.00611825 	0.00056315 	2.47961e-05 	1
0.00734314 	0.000643365 	2.86376e-05 	1
0.00881286 	0.00073131 	3.27905e-05 	1
0.0105765 	0.000809403 	3.40507e-05 	1
0.0126925 	0.000897067 	3.74717e-05 	1
0.0152319 	0.000982066 	4.0829e-05 	1
0.0182788 	0.00106008 	4.40365e-05 	1
0.0219337 	0.00112683 	4.68434e-05 	1
0.0263197 	0.00118289 	4.9279e-05 	1
0.0315829 	0.00122781 	5.07701e-05 	1
0.037896 	0.00125233 	5.209e-05 	1
0.0454717 	0.00126627 	5.31617e-05 	1
0.0545626 	0.00127151 	5.39588e-05 	1
0.0654797 	0.00127038 	5.5146e-05 	1
0.0785686 	0.00124532 	5.19175e-05 	1
0.094292 	0.00127456 	5.55847e-05 	1
0.11316 	0.00141371 	6.27959e-05 	1
0.135784 	0.00146076 	6.78932e-05 	1
0.162511 	0.00149273 	7.06452e-05 	1
0.19352 	0.00149881 	7.36995e-05 	1
0.228862 	0.00146696 	7.57802e-05 	1
0.268622 	0.001443 	7.80622e-05 	1
0.313257 	0.00144196 	8.1124e-05 	1
0.361574 	0.00139451 	8.19073e-05 	1
0.410919 	0.00126899 	7.72741e-05 	1
0.461349 	0.00116764 	7.41843e-05 	1
0.511778 	0.00106432 	7.16092e-05 	1
0.562208 	0.000961593 	6.64442e-05 	1
0.612637 	0.000876443 	6.21882e-05 	1
0.663066 	0.000804967 	5.78495e-05 	1
0.713496 	0.000745416 	5.38413e-05 	1
0.763925 	0.00068473 	5.01272e-05 	1
0.814355 	0.000632843 	4.60219e-05 	1
0.865399 	0.000594158 	4.28783e-05 	1
0.916444 	0.000541425 	3.91484e-05 	1
0.967488 	0.000486139 	3.54303e-05 	1
1.01853 	0.000439088 	3.19937e-05 	1
1.06958 	0.000395889 	2.89075e-05 	1
1.12062 	0.000358666 	2.62323e-05 	1
1.17167 	0.000327954 	2.46052e-05 	1
1.22271 	0.000291323 	2.21612e-05 	1
1.27375 	0.000258407 	1.95365e-05 	1
1.3248 	0.000222592 	1.67004e-05 	1
1.37584 	0.000196693 	1.46366e-05 	1
1.42689 	0.000174011 	1.26319e-05 	1
1.47793 	0.000156408 	1.11558e-05 	1
1.52898 	0.000134945 	9.62084e-06 	1
1.58002 	0.000119666 	8.75001e-06 	1
1.63032 	0.000100899 	7.45384e-06 	1
1.68061 	9.86218e-05 	9.86218e-05 	0
1.7309 	8.43461e-05 	8.43461e-05 	0
1.7812 	7.42417e-05 	7.42417e-05 	0
1.83149 	6.88224e-05 	6.88224e-05 	0
1.88178 	6.21787e-05 	6.21787e-05 	0
1.93208 	4.81476e-05 	4.81476e-05 	0
1.98237 	6.20862e-05 	6.20862e-05 	0
2.03267 	4.83848e-05 	4.83848e-05 	0
2.08296 	4.40879e-05 	4.40879e-05 	0
2.13325 	3.91527e-05 	3.91527e-05 	0
2.18355 	3.42345e-05 	3.42345e-05 	0
2.23384 	3.09399e-05 	3.09399e-05 	0
2.28413 	2.8362e-05 	2.8362e-05 	0
2.33443 	2.714e-05 	2.714e-05 	0
2.38472 	2.70158e-05 	2.70158e-05 	0
2.43502 	8.33534e-05 	8.33534e-05 	0
2.48531 	3.72812e-05 	3.72812e-05 	0
2.5356 	3.49164e-05 	3.49164e-05 	0
2.5859 	9.69808e-05 	9.69808e-05 	0
2.63619 	2.73337e-05 	2.73337e-05 	0
2.68649 	2.95778e-05 	2.95778e-05 	0
2.73678 	3.14992e-05 	3.14992e-05 	0
2.78707 	3.1351e-05 	3.1351e-05 	0
2.83737 	6.09598e-05 	6.09598e-05 	0
2.88766 	4.32374e-05 	4.32374e-05 	0
2.93795 	3.44698e-05 	3.44698e-05 	0
2.98825 	4.65959e-05 	4.65959e-05 	0
3.03854 	3.66132e-05 	3.66132e-05 	0
3.08884 	3.80905e-05 	3.80905e-05 	0
3.13913 	7.80397e-05 	7.80397e-05 	0
3.18942 	3.54152e-05 	3.54152e-05 	0
3.23972 	3.25547e-05 	3.25547e-05 	0
3.29001 	2.95847e-05 	2.95847e-05 	0
3.3403 	9.62586e-05 	9.62586e-05 	0
3.3906 	9.80884e-05 	9.80884e-05 	0
3.44089 	5.68244e-05 	5.68244e-05 	0
3.49119 	9.15899e-05 	9.15899e-05 	0
3.54148 	8.23102e-05 	8.23102e-05 	0
3.59177 	3.9693e-05 	3.9693e-05 	0
3.64207 	9.34427e-05 	9.34427e-05 	0
3.69236 	4.30786e-05 	4.30786e-05 	0
3.74266 	9.92818e-05 	9.92818e-05 	0
3.79295 	5.21636e-05 	5.21636e-05 	0
3.84324 	8.00625e-05 	8.00625e-05 	0
3.89354 	9.31661e-05 	9.31661e-05 	0
3.94383 	7.37469e-05 	7.37469e-05 	0
3.99412 	7.19307e-05 	7.19307e-05 	0
4.04442 	7.2781e-05 	7.2781e-05 	0
4.09471 	7.40103e-05 	7.40103e-05 	0
4.14501 	7.52332e-05 	7.52332e-05 	0
4.1953 	7.63486e-05 	7.63486e-05 	0
4.24559 	7.73303e-05 	7.73303e-05 	0
4.29589 	7.81849e-05 	7.81849e-05 	0
4.34618 	7.89348e-05 	7.89348e-05 	0
4.39647 	7.95932e-05 	7.95932e-05 	0
4.44677 	8.01687e-05 	8.01687e-05 	0
4.49706 	8.06429e-05 	8.06429e-05 	0
4.54736 	8.10457e-05 	8.10457e-05 	0
4.59765 	8.13846e-05 	8.13846e-05 	0
4.64794 	8.16609e-05 	8.16609e-05 	0
4.69824 	8.18777e-05 	8.18777e-05 	0
4.74853 	8.20106e-05 	8.20106e-05 	0
4.79882 	8.20956e-05 	8.20956e-05 	0
4.84912 	8.2133e-05 	8.2133e-05 	0
4.89941 	8.2123e-05 	8.2123e-05 	0
4.94971 	8.20701e-05 	8.20701e-05 	0
5.0 	8.19764e-05 	8.19764e-05 	0
5.05051 	8.26884e-05 	8.26884e-05 	0
5.10101 	8.23556e-05 	8.23556e-05 	0
5.15152 	8.23833e-05 	8.23833e-05 	0
5.20202 	8.24898e-05 	8.24898e-05 	0
5.25253 	8.25696e-05 	8.25696e-05 	0
5.30303 	8.26134e-05 	8.26134e-05 	0
5.35354 	8.26217e-05 	8.26217e-05 	0
5.40404 	8.25979e-05 	8.25979e-05 	0
5.45455 	8.25438e-05 	8.25438e-05 	0
5.50505 	8.24616e-05 	8.24616e-05 	0
5.55556 	8.23529e-05 	8.23529e-05 	0
5.60606 	8.22192e-05 	8.22192e-05 	0
5.65657 	8.20619e-05 	8.20619e-05 	0
5.70707 	8.1883e-05 	8.1883e-05 	0
5.75758 	8.16838e-05 	8.16838e-05 	0
5.80808 	8.14651e-05 	8.14651e-05 	0
5.85859 	8.12285e-05 	8.12285e-05 	0
5.90909 	8.09751e-05 	8.09751e-05 	0
5.9596 	8.07061e-05 	8.07061e-05 	0
6.0101 	8.04229e-05 	8.04229e-05 	0
6.06061 	8.0127e-05 	8.0127e-05 	0
6.11111 	7.98196e-05 	7.98196e-05 	0
6.16162 	7.95019e-05 	7.95019e-05 	0
6.21212 	7.91753e-05 	7.91753e-05 	0
6.26263 	7.88412e-05 	7.88412e-05 	0
6.31313 	7.85003e-05 	7.85003e-05 	0
6.36364 	7.81535e-05 	7.81535e-05 	0
6.41414 	7.78017e-05 	7.78017e-05 	0
6.46465 	7.74457e-05 	7.74457e-05 	0
6.51515 	7.70863e-05 	7.70863e-05 	0
6.56566 	7.6724e-05 	7.6724e-05 	0
6.61616 	7.63597e-05 	7.63597e-05 	0
6.66667 	7.59939e-05 	7.59939e-05 	0
6.71717 	7.5627e-05 	7.5627e-05 	0
6.76768 	7.52596e-05 	7.52596e-05 	0
6.81818 	7.48919e-05 	7.48919e-05 	0
6.86869 	7.45241e-05 	7.45241e-05 	0
6.91919 	7.41564e-05 	7.41564e-05 	0
6.9697 	7.3789e-05 	7.3789e-05 	0
7.0202 	7.34219e-05 	7.34219e-05 	0
7.07071 	7.30554e-05 	7.30554e-05 	0
7.12121 	7.26894e-05 	7.26894e-05 	0
7.17172 	7.23241e-05 	7.23241e-05 	0
7.22222 	7.19596e-05 	7.19596e-05 	0
7.27273 	7.15959e-05 	7.15959e-05 	0
7.32323 	7.12332e-05 	7.12332e-05 	0
7.37374 	7.08715e-05 	7.08715e-05 	0
7.42424 	7.0511e-05 	7.0511e-05 	0
7.47475 	7.01516e-05 	7.01516e-05 	0
7.52525 	6.97935e-05 	6.97935e-05 	0
7.57576 	6.94367e-05 	6.94367e-05 	0
7.62626 	6.90814e-05 	6.90814e-05 	0
7.67677 	6.87275e-05 	6.87275e-05 	0
7.72727 	6.83751e-05 	6.83751e-05 	0
7.77778 	6.80242e-05 	6.80242e-05 	0
7.82828 	6.76749e-05 	6.76749e-05 	0
7.87879 	6.73272e-05 	6.73272e-05 	0
7.92929 	6.69811e-05 	6.69811e-05 	0
7.9798 	6.66367e-05 	6.66367e-05 	0
8.0303 	6.6294e-05 	6.6294e-05 	0
8.08081 	6.59528e-05 	6.59528e-05 	0
8.13131 	6.56134e-05 	6.56134e-05 	0
8.18182 	6.52756e-05 	6.52756e-05 	0
8.23232 	6.49394e-05 	6.49394e-05 	0
8.28283 	6.46049e-05 	6.46049e-05 	0
8.33333 	6.42721e-05 	6.42721e-05 	0
8.38384 	6.39408e-05 	6.39408e-05 	0
8.43434 	6.36112e-05 	6.36112e-05 	0
8.48485 	6.32833e-05 	6.32833e-05 	0
8.53535 	6.29569e-05 	6.29569e-05 	0
8.58586 	6.26322e-05 	6.26322e-05 	0
8.63636 	6.23092e-05 	6.23092e-05 	0
8.68687 	6.19877e-05 	6.19877e-05 	0
8.73737 	6.16679e-05 	6.16679e-05 	0
8.78788 	6.13498e-05 	6.13498e-05 	0
8.83838 	6.10332e-05 	6.10332e-05 	0
8.88889 	6.07183e-05 	6.07183e-05 	0
8.93939 	6.0405e-05 	6.0405e-05 	0
8.9899 	6.00934e-05 	6.00934e-05 	0
9.0404 	5.97833e-05 	5.97833e-05 	0
9.09091 	5.94748e-05 	5.94748e-05 	0
9.14141 	5.9168e-05 	5.9168e-05 	0
9.19192 	5.88627e-05 	5.88627e-05 	0
9.24242 	5.8559e-05 	5.8559e-05 	0
9.29293 	5.82569e-05 	5.82569e-05 	0
9.34343 	5.79563e-05 	5.79563e-05 	0
9.39394 	5.76573e-05 	5.76573e-05 	0
9.44444 	7.93846e-05 	7.93846e-05 	0
9.49495 	9.27788e-05 	9.27788e-05 	0
9.54545 	9.60093e-05 	9.60093e-05 	0
9.59596 	5.00489e-05 	5.00489e-05 	0
9.64646 	7.27434e-05 	7.27434e-05 	0
9.69697 	6.16753e-05 	6.16753e-05 	0
9.74747 	5.94558e-05 	5.94558e-05 	0
9.79798 	5.92531e-05 	5.92531e-05 	0
9.84848 	5.92811e-05 	5.92811e-05 	0
9.89899 	5.95379e-05 	5.95379e-05 	0
9.94949 	5.97114e-05 	5.97114e-05 	0
10.0 	5.96274e-05 	5.96274e-05 	0
10.0505 	5.95886e-05 	5.95886e-05 	0
10.101 	5.96591e-05 	5.96591e-05 	0
10.1515 	5.96606e-05 	5.96606e-05 	0
10.202 	5.95482e-05 	5.95482e-05 	0
10.2525 	5.94218e-05 	5.94218e-05 	0
10.303 	5.92908e-05 	5.92908e-05 	0
10.3535 	5.91389e-05 	5.91389e-05 	0
10.404 	5.89658e-05 	5.89658e-05 	0
10.4545 	5.87763e-05 	5.87763e-05 	0
10.5051 	5.85766e-05 	5.85766e-05 	0
10.5556 	5.83695e-05 	5.83695e-05 	0
10.6061 	5.81581e-05 	5.81581e-05 	0
10.6566 	5.79465e-05 	5.79465e-05 	0
10.7071 	5.77342e-05 	5.77342e-05 	0
10.7576 	5.75229e-05 	5.75229e-05 	0
10.8081 	7.92326e-05 	7.92326e-05 	0
10.8586 	9.26919e-05 	9.26919e-05 	0
10.9091 	9.60167e-05 	9.60167e-05 	0
10.9596 	5.01014e-05 	5.01014e-05 	0
11.0101 	7.27948e-05 	7.27948e-05 	0
11.0606 	6.17545e-05 	6.17545e-05 	0
11.1111 	5.95404e-05 	5.95404e-05 	0
11.1616 	5.93415e-05 	5.93415e-05 	0
11.2121 	5.93852e-05 	5.93852e-05 	0
11.2626 	5.96509e-05 	5.96509e-05 	0
11.3131 	5.98353e-05 	5.98353e-05 	0
11.3636 	5.97633e-05 	5.97633e-05 	0
11.4141 	5.97374e-05 	5.97374e-05 	0
11.4646 	5.9816e-05 	5.9816e-05 	0
11.5152 	5.98211e-05 	5.98211e-05 	0
11.5657 	5.97103e-05 	5.97103e-05 	0
11.6162 	5.95893e-05 	5.95893e-05 	0
11.6667 	5.94602e-05 	5.94602e-05 	0
11.7172 	5.93085e-05 	5.93085e-05 	0
11.7677 	5.91348e-05 	5.91348e-05 	0
11.8182 	5.89444e-05 	5.89444e-05 	0
11.8687 	5.87439e-05 	5.87439e-05 	0
11.9192 	5.85367e-05 	5.85367e-05 	0
11.9697 	5.8326e-05 	5.8326e-05 	0
12.0202 	5.81158e-05 	5.81158e-05 	0
12.0707 	5.79065e-05 	5.79065e-05 	0
12.1212 	5.77004e-05 	5.77004e-05 	0
12.1717 	5.74946e-05 	5.74946e-05 	0
12.2222 	7.91869e-05 	7.91869e-05 	0
12.2727 	9.2628e-05 	9.2628e-05 	0
12.3232 	9.59526e-05 	9.59526e-05 	0
12.3737 	5.00717e-05 	5.00717e-05 	0
12.4242 	7.27862e-05 	7.27862e-05 	0
12.4747 	6.17785e-05 	6.17785e-05 	0
12.5253 	5.95883e-05 	5.95883e-05 	0
12.5758 	5.94031e-05 	5.94031e-05 	0
12.6263 	5.94652e-05 	5.94652e-05 	0
12.6768 	5.97434e-05 	5.97434e-05 	0
12.7273 	5.99381e-05 	5.99381e-05 	0
12.7778 	5.98727e-05 	5.98727e-05 	0
12.8283 	5.98531e-05 	5.98531e-05 	0
12.8788 	5.99354e-05 	5.99354e-05 	0
12.9293 	5.9943e-05 	5.9943e-05 	0
12.9798 	5.98333e-05 	5.98333e-05 	0
13.0303 	5.97137e-05 	5.97137e-05 	0
13.0808 	5.95851e-05 	5.95851e-05 	0
13.1313 	5.94332e-05 	5.94332e-05 	0
13.1818 	5.9259e-05 	5.9259e-05 	0
13.2323 	5.90677e-05 	5.90677e-05 	0
13.2828 	5.88661e-05 	5.88661e-05 	0
13.3333 	5.86576e-05 	5.86576e-05 	0
13.3838 	5.84455e-05 	5.84455e-05 	0
13.4343 	5.82339e-05 	5.82339e-05 	0
13.4848 	5.80233e-05 	5.80233e-05 	0
13.5354 	5.78156e-05 	5.78156e-05 	0
13.5859 	5.7608e-05 	5.7608e-05 	0
13.6364 	5.73981e-05 	5.73981e-05 	0
13.6869 	8.56613e-05 	8.56613e-05 	0
13.7374 	9.20273e-05 	9.20273e-05 	0
13.7879 	8.19837e-05 	8.19837e-05 	0
13.8384 	8.17808e-05 	8.17808e-05 	0
13.8889 	8.1439e-05 	8.1439e-05 	0
13.9394 	8.06689e-05 	8.06689e-05 	0
13.9899 	7.97743e-05 	7.97743e-05 	0
14.0404 	7.89223e-05 	7.89223e-05 	0
14.0909 	7.81459e-05 	7.81459e-05 	0
14.1414 	7.74525e-05 	7.74525e-05 	0
14.1919 	7.68338e-05 	7.68338e-05 	0
14.2424 	7.62756e-05 	7.62756e-05 	0
14.2929 	7.57648e-05 	7.57648e-05 	0
14.3434 	7.52915e-05 	7.52915e-05 	0
14.3939 	7.485e-05 	7.485e-05 	0
14.4444 	7.4408e-05 	7.4408e-05 	0
14.4949 	7.39667e-05 	7.39667e-05 	0
14.5455 	7.35585e-05 	7.35585e-05 	0
14.596 	7.31682e-05 	7.31682e-05 	0
14.6465 	7.27864e-05 	7.27864e-05 	0
14.697 	7.24078e-05 	7.24078e-05 	0
14.7475 	7.20315e-05 	7.20315e-05 	0
14.798 	7.1657e-05 	7.1657e-05 	0
14.8485 	7.12834e-05 	7.12834e-05 	0
14.899 	7.09101e-05 	7.09101e-05 	0
14.9495 	7.05382e-05 	7.05382e-05 	0
15.0 	7.01679e-05 	7.01679e-05 	0
15.0505 	6.97991e-05 	6.97991e-05 	0
15.101 	6.94336e-05 	6.94336e-05 	0
15.1515 	6.90707e-05 	6.90707e-05 	0
15.202 	6.8709e-05 	6.8709e-05 	0
15.2525 	6.83483e-05 	6.83483e-05 	0
15.303 	6.79889e-05 	6.79889e-05 	0
15.3535 	6.76309e-05 	6.76309e-05 	0
15.404 	6.72749e-05 	6.72749e-05 	0
15.4545 	6.6921e-05 	6.6921e-05 	0
15.5051 	6.65698e-05 	6.65698e-05 	0
15.5556 	6.62213e-05 	6.62213e-05 	0
15.6061 	6.58762e-05 	6.58762e-05 	0
15.6566 	6.55347e-05 	6.55347e-05 	0
15.7071 	6.5196e-05 	6.5196e-05 	0
15.7576 	6.48594e-05 	6.48594e-05 	0
15.8081 	6.45248e-05 	6.45248e-05 	0
15.8586 	6.41919e-05 	6.41919e-05 	0
15.9091 	6.38605e-05 	6.38605e-05 	0
15.9596 	6.35303e-05 	6.35303e-05 	0
16.0101 	6.32014e-05 	6.32014e-05 	0
16.0606 	6.28738e-05 	6.28738e-05 	0
16.1111 	6.25473e-05 	6.25473e-05 	0
16.1616 	6.22221e-05 	6.22221e-05 	0
16.2121 	6.18983e-05 	6.18983e-05 	0
16.2626 	6.15759e-05 	6.15759e-05 	0
16.3131 	6.12552e-05 	6.12552e-05 	0
16.3636 	6.09362e-05 	6.09362e-05 	0
16.4141 	6.06187e-05 	6.06187e-05 	0
16.4646 	6.03028e-05 	6.03028e-05 	0
16.5152 	5.99885e-05 	5.99885e-05 	0
16.5657 	5.96758e-05 	5.96758e-05 	0
16.6162 	5.93648e-05 	5.93648e-05 	0
16.6667 	5.90556e-05 	5.90556e-05 	0
16.7172 	5.87484e-05 	5.87484e-05 	0
16.7677 	5.84431e-05 	5.84431e-05 	0
16.8182 	5.81396e-05 	5.81396e-05 	0
16.8687 	5.78378e-05 	5.78378e-05 	0
16.9192 	5.75378e-05 	5.75378e-05 	0
16.9697 	8.58829e-05 	8.58829e-05 	0
17.0202 	9.21891e-05 	9.21891e-05 	0
17.0707 	8.20347e-05 	8.20347e-05 	0
17.1212 	8.17543e-05 	8.17543e-05 	0
17.1717 	8.1333e-05 	8.1333e-05 	0
17.2222 	8.04977e-05 	8.04977e-05 	0
17.2727 	7.95482e-05 	7.95482e-05 	0
17.3232 	7.86501e-05 	7.86501e-05 	0
17.3737 	7.78369e-05 	7.78369e-05 	0
17.4242 	7.71144e-05 	7.71144e-05 	0
17.4747 	7.64731e-05 	7.64731e-05 	0
17.5253 	7.58979e-05 	7.58979e-05 	0
17.5758 	7.53749e-05 	7.53749e-05 	0
17.6263 	7.48934e-05 	7.48934e-05 	0
17.6768 	7.44178e-05 	7.44178e-05 	0
17.7273 	7.39473e-05 	7.39473e-05 	0
17.7778 	7.35161e-05 	7.35161e-05 	0
17.8283 	7.31071e-05 	7.31071e-05 	0
17.8788 	7.27096e-05 	7.27096e-05 	0
17.9293 	7.23192e-05 	7.23192e-05 	0
17.9798 	7.19332e-05 	7.19332e-05 	0
18.0303 	7.15503e-05 	7.15503e-05 	0
18.0808 	7.11703e-05 	7.11703e-05 	0
18.1313 	7.0792e-05 	7.0792e-05 	0
18.1818 	7.04164e-05 	7.04164e-05 	0
18.2323 	7.00432e-05 	7.00432e-05 	0
18.2828 	6.96721e-05 	6.96721e-05 	0
18.3333 	6.93039e-05 	6.93039e-05 	0
18.3838 	6.89396e-05 	6.89396e-05 	0
18.4343 	6.85772e-05 	6.85772e-05 	0
18.4848 	6.82163e-05 	6.82163e-05 	0
18.5354 	6.78569e-05 	6.78569e-05 	0
18.5859 	6.74991e-05 	6.74991e-05 	0
18.6364 	6.71432e-05 	6.71432e-05 	0
18.6869 	6.67896e-05 	6.67896e-05 	0
18.7374 	6.64385e-05 	6.64385e-05 	0
18.7879 	6.60902e-05 	6.60902e-05 	0
18.8384 	6.57449e-05 	6.57449e-05 	0
18.8889 	6.54032e-05 	6.54032e-05 	0
18.9394 	6.50645e-05 	6.50645e-05 	0
18.9899 	6.47281e-05 	6.47281e-05 	0
19.0404 	6.43938e-05 	6.43938e-05 	0
19.0909 	6.40613e-05 	6.40613e-05 	0
19.1414 	6.37304e-05 	6.37304e-05 	0
19.1919 	6.34009e-05 	6.34009e-05 	0
19.2424 	6.30727e-05 	6.30727e-05 	0
19.2929 	6.27457e-05 	6.27457e-05 	0
19.3434 	6.242e-05 	6.242e-05 	0
19.3939 	6.20956e-05 	6.20956e-05 	0
19.4444 	6.17726e-05 	6.17726e-05 	0
19.4949 	6.1451e-05 	6.1451e-05 	0
19.5455 	6.11309e-05 	6.11309e-05 	0
19.596 	6.08125e-05 	6.08125e-05 	0
19.6465 	6.04958e-05 	6.04958e-05 	0
19.697 	6.01806e-05 	6.01806e-05 	0
19.7475 	5.9867e-05 	5.9867e-05 	0
19.798 	5.9555e-05 	5.9555e-05 	0
19.8485 	5.92447e-05 	5.92447e-05 	0
19.899 	5.89361e-05 	5.89361e-05 	0
19.9495 	5.86294e-05 	5.86294e-05 	0
20.0 	5.83246e-05 	5.83246e-05 	0
20.0505 	5.80217e-05 	5.80217e-05 	0
20.101 	5.77205e-05 	5.77205e-05 	0
20.1515 	7.94742e-05 	7.94742e-05 	0
20.202 	9.28839e-05 	9.28839e-05 	0
20.2525 	9.61153e-05 	9.61153e-05 	0
20.303 	5.01077e-05 	5.01077e-05 	0
20.3535 	7.27949e-05 	7.27949e-05 	0
20.404 	6.16902e-05 	6.16902e-05 	0
20.4545 	5.94416e-05 	5.94416e-05 	0
20.5051 	5.9218e-05 	5.9218e-05 	0
20.5556 	5.92291e-05 	5.92291e-05 	0
20.6061 	5.94732e-05 	5.94732e-05 	0
20.6566 	5.96375e-05 	5.96375e-05 	0
20.7071 	5.95464e-05 	5.95464e-05 	0
20.7576 	5.95025e-05 	5.95025e-05 	0
20.8081 	5.95698e-05 	5.95698e-05 	0
20.8586 	5.95683e-05 	5.95683e-05 	0
20.9091 	5.94538e-05 	5.94538e-05 	0
20.9596 	5.93262e-05 	5.93262e-05 	0
21.0101 	5.91946e-05 	5.91946e-05 	0
21.0606 	5.90425e-05 	5.90425e-05 	0
21.1111 	5.88696e-05 	5.88696e-05 	0
21.1616 	5.86806e-05 	5.86806e-05 	0
21.2121 	5.84817e-05 	5.84817e-05 	0
21.2626 	5.82757e-05 	5.82757e-05 	0
21.3131 	5.80657e-05 	5.80657e-05 	0
21.3636 	5.78557e-05 	5.78557e-05 	0
21.4141 	5.76452e-05 	5.76452e-05 	0
21.4646 	5.7436e-05 	5.7436e-05 	0
21.5152 	8.57246e-05 	8.57246e-05 	0
21.5657 	9.21182e-05 	9.21182e-05 	0
21.6162 	8.20813e-05 	8.20813e-05 	0
21.6667 	8.18812e-05 	8.18812e-05 	0
21.7172 	8.15433e-05 	8.15433e-05 	0
21.7677 	8.07789e-05 	8.07789e-05 	0
21.8182 	7.98908e-05 	7.98908e-05 	0
21.8687 	7.90449e-05 	7.90449e-05 	0
21.9192 	7.82766e-05 	7.82766e-05 	0
21.9697 	7.75889e-05 	7.75889e-05 	0
22.0202 	7.69765e-05 	7.69765e-05 	0
22.0707 	7.64246e-05 	7.64246e-05 	0
22.1212 	7.59199e-05 	7.59199e-05 	0
22.1717 	7.54522e-05 	7.54522e-05 	0
22.2222 	7.50166e-05 	7.50166e-05 	0
22.2727 	7.45769e-05 	7.45769e-05 	0
22.3232 	7.41374e-05 	7.41374e-05 	0
22.3737 	7.37305e-05 	7.37305e-05 	0
22.4242 	7.33412e-05 	7.33412e-05 	0
22.4747 	7.29601e-05 	7.29601e-05 	0
22.5253 	7.25835e-05 	7.25835e-05 	0
22.5758 	7.22092e-05 	7.22092e-05 	0
22.6263 	7.18363e-05 	7.18363e-05 	0
22.6768 	7.14642e-05 	7.14642e-05 	0
22.7273 	7.10938e-05 	7.10938e-05 	0
22.7778 	7.07247e-05 	7.07247e-05 	0
22.8283 	7.03567e-05 	7.03567e-05 	0
22.8788 	6.99903e-05 	6.99903e-05 	0
22.9293 	6.96265e-05 	6.96265e-05 	0
22.9798 	6.92657e-05 	6.92657e-05 	0
23.0303 	6.89063e-05 	6.89063e-05 	0
23.0808 	6.8548e-05 	6.8548e-05 	0
23.1313 	6.8191e-05 	6.8191e-05 	0
23.1818 	6.78355e-05 	6.78355e-05 	0
23.2323 	6.74818e-05 	6.74818e-05 	0
23.2828 	6.71302e-05 	6.71302e-05 	0
23.3333 	6.67809e-05 	6.67809e-05 	0
23.3838 	6.64344e-05 	6.64344e-05 	0
23.4343 	6.60908e-05 	6.60908e-05 	0
23.4848 	6.57506e-05 	6.57506e-05 	0
23.5354 	6.54131e-05 	6.54131e-05 	0
23.5859 	6.50777e-05 	6.50777e-05 	0
23.6364 	6.47442e-05 	6.47442e-05 	0
23.6869 	6.44124e-05 	6.44124e-05 	0
23.7374 	6.40821e-05 	6.40821e-05 	0
23.7879 	6.37532e-05 	6.37532e-05 	0
23.8384 	6.34256e-05 	6.34256e-05 	0
23.8889 	6.30992e-05 	6.30992e-05 	0
23.9394 	6.2774e-05 	6.2774e-05 	0
23.9899 	6.24502e-05 	6.24502e-05 	0
24.0404 	6.21277e-05 	6.21277e-05 	0
24.0909 	6.18066e-05 	6.18066e-05 	0
24.1414 	6.14871e-05 	6.14871e-05 	0
24.1919 	6.11692e-05 	6.11692e-05 	0
24.2424 	6.08529e-05 	6.08529e-05 	0
24.2929 	6.05382e-05 	6.05382e-05 	0
24.3434 	6.0225e-05 	6.0225e-05 	0
24.3939 	5.99135e-05 	5.99135e-05 	0
24.4444 	5.96036e-05 	5.96036e-05 	0
24.4949 	5.92954e-05 	5.92954e-05 	0
24.5455 	5.89892e-05 	5.89892e-05 	0
24.596 	5.86847e-05 	5.86847e-05 	0
24.6465 	5.83821e-05 	5.83821e-05 	0
24.697 	5.80811e-05 	5.80811e-05 	0
24.7475 	5.77818e-05 	5.77818e-05 	0
24.798 	5.74841e-05 	5.74841e-05 	0
24.8485 	8.5797e-05 	8.5797e-05 	0
24.899 	9.21136e-05 	9.21136e-05 	0
24.9495 	8.1977e-05 	8.1977e-05 	0
25.0 	8.16934e-05 	8.16934e-05 	0
25.0505 	8.1273e-05 	8.1273e-05 	0
25.101 	8.04422e-05 	8.04422e-05 	0
25.1515 	7.94982e-05 	7.94982e-05 	0
25.202 	7.86054e-05 	7.86054e-05 	0
25.2525 	7.77967e-05 	7.77967e-05 	0
25.303 	7.70785e-05 	7.70785e-05 	0
25.3535 	7.64412e-05 	7.64412e-05 	0
25.404 	7.587e-05 	7.587e-05 	0
25.4545 	7.53509e-05 	7.53509e-05 	0
25.5051 	7.48731e-05 	7.48731e-05 	0
25.5556 	7.44013e-05 	7.44013e-05 	0
25.6061 	7.39346e-05 	7.39346e-05 	0
25.6566 	7.3507e-05 	7.3507e-05 	0
25.7071 	7.31016e-05 	7.31016e-05 	0
25.7576 	7.27075e-05 	7.27075e-05 	0
25.8081 	7.23205e-05 	7.23205e-05 	0
25.8586 	7.19377e-05 	7.19377e-05 	0
25.9091 	7.1558e-05 	7.1558e-05 	0
25.9596 	7.11811e-05 	7.11811e-05 	0
26.0101 	7.08059e-05 	7.08059e-05 	0
26.0606 	7.04333e-05 	7.04333e-05 	0
26.1111 	7.0063e-05 	7.0063e-05 	0
26.1616 	6.96948e-05 	6.96948e-05 	0
26.2121 	6.93295e-05 	6.93295e-05 	0
26.2626 	6.89681e-05 	6.89681e-05 	0
26.3131 	6.86084e-05 	6.86084e-05 	0
26.3636 	6.82502e-05 	6.82502e-05 	0
26.4141 	6.78934e-05 	6.78934e-05 	0
26.4646 	6.75382e-05 	6.75382e-05 	0
26.5152 	6.7185e-05 	6.7185e-05 	0
26.5657 	6.68339e-05 	6.68339e-05 	0
26.6162 	6.64853e-05 	6.64853e-05 	0
26.6667 	6.61394e-05 	6.61394e-05 	0
26.7172 	6.57965e-05 	6.57965e-05 	0
26.7677 	6.54573e-05 	6.54573e-05 	0
26.8182 	6.51209e-05 	6.51209e-05 	0
26.8687 	6.47869e-05 	6.47869e-05 	0
26.9192 	6.44549e-05 	6.44549e-05 	0
26.9697 	6.41246e-05 	6.41246e-05 	0
27.0202 	6.37959e-05 	6.37959e-05 	0
27.0707 	6.34685e-05 	6.34685e-05 	0
27.1212 	6.31424e-05 	6.31424e-05 	0
27.1717 	6.28176e-05 	6.28176e-05 	0
27.2222 	6.24939e-05 	6.24939e-05 	0
27.2727 	6.21716e-05 	6.21716e-05 	0
27.3232 	6.18505e-05 	6.18505e-05 	0
27.3737 	6.15308e-05 	6.15308e-05 	0
27.4242 	6.12127e-05 	6.12127e-05 	0
27.4747 	6.08962e-05 	6.08962e-05 	0
27.5253 	6.05813e-05 	6.05813e-05 	0
27.5758 	6.02679e-05 	6.02679e-05 	0
27.6263 	5.99561e-05 	5.99561e-05 	0
27.6768 	5.96458e-05 	5.96458e-05 	0
27.7273 	5.93372e-05 	5.93372e-05 	0
27.7778 	5.90304e-05 	5.90304e-05 	0
27.8283 	5.87253e-05 	5.87253e-05 	0
27.8788 	5.84222e-05 	5.84222e-05 	0
27.9293 	5.81208e-05 	5.81208e-05 	0
27.9798 	5.78212e-05 	5.78212e-05 	0
28.0303 	5.75232e-05 	5.75232e-05 	0
28.0808 	8.58557e-05 	8.58557e-05 	0
28.1313 	9.21767e-05 	9.21767e-05 	0
28.1818 	8.20331e-05 	8.20331e-05 	0
28.2323 	8.17493e-05 	8.17493e-05 	0
28.2828 	8.13286e-05 	8.13286e-05 	0
28.3333 	8.04973e-05 	8.04973e-05 	0
28.3838 	7.95526e-05 	7.95526e-05 	0
28.4343 	7.86592e-05 	7.86592e-05 	0
28.4848 	7.78501e-05 	7.78501e-05 	0
28.5354 	7.71315e-05 	7.71315e-05 	0
28.5859 	7.64939e-05 	7.64939e-05 	0
28.6364 	7.59224e-05 	7.59224e-05 	0
28.6869 	7.5403e-05 	7.5403e-05 	0
28.7374 	7.4925e-05 	7.4925e-05 	0
28.7879 	7.44528e-05 	7.44528e-05 	0
28.8384 	7.39856e-05 	7.39856e-05 	0
28.8889 	7.35576e-05 	7.35576e-05 	0
28.9394 	7.31519e-05 	7.31519e-05 	0
28.9899 	7.27574e-05 	7.27574e-05 	0
29.0404 	7.23701e-05 	7.23701e-05 	0
29.0909 	7.1987e-05 	7.1987e-05 	0
29.1414 	7.1607e-05 	7.1607e-05 	0
29.1919 	7.12299e-05 	7.12299e-05 	0
29.2424 	7.08545e-05 	7.08545e-05 	0
29.2929 	7.04816e-05 	7.04816e-05 	0
29.3434 	7.01111e-05 	7.01111e-05 	0
29.3939 	6.97427e-05 	6.97427e-05 	0
29.4444 	6.93771e-05 	6.93771e-05 	0
29.4949 	6.90154e-05 	6.90154e-05 	0
29.5455 	6.86555e-05 	6.86555e-05 	0
29.596 	6.8297e-05 	6.8297e-05 	0
29.6465 	6.79401e-05 	6.79401e-05 	0
29.697 	6.75847e-05 	6.75847e-05 	0
29.7475 	6.72312e-05 	6.72312e-05 	0
29.798 	6.68799e-05 	6.68799e-05 	0
29.8485 	6.65311e-05 	6.65311e-05 	0
29.899 	6.61849e-05 	6.61849e-05 	0
29.9495 	6.58419e-05 	6.58419e-05 	0
30.0 	6.55024e-05 	6.55024e-05 	0
30.0505 	6.51658e-05 	6.51658e-05 	0
30.101 	6.48315e-05 	6.48315e-05 	0
30.1515 	6.44992e-05 	6.44992e-05 	0
30.202 	6.41687e-05 	6.41687e-05 	0
30.2525 	6.38397e-05 	6.38397e-05 	0
30.303 	6.35122e-05 	6.35122e-05 	0
30.3535 	6.31858e-05 	6.31858e-05 	0
30.404 	6.28608e-05 	6.28608e-05 	0
30.4545 	6.25369e-05 	6.25369e-05 	0
30.5051 	6.22143e-05 	6.22143e-05 	0
30.5556 	6.1893e-05 	6.1893e-05 	0
30.6061 	6.15731e-05 	6.15731e-05 	0
30.6566 	6.12548e-05 	6.12548e-05 	0
30.7071 	6.0938e-05 	6.0938e-05 	0
30.7576 	6.0623e-05 	6.0623e-05 	0
30.8081 	6.03094e-05 	6.03094e-05 	0
30.8586 	5.99973e-05 	5.99973e-05 	0
30.9091 	5.96869e-05 	5.96869e-05 	0
30.9596 	5.93781e-05 	5.93781e-05 	0
31.0101 	5.9071e-05 	5.9071e-05 	0
31.0606 	5.87658e-05 	5.87658e-05 	0
31.1111 	5.84624e-05 	5.84624e-05 	0
31.1616 	5.81608e-05 	5.81608e-05 	0
31.2121 	5.7861e-05 	5.7861e-05 	0
31.2626 	5.75628e-05 	5.75628e-05 	0
31.3131 	8.59148e-05 	8.59148e-05 	0
31.3636 	7.31103e-05 	7.31103e-05 	0
31.4141 	8.53545e-05 	8.53545e-05 	0
31.4646 	8.89875e-05 	8.89875e-05 	0
31.5152 	9.03134e-05 	9.03134e-05 	0
31.5657 	9.04263e-05 	9.04263e-05 	0
31.6162 	8.99279e-05 	8.99279e-05 	0
31.6667 	8.93285e-05 	8.93285e-05 	0
31.7172 	8.86141e-05 	8.86141e-05 	0
31.7677 	8.75511e-05 	8.75511e-05 	0
31.8182 	8.68584e-05 	8.68584e-05 	0
31.8687 	8.626e-05 	8.626e-05 	0
31.9192 	8.59009e-05 	8.59009e-05 	0
31.9697 	8.55053e-05 	8.55053e-05 	0
32.0202 	8.47415e-05 	8.47415e-05 	0
32.0707 	8.42755e-05 	8.42755e-05 	0
32.1212 	8.38838e-05 	8.38838e-05 	0
32.1717 	8.36839e-05 	8.36839e-05 	0
32.2222 	8.34138e-05 	8.34138e-05 	0
32.2727 	8.30511e-05 	8.30511e-05 	0
32.3232 	8.2415e-05 	8.2415e-05 	0
32.3737 	8.20185e-05 	8.20185e-05 	0
32.4242 	8.17318e-05 	8.17318e-05 	0
32.4747 	8.16162e-05 	8.16162e-05 	0
32.5253 	8.14156e-05 	8.14156e-05 	0
32.5758 	8.11003e-05 	8.11003e-05 	0
32.6263 	8.05193e-05 	8.05193e-05 	0
32.6768 	8.01654e-05 	8.01654e-05 	0
32.7273 	7.98985e-05 	7.98985e-05 	0
32.7778 	7.98041e-05 	7.98041e-05 	0
32.8283 	7.96171e-05 	7.96171e-05 	0
32.8788 	7.93183e-05 	7.93183e-05 	0
32.9293 	7.87654e-05 	7.87654e-05 	0
32.9798 	7.84314e-05 	7.84314e-05 	0
33.0303 	7.81808e-05 	7.81808e-05 	0
33.0808 	7.80979e-05 	7.80979e-05 	0
33.1313 	7.79248e-05 	7.79248e-05 	0
33.1818 	7.76382e-05 	7.76382e-05 	0
33.2323 	7.70963e-05 	7.70963e-05 	0
33.2828 	7.67672e-05 	7.67672e-05 	0
33.3333 	7.65214e-05 	7.65214e-05 	0
33.3838 	7.64425e-05 	7.64425e-05 	0
33.4343 	7.62734e-05 	7.62734e-05 	0
33.4848 	7.59929e-05 	7.59929e-05 	0
33.5354 	7.54653e-05 	7.54653e-05 	0
33.5859 	7.51464e-05 	7.51464e-05 	0
33.6364 	7.49064e-05 	7.49064e-05 	0
33.6869 	7.48298e-05 	7.48298e-05 	0
33.7374 	7.4665e-05 	7.4665e-05 	0
33.7879 	7.43912e-05 	7.43912e-05 	0
33.8384 	7.38731e-05 	7.38731e-05 	0
33.8889 	7.35599e-05 	7.35599e-05 	0
33.9394 	7.33245e-05 	7.33245e-05 	0
33.9899 	7.32499e-05 	7.32499e-05 	0
34.0404 	7.30887e-05 	7.30887e-05 	0
34.0909 	7.28203e-05 	7.28203e-05 	0
34.1414 	7.2314e-05 	7.2314e-05 	0
34.1919 	7.20083e-05 	7.20083e-05 	0
34.2424 	7.17779e-05 	7.17779e-05 	0
34.2929 	7.17048e-05 	7.17048e-05 	0
34.3434 	7.1547e-05 	7.1547e-05 	0
34.3939 	7.12845e-05 	7.12845e-05 	0
34.4444 	7.07884e-05 	7.07884e-05 	0
34.4949 	7.04889e-05 	7.04889e-05 	0
34.5455 	7.02633e-05 	7.02633e-05 	0
34.596 	7.0192e-05 	7.0192e-05 	0
34.6465 	7.00376e-05 	7.00376e-05 	0
34.697 	6.97806e-05 	6.97806e-05 	0
34.7475 	6.92953e-05 	6.92953e-05 	0
34.798 	6.90022e-05 	6.90022e-05 	0
34.8485 	6.87813e-05 	6.87813e-05 	0
34.899 	6.87115e-05 	6.87115e-05 	0
34.9495 	6.85603e-05 	6.85603e-05 	0
35.0 	6.83088e-05 	6.83088e-05 	0
35.0505 	6.78338e-05 	6.78338e-05 	0
35.101 	6.75468e-05 	6.75468e-05 	0
35.1515 	6.73306e-05 	6.73306e-05 	0
35.202 	6.72624e-05 	6.72624e-05 	0
35.2525 	6.71144e-05 	6.71144e-05 	0
35.303 	6.68682e-05 	6.68682e-05 	0
35.3535 	6.64033e-05 	6.64033e-05 	0
35.404 	6.61224e-05 	6.61224e-05 	0
35.4545 	6.59108e-05 	6.59108e-05 	0
35.5051 	6.5844e-05 	6.5844e-05 	0
35.5556 	6.56992e-05 	6.56992e-05 	0
35.6061 	6.54582e-05 	6.54582e-05 	0
35.6566 	6.5003e-05 	6.5003e-05 	0
35.7071 	6.47281e-05 	6.47281e-05 	0
35.7576 	6.4521e-05 	6.4521e-05 	0
35.8081 	6.44556e-05 	6.44556e-05 	0
35.8586 	6.43139e-05 	6.43139e-05 	0
35.9091 	6.4078e-05 	6.4078e-05 	0
35.9596 	6.36325e-05 	6.36325e-05 	0
36.0101 	6.33634e-05 	6.33634e-05 	0
36.0606 	6.31606e-05 	6.31606e-05 	0
36.1111 	6.30967e-05 	6.30967e-05 	0
36.1616 	6.2958e-05 	6.2958e-05 	0
36.2121 	6.27271e-05 	6.27271e-05 	0
36.2626 	6.2291e-05 	6.2291e-05 	0
36.3131 	6.20276e-05 	6.20276e-05 	0
36.3636 	6.18291e-05 	6.18291e-05 	0
36.4141 	6.17666e-05 	6.17666e-05 	0
36.4646 	6.16308e-05 	6.16308e-05 	0
36.5152 	6.14048e-05 	6.14048e-05 	0
36.5657 	6.09779e-05 	6.09779e-05 	0
36.6162 	6.07201e-05 	6.07201e-05 	0
36.6667 	6.05258e-05 	6.05258e-05 	0
36.7172 	6.04646e-05 	6.04646e-05 	0
36.7677 	6.03317e-05 	6.03317e-05 	0
36.8182 	6.01105e-05 	6.01105e-05 	0
36.8687 	5.96926e-05 	5.96926e-05 	0
36.9192 	5.94402e-05 	5.94402e-05 	0
36.9697 	5.92501e-05 	5.92501e-05 	0
37.0202 	5.91902e-05 	5.91902e-05 	0
37.0707 	5.90601e-05 	5.90601e-05 	0
37.1212 	5.88436e-05 	5.88436e-05 	0
37.1717 	5.84345e-05 	5.84345e-05 	0
37.2222 	5.81875e-05 	5.81875e-05 	0
37.2727 	5.80014e-05 	5.80014e-05 	0
37.3232 	8.66597e-05 	8.66597e-05 	0
37.3737 	7.38168e-05 	7.38168e-05 	0
37.4242 	8.61582e-05 	8.61582e-05 	0
37.4747 	8.98842e-05 	8.98842e-05 	0
37.5253 	9.15677e-05 	9.15677e-05 	0
37.5758 	9.18187e-05 	9.18187e-05 	0
37.6263 	9.13141e-05 	9.13141e-05 	0
37.6768 	9.05242e-05 	9.05242e-05 	0
37.7273 	8.97043e-05 	8.97043e-05 	0
37.7778 	8.89305e-05 	8.89305e-05 	0
37.8283 	8.8225e-05 	8.8225e-05 	0
37.8788 	8.75894e-05 	8.75894e-05 	0
37.9293 	8.701e-05 	8.701e-05 	0
37.9798 	8.64782e-05 	8.64782e-05 	0
38.0303 	8.5983e-05 	8.5983e-05 	0
38.0808 	8.55176e-05 	8.55176e-05 	0
38.1313 	8.5078e-05 	8.5078e-05 	0
38.1818 	8.46596e-05 	8.46596e-05 	0
38.2323 	8.42569e-05 	8.42569e-05 	0
38.2828 	8.38662e-05 	8.38662e-05 	0
38.3333 	8.34851e-05 	8.34851e-05 	0
38.3838 	8.31119e-05 	8.31119e-05 	0
38.4343 	8.27454e-05 	8.27454e-05 	0
38.4848 	8.23849e-05 	8.23849e-05 	0
38.5354 	8.20301e-05 	8.20301e-05 	0
38.5859 	8.16461e-05 	8.16461e-05 	0
38.6364 	8.12404e-05 	8.12404e-05 	0
38.6869 	8.08517e-05 	8.08517e-05 	0
38.7374 	8.04677e-05 	8.04677e-05 	0
38.7879 	8.00829e-05 	8.00829e-05 	0
38.8384 	7.96952e-05 	7.96952e-05 	0
38.8889 	7.93051e-05 	7.93051e-05 	0
38.9394 	7.89133e-05 	7.89133e-05 	0
38.9899 	7.85207e-05 	7.85207e-05 	0
39.0404 	7.81279e-05 	7.81279e-05 	0
39.0909 	7.77358e-05 	7.77358e-05 	0
39.1414 	7.73453e-05 	7.73453e-05 	0
39.1919 	7.69562e-05 	7.69562e-05 	0
39.2424 	7.65683e-05 	7.65683e-05 	0
39.2929 	7.61815e-05 	7.61815e-05 	0
39.3434 	7.57958e-05 	7.57958e-05 	0
39.3939 	7.54112e-05 	7.54112e-05 	0
39.4444 	7.50275e-05 	7.50275e-05 	0
39.4949 	7.46449e-05 	7.46449e-05 	0
39.5455 	7.42634e-05 	7.42634e-05 	0
39.596 	7.3883e-05 	7.3883e-05 	0
39.6465 	7.35038e-05 	7.35038e-05 	0
39.697 	7.31259e-05 	7.31259e-05 	0
39.7475 	7.27495e-05 	7.27495e-05 	0
39.798 	7.23746e-05 	7.23746e-05 	0
39.8485 	7.20014e-05 	7.20014e-05 	0
39.899 	7.16301e-05 	7.16301e-05 	0
39.9495 	7.12604e-05 	7.12604e-05 	0
40.0 	7.08926e-05 	7.08926e-05 	0
40.0505 	7.05265e-05 	7.05265e-05 	0
40.101 	7.01623e-05 	7.01623e-05 	0
40.1515 	6.98001e-05 	6.98001e-05 	0
40.202 	6.94399e-05 	6.94399e-05 	0
40.2525 	6.90818e-05 	6.90818e-05 	0
40.303 	6.87257e-05 	6.87257e-05 	0
40.3535 	6.83716e-05 	6.83716e-05 	0
40.404 	6.80195e-05 	6.80195e-05 	0
40.4545 	6.76692e-05 	6.76692e-05 	0
40.5051 	6.73208e-05 	6.73208e-05 	0
40.5556 	6.69741e-05 	6.69741e-05 	0
40.6061 	6.66291e-05 	6.66291e-05 	0
40.6566 	6.62859e-05 	6.62859e-05 	0
40.7071 	6.59443e-05 	6.59443e-05 	0
40.7576 	6.56044e-05 	6.56044e-05 	0
40.8081 	6.52661e-05 	6.52661e-05 	0
40.8586 	6.49295e-05 	6.49295e-05 	0
40.9091 	6.45945e-05 	6.45945e-05 	0
40.9596 	6.42611e-05 	6.42611e-05 	0
41.0101 	6.39294e-05 	6.39294e-05 	0
41.0606 	6.35994e-05 	6.35994e-05 	0
41.1111 	6.32711e-05 	6.32711e-05 	0
41.1616 	6.29445e-05 	6.29445e-05 	0
41.2121 	6.26196e-05 	6.26196e-05 	0
41.2626 	6.22964e-05 	6.22964e-05 	0
41.3131 	6.19748e-05 	6.19748e-05 	0
41.3636 	6.1655e-05 	6.1655e-05 	0
41.4141 	6.13369e-05 	6.13369e-05 	0
41.4646 	6.10204e-05 	6.10204e-05 	0
41.5152 	6.07056e-05 	6.07056e-05 	0
41.5657 	6.03925e-05 	6.03925e-05 	0
41.6162 	6.0081e-05 	6.0081e-05 	0
41.6667 	5.97711e-05 	5.97711e-05 	0
41.7172 	5.94629e-05 	5.94629e-05 	0
41.7677 	5.91562e-05 	5.91562e-05 	0
41.8182 	5.8851e-05 	5.8851e-05 	0
41.8687 	5.85474e-05 	5.85474e-05 	0
41.9192 	5.82454e-05 	5.82454e-05 	0
41.9697 	5.79449e-05 	5.79449e-05 	0
42.0202 	5.76459e-05 	5.76459e-05 	0
42.0707 	7.93686e-05 	7.93686e-05 	0
42.1212 	9.276e-05 	9.276e-05 	0
42.1717 	9.59897e-05 	9.59897e-05 	0
42.2222 	5.00386e-05 	5.00386e-05 	0
42.2727 	7.27285e-05 	7.27285e-05 	0
42.3232 	6.16626e-05 	6.16626e-05 	0
42.3737 	5.94437e-05 	5.94437e-05 	0
42.4242 	5.92411e-05 	5.92411e-05 	0
42.4747 	5.92691e-05 	5.92691e-05 	0
42.5253 	5.95259e-05 	5.95259e-05 	0
42.5758 	5.96993e-05 	5.96993e-05 	0
42.6263 	5.96152e-05 	5.96152e-05 	0
42.6768 	5.95764e-05 	5.95764e-05 	0
42.7273 	5.96468e-05 	5.96468e-05 	0
42.7778 	5.96483e-05 	5.96483e-05 	0
42.8283 	5.9536e-05 	5.9536e-05 	0
42.8788 	5.94096e-05 	5.94096e-05 	0
42.9293 	5.92786e-05 	5.92786e-05 	0
42.9798 	5.91267e-05 	5.91267e-05 	0
43.0303 	5.89538e-05 	5.89538e-05 	0
43.0808 	5.87643e-05 	5.87643e-05 	0
43.1313 	5.85646e-05 	5.85646e-05 	0
43.1818 	5.83576e-05 	5.83576e-05 	0
43.2323 	5.81463e-05 	5.81463e-05 	0
43.2828 	5.79347e-05 	5.79347e-05 	0
43.3333 	5.77225e-05 	5.77225e-05 	0
43.3838 	5.75112e-05 	5.75112e-05 	0
43.4343 	7.92164e-05 	7.92164e-05 	0
43.4848 	9.26729e-05 	9.26729e-05 	0
43.5354 	9.5997e-05 	9.5997e-05 	0
43.5859 	5.00911e-05 	5.00911e-05 	0
43.6364 	7.27799e-05 	7.27799e-05 	0
43.6869 	6.17418e-05 	6.17418e-05 	0
43.7374 	5.95282e-05 	5.95282e-05 	0
43.7879 	5.93294e-05 	5.93294e-05 	0
43.8384 	5.9373e-05 	5.9373e-05 	0
43.8889 	5.96387e-05 	5.96387e-05 	0
43.9394 	5.9823e-05 	5.9823e-05 	0
43.9899 	5.9751e-05 	5.9751e-05 	0
44.0404 	5.97251e-05 	5.97251e-05 	0
44.0909 	5.98037e-05 	5.98037e-05 	0
44.1414 	5.98088e-05 	5.98088e-05 	0
44.1919 	5.9698e-05 	5.9698e-05 	0
44.2424 	5.9577e-05 	5.9577e-05 	0
44.2929 	5.9448e-05 	5.9448e-05 	0
44.3434 	5.92963e-05 	5.92963e-05 	0
44.3939 	5.91227e-05 	5.91227e-05 	0
44.4444 	5.89323e-05 	5.89323e-05 	0
44.4949 	5.87319e-05 	5.87319e-05 	0
44.5455 	5.85247e-05 	5.85247e-05 	0
44.596 	5.8314e-05 	5.8314e-05 	0
44.6465 	5.81039e-05 	5.81039e-05 	0
44.697 	5.78946e-05 	5.78946e-05 	0
44.7475 	5.76885e-05 	5.76885e-05 	0
44.798 	5.74827e-05 	5.74827e-05 	0
44.8485 	7.91707e-05 	7.91707e-05 	0
44.899 	9.26089e-05 	9.26089e-05 	0
44.9495 	9.59329e-05 	9.59329e-05 	0
45.0 	5.00614e-05 	5.00614e-05 	0
45.0505 	7.27712e-05 	7.27712e-05 	0
45.101 	6.17658e-05 	6.17658e-05 	0
45.1515 	5.95761e-05 	5.95761e-05 	0
45.202 	5.93908e-05 	5.93908e-05 	0
45.2525 	5.9453e-05 	5.9453e-05 	0
45.303 	5.97311e-05 	5.97311e-05 	0
45.3535 	5.99258e-05 	5.99258e-05 	0
45.404 	5.98604e-05 	5.98604e-05 	0
45.4545 	5.98408e-05 	5.98408e-05 	0
45.5051 	5.99231e-05 	5.99231e-05 	0
45.5556 	5.99307e-05 	5.99307e-05 	0
45.6061 	5.9821e-05 	5.9821e-05 	0
45.6566 	5.97015e-05 	5.97015e-05 	0
45.7071 	5.95728e-05 	5.95728e-05 	0
45.7576 	5.9421e-05 	5.9421e-05 	0
45.8081 	5.92469e-05 	5.92469e-05 	0
45.8586 	5.90556e-05 	5.90556e-05 	0
45.9091 	5.8854e-05 	5.8854e-05 	0
45.9596 	5.86456e-05 	5.86456e-05 	0
46.0101 	5.84335e-05 	5.84335e-05 	0
46.0606 	5.8222e-05 	5.8222e-05 	0
46.1111 	5.80113e-05 	5.80113e-05 	0
46.1616 	5.78037e-05 	5.78037e-05 	0
46.2121 	5.75962e-05 	5.75962e-05 	0
46.2626 	5.73863e-05 	5.73863e-05 	0
46.3131 	8.56438e-05 	8.56438e-05 	0
46.3636 	9.20084e-05 	9.20084e-05 	0
46.4141 	8.19668e-05 	8.19668e-05 	0
46.4646 	8.1764e-05 	8.1764e-05 	0
46.5152 	8.14222e-05 	8.14222e-05 	0
46.5657 	8.06523e-05 	8.06523e-05 	0
46.6162 	7.97579e-05 	7.97579e-05 	0
46.6667 	7.89061e-05 	7.89061e-05 	0
46.7172 	7.81299e-05 	7.81299e-05 	0
46.7677 	7.74366e-05 	7.74366e-05 	0
46.8182 	7.6818e-05 	7.6818e-05 	0
46.8687 	7.62599e-05 	7.62599e-05 	0
46.9192 	7.57493e-05 	7.57493e-05 	0
46.9697 	7.5276e-05 	7.5276e-05 	0
47.0202 	7.48346e-05 	7.48346e-05 	0
47.0707 	7.43927e-05 	7.43927e-05 	0
47.1212 	7.39516e-05 	7.39516e-05 	0
47.1717 	7.35434e-05 	7.35434e-05 	0
47.2222 	7.31532e-05 	7.31532e-05 	0
47.2727 	7.27715e-05 	7.27715e-05 	0
47.3232 	7.23929e-05 	7.23929e-05 	0
47.3737 	7.20168e-05 	7.20168e-05 	0
47.4242 	7.16423e-05 	7.16423e-05 	0
47.4747 	7.12688e-05 	7.12688e-05 	0
47.5253 	7.08955e-05 	7.08955e-05 	0
47.5758 	7.05238e-05 	7.05238e-05 	0
47.6263 	7.01535e-05 	7.01535e-05 	0
47.6768 	6.97848e-05 	6.97848e-05 	0
47.7273 	6.94194e-05 	6.94194e-05 	0
47.7778 	6.90566e-05 	6.90566e-05 	0
47.8283 	6.86949e-05 	6.86949e-05 	0
47.8788 	6.83343e-05 	6.83343e-05 	0
47.9293 	6.79749e-05 	6.79749e-05 	0
47.9798 	6.76171e-05 	6.76171e-05 	0
48.0303 	6.72611e-05 	6.72611e-05 	0
48.0808 	6.69073e-05 	6.69073e-05 	0
48.1313 	6.65561e-05 	6.65561e-05 	0
48.1818 	6.62077e-05 	6.62077e-05 	0
48.2323 	6.58627e-05 	6.58627e-05 	0
48.2828 	6.55213e-05 	6.55213e-05 	0
48.3333 	6.51826e-05 	6.51826e-05 	0
48.3838 	6.48461e-05 	6.48461e-05 	0
48.4343 	6.45116e-05 	6.45116e-05 	0
48.4848 	6.41788e-05 	6.41788e-05 	0
48.5354 	6.38474e-05 	6.38474e-05 	0
48.5859 	6.35173e-05 	6.35173e-05 	0
48.6364 	6.31885e-05 	6.31885e-05 	0
48.6869 	6.28609e-05 	6.28609e-05 	0
48.7374 	6.25345e-05 	6.25345e-05 	0
48.7879 	6.22094e-05 	6.22094e-05 	0
48.8384 	6.18856e-05 	6.18856e-05 	0
48.8889 	6.15633e-05 	6.15633e-05 	0
48.9394 	6.12426e-05 	6.12426e-05 	0
48.9899 	6.09237e-05 	6.09237e-05 	0
49.0404 	6.06063e-05 	6.06063e-05 	0
49.0909 	6.02905e-05 	6.02905e-05 	0
49.1414 	5.99762e-05 	5.99762e-05 	0
49.1919 	5.96635e-05 	5.96635e-05 	0
49.2424 	5.93526e-05 	5.93526e-05 	0
49.2929 	5.90435e-05 	5.90435e-05 	0
49.3434 	5.87363e-05 	5.87363e-05 	0
49.3939 	5.84311e-05 	5.84311e-05 	0
49.4444 	5.81276e-05 	5.81276e-05 	0
49.4949 	5.7826e-05 	5.7826e-05 	0
49.5455 	5.7526e-05 	5.7526e-05 	0
49.596 	8.58652e-05 	8.58652e-05 	0
49.6465 	9.21703e-05 	9.21703e-05 	0
49.697 	8.20179e-05 	8.20179e-05 	0
49.7475 	8.17376e-05 	8.17376e-05 	0
49.798 	8.13163e-05 	8.13163e-05 	0
49.8485 	8.04812e-05 	8.04812e-05 	0
49.899 	7.95319e-05 	7.95319e-05 	0
49.9495 	7.8634e-05 	7.8634e-05 	0
50.0 	7.78209e-05 	7.78209e-05 	0
50.0505 	7.70986e-05 	7.70986e-05 	0
50.101 	7.64574e-05 	7.64574e-05 	0
50.1515 	7.58824e-05 	7.58824e-05 	0
50.202 	7.53595e-05 	7.53595e-05 	0
50.2525 	7.4878e-05 	7.4878e-05 	0
50.303 	7.44026e-05 	7.44026e-05 	0
50.3535 	7.39322e-05 	7.39322e-05 	0
50.404 	7.35011e-05 	7.35011e-05 	0
50.4545 	7.30922e-05 	7.30922e-05 	0
50.5051 	7.26947e-05 	7.26947e-05 	0
50.5556 	7.23044e-05 	7.23044e-05 	0
50.6061 	7.19184e-05 	7.19184e-05 	0
50.6566 	7.15356e-05 	7.15356e-05 	0
50.7071 	7.11557e-05 	7.11557e-05 	0
50.7576 	7.07775e-05 	7.07775e-05 	0
50.8081 	7.0402e-05 	7.0402e-05 	0
50.8586 	7.00289e-05 	7.00289e-05 	0
50.9091 	6.96578e-05 	6.96578e-05 	0
50.9596 	6.92897e-05 	6.92897e-05 	0
51.0101 	6.89255e-05 	6.89255e-05 	0
51.0606 	6.85632e-05 	6.85632e-05 	0
51.1111 	6.82023e-05 	6.82023e-05 	0
51.1616 	6.7843e-05 	6.7843e-05 	0
51.2121 	6.74853e-05 	6.74853e-05 	0
51.2626 	6.71295e-05 	6.71295e-05 	0
51.3131 	6.6776e-05 	6.6776e-05 	0
51.3636 	6.64249e-05 	6.64249e-05 	0
51.4141 	6.60766e-05 	6.60766e-05 	0
51.4646 	6.57314e-05 	6.57314e-05 	0
51.5152 	6.53898e-05 	6.53898e-05 	0
51.5657 	6.50512e-05 	6.50512e-05 	0
51.6162 	6.47149e-05 	6.47149e-05 	0
51.6667 	6.43807e-05 	6.43807e-05 	0
51.7172 	6.40482e-05 	6.40482e-05 	0
51.7677 	6.37174e-05 	6.37174e-05 	0
51.8182 	6.33879e-05 	6.33879e-05 	0
51.8687 	6.30598e-05 	6.30598e-05 	0
51.9192 	6.27329e-05 	6.27329e-05 	0
51.9697 	6.24073e-05 	6.24073e-05 	0
52.0202 	6.20829e-05 	6.20829e-05 	0
52.0707 	6.17599e-05 	6.17599e-05 	0
52.1212 	6.14384e-05 	6.14384e-05 	0
52.1717 	6.11184e-05 	6.11184e-05 	0
52.2222 	6.08001e-05 	6.08001e-05 	0
52.2727 	6.04834e-05 	6.04834e-05 	0
52.3232 	6.01683e-05 	6.01683e-05 	0
52.3737 	5.98548e-05 	5.98548e-05 	0
52.4242 	5.95428e-05 	5.95428e-05 	0
52.4747 	5.92325e-05 	5.92325e-05 	0
52.5253 	5.89241e-05 	5.89241e-05 	0
52.5758 	5.86174e-05 	5.86174e-05 	0
52.6263 	5.83127e-05 	5.83127e-05 	0
52.6768 	5.80098e-05 	5.80098e-05 	0
52.7273 	5.77086e-05 	5.77086e-05 	0
52.7778 	7.9458e-05 	7.9458e-05 	0
52.8283 	9.28649e-05 	9.28649e-05 	0
52.8788 	9.60957e-05 	9.60957e-05 	0
52.9293 	5.00974e-05 	5.00974e-05 	0
52.9798 	7.278e-05 	7.278e-05 	0
53.0303 	6.16776e-05 	6.16776e-05 	0
53.0808 	5.94294e-05 	5.94294e-05 	0
53.1313 	5.92059e-05 	5.92059e-05 	0
53.1818 	5.9217e-05 	5.9217e-05 	0
53.2323 	5.94611e-05 	5.94611e-05 	0
53.2828 	5.96253e-05 	5.96253e-05 	0
53.3333 	5.95342e-05 	5.95342e-05 	0
53.3838 	5.94903e-05 	5.94903e-05 	0
53.4343 	5.95577e-05 	5.95577e-05 	0
53.4848 	5.95561e-05 	5.95561e-05 	0
53.5354 	5.94416e-05 	5.94416e-05 	0
53.5859 	5.93141e-05 	5.93141e-05 	0
53.6364 	5.91825e-05 	5.91825e-05 	0
53.6869 	5.90304e-05 	5.90304e-05 	0
53.7374 	5.88576e-05 	5.88576e-05 	0
53.7879 	5.86686e-05 	5.86686e-05 	0
53.8384 	5.84697e-05 	5.84697e-05 	0
53.8889 	5.82638e-05 	5.82638e-05 	0
53.9394 	5.80539e-05 	5.80539e-05 	0
53.9899 	5.78439e-05 	5.78439e-05 	0
54.0404 	5.76335e-05 	5.76335e-05 	0
54.0909 	5.74242e-05 	5.74242e-05 	0
54.1414 	8.57071e-05 	8.57071e-05 	0
54.1919 	9.20993e-05 	9.20993e-05 	0
54.2424 	8.20645e-05 	8.20645e-05 	0
54.2929 	8.18645e-05 	8.18645e-05 	0
54.3434 	8.15266e-05 	8.15266e-05 	0
54.3939 	8.07624e-05 	8.07624e-05 	0
54.4444 	7.98744e-05 	7.98744e-05 	0
54.4949 	7.90288e-05 	7.90288e-05 	0
54.5455 	7.82606e-05 	7.82606e-05 	0
54.596 	7.75731e-05 	7.75731e-05 	0
54.6465 	7.69607e-05 	7.69607e-05 	0
54.697 	7.6409e-05 	7.6409e-05 	0
54.7475 	7.59044e-05 	7.59044e-05 	0
54.798 	7.54368e-05 	7.54368e-05 	0
54.8485 	7.50013e-05 	7.50013e-05 	0
54.899 	7.45617e-05 	7.45617e-05 	0
54.9495 	7.41223e-05 	7.41223e-05 	0
55.0 	7.37154e-05 	7.37154e-05 	0
55.0505 	7.33262e-05 	7.33262e-05 	0
55.101 	7.29452e-05 	7.29452e-05 	0
55.1515 	7.25687e-05 	7.25687e-05 	0
55.202 	7.21944e-05 	7.21944e-05 	0
55.2525 	7.18216e-05 	7.18216e-05 	0
55.303 	7.14496e-05 	7.14496e-05 	0
55.3535 	7.10793e-05 	7.10793e-05 	0
55.404 	7.07103e-05 	7.07103e-05 	0
55.4545 	7.03423e-05 	7.03423e-05 	0
55.5051 	6.9976e-05 	6.9976e-05 	0
55.5556 	6.96123e-05 	6.96123e-05 	0
55.6061 	6.92516e-05 	6.92516e-05 	0
55.6566 	6.88922e-05 	6.88922e-05 	0
55.7071 	6.8534e-05 	6.8534e-05 	0
55.7576 	6.81771e-05 	6.81771e-05 	0
55.8081 	6.78217e-05 	6.78217e-05 	0
55.8586 	6.7468e-05 	6.7468e-05 	0
55.9091 	6.71165e-05 	6.71165e-05 	0
55.9596 	6.67673e-05 	6.67673e-05 	0
56.0101 	6.64208e-05 	6.64208e-05 	0
56.0606 	6.60773e-05 	6.60773e-05 	0
56.1111 	6.57372e-05 	6.57372e-05 	0
56.1616 	6.53997e-05 	6.53997e-05 	0
56.2121 	6.50644e-05 	6.50644e-05 	0
56.2626 	6.4731e-05 	6.4731e-05 	0
56.3131 	6.43993e-05 	6.43993e-05 	0
56.3636 	6.4069e-05 	6.4069e-05 	0
56.4141 	6.37402e-05 	6.37402e-05 	0
56.4646 	6.34126e-05 	6.34126e-05 	0
56.5152 	6.30863e-05 	6.30863e-05 	0
56.5657 	6.27612e-05 	6.27612e-05 	0
56.6162 	6.24374e-05 	6.24374e-05 	0
56.6667 	6.2115e-05 	6.2115e-05 	0
56.7172 	6.1794e-05 	6.1794e-05 	0
56.7677 	6.14745e-05 	6.14745e-05 	0
56.8182 	6.11567e-05 	6.11567e-05 	0
56.8687 	6.08405e-05 	6.08405e-05 	0
56.9192 	6.05258e-05 	6.05258e-05 	0
56.9697 	6.02127e-05 	6.02127e-05 	0
57.0202 	5.99012e-05 	5.99012e-05 	0
57.0707 	5.95914e-05 	5.95914e-05 	0
57.1212 	5.92833e-05 	5.92833e-05 	0
57.1717 	5.89771e-05 	5.89771e-05 	0
57.2222 	5.86727e-05 	5.86727e-05 	0
57.2727 	5.83701e-05 	5.83701e-05 	0
57.3232 	5.80692e-05 	5.80692e-05 	0
57.3737 	5.777e-05 	5.777e-05 	0
57.4242 	5.74723e-05 	5.74723e-05 	0
57.4747 	8.57794e-05 	8.57794e-05 	0
57.5253 	9.20948e-05 	9.20948e-05 	0
57.5758 	8.19602e-05 	8.19602e-05 	0
57.6263 	8.16767e-05 	8.16767e-05 	0
57.6768 	8.12563e-05 	8.12563e-05 	0
57.7273 	8.04258e-05 	8.04258e-05 	0
57.7778 	7.94819e-05 	7.94819e-05 	0
57.8283 	7.85893e-05 	7.85893e-05 	0
57.8788 	7.77808e-05 	7.77808e-05 	0
57.9293 	7.70627e-05 	7.70627e-05 	0
57.9798 	7.64256e-05 	7.64256e-05 	0
58.0303 	7.58545e-05 	7.58545e-05 	0
58.0808 	7.53355e-05 	7.53355e-05 	0
58.1313 	7.48578e-05 	7.48578e-05 	0
58.1818 	7.43861e-05 	7.43861e-05 	0
58.2323 	7.39195e-05 	7.39195e-05 	0
58.2828 	7.3492e-05 	7.3492e-05 	0
58.3333 	7.30866e-05 	7.30866e-05 	0
58.3838 	7.26926e-05 	7.26926e-05 	0
58.4343 	7.23057e-05 	7.23057e-05 	0
58.4848 	7.1923e-05 	7.1923e-05 	0
58.5354 	7.15433e-05 	7.15433e-05 	0
58.5859 	7.11665e-05 	7.11665e-05 	0
58.6364 	7.07914e-05 	7.07914e-05 	0
58.6869 	7.04189e-05 	7.04189e-05 	0
58.7374 	7.00487e-05 	7.00487e-05 	0
58.7879 	6.96806e-05 	6.96806e-05 	0
58.8384 	6.93154e-05 	6.93154e-05 	0
58.8889 	6.8954e-05 	6.8954e-05 	0
58.9394 	6.85944e-05 	6.85944e-05 	0
58.9899 	6.82362e-05 	6.82362e-05 	0
59.0404 	6.78795e-05 	6.78795e-05 	0
59.0909 	6.75244e-05 	6.75244e-05 	0
59.1414 	6.71712e-05 	6.71712e-05 	0
59.1919 	6.68202e-05 	6.68202e-05 	0
59.2424 	6.64717e-05 	6.64717e-05 	0
59.2929 	6.61259e-05 	6.61259e-05 	0
59.3434 	6.57831e-05 	6.57831e-05 	0
59.3939 	6.54439e-05 	6.54439e-05 	0
59.4444 	6.51076e-05 	6.51076e-05 	0
59.4949 	6.47737e-05 	6.47737e-05 	0
59.5455 	6.44417e-05 	6.44417e-05 	0
59.596 	6.41115e-05 	6.41115e-05 	0
59.6465 	6.37829e-05 	6.37829e-05 	0
59.697 	6.34556e-05 	6.34556e-05 	0
59.7475 	6.31295e-05 	6.31295e-05 	0
59.798 	6.28047e-05 	6.28047e-05 	0
59.8485 	6.24812e-05 	6.24812e-05 	0
59.899 	6.21588e-05 	6.21588e-05 	0
59.9495 	6.18378e-05 	6.18378e-05 	0
60.0 	6.15182e-05 	6.15182e-05 	0
60.0505 	6.12001e-05 	6.12001e-05 	0
60.101 	6.08837e-05 	6.08837e-05 	0
60.1515 	6.05689e-05 	6.05689e-05 	0
60.202 	6.02556e-05 	6.02556e-05 	0
60.2525 	5.99438e-05 	5.99438e-05 	0
60.303 	5.96336e-05 	5.96336e-05 	0
60.3535 	5.93251e-05 	5.93251e-05 	0
60.404 	5.90183e-05 	5.90183e-05 	0
60.4545 	5.87133e-05 	5.87133e-05 	0
60.5051 	5.84102e-05 	5.84102e-05 	0
60.5556 	5.81089e-05 	5.81089e-05 	0
60.6061 	5.78094e-05 	5.78094e-05 	0
60.6566 	5.75115e-05 	5.75115e-05 	0
60.7071 	8.58382e-05 	8.58382e-05 	0
60.7576 	9.21579e-05 	9.21579e-05 	0
60.8081 	8.20163e-05 	8.20163e-05 	0
60.8586 	8.17326e-05 	8.17326e-05 	0
60.9091 	8.1312e-05 	8.1312e-05 	0
60.9596 	8.04808e-05 	8.04808e-05 	0
61.0101 	7.95363e-05 	7.95363e-05 	0
61.0606 	7.86431e-05 	7.86431e-05 	0
61.1111 	7.78342e-05 	7.78342e-05 	0
61.1616 	7.71157e-05 	7.71157e-05 	0
61.2121 	7.64783e-05 	7.64783e-05 	0
61.2626 	7.59069e-05 	7.59069e-05 	0
61.3131 	7.53876e-05 	7.53876e-05 	0
61.3636 	7.49096e-05 	7.49096e-05 	0
61.4141 	7.44376e-05 	7.44376e-05 	0
61.4646 	7.39705e-05 	7.39705e-05 	0
61.5152 	7.35426e-05 	7.35426e-05 	0
61.5657 	7.31369e-05 	7.31369e-05 	0
61.6162 	7.27426e-05 	7.27426e-05 	0
61.6667 	7.23553e-05 	7.23553e-05 	0
61.7172 	7.19723e-05 	7.19723e-05 	0
61.7677 	7.15924e-05 	7.15924e-05 	0
61.8182 	7.12153e-05 	7.12153e-05 	0
61.8687 	7.084e-05 	7.084e-05 	0
61.9192 	7.04672e-05 	7.04672e-05 	0
61.9697 	7.00968e-05 	7.00968e-05 	0
62.0202 	6.97284e-05 	6.97284e-05 	0
62.0707 	6.93629e-05 	6.93629e-05 	0
62.1212 	6.90013e-05 	6.90013e-05 	0
62.1717 	6.86415e-05 	6.86415e-05 	0
62.2222 	6.82831e-05 	6.82831e-05 	0
62.2727 	6.79262e-05 	6.79262e-05 	0
62.3232 	6.75709e-05 	6.75709e-05 	0
62.3737 	6.72174e-05 	6.72174e-05 	0
62.4242 	6.68662e-05 	6.68662e-05 	0
62.4747 	6.65174e-05 	6.65174e-05 	0
62.5253 	6.61714e-05 	6.61714e-05 	0
62.5758 	6.58284e-05 	6.58284e-05 	0
62.6263 	6.5489e-05 	6.5489e-05 	0
62.6768 	6.51524e-05 	6.51524e-05 	0
62.7273 	6.48182e-05 	6.48182e-05 	0
62.7778 	6.4486e-05 	6.4486e-05 	0
62.8283 	6.41556e-05 	6.41556e-05 	0
62.8788 	6.38267e-05 	6.38267e-05 	0
62.9293 	6.34992e-05 	6.34992e-05 	0
62.9798 	6.31729e-05 	6.31729e-05 	0
63.0303 	6.28479e-05 	6.28479e-05 	0
63.0808 	6.25241e-05 	6.25241e-05 	0
63.1313 	6.22016e-05 	6.22016e-05 	0
63.1818 	6.18804e-05 	6.18804e-05 	0
63.2323 	6.15605e-05 	6.15605e-05 	0
63.2828 	6.12422e-05 	6.12422e-05 	0
63.3333 	6.09256e-05 	6.09256e-05 	0
63.3838 	6.06106e-05 	6.06106e-05 	0
63.4343 	6.02971e-05 	6.02971e-05 	0
63.4848 	5.99851e-05 	5.99851e-05 	0
63.5354 	5.96747e-05 	5.96747e-05 	0
63.5859 	5.93659e-05 	5.93659e-05 	0
63.6364 	5.90589e-05 	5.90589e-05 	0
63.6869 	5.87537e-05 	5.87537e-05 	0
63.7374 	5.84504e-05 	5.84504e-05 	0
63.7879 	5.81489e-05 	5.81489e-05 	0
63.8384 	5.78492e-05 	5.78492e-05 	0
63.8889 	5.75511e-05 	5.75511e-05 	0
63.9394 	8.58972e-05 	8.58972e-05 	0
63.9899 	7.30954e-05 	7.30954e-05 	0
64.0404 	8.53371e-05 	8.53371e-05 	0
64.0909 	8.89693e-05 	8.89693e-05 	0
64.1414 	9.02949e-05 	9.02949e-05 	0
64.1919 	9.04078e-05 	9.04078e-05 	0
64.2424 	8.99096e-05 	8.99096e-05 	0
64.2929 	8.93103e-05 	8.93103e-05 	0
64.3434 	8.8596e-05 	8.8596e-05 	0
64.3939 	8.75332e-05 	8.75332e-05 	0
64.4444 	8.68407e-05 	8.68407e-05 	0
64.4949 	8.62423e-05 	8.62423e-05 	0
64.5455 	8.58833e-05 	8.58833e-05 	0
64.596 	8.54878e-05 	8.54878e-05 	0
64.6465 	8.47242e-05 	8.47242e-05 	0
64.697 	8.42583e-05 	8.42583e-05 	0
64.7475 	8.38666e-05 	8.38666e-05 	0
64.798 	8.36668e-05 	8.36668e-05 	0
64.8485 	8.33967e-05 	8.33967e-05 	0
64.899 	8.30341e-05 	8.30341e-05 	0
64.9495 	8.23982e-05 	8.23982e-05 	0
65.0 	8.20017e-05 	8.20017e-05 	0
65.0505 	8.17151e-05 	8.17151e-05 	0
65.101 	8.15995e-05 	8.15995e-05 	0
65.1515 	8.1399e-05 	8.1399e-05 	0
65.202 	8.10837e-05 	8.10837e-05 	0
65.2525 	8.05028e-05 	8.05028e-05 	0
65.303 	8.0149e-05 	8.0149e-05 	0
65.3535 	7.98821e-05 	7.98821e-05 	0
65.404 	7.97878e-05 	7.97878e-05 	0
65.4545 	7.96008e-05 	7.96008e-05 	0
65.5051 	7.93021e-05 	7.93021e-05 	0
65.5556 	7.87493e-05 	7.87493e-05 	0
65.6061 	7.84153e-05 	7.84153e-05 	0
65.6566 	7.81648e-05 	7.81648e-05 	0
65.7071 	7.80819e-05 	7.80819e-05 	0
65.7576 	7.79089e-05 	7.79089e-05 	0
65.8081 	7.76224e-05 	7.76224e-05 	0
65.8586 	7.70806e-05 	7.70806e-05 	0
65.9091 	7.67515e-05 	7.67515e-05 	0
65.9596 	7.65058e-05 	7.65058e-05 	0
66.0101 	7.64269e-05 	7.64269e-05 	0
66.0606 	7.62579e-05 	7.62579e-05 	0
66.1111 	7.59773e-05 	7.59773e-05 	0
66.1616 	7.54499e-05 	7.54499e-05 	0
66.2121 	7.5131e-05 	7.5131e-05 	0
66.2626 	7.48911e-05 	7.48911e-05 	0
66.3131 	7.48145e-05 	7.48145e-05 	0
66.3636 	7.46498e-05 	7.46498e-05 	0
66.4141 	7.4376e-05 	7.4376e-05 	0
66.4646 	7.3858e-05 	7.3858e-05 	0
66.5152 	7.35448e-05 	7.35448e-05 	0
66.5657 	7.33095e-05 	7.33095e-05 	0
66.6162 	7.32349e-05 	7.32349e-05 	0
66.6667 	7.30737e-05 	7.30737e-05 	0
66.7172 	7.28055e-05 	7.28055e-05 	0
66.7677 	7.22992e-05 	7.22992e-05 	0
66.8182 	7.19936e-05 	7.19936e-05 	0
66.8687 	7.17632e-05 	7.17632e-05 	0
66.9192 	7.16902e-05 	7.16902e-05 	0
66.9697 	7.15324e-05 	7.15324e-05 	0
67.0202 	7.12699e-05 	7.12699e-05 	0
67.0707 	7.0774e-05 	7.0774e-05 	0
67.1212 	7.04745e-05 	7.04745e-05 	0
67.1717 	7.02489e-05 	7.02489e-05 	0
67.2222 	7.01776e-05 	7.01776e-05 	0
67.2727 	7.00232e-05 	7.00232e-05 	0
67.3232 	6.97663e-05 	6.97663e-05 	0
67.3737 	6.92811e-05 	6.92811e-05 	0
67.4242 	6.89881e-05 	6.89881e-05 	0
67.4747 	6.87673e-05 	6.87673e-05 	0
67.5253 	6.86975e-05 	6.86975e-05 	0
67.5758 	6.85463e-05 	6.85463e-05 	0
67.6263 	6.82949e-05 	6.82949e-05 	0
67.6768 	6.78199e-05 	6.78199e-05 	0
67.7273 	6.75331e-05 	6.75331e-05 	0
67.7778 	6.73169e-05 	6.73169e-05 	0
67.8283 	6.72486e-05 	6.72486e-05 	0
67.8788 	6.71007e-05 	6.71007e-05 	0
67.9293 	6.68546e-05 	6.68546e-05 	0
67.9798 	6.63897e-05 	6.63897e-05 	0
68.0303 	6.61089e-05 	6.61089e-05 	0
68.0808 	6.58973e-05 	6.58973e-05 	0
68.1313 	6.58305e-05 	6.58305e-05 	0
68.1818 	6.56857e-05 	6.56857e-05 	0
68.2323 	6.54448e-05 	6.54448e-05 	0
68.2828 	6.49898e-05 	6.49898e-05 	0
68.3333 	6.47149e-05 	6.47149e-05 	0
68.3838 	6.45078e-05 	6.45078e-05 	0
68.4343 	6.44425e-05 	6.44425e-05 	0
68.4848 	6.43008e-05 	6.43008e-05 	0
68.5354 	6.40649e-05 	6.40649e-05 	0
68.5859 	6.36195e-05 	6.36195e-05 	0
68.6364 	6.33505e-05 	6.33505e-05 	0
68.6869 	6.31478e-05 	6.31478e-05 	0
68.7374 	6.30838e-05 	6.30838e-05 	0
68.7879 	6.29451e-05 	6.29451e-05 	0
68.8384 	6.27143e-05 	6.27143e-05 	0
68.8889 	6.22783e-05 	6.22783e-05 	0
68.9394 	6.20149e-05 	6.20149e-05 	0
68.9899 	6.18165e-05 	6.18165e-05 	0
69.0404 	6.1754e-05 	6.1754e-05 	0
69.0909 	6.16182e-05 	6.16182e-05 	0
69.1414 	6.13923e-05 	6.13923e-05 	0
69.1919 	6.09654e-05 	6.09654e-05 	0
69.2424 	6.07077e-05 	6.07077e-05 	0
69.2929 	6.05135e-05 	6.05135e-05 	0
69.3434 	6.04523e-05 	6.04523e-05 	0
69.3939 	6.03194e-05 	6.03194e-05 	0
69.4444 	6.00982e-05 	6.00982e-05 	0
69.4949 	5.96804e-05 	5.96804e-05 	0
69.5455 	5.94281e-05 	5.94281e-05 	0
69.596 	5.9238e-05 	5.9238e-05 	0
69.6465 	5.91781e-05 	5.91781e-05 	0
69.697 	5.90481e-05 	5.90481e-05 	0
69.7475 	5.88316e-05 	5.88316e-05 	0
69.798 	5.84226e-05 	5.84226e-05 	0
69.8485 	5.81756e-05 	5.81756e-05 	0
69.899 	5.79895e-05 	5.79895e-05 	0
69.9495 	8.6642e-05 	8.6642e-05 	0
70.0 	7.38018e-05 	7.38018e-05 	0
