# time 	Initial 	Final 	Iterations
0.0263197 	4.88266e-07 	4.88266e-07 	0
0.0315829 	1.16327e-06 	1.16327e-06 	0
0.037896 	2.03023e-06 	2.03023e-06 	0
0.0454717 	3.24388e-06 	3.24388e-06 	0
0.0545626 	3.49245e-06 	3.49245e-06 	0
0.0654556 	3.25628e-06 	3.25628e-06 	0
0.0781408 	7.06391e-06 	7.06391e-06 	0
0.0926169 	9.83162e-06 	9.83162e-06 	0
0.108866 	1.20028e-05 	2.78873e-06 	1
0.126915 	1.01309e-05 	2.77005e-06 	1
0.145031 	1.09653e-05 	2.87746e-06 	1
0.163146 	1.12388e-05 	2.9587e-06 	1
0.18133 	9.66141e-06 	9.66141e-06 	0
0.199177 	1.49998e-05 	3.32611e-06 	1
0.216698 	8.45493e-06 	8.45493e-06 	0
0.233966 	7.20937e-06 	7.20937e-06 	0
0.251049 	6.20754e-06 	6.20754e-06 	0
0.268009 	5.26798e-06 	5.26798e-06 	0
0.284909 	4.49222e-06 	4.49222e-06 	0
0.301749 	4.09855e-06 	4.09855e-06 	0
0.318528 	7.27073e-06 	7.27073e-06 	0
0.335248 	7.17672e-06 	7.17672e-06 	0
0.351967 	7.49036e-06 	7.49036e-06 	0
0.368687 	6.77043e-06 	6.77043e-06 	0
0.385406 	8.24968e-06 	8.24968e-06 	0
0.402126 	9.44455e-06 	9.44455e-06 	0
0.418846 	7.05182e-06 	7.05182e-06 	0
0.435626 	8.58199e-06 	8.58199e-06 	0
0.452407 	6.81666e-06 	6.81666e-06 	0
0.469188 	6.82088e-06 	6.82088e-06 	0
0.485969 	7.80319e-06 	7.80319e-06 	0
0.502749 	6.62983e-06 	6.62983e-06 	0
0.519593 	7.23961e-06 	7.23961e-06 	0
0.536437 	5.89989e-06 	5.89989e-06 	0
0.55328 	5.66871e-06 	5.66871e-06 	0
0.570124 	7.96967e-06 	7.96967e-06 	0
0.586968 	6.41629e-06 	6.41629e-06 	0
0.603876 	6.59849e-06 	6.59849e-06 	0
0.620784 	5.75867e-06 	5.75867e-06 	0
0.637692 	5.64509e-06 	5.64509e-06 	0
0.6546 	4.27443e-06 	4.27443e-06 	0
0.671508 	5.11483e-06 	5.11483e-06 	0
0.688417 	5.21449e-06 	5.21449e-06 	0
0.705391 	3.6625e-06 	3.6625e-06 	0
0.722366 	3.67877e-06 	3.67877e-06 	0
0.739341 	3.94534e-06 	3.94534e-06 	0
0.756316 	5.11838e-06 	5.11838e-06 	0
0.77329 	5.06695e-06 	5.06695e-06 	0
0.790265 	4.02227e-06 	4.02227e-06 	0
0.80724 	4.17523e-06 	4.17523e-06 	0
