# time 	Initial 	Final 	Iterations
1.2e-06 	4.40723e-09 	4.40723e-09 	0
2.64e-06 	3.45809e-09 	3.45809e-09 	0
4.368e-06 	3.6088e-09 	3.6088e-09 	0
6.4416e-06 	4.22612e-09 	4.22612e-09 	0
8.92992e-06 	5.26537e-09 	5.26537e-09 	0
1.19159e-05 	6.81593e-09 	6.81593e-09 	0
1.54991e-05 	9.05192e-09 	9.05192e-09 	0
1.97989e-05 	1.22408e-08 	8.83043e-16 	1
2.49587e-05 	1.67736e-08 	1.43741e-15 	1
3.11504e-05 	2.32155e-08 	2.37366e-15 	1
3.85805e-05 	3.23786e-08 	3.95929e-15 	1
4.74965e-05 	4.54283e-08 	6.64514e-15 	1
5.81958e-05 	6.40373e-08 	1.12116e-14 	1
7.1035e-05 	9.06063e-08 	1.89949e-14 	1
8.6442e-05 	1.28578e-07 	3.22753e-14 	1
0.00010493 	1.82893e-07 	5.49749e-14 	1
0.000127116 	2.60639e-07 	9.38029e-14 	1
0.00015374 	3.71981e-07 	1.60271e-13 	1
0.000185688 	5.31493e-07 	2.74089e-13 	1
0.000224025 	7.60054e-07 	4.68999e-13 	1
0.00027003 	1.08758e-06 	8.02642e-13 	1
0.000325236 	1.55683e-06 	1.3738e-12 	1
0.000391483 	2.22894e-06 	2.3507e-12 	1
0.00047098 	3.19112e-06 	4.01953e-12 	1
0.000566376 	4.56778e-06 	6.86666e-12 	1
0.00068085 	6.53526e-06 	1.17147e-11 	1
0.000818221 	9.3448e-06 	1.99551e-11 	1
0.000983063 	1.33497e-05 	3.39197e-11 	1
0.00118087 	1.9049e-05 	5.75085e-11 	1
0.00141824 	2.71435e-05 	9.72091e-11 	1
0.0017031 	3.86082e-05 	1.63722e-10 	1
0.00204491 	5.47831e-05 	2.74694e-10 	1
0.00245508 	7.7525e-05 	4.59413e-10 	1
0.0029473 	0.000109338 	7.72951e-10 	1
0.00353797 	0.000153578 	1.29856e-09 	1
0.00424679 	0.000214654 	2.18783e-09 	1
0.00509742 	0.000298216 	3.71626e-09 	1
0.00611825 	0.000411254 	6.77438e-09 	1
0.00734314 	0.000382185 	7.09639e-09 	1
0.00881286 	0.000332181 	3.28257e-13 	2
0.0105765 	0.000296629 	1.6426e-12 	2
0.0126925 	0.000496955 	6.80257e-12 	2
0.0152319 	0.000876196 	2.93783e-12 	2
0.0182788 	0.00117381 	1.60092e-11 	2
0.0219337 	0.0013891 	2.00199e-10 	2
0.0263197 	0.00197189 	2.02335e-09 	2
0.0315829 	0.00200288 	6.90073e-09 	2
0.037896 	0.00193754 	4.78748e-11 	3
0.0454717 	0.00169904 	1.71329e-10 	3
0.0545626 	0.0017684 	5.31002e-10 	3
0.0654797 	0.00191474 	1.69804e-09 	3
0.0785686 	0.00180549 	4.26633e-09 	3
0.094292 	0.0023007 	2.37131e-10 	4
0.11316 	0.00131164 	8.14483e-10 	4
0.135784 	0.00114234 	2.82871e-09 	4
0.162077 	0.00572208 	4.91739e-09 	5
0.192127 	0.015379 	1.3936e-09 	6
0.225985 	0.00646493 	1.72058e-09 	6
0.263576 	0.00483973 	2.78439e-09 	6
0.300292 	0.00297711 	2.59185e-09 	6
0.336724 	0.00220167 	2.77254e-09 	6
0.372873 	0.00164017 	2.66971e-09 	6
0.408742 	0.00151439 	2.61674e-09 	6
0.444894 	0.00120214 	3.05518e-09 	6
0.481046 	0.00108871 	3.14163e-09 	6
0.517489 	0.00108501 	3.79294e-09 	6
0.554231 	0.00107828 	5.08849e-09 	6
0.591279 	0.00114999 	7.21025e-09 	6
0.628641 	0.00118566 	8.84655e-09 	6
0.666325 	0.00117536 	9.85857e-09 	6
0.704009 	0.00117343 	3.06476e-09 	7
0.742027 	0.00115401 	2.54744e-09 	7
0.780044 	0.00116071 	2.95653e-09 	7
0.818408 	0.00116253 	3.38777e-09 	7
0.856771 	0.0011593 	3.47413e-09 	7
0.895134 	0.00109676 	3.35518e-09 	7
0.933497 	0.00110429 	3.59586e-09 	7
0.971861 	0.00106491 	3.53142e-09 	7
1.01022 	0.00101095 	3.80949e-09 	7
1.04859 	0.000980215 	3.93744e-09 	7
1.08695 	0.000923924 	3.35897e-09 	7
1.12531 	0.000900786 	3.41802e-09 	7
1.16368 	0.000910048 	3.14917e-09 	7
1.20204 	0.000881854 	3.42908e-09 	7
1.2404 	0.000848404 	2.86394e-09 	7
1.27877 	0.000786014 	2.73897e-09 	7
1.31713 	0.000760794 	2.55832e-09 	7
1.35549 	0.000725544 	2.15645e-09 	7
1.39386 	0.000720897 	9.73935e-09 	6
1.43222 	0.000687676 	9.24388e-09 	6
1.47058 	0.000699776 	8.18139e-09 	6
1.50895 	0.000682786 	8.59899e-09 	6
1.54731 	0.00065021 	8.02767e-09 	6
1.58567 	0.000611268 	7.65672e-09 	6
1.62404 	0.00059595 	7.56902e-09 	6
1.6624 	0.000587326 	6.93968e-09 	6
1.70076 	0.000565585 	7.47628e-09 	6
1.73913 	0.000542483 	6.55235e-09 	6
1.77749 	0.000548375 	6.99783e-09 	6
1.81585 	0.000528565 	6.75526e-09 	6
1.85421 	0.000501691 	6.42453e-09 	6
1.89258 	0.000503665 	6.08283e-09 	6
1.93094 	0.00048866 	6.63898e-09 	6
1.9693 	0.000473387 	6.49344e-09 	6
2.00767 	0.000458324 	6.56023e-09 	6
2.04603 	0.000453288 	6.82192e-09 	6
2.08439 	0.000448749 	7.42173e-09 	6
2.12276 	0.000443522 	7.84183e-09 	6
2.16112 	0.000426028 	8.69112e-09 	6
2.19948 	0.000410938 	9.63935e-09 	6
2.23785 	0.000413919 	3.00599e-09 	7
2.27621 	0.000405308 	3.45133e-09 	7
2.31457 	0.000411433 	4.00126e-09 	7
2.35294 	0.000404682 	4.61571e-09 	7
2.3913 	0.000396605 	5.25641e-09 	7
2.42966 	0.000390846 	5.93405e-09 	7
2.46803 	0.000392465 	6.73668e-09 	7
2.50639 	0.000396202 	7.54083e-09 	7
2.54475 	0.000393774 	8.27623e-09 	7
2.58312 	0.000396994 	8.91832e-09 	7
2.62148 	0.00038867 	9.64676e-09 	7
2.65984 	0.00039004 	3.53913e-09 	8
2.69821 	0.000388241 	3.78985e-09 	8
2.73657 	0.000392381 	3.99704e-09 	8
2.77493 	0.00039227 	4.15429e-09 	8
2.8133 	0.000393847 	4.34366e-09 	8
2.85166 	0.00039323 	4.4864e-09 	8
2.89002 	0.000390863 	4.64142e-09 	8
2.92839 	0.0003941 	4.81746e-09 	8
2.96675 	0.000396449 	4.93734e-09 	8
3.00511 	0.00039759 	5.15098e-09 	8
3.04348 	0.000400077 	5.33022e-09 	8
3.08184 	0.00040423 	5.54309e-09 	8
3.1202 	0.000402496 	5.77605e-09 	8
3.15856 	0.000399797 	6.04666e-09 	8
3.19693 	0.000404561 	6.29166e-09 	8
3.23529 	0.00040497 	6.54891e-09 	8
3.27365 	0.000404361 	6.93604e-09 	8
3.31202 	0.000407136 	7.15205e-09 	8
3.35038 	0.000406364 	7.33949e-09 	8
3.38874 	0.00040973 	7.74375e-09 	8
3.42711 	0.000415811 	7.99745e-09 	8
3.46547 	0.000417219 	8.01653e-09 	8
3.50383 	0.000417789 	8.35295e-09 	8
3.5422 	0.000425347 	8.4148e-09 	8
3.58056 	0.000426832 	8.59445e-09 	8
3.61892 	0.000428223 	8.62258e-09 	8
3.65729 	0.000433282 	8.94745e-09 	8
3.69565 	0.000433296 	8.85155e-09 	8
3.73401 	0.000429995 	8.8535e-09 	8
3.77238 	0.000424247 	8.84529e-09 	8
3.81074 	0.000417544 	8.76184e-09 	8
3.8491 	0.000417906 	8.93725e-09 	8
3.88747 	0.00042189 	8.9837e-09 	8
3.92583 	0.000422306 	8.93992e-09 	8
3.96419 	0.000417789 	8.68844e-09 	8
4.00256 	0.000414416 	8.56975e-09 	8
4.04092 	0.000415338 	8.26266e-09 	8
4.07928 	0.000412731 	7.9737e-09 	8
4.11765 	0.000408253 	7.73207e-09 	8
4.15601 	0.00040593 	7.60202e-09 	8
4.19437 	0.000405169 	7.5437e-09 	8
4.23274 	0.00040412 	7.44393e-09 	8
4.2711 	0.00039648 	7.22166e-09 	8
4.30946 	0.000387789 	7.01212e-09 	8
4.34783 	0.000383311 	6.81882e-09 	8
4.38619 	0.000378759 	6.72786e-09 	8
4.42455 	0.000371122 	6.45831e-09 	8
4.46291 	0.000359588 	6.36457e-09 	8
4.50128 	0.000358297 	5.87332e-09 	8
4.53964 	0.000351761 	5.66382e-09 	8
4.578 	0.00034539 	5.54232e-09 	8
4.61637 	0.000339025 	5.55453e-09 	8
4.65473 	0.000331198 	5.23094e-09 	8
4.69309 	0.000327732 	5.28462e-09 	8
4.73146 	0.000322938 	5.10107e-09 	8
4.76982 	0.000316068 	5.05769e-09 	8
4.80818 	0.000310111 	5.52334e-09 	8
4.84655 	0.000302359 	5.45558e-09 	8
4.88491 	0.000294672 	5.38063e-09 	8
4.92327 	0.000289516 	5.49489e-09 	8
4.96164 	0.000287149 	5.33307e-09 	8
5.0 	0.000284165 	5.3419e-09 	8
5.03846 	0.000282596 	5.11192e-09 	8
5.07692 	0.000279027 	5.17617e-09 	8
5.11538 	0.000275173 	4.95698e-09 	8
5.15385 	0.000274057 	4.77685e-09 	8
5.19231 	0.000269239 	4.55946e-09 	8
5.23077 	0.000269708 	4.63259e-09 	8
5.26923 	0.000265066 	4.63872e-09 	8
5.30769 	0.000262193 	4.44886e-09 	8
5.34615 	0.000257271 	4.41632e-09 	8
5.38462 	0.000249072 	4.30893e-09 	8
5.42308 	0.000246776 	4.2768e-09 	8
5.46154 	0.000243401 	4.07487e-09 	8
5.5 	0.000239012 	3.82917e-09 	8
5.53846 	0.000236235 	3.81415e-09 	8
5.57692 	0.000232134 	3.94594e-09 	8
5.61538 	0.000226318 	3.89479e-09 	8
5.65385 	0.000221707 	3.70446e-09 	8
5.69231 	0.000213255 	3.69857e-09 	8
5.73077 	0.000209565 	3.61825e-09 	8
5.76923 	0.000205839 	3.68682e-09 	8
5.80769 	0.000199554 	3.59239e-09 	8
5.84615 	0.000195028 	3.62304e-09 	8
5.88462 	0.000190257 	3.52982e-09 	8
5.92308 	0.000184999 	3.46073e-09 	8
5.96154 	0.000179962 	3.37904e-09 	8
6.0 	0.000176521 	3.4472e-09 	8
6.03846 	0.000172549 	3.37108e-09 	8
6.07692 	0.000168265 	3.43538e-09 	8
6.11538 	0.000164447 	3.34082e-09 	8
6.15385 	0.000158645 	3.39546e-09 	8
6.19231 	0.000155255 	3.41048e-09 	8
6.23077 	0.000151768 	3.31659e-09 	8
6.26923 	0.000148911 	3.27386e-09 	8
6.30769 	0.000145423 	9.96356e-09 	7
6.34615 	0.000142514 	9.86147e-09 	7
6.38462 	0.000139684 	9.78459e-09 	7
6.42308 	0.000136508 	9.51693e-09 	7
6.46154 	0.000134008 	9.35129e-09 	7
6.5 	0.000130888 	9.15221e-09 	7
6.53846 	0.000128074 	8.97006e-09 	7
6.57692 	0.00012614 	8.84252e-09 	7
6.61538 	0.000125191 	8.80117e-09 	7
6.65385 	0.000123162 	8.65015e-09 	7
6.69231 	0.000120324 	8.38776e-09 	7
6.73077 	0.0001186 	8.39934e-09 	7
6.76923 	0.000115315 	8.30845e-09 	7
6.80769 	0.00011377 	8.27587e-09 	7
6.84615 	0.000113095 	8.24636e-09 	7
6.88462 	0.000111199 	8.17062e-09 	7
6.92308 	0.000108825 	8.21974e-09 	7
6.96154 	0.000107806 	8.08382e-09 	7
7.0 	0.000106621 	8.03841e-09 	7
7.03846 	0.000104837 	8.08831e-09 	7
7.07692 	0.000103205 	8.07281e-09 	7
7.11538 	0.000101931 	8.04254e-09 	7
7.15385 	0.000100033 	7.6824e-09 	7
7.19231 	9.8961e-05 	7.49516e-09 	7
7.23077 	9.77924e-05 	7.43773e-09 	7
7.26923 	9.65047e-05 	7.54854e-09 	7
7.30769 	9.52837e-05 	7.14711e-09 	7
7.34615 	9.455e-05 	7.2337e-09 	7
7.38462 	9.40794e-05 	7.19857e-09 	7
7.42308 	9.31692e-05 	7.26843e-09 	7
7.46154 	9.17009e-05 	7.09959e-09 	7
7.5 	9.06837e-05 	7.18055e-09 	7
7.53846 	9.04796e-05 	7.35741e-09 	7
7.57692 	8.93136e-05 	7.33146e-09 	7
7.61538 	8.88713e-05 	7.24889e-09 	7
7.65385 	8.76554e-05 	7.15641e-09 	7
7.69231 	8.60445e-05 	6.93762e-09 	7
7.73077 	8.51546e-05 	6.79395e-09 	7
7.76923 	8.46823e-05 	6.68017e-09 	7
7.80769 	8.37732e-05 	6.65592e-09 	7
7.84615 	8.32977e-05 	6.57333e-09 	7
7.88462 	8.3039e-05 	6.56076e-09 	7
7.92308 	8.30114e-05 	6.61575e-09 	7
7.96154 	8.23127e-05 	6.58384e-09 	7
8.0 	8.19952e-05 	6.39153e-09 	7
8.03846 	8.11674e-05 	6.35509e-09 	7
8.07692 	8.10048e-05 	6.45584e-09 	7
8.11538 	8.04901e-05 	6.54135e-09 	7
8.15385 	7.95484e-05 	6.61377e-09 	7
8.19231 	7.89306e-05 	6.58992e-09 	7
8.23077 	7.79773e-05 	6.5482e-09 	7
8.26923 	7.72277e-05 	6.56979e-09 	7
8.30769 	7.66198e-05 	6.57018e-09 	7
8.34615 	7.6236e-05 	6.50915e-09 	7
8.38462 	7.5026e-05 	6.62674e-09 	7
8.42308 	7.44466e-05 	6.65401e-09 	7
8.46154 	7.36029e-05 	6.70012e-09 	7
8.5 	7.27574e-05 	6.63959e-09 	7
8.53846 	7.19769e-05 	6.7208e-09 	7
8.57692 	7.16411e-05 	6.78727e-09 	7
8.61538 	7.09042e-05 	6.95456e-09 	7
8.65385 	7.01873e-05 	7.03606e-09 	7
8.69231 	6.92442e-05 	7.05238e-09 	7
8.73077 	6.88198e-05 	7.09951e-09 	7
8.76923 	6.80423e-05 	7.11827e-09 	7
8.80769 	6.65896e-05 	6.93224e-09 	7
8.84615 	6.66715e-05 	6.88674e-09 	7
8.88462 	6.51281e-05 	6.79494e-09 	7
8.92308 	6.39032e-05 	6.75955e-09 	7
8.96154 	6.36849e-05 	6.66706e-09 	7
9.0 	6.24343e-05 	6.58787e-09 	7
9.03846 	6.16063e-05 	6.62175e-09 	7
9.07692 	6.14776e-05 	6.68388e-09 	7
9.11538 	6.07547e-05 	6.61644e-09 	7
9.15385 	5.98094e-05 	6.46294e-09 	7
9.19231 	5.90268e-05 	6.26014e-09 	7
9.23077 	5.76411e-05 	6.1635e-09 	7
9.26923 	5.73196e-05 	6.16492e-09 	7
9.30769 	5.66532e-05 	6.15539e-09 	7
9.34615 	5.50725e-05 	6.09558e-09 	7
9.38462 	5.45416e-05 	6.04762e-09 	7
9.42308 	5.42758e-05 	5.99377e-09 	7
9.46154 	5.29791e-05 	5.96241e-09 	7
9.5 	5.26461e-05 	5.90812e-09 	7
9.53846 	5.24773e-05 	5.77593e-09 	7
9.57692 	5.12869e-05 	5.70123e-09 	7
9.61538 	5.08051e-05 	5.67066e-09 	7
9.65385 	5.01778e-05 	5.65821e-09 	7
9.69231 	4.92128e-05 	5.56009e-09 	7
9.73077 	4.80281e-05 	5.5073e-09 	7
9.76923 	4.75925e-05 	5.46671e-09 	7
9.80769 	4.65349e-05 	5.35683e-09 	7
9.84615 	4.56757e-05 	5.26419e-09 	7
9.88462 	4.51704e-05 	5.21522e-09 	7
9.92308 	4.44767e-05 	5.13276e-09 	7
9.96154 	4.35385e-05 	5.05016e-09 	7
10.0 	4.30047e-05 	5.02565e-09 	7
10.0385 	4.26811e-05 	4.96042e-09 	7
10.0769 	4.19247e-05 	4.91869e-09 	7
10.1154 	4.09368e-05 	4.82011e-09 	7
10.1538 	4.06783e-05 	4.69034e-09 	7
10.1923 	3.99371e-05 	4.5708e-09 	7
10.2308 	3.89382e-05 	4.51221e-09 	7
10.2692 	3.84447e-05 	4.4102e-09 	7
10.3077 	3.7927e-05 	4.34835e-09 	7
10.3462 	3.74521e-05 	4.26309e-09 	7
10.3846 	3.70492e-05 	4.19428e-09 	7
10.4231 	3.66541e-05 	4.10387e-09 	7
10.4615 	3.59848e-05 	4.05497e-09 	7
10.5 	3.51145e-05 	4.01325e-09 	7
10.5385 	3.45864e-05 	3.95781e-09 	7
10.5769 	3.40314e-05 	3.88107e-09 	7
10.6154 	3.3044e-05 	3.78284e-09 	7
10.6538 	3.28138e-05 	3.72112e-09 	7
10.6923 	3.26205e-05 	3.68064e-09 	7
10.7308 	3.20995e-05 	3.61248e-09 	7
10.7692 	3.14609e-05 	3.56956e-09 	7
10.8077 	3.15477e-05 	3.50227e-09 	7
10.8462 	3.13525e-05 	9.85784e-09 	6
10.8846 	3.03216e-05 	9.54785e-09 	6
10.9231 	2.99746e-05 	9.37154e-09 	6
10.9615 	2.971e-05 	9.28512e-09 	6
11.0 	2.9077e-05 	9.11951e-09 	6
11.0385 	2.88191e-05 	8.98203e-09 	6
11.0769 	2.85534e-05 	8.79943e-09 	6
11.1154 	2.83462e-05 	8.71096e-09 	6
11.1538 	2.8062e-05 	8.58284e-09 	6
11.1923 	2.75426e-05 	8.47296e-09 	6
11.2308 	2.73136e-05 	8.34156e-09 	6
11.2692 	2.7159e-05 	8.25073e-09 	6
11.3077 	2.68144e-05 	8.25745e-09 	6
11.3462 	2.65913e-05 	8.04781e-09 	6
11.3846 	2.59668e-05 	7.96286e-09 	6
11.4231 	2.55799e-05 	7.79355e-09 	6
11.4615 	2.54181e-05 	7.68603e-09 	6
11.5 	2.52156e-05 	7.53556e-09 	6
11.5385 	2.50254e-05 	7.39269e-09 	6
11.5769 	2.45236e-05 	7.14136e-09 	6
11.6154 	2.41676e-05 	7.126e-09 	6
11.6538 	2.39788e-05 	6.9188e-09 	6
11.6923 	2.38062e-05 	6.76733e-09 	6
11.7308 	2.32743e-05 	6.63819e-09 	6
11.7692 	2.2956e-05 	6.50202e-09 	6
11.8077 	0.000109124 	7.52447e-09 	7
11.8462 	0.00010479 	7.10325e-09 	7
11.8846 	0.00010333 	6.95986e-09 	7
11.9231 	0.000101868 	6.82233e-09 	7
11.9615 	0.000100111 	6.71404e-09 	7
12.0 	9.84391e-05 	6.58055e-09 	7
12.0385 	9.68964e-05 	6.47236e-09 	7
12.0769 	9.55078e-05 	6.34344e-09 	7
12.1154 	9.41474e-05 	6.27338e-09 	7
12.1538 	9.2775e-05 	6.09906e-09 	7
12.1923 	9.16288e-05 	5.97873e-09 	7
12.2308 	9.03206e-05 	5.88443e-09 	7
12.2692 	8.89888e-05 	5.77647e-09 	7
12.3077 	8.7921e-05 	5.66365e-09 	7
12.3462 	8.67354e-05 	5.55661e-09 	7
12.3846 	8.56802e-05 	5.45211e-09 	7
12.4231 	8.47172e-05 	5.36727e-09 	7
12.4615 	8.37894e-05 	5.30968e-09 	7
12.5 	8.27361e-05 	5.2397e-09 	7
12.5385 	8.19138e-05 	5.16935e-09 	7
12.5769 	8.11177e-05 	5.16507e-09 	7
12.6154 	8.01579e-05 	5.11056e-09 	7
12.6538 	7.94072e-05 	5.03555e-09 	7
12.6923 	7.83717e-05 	4.98534e-09 	7
12.7308 	7.75398e-05 	4.95579e-09 	7
12.7692 	7.66596e-05 	4.91371e-09 	7
12.8077 	7.61069e-05 	4.88773e-09 	7
12.8462 	7.54098e-05 	4.85287e-09 	7
12.8846 	7.47715e-05 	4.82291e-09 	7
12.9231 	7.40579e-05 	4.76942e-09 	7
12.9615 	7.34932e-05 	4.70846e-09 	7
13.0 	7.29817e-05 	4.66607e-09 	7
13.0385 	7.25741e-05 	4.63862e-09 	7
13.0769 	7.21723e-05 	4.61001e-09 	7
13.1154 	7.1715e-05 	4.57661e-09 	7
13.1538 	7.13831e-05 	4.54947e-09 	7
13.1923 	7.10499e-05 	4.54652e-09 	7
13.2308 	7.0624e-05 	4.52089e-09 	7
13.2692 	7.02769e-05 	4.52033e-09 	7
13.3077 	6.99753e-05 	4.50314e-09 	7
13.3462 	6.95684e-05 	4.47548e-09 	7
13.3846 	6.94433e-05 	4.45582e-09 	7
13.4231 	6.91795e-05 	4.44782e-09 	7
13.4615 	6.88523e-05 	4.44455e-09 	7
13.5 	6.8845e-05 	4.45317e-09 	7
13.5385 	6.87452e-05 	4.45336e-09 	7
13.5769 	6.8576e-05 	4.45933e-09 	7
13.6154 	6.84089e-05 	4.46537e-09 	7
13.6538 	6.81529e-05 	4.48805e-09 	7
13.6923 	6.81603e-05 	4.49497e-09 	7
13.7308 	6.82388e-05 	4.52388e-09 	7
13.7692 	6.82717e-05 	4.55249e-09 	7
13.8077 	6.82894e-05 	4.58574e-09 	7
13.8462 	6.83095e-05 	4.6018e-09 	7
13.8846 	6.85598e-05 	4.62263e-09 	7
13.9231 	6.84432e-05 	4.64782e-09 	7
13.9615 	6.85017e-05 	4.67633e-09 	7
14.0 	6.86881e-05 	4.70951e-09 	7
14.0385 	6.87414e-05 	4.76659e-09 	7
14.0769 	6.88e-05 	4.81176e-09 	7
14.1154 	6.88901e-05 	4.85316e-09 	7
14.1538 	6.89276e-05 	4.89614e-09 	7
14.1923 	6.90818e-05 	4.93205e-09 	7
14.2308 	6.93358e-05 	4.98856e-09 	7
14.2692 	6.95982e-05 	5.03329e-09 	7
14.3077 	6.97395e-05 	5.07625e-09 	7
14.3462 	6.99582e-05 	5.12321e-09 	7
14.3846 	6.99846e-05 	5.17407e-09 	7
14.4231 	7.01428e-05 	5.22185e-09 	7
14.4615 	7.03947e-05 	5.28268e-09 	7
14.5 	7.06556e-05 	5.32819e-09 	7
14.5385 	7.07466e-05 	5.37791e-09 	7
14.5769 	7.1087e-05 	5.42329e-09 	7
14.6154 	7.15123e-05 	5.47509e-09 	7
14.6538 	7.18358e-05 	5.52937e-09 	7
14.6923 	7.21095e-05 	5.57748e-09 	7
14.7308 	7.246e-05 	5.63097e-09 	7
14.7692 	7.27922e-05 	5.68488e-09 	7
14.8077 	7.31811e-05 	5.74381e-09 	7
14.8462 	7.33242e-05 	5.79558e-09 	7
14.8846 	7.35057e-05 	5.83589e-09 	7
14.9231 	7.37312e-05 	5.88242e-09 	7
14.9615 	7.40581e-05 	5.93214e-09 	7
15.0 	7.42616e-05 	5.98855e-09 	7
15.0385 	7.46298e-05 	6.03785e-09 	7
15.0769 	7.50181e-05 	6.08497e-09 	7
15.1154 	7.53604e-05 	6.13091e-09 	7
15.1538 	7.5801e-05 	6.17697e-09 	7
15.1923 	7.61726e-05 	6.22396e-09 	7
15.2308 	7.64809e-05 	6.26444e-09 	7
15.2692 	7.66231e-05 	6.30034e-09 	7
15.3077 	7.68873e-05 	6.33029e-09 	7
15.3462 	7.72827e-05 	6.37632e-09 	7
15.3846 	7.75284e-05 	6.40216e-09 	7
15.4231 	7.79604e-05 	6.4571e-09 	7
15.4615 	7.83194e-05 	6.5007e-09 	7
15.5 	7.85886e-05 	6.53981e-09 	7
15.5385 	7.91162e-05 	6.56847e-09 	7
15.5769 	7.95695e-05 	6.59669e-09 	7
15.6154 	7.98376e-05 	6.63292e-09 	7
15.6538 	8.00992e-05 	6.67158e-09 	7
15.6923 	8.02941e-05 	6.71428e-09 	7
15.7308 	8.06501e-05 	6.75263e-09 	7
15.7692 	8.107e-05 	6.79264e-09 	7
15.8077 	8.13905e-05 	6.83497e-09 	7
15.8462 	8.18238e-05 	6.88708e-09 	7
15.8846 	8.22321e-05 	6.92846e-09 	7
15.9231 	8.27144e-05 	6.95965e-09 	7
15.9615 	8.3208e-05 	7.00726e-09 	7
16.0 	1.76188e-05 	4.63631e-09 	6
16.0385 	1.69287e-05 	4.84904e-09 	6
16.0769 	1.67456e-05 	4.85976e-09 	6
16.1154 	1.6692e-05 	4.84507e-09 	6
16.1538 	1.66312e-05 	4.843e-09 	6
16.1923 	1.66784e-05 	4.83436e-09 	6
16.2308 	1.67203e-05 	4.83392e-09 	6
16.2692 	1.67554e-05 	4.83312e-09 	6
16.3077 	1.69388e-05 	4.84897e-09 	6
16.3462 	1.68907e-05 	4.86415e-09 	6
16.3846 	1.69e-05 	4.85168e-09 	6
16.4231 	1.69134e-05 	4.84945e-09 	6
16.4615 	1.68186e-05 	4.86398e-09 	6
16.5 	1.68582e-05 	4.86344e-09 	6
16.5385 	1.69392e-05 	4.85565e-09 	6
16.5769 	1.67282e-05 	4.86495e-09 	6
16.6154 	1.67146e-05 	4.87471e-09 	6
16.6538 	1.68831e-05 	4.88082e-09 	6
16.6923 	1.69493e-05 	4.8857e-09 	6
16.7308 	1.69477e-05 	4.88474e-09 	6
16.7692 	1.71249e-05 	4.89859e-09 	6
16.8077 	1.70966e-05 	4.90926e-09 	6
16.8462 	1.70944e-05 	4.90763e-09 	6
16.8846 	1.69441e-05 	4.90257e-09 	6
16.9231 	1.69205e-05 	4.90622e-09 	6
16.9615 	1.6945e-05 	4.90609e-09 	6
17.0 	1.70241e-05 	4.9015e-09 	6
17.0385 	1.68363e-05 	4.92863e-09 	6
17.0769 	1.67148e-05 	4.92073e-09 	6
17.1154 	1.67306e-05 	4.90947e-09 	6
17.1538 	1.67192e-05 	4.91815e-09 	6
17.1923 	1.68253e-05 	4.92116e-09 	6
17.2308 	1.68579e-05 	4.92875e-09 	6
17.2692 	1.68483e-05 	4.91339e-09 	6
17.3077 	1.68534e-05 	4.91248e-09 	6
17.3462 	1.6867e-05 	4.91708e-09 	6
17.3846 	1.69074e-05 	4.92934e-09 	6
17.4231 	1.69424e-05 	4.9367e-09 	6
17.4615 	1.66473e-05 	4.95468e-09 	6
17.5 	1.66208e-05 	4.94723e-09 	6
17.5385 	1.66253e-05 	4.93662e-09 	6
17.5769 	1.67149e-05 	4.9409e-09 	6
17.6154 	1.68581e-05 	4.94934e-09 	6
17.6538 	1.70345e-05 	4.95019e-09 	6
17.6923 	1.71198e-05 	4.94539e-09 	6
17.7308 	1.70792e-05 	4.96815e-09 	6
17.7692 	1.70527e-05 	4.97312e-09 	6
17.8077 	1.70635e-05 	4.96859e-09 	6
17.8462 	1.69682e-05 	4.95859e-09 	6
17.8846 	1.68855e-05 	4.97839e-09 	6
17.9231 	1.68684e-05 	4.98589e-09 	6
17.9615 	1.67622e-05 	4.98084e-09 	6
18.0 	1.66724e-05 	4.97316e-09 	6
18.0385 	1.67808e-05 	4.98871e-09 	6
18.0769 	1.68452e-05 	4.98366e-09 	6
18.1154 	1.69405e-05 	4.97535e-09 	6
18.1538 	1.70363e-05 	4.97258e-09 	6
18.1923 	1.70674e-05 	4.97328e-09 	6
18.2308 	1.71651e-05 	4.97756e-09 	6
18.2692 	1.72715e-05 	4.98106e-09 	6
18.3077 	1.73695e-05 	4.98181e-09 	6
18.3462 	1.70223e-05 	4.98569e-09 	6
18.3846 	1.70064e-05 	4.97463e-09 	6
18.4231 	1.70147e-05 	4.98014e-09 	6
18.4615 	1.70174e-05 	4.9544e-09 	6
18.5 	1.70849e-05 	4.9439e-09 	6
18.5385 	1.70813e-05 	4.94163e-09 	6
18.5769 	1.70828e-05 	4.98293e-09 	6
18.6154 	1.72809e-05 	4.99346e-09 	6
18.6538 	1.73147e-05 	4.97861e-09 	6
18.6923 	1.72977e-05 	4.97561e-09 	6
18.7308 	1.73174e-05 	4.95384e-09 	6
18.7692 	1.70941e-05 	4.94502e-09 	6
18.8077 	1.71043e-05 	4.93697e-09 	6
18.8462 	1.70828e-05 	4.92727e-09 	6
18.8846 	1.71024e-05 	4.92427e-09 	6
18.9231 	1.71528e-05 	4.93528e-09 	6
18.9615 	1.71968e-05 	4.93706e-09 	6
19.0 	1.73721e-05 	4.93092e-09 	6
19.0385 	1.74436e-05 	4.92214e-09 	6
19.0769 	1.74417e-05 	4.90836e-09 	6
19.1154 	1.74409e-05 	4.89834e-09 	6
19.1538 	1.73378e-05 	4.89048e-09 	6
19.1923 	1.72436e-05 	4.87687e-09 	6
19.2308 	1.71454e-05 	4.87024e-09 	6
19.2692 	1.71849e-05 	4.87332e-09 	6
19.3077 	1.72919e-05 	4.86327e-09 	6
19.3462 	1.73126e-05 	4.87844e-09 	6
19.3846 	1.73165e-05 	4.85398e-09 	6
19.4231 	1.74215e-05 	4.84676e-09 	6
19.4615 	1.74846e-05 	4.84221e-09 	6
19.5 	1.75157e-05 	4.83925e-09 	6
19.5385 	1.75689e-05 	4.82828e-09 	6
19.5769 	1.76512e-05 	4.82684e-09 	6
19.6154 	1.76461e-05 	4.8281e-09 	6
19.6538 	1.73979e-05 	4.81197e-09 	6
19.6923 	1.75315e-05 	4.80955e-09 	6
19.7308 	1.76406e-05 	4.79714e-09 	6
19.7692 	1.75959e-05 	4.79395e-09 	6
19.8077 	1.75407e-05 	4.78803e-09 	6
19.8462 	1.74645e-05 	4.79335e-09 	6
19.8846 	1.74461e-05 	4.78207e-09 	6
19.9231 	1.75083e-05 	4.77141e-09 	6
19.9615 	1.76404e-05 	4.76162e-09 	6
20.0 	1.76889e-05 	4.76002e-09 	6
20.0385 	1.79034e-05 	4.75957e-09 	6
20.0769 	1.79373e-05 	4.75644e-09 	6
20.1154 	1.7816e-05 	4.76039e-09 	6
20.1538 	1.78425e-05 	4.75709e-09 	6
20.1923 	1.78196e-05 	4.75469e-09 	6
20.2308 	1.78134e-05 	4.74387e-09 	6
20.2692 	1.79455e-05 	4.75407e-09 	6
20.3077 	1.79684e-05 	4.74281e-09 	6
20.3462 	1.78843e-05 	4.73812e-09 	6
20.3846 	1.79362e-05 	4.71231e-09 	6
20.4231 	1.80858e-05 	4.70601e-09 	6
20.4615 	1.81262e-05 	4.70595e-09 	6
20.5 	1.81318e-05 	4.70819e-09 	6
20.5385 	1.79475e-05 	4.71767e-09 	6
20.5769 	1.79944e-05 	4.70562e-09 	6
20.6154 	1.80613e-05 	4.688e-09 	6
20.6538 	1.80916e-05 	4.69162e-09 	6
20.6923 	1.80777e-05 	4.68986e-09 	6
20.7308 	1.81041e-05 	4.68235e-09 	6
20.7692 	1.83053e-05 	4.67563e-09 	6
20.8077 	1.83537e-05 	4.6746e-09 	6
20.8462 	1.83452e-05 	4.66125e-09 	6
20.8846 	1.83507e-05 	4.66748e-09 	6
20.9231 	1.83097e-05 	4.65595e-09 	6
20.9615 	1.82352e-05 	4.65534e-09 	6
21.0 	1.82031e-05 	4.6428e-09 	6
21.0385 	1.81936e-05 	4.63516e-09 	6
21.0769 	1.82851e-05 	4.64241e-09 	6
21.1154 	1.8559e-05 	4.64942e-09 	6
21.1538 	1.85007e-05 	4.63091e-09 	6
21.1923 	1.84676e-05 	4.62638e-09 	6
21.2308 	1.85602e-05 	4.64466e-09 	6
21.2692 	1.8596e-05 	4.63061e-09 	6
21.3077 	1.86652e-05 	4.64957e-09 	6
21.3462 	1.86386e-05 	4.64281e-09 	6
21.3846 	1.87442e-05 	4.64082e-09 	6
21.4231 	1.84762e-05 	4.63484e-09 	6
21.4615 	1.86701e-05 	4.62665e-09 	6
21.5 	1.8659e-05 	4.62335e-09 	6
21.5385 	1.86652e-05 	4.62542e-09 	6
21.5769 	1.8693e-05 	4.62055e-09 	6
21.6154 	1.87825e-05 	4.62056e-09 	6
21.6538 	1.88248e-05 	4.63027e-09 	6
21.6923 	1.88887e-05 	4.632e-09 	6
21.7308 	1.89979e-05 	4.64406e-09 	6
21.7692 	1.90583e-05 	4.65337e-09 	6
21.8077 	1.92212e-05 	4.64828e-09 	6
21.8462 	1.92115e-05 	4.63474e-09 	6
21.8846 	1.897e-05 	4.62785e-09 	6
21.9231 	1.89472e-05 	4.59886e-09 	6
21.9615 	1.88887e-05 	4.59455e-09 	6
22.0 	1.90034e-05 	4.59896e-09 	6
22.0385 	1.89501e-05 	4.58362e-09 	6
22.0769 	1.8971e-05 	4.57783e-09 	6
22.1154 	1.91571e-05 	4.5832e-09 	6
22.1538 	1.93271e-05 	4.56298e-09 	6
22.1923 	1.9421e-05 	4.56486e-09 	6
22.2308 	1.94242e-05 	4.56055e-09 	6
22.2692 	1.9523e-05 	4.55081e-09 	6
22.3077 	1.94006e-05 	4.52709e-09 	6
22.3462 	1.93562e-05 	4.52418e-09 	6
22.3846 	1.93695e-05 	4.52439e-09 	6
22.4231 	1.93065e-05 	4.51611e-09 	6
22.4615 	1.95287e-05 	4.54416e-09 	6
22.5 	1.94282e-05 	4.57422e-09 	6
22.5385 	1.93663e-05 	4.59071e-09 	6
22.5769 	1.94702e-05 	4.60361e-09 	6
22.6154 	1.9568e-05 	4.5962e-09 	6
22.6538 	1.95699e-05 	4.60032e-09 	6
22.6923 	1.96604e-05 	4.60247e-09 	6
22.7308 	1.96682e-05 	4.62476e-09 	6
22.7692 	1.97496e-05 	4.63844e-09 	6
22.8077 	1.96047e-05 	4.62872e-09 	6
22.8462 	1.95219e-05 	4.62631e-09 	6
22.8846 	1.96715e-05 	4.61411e-09 	6
22.9231 	1.9682e-05 	4.61109e-09 	6
22.9615 	1.973e-05 	4.60649e-09 	6
23.0 	1.97486e-05 	4.59238e-09 	6
23.0385 	1.97458e-05 	4.60105e-09 	6
23.0769 	1.99647e-05 	4.61037e-09 	6
23.1154 	1.99853e-05 	4.60866e-09 	6
23.1538 	2.00631e-05 	4.62075e-09 	6
23.1923 	2.01136e-05 	4.62015e-09 	6
23.2308 	1.97867e-05 	4.61876e-09 	6
23.2692 	1.985e-05 	4.63023e-09 	6
23.3077 	1.9809e-05 	4.6201e-09 	6
23.3462 	1.98609e-05 	4.62635e-09 	6
23.3846 	2.0074e-05 	4.62895e-09 	6
23.4231 	2.0086e-05 	4.63663e-09 	6
23.4615 	2.00856e-05 	4.63299e-09 	6
23.5 	2.01103e-05 	4.62686e-09 	6
23.5385 	2.02866e-05 	4.62604e-09 	6
23.5769 	2.03609e-05 	4.62864e-09 	6
23.6154 	2.04013e-05 	4.64141e-09 	6
23.6538 	2.03647e-05 	4.64498e-09 	6
23.6923 	2.03287e-05 	4.62435e-09 	6
23.7308 	2.03272e-05 	4.63181e-09 	6
23.7692 	2.03382e-05 	4.64379e-09 	6
23.8077 	2.02864e-05 	4.65083e-09 	6
23.8462 	2.03484e-05 	4.65323e-09 	6
23.8846 	2.03905e-05 	4.65593e-09 	6
23.9231 	2.03073e-05 	4.65386e-09 	6
23.9615 	2.05396e-05 	4.65821e-09 	6
24.0 	2.06703e-05 	4.68634e-09 	6
24.0385 	2.05618e-05 	4.68381e-09 	6
24.0769 	2.07021e-05 	4.67426e-09 	6
24.1154 	2.06042e-05 	4.68488e-09 	6
24.1538 	2.03677e-05 	4.7092e-09 	6
24.1923 	2.04657e-05 	4.72343e-09 	6
24.2308 	2.03044e-05 	4.7512e-09 	6
24.2692 	2.04399e-05 	4.74532e-09 	6
24.3077 	2.05989e-05 	4.77225e-09 	6
24.3462 	2.0814e-05 	4.78063e-09 	6
24.3846 	2.07748e-05 	4.78858e-09 	6
24.4231 	2.07906e-05 	4.80309e-09 	6
24.4615 	2.08172e-05 	4.80386e-09 	6
24.5 	2.06989e-05 	4.81072e-09 	6
24.5385 	2.09255e-05 	4.82343e-09 	6
24.5769 	2.09692e-05 	4.83446e-09 	6
24.6154 	2.07422e-05 	4.84282e-09 	6
24.6538 	2.07775e-05 	4.8376e-09 	6
24.6923 	2.08423e-05 	4.85278e-09 	6
24.7308 	2.10226e-05 	4.87089e-09 	6
24.7692 	2.08868e-05 	4.86112e-09 	6
24.8077 	2.09861e-05 	4.87518e-09 	6
24.8462 	2.09562e-05 	4.8899e-09 	6
24.8846 	2.11623e-05 	4.90942e-09 	6
24.9231 	2.11022e-05 	4.9062e-09 	6
24.9615 	2.10626e-05 	4.8979e-09 	6
25.0 	2.10805e-05 	4.91604e-09 	6
25.0385 	2.11066e-05 	4.92184e-09 	6
25.0769 	2.12421e-05 	4.9345e-09 	6
25.1154 	2.12501e-05 	4.92735e-09 	6
25.1538 	2.12696e-05 	4.94926e-09 	6
25.1923 	2.12687e-05 	4.94955e-09 	6
25.2308 	2.11757e-05 	4.96945e-09 	6
25.2692 	2.10834e-05 	4.99548e-09 	6
25.3077 	2.11588e-05 	5.02259e-09 	6
25.3462 	2.14054e-05 	5.03846e-09 	6
25.3846 	2.14704e-05 	5.04308e-09 	6
25.4231 	2.15597e-05 	5.05651e-09 	6
25.4615 	2.16718e-05 	5.06403e-09 	6
25.5 	2.1772e-05 	5.09568e-09 	6
25.5385 	2.16281e-05 	5.09275e-09 	6
25.5769 	2.15538e-05 	5.12935e-09 	6
25.6154 	2.1682e-05 	5.14346e-09 	6
25.6538 	2.16568e-05 	5.15104e-09 	6
25.6923 	2.17473e-05 	5.15906e-09 	6
25.7308 	2.17944e-05 	5.17588e-09 	6
25.7692 	2.17505e-05 	5.23513e-09 	6
25.8077 	2.19e-05 	5.29266e-09 	6
25.8462 	2.19621e-05 	5.30492e-09 	6
25.8846 	2.21748e-05 	5.32318e-09 	6
25.9231 	2.20662e-05 	5.33605e-09 	6
25.9615 	2.20326e-05 	5.33484e-09 	6
26.0 	2.21335e-05 	5.37388e-09 	6
26.0385 	2.21155e-05 	5.38404e-09 	6
26.0769 	2.19389e-05 	5.39174e-09 	6
26.1154 	2.20828e-05 	5.40644e-09 	6
26.1538 	2.20127e-05 	5.4146e-09 	6
26.1923 	2.21447e-05 	5.47236e-09 	6
26.2308 	2.22744e-05 	5.525e-09 	6
26.2692 	2.23255e-05 	5.57096e-09 	6
26.3077 	2.23621e-05 	5.59568e-09 	6
26.3462 	2.22007e-05 	5.57056e-09 	6
26.3846 	2.23023e-05 	5.58235e-09 	6
26.4231 	2.22326e-05 	5.62731e-09 	6
26.4615 	2.22609e-05 	5.67925e-09 	6
26.5 	2.21523e-05 	5.74008e-09 	6
26.5385 	2.23909e-05 	5.74805e-09 	6
26.5769 	2.24733e-05 	5.75474e-09 	6
26.6154 	2.25415e-05 	5.76712e-09 	6
26.6538 	2.23396e-05 	5.81396e-09 	6
26.6923 	2.24032e-05 	5.83884e-09 	6
26.7308 	2.24226e-05 	5.85173e-09 	6
26.7692 	2.25469e-05 	5.85596e-09 	6
26.8077 	2.26925e-05 	5.84365e-09 	6
26.8462 	2.25882e-05 	5.86752e-09 	6
26.8846 	2.25155e-05 	5.85789e-09 	6
26.9231 	2.25896e-05 	5.90564e-09 	6
26.9615 	2.26173e-05 	5.94454e-09 	6
27.0 	2.26679e-05 	5.93845e-09 	6
27.0385 	2.27095e-05 	5.93735e-09 	6
27.0769 	2.25425e-05 	5.94144e-09 	6
27.1154 	2.25776e-05 	5.94013e-09 	6
27.1538 	2.25335e-05 	5.96458e-09 	6
27.1923 	2.27185e-05 	6.01551e-09 	6
27.2308 	2.27529e-05 	5.9936e-09 	6
27.2692 	2.27057e-05 	5.97477e-09 	6
27.3077 	2.28502e-05 	5.99749e-09 	6
27.3462 	2.2911e-05 	6.0122e-09 	6
27.3846 	2.28064e-05 	5.9981e-09 	6
27.4231 	2.28441e-05 	5.99492e-09 	6
27.4615 	2.26699e-05 	5.98421e-09 	6
27.5 	2.25337e-05 	5.98016e-09 	6
27.5385 	2.25551e-05 	5.99821e-09 	6
27.5769 	2.27798e-05 	6.06342e-09 	6
27.6154 	2.2812e-05 	6.02795e-09 	6
27.6538 	2.25877e-05 	6.00397e-09 	6
27.6923 	2.26423e-05 	6.01546e-09 	6
27.7308 	2.2709e-05 	6.01928e-09 	6
27.7692 	2.25115e-05 	5.94776e-09 	6
27.8077 	2.25184e-05 	5.96227e-09 	6
27.8462 	2.26797e-05 	5.9969e-09 	6
27.8846 	2.27557e-05 	6.05639e-09 	6
27.9231 	2.28318e-05 	6.03524e-09 	6
27.9615 	2.28979e-05 	6.01712e-09 	6
28.0 	2.29354e-05 	6.0266e-09 	6
28.0385 	2.30167e-05 	6.03736e-09 	6
28.0769 	2.32354e-05 	6.04408e-09 	6
28.1154 	2.31084e-05 	6.08638e-09 	6
28.1538 	2.30201e-05 	6.05687e-09 	6
28.1923 	2.28206e-05 	6.02833e-09 	6
28.2308 	2.26354e-05 	6.00409e-09 	6
28.2692 	2.26957e-05 	5.98306e-09 	6
28.3077 	2.27536e-05 	6.00197e-09 	6
28.3462 	2.28615e-05 	6.02545e-09 	6
28.3846 	2.29952e-05 	5.99737e-09 	6
28.4231 	2.32012e-05 	5.98691e-09 	6
28.4615 	2.31058e-05 	6.00514e-09 	6
28.5 	2.3016e-05 	5.95748e-09 	6
28.5385 	2.30984e-05 	5.98527e-09 	6
28.5769 	2.29151e-05 	5.95474e-09 	6
28.6154 	2.28992e-05 	5.94495e-09 	6
28.6538 	2.26131e-05 	5.99539e-09 	6
28.6923 	2.24358e-05 	6.03347e-09 	6
28.7308 	2.27181e-05 	6.11047e-09 	6
28.7692 	2.3078e-05 	6.17761e-09 	6
28.8077 	2.31244e-05 	6.13584e-09 	6
28.8462 	2.28367e-05 	6.11316e-09 	6
28.8846 	2.26257e-05 	6.14379e-09 	6
28.9231 	2.26201e-05 	6.14678e-09 	6
28.9615 	2.27321e-05 	6.1868e-09 	6
29.0 	2.26132e-05 	6.20051e-09 	6
29.0385 	2.27824e-05 	6.21442e-09 	6
29.0769 	2.26915e-05 	6.25041e-09 	6
29.1154 	2.26773e-05 	6.31009e-09 	6
29.1538 	2.28709e-05 	6.29089e-09 	6
29.1923 	2.2968e-05 	6.31026e-09 	6
29.2308 	2.30345e-05 	6.28352e-09 	6
29.2692 	2.30371e-05 	6.32528e-09 	6
29.3077 	2.30962e-05 	6.3823e-09 	6
29.3462 	2.32524e-05 	6.40652e-09 	6
29.3846 	2.32832e-05 	6.49554e-09 	6
29.4231 	2.30017e-05 	6.4318e-09 	6
29.4615 	2.3107e-05 	6.40124e-09 	6
29.5 	2.32339e-05 	6.35304e-09 	6
29.5385 	2.31306e-05 	6.40179e-09 	6
29.5769 	2.30329e-05 	6.43515e-09 	6
29.6154 	2.32464e-05 	6.48382e-09 	6
29.6538 	2.34114e-05 	6.4315e-09 	6
29.6923 	2.33977e-05 	6.40848e-09 	6
29.7308 	2.33073e-05 	6.41094e-09 	6
29.7692 	2.30699e-05 	6.44126e-09 	6
29.8077 	2.29776e-05 	6.51899e-09 	6
29.8462 	2.31e-05 	6.5282e-09 	6
29.8846 	2.31186e-05 	6.48386e-09 	6
29.9231 	2.31152e-05 	6.4208e-09 	6
29.9615 	2.31465e-05 	6.40279e-09 	6
30.0 	2.32917e-05 	6.39144e-09 	6
30.0385 	2.32608e-05 	6.3841e-09 	6
30.0769 	2.31461e-05 	6.28936e-09 	6
30.1154 	2.31682e-05 	6.2506e-09 	6
30.1538 	2.30822e-05 	6.24957e-09 	6
30.1923 	2.3082e-05 	6.20168e-09 	6
30.2308 	2.30213e-05 	6.20714e-09 	6
30.2692 	2.31594e-05 	6.27109e-09 	6
30.3077 	2.30561e-05 	6.19521e-09 	6
30.3462 	2.30997e-05 	6.19099e-09 	6
30.3846 	2.30101e-05 	6.18755e-09 	6
30.4231 	2.30909e-05 	6.138e-09 	6
30.4615 	2.29519e-05 	6.12087e-09 	6
30.5 	2.28566e-05 	6.11226e-09 	6
30.5385 	2.31079e-05 	6.12324e-09 	6
30.5769 	2.3216e-05 	6.12354e-09 	6
30.6154 	2.32147e-05 	6.10261e-09 	6
30.6538 	2.3235e-05 	6.1947e-09 	6
30.6923 	2.32671e-05 	6.3977e-09 	6
30.7308 	2.32199e-05 	6.39965e-09 	6
30.7692 	2.3299e-05 	6.36673e-09 	6
30.8077 	2.33225e-05 	6.41786e-09 	6
30.8462 	2.31698e-05 	6.45111e-09 	6
30.8846 	2.30725e-05 	6.40057e-09 	6
30.9231 	2.31098e-05 	6.3142e-09 	6
30.9615 	2.32505e-05 	6.40584e-09 	6
31.0 	2.32789e-05 	6.35455e-09 	6
31.0385 	2.32278e-05 	6.32492e-09 	6
31.0769 	2.31381e-05 	6.3155e-09 	6
31.1154 	2.29934e-05 	6.29203e-09 	6
31.1538 	2.29745e-05 	6.39184e-09 	6
31.1923 	2.29952e-05 	6.33348e-09 	6
31.2308 	2.28291e-05 	6.38939e-09 	6
31.2692 	2.27368e-05 	6.33906e-09 	6
31.3077 	2.26415e-05 	6.37598e-09 	6
31.3462 	2.26976e-05 	6.46342e-09 	6
31.3846 	2.27654e-05 	6.46382e-09 	6
31.4231 	2.26907e-05 	6.37719e-09 	6
31.4615 	2.26125e-05 	6.30123e-09 	6
31.5 	2.26809e-05 	6.32387e-09 	6
31.5385 	2.27435e-05 	6.3581e-09 	6
31.5769 	2.2806e-05 	6.31676e-09 	6
31.6154 	2.26833e-05 	6.25432e-09 	6
31.6538 	2.26673e-05 	6.15824e-09 	6
31.6923 	2.26881e-05 	6.27482e-09 	6
31.7308 	2.25376e-05 	6.2579e-09 	6
31.7692 	2.24789e-05 	6.2452e-09 	6
31.8077 	2.25881e-05 	6.31503e-09 	6
31.8462 	2.27072e-05 	6.39829e-09 	6
31.8846 	2.27864e-05 	6.45264e-09 	6
31.9231 	2.28586e-05 	6.35289e-09 	6
31.9615 	2.26709e-05 	6.24556e-09 	6
32.0 	2.26379e-05 	6.21239e-09 	6
32.0385 	2.25881e-05 	6.30736e-09 	6
32.0769 	2.2521e-05 	6.28047e-09 	6
32.1154 	2.25067e-05 	6.14547e-09 	6
32.1538 	2.25449e-05 	6.04156e-09 	6
32.1923 	2.25655e-05 	6.07021e-09 	6
32.2308 	2.26233e-05 	6.06414e-09 	6
32.2692 	2.27434e-05 	6.13873e-09 	6
32.3077 	2.27125e-05 	6.01864e-09 	6
32.3462 	2.25669e-05 	5.94107e-09 	6
32.3846 	2.2583e-05 	6.01972e-09 	6
32.4231 	2.25889e-05 	6.05074e-09 	6
32.4615 	2.24638e-05 	6.00725e-09 	6
32.5 	2.23518e-05 	5.98139e-09 	6
32.5385 	2.23073e-05 	5.9769e-09 	6
32.5769 	2.23361e-05 	6.12094e-09 	6
32.6154 	2.25295e-05 	6.33701e-09 	6
32.6538 	2.26765e-05 	6.36928e-09 	6
32.6923 	2.25437e-05 	6.34245e-09 	6
32.7308 	2.24649e-05 	6.32791e-09 	6
32.7692 	2.25956e-05 	6.54997e-09 	6
32.8077 	2.25784e-05 	6.64638e-09 	6
32.8462 	2.2588e-05 	6.61912e-09 	6
32.8846 	2.25727e-05 	6.64484e-09 	6
32.9231 	2.25223e-05 	6.6107e-09 	6
32.9615 	2.27134e-05 	6.67597e-09 	6
33.0 	2.25275e-05 	6.50987e-09 	6
33.0385 	2.24741e-05 	6.44239e-09 	6
33.0769 	2.25225e-05 	6.52527e-09 	6
33.1154 	2.24619e-05 	6.52797e-09 	6
33.1538 	2.24467e-05 	6.50286e-09 	6
33.1923 	2.23514e-05 	6.28941e-09 	6
33.2308 	2.25162e-05 	6.33435e-09 	6
33.2692 	2.25559e-05 	6.33064e-09 	6
33.3077 	2.2479e-05 	6.33638e-09 	6
33.3462 	2.24919e-05 	6.31762e-09 	6
33.3846 	2.25008e-05 	6.26897e-09 	6
33.4231 	2.25342e-05 	6.24529e-09 	6
33.4615 	2.25064e-05 	6.12724e-09 	6
33.5 	2.26283e-05 	6.24653e-09 	6
33.5385 	2.22499e-05 	6.15212e-09 	6
33.5769 	2.23783e-05 	6.19446e-09 	6
33.6154 	2.24838e-05 	6.10576e-09 	6
33.6538 	2.25356e-05 	5.97331e-09 	6
33.6923 	2.2745e-05 	6.07373e-09 	6
33.7308 	2.2905e-05 	5.99626e-09 	6
33.7692 	2.30079e-05 	6.03628e-09 	6
33.8077 	2.28361e-05 	5.98082e-09 	6
33.8462 	2.27986e-05 	5.84661e-09 	6
33.8846 	2.29289e-05 	5.97492e-09 	6
33.9231 	2.28907e-05 	5.95179e-09 	6
33.9615 	2.2938e-05 	5.9698e-09 	6
34.0 	2.30433e-05 	5.96953e-09 	6
34.0385 	2.30005e-05 	5.84777e-09 	6
34.0769 	2.30355e-05 	5.87788e-09 	6
34.1154 	2.30597e-05 	5.90488e-09 	6
34.1538 	2.29834e-05 	5.80953e-09 	6
34.1923 	2.31276e-05 	5.92555e-09 	6
34.2308 	2.29134e-05 	5.87103e-09 	6
34.2692 	2.30198e-05 	5.83454e-09 	6
34.3077 	2.31344e-05 	5.79818e-09 	6
34.3462 	2.30501e-05 	5.70966e-09 	6
34.3846 	2.30936e-05 	5.80395e-09 	6
34.4231 	2.30874e-05 	5.83241e-09 	6
34.4615 	2.31207e-05 	5.77091e-09 	6
34.5 	2.3379e-05 	5.74539e-09 	6
34.5385 	2.34131e-05 	5.69437e-09 	6
34.5769 	2.33715e-05 	5.77101e-09 	6
34.6154 	2.33278e-05 	5.76185e-09 	6
34.6538 	2.32312e-05 	5.70197e-09 	6
34.6923 	2.32251e-05 	5.64853e-09 	6
34.7308 	2.35116e-05 	5.68609e-09 	6
34.7692 	2.37139e-05 	5.75195e-09 	6
34.8077 	2.37389e-05 	5.81411e-09 	6
34.8462 	2.36981e-05 	5.7702e-09 	6
34.8846 	2.36353e-05 	5.70897e-09 	6
34.9231 	2.37876e-05 	5.78654e-09 	6
34.9615 	2.35662e-05 	5.83861e-09 	6
35.0 	2.36009e-05 	5.82767e-09 	6
35.0385 	2.35718e-05 	5.73021e-09 	6
35.0769 	2.35407e-05 	5.62219e-09 	6
35.1154 	2.38352e-05 	5.79324e-09 	6
35.1538 	2.38441e-05 	5.78331e-09 	6
35.1923 	2.36558e-05 	5.73502e-09 	6
35.2308 	2.37245e-05 	5.69678e-09 	6
35.2692 	2.36408e-05 	5.6013e-09 	6
35.3077 	2.39399e-05 	5.82759e-09 	6
35.3462 	2.39579e-05 	5.78684e-09 	6
35.3846 	2.40886e-05 	5.74936e-09 	6
35.4231 	2.41819e-05 	5.72927e-09 	6
35.4615 	2.4129e-05 	5.66575e-09 	6
35.5 	2.41644e-05 	5.81721e-09 	6
35.5385 	2.41714e-05 	5.88061e-09 	6
35.5769 	2.40941e-05 	5.83197e-09 	6
35.6154 	2.41088e-05 	5.83804e-09 	6
35.6538 	2.40863e-05 	5.84238e-09 	6
35.6923 	2.42843e-05 	5.89408e-09 	6
35.7308 	2.44477e-05 	6.04005e-09 	6
35.7692 	2.43165e-05 	5.96046e-09 	6
35.8077 	2.44312e-05 	6.03435e-09 	6
35.8462 	2.45559e-05 	6.08246e-09 	6
35.8846 	2.43617e-05 	6.03864e-09 	6
35.9231 	2.44774e-05 	6.19545e-09 	6
35.9615 	2.45979e-05 	6.17783e-09 	6
36.0 	2.47214e-05 	6.21856e-09 	6
36.0385 	2.47664e-05 	6.24614e-09 	6
36.0769 	2.46398e-05 	6.17757e-09 	6
36.1154 	2.47345e-05 	6.15163e-09 	6
36.1538 	2.4755e-05 	6.15892e-09 	6
36.1923 	2.48e-05 	6.30808e-09 	6
36.2308 	2.48587e-05 	6.33529e-09 	6
36.2692 	2.48327e-05 	6.30811e-09 	6
36.3077 	2.48801e-05 	6.29173e-09 	6
36.3462 	2.51003e-05 	6.27536e-09 	6
36.3846 	2.51098e-05 	6.33251e-09 	6
36.4231 	2.50819e-05 	6.31939e-09 	6
36.4615 	2.50919e-05 	6.22736e-09 	6
36.5 	2.51916e-05 	6.25015e-09 	6
36.5385 	2.54407e-05 	6.28344e-09 	6
36.5769 	2.55322e-05 	6.35593e-09 	6
36.6154 	2.54626e-05 	6.27895e-09 	6
36.6538 	2.54016e-05 	6.28113e-09 	6
36.6923 	2.53393e-05 	6.21708e-09 	6
36.7308 	2.57084e-05 	6.33587e-09 	6
36.7692 	2.58187e-05 	6.34244e-09 	6
36.8077 	2.55871e-05 	6.37761e-09 	6
36.8462 	2.55978e-05 	6.3295e-09 	6
36.8846 	2.56457e-05 	6.38214e-09 	6
36.9231 	2.59369e-05 	6.41232e-09 	6
36.9615 	2.59888e-05 	6.37748e-09 	6
37.0 	2.60013e-05 	6.32799e-09 	6
37.0385 	2.59448e-05 	6.30432e-09 	6
37.0769 	2.59184e-05 	6.29937e-09 	6
37.1154 	2.63815e-05 	6.34657e-09 	6
37.1538 	2.63499e-05 	6.32595e-09 	6
37.1923 	2.6347e-05 	6.30634e-09 	6
37.2308 	2.63146e-05 	6.2845e-09 	6
37.2692 	2.6374e-05 	6.2739e-09 	6
37.3077 	2.65627e-05 	6.33262e-09 	6
37.3462 	2.67538e-05 	6.44706e-09 	6
37.3846 	2.67726e-05 	6.38695e-09 	6
37.4231 	2.68557e-05 	6.30816e-09 	6
37.4615 	2.6986e-05 	6.3559e-09 	6
37.5 	2.71639e-05 	6.51247e-09 	6
37.5385 	2.72431e-05 	6.58858e-09 	6
37.5769 	2.72194e-05 	6.55131e-09 	6
37.6154 	2.73963e-05 	6.59815e-09 	6
37.6538 	2.76914e-05 	6.73732e-09 	6
37.6923 	2.76875e-05 	6.81984e-09 	6
37.7308 	2.77118e-05 	6.83907e-09 	6
37.7692 	2.78446e-05 	6.91904e-09 	6
37.8077 	2.80438e-05 	7.0584e-09 	6
37.8462 	2.79168e-05 	7.08545e-09 	6
37.8846 	2.80648e-05 	7.0994e-09 	6
37.9231 	2.80252e-05 	7.03997e-09 	6
37.9615 	2.80769e-05 	7.0926e-09 	6
38.0 	2.80916e-05 	7.12036e-09 	6
38.0385 	2.79296e-05 	7.02041e-09 	6
38.0769 	2.81148e-05 	7.01173e-09 	6
38.1154 	2.82448e-05 	7.07998e-09 	6
38.1538 	2.82536e-05 	7.06124e-09 	6
38.1923 	2.8288e-05 	7.00928e-09 	6
38.2308 	2.84061e-05 	6.98333e-09 	6
38.2692 	2.87743e-05 	6.93489e-09 	6
38.3077 	2.88364e-05 	6.91943e-09 	6
38.3462 	2.87528e-05 	6.85877e-09 	6
38.3846 	2.87068e-05 	6.91569e-09 	6
38.4231 	2.89522e-05 	7.06618e-09 	6
38.4615 	2.92365e-05 	7.09946e-09 	6
38.5 	2.92461e-05 	7.03364e-09 	6
38.5385 	2.9378e-05 	7.10454e-09 	6
38.5769 	2.92862e-05 	7.14435e-09 	6
38.6154 	2.94563e-05 	7.27772e-09 	6
38.6538 	2.95804e-05 	7.45196e-09 	6
38.6923 	2.97372e-05 	7.56678e-09 	6
38.7308 	2.95394e-05 	7.56263e-09 	6
38.7692 	2.95566e-05 	7.70263e-09 	6
38.8077 	2.96948e-05 	7.90871e-09 	6
38.8462 	2.97669e-05 	7.9022e-09 	6
38.8846 	2.96623e-05 	8.0344e-09 	6
38.9231 	2.95298e-05 	8.22676e-09 	6
38.9615 	2.9817e-05 	8.38737e-09 	6
39.0 	2.9876e-05 	8.35928e-09 	6
39.0385 	2.99196e-05 	8.35405e-09 	6
39.0769 	3.00503e-05 	8.43057e-09 	6
39.1154 	3.02897e-05 	8.57033e-09 	6
39.1538 	3.03071e-05 	8.75078e-09 	6
39.1923 	3.02741e-05 	8.72731e-09 	6
39.2308 	3.04483e-05 	8.70821e-09 	6
39.2692 	3.0343e-05 	8.79812e-09 	6
39.3077 	3.03464e-05 	8.95853e-09 	6
39.3462 	3.02076e-05 	8.91647e-09 	6
39.3846 	3.02969e-05 	8.93164e-09 	6
39.4231 	3.04916e-05 	9.1108e-09 	6
39.4615 	3.05009e-05 	9.20191e-09 	6
39.5 	3.04709e-05 	9.40647e-09 	6
39.5385 	3.02728e-05 	9.47048e-09 	6
39.5769 	3.04362e-05 	9.57995e-09 	6
39.6154 	3.0529e-05 	9.74567e-09 	6
39.6538 	3.06681e-05 	9.82533e-09 	6
39.6923 	3.05444e-05 	9.63535e-09 	6
39.7308 	3.05457e-05 	9.93092e-09 	6
39.7692 	3.04901e-05 	9.94218e-09 	6
39.8077 	3.06427e-05 	3.35598e-09 	7
39.8462 	3.0623e-05 	3.33856e-09 	7
39.8846 	3.07328e-05 	9.96937e-09 	6
39.9231 	3.07302e-05 	3.39493e-09 	7
39.9615 	3.08096e-05 	3.5168e-09 	7
40.0 	3.08977e-05 	3.48258e-09 	7
40.0385 	3.09077e-05 	3.496e-09 	7
40.0769 	3.07139e-05 	3.53807e-09 	7
40.1154 	3.07377e-05 	3.63591e-09 	7
40.1538 	3.07784e-05 	3.73227e-09 	7
40.1923 	3.07583e-05 	3.78786e-09 	7
40.2308 	3.06795e-05 	3.84006e-09 	7
40.2692 	3.08454e-05 	3.8735e-09 	7
40.3077 	3.09386e-05 	3.94102e-09 	7
40.3462 	3.1039e-05 	4.08085e-09 	7
40.3846 	3.09242e-05 	4.16326e-09 	7
40.4231 	3.07815e-05 	4.17615e-09 	7
40.4615 	3.04618e-05 	4.22127e-09 	7
40.5 	3.06319e-05 	4.28659e-09 	7
40.5385 	3.08875e-05 	4.34138e-09 	7
40.5769 	3.10384e-05 	4.37529e-09 	7
40.6154 	3.09631e-05 	4.33456e-09 	7
40.6538 	3.09899e-05 	4.30964e-09 	7
40.6923 	3.10356e-05 	4.3477e-09 	7
40.7308 	3.11301e-05 	4.40413e-09 	7
40.7692 	3.11623e-05 	4.45523e-09 	7
40.8077 	3.11597e-05 	4.41531e-09 	7
40.8462 	3.11613e-05 	4.44903e-09 	7
40.8846 	3.1016e-05 	4.42722e-09 	7
40.9231 	3.10402e-05 	4.38667e-09 	7
40.9615 	3.12554e-05 	4.40842e-09 	7
41.0 	3.12117e-05 	4.37199e-09 	7
41.0385 	3.12867e-05 	4.46614e-09 	7
41.0769 	3.13368e-05 	4.48113e-09 	7
41.1154 	3.13101e-05 	4.50109e-09 	7
41.1538 	3.14294e-05 	4.54555e-09 	7
41.1923 	3.1302e-05 	4.53133e-09 	7
41.2308 	3.12612e-05 	4.66054e-09 	7
41.2692 	3.14394e-05 	4.74145e-09 	7
41.3077 	3.13478e-05 	4.76428e-09 	7
41.3462 	3.13813e-05 	4.72303e-09 	7
41.3846 	3.13456e-05 	4.77506e-09 	7
41.4231 	3.15481e-05 	4.95866e-09 	7
41.4615 	3.15043e-05 	4.94302e-09 	7
41.5 	3.14404e-05 	4.96533e-09 	7
41.5385 	3.16315e-05 	4.98738e-09 	7
41.5769 	3.1725e-05 	4.99392e-09 	7
41.6154 	3.19119e-05 	5.06842e-09 	7
41.6538 	3.16383e-05 	4.99151e-09 	7
41.6923 	3.17216e-05 	4.97948e-09 	7
41.7308 	3.17784e-05 	4.9995e-09 	7
41.7692 	3.18024e-05 	5.00604e-09 	7
41.8077 	3.18007e-05 	4.99721e-09 	7
41.8462 	3.18358e-05 	4.98226e-09 	7
41.8846 	3.17556e-05 	4.94907e-09 	7
41.9231 	3.16497e-05 	4.92644e-09 	7
41.9615 	3.16128e-05 	5.012e-09 	7
42.0 	3.16563e-05 	5.07592e-09 	7
42.0385 	3.16211e-05 	5.12334e-09 	7
42.0769 	3.12938e-05 	5.0293e-09 	7
42.1154 	3.13734e-05 	5.01778e-09 	7
42.1538 	3.14286e-05 	5.05164e-09 	7
42.1923 	3.15582e-05 	5.15014e-09 	7
42.2308 	3.13011e-05 	5.10362e-09 	7
42.2692 	3.11457e-05 	5.08734e-09 	7
42.3077 	3.1225e-05 	5.16045e-09 	7
42.3462 	3.13417e-05 	5.24542e-09 	7
42.3846 	3.13525e-05 	5.33513e-09 	7
42.4231 	3.1127e-05 	5.28212e-09 	7
42.4615 	3.12113e-05 	5.34821e-09 	7
42.5 	3.12436e-05 	5.35025e-09 	7
42.5385 	3.14381e-05 	5.32561e-09 	7
42.5769 	3.13527e-05 	5.31257e-09 	7
42.6154 	3.13013e-05 	5.36815e-09 	7
42.6538 	3.1266e-05 	5.44791e-09 	7
42.6923 	3.14251e-05 	5.53094e-09 	7
42.7308 	3.14645e-05 	5.53351e-09 	7
42.7692 	3.12666e-05 	5.49113e-09 	7
42.8077 	3.11492e-05 	5.57807e-09 	7
42.8462 	3.13772e-05 	5.72018e-09 	7
42.8846 	3.14009e-05 	5.85396e-09 	7
42.9231 	3.13286e-05 	5.81847e-09 	7
42.9615 	3.12728e-05 	5.83148e-09 	7
43.0 	3.12776e-05 	5.96606e-09 	7
43.0385 	3.14696e-05 	6.12814e-09 	7
43.0769 	3.12217e-05 	6.14742e-09 	7
43.1154 	3.12778e-05 	6.17211e-09 	7
43.1538 	3.13018e-05 	6.17527e-09 	7
43.1923 	3.12453e-05 	6.27284e-09 	7
43.2308 	3.13032e-05 	6.31533e-09 	7
43.2692 	3.13868e-05 	6.26182e-09 	7
43.3077 	3.13861e-05 	6.30711e-09 	7
43.3462 	3.16484e-05 	6.54829e-09 	7
43.3846 	3.16226e-05 	6.57343e-09 	7
43.4231 	3.1609e-05 	6.49499e-09 	7
43.4615 	3.14979e-05 	6.45697e-09 	7
43.5 	3.20336e-05 	6.64662e-09 	7
43.5385 	3.22314e-05 	6.66639e-09 	7
43.5769 	3.19848e-05 	6.49215e-09 	7
43.6154 	3.21332e-05 	6.44803e-09 	7
43.6538 	3.25872e-05 	6.68806e-09 	7
43.6923 	3.26007e-05 	6.68567e-09 	7
43.7308 	3.24785e-05 	6.56442e-09 	7
43.7692 	3.2573e-05 	6.61932e-09 	7
43.8077 	3.28754e-05 	6.8967e-09 	7
43.8462 	3.2636e-05 	6.87349e-09 	7
43.8846 	3.28021e-05 	6.80793e-09 	7
43.9231 	3.29523e-05 	6.83449e-09 	7
43.9615 	3.27096e-05 	7.12417e-09 	7
44.0 	3.28049e-05 	7.08371e-09 	7
44.0385 	3.29337e-05 	6.97754e-09 	7
44.0769 	3.2986e-05 	7.0881e-09 	7
44.1154 	3.31194e-05 	7.18339e-09 	7
44.1538 	3.30155e-05 	7.05824e-09 	7
44.1923 	3.28799e-05 	7.04063e-09 	7
44.2308 	3.32127e-05 	7.37214e-09 	7
44.2692 	3.30442e-05 	7.32102e-09 	7
44.3077 	3.29799e-05 	7.18296e-09 	7
44.3462 	3.32193e-05 	7.30409e-09 	7
44.3846 	3.36654e-05 	7.41568e-09 	7
44.4231 	3.30973e-05 	7.16702e-09 	7
44.4615 	3.336e-05 	7.25171e-09 	7
44.5 	3.37086e-05 	7.40058e-09 	7
44.5385 	3.37991e-05 	7.25562e-09 	7
44.5769 	3.35324e-05 	7.19888e-09 	7
44.6154 	3.37138e-05 	7.22778e-09 	7
44.6538 	3.40591e-05 	7.22187e-09 	7
44.6923 	3.39862e-05 	7.17357e-09 	7
44.7308 	3.39057e-05 	7.16308e-09 	7
44.7692 	3.41003e-05 	7.10627e-09 	7
44.8077 	3.43627e-05 	7.17735e-09 	7
44.8462 	3.42635e-05 	7.05552e-09 	7
44.8846 	3.46984e-05 	7.08709e-09 	7
44.9231 	3.46625e-05 	7.06865e-09 	7
44.9615 	3.44918e-05 	7.16238e-09 	7
45.0 	3.43643e-05 	7.21571e-09 	7
45.0385 	3.44737e-05 	7.08957e-09 	7
45.0769 	3.46061e-05 	7.23775e-09 	7
45.1154 	3.44483e-05 	7.18073e-09 	7
45.1538 	3.46426e-05 	7.22008e-09 	7
45.1923 	3.4782e-05 	7.29029e-09 	7
45.2308 	3.43951e-05 	7.36753e-09 	7
45.2692 	3.45352e-05 	7.47223e-09 	7
45.3077 	3.4294e-05 	7.51598e-09 	7
45.3462 	3.43818e-05 	7.55147e-09 	7
45.3846 	3.42871e-05 	7.54963e-09 	7
45.4231 	3.42452e-05 	7.62062e-09 	7
45.4615 	3.42116e-05 	7.71617e-09 	7
45.5 	3.39821e-05 	7.67791e-09 	7
45.5385 	3.39825e-05 	7.73488e-09 	7
45.5769 	3.41222e-05 	7.68021e-09 	7
45.6154 	3.3813e-05 	7.43212e-09 	7
45.6538 	3.40443e-05 	7.43668e-09 	7
45.6923 	3.39693e-05 	7.36737e-09 	7
45.7308 	3.35011e-05 	7.17361e-09 	7
45.7692 	3.30867e-05 	6.96952e-09 	7
45.8077 	3.36235e-05 	6.92518e-09 	7
45.8462 	3.36101e-05 	6.8795e-09 	7
45.8846 	3.30168e-05 	6.62818e-09 	7
45.9231 	3.33857e-05 	6.70983e-09 	7
45.9615 	3.36712e-05 	6.65553e-09 	7
46.0 	3.31322e-05 	6.38684e-09 	7
46.0385 	3.28711e-05 	6.36541e-09 	7
46.0769 	3.31745e-05 	6.37185e-09 	7
46.1154 	3.31038e-05 	6.30962e-09 	7
46.1538 	3.25012e-05 	6.13131e-09 	7
46.1923 	3.26829e-05 	6.21488e-09 	7
46.2308 	3.2843e-05 	6.35418e-09 	7
46.2692 	3.26281e-05 	6.21578e-09 	7
46.3077 	3.22393e-05 	6.3089e-09 	7
46.3462 	3.19873e-05 	6.24941e-09 	7
46.3846 	3.22002e-05 	6.63005e-09 	7
46.4231 	3.18238e-05 	6.49538e-09 	7
46.4615 	3.16718e-05 	6.64754e-09 	7
46.5 	3.1385e-05 	6.54563e-09 	7
46.5385 	3.17018e-05 	6.71149e-09 	7
46.5769 	3.14208e-05 	6.57291e-09 	7
46.6154 	3.11498e-05 	6.4718e-09 	7
46.6538 	3.09022e-05 	6.36193e-09 	7
46.6923 	3.10431e-05 	6.46529e-09 	7
46.7308 	3.0833e-05 	6.44093e-09 	7
46.7692 	3.04987e-05 	6.23678e-09 	7
46.8077 	3.0109e-05 	6.12829e-09 	7
46.8462 	3.02848e-05 	6.03846e-09 	7
46.8846 	3.00214e-05 	5.97313e-09 	7
46.9231 	2.98521e-05 	5.81369e-09 	7
46.9615 	2.94679e-05 	5.69274e-09 	7
47.0 	2.93277e-05 	5.64006e-09 	7
47.0385 	2.92731e-05 	5.79163e-09 	7
47.0769 	2.91169e-05 	5.49483e-09 	7
47.1154 	2.86159e-05 	5.33624e-09 	7
47.1538 	2.84583e-05 	5.38291e-09 	7
47.1923 	2.81061e-05 	5.39584e-09 	7
47.2308 	2.81507e-05 	5.25741e-09 	7
47.2692 	2.80455e-05 	5.15875e-09 	7
47.3077 	2.77939e-05 	5.26663e-09 	7
47.3462 	2.7221e-05 	5.13176e-09 	7
47.3846 	2.72024e-05 	5.13604e-09 	7
47.4231 	2.71602e-05 	5.04082e-09 	7
47.4615 	2.7078e-05 	5.16886e-09 	7
47.5 	2.66423e-05 	5.07038e-09 	7
47.5385 	2.65436e-05 	4.97296e-09 	7
47.5769 	2.61465e-05 	4.81841e-09 	7
47.6154 	2.58193e-05 	4.68121e-09 	7
47.6538 	2.60523e-05 	4.8523e-09 	7
47.6923 	2.58792e-05 	4.78796e-09 	7
47.7308 	2.5874e-05 	4.73879e-09 	7
47.7692 	2.55832e-05 	4.63979e-09 	7
47.8077 	2.53743e-05 	4.7148e-09 	7
47.8462 	2.53644e-05 	4.78807e-09 	7
47.8846 	2.53014e-05 	4.80758e-09 	7
47.9231 	2.52948e-05 	4.91233e-09 	7
47.9615 	2.49205e-05 	4.92512e-09 	7
48.0 	2.49197e-05 	5.15479e-09 	7
48.0385 	2.47138e-05 	5.21062e-09 	7
48.0769 	2.46002e-05 	5.27124e-09 	7
48.1154 	2.47049e-05 	5.19775e-09 	7
48.1538 	2.47919e-05 	5.16107e-09 	7
48.1923 	2.47375e-05 	5.09146e-09 	7
48.2308 	2.41282e-05 	5.0342e-09 	7
48.2692 	2.37913e-05 	5.03873e-09 	7
48.3077 	2.38302e-05 	4.99042e-09 	7
48.3462 	2.38164e-05 	4.95816e-09 	7
48.3846 	2.40107e-05 	4.9731e-09 	7
48.4231 	2.34986e-05 	4.86357e-09 	7
48.4615 	2.3355e-05 	4.89964e-09 	7
48.5 	2.31812e-05 	4.84849e-09 	7
48.5385 	2.30339e-05 	4.78348e-09 	7
48.5769 	2.2935e-05 	4.72266e-09 	7
48.6154 	2.30916e-05 	4.62295e-09 	7
48.6538 	2.28439e-05 	4.55162e-09 	7
48.6923 	2.26232e-05 	4.53368e-09 	7
48.7308 	2.22469e-05 	4.45867e-09 	7
48.7692 	2.22155e-05 	4.56685e-09 	7
48.8077 	2.22048e-05 	4.51671e-09 	7
48.8462 	2.19893e-05 	4.4068e-09 	7
48.8846 	2.19363e-05 	4.37686e-09 	7
48.9231 	2.15848e-05 	4.29136e-09 	7
48.9615 	2.15095e-05 	4.64794e-09 	7
49.0 	2.1443e-05 	4.65441e-09 	7
49.0385 	2.1138e-05 	4.56343e-09 	7
49.0769 	2.07971e-05 	4.50079e-09 	7
49.1154 	2.06417e-05 	4.40779e-09 	7
49.1538 	2.06409e-05 	4.49016e-09 	7
49.1923 	2.07094e-05 	4.55429e-09 	7
49.2308 	2.05756e-05 	4.49583e-09 	7
49.2692 	2.01776e-05 	4.42757e-09 	7
49.3077 	1.9855e-05 	4.37453e-09 	7
49.3462 	1.99364e-05 	4.38873e-09 	7
49.3846 	1.98616e-05 	4.24859e-09 	7
49.4231 	2.00625e-05 	4.18557e-09 	7
49.4615 	1.98656e-05 	4.12657e-09 	7
49.5 	1.95733e-05 	4.08187e-09 	7
49.5385 	1.95714e-05 	4.14507e-09 	7
49.5769 	1.93373e-05 	4.04467e-09 	7
49.6154 	1.90202e-05 	3.94987e-09 	7
49.6538 	1.91089e-05 	3.8839e-09 	7
49.6923 	1.90872e-05 	3.8568e-09 	7
49.7308 	1.8835e-05 	3.81472e-09 	7
49.7692 	1.88005e-05 	3.80375e-09 	7
49.8077 	1.84166e-05 	3.67717e-09 	7
49.8462 	1.82032e-05 	3.57109e-09 	7
49.8846 	1.80519e-05 	9.82761e-09 	6
49.9231 	1.80338e-05 	3.55233e-09 	7
49.9615 	1.8031e-05 	9.94096e-09 	6
50.0 	1.78211e-05 	9.66933e-09 	6
50.0385 	1.76165e-05 	9.43393e-09 	6
50.0769 	1.74266e-05 	9.15137e-09 	6
50.1154 	1.73474e-05 	9.53513e-09 	6
50.1538 	1.71879e-05 	9.47241e-09 	6
50.1923 	1.7079e-05 	9.24888e-09 	6
50.2308 	1.70185e-05 	9.01745e-09 	6
50.2692 	1.6981e-05 	8.77587e-09 	6
50.3077 	1.68685e-05 	9.03757e-09 	6
50.3462 	1.67267e-05 	9.21611e-09 	6
50.3846 	1.65628e-05 	9.17357e-09 	6
50.4231 	1.62682e-05 	8.85443e-09 	6
50.4615 	1.61181e-05 	8.60207e-09 	6
50.5 	1.59341e-05 	8.37386e-09 	6
50.5385 	1.5945e-05 	8.39062e-09 	6
50.5769 	1.59024e-05 	8.34963e-09 	6
50.6154 	1.56554e-05 	8.09273e-09 	6
50.6538 	1.54535e-05 	7.80485e-09 	6
50.6923 	1.52171e-05 	7.53783e-09 	6
50.7308 	1.49078e-05 	7.28552e-09 	6
50.7692 	1.49808e-05 	7.21732e-09 	6
50.8077 	1.5003e-05 	7.24876e-09 	6
50.8462 	1.47247e-05 	6.97232e-09 	6
50.8846 	1.44081e-05 	6.71847e-09 	6
50.9231 	1.41241e-05 	6.51844e-09 	6
50.9615 	1.41418e-05 	6.41218e-09 	6
51.0 	1.39626e-05 	6.23242e-09 	6
51.0385 	1.40466e-05 	6.28379e-09 	6
51.0769 	1.37442e-05 	6.07055e-09 	6
51.1154 	1.36059e-05 	5.94773e-09 	6
51.1538 	1.34692e-05 	5.82939e-09 	6
51.1923 	1.32021e-05 	5.63068e-09 	6
51.2308 	1.29823e-05 	5.48582e-09 	6
51.2692 	1.29332e-05 	5.50495e-09 	6
51.3077 	1.30397e-05 	5.48652e-09 	6
51.3462 	1.28646e-05 	5.31988e-09 	6
51.3846 	1.26039e-05 	5.15168e-09 	6
51.4231 	1.24833e-05 	5.017e-09 	6
51.4615 	1.22029e-05 	4.89349e-09 	6
51.5 	1.21192e-05 	5.04141e-09 	6
51.5385 	1.20377e-05 	4.88662e-09 	6
51.5769 	1.18834e-05 	4.7355e-09 	6
51.6154 	1.17776e-05 	4.62066e-09 	6
51.6538 	1.15379e-05 	4.50279e-09 	6
51.6923 	1.13991e-05 	4.5637e-09 	6
51.7308 	1.12602e-05 	4.58794e-09 	6
51.7692 	1.10178e-05 	4.43144e-09 	6
51.8077 	1.08137e-05 	4.30419e-09 	6
51.8462 	1.05297e-05 	4.17954e-09 	6
51.8846 	1.03393e-05 	4.17699e-09 	6
51.9231 	1.02743e-05 	4.32857e-09 	6
51.9615 	1.01215e-05 	4.19396e-09 	6
52.0 	9.99348e-06 	4.09044e-09 	6
52.0385 	9.74598e-06 	3.93875e-09 	6
52.0769 	9.48648e-06 	3.83205e-09 	6
52.1154 	9.38647e-06 	4.02743e-09 	6
52.1538 	9.33164e-06 	4.05724e-09 	6
52.1923 	9.12145e-06 	3.92824e-09 	6
52.2308 	8.88882e-06 	3.8031e-09 	6
52.2692 	8.77532e-06 	3.7025e-09 	6
52.3077 	8.58991e-06 	9.76507e-09 	5
52.3462 	8.50438e-06 	3.78305e-09 	6
52.3846 	8.3878e-06 	3.84196e-09 	6
52.4231 	8.17462e-06 	3.71974e-09 	6
52.4615 	7.97708e-06 	9.70258e-09 	5
52.5 	7.87568e-06 	9.38506e-09 	5
52.5385 	7.82109e-06 	9.06367e-09 	5
52.5769 	7.64268e-06 	8.64477e-09 	5
52.6154 	7.53288e-06 	8.69398e-09 	5
52.6538 	7.43216e-06 	8.42531e-09 	5
52.6923 	7.26001e-06 	8.14591e-09 	5
52.7308 	7.09634e-06 	7.87246e-09 	5
52.7692 	7.00635e-06 	7.62501e-09 	5
52.8077 	6.84006e-06 	7.38352e-09 	5
52.8462 	6.73027e-06 	7.18709e-09 	5
52.8846 	6.67408e-06 	6.9719e-09 	5
52.9231 	6.51243e-06 	6.76385e-09 	5
52.9615 	6.35933e-06 	6.55564e-09 	5
53.0 	6.20225e-06 	6.34186e-09 	5
53.0385 	6.06161e-06 	6.10989e-09 	5
53.0769 	5.91188e-06 	5.92977e-09 	5
53.1154 	5.79625e-06 	5.78332e-09 	5
53.1538 	5.74149e-06 	5.60864e-09 	5
53.1923 	5.67539e-06 	5.44635e-09 	5
53.2308 	5.52794e-06 	5.27558e-09 	5
53.2692 	5.38287e-06 	5.13688e-09 	5
53.3077 	5.24742e-06 	5.01438e-09 	5
53.3462 	5.11386e-06 	4.9074e-09 	5
53.3846 	4.97673e-06 	4.80302e-09 	5
53.4231 	4.87115e-06 	4.71904e-09 	5
53.4615 	4.72758e-06 	4.57551e-09 	5
53.5 	4.72753e-06 	4.4459e-09 	5
53.5385 	4.65464e-06 	4.34013e-09 	5
53.5769 	4.5385e-06 	4.24131e-09 	5
53.6154 	4.43329e-06 	4.15163e-09 	5
53.6538 	4.33496e-06 	4.05943e-09 	5
53.6923 	6.36701e-05 	6.67191e-09 	5
53.7308 	6.16828e-05 	6.43615e-09 	5
53.7692 	6.05969e-05 	6.25067e-09 	5
53.8077 	5.97539e-05 	6.06667e-09 	5
53.8462 	5.89476e-05 	5.88105e-09 	5
53.8846 	5.81171e-05 	5.71496e-09 	5
53.9231 	5.73276e-05 	5.59581e-09 	5
53.9615 	5.65023e-05 	5.44861e-09 	5
54.0 	5.56757e-05 	5.28459e-09 	5
54.0385 	5.48763e-05 	5.11718e-09 	5
54.0769 	5.40955e-05 	4.95364e-09 	5
54.1154 	5.33053e-05 	4.80397e-09 	5
54.1538 	5.25249e-05 	4.64841e-09 	5
54.1923 	5.1765e-05 	4.50368e-09 	5
54.2308 	5.10124e-05 	4.37297e-09 	5
54.2692 	5.02866e-05 	4.25846e-09 	5
54.3077 	4.95437e-05 	4.125e-09 	5
54.3462 	4.88142e-05 	3.99654e-09 	5
54.3846 	4.80978e-05 	3.86871e-09 	5
54.4231 	4.73613e-05 	3.75801e-09 	5
54.4615 	4.66235e-05 	3.63343e-09 	5
54.5 	4.5929e-05 	3.52669e-09 	5
54.5385 	4.52392e-05 	3.43458e-09 	5
54.5769 	4.45443e-05 	9.84498e-09 	4
54.6154 	4.38717e-05 	9.5744e-09 	4
54.6538 	4.3206e-05 	9.24758e-09 	4
54.6923 	4.25116e-05 	8.9996e-09 	4
54.7308 	4.18232e-05 	8.74126e-09 	4
54.7692 	4.11649e-05 	8.5247e-09 	4
54.8077 	4.04931e-05 	8.31674e-09 	4
54.8462 	3.98251e-05 	8.08909e-09 	4
54.8846 	3.91622e-05 	7.88525e-09 	4
54.9231 	3.84968e-05 	7.70575e-09 	4
54.9615 	3.7839e-05 	7.51422e-09 	4
55.0 	3.71994e-05 	7.32757e-09 	4
55.0385 	3.65753e-05 	7.15574e-09 	4
55.0769 	3.592e-05 	6.98324e-09 	4
55.1154 	3.52891e-05 	6.83598e-09 	4
55.1538 	3.46643e-05 	6.68451e-09 	4
55.1923 	3.40304e-05 	6.53051e-09 	4
55.2308 	3.33923e-05 	6.37941e-09 	4
55.2692 	3.27492e-05 	6.24491e-09 	4
55.3077 	3.21252e-05 	6.11368e-09 	4
55.3462 	3.14868e-05 	5.9777e-09 	4
55.3846 	3.08889e-05 	5.86746e-09 	4
55.4231 	3.03464e-05 	5.77412e-09 	4
55.4615 	2.98253e-05 	5.77293e-09 	4
55.5 	2.92652e-05 	5.60285e-09 	4
55.5385 	2.86688e-05 	5.44421e-09 	4
55.5769 	2.80426e-05 	5.29735e-09 	4
55.6154 	2.73672e-05 	5.14591e-09 	4
55.6538 	2.67334e-05 	5.02072e-09 	4
55.6923 	2.61578e-05 	4.89156e-09 	4
55.7308 	2.55853e-05 	4.78501e-09 	4
55.7692 	2.50192e-05 	4.67058e-09 	4
55.8077 	2.44794e-05 	4.56643e-09 	4
55.8462 	2.39213e-05 	4.46771e-09 	4
55.8846 	2.33739e-05 	4.36983e-09 	4
55.9231 	2.28506e-05 	4.28327e-09 	4
55.9615 	2.23129e-05 	4.19749e-09 	4
56.0 	2.17743e-05 	4.12038e-09 	4
56.0385 	2.12448e-05 	4.03991e-09 	4
56.0769 	2.07224e-05 	3.96006e-09 	4
56.1154 	2.02091e-05 	3.88322e-09 	4
56.1538 	1.97118e-05 	3.8085e-09 	4
56.1923 	1.92267e-05 	3.73329e-09 	4
56.2308 	1.87473e-05 	3.66211e-09 	4
56.2692 	1.82843e-05 	3.58989e-09 	4
56.3077 	1.78398e-05 	3.53047e-09 	4
56.3462 	1.74169e-05 	3.4512e-09 	4
56.3846 	1.6991e-05 	3.38636e-09 	4
56.4231 	1.65761e-05 	3.31365e-09 	4
56.4615 	1.61668e-05 	3.24344e-09 	4
56.5 	1.57693e-05 	3.18154e-09 	4
56.5385 	1.53782e-05 	3.11599e-09 	4
56.5769 	1.49999e-05 	9.93679e-09 	3
56.6154 	1.46359e-05 	9.73212e-09 	3
56.6538 	1.42866e-05 	9.53715e-09 	3
56.6923 	1.39473e-05 	9.32871e-09 	3
56.7308 	1.36161e-05 	9.16452e-09 	3
56.7692 	1.33059e-05 	8.98894e-09 	3
56.8077 	1.30005e-05 	8.8093e-09 	3
56.8462 	1.27022e-05 	8.64819e-09 	3
56.8846 	1.2417e-05 	8.48356e-09 	3
56.9231 	1.21354e-05 	8.33289e-09 	3
56.9615 	1.18635e-05 	8.17615e-09 	3
57.0 	1.16017e-05 	8.02432e-09 	3
57.0385 	1.13469e-05 	7.88234e-09 	3
57.0769 	1.11008e-05 	7.74139e-09 	3
57.1154 	1.08656e-05 	7.61491e-09 	3
57.1538 	1.06403e-05 	7.48448e-09 	3
57.1923 	1.04258e-05 	7.34757e-09 	3
57.2308 	1.02222e-05 	7.21386e-09 	3
57.2692 	1.00146e-05 	7.0818e-09 	3
57.3077 	9.82368e-06 	6.95932e-09 	3
57.3462 	9.62783e-06 	6.60799e-09 	3
57.3846 	9.43959e-06 	6.5009e-09 	3
57.4231 	9.26737e-06 	6.37947e-09 	3
57.4615 	9.10161e-06 	6.26966e-09 	3
57.5 	8.94311e-06 	6.16579e-09 	3
57.5385 	8.79163e-06 	6.07152e-09 	3
57.5769 	8.64561e-06 	5.96848e-09 	3
57.6154 	8.50753e-06 	5.87176e-09 	3
57.6538 	8.37849e-06 	5.78604e-09 	3
57.6923 	8.25583e-06 	5.69305e-09 	3
57.7308 	8.14103e-06 	5.60342e-09 	3
57.7692 	8.03271e-06 	5.51589e-09 	3
57.8077 	7.93104e-06 	5.42357e-09 	3
57.8462 	7.8398e-06 	5.33915e-09 	3
57.8846 	7.75756e-06 	5.25241e-09 	3
57.9231 	7.67038e-06 	5.14769e-09 	3
57.9615 	7.60823e-06 	5.09099e-09 	3
58.0 	7.5204e-06 	5.01689e-09 	3
58.0385 	7.19123e-06 	4.94299e-09 	3
58.0769 	7.00957e-06 	4.86766e-09 	3
58.1154 	6.93098e-06 	4.78628e-09 	3
58.1538 	6.83873e-06 	4.72561e-09 	3
58.1923 	6.74665e-06 	4.64784e-09 	3
58.2308 	6.65483e-06 	4.58218e-09 	3
58.2692 	6.56496e-06 	4.50112e-09 	3
58.3077 	6.47259e-06 	4.42767e-09 	3
58.3462 	6.38101e-06 	4.3477e-09 	3
58.3846 	6.51268e-06 	4.27393e-09 	3
58.4231 	6.51916e-06 	4.20785e-09 	3
58.4615 	6.45311e-06 	4.15859e-09 	3
58.5 	6.3893e-06 	4.08935e-09 	3
58.5385 	6.32411e-06 	4.01562e-09 	3
58.5769 	6.25926e-06 	3.97179e-09 	3
58.6154 	6.1411e-06 	3.91714e-09 	3
58.6538 	6.06097e-06 	3.85252e-09 	3
58.6923 	6.00654e-06 	3.78155e-09 	3
58.7308 	5.95882e-06 	3.72142e-09 	3
58.7692 	5.95914e-06 	3.65643e-09 	3
58.8077 	5.93147e-06 	3.60506e-09 	3
58.8462 	5.90221e-06 	3.5415e-09 	3
58.8846 	5.87262e-06 	3.47977e-09 	3
58.9231 	5.84844e-06 	3.42444e-09 	3
58.9615 	5.87664e-06 	3.36505e-09 	3
59.0 	5.91412e-06 	3.31277e-09 	3
59.0385 	5.89029e-06 	3.26372e-09 	3
59.0769 	5.95075e-06 	3.20594e-09 	3
59.1154 	5.96374e-06 	3.15644e-09 	3
59.1538 	5.96644e-06 	3.11265e-09 	3
59.1923 	5.95932e-06 	3.0545e-09 	3
59.2308 	5.9461e-06 	3.00957e-09 	3
59.2692 	5.96367e-06 	2.96247e-09 	3
59.3077 	5.98589e-06 	2.91077e-09 	3
59.3462 	6.04757e-06 	2.85008e-09 	3
59.3846 	6.10495e-06 	2.79705e-09 	3
59.4231 	5.93128e-06 	2.76778e-09 	3
59.4615 	5.93323e-06 	2.73221e-09 	3
59.5 	5.92964e-06 	2.67212e-09 	3
59.5385 	5.92123e-06 	2.63082e-09 	3
59.5769 	5.94612e-06 	2.57351e-09 	3
59.6154 	6.00729e-06 	2.52246e-09 	3
59.6538 	6.05037e-06 	2.48226e-09 	3
59.6923 	6.15385e-06 	2.43427e-09 	3
59.7308 	6.1599e-06 	2.38919e-09 	3
59.7692 	6.16781e-06 	2.37507e-09 	3
59.8077 	6.00147e-06 	2.32577e-09 	3
59.8462 	6.00839e-06 	2.2912e-09 	3
59.8846 	6.03678e-06 	2.24937e-09 	3
59.9231 	6.13695e-06 	9.97964e-09 	2
59.9615 	6.1971e-06 	9.79769e-09 	2
60.0 	6.33155e-06 	9.63971e-09 	2
60.0385 	6.34919e-06 	9.4645e-09 	2
60.0769 	6.37341e-06 	9.40078e-09 	2
60.1154 	6.37331e-06 	8.90623e-09 	2
60.1538 	6.30723e-06 	8.72545e-09 	2
60.1923 	6.42745e-06 	8.54775e-09 	2
60.2308 	6.54049e-06 	8.40653e-09 	2
60.2692 	6.65689e-06 	8.28275e-09 	2
60.3077 	6.82971e-06 	8.13184e-09 	2
60.3462 	6.89372e-06 	7.98009e-09 	2
60.3846 	6.95648e-06 	7.83849e-09 	2
60.4231 	6.7462e-06 	7.69141e-09 	2
60.4615 	6.73782e-06 	7.54145e-09 	2
60.5 	6.93365e-06 	7.39883e-09 	2
60.5385 	7.15085e-06 	7.25782e-09 	2
60.5769 	7.36026e-06 	7.14488e-09 	2
60.6154 	7.57155e-06 	7.0023e-09 	2
60.6538 	7.82104e-06 	6.87553e-09 	2
60.6923 	7.37087e-06 	6.75195e-09 	2
60.7308 	7.60679e-06 	6.67204e-09 	2
60.7692 	7.61878e-06 	6.5515e-09 	2
60.8077 	7.7019e-06 	6.43888e-09 	2
60.8462 	7.79556e-06 	6.32111e-09 	2
60.8846 	7.92989e-06 	6.21194e-09 	2
60.9231 	7.95285e-06 	6.09883e-09 	2
60.9615 	7.10879e-06 	5.97944e-09 	2
61.0 	7.15517e-06 	5.8662e-09 	2
61.0385 	7.21326e-06 	5.77235e-09 	2
61.0769 	7.25129e-06 	5.70099e-09 	2
61.1154 	7.12955e-06 	5.59248e-09 	2
61.1538 	8.13146e-06 	5.51911e-09 	2
61.1923 	8.07781e-06 	5.42523e-09 	2
61.2308 	7.35989e-06 	5.32251e-09 	2
61.2692 	7.37764e-06 	5.24558e-09 	2
61.3077 	7.37832e-06 	5.16159e-09 	2
61.3462 	7.37699e-06 	5.06021e-09 	2
61.3846 	7.12647e-06 	4.95469e-09 	2
61.4231 	7.30675e-06 	4.90544e-09 	2
61.4615 	6.9059e-06 	4.81655e-09 	2
61.5 	7.15433e-06 	4.7356e-09 	2
61.5385 	7.41358e-06 	4.64534e-09 	2
61.5769 	7.67373e-06 	4.58041e-09 	2
61.6154 	7.90885e-06 	4.4896e-09 	2
61.6538 	8.09974e-06 	4.41208e-09 	2
61.6923 	7.87885e-06 	4.34966e-09 	2
61.7308 	7.56387e-06 	4.28258e-09 	2
61.7692 	7.78304e-06 	4.20654e-09 	2
61.8077 	8.11626e-06 	4.17033e-09 	2
61.8462 	8.42884e-06 	4.0893e-09 	2
61.8846 	8.71885e-06 	4.04097e-09 	2
61.9231 	8.96795e-06 	3.97281e-09 	2
61.9615 	8.9587e-06 	3.90753e-09 	2
62.0 	8.81305e-06 	3.85702e-09 	2
62.0385 	9.1306e-06 	3.79929e-09 	2
62.0769 	9.46838e-06 	3.73312e-09 	2
62.1154 	9.80248e-06 	3.66442e-09 	2
62.1538 	1.01003e-05 	3.60411e-09 	2
62.1923 	1.03345e-05 	3.54299e-09 	2
62.2308 	9.83486e-06 	3.47379e-09 	2
62.2692 	9.20479e-06 	3.44855e-09 	2
62.3077 	9.3967e-06 	3.39486e-09 	2
62.3462 	9.69622e-06 	3.35397e-09 	2
62.3846 	1.00106e-05 	3.30796e-09 	2
62.4231 	1.03332e-05 	3.26337e-09 	2
62.4615 	1.0593e-05 	3.20836e-09 	2
62.5 	9.62803e-06 	3.1607e-09 	2
62.5385 	9.21388e-06 	3.12714e-09 	2
62.5769 	9.63903e-06 	3.08499e-09 	2
62.6154 	1.00731e-05 	3.06096e-09 	2
62.6538 	1.05282e-05 	3.02171e-09 	2
62.6923 	1.09976e-05 	2.98331e-09 	2
62.7308 	1.13909e-05 	2.94674e-09 	2
62.7692 	9.73368e-06 	2.87469e-09 	2
62.8077 	1.03988e-05 	2.83396e-09 	2
62.8462 	1.07799e-05 	2.79733e-09 	2
62.8846 	1.15438e-05 	2.76799e-09 	2
62.9231 	1.2428e-05 	2.7351e-09 	2
62.9615 	1.34664e-05 	2.70576e-09 	2
63.0 	1.31257e-05 	2.66456e-09 	2
63.0385 	1.44414e-05 	2.62833e-09 	2
63.0769 	1.51144e-05 	2.59694e-09 	2
63.1154 	1.47702e-05 	2.57946e-09 	2
63.1538 	1.54326e-05 	2.55543e-09 	2
63.1923 	1.59467e-05 	2.53269e-09 	2
63.2308 	1.47551e-05 	2.50392e-09 	2
63.2692 	1.20999e-05 	2.45806e-09 	2
63.3077 	1.27568e-05 	2.43516e-09 	2
63.3462 	1.32397e-05 	2.41316e-09 	2
63.3846 	1.25034e-05 	2.39768e-09 	2
63.4231 	1.28655e-05 	2.37356e-09 	2
63.4615 	1.30809e-05 	2.34729e-09 	2
63.5 	9.61005e-06 	2.32706e-09 	2
63.5385 	1.32161e-05 	2.34416e-09 	2
63.5769 	1.37129e-05 	2.32272e-09 	2
63.6154 	1.37589e-05 	2.29524e-09 	2
63.6538 	1.23325e-05 	2.26674e-09 	2
63.6923 	1.2416e-05 	2.25322e-09 	2
63.7308 	9.54947e-06 	2.24361e-09 	2
63.7692 	1.18468e-05 	2.23262e-09 	2
63.8077 	1.15099e-05 	2.21685e-09 	2
63.8462 	1.25213e-05 	2.19556e-09 	2
63.8846 	1.37698e-05 	2.1857e-09 	2
63.9231 	1.28557e-05 	2.17732e-09 	2
63.9615 	1.38821e-05 	2.17077e-09 	2
64.0 	1.18636e-05 	2.16708e-09 	2
64.0385 	1.38825e-05 	2.17063e-09 	2
64.0769 	1.59423e-05 	2.16854e-09 	2
64.1154 	1.79189e-05 	2.16039e-09 	2
64.1538 	1.98093e-05 	2.15331e-09 	2
64.1923 	1.14181e-05 	2.10157e-09 	2
64.2308 	1.10266e-05 	2.09874e-09 	2
64.2692 	1.22875e-05 	2.09832e-09 	2
64.3077 	1.36482e-05 	2.10429e-09 	2
64.3462 	1.496e-05 	2.10521e-09 	2
64.3846 	1.58303e-05 	2.10202e-09 	2
64.4231 	1.6527e-05 	2.09232e-09 	2
64.4615 	1.99254e-05 	2.09504e-09 	2
64.5 	2.25454e-05 	2.10148e-09 	2
64.5385 	2.61391e-05 	2.11183e-09 	2
64.5769 	1.97711e-05 	2.1135e-09 	2
64.6154 	1.76691e-05 	2.11441e-09 	2
64.6538 	1.80427e-05 	2.11622e-09 	2
64.6923 	1.20899e-05 	2.09565e-09 	2
64.7308 	1.20658e-05 	2.08684e-09 	2
64.7692 	1.24828e-05 	2.08627e-09 	2
64.8077 	1.293e-05 	2.08683e-09 	2
64.8462 	1.43666e-05 	2.07575e-09 	2
64.8846 	1.54675e-05 	2.07909e-09 	2
64.9231 	1.71137e-05 	2.08064e-09 	2
64.9615 	1.4432e-05 	2.08771e-09 	2
65.0 	1.47079e-05 	2.08628e-09 	2
65.0385 	1.44179e-05 	2.09071e-09 	2
65.0769 	1.41527e-05 	2.09568e-09 	2
65.1154 	1.47493e-05 	2.10359e-09 	2
65.1538 	1.56657e-05 	2.10681e-09 	2
65.1923 	1.02233e-05 	2.1089e-09 	2
65.2308 	1.27162e-05 	2.12421e-09 	2
65.2692 	1.35356e-05 	2.13369e-09 	2
65.3077 	1.44572e-05 	2.14054e-09 	2
65.3462 	1.54492e-05 	2.1429e-09 	2
65.3846 	1.64653e-05 	2.14853e-09 	2
65.4231 	1.74296e-05 	2.14978e-09 	2
65.4615 	1.8243e-05 	2.14765e-09 	2
65.5 	1.67969e-05 	2.1528e-09 	2
65.5385 	1.87859e-05 	2.16454e-09 	2
65.5769 	2.15523e-05 	2.16138e-09 	2
65.6154 	2.49007e-05 	2.16224e-09 	2
65.6538 	1.23117e-05 	2.17293e-09 	2
65.6923 	1.10203e-05 	2.17711e-09 	2
65.7308 	1.08285e-05 	2.18485e-09 	2
65.7692 	1.11676e-05 	2.18968e-09 	2
65.8077 	1.1946e-05 	2.19504e-09 	2
65.8462 	1.29677e-05 	2.19883e-09 	2
65.8846 	1.40205e-05 	2.20338e-09 	2
65.9231 	1.5076e-05 	2.2139e-09 	2
65.9615 	1.61007e-05 	2.2233e-09 	2
66.0 	1.70586e-05 	2.22806e-09 	2
66.0385 	1.79127e-05 	2.23526e-09 	2
66.0769 	1.86215e-05 	2.25413e-09 	2
66.1154 	1.91406e-05 	2.26952e-09 	2
66.1538 	1.94896e-05 	2.27725e-09 	2
66.1923 	1.96313e-05 	2.29401e-09 	2
66.2308 	1.94146e-05 	2.30811e-09 	2
66.2692 	1.09683e-05 	2.32382e-09 	2
66.3077 	1.053e-05 	2.3383e-09 	2
66.3462 	1.06706e-05 	2.35281e-09 	2
66.3846 	1.02904e-05 	2.36925e-09 	2
66.4231 	1.02613e-05 	2.37857e-09 	2
66.4615 	1.02263e-05 	2.39488e-09 	2
66.5 	1.02357e-05 	2.4101e-09 	2
66.5385 	1.05823e-05 	2.44677e-09 	2
66.5769 	1.08633e-05 	2.4634e-09 	2
66.6154 	1.11008e-05 	2.49501e-09 	2
66.6538 	1.13013e-05 	2.52722e-09 	2
66.6923 	1.12007e-05 	2.5628e-09 	2
66.7308 	1.07481e-05 	2.57805e-09 	2
66.7692 	1.17334e-05 	2.602e-09 	2
66.8077 	1.32912e-05 	2.62019e-09 	2
66.8462 	1.2848e-05 	2.63974e-09 	2
66.8846 	1.28669e-05 	2.66483e-09 	2
66.9231 	1.27569e-05 	2.68464e-09 	2
66.9615 	1.25535e-05 	2.72143e-09 	2
67.0 	1.22592e-05 	2.77048e-09 	2
67.0385 	1.19094e-05 	2.7897e-09 	2
67.0769 	1.16194e-05 	2.82517e-09 	2
67.1154 	1.19255e-05 	2.83377e-09 	2
67.1538 	1.21452e-05 	2.86303e-09 	2
67.1923 	1.22881e-05 	2.87476e-09 	2
67.2308 	1.23719e-05 	2.92832e-09 	2
67.2692 	1.24723e-05 	2.95482e-09 	2
67.3077 	1.26412e-05 	2.99308e-09 	2
67.3462 	1.27912e-05 	3.002e-09 	2
67.3846 	1.29612e-05 	3.01239e-09 	2
67.4231 	1.32161e-05 	3.06295e-09 	2
67.4615 	1.33272e-05 	3.10111e-09 	2
67.5 	1.34077e-05 	3.10854e-09 	2
67.5385 	1.34525e-05 	3.13082e-09 	2
67.5769 	1.34618e-05 	3.15112e-09 	2
67.6154 	1.3469e-05 	3.14976e-09 	2
67.6538 	1.34426e-05 	3.15348e-09 	2
67.6923 	1.33723e-05 	3.18395e-09 	2
67.7308 	1.33487e-05 	3.18723e-09 	2
67.7692 	1.33485e-05 	3.21082e-09 	2
67.8077 	1.32943e-05 	3.21472e-09 	2
67.8462 	1.32155e-05 	3.21162e-09 	2
67.8846 	1.3151e-05 	3.26514e-09 	2
67.9231 	1.30538e-05 	3.31525e-09 	2
67.9615 	1.29124e-05 	3.37221e-09 	2
68.0 	1.27447e-05 	3.39035e-09 	2
68.0385 	1.25601e-05 	3.4124e-09 	2
68.0769 	1.22402e-05 	3.41962e-09 	2
68.1154 	1.2064e-05 	3.39887e-09 	2
68.1538 	1.20137e-05 	3.37854e-09 	2
68.1923 	1.17972e-05 	3.39399e-09 	2
68.2308 	1.1671e-05 	3.44346e-09 	2
68.2692 	1.15553e-05 	3.45417e-09 	2
68.3077 	1.13574e-05 	3.5025e-09 	2
68.3462 	1.13541e-05 	3.5132e-09 	2
68.3846 	1.13704e-05 	3.5304e-09 	2
68.4231 	1.13911e-05 	3.52801e-09 	2
68.4615 	1.14082e-05 	3.52927e-09 	2
68.5 	1.14767e-05 	3.5615e-09 	2
68.5385 	1.25634e-05 	3.57595e-09 	2
68.5769 	1.35371e-05 	3.63282e-09 	2
68.6154 	1.34998e-05 	3.61492e-09 	2
68.6538 	1.35174e-05 	3.64195e-09 	2
68.6923 	1.35077e-05 	3.63492e-09 	2
68.7308 	1.34214e-05 	3.6569e-09 	2
68.7692 	1.32748e-05 	3.69078e-09 	2
68.8077 	1.30707e-05 	3.70655e-09 	2
68.8462 	1.27969e-05 	3.69909e-09 	2
68.8846 	1.24929e-05 	3.71003e-09 	2
68.9231 	1.21928e-05 	3.71352e-09 	2
68.9615 	1.20534e-05 	3.7344e-09 	2
69.0 	1.13405e-05 	3.73114e-09 	2
69.0385 	1.1217e-05 	3.7063e-09 	2
69.0769 	1.12568e-05 	3.73528e-09 	2
69.1154 	1.1351e-05 	3.6939e-09 	2
69.1538 	1.15237e-05 	3.74148e-09 	2
69.1923 	1.17115e-05 	3.72789e-09 	2
69.2308 	1.18921e-05 	3.74404e-09 	2
69.2692 	1.20515e-05 	3.77962e-09 	2
69.3077 	1.21863e-05 	3.78652e-09 	2
69.3462 	1.22615e-05 	3.76971e-09 	2
69.3846 	1.23099e-05 	3.74242e-09 	2
69.4231 	1.23257e-05 	3.738e-09 	2
69.4615 	1.23066e-05 	3.77042e-09 	2
69.5 	1.22841e-05 	3.77244e-09 	2
69.5385 	1.22828e-05 	3.78332e-09 	2
69.5769 	1.22763e-05 	3.75648e-09 	2
69.6154 	1.23077e-05 	3.73977e-09 	2
69.6538 	1.2404e-05 	3.77498e-09 	2
69.6923 	1.3027e-05 	3.74973e-09 	2
69.7308 	1.30223e-05 	3.79634e-09 	2
69.7692 	1.29442e-05 	3.70365e-09 	2
69.8077 	1.29155e-05 	3.71206e-09 	2
69.8462 	1.29136e-05 	3.66845e-09 	2
69.8846 	1.29247e-05 	3.7306e-09 	2
69.9231 	1.29381e-05 	3.66139e-09 	2
69.9615 	1.29679e-05 	3.70802e-09 	2
70.0 	1.29495e-05 	3.69817e-09 	2
