# time 	Initial 	Final 	Iterations
0.0315829 	4.76783e-07 	4.76783e-07 	0
0.037896 	6.86577e-07 	6.86577e-07 	0
0.0454717 	1.32558e-06 	1.32558e-06 	0
0.0545626 	1.86927e-06 	1.86927e-06 	0
0.0654797 	2.4041e-06 	2.4041e-06 	0
0.0785686 	4.17854e-06 	4.17854e-06 	0
0.094292 	7.01284e-06 	7.01284e-06 	0
0.11316 	1.33822e-05 	2.15836e-06 	1
0.135784 	1.7166e-05 	3.5739e-06 	1
0.162077 	1.48863e-05 	3.83274e-06 	1
0.192127 	2.1852e-05 	6.54174e-06 	1
0.225985 	2.38944e-05 	9.04788e-06 	1
0.263576 	3.15029e-05 	3.85307e-06 	1
0.300292 	2.77594e-05 	3.24986e-06 	1
0.336724 	2.73605e-05 	3.30187e-06 	1
0.372873 	2.9429e-05 	3.1491e-06 	1
0.408742 	2.7537e-05 	9.4781e-06 	1
0.444894 	2.96252e-05 	9.88938e-06 	1
0.481046 	2.68595e-05 	8.85231e-06 	1
0.517489 	2.52585e-05 	8.10002e-06 	1
0.554231 	2.36293e-05 	7.5868e-06 	1
0.591279 	2.17734e-05 	7.00712e-06 	1
0.628641 	2.17019e-05 	6.92969e-06 	1
0.666325 	2.16838e-05 	7.0574e-06 	1
0.704009 	2.81528e-05 	8.84552e-06 	1
0.742027 	2.67337e-05 	8.61e-06 	1
0.780044 	2.59567e-05 	8.13769e-06 	1
0.818408 	2.2858e-05 	7.3759e-06 	1
0.856771 	3.27853e-05 	3.25303e-06 	1
0.895134 	2.48466e-05 	9.40431e-06 	1
0.933497 	1.53257e-05 	4.7829e-06 	1
0.971861 	1.53701e-05 	4.90866e-06 	1
1.01022 	1.48032e-05 	4.39692e-06 	1
1.04859 	1.53512e-05 	5.11615e-06 	1
1.08695 	1.62356e-05 	6.04684e-06 	1
1.12531 	1.40878e-05 	5.17573e-06 	1
1.16368 	1.24647e-05 	4.6505e-06 	1
1.20204 	1.50125e-05 	5.20009e-06 	1
