# time 	Initial 	Final 	Iterations
1.2e-06 	0.999938 	7.49068e-06 	1
2.64e-06 	0.40147 	7.83231e-06 	1
4.368e-06 	0.000913541 	1.68265e-08 	1
6.4416e-06 	0.000384278 	7.95124e-09 	1
8.92992e-06 	0.000242615 	5.78354e-09 	1
1.19159e-05 	0.000180262 	5.12514e-09 	1
1.54991e-05 	0.000149148 	5.15792e-09 	1
1.97989e-05 	0.000134859 	5.78441e-09 	1
2.49587e-05 	0.000129336 	6.97094e-09 	1
3.11504e-05 	0.00013003 	8.81236e-09 	1
3.85805e-05 	0.000136052 	1.15381e-08 	1
4.74965e-05 	0.000147216 	1.54865e-08 	1
5.81958e-05 	0.000163623 	2.11569e-08 	1
7.1035e-05 	0.000185621 	2.92709e-08 	1
8.6442e-05 	0.000213723 	4.0855e-08 	1
0.00010493 	0.000249107 	5.74422e-08 	1
0.000127116 	0.000292425 	8.10998e-08 	1
0.00015374 	0.000345044 	1.14872e-07 	1
0.000185688 	0.000408642 	1.63104e-07 	1
0.000224025 	0.00048501 	2.31871e-07 	1
0.00027003 	0.000576137 	3.29697e-07 	1
0.000325236 	0.00068416 	4.68396e-07 	1
0.000391483 	0.000812089 	6.64717e-07 	1
0.00047098 	0.000962147 	9.41053e-07 	1
0.000566376 	0.00113731 	1.32842e-06 	1
0.00068085 	0.00134056 	1.86885e-06 	1
0.000818221 	0.00157483 	2.61876e-06 	1
0.000983063 	0.00184236 	3.65173e-06 	1
0.00118087 	0.00214475 	5.06344e-06 	1
0.00141824 	0.00248313 	6.97888e-06 	1
0.0017031 	0.00285729 	9.5698e-06 	1
0.00204491 	0.00328149 	1.30902e-05 	1
0.00245508 	0.00377826 	1.77813e-05 	1
0.0029473 	0.00432849 	2.39602e-05 	1
0.00353797 	0.00491676 	3.20014e-05 	1
0.00424679 	0.00553268 	4.2364e-05 	1
0.00509742 	0.00616181 	5.5585e-05 	1
0.00611825 	0.00678246 	7.23432e-05 	1
0.00734314 	0.00736173 	9.32568e-05 	1
0.00881286 	0.00787572 	0.000119479 	1
0.0105765 	0.00834905 	0.000153966 	1
0.0126925 	0.00893984 	0.000199074 	1
0.0152319 	0.00948231 	0.000256146 	1
0.0182788 	0.00995006 	0.000327053 	1
0.0219337 	0.010345 	0.00041595 	1
0.0263197 	0.0108674 	0.000528432 	1
0.0315829 	0.0114369 	0.000664931 	1
0.037896 	0.0119153 	0.0008269 	1
0.0454717 	0.0122772 	0.00102105 	1
0.0545626 	0.0125412 	0.00124994 	1
0.0654797 	0.0128737 	0.000200522 	1
0.0785686 	0.0133435 	0.000273147 	1
0.094292 	0.013818 	0.000372751 	1
0.11316 	0.0142045 	0.00050868 	1
0.135784 	0.0145655 	0.000695608 	1
0.162077 	0.014581 	0.000879903 	1
0.192127 	0.0144956 	0.00105967 	1
0.225985 	0.0143479 	0.0012274 	1
0.263576 	0.0141052 	0.00137522 	1
0.300292 	0.0125915 	0.00120663 	1
0.336724 	0.0114749 	0.00109816 	1
0.372873 	0.0104914 	0.000999076 	1
0.408742 	0.00959154 	0.00090743 	1
0.444894 	0.00885807 	0.000844364 	1
0.481046 	0.00810121 	0.000768484 	1
0.517489 	0.00743049 	0.000705814 	1
0.554231 	0.00678436 	0.000643907 	1
0.591279 	0.00616204 	0.000585006 	1
0.628641 	0.00557147 	0.000531339 	1
0.666325 	0.00501289 	0.000480469 	1
0.704009 	0.00445859 	0.000425211 	1
0.742027 	0.00397966 	0.000379388 	1
0.780044 	0.00351223 	0.000333034 	1
0.818408 	0.00310747 	0.000293713 	1
0.856771 	0.00271999 	0.000253995 	1
0.895134 	0.00237928 	0.000219248 	1
0.933497 	0.00207621 	0.000190262 	1
0.971861 	0.00181917 	0.000164771 	1
1.01022 	0.00159717 	0.000143969 	1
1.04859 	0.00140304 	0.000126485 	1
1.08695 	0.00124157 	0.00011166 	1
1.12531 	0.001102 	9.91342e-05 	1
1.16368 	0.000981078 	8.81876e-05 	1
1.20204 	0.000874759 	7.84678e-05 	1
1.2404 	0.000778939 	6.97429e-05 	1
1.27877 	0.000698715 	6.19161e-05 	1
1.31713 	0.000619008 	5.49922e-05 	1
1.35549 	0.000555887 	4.93842e-05 	1
1.39386 	0.000486308 	4.30054e-05 	1
1.43222 	0.000436047 	3.86844e-05 	1
1.47058 	0.00038007 	3.32664e-05 	1
1.50895 	0.000333207 	2.94178e-05 	1
1.54731 	0.000289961 	2.56446e-05 	1
1.58567 	0.000263941 	2.43175e-05 	1
1.62404 	0.000229669 	2.06358e-05 	1
1.6624 	0.000202773 	1.87411e-05 	1
1.70076 	0.000179182 	1.68208e-05 	1
1.73913 	0.000164354 	1.6274e-05 	1
1.77749 	0.000141909 	1.31216e-05 	1
1.81585 	0.000131934 	1.2835e-05 	1
1.85421 	0.000114795 	6.11942e-06 	2
1.89258 	9.62193e-05 	9.60263e-06 	1
1.93094 	9.40487e-05 	9.26679e-06 	1
1.9693 	7.74517e-05 	8.13579e-06 	1
2.00767 	7.37331e-05 	7.51114e-06 	1
2.04603 	6.28453e-05 	6.64551e-06 	1
2.08439 	6.44936e-05 	7.10031e-06 	1
2.12276 	5.08693e-05 	5.4099e-06 	1
2.16112 	5.56819e-05 	5.7683e-06 	1
2.19948 	4.71733e-05 	4.72648e-06 	1
2.23785 	4.61867e-05 	4.57047e-06 	1
2.27621 	4.06947e-05 	4.21749e-06 	1
2.31457 	5.61944e-05 	6.59283e-06 	1
2.35294 	3.98398e-05 	4.29079e-06 	1
2.3913 	3.31448e-05 	3.60992e-06 	1
2.42966 	3.19248e-05 	3.58476e-06 	1
2.46803 	2.81228e-05 	9.50385e-06 	1
2.50639 	2.3273e-05 	7.86832e-06 	1
2.54475 	3.56002e-05 	3.90548e-06 	1
2.58312 	4.1127e-05 	4.65597e-06 	1
2.62148 	3.39882e-05 	3.72639e-06 	1
2.65984 	2.18137e-05 	8.30089e-06 	1
2.69821 	3.21071e-05 	4.37684e-06 	1
2.73657 	2.02104e-05 	7.42369e-06 	1
2.77493 	1.70286e-05 	6.64877e-06 	1
2.8133 	2.63968e-05 	3.1342e-06 	1
2.85166 	2.29677e-05 	2.86137e-06 	1
2.89002 	2.7271e-05 	3.55773e-06 	1
2.92839 	2.31673e-05 	9.07192e-06 	1
2.96675 	2.2497e-05 	8.07156e-06 	1
3.00511 	1.78155e-05 	7.06246e-06 	1
3.04348 	1.95331e-05 	8.37753e-06 	1
3.08184 	1.89007e-05 	7.49743e-06 	1
3.1202 	1.75105e-05 	6.48257e-06 	1
3.15856 	2.26888e-05 	9.84855e-06 	1
3.19693 	4.02307e-05 	4.96334e-06 	1
3.23529 	3.89443e-05 	4.93841e-06 	1
3.27365 	4.14453e-05 	5.26865e-06 	1
3.31202 	2.75389e-05 	3.33727e-06 	1
3.35038 	1.37183e-05 	5.51283e-06 	1
3.38874 	2.50384e-05 	3.3193e-06 	1
3.42711 	1.59348e-05 	5.99834e-06 	1
3.46547 	2.55919e-05 	3.06242e-06 	1
3.50383 	1.95105e-05 	8.0157e-06 	1
3.5422 	3.4094e-05 	4.46534e-06 	1
3.58056 	1.49723e-05 	5.81704e-06 	1
3.61892 	9.68552e-06 	9.68552e-06 	0
3.65729 	1.82141e-05 	6.45185e-06 	1
3.69565 	3.6794e-05 	5.0424e-06 	1
3.73401 	1.76746e-05 	8.16226e-06 	1
3.77238 	1.39706e-05 	6.16415e-06 	1
3.81074 	1.43766e-05 	7.44903e-06 	1
3.8491 	1.98165e-05 	8.91088e-06 	1
3.88747 	1.67815e-05 	9.17335e-06 	1
3.92583 	1.42244e-05 	6.16232e-06 	1
3.96419 	2.09659e-05 	9.77571e-06 	1
4.00256 	1.86504e-05 	9.80116e-06 	1
4.04092 	1.66094e-05 	7.19015e-06 	1
4.07928 	2.10934e-05 	9.93438e-06 	1
4.11765 	2.2067e-05 	3.0117e-06 	1
4.15601 	1.95521e-05 	8.52018e-06 	1
4.19437 	2.05153e-05 	9.30126e-06 	1
4.23274 	1.86868e-05 	9.23522e-06 	1
4.2711 	1.37761e-05 	5.76041e-06 	1
4.30946 	1.76276e-05 	6.41894e-06 	1
4.34783 	2.10982e-05 	8.46989e-06 	1
4.38619 	5.07435e-05 	6.83265e-06 	1
4.42455 	1.24797e-05 	6.41232e-06 	1
4.46291 	1.62444e-05 	5.73548e-06 	1
4.50128 	8.4819e-06 	8.4819e-06 	0
4.53964 	1.79334e-05 	7.82358e-06 	1
4.578 	6.15953e-05 	8.94188e-06 	1
4.61637 	6.65817e-05 	9.14878e-06 	1
4.65473 	2.3632e-05 	9.5799e-06 	1
4.69309 	3.25436e-05 	4.4568e-06 	1
4.73146 	5.29625e-05 	8.04052e-06 	1
4.76982 	4.06834e-05 	5.27097e-06 	1
4.80818 	2.2795e-05 	9.25142e-06 	1
4.84655 	1.90005e-05 	8.44516e-06 	1
4.88491 	9.94039e-06 	9.94039e-06 	0
4.92327 	2.08709e-05 	9.03314e-06 	1
4.96164 	2.06827e-05 	9.30321e-06 	1
5.0 	2.11431e-05 	8.37648e-06 	1
5.03846 	2.90264e-05 	2.99837e-06 	1
5.07692 	1.35442e-05 	4.97061e-06 	1
5.11538 	3.4969e-05 	4.42795e-06 	1
5.15385 	2.05381e-05 	7.60036e-06 	1
5.19231 	7.81235e-05 	9.1557e-06 	1
5.23077 	5.27271e-05 	6.18268e-06 	1
5.26923 	3.91294e-05 	4.64388e-06 	1
5.30769 	1.29043e-05 	4.94907e-06 	1
5.34615 	1.45358e-05 	5.22987e-06 	1
5.38462 	3.61329e-05 	4.59304e-06 	1
5.42308 	1.29269e-05 	5.23956e-06 	1
5.46154 	9.25579e-06 	9.25579e-06 	0
5.5 	3.33136e-05 	4.72707e-06 	1
5.53846 	7.60952e-05 	8.17522e-06 	2
5.57692 	2.59355e-05 	9.84357e-06 	1
5.61538 	4.64797e-05 	5.18085e-06 	1
5.65385 	2.59209e-05 	3.00438e-06 	1
5.69231 	1.17042e-05 	4.3002e-06 	1
5.73077 	3.20706e-05 	4.83749e-06 	1
5.76923 	6.01337e-05 	9.54285e-06 	1
5.80769 	3.47944e-05 	5.17518e-06 	1
5.84615 	2.27818e-05 	9.62051e-06 	1
5.88462 	2.50848e-05 	3.68725e-06 	1
5.92308 	2.22014e-05 	2.98167e-06 	1
5.96154 	1.99849e-05 	8.34096e-06 	1
6.0 	2.66656e-05 	3.28167e-06 	1
6.03846 	2.74211e-05 	3.49861e-06 	1
6.07692 	2.41137e-05 	3.25408e-06 	1
6.11538 	3.5609e-05 	5.06588e-06 	1
6.15385 	1.86285e-05 	7.88755e-06 	1
6.19231 	5.00011e-05 	6.5457e-06 	1
6.23077 	4.37972e-05 	5.87015e-06 	1
6.26923 	1.74753e-05 	7.62111e-06 	1
6.30769 	1.67717e-05 	8.2603e-06 	1
6.34615 	2.79872e-05 	3.92165e-06 	1
6.38462 	1.19881e-05 	4.26048e-06 	1
6.42308 	1.57108e-05 	5.68914e-06 	1
6.46154 	1.37779e-05 	5.5136e-06 	1
6.5 	1.74685e-05 	8.57127e-06 	1
6.53846 	1.39698e-05 	7.52114e-06 	1
6.57692 	1.56987e-05 	7.07157e-06 	1
6.61538 	1.48936e-05 	6.71912e-06 	1
6.65385 	5.06796e-05 	7.196e-06 	1
6.69231 	1.27499e-05 	7.16735e-06 	1
6.73077 	1.2394e-05 	6.17419e-06 	1
6.76923 	1.87969e-05 	8.62124e-06 	1
6.80769 	1.61303e-05 	8.3805e-06 	1
6.84615 	1.58592e-05 	6.78984e-06 	1
6.88462 	1.2919e-05 	4.48228e-06 	1
6.92308 	1.03319e-05 	4.53708e-06 	1
6.96154 	1.71425e-05 	7.69902e-06 	1
7.0 	8.14533e-05 	7.16437e-06 	2
7.03846 	4.97114e-05 	6.21332e-06 	1
7.07692 	4.36968e-05 	5.1911e-06 	1
7.11538 	2.39932e-05 	2.92652e-06 	1
7.15385 	2.14911e-05 	7.71908e-06 	1
7.19231 	2.10003e-05 	9.67829e-06 	1
7.23077 	1.56327e-05 	7.1713e-06 	1
7.26923 	1.52938e-05 	5.54646e-06 	1
7.30769 	1.55675e-05 	7.28828e-06 	1
7.34615 	2.08962e-05 	3.10587e-06 	1
7.38462 	1.37846e-05 	6.38889e-06 	1
7.42308 	4.66798e-05 	6.91939e-06 	1
7.46154 	1.08481e-05 	4.74416e-06 	1
7.5 	4.31609e-05 	6.16548e-06 	1
7.53846 	1.75253e-05 	8.85477e-06 	1
7.57692 	1.8042e-05 	8.14593e-06 	1
7.61538 	2.01282e-05 	8.73048e-06 	1
7.65385 	4.96136e-05 	6.74254e-06 	1
7.69231 	3.85277e-05 	4.89203e-06 	1
7.73077 	6.99578e-05 	9.23079e-06 	1
7.76923 	3.30951e-05 	3.78111e-06 	1
7.80769 	2.65807e-05 	3.06238e-06 	1
7.84615 	2.13471e-05 	9.82356e-06 	1
7.88462 	3.73103e-05 	5.5794e-06 	1
7.92308 	1.39387e-05 	6.74136e-06 	1
7.96154 	9.21151e-06 	9.21151e-06 	0
8.0 	2.35347e-05 	3.57406e-06 	1
8.03846 	1.77462e-05 	7.90882e-06 	1
8.07692 	1.35468e-05 	4.86853e-06 	1
8.11538 	1.19378e-05 	5.32104e-06 	1
8.15385 	1.90114e-05 	8.57875e-06 	1
8.19231 	1.92273e-05 	9.70585e-06 	1
8.23077 	1.74691e-05 	7.53656e-06 	1
8.26923 	2.09004e-05 	9.41125e-06 	1
8.30769 	2.17488e-05 	2.95928e-06 	1
8.34615 	1.80233e-05 	8.24324e-06 	1
8.38462 	2.15124e-05 	9.59498e-06 	1
8.42308 	1.8562e-05 	9.31003e-06 	1
8.46154 	1.51977e-05 	6.56711e-06 	1
8.5 	1.55459e-05 	5.5788e-06 	1
8.53846 	1.83804e-05 	7.09369e-06 	1
8.57692 	4.75736e-05 	6.57496e-06 	1
8.61538 	8.7178e-06 	8.7178e-06 	0
8.65385 	6.57022e-05 	8.76403e-06 	1
8.69231 	5.61677e-05 	7.60365e-06 	1
8.73077 	1.3832e-05 	5.91264e-06 	1
8.76923 	3.13488e-05 	4.01261e-06 	1
8.80769 	3.77593e-05 	4.11579e-06 	1
8.84615 	1.8545e-05 	7.91272e-06 	1
8.88462 	3.18594e-05 	3.98536e-06 	1
8.92308 	1.80879e-05 	7.61066e-06 	1
8.96154 	1.79614e-05 	7.90347e-06 	1
9.0 	2.68201e-05 	3.57308e-06 	1
9.03846 	2.13322e-05 	8.87595e-06 	1
9.07692 	1.20387e-05 	4.44993e-06 	1
9.11538 	1.30783e-05 	5.71667e-06 	1
9.15385 	1.22585e-05 	5.15415e-06 	1
9.19231 	2.41957e-05 	2.77585e-06 	1
9.23077 	1.38581e-05 	6.13748e-06 	1
9.26923 	1.10869e-05 	4.07851e-06 	1
9.30769 	2.88997e-05 	4.0217e-06 	1
9.34615 	1.83246e-05 	7.48235e-06 	1
9.38462 	1.67684e-05 	5.65556e-06 	1
9.42308 	1.5018e-05 	5.49182e-06 	1
9.46154 	1.41194e-05 	6.09122e-06 	1
9.5 	2.23681e-05 	9.74169e-06 	1
9.53846 	2.00237e-05 	9.78988e-06 	1
9.57692 	1.47408e-05 	6.19465e-06 	1
9.61538 	1.78906e-05 	7.79823e-06 	1
9.65385 	6.65316e-05 	9.91998e-06 	1
9.69231 	2.53394e-05 	3.23305e-06 	1
9.73077 	1.30984e-05 	6.00641e-06 	1
9.76923 	3.10334e-05 	3.95681e-06 	1
9.80769 	1.68684e-05 	7.19552e-06 	1
9.84615 	2.76146e-05 	3.11312e-06 	1
9.88462 	2.01042e-05 	8.48136e-06 	1
9.92308 	1.68721e-05 	7.0525e-06 	1
9.96154 	1.98282e-05 	8.59489e-06 	1
10.0 	2.36748e-05 	9.47101e-06 	1
10.0385 	2.72319e-05 	3.4974e-06 	1
10.0769 	2.87435e-05 	4.08619e-06 	1
10.1154 	4.87791e-05 	7.44153e-06 	1
10.1538 	4.11487e-05 	5.72567e-06 	1
10.1923 	4.51193e-05 	5.92502e-06 	1
10.2308 	3.75612e-05 	4.64135e-06 	1
10.2692 	1.19923e-05 	4.61437e-06 	1
10.3077 	1.51554e-05 	7.05345e-06 	1
10.3462 	2.18273e-05 	2.86542e-06 	1
10.3846 	2.42303e-05 	3.02197e-06 	1
10.4231 	2.55734e-05 	3.48462e-06 	1
10.4615 	1.33547e-05 	5.95004e-06 	1
10.5 	1.16789e-05 	5.07724e-06 	1
10.5385 	2.14936e-05 	9.78597e-06 	1
10.5769 	2.2426e-05 	9.72365e-06 	1
10.6154 	1.62545e-05 	6.57789e-06 	1
10.6538 	2.46341e-05 	2.8216e-06 	1
10.6923 	5.68549e-05 	7.27892e-06 	1
10.7308 	1.76245e-05 	6.36629e-06 	1
10.7692 	1.903e-05 	7.40663e-06 	1
10.8077 	8.22099e-06 	8.22099e-06 	0
10.8462 	7.87751e-06 	7.87751e-06 	0
10.8846 	1.4548e-05 	4.63601e-06 	1
10.9231 	6.73026e-06 	6.73026e-06 	0
10.9615 	1.32944e-05 	3.9501e-06 	1
11.0 	1.23132e-05 	4.10144e-06 	1
11.0385 	7.80368e-06 	7.80368e-06 	0
11.0769 	6.39093e-06 	6.39093e-06 	0
11.1154 	7.17708e-06 	7.17708e-06 	0
11.1538 	9.79045e-06 	9.79045e-06 	0
11.1923 	2.11665e-05 	8.40518e-06 	1
11.2308 	5.06807e-05 	6.95292e-06 	1
11.2692 	1.58243e-05 	6.6708e-06 	1
11.3077 	1.94933e-05 	9.77231e-06 	1
11.3462 	5.93586e-05 	8.36991e-06 	1
11.3846 	1.61705e-05 	8.41665e-06 	1
11.4231 	2.18977e-05 	2.55281e-06 	1
11.4615 	4.18529e-05 	5.88013e-06 	1
11.5 	1.9891e-05 	9.70866e-06 	1
11.5385 	4.42992e-05 	5.90439e-06 	1
11.5769 	6.12643e-06 	6.12643e-06 	0
11.6154 	1.54217e-05 	6.4649e-06 	1
11.6538 	1.72312e-05 	7.0877e-06 	1
11.6923 	1.53677e-05 	5.73457e-06 	1
11.7308 	1.46784e-05 	6.03223e-06 	1
11.7692 	2.63437e-05 	3.54348e-06 	1
11.8077 	1.58299e-05 	6.63808e-06 	1
11.8462 	1.31771e-05 	4.99601e-06 	1
11.8846 	1.23822e-05 	5.4209e-06 	1
11.9231 	2.24696e-05 	3.10388e-06 	1
11.9615 	1.40287e-05 	6.20234e-06 	1
12.0 	3.2263e-05 	4.44765e-06 	1
12.0385 	1.83478e-05 	8.36045e-06 	1
12.0769 	1.72475e-05 	6.41957e-06 	1
12.1154 	1.9418e-05 	7.26514e-06 	1
12.1538 	4.36233e-05 	6.33655e-06 	1
12.1923 	6.19878e-06 	6.19878e-06 	0
12.2308 	1.03338e-05 	4.10348e-06 	1
12.2692 	3.43728e-05 	5.18708e-06 	1
12.3077 	1.39045e-05 	6.92165e-06 	1
12.3462 	8.97231e-06 	8.97231e-06 	0
12.3846 	3.33023e-05 	4.99965e-06 	1
12.4231 	1.39739e-05 	6.28889e-06 	1
12.4615 	1.09789e-05 	5.46316e-06 	1
12.5 	1.48195e-05 	5.53992e-06 	1
12.5385 	1.2449e-05 	5.4196e-06 	1
12.5769 	1.96941e-05 	8.77952e-06 	1
12.6154 	7.22608e-05 	9.8164e-06 	1
12.6538 	4.59722e-05 	5.7101e-06 	1
12.6923 	2.17702e-05 	8.94161e-06 	1
12.7308 	1.30861e-05 	5.24465e-06 	1
12.7692 	1.53396e-05 	6.39418e-06 	1
12.8077 	2.67616e-05 	3.20222e-06 	1
12.8462 	4.20767e-05 	5.97651e-06 	1
12.8846 	3.38464e-05 	4.61457e-06 	1
12.9231 	1.80066e-05 	7.528e-06 	1
12.9615 	2.72653e-05 	3.57206e-06 	1
13.0 	1.61963e-05 	6.95639e-06 	1
13.0385 	2.66027e-05 	3.63191e-06 	1
13.0769 	2.1401e-05 	9.92168e-06 	1
13.1154 	1.8928e-05 	8.16544e-06 	1
13.1538 	2.80637e-05 	3.69781e-06 	1
13.1923 	2.08494e-05 	9.37815e-06 	1
13.2308 	3.43427e-05 	4.75433e-06 	1
13.2692 	2.26905e-05 	3.04679e-06 	1
13.3077 	2.01115e-05 	8.05487e-06 	1
13.3462 	2.53254e-05 	9.98396e-06 	1
13.3846 	1.57227e-05 	6.22636e-06 	1
13.4231 	1.81167e-05 	7.34878e-06 	1
13.4615 	2.50778e-05 	3.17596e-06 	1
13.5 	2.79909e-05 	3.60805e-06 	1
13.5385 	1.4657e-05 	6.61413e-06 	1
13.5769 	2.10781e-05 	9.88485e-06 	1
13.6154 	2.11454e-05 	9.72037e-06 	1
13.6538 	2.11444e-05 	3.05224e-06 	1
13.6923 	1.55533e-05 	7.10662e-06 	1
13.7308 	1.5425e-05 	6.30864e-06 	1
13.7692 	2.12544e-05 	8.91756e-06 	1
13.8077 	1.82858e-05 	7.27372e-06 	1
13.8462 	2.36515e-05 	2.99016e-06 	1
13.8846 	4.8392e-05 	6.47543e-06 	1
13.9231 	1.69518e-05 	6.99515e-06 	1
13.9615 	1.42476e-05 	5.9594e-06 	1
14.0 	1.76069e-05 	7.47741e-06 	1
14.0385 	2.45159e-05 	2.8407e-06 	1
14.0769 	2.89771e-05 	3.71825e-06 	1
14.1154 	2.82093e-05 	3.80893e-06 	1
14.1538 	2.25514e-05 	8.77368e-06 	1
14.1923 	2.18635e-05 	9.04088e-06 	1
14.2308 	3.81571e-05 	4.88988e-06 	1
14.2692 	1.37497e-05 	5.58416e-06 	1
14.3077 	1.20842e-05 	5.4238e-06 	1
14.3462 	1.60599e-05 	5.95768e-06 	1
14.3846 	1.73432e-05 	7.02427e-06 	1
14.4231 	2.32288e-05 	9.38844e-06 	1
14.4615 	5.40724e-05 	7.87628e-06 	1
14.5 	2.27394e-05 	3.00474e-06 	1
14.5385 	3.25634e-05 	4.49343e-06 	1
14.5769 	2.40685e-05 	3.20232e-06 	1
14.6154 	2.45044e-05 	3.34735e-06 	1
14.6538 	1.57105e-05 	6.91076e-06 	1
14.6923 	1.83283e-05 	7.71893e-06 	1
14.7308 	4.69084e-05 	5.44957e-06 	1
14.7692 	1.96781e-05 	7.55861e-06 	1
14.8077 	1.76683e-05 	7.09602e-06 	1
14.8462 	4.14543e-05 	4.67122e-06 	1
14.8846 	2.693e-05 	3.05229e-06 	1
14.9231 	1.52069e-05 	6.13659e-06 	1
14.9615 	1.66506e-05 	7.64381e-06 	1
15.0 	1.75832e-05 	7.12264e-06 	1
15.0385 	1.93566e-05 	7.60437e-06 	1
15.0769 	5.41357e-05 	6.76825e-06 	1
15.1154 	1.74957e-05 	6.80889e-06 	1
15.1538 	1.4799e-05 	6.12792e-06 	1
15.1923 	1.25472e-05 	4.58614e-06 	1
15.2308 	1.62259e-05 	5.91652e-06 	1
15.2692 	1.0181e-05 	4.45851e-06 	1
15.3077 	2.02878e-05 	3.05683e-06 	1
15.3462 	2.04811e-05 	2.90813e-06 	1
15.3846 	2.00553e-05 	9.10915e-06 	1
15.4231 	1.83721e-05 	8.95819e-06 	1
15.4615 	1.45302e-05 	7.62797e-06 	1
15.5 	1.41656e-05 	6.43487e-06 	1
15.5385 	7.38966e-06 	7.38966e-06 	0
15.5769 	1.78599e-05 	8.00613e-06 	1
15.6154 	5.49368e-05 	8.21361e-06 	1
15.6538 	1.26999e-05 	5.70781e-06 	1
15.6923 	1.7593e-05 	7.35266e-06 	1
15.7308 	1.8396e-05 	7.79573e-06 	1
15.7692 	5.47288e-05 	7.82643e-06 	1
15.8077 	1.43526e-05 	7.93967e-06 	1
15.8462 	9.62718e-06 	9.62718e-06 	0
15.8846 	1.98893e-05 	8.22432e-06 	1
15.9231 	5.12172e-05 	7.3794e-06 	1
15.9615 	1.20414e-05 	5.97616e-06 	1
16.0 	1.92149e-05 	7.9798e-06 	1
16.0385 	3.52969e-05 	4.99045e-06 	1
16.0769 	1.5755e-05 	7.90171e-06 	1
16.1154 	1.65306e-05 	7.6964e-06 	1
16.1538 	1.78261e-05 	8.84457e-06 	1
16.1923 	1.55129e-05 	7.94749e-06 	1
16.2308 	1.79945e-05 	7.76147e-06 	1
16.2692 	1.25943e-05 	4.38879e-06 	1
16.3077 	1.64215e-05 	5.88915e-06 	1
16.3462 	7.52937e-06 	7.52937e-06 	0
16.3846 	1.87282e-05 	8.13455e-06 	1
16.4231 	1.33768e-05 	6.95858e-06 	1
16.4615 	1.46875e-05 	6.99388e-06 	1
16.5 	2.439e-05 	3.42044e-06 	1
16.5385 	1.51006e-05 	6.44433e-06 	1
16.5769 	1.30712e-05 	4.82114e-06 	1
16.6154 	1.20578e-05 	5.53377e-06 	1
16.6538 	2.12336e-05 	9.50656e-06 	1
16.6923 	1.72951e-05 	8.99848e-06 	1
16.7308 	1.59279e-05 	6.86709e-06 	1
16.7692 	1.75358e-05 	7.54578e-06 	1
16.8077 	4.97003e-05 	7.31198e-06 	1
16.8462 	1.20317e-05 	5.46715e-06 	1
16.8846 	1.24453e-05 	5.88636e-06 	1
16.9231 	1.63631e-05 	5.52812e-06 	1
16.9615 	1.81904e-05 	6.88129e-06 	1
17.0 	5.03839e-05 	6.73619e-06 	1
17.0385 	7.85787e-06 	7.85787e-06 	0
17.0769 	1.6364e-05 	6.45962e-06 	1
17.1154 	1.61349e-05 	6.09622e-06 	1
17.1538 	2.30701e-05 	8.98436e-06 	1
17.1923 	4.85728e-05 	6.62564e-06 	1
17.2308 	1.27263e-05 	6.37462e-06 	1
17.2692 	1.4482e-05 	7.63126e-06 	1
17.3077 	2.43895e-05 	3.23992e-06 	1
17.3462 	1.31669e-05 	5.75958e-06 	1
17.3846 	4.00713e-05 	5.63333e-06 	1
17.4231 	1.73402e-05 	8.80729e-06 	1
17.4615 	1.785e-05 	8.19914e-06 	1
17.5 	1.72211e-05 	6.87965e-06 	1
17.5385 	1.52936e-05 	7.22953e-06 	1
17.5769 	2.38896e-05 	3.34135e-06 	1
17.6154 	1.37025e-05 	5.99912e-06 	1
17.6538 	3.58104e-05 	4.80032e-06 	1
17.6923 	1.55297e-05 	7.31615e-06 	1
17.7308 	1.34199e-05 	5.70589e-06 	1
17.7692 	1.63329e-05 	6.1737e-06 	1
17.8077 	1.78849e-05 	7.25567e-06 	1
17.8462 	4.8654e-05 	6.96088e-06 	1
17.8846 	9.02669e-06 	9.02669e-06 	0
17.9231 	1.48804e-05 	6.28501e-06 	1
17.9615 	1.48784e-05 	5.88225e-06 	1
18.0 	1.06056e-05 	4.93559e-06 	1
18.0385 	1.96635e-05 	9.24677e-06 	1
18.0769 	1.61002e-05 	8.80408e-06 	1
18.1154 	1.73063e-05 	7.73711e-06 	1
18.1538 	1.71744e-05 	7.8333e-06 	1
18.1923 	5.54013e-05 	7.96315e-06 	1
18.2308 	1.35539e-05 	7.4074e-06 	1
18.2692 	1.42925e-05 	7.12029e-06 	1
18.3077 	2.25072e-05 	3.05904e-06 	1
18.3462 	1.28423e-05 	5.46233e-06 	1
18.3846 	2.48804e-05 	3.20511e-06 	1
18.4231 	1.79037e-05 	7.49446e-06 	1
18.4615 	1.53712e-05 	5.23978e-06 	1
18.5 	1.86087e-05 	7.0692e-06 	1
18.5385 	5.31021e-05 	7.56721e-06 	1
18.5769 	1.38333e-05 	7.63218e-06 	1
18.6154 	1.07943e-05 	5.00233e-06 	1
18.6538 	1.79275e-05 	6.41829e-06 	1
18.6923 	2.10574e-05 	8.33754e-06 	1
18.7308 	6.01948e-05 	8.43455e-06 	1
18.7692 	1.43712e-05 	6.26868e-06 	1
18.8077 	2.78347e-05 	4.13869e-06 	1
18.8462 	2.21068e-05 	3.12499e-06 	1
18.8846 	1.95324e-05 	9.30435e-06 	1
18.9231 	2.93971e-05 	3.66851e-06 	1
18.9615 	2.03377e-05 	9.51813e-06 	1
19.0 	2.44953e-05 	3.04798e-06 	1
19.0385 	1.63665e-05 	6.2854e-06 	1
19.0769 	1.79202e-05 	8.35139e-06 	1
19.1154 	1.53238e-05 	7.8187e-06 	1
19.1538 	2.64396e-05 	3.95235e-06 	1
19.1923 	1.82632e-05 	7.91198e-06 	1
19.2308 	1.50889e-05 	5.70128e-06 	1
19.2692 	1.54492e-05 	7.35888e-06 	1
19.3077 	2.1985e-05 	3.14474e-06 	1
19.3462 	1.8588e-05 	2.72674e-06 	1
19.3846 	2.0914e-05 	9.04276e-06 	1
19.4231 	1.56261e-05 	8.19952e-06 	1
19.4615 	1.71768e-05 	7.65569e-06 	1
19.5 	1.47766e-05 	6.2222e-06 	1
19.5385 	1.8848e-05 	8.93673e-06 	1
19.5769 	1.6482e-05 	8.23347e-06 	1
19.6154 	1.67173e-05 	7.51156e-06 	1
19.6538 	1.33518e-05 	5.48971e-06 	1
19.6923 	1.31105e-05 	5.98998e-06 	1
19.7308 	2.26396e-05 	3.17139e-06 	1
19.7692 	2.1345e-05 	2.81057e-06 	1
19.8077 	1.97704e-05 	8.39935e-06 	1
19.8462 	1.65846e-05 	7.2032e-06 	1
19.8846 	2.03117e-05 	8.61908e-06 	1
19.9231 	1.57996e-05 	7.71338e-06 	1
19.9615 	1.35919e-05 	5.44057e-06 	1
20.0 	8.08129e-06 	8.08129e-06 	0
20.0385 	3.031e-05 	3.86234e-06 	1
20.0769 	1.92568e-05 	9.51828e-06 	1
20.1154 	1.60269e-05 	6.53374e-06 	1
20.1538 	2.03924e-05 	8.81766e-06 	1
20.1923 	1.75647e-05 	8.35398e-06 	1
20.2308 	1.53157e-05 	5.87008e-06 	1
20.2692 	1.27516e-05 	4.70657e-06 	1
20.3077 	1.21539e-05 	5.25436e-06 	1
20.3462 	1.94229e-05 	8.33605e-06 	1
20.3846 	7.69403e-05 	9.63865e-06 	1
20.4231 	6.10735e-05 	7.35403e-06 	1
20.4615 	1.59492e-05 	6.50669e-06 	1
20.5 	2.54315e-05 	3.04183e-06 	1
20.5385 	1.81804e-05 	9.58785e-06 	1
20.5769 	1.83581e-05 	7.72214e-06 	1
20.6154 	1.29421e-05 	4.35458e-06 	1
20.6538 	1.56415e-05 	5.16422e-06 	1
20.6923 	6.42189e-06 	6.42189e-06 	0
20.7308 	1.4744e-05 	5.60729e-06 	1
20.7692 	3.30304e-05 	4.50972e-06 	1
20.8077 	1.65866e-05 	7.28837e-06 	1
20.8462 	1.39764e-05 	5.69719e-06 	1
20.8846 	1.71761e-05 	6.3634e-06 	1
20.9231 	1.90456e-05 	7.62444e-06 	1
20.9615 	5.52495e-05 	7.88851e-06 	1
21.0 	1.47693e-05 	8.295e-06 	1
21.0385 	1.17782e-05 	5.36973e-06 	1
21.0769 	1.5197e-05 	6.68324e-06 	1
21.1154 	5.1072e-05 	7.76587e-06 	1
21.1538 	1.26398e-05 	7.20066e-06 	1
21.1923 	1.60006e-05 	8.38233e-06 	1
21.2308 	8.29492e-05 	8.38701e-06 	2
21.2692 	1.61309e-05 	7.41718e-06 	1
21.3077 	1.87668e-05 	9.51552e-06 	1
21.3462 	1.86194e-05 	9.61023e-06 	1
21.3846 	1.56458e-05 	6.81005e-06 	1
21.4231 	1.39992e-05 	5.41219e-06 	1
21.4615 	1.16895e-05 	5.22202e-06 	1
21.5 	1.83964e-05 	8.01628e-06 	1
21.5385 	7.76459e-05 	9.98065e-06 	1
21.5769 	6.11007e-05 	7.44746e-06 	1
21.6154 	4.86155e-05 	6.11054e-06 	1
21.6538 	2.39847e-05 	9.63276e-06 	1
21.6923 	3.27218e-05 	4.05438e-06 	1
21.7308 	3.81276e-05 	4.71009e-06 	1
21.7692 	2.93324e-05 	4.05076e-06 	1
21.8077 	1.7997e-05 	8.17998e-06 	1
21.8462 	1.8069e-05 	7.77398e-06 	1
21.8846 	2.59231e-05 	3.37016e-06 	1
21.9231 	4.9935e-05 	6.52447e-06 	1
21.9615 	1.46144e-05 	6.68122e-06 	1
22.0 	1.07469e-05 	4.91734e-06 	1
22.0385 	1.29897e-05 	4.70277e-06 	1
22.0769 	1.19054e-05 	5.52012e-06 	1
22.1154 	1.66519e-05 	7.62958e-06 	1
22.1538 	6.81026e-05 	9.38521e-06 	1
22.1923 	6.52221e-05 	8.92508e-06 	1
22.2308 	2.6848e-05 	3.27477e-06 	1
22.2692 	5.08726e-05 	6.50705e-06 	1
22.3077 	1.66856e-05 	7.64792e-06 	1
22.3462 	1.78035e-05 	8.94858e-06 	1
22.3846 	2.72947e-05 	4.00338e-06 	1
22.4231 	1.94322e-05 	8.4141e-06 	1
22.4615 	1.56146e-05 	5.91912e-06 	1
22.5 	1.63381e-05 	6.59489e-06 	1
22.5385 	4.93186e-05 	6.93355e-06 	1
22.5769 	1.26526e-05 	7.22492e-06 	1
22.6154 	1.1215e-05 	5.49846e-06 	1
22.6538 	1.81494e-05 	8.74625e-06 	1
22.6923 	1.4933e-05 	7.89891e-06 	1
22.7308 	1.59125e-05 	7.14521e-06 	1
22.7692 	1.14931e-05 	5.55405e-06 	1
22.8077 	2.0005e-05 	9.91606e-06 	1
22.8462 	1.29578e-05 	5.94614e-06 	1
22.8846 	9.79397e-06 	9.79397e-06 	0
22.9231 	2.55272e-05 	3.61604e-06 	1
22.9615 	1.76746e-05 	7.83134e-06 	1
23.0 	2.73183e-05 	3.14599e-06 	1
23.0385 	4.33007e-05 	5.00496e-06 	1
23.0769 	2.54222e-05 	9.96716e-06 	1
23.1154 	1.67426e-05 	6.44216e-06 	1
23.1538 	1.59227e-05 	6.69826e-06 	1
23.1923 	1.52593e-05 	6.49041e-06 	1
23.2308 	9.05338e-06 	9.05338e-06 	0
23.2692 	1.7489e-05 	7.73117e-06 	1
23.3077 	1.50329e-05 	8.10238e-06 	1
23.3462 	1.38348e-05 	5.62462e-06 	1
23.3846 	7.86158e-06 	7.86158e-06 	0
23.4231 	2.09825e-05 	9.43687e-06 	1
23.4615 	1.67322e-05 	9.11856e-06 	1
23.5 	1.48492e-05 	6.48813e-06 	1
23.5385 	1.85356e-05 	8.13468e-06 	1
23.5769 	6.0456e-05 	8.43107e-06 	1
23.6154 	2.13989e-05 	9.68561e-06 	1
23.6538 	2.19527e-05 	9.90782e-06 	1
23.6923 	8.19157e-05 	9.4109e-06 	1
23.7308 	3.10353e-05 	3.72166e-06 	1
23.7692 	1.96151e-05 	8.61512e-06 	1
23.8077 	2.36739e-05 	3.18789e-06 	1
23.8462 	5.26431e-05 	7.14034e-06 	1
23.8846 	1.46431e-05 	5.57299e-06 	1
23.9231 	1.24672e-05 	5.51519e-06 	1
23.9615 	1.8146e-05 	7.83934e-06 	1
24.0 	6.16312e-05 	8.37375e-06 	1
24.0385 	2.11662e-05 	9.77868e-06 	1
24.0769 	3.47534e-05 	3.73789e-06 	1
24.1154 	2.86757e-05 	3.77821e-06 	1
24.1538 	2.11808e-05 	9.14711e-06 	1
24.1923 	1.80225e-05 	7.12619e-06 	1
24.2308 	2.68641e-05 	3.59225e-06 	1
24.2692 	2.67667e-05 	3.40664e-06 	1
24.3077 	3.24592e-05 	4.6976e-06 	1
24.3462 	2.99893e-05 	3.84396e-06 	1
24.3846 	3.2854e-05 	4.37831e-06 	1
24.4231 	3.5428e-05 	4.43324e-06 	1
24.4615 	1.48308e-05 	7.00784e-06 	1
24.5 	2.86829e-05 	4.28036e-06 	1
24.5385 	3.27803e-05 	4.45257e-06 	1
24.5769 	2.52663e-05 	2.84275e-06 	1
24.6154 	2.05434e-05 	8.62211e-06 	1
24.6538 	1.81966e-05 	8.11535e-06 	1
24.6923 	3.10149e-05 	4.01991e-06 	1
24.7308 	2.48686e-05 	3.06791e-06 	1
24.7692 	1.84613e-05 	6.82191e-06 	1
24.8077 	1.61237e-05 	6.95546e-06 	1
24.8462 	1.53999e-05 	6.19808e-06 	1
24.8846 	1.00026e-05 	4.46688e-06 	1
24.9231 	1.49435e-05 	5.18142e-06 	1
24.9615 	1.50436e-05 	5.51123e-06 	1
25.0 	1.73042e-05 	7.02538e-06 	1
25.0385 	4.58631e-05 	6.79457e-06 	1
25.0769 	7.67294e-06 	7.67294e-06 	0
25.1154 	5.8941e-05 	8.15591e-06 	1
25.1538 	1.63872e-05 	8.85823e-06 	1
25.1923 	1.1849e-05 	5.22203e-06 	1
25.2308 	1.71218e-05 	7.38041e-06 	1
25.2692 	6.64284e-05 	9.28755e-06 	1
25.3077 	7.26019e-05 	9.88852e-06 	1
25.3462 	3.35413e-05 	4.29776e-06 	1
25.3846 	3.69969e-05 	5.68254e-06 	1
25.4231 	3.7893e-05 	4.8091e-06 	1
25.4615 	2.41929e-05 	3.01438e-06 	1
25.5 	4.77245e-05 	6.25011e-06 	1
25.5385 	2.33467e-05 	2.88649e-06 	1
25.5769 	2.18936e-05 	2.79943e-06 	1
25.6154 	1.83462e-05 	8.50036e-06 	1
25.6538 	1.5908e-05 	7.55286e-06 	1
25.6923 	2.01535e-05 	2.96808e-06 	1
25.7308 	1.86096e-05 	9.46092e-06 	1
25.7692 	1.59009e-05 	7.03536e-06 	1
25.8077 	1.29731e-05 	4.62466e-06 	1
25.8462 	9.92104e-06 	9.92104e-06 	0
25.8846 	8.71499e-06 	8.71499e-06 	0
25.9231 	3.25918e-05 	5.14797e-06 	1
25.9615 	1.47809e-05 	7.15923e-06 	1
26.0 	1.22076e-05 	6.22931e-06 	1
26.0385 	1.88586e-05 	9.48984e-06 	1
26.0769 	1.58987e-05 	7.7359e-06 	1
26.1154 	1.6568e-05 	7.79509e-06 	1
26.1538 	1.44999e-05 	5.52683e-06 	1
26.1923 	1.63368e-05 	5.43869e-06 	1
26.2308 	7.93079e-06 	7.93079e-06 	0
26.2692 	2.20228e-05 	9.47819e-06 	1
26.3077 	1.30155e-05 	6.10746e-06 	1
26.3462 	1.67944e-05 	6.47672e-06 	1
26.3846 	9.26589e-06 	9.26589e-06 	0
26.4231 	2.33945e-05 	3.58049e-06 	1
26.4615 	1.40477e-05 	6.5947e-06 	1
26.5 	1.88898e-05 	7.82579e-06 	1
26.5385 	2.01894e-05 	7.96385e-06 	1
26.5769 	4.7619e-05 	7.07321e-06 	1
26.6154 	7.95722e-06 	7.95722e-06 	0
26.6538 	5.98842e-05 	8.52336e-06 	1
26.6923 	1.72645e-05 	9.47251e-06 	1
26.7308 	7.01196e-05 	9.76142e-06 	1
26.7692 	6.83022e-05 	9.27661e-06 	1
26.8077 	2.90069e-05 	3.58888e-06 	1
26.8462 	1.67981e-05 	7.74385e-06 	1
26.8846 	1.79825e-05 	7.04704e-06 	1
26.9231 	1.54076e-05 	8.10026e-06 	1
26.9615 	1.82405e-05 	7.66772e-06 	1
27.0 	5.60744e-05 	8.11464e-06 	1
27.0385 	1.43741e-05 	6.77711e-06 	1
27.0769 	1.58646e-05 	7.86075e-06 	1
27.1154 	2.37955e-05 	3.39822e-06 	1
27.1538 	1.31977e-05 	6.0714e-06 	1
27.1923 	2.93486e-05 	4.13157e-06 	1
27.2308 	1.87294e-05 	8.27819e-06 	1
27.2692 	1.58044e-05 	5.9636e-06 	1
27.3077 	1.48805e-05 	6.5909e-06 	1
27.3462 	2.66324e-05 	3.8498e-06 	1
27.3846 	1.52718e-05 	6.73217e-06 	1
27.4231 	1.4342e-05 	5.29478e-06 	1
27.4615 	1.23278e-05 	5.21821e-06 	1
27.5 	2.41671e-05 	3.37165e-06 	1
27.5385 	1.48367e-05 	6.56204e-06 	1
27.5769 	1.42925e-05 	5.20096e-06 	1
27.6154 	1.16266e-05 	4.87447e-06 	1
27.6538 	2.32864e-05 	3.1559e-06 	1
27.6923 	1.37548e-05 	5.85362e-06 	1
27.7308 	1.31742e-05 	4.6325e-06 	1
27.7692 	1.08058e-05 	4.43853e-06 	1
27.8077 	2.09289e-05 	9.45804e-06 	1
27.8462 	1.98823e-05 	9.43917e-06 	1
27.8846 	1.74738e-05 	7.45054e-06 	1
27.9231 	1.378e-05 	4.4078e-06 	1
27.9615 	8.54946e-06 	8.54946e-06 	0
28.0 	7.12887e-06 	7.12887e-06 	0
28.0385 	1.89307e-05 	8.12615e-06 	1
28.0769 	5.39085e-05 	7.63667e-06 	1
28.1154 	1.3461e-05 	5.2754e-06 	1
28.1538 	1.18542e-05 	5.23584e-06 	1
28.1923 	1.63797e-05 	5.49219e-06 	1
28.2308 	1.78386e-05 	6.63517e-06 	1
28.2692 	4.80011e-05 	6.37216e-06 	1
28.3077 	7.12209e-06 	7.12209e-06 	0
28.3462 	1.37144e-05 	4.98921e-06 	1
28.3846 	2.24652e-05 	9.36545e-06 	1
28.4231 	1.50257e-05 	5.77646e-06 	1
28.4615 	1.96996e-05 	8.31223e-06 	1
28.5 	2.61335e-05 	2.97125e-06 	1
28.5385 	1.6437e-05 	6.68531e-06 	1
28.5769 	4.542e-05 	5.49619e-06 	1
28.6154 	1.69795e-05 	7.31198e-06 	1
28.6538 	1.18664e-05 	4.75862e-06 	1
28.6923 	2.36956e-05 	3.10392e-06 	1
28.7308 	2.11705e-05 	9.59235e-06 	1
28.7692 	1.6862e-05 	7.44565e-06 	1
28.8077 	2.43302e-05 	3.00969e-06 	1
28.8462 	1.3008e-05 	5.53333e-06 	1
28.8846 	1.24501e-05 	5.1792e-06 	1
28.9231 	1.44608e-05 	5.29213e-06 	1
28.9615 	1.58456e-05 	7.11987e-06 	1
29.0 	2.68183e-05 	3.75162e-06 	1
29.0385 	1.57669e-05 	6.84686e-06 	1
29.0769 	1.39523e-05 	5.24372e-06 	1
29.1154 	1.30881e-05 	5.99775e-06 	1
29.1538 	2.3717e-05 	3.32436e-06 	1
29.1923 	1.42747e-05 	6.33961e-06 	1
29.2308 	1.06661e-05 	4.15746e-06 	1
29.2692 	1.97404e-05 	8.24274e-06 	1
29.3077 	5.49639e-05 	8.01794e-06 	1
29.3462 	1.35632e-05 	7.57854e-06 	1
29.3846 	1.37313e-05 	7.1919e-06 	1
29.4231 	2.29104e-05 	3.33857e-06 	1
29.4615 	1.3776e-05 	6.07244e-06 	1
29.5 	4.06209e-05 	5.70863e-06 	1
29.5385 	1.72842e-05 	8.76152e-06 	1
29.5769 	1.82166e-05 	8.3056e-06 	1
29.6154 	1.8761e-05 	7.714e-06 	1
29.6538 	3.87389e-05 	5.72746e-06 	1
29.6923 	1.6806e-05 	8.38159e-06 	1
29.7308 	1.87168e-05 	8.43015e-06 	1
29.7692 	1.76416e-05 	7.5919e-06 	1
29.8077 	2.32923e-05 	2.9017e-06 	1
29.8462 	7.28951e-05 	9.74187e-06 	1
29.8846 	5.59907e-05 	7.46202e-06 	1
29.9231 	1.80781e-05 	7.80301e-06 	1
29.9615 	3.87376e-05 	4.74417e-06 	1
30.0 	2.39476e-05 	9.7666e-06 	1
30.0385 	4.79472e-05 	5.91774e-06 	1
30.0769 	2.11365e-05 	9.60216e-06 	1
30.1154 	2.96256e-05 	4.00677e-06 	1
30.1538 	1.38003e-05 	6.60029e-06 	1
30.1923 	3.63742e-05 	4.58762e-06 	1
30.2308 	3.77152e-05 	4.44432e-06 	1
30.2692 	3.33214e-05 	4.63652e-06 	1
30.3077 	5.34451e-05 	6.4861e-06 	1
30.3462 	2.22996e-05 	9.48932e-06 	1
30.3846 	2.1755e-05 	2.71047e-06 	1
30.4231 	2.01027e-05 	9.33608e-06 	1
30.4615 	2.11813e-05 	9.24227e-06 	1
30.5 	2.80275e-05 	3.82416e-06 	1
30.5385 	3.13429e-05 	4.83913e-06 	1
30.5769 	3.34817e-05 	4.65342e-06 	1
30.6154 	2.3717e-05 	3.19406e-06 	1
30.6538 	1.48112e-05 	6.43653e-06 	1
30.6923 	1.29197e-05 	5.97412e-06 	1
30.7308 	2.75332e-05 	3.43257e-06 	1
30.7692 	2.0015e-05 	8.09662e-06 	1
30.8077 	2.28907e-05 	9.66815e-06 	1
30.8462 	2.33677e-05 	8.89174e-06 	1
30.8846 	2.81673e-05 	3.75269e-06 	1
30.9231 	3.48896e-05 	4.72986e-06 	1
30.9615 	2.4059e-05 	3.25941e-06 	1
31.0 	3.01065e-05 	4.259e-06 	1
31.0385 	1.66432e-05 	7.2752e-06 	1
31.0769 	2.35386e-05 	2.87147e-06 	1
31.1154 	1.41534e-05 	5.4475e-06 	1
31.1538 	2.5992e-05 	3.11382e-06 	1
31.1923 	5.0334e-05 	6.49108e-06 	1
31.2308 	3.79047e-05 	4.64776e-06 	1
31.2692 	1.21165e-05 	4.75266e-06 	1
31.3077 	2.45554e-05 	3.10266e-06 	1
31.3462 	1.13892e-05 	4.93755e-06 	1
31.3846 	2.03769e-05 	8.65869e-06 	1
31.4231 	1.77307e-05 	7.24066e-06 	1
31.4615 	1.42541e-05 	6.08533e-06 	1
31.5 	1.62724e-05 	6.36806e-06 	1
31.5385 	1.63236e-05 	6.07157e-06 	1
31.5769 	3.18995e-05 	4.3285e-06 	1
31.6154 	2.88729e-05 	3.85955e-06 	1
31.6538 	1.75375e-05 	6.93953e-06 	1
31.6923 	3.22209e-05 	3.85296e-06 	1
31.7308 	1.34718e-05 	5.40751e-06 	1
31.7692 	2.31313e-05 	3.35006e-06 	1
31.8077 	1.55701e-05 	6.8495e-06 	1
31.8462 	1.75039e-05 	7.49203e-06 	1
31.8846 	2.39778e-05 	3.31198e-06 	1
31.9231 	2.01399e-05 	8.85249e-06 	1
31.9615 	2.16834e-05 	8.91729e-06 	1
32.0 	1.97552e-05 	9.1369e-06 	1
32.0385 	2.11613e-05 	9.39932e-06 	1
32.0769 	2.56406e-05 	3.15711e-06 	1
32.1154 	1.79729e-05 	6.88478e-06 	1
32.1538 	2.39744e-05 	3.2669e-06 	1
32.1923 	2.4516e-05 	3.39442e-06 	1
32.2308 	2.21138e-05 	9.61021e-06 	1
32.2692 	2.3887e-05 	3.41375e-06 	1
32.3077 	1.40592e-05 	5.85401e-06 	1
32.3462 	3.00031e-05 	3.792e-06 	1
32.3846 	2.0037e-05 	8.30001e-06 	1
32.4231 	2.3698e-05 	3.12256e-06 	1
32.4615 	2.78134e-05 	3.25719e-06 	1
32.5 	2.40749e-05 	3.16733e-06 	1
32.5385 	2.02456e-05 	9.15273e-06 	1
32.5769 	2.25821e-05 	2.89713e-06 	1
32.6154 	5.22872e-05 	6.6463e-06 	1
32.6538 	4.73184e-05 	5.89189e-06 	1
32.6923 	4.20525e-05 	5.19715e-06 	1
32.7308 	4.60418e-05 	5.18241e-06 	1
32.7692 	2.75334e-05 	3.36095e-06 	1
32.8077 	2.4942e-05 	3.05828e-06 	1
32.8462 	2.38103e-05 	9.63854e-06 	1
32.8846 	3.00151e-05 	3.45669e-06 	1
32.9231 	2.13409e-05 	9.29188e-06 	1
32.9615 	4.33171e-05 	5.44765e-06 	1
33.0 	1.73698e-05 	7.15892e-06 	1
33.0385 	4.39365e-05 	6.25187e-06 	1
33.0769 	2.03869e-05 	8.98274e-06 	1
33.1154 	3.09147e-05 	3.5978e-06 	1
33.1538 	7.59047e-05 	9.4816e-06 	1
33.1923 	5.95711e-05 	7.39359e-06 	1
33.2308 	3.05737e-05 	3.68754e-06 	1
33.2692 	3.87397e-05 	4.80481e-06 	1
33.3077 	9.23806e-06 	9.23806e-06 	0
33.3462 	1.60922e-05 	5.70376e-06 	1
33.3846 	1.03203e-05 	4.49408e-06 	1
33.4231 	1.5931e-05 	7.83266e-06 	1
33.4615 	1.77418e-05 	8.6672e-06 	1
33.5 	1.671e-05 	8.7966e-06 	1
33.5385 	1.59144e-05 	6.71914e-06 	1
33.5769 	1.26192e-05 	5.46725e-06 	1
33.6154 	1.65896e-05 	8.16221e-06 	1
33.6538 	1.49538e-05 	7.87971e-06 	1
33.6923 	1.66469e-05 	7.55483e-06 	1
33.7308 	1.4583e-05 	6.19702e-06 	1
33.7692 	1.81457e-05 	8.70204e-06 	1
33.8077 	1.56865e-05 	8.33854e-06 	1
33.8462 	1.74796e-05 	7.96316e-06 	1
33.8846 	1.68437e-05 	7.10352e-06 	1
33.9231 	4.08841e-05 	6.15657e-06 	1
33.9615 	1.91383e-05 	9.67382e-06 	1
34.0 	2.12257e-05 	9.3971e-06 	1
34.0385 	2.02071e-05 	8.84168e-06 	1
34.0769 	3.90742e-05 	6.1578e-06 	1
34.1154 	1.48124e-05 	7.44415e-06 	1
34.1538 	1.53971e-05 	7.5487e-06 	1
34.1923 	2.19108e-05 	3.31564e-06 	1
34.2308 	1.50764e-05 	6.66041e-06 	1
34.2692 	2.923e-05 	3.95435e-06 	1
34.3077 	1.89445e-05 	7.98477e-06 	1
34.3462 	1.67886e-05 	6.20744e-06 	1
34.3846 	1.93449e-05 	7.37195e-06 	1
34.4231 	4.74829e-05 	7.07189e-06 	1
34.4615 	1.20815e-05 	6.07325e-06 	1
34.5 	1.48681e-05 	5.47462e-06 	1
34.5385 	8.79113e-06 	8.79113e-06 	0
34.5769 	2.23388e-05 	3.06958e-06 	1
34.6154 	1.5129e-05 	6.46373e-06 	1
34.6538 	3.4982e-05 	4.78897e-06 	1
34.6923 	2.14371e-05 	2.70809e-06 	1
34.7308 	4.76817e-05 	6.87129e-06 	1
34.7692 	1.29111e-05 	6.29227e-06 	1
34.8077 	1.12186e-05 	5.32239e-06 	1
34.8462 	2.16269e-05 	3.07558e-06 	1
34.8846 	1.16124e-05 	5.23e-06 	1
34.9231 	8.53816e-06 	8.53816e-06 	0
34.9615 	3.5564e-05 	4.88582e-06 	1
35.0 	2.06444e-05 	9.70223e-06 	1
35.0385 	4.8828e-05 	6.06219e-06 	1
35.0769 	2.06138e-05 	9.93458e-06 	1
35.1154 	1.58713e-05 	6.63664e-06 	1
35.1538 	1.07767e-05 	3.43299e-06 	1
35.1923 	1.29499e-05 	4.14998e-06 	1
35.2308 	6.58136e-06 	6.58136e-06 	0
35.2692 	5.20991e-06 	5.20991e-06 	0
35.3077 	1.2129e-05 	4.3535e-06 	1
35.3462 	1.27493e-05 	4.48736e-06 	1
35.3846 	1.47841e-05 	5.35304e-06 	1
35.4231 	2.34168e-05 	3.09321e-06 	1
35.4615 	1.34085e-05 	5.69934e-06 	1
35.5 	3.17627e-05 	4.38259e-06 	1
35.5385 	1.94756e-05 	8.18827e-06 	1
35.5769 	4.54511e-05 	5.91944e-06 	1
35.6154 	2.32592e-05 	9.60877e-06 	1
35.6538 	2.47098e-05 	3.42395e-06 	1
35.6923 	3.03705e-05 	4.0038e-06 	1
35.7308 	2.05268e-05 	8.76813e-06 	1
35.7692 	5.51038e-05 	7.93525e-06 	1
35.8077 	3.2205e-05 	4.06981e-06 	1
35.8462 	1.81419e-05 	7.70557e-06 	1
35.8846 	2.22183e-05 	3.01481e-06 	1
35.9231 	3.08006e-05 	4.24163e-06 	1
35.9615 	2.49459e-05 	3.27025e-06 	1
36.0 	2.36113e-05 	3.29153e-06 	1
36.0385 	3.73388e-05 	5.44655e-06 	1
36.0769 	3.10409e-05 	3.63235e-06 	1
36.1154 	2.71283e-05 	9.84054e-06 	1
36.1538 	2.64703e-05 	3.48303e-06 	1
36.1923 	1.47108e-05 	5.1309e-06 	1
36.2308 	1.51629e-05 	4.9216e-06 	1
36.2692 	4.09853e-05 	5.62041e-06 	1
36.3077 	1.39046e-05 	6.28682e-06 	1
36.3462 	8.20422e-06 	8.20422e-06 	0
36.3846 	2.72949e-05 	4.07195e-06 	1
36.4231 	1.9655e-05 	9.18349e-06 	1
36.4615 	1.91374e-05 	6.63332e-06 	1
36.5 	1.97209e-05 	7.44374e-06 	1
36.5385 	4.19348e-05 	6.61944e-06 	1
36.5769 	6.14158e-06 	6.14158e-06 	0
36.6154 	4.88156e-05 	7.28976e-06 	1
36.6538 	1.44827e-05 	7.65464e-06 	1
36.6923 	1.07922e-05 	5.15215e-06 	1
36.7308 	1.73828e-05 	8.09606e-06 	1
36.7692 	1.53034e-05 	7.6233e-06 	1
36.8077 	1.49688e-05 	6.73649e-06 	1
36.8462 	1.09628e-05 	4.49221e-06 	1
36.8846 	1.58491e-05 	6.26572e-06 	1
36.9231 	9.80251e-06 	9.80251e-06 	0
36.9615 	1.57455e-05 	7.19407e-06 	1
37.0 	3.93109e-05 	5.66709e-06 	1
37.0385 	2.96039e-05 	3.7988e-06 	1
37.0769 	1.91685e-05 	2.98041e-06 	1
37.1154 	2.23189e-05 	3.22875e-06 	1
37.1538 	1.42302e-05 	6.43307e-06 	1
37.1923 	5.18586e-05 	7.38285e-06 	1
37.2308 	1.61078e-05 	7.64009e-06 	1
37.2692 	1.56624e-05 	7.6191e-06 	1
37.3077 	1.85159e-05 	8.85622e-06 	1
37.3462 	4.46382e-05 	6.66813e-06 	1
37.3846 	3.37744e-05 	4.05377e-06 	1
37.4231 	1.43547e-05 	6.0431e-06 	1
37.4615 	5.27545e-05 	7.11692e-06 	1
37.5 	1.61128e-05 	6.67323e-06 	1
37.5385 	1.96956e-05 	9.50927e-06 	1
37.5769 	5.52435e-05 	8.02678e-06 	1
37.6154 	1.41843e-05 	7.99627e-06 	1
37.6538 	1.68419e-05 	8.49014e-06 	1
37.6923 	2.86569e-05 	4.23912e-06 	1
37.7308 	1.66706e-05 	7.54283e-06 	1
37.7692 	1.54998e-05 	7.19345e-06 	1
37.8077 	2.15114e-05 	3.18171e-06 	1
37.8462 	1.4881e-05 	6.15884e-06 	1
37.8846 	1.37807e-05 	5.12881e-06 	1
37.9231 	1.21639e-05 	5.2654e-06 	1
37.9615 	2.38799e-05 	3.34436e-06 	1
38.0 	1.56108e-05 	6.99085e-06 	1
38.0385 	1.35554e-05 	5.52919e-06 	1
38.0769 	1.45711e-05 	6.82143e-06 	1
38.1154 	2.97187e-05 	4.30043e-06 	1
38.1538 	7.16448e-05 	8.78174e-06 	2
38.1923 	3.02182e-05 	3.71511e-06 	1
38.2308 	2.70181e-05 	3.368e-06 	1
38.2692 	1.40765e-05 	5.75884e-06 	1
38.3077 	2.8485e-05 	4.39929e-06 	1
38.3462 	2.65727e-05 	4.0541e-06 	1
38.3846 	3.53284e-05 	5.06578e-06 	1
38.4231 	1.61667e-05 	7.55916e-06 	1
38.4615 	4.2503e-05 	5.69442e-06 	1
38.5 	3.35079e-05 	4.39476e-06 	1
38.5385 	2.26124e-05 	9.60885e-06 	1
38.5769 	1.40461e-05 	5.52346e-06 	1
38.6154 	1.24997e-05 	5.98541e-06 	1
38.6538 	1.4282e-05 	5.65276e-06 	1
38.6923 	1.74392e-05 	8.25575e-06 	1
38.7308 	2.78465e-05 	4.07632e-06 	1
38.7692 	1.74838e-05 	7.57713e-06 	1
38.8077 	1.51019e-05 	6.21516e-06 	1
38.8462 	1.48213e-05 	5.58212e-06 	1
38.8846 	1.72448e-05 	8.38068e-06 	1
38.9231 	1.44136e-05 	7.46351e-06 	1
38.9615 	1.46503e-05 	6.51095e-06 	1
39.0 	1.25485e-05 	5.39121e-06 	1
39.0385 	1.73275e-05 	8.33148e-06 	1
39.0769 	1.56942e-05 	8.04276e-06 	1
39.1154 	1.58252e-05 	7.2034e-06 	1
39.1538 	1.45634e-05 	6.22924e-06 	1
39.1923 	1.65955e-05 	7.72123e-06 	1
39.2308 	7.14694e-05 	9.50988e-06 	1
39.2692 	5.91931e-05 	7.69322e-06 	1
39.3077 	7.83202e-05 	9.48863e-06 	1
39.3462 	5.1436e-05 	6.58835e-06 	1
39.3846 	2.51627e-05 	3.28874e-06 	1
39.4231 	3.21384e-05 	4.89502e-06 	1
39.4615 	5.25804e-05 	7.98719e-06 	1
39.5 	3.86896e-05 	5.27515e-06 	1
39.5385 	3.81492e-05 	4.91648e-06 	1
39.5769 	2.35997e-05 	8.86181e-06 	1
39.6154 	2.0868e-05 	8.88664e-06 	1
39.6538 	2.28098e-05 	3.14773e-06 	1
39.6923 	5.55687e-05 	7.14768e-06 	1
39.7308 	4.9368e-05 	6.25882e-06 	1
39.7692 	2.92174e-05 	3.65551e-06 	1
39.8077 	1.78342e-05 	7.23847e-06 	1
39.8462 	1.89192e-05 	8.39867e-06 	1
39.8846 	1.67259e-05 	6.63573e-06 	1
39.9231 	1.43339e-05 	5.78979e-06 	1
39.9615 	1.97256e-05 	9.79358e-06 	1
40.0 	1.74943e-05 	9.17619e-06 	1
40.0385 	1.73534e-05 	7.46518e-06 	1
40.0769 	1.37586e-05 	4.84741e-06 	1
40.1154 	1.14597e-05 	5.11629e-06 	1
40.1538 	1.94612e-05 	9.0862e-06 	1
40.1923 	1.72316e-05 	8.72737e-06 	1
40.2308 	1.63491e-05 	6.99792e-06 	1
40.2692 	1.34793e-05 	4.54084e-06 	1
40.3077 	8.4379e-06 	8.4379e-06 	0
40.3462 	6.87251e-06 	6.87251e-06 	0
40.3846 	1.95954e-05 	8.84365e-06 	1
40.4231 	1.70118e-05 	8.75415e-06 	1
40.4615 	1.74926e-05 	8.71288e-06 	1
40.5 	1.45631e-05 	7.11169e-06 	1
40.5385 	1.94433e-05 	9.45054e-06 	1
40.5769 	1.8151e-05 	6.24625e-06 	1
40.6154 	1.82087e-05 	6.9599e-06 	1
40.6538 	2.24113e-05 	8.56814e-06 	1
40.6923 	5.44946e-05 	7.98895e-06 	1
40.7308 	1.41637e-05 	7.50172e-06 	1
40.7692 	1.51452e-05 	8.15174e-06 	1
40.8077 	7.7589e-05 	7.43485e-06 	2
40.8462 	1.45358e-05 	6.60938e-06 	1
40.8846 	2.0237e-05 	3.00257e-06 	1
40.9231 	3.00144e-05 	3.69783e-06 	1
40.9615 	3.11938e-05 	4.2558e-06 	1
41.0 	2.92765e-05 	3.71846e-06 	1
41.0385 	1.78875e-05 	7.56657e-06 	1
41.0769 	1.83565e-05 	7.5767e-06 	1
41.1154 	1.39756e-05 	6.05454e-06 	1
41.1538 	1.80662e-05 	6.79303e-06 	1
41.1923 	1.84156e-05 	7.23205e-06 	1
41.2308 	2.26084e-05 	9.33862e-06 	1
41.2692 	5.44253e-05 	7.25314e-06 	1
41.3077 	2.72388e-05 	3.29328e-06 	1
41.3462 	2.04379e-05 	9.37159e-06 	1
41.3846 	1.8567e-05 	8.66196e-06 	1
41.4231 	2.44724e-05 	3.31932e-06 	1
41.4615 	6.06606e-05 	7.75206e-06 	1
41.5 	1.14717e-05 	4.87067e-06 	1
41.5385 	1.02387e-05 	4.67605e-06 	1
41.5769 	1.08031e-05 	3.92017e-06 	1
41.6154 	1.64969e-05 	5.88979e-06 	1
41.6538 	9.44581e-06 	9.44581e-06 	0
41.6923 	1.99245e-05 	8.77543e-06 	1
41.7308 	1.78595e-05 	8.83778e-06 	1
41.7692 	1.55005e-05 	5.77171e-06 	1
41.8077 	9.83025e-06 	9.83025e-06 	0
41.8462 	3.64831e-05 	5.16951e-06 	1
41.8846 	1.47928e-05 	6.88958e-06 	1
41.9231 	1.15822e-05 	5.67049e-06 	1
41.9615 	1.82469e-05 	6.87108e-06 	1
42.0 	2.20029e-05 	8.72832e-06 	1
42.0385 	4.63875e-05 	6.68585e-06 	1
42.0769 	7.44445e-06 	7.44445e-06 	0
42.1154 	5.93934e-05 	8.38896e-06 	1
42.1538 	2.25139e-05 	3.28544e-06 	1
42.1923 	4.28029e-05 	4.86773e-06 	1
42.2308 	3.33302e-05 	4.35341e-06 	1
42.2692 	1.99624e-05 	8.46098e-06 	1
42.3077 	3.60839e-05 	4.59502e-06 	1
42.3462 	1.88418e-05 	7.68098e-06 	1
42.3846 	1.65087e-05 	7.26239e-06 	1
42.4231 	3.5615e-05 	4.33366e-06 	1
42.4615 	1.91257e-05 	7.56103e-06 	1
42.5 	1.66601e-05 	6.91171e-06 	1
42.5385 	1.9496e-05 	8.15652e-06 	1
42.5769 	2.48721e-05 	2.9542e-06 	1
42.6154 	2.92838e-05 	4.00851e-06 	1
42.6538 	2.27234e-05 	3.02156e-06 	1
42.6923 	2.41703e-05 	3.09395e-06 	1
42.7308 	7.31971e-05 	9.06938e-06 	1
42.7692 	3.44397e-05 	4.28701e-06 	1
42.8077 	2.60075e-05 	3.04892e-06 	1
42.8462 	2.85563e-05 	3.49316e-06 	1
42.8846 	3.43152e-05 	3.92578e-06 	1
42.9231 	2.40754e-05 	3.15076e-06 	1
42.9615 	2.42564e-05 	3.05812e-06 	1
43.0 	2.83989e-05 	3.94795e-06 	1
43.0385 	1.56432e-05 	6.57349e-06 	1
43.0769 	2.36886e-05 	3.02595e-06 	1
43.1154 	3.41397e-05 	4.98071e-06 	1
43.1538 	2.44739e-05 	3.30447e-06 	1
43.1923 	2.4155e-05 	3.22366e-06 	1
43.2308 	4.78617e-05 	6.19562e-06 	1
43.2692 	4.07559e-05 	4.97713e-06 	1
43.3077 	1.48503e-05 	6.32447e-06 	1
43.3462 	1.56144e-05 	7.09283e-06 	1
43.3846 	2.86771e-05 	4.11471e-06 	1
43.4231 	2.34038e-05 	3.20673e-06 	1
43.4615 	3.0981e-05 	4.16353e-06 	1
43.5 	5.77675e-05 	7.34481e-06 	1
43.5385 	3.76685e-05 	4.75054e-06 	1
43.5769 	2.16322e-05 	9.66957e-06 	1
43.6154 	1.97922e-05 	9.33076e-06 	1
43.6538 	1.77871e-05 	8.08751e-06 	1
43.6923 	2.06495e-05 	9.32953e-06 	1
43.7308 	2.91359e-05 	4.03061e-06 	1
43.7692 	2.09159e-05 	9.35818e-06 	1
43.8077 	2.1836e-05 	9.19586e-06 	1
43.8462 	2.4845e-05 	2.98068e-06 	1
43.8846 	3.04889e-05 	3.38469e-06 	1
43.9231 	2.2932e-05 	9.2034e-06 	1
43.9615 	1.74079e-05 	6.92617e-06 	1
44.0 	1.45238e-05 	5.91766e-06 	1
44.0385 	2.22317e-05 	8.8842e-06 	1
44.0769 	2.26867e-05 	8.82094e-06 	1
44.1154 	3.58491e-05 	4.72286e-06 	1
44.1538 	1.94581e-05 	8.11269e-06 	1
44.1923 	2.39099e-05 	9.3828e-06 	1
44.2308 	1.69346e-05 	6.94692e-06 	1
44.2692 	4.08824e-05 	5.12481e-06 	1
44.3077 	1.31438e-05 	5.34823e-06 	1
44.3462 	1.09779e-05 	4.69972e-06 	1
44.3846 	2.77411e-05 	3.59071e-06 	1
44.4231 	1.68241e-05 	7.67848e-06 	1
44.4615 	2.1662e-05 	9.8007e-06 	1
44.5 	2.1209e-05 	9.67585e-06 	1
44.5385 	2.33195e-05 	2.95598e-06 	1
44.5769 	1.75346e-05 	7.77009e-06 	1
44.6154 	3.88321e-05 	5.34594e-06 	1
44.6538 	1.77827e-05 	7.51191e-06 	1
44.6923 	1.55667e-05 	6.20391e-06 	1
44.7308 	3.62208e-05 	4.82508e-06 	1
44.7692 	1.98127e-05 	8.63747e-06 	1
44.8077 	2.52114e-05 	3.26536e-06 	1
44.8462 	3.41387e-05 	4.33702e-06 	1
44.8846 	1.61151e-05 	5.95303e-06 	1
44.9231 	2.38204e-05 	2.90574e-06 	1
44.9615 	4.30395e-05 	5.60023e-06 	1
45.0 	2.91502e-05 	3.75695e-06 	1
45.0385 	2.14068e-05 	9.54213e-06 	1
45.0769 	1.51114e-05 	5.94419e-06 	1
45.1154 	2.46009e-05 	2.8808e-06 	1
45.1538 	3.52655e-05 	4.36353e-06 	1
45.1923 	2.04521e-05 	7.87265e-06 	1
45.2308 	1.75191e-05 	7.11824e-06 	1
45.2692 	1.99189e-05 	8.67483e-06 	1
45.3077 	3.12297e-05 	3.53044e-06 	1
45.3462 	1.84907e-05 	7.59249e-06 	1
45.3846 	5.42203e-05 	7.5375e-06 	1
45.4231 	3.55003e-05 	4.78565e-06 	1
45.4615 	3.95658e-05 	5.1153e-06 	1
45.5 	1.40515e-05 	6.3667e-06 	1
45.5385 	1.25818e-05 	6.0469e-06 	1
45.5769 	1.54828e-05 	5.60219e-06 	1
45.6154 	1.45525e-05 	6.05926e-06 	1
45.6538 	2.50239e-05 	3.37926e-06 	1
45.6923 	1.38763e-05 	6.11165e-06 	1
45.7308 	4.24051e-05 	6.06208e-06 	1
45.7692 	1.81512e-05 	8.74885e-06 	1
45.8077 	1.59824e-05 	7.25789e-06 	1
45.8462 	1.48414e-05 	7.68993e-06 	1
45.8846 	2.10868e-05 	9.11294e-06 	1
45.9231 	1.628e-05 	8.76167e-06 	1
45.9615 	1.3568e-05 	6.01777e-06 	1
46.0 	1.7771e-05 	6.43805e-06 	1
46.0385 	2.02507e-05 	8.02799e-06 	1
46.0769 	5.16577e-05 	6.8838e-06 	1
46.1154 	1.28449e-05 	6.8398e-06 	1
46.1538 	1.66425e-05 	6.17206e-06 	1
46.1923 	8.29041e-06 	8.29041e-06 	0
46.2308 	1.2513e-05 	5.32568e-06 	1
46.2692 	1.74749e-05 	7.2001e-06 	1
46.3077 	5.26164e-05 	7.22764e-06 	1
46.3462 	1.4465e-05 	7.30579e-06 	1
46.3846 	1.10668e-05 	5.22728e-06 	1
46.4231 	2.19628e-05 	3.08626e-06 	1
46.4615 	1.27372e-05 	5.81616e-06 	1
46.5 	9.43308e-06 	9.43308e-06 	0
46.5385 	2.5171e-05 	3.60604e-06 	1
46.5769 	1.66585e-05 	7.38679e-06 	1
46.6154 	3.04423e-05 	3.57788e-06 	1
46.6538 	3.74059e-05 	4.48752e-06 	1
46.6923 	2.49312e-05 	2.9942e-06 	1
46.7308 	1.43094e-05 	5.68602e-06 	1
46.7692 	4.02182e-05 	6.07685e-06 	1
46.8077 	1.10331e-05 	3.9375e-06 	1
46.8462 	1.22248e-05 	4.503e-06 	1
46.8846 	1.04675e-05 	4.49327e-06 	1
46.9231 	1.7962e-05 	8.23508e-06 	1
46.9615 	1.34988e-05 	6.96987e-06 	1
47.0 	1.37181e-05 	5.46136e-06 	1
47.0385 	8.52044e-06 	8.52044e-06 	0
47.0769 	1.07148e-05 	4.79253e-06 	1
47.1154 	1.46663e-05 	7.02509e-06 	1
47.1538 	2.21094e-05 	3.25514e-06 	1
47.1923 	2.34799e-05 	3.04555e-06 	1
47.2308 	1.96134e-05 	8.52689e-06 	1
47.2692 	1.61626e-05 	7.04518e-06 	1
47.3077 	1.7023e-05 	6.65379e-06 	1
47.3462 	4.24707e-05 	5.28935e-06 	1
47.3846 	1.96228e-05 	8.88683e-06 	1
47.4231 	1.68148e-05 	7.66977e-06 	1
47.4615 	1.50646e-05 	7.07756e-06 	1
47.5 	1.77062e-05 	7.66405e-06 	1
47.5385 	5.5999e-05 	7.60313e-06 	1
47.5769 	1.24646e-05 	5.61053e-06 	1
47.6154 	1.22779e-05 	5.80676e-06 	1
47.6538 	1.67603e-05 	5.67157e-06 	1
47.6923 	1.93103e-05 	7.03591e-06 	1
47.7308 	4.97237e-05 	6.6839e-06 	1
47.7692 	7.32371e-06 	7.32371e-06 	0
47.8077 	1.4672e-05 	6.20464e-06 	1
47.8462 	1.52564e-05 	6.04674e-06 	1
47.8846 	1.23413e-05 	5.41003e-06 	1
47.9231 	2.34439e-05 	3.29221e-06 	1
47.9615 	1.52237e-05 	6.6146e-06 	1
48.0 	3.84151e-05 	5.04779e-06 	1
48.0385 	1.42912e-05 	6.72302e-06 	1
48.0769 	1.06555e-05 	5.47033e-06 	1
48.1154 	1.28566e-05 	4.88686e-06 	1
48.1538 	1.05271e-05 	5.21961e-06 	1
48.1923 	1.68844e-05 	7.71924e-06 	1
48.2308 	7.67617e-05 	6.66362e-06 	2
48.2692 	5.26847e-05 	6.71697e-06 	1
48.3077 	2.6951e-05 	2.95647e-06 	1
48.3462 	1.70629e-05 	7.00737e-06 	1
48.3846 	1.75263e-05 	7.37307e-06 	1
48.4231 	2.82651e-05 	3.71534e-06 	1
48.4615 	2.46505e-05 	2.93378e-06 	1
48.5 	2.44058e-05 	3.05457e-06 	1
48.5385 	2.60897e-05 	3.09916e-06 	1
48.5769 	2.93186e-05 	3.50202e-06 	1
48.6154 	2.39628e-05 	8.8826e-06 	1
48.6538 	3.90186e-05 	4.73907e-06 	1
48.6923 	3.56191e-05 	4.21768e-06 	1
48.7308 	2.19963e-05 	2.88349e-06 	1
48.7692 	3.94108e-05 	4.99193e-06 	1
48.8077 	3.20507e-05 	3.94514e-06 	1
48.8462 	3.10612e-05 	3.92231e-06 	1
48.8846 	2.75977e-05 	3.512e-06 	1
48.9231 	2.72889e-05 	3.384e-06 	1
48.9615 	1.97451e-05 	8.51442e-06 	1
49.0 	1.65431e-05 	7.10281e-06 	1
49.0385 	2.21629e-05 	9.03106e-06 	1
49.0769 	3.16913e-05 	4.48591e-06 	1
49.1154 	1.43846e-05 	5.24282e-06 	1
49.1538 	2.16425e-05 	2.80083e-06 	1
49.1923 	2.08279e-05 	9.17859e-06 	1
49.2308 	1.71196e-05 	7.53404e-06 	1
49.2692 	2.22502e-05 	9.83642e-06 	1
49.3077 	2.17195e-05 	8.83433e-06 	1
49.3462 	2.32111e-05 	8.89866e-06 	1
49.3846 	3.58049e-05 	4.39453e-06 	1
49.4231 	2.48486e-05 	9.89596e-06 	1
49.4615 	1.39058e-05 	5.00501e-06 	1
49.5 	1.32214e-05 	5.25723e-06 	1
49.5385 	1.30333e-05 	5.37125e-06 	1
49.5769 	2.64305e-05 	9.92199e-06 	1
49.6154 	1.71587e-05 	6.29245e-06 	1
49.6538 	2.15161e-05 	8.06435e-06 	1
49.6923 	6.01308e-05 	7.03086e-06 	1
49.7308 	1.59247e-05 	6.91472e-06 	1
49.7692 	2.46353e-05 	3.01681e-06 	1
49.8077 	5.96809e-05 	7.18848e-06 	1
49.8462 	1.41402e-05 	5.92737e-06 	1
49.8846 	1.28069e-05 	5.44022e-06 	1
49.9231 	2.64785e-05 	3.30466e-06 	1
49.9615 	1.93695e-05 	8.17996e-06 	1
50.0 	3.02992e-05 	3.87184e-06 	1
50.0385 	2.4111e-05 	3.11184e-06 	1
50.0769 	1.511e-05 	6.37266e-06 	1
50.1154 	1.38854e-05 	6.62335e-06 	1
50.1538 	1.54208e-05 	5.89161e-06 	1
50.1923 	1.55305e-05 	7.04887e-06 	1
50.2308 	2.65577e-05 	3.9104e-06 	1
50.2692 	1.72075e-05 	7.45364e-06 	1
50.3077 	1.52272e-05 	5.95775e-06 	1
50.3462 	1.57671e-05 	6.20102e-06 	1
50.3846 	4.27574e-05 	6.10287e-06 	1
50.4231 	1.75828e-05 	9.02286e-06 	1
50.4615 	1.86411e-05 	8.68256e-06 	1
50.5 	2.0959e-05 	9.4011e-06 	1
50.5385 	5.67115e-05 	8.48116e-06 	1
50.5769 	1.55257e-05 	7.14613e-06 	1
50.6154 	2.15076e-05 	2.87791e-06 	1
50.6538 	4.25677e-05 	6.24546e-06 	1
50.6923 	4.65615e-05 	6.2559e-06 	1
50.7308 	1.95399e-05 	9.93204e-06 	1
50.7692 	1.86474e-05 	8.45079e-06 	1
50.8077 	1.56367e-05 	6.09846e-06 	1
50.8462 	1.66268e-05 	6.48476e-06 	1
50.8846 	2.23982e-05 	9.12993e-06 	1
50.9231 	5.71989e-05 	8.17187e-06 	1
50.9615 	1.38754e-05 	6.88009e-06 	1
51.0 	1.71419e-05 	8.21211e-06 	1
51.0385 	2.2484e-05 	9.63877e-06 	1
51.0769 	2.11447e-05 	2.77079e-06 	1
51.1154 	2.03935e-05 	8.99266e-06 	1
51.1538 	2.03688e-05 	8.50515e-06 	1
51.1923 	5.13422e-05 	7.31207e-06 	1
51.2308 	1.5853e-05 	7.21353e-06 	1
51.2692 	1.4451e-05 	6.23981e-06 	1
51.3077 	1.15077e-05 	4.8276e-06 	1
51.3462 	1.61483e-05 	6.87948e-06 	1
51.3846 	6.12967e-05 	8.61497e-06 	1
51.4231 	1.49318e-05 	8.0709e-06 	1
51.4615 	1.31466e-05 	6.28199e-06 	1
51.5 	2.21584e-05 	3.03904e-06 	1
51.5385 	1.14562e-05 	5.11923e-06 	1
51.5769 	8.44108e-06 	8.44108e-06 	0
51.6154 	1.8667e-05 	8.51471e-06 	1
51.6538 	1.91098e-05 	9.10736e-06 	1
51.6923 	6.59083e-05 	9.52257e-06 	1
51.7308 	6.80725e-05 	9.3481e-06 	1
51.7692 	2.71929e-05 	3.34648e-06 	1
51.8077 	4.49682e-05 	5.25638e-06 	1
51.8462 	2.8633e-05 	3.45999e-06 	1
51.8846 	1.02068e-05 	4.0346e-06 	1
51.9231 	3.26962e-05 	5.10721e-06 	1
51.9615 	1.69043e-05 	7.61484e-06 	1
52.0 	1.43456e-05 	6.64988e-06 	1
52.0385 	1.4036e-05 	6.59781e-06 	1
52.0769 	1.98774e-05 	8.70858e-06 	1
52.1154 	1.61765e-05 	7.75809e-06 	1
52.1538 	1.36846e-05 	5.61199e-06 	1
52.1923 	1.11329e-05 	5.21415e-06 	1
52.2308 	1.88419e-05 	7.55594e-06 	1
52.2692 	3.9973e-05 	5.61295e-06 	1
52.3077 	1.59574e-05 	7.67297e-06 	1
52.3462 	1.50085e-05 	6.51825e-06 	1
52.3846 	1.28582e-05 	6.14508e-06 	1
52.4231 	2.11161e-05 	9.99335e-06 	1
52.4615 	1.88001e-05 	9.42204e-06 	1
52.5 	1.70918e-05 	7.35068e-06 	1
52.5385 	1.54248e-05 	5.3812e-06 	1
52.5769 	9.8307e-06 	9.8307e-06 	0
52.6154 	3.35173e-05 	4.98878e-06 	1
52.6538 	1.41492e-05 	6.3991e-06 	1
52.6923 	1.13445e-05 	5.69154e-06 	1
52.7308 	1.425e-05 	5.22806e-06 	1
52.7692 	1.17292e-05 	4.90317e-06 	1
52.8077 	1.87838e-05 	8.36531e-06 	1
52.8462 	7.49616e-05 	9.87142e-06 	1
52.8846 	4.52185e-05 	5.25958e-06 	1
52.9231 	2.39785e-05 	9.28846e-06 	1
52.9615 	1.51202e-05 	6.66647e-06 	1
53.0 	1.98178e-05 	7.23872e-06 	1
53.0385 	2.76751e-05 	9.40656e-06 	1
53.0769 	2.48538e-05 	8.77587e-06 	1
53.1154 	1.5327e-05 	4.90701e-06 	1
53.1538 	2.47245e-05 	2.98918e-06 	1
53.1923 	1.98977e-05 	9.1979e-06 	1
53.2308 	3.10825e-05 	4.04016e-06 	1
53.2692 	2.79003e-05 	3.3541e-06 	1
53.3077 	3.02268e-05 	3.34513e-06 	1
53.3462 	2.699e-05 	9.86714e-06 	1
53.3846 	2.69967e-05 	3.55233e-06 	1
53.4231 	3.01728e-05 	3.8532e-06 	1
53.4615 	6.698e-05 	8.28037e-06 	1
53.5 	2.52232e-05 	3.29245e-06 	1
53.5385 	3.52622e-05 	4.90129e-06 	1
53.5769 	2.87851e-05 	3.64274e-06 	1
53.6154 	2.28201e-05 	8.76286e-06 	1
53.6538 	2.83074e-05 	4.00135e-06 	1
53.6923 	2.80592e-05 	3.46747e-06 	1
53.7308 	2.33702e-05 	2.98044e-06 	1
53.7692 	2.53719e-05 	3.34205e-06 	1
53.8077 	2.2665e-05 	9.97258e-06 	1
53.8462 	3.37695e-05 	4.36343e-06 	1
53.8846 	3.24647e-05 	3.83755e-06 	1
53.9231 	2.70607e-05 	3.31777e-06 	1
53.9615 	6.12314e-05 	7.78769e-06 	1
54.0 	1.21947e-05 	5.26046e-06 	1
54.0385 	1.04924e-05 	4.78658e-06 	1
54.0769 	1.2786e-05 	4.5371e-06 	1
54.1154 	9.39919e-06 	9.39919e-06 	0
54.1538 	7.91674e-06 	7.91674e-06 	0
54.1923 	2.76324e-05 	3.93316e-06 	1
54.2308 	1.77105e-05 	7.95792e-06 	1
54.2692 	1.75544e-05 	7.80508e-06 	1
54.3077 	5.59183e-05 	8.35371e-06 	1
54.3462 	2.42852e-05 	2.94274e-06 	1
54.3846 	3.379e-05 	4.65739e-06 	1
54.4231 	2.33976e-05 	3.27319e-06 	1
54.4615 	1.34514e-05 	5.84963e-06 	1
54.5 	1.29554e-05 	6.30453e-06 	1
54.5385 	1.90484e-05 	7.29965e-06 	1
54.5769 	2.30056e-05 	8.9505e-06 	1
54.6154 	5.75031e-05 	8.22955e-06 	1
54.6538 	2.58009e-05 	3.47388e-06 	1
54.6923 	3.74775e-05 	5.12739e-06 	1
54.7308 	2.57675e-05 	3.34061e-06 	1
54.7692 	2.13082e-05 	9.07217e-06 	1
54.8077 	1.51525e-05 	6.93501e-06 	1
54.8462 	1.65318e-05 	7.10039e-06 	1
54.8846 	2.54287e-05 	3.06096e-06 	1
54.9231 	2.09468e-05 	3.10089e-06 	1
54.9615 	1.72107e-05 	7.36868e-06 	1
55.0 	2.12005e-05 	9.20989e-06 	1
55.0385 	2.2243e-05 	9.48501e-06 	1
55.0769 	1.98256e-05 	9.00333e-06 	1
55.1154 	1.8654e-05 	8.37737e-06 	1
55.1538 	2.64063e-05 	3.73109e-06 	1
55.1923 	2.46682e-05 	3.26267e-06 	1
55.2308 	2.28916e-05 	9.66495e-06 	1
55.2692 	1.8754e-05 	7.94889e-06 	1
55.3077 	3.38101e-05 	4.59222e-06 	1
55.3462 	2.01439e-05 	8.241e-06 	1
55.3846 	2.42722e-05 	2.68206e-06 	1
55.4231 	4.78361e-05 	6.22379e-06 	1
55.4615 	3.04552e-05 	3.85939e-06 	1
55.5 	1.53441e-05 	5.44808e-06 	1
55.5385 	1.9472e-05 	7.81824e-06 	1
55.5769 	1.53877e-05 	5.77846e-06 	1
55.6154 	3.15366e-05 	3.97627e-06 	1
55.6538 	1.45088e-05 	6.42093e-06 	1
55.6923 	1.47672e-05 	6.69761e-06 	1
55.7308 	1.79124e-05 	6.97025e-06 	1
55.7692 	2.05682e-05 	8.00924e-06 	1
55.8077 	4.66462e-05 	6.31148e-06 	1
55.8462 	9.73448e-06 	9.73448e-06 	0
55.8846 	4.11662e-05 	5.46555e-06 	1
55.9231 	1.68797e-05 	7.90859e-06 	1
55.9615 	1.4188e-05 	5.92612e-06 	1
56.0 	1.37482e-05 	5.12923e-06 	1
56.0385 	8.11696e-06 	8.11696e-06 	0
56.0769 	3.14832e-05 	3.87739e-06 	1
56.1154 	1.83116e-05 	9.18106e-06 	1
56.1538 	1.38747e-05 	6.15035e-06 	1
56.1923 	1.03865e-05 	5.29814e-06 	1
56.2308 	1.50476e-05 	5.34161e-06 	1
56.2692 	8.42735e-06 	8.42735e-06 	0
56.3077 	1.1286e-05 	5.01507e-06 	1
56.3462 	1.87223e-05 	7.03178e-06 	1
56.3846 	2.32957e-05 	9.66018e-06 	1
56.4231 	5.84396e-05 	7.96519e-06 	1
56.4615 	1.3795e-05 	7.26059e-06 	1
56.5 	1.09247e-05 	4.72535e-06 	1
56.5385 	1.78178e-05 	6.12811e-06 	1
56.5769 	2.0471e-05 	8.1223e-06 	1
56.6154 	6.42314e-05 	8.79425e-06 	1
56.6538 	6.56141e-05 	8.87928e-06 	1
56.6923 	2.80503e-05 	3.61298e-06 	1
56.7308 	4.16903e-05 	5.14381e-06 	1
56.7692 	2.50435e-05 	3.01198e-06 	1
56.8077 	1.93866e-05 	8.71788e-06 	1
56.8462 	2.78188e-05 	4.29285e-06 	1
56.8846 	3.65977e-05 	5.1737e-06 	1
56.9231 	3.01204e-05 	3.82321e-06 	1
56.9615 	2.64431e-05 	3.68869e-06 	1
57.0 	2.2681e-05 	9.83141e-06 	1
57.0385 	1.88082e-05 	8.92581e-06 	1
57.0769 	1.74218e-05 	7.83868e-06 	1
57.1154 	2.1082e-05 	3.11435e-06 	1
57.1538 	2.19252e-05 	3.09571e-06 	1
57.1923 	1.47188e-05 	5.98273e-06 	1
57.2308 	1.39766e-05 	4.86235e-06 	1
57.2692 	1.0253e-05 	4.3414e-06 	1
57.3077 	1.65277e-05 	7.69413e-06 	1
57.3462 	6.76013e-05 	6.20672e-06 	2
57.3846 	2.45421e-05 	3.13464e-06 	1
57.4231 	5.99846e-05 	8.9054e-06 	1
57.4615 	1.56292e-05 	6.89556e-06 	1
57.5 	1.96696e-05 	3.09767e-06 	1
57.5385 	2.70958e-05 	3.66205e-06 	1
57.5769 	1.79896e-05 	7.6191e-06 	1
57.6154 	1.46212e-05 	5.25219e-06 	1
57.6538 	1.14332e-05 	4.81191e-06 	1
57.6923 	2.18553e-05 	3.02512e-06 	1
57.7308 	1.86345e-05 	9.11629e-06 	1
57.7692 	1.41246e-05 	5.84826e-06 	1
57.8077 	1.75833e-05 	6.25661e-06 	1
57.8462 	2.30432e-05 	9.22821e-06 	1
57.8846 	5.56875e-05 	7.73062e-06 	1
57.9231 	1.60774e-05 	7.74127e-06 	1
57.9615 	5.38013e-05 	5.85082e-06 	1
58.0 	2.18414e-05 	2.74603e-06 	1
58.0385 	3.58637e-05 	3.72426e-06 	1
58.0769 	2.82064e-05 	3.38334e-06 	1
58.1154 	3.47116e-05 	4.38645e-06 	1
58.1538 	3.44534e-05 	4.38915e-06 	1
58.1923 	2.32084e-05 	3.03593e-06 	1
58.2308 	2.02759e-05 	8.65223e-06 	1
58.2692 	4.4348e-05 	5.53048e-06 	1
58.3077 	2.06443e-05 	8.51152e-06 	1
58.3462 	1.75123e-05 	7.16749e-06 	1
58.3846 	1.26794e-05 	5.94373e-06 	1
58.4231 	5.83269e-05 	7.82298e-06 	1
58.4615 	3.83229e-05 	4.99726e-06 	1
58.5 	4.37793e-05 	5.84425e-06 	1
58.5385 	1.97476e-05 	8.79347e-06 	1
58.5769 	2.60929e-05 	3.52952e-06 	1
58.6154 	1.7755e-05 	7.89571e-06 	1
58.6538 	1.63383e-05 	7.00769e-06 	1
58.6923 	1.16426e-05 	5.67992e-06 	1
58.7308 	1.98317e-05 	9.34704e-06 	1
58.7692 	1.53719e-05 	8.36783e-06 	1
58.8077 	1.78109e-05 	7.38226e-06 	1
58.8462 	1.5805e-05 	6.74634e-06 	1
58.8846 	2.38846e-05 	9.61589e-06 	1
58.9231 	3.31496e-05 	4.59506e-06 	1
58.9615 	1.48568e-05 	6.67126e-06 	1
59.0 	8.59748e-06 	8.59748e-06 	0
59.0385 	7.44691e-06 	7.44691e-06 	0
59.0769 	2.32382e-05 	3.12167e-06 	1
59.1154 	1.92185e-05 	9.54391e-06 	1
59.1538 	1.30137e-05 	5.07955e-06 	1
59.1923 	1.52738e-05 	5.13408e-06 	1
59.2308 	9.50971e-06 	9.50971e-06 	0
59.2692 	3.06448e-05 	3.84851e-06 	1
59.3077 	1.85592e-05 	7.87087e-06 	1
59.3462 	5.57039e-05 	6.7417e-06 	1
59.3846 	1.87498e-05 	7.74219e-06 	1
59.4231 	1.97738e-05 	8.96741e-06 	1
59.4615 	5.62125e-05 	7.1435e-06 	1
59.5 	2.72495e-05 	3.17204e-06 	1
59.5385 	1.68809e-05 	7.05325e-06 	1
59.5769 	6.28405e-05 	8.16891e-06 	1
59.6154 	4.10937e-05 	5.03677e-06 	1
59.6538 	2.08828e-05 	8.98589e-06 	1
59.6923 	2.1569e-05 	9.53885e-06 	1
59.7308 	1.01104e-05 	4.11456e-06 	1
59.7692 	1.53733e-05 	6.02892e-06 	1
59.8077 	1.15519e-05 	5.82879e-06 	1
59.8462 	1.66384e-05 	6.6545e-06 	1
59.8846 	2.18107e-05 	9.3367e-06 	1
59.9231 	5.39012e-05 	7.59479e-06 	1
59.9615 	1.40052e-05 	7.34813e-06 	1
60.0 	1.45454e-05 	7.37641e-06 	1
60.0385 	2.54136e-05 	3.6939e-06 	1
60.0769 	1.47567e-05 	6.60366e-06 	1
60.1154 	3.1678e-05 	4.53283e-06 	1
60.1538 	2.30052e-05 	9.67609e-06 	1
60.1923 	2.34677e-05 	3.26457e-06 	1
60.2308 	3.45435e-05 	4.55263e-06 	1
60.2692 	1.89577e-05 	8.33248e-06 	1
60.3077 	1.49306e-05 	6.63118e-06 	1
60.3462 	3.11957e-05 	4.42642e-06 	1
60.3846 	1.88073e-05 	8.03185e-06 	1
60.4231 	2.27579e-05 	2.87146e-06 	1
60.4615 	3.3509e-05 	4.92761e-06 	1
60.5 	3.49224e-05 	4.42046e-06 	1
60.5385 	2.33314e-05 	2.99832e-06 	1
60.5769 	7.53898e-05 	9.22617e-06 	1
60.6154 	7.47083e-05 	9.66883e-06 	2
60.6538 	2.08404e-05 	8.90191e-06 	1
60.6923 	2.09195e-05 	9.67517e-06 	1
60.7308 	2.77616e-05 	3.56504e-06 	1
60.7692 	2.12116e-05 	9.74202e-06 	1
60.8077 	2.68784e-05 	3.42979e-06 	1
60.8462 	1.89109e-05 	8.50831e-06 	1
60.8846 	1.45311e-05 	6.70894e-06 	1
60.9231 	3.13289e-05 	4.24536e-06 	1
60.9615 	2.14674e-05 	9.06921e-06 	1
61.0 	2.23086e-05 	9.21285e-06 	1
61.0385 	2.78464e-05 	3.84398e-06 	1
61.0769 	2.85757e-05 	3.86016e-06 	1
61.1154 	1.74494e-05 	7.99205e-06 	1
61.1538 	1.8158e-05 	7.1709e-06 	1
61.1923 	1.74241e-05 	7.48778e-06 	1
61.2308 	1.5491e-05 	6.37e-06 	1
61.2692 	1.67625e-05 	6.6041e-06 	1
61.3077 	2.1991e-05 	9.96171e-06 	1
61.3462 	2.03069e-05 	8.81842e-06 	1
61.3846 	3.52811e-05 	4.87826e-06 	1
61.4231 	3.01924e-05 	3.90629e-06 	1
61.4615 	9.16932e-06 	9.16932e-06 	0
61.5 	8.14856e-06 	8.14856e-06 	0
61.5385 	1.10188e-05 	5.16119e-06 	1
61.5769 	1.13831e-05 	4.40848e-06 	1
61.6154 	9.46435e-06 	9.46435e-06 	0
61.6538 	2.39367e-05 	9.00818e-06 	1
61.6923 	3.47194e-05 	4.76953e-06 	1
61.7308 	1.86578e-05 	9.01395e-06 	1
61.7692 	1.6405e-05 	7.61116e-06 	1
61.8077 	1.63034e-05 	8.39294e-06 	1
61.8462 	6.93389e-05 	6.05223e-06 	2
61.8846 	5.77565e-05 	7.55179e-06 	1
61.9231 	6.38394e-05 	7.89014e-06 	1
61.9615 	2.42677e-05 	3.21941e-06 	1
62.0 	2.49948e-05 	3.17591e-06 	1
62.0385 	4.88328e-05 	5.77191e-06 	1
62.0769 	1.7753e-05 	7.22788e-06 	1
62.1154 	2.17661e-05 	9.38855e-06 	1
62.1538 	2.63047e-05 	3.06893e-06 	1
62.1923 	1.74086e-05 	6.72453e-06 	1
62.2308 	1.13923e-05 	4.44927e-06 	1
62.2692 	1.68703e-05 	6.74329e-06 	1
62.3077 	2.17168e-05 	9.8395e-06 	1
62.3462 	3.12587e-05 	4.10271e-06 	1
62.3846 	1.95236e-05 	8.79276e-06 	1
62.4231 	1.70499e-05 	7.31502e-06 	1
62.4615 	2.87626e-05 	3.70075e-06 	1
62.5 	1.40375e-05 	6.18302e-06 	1
62.5385 	2.39814e-05 	2.93499e-06 	1
62.5769 	3.80728e-05 	4.95369e-06 	1
62.6154 	2.35219e-05 	9.63836e-06 	1
62.6538 	1.29132e-05 	4.94673e-06 	1
62.6923 	1.10863e-05 	3.88419e-06 	1
62.7308 	1.39338e-05 	4.75461e-06 	1
62.7692 	9.68522e-06 	9.68522e-06 	0
62.8077 	1.00037e-05 	3.43282e-06 	1
62.8462 	1.39876e-05 	4.61405e-06 	1
62.8846 	7.22456e-06 	7.22456e-06 	0
62.9231 	1.03624e-05 	4.05473e-06 	1
62.9615 	1.71145e-05 	5.8937e-06 	1
63.0 	2.06402e-05 	8.12671e-06 	1
63.0385 	5.60112e-05 	7.81202e-06 	1
63.0769 	1.43327e-05 	7.94765e-06 	1
63.1154 	1.31205e-05 	6.2149e-06 	1
63.1538 	1.71247e-05 	7.42152e-06 	1
63.1923 	7.22107e-05 	6.81442e-06 	2
63.2308 	6.42526e-05 	8.9716e-06 	1
63.2692 	3.49169e-05 	4.52306e-06 	1
63.3077 	4.17539e-05 	6.64653e-06 	1
63.3462 	5.17281e-05 	7.06697e-06 	1
63.3846 	3.10195e-05 	3.88326e-06 	1
63.4231 	1.12411e-05 	4.46462e-06 	1
63.4615 	9.02541e-06 	9.02541e-06 	0
63.5 	1.19672e-05 	4.92272e-06 	1
63.5385 	1.06724e-05 	4.93763e-06 	1
63.5769 	1.17925e-05 	4.43143e-06 	1
63.6154 	1.24271e-05 	5.72715e-06 	1
63.6538 	2.14132e-05 	3.17027e-06 	1
63.6923 	1.28332e-05 	5.69728e-06 	1
63.7308 	9.73784e-06 	9.73784e-06 	0
63.7692 	2.54795e-05 	3.68756e-06 	1
63.8077 	1.7193e-05 	7.6101e-06 	1
63.8462 	2.51265e-05 	3.71204e-06 	1
63.8846 	2.58998e-05 	3.63772e-06 	1
63.9231 	2.00144e-05 	9.58453e-06 	1
63.9615 	4.63453e-05 	7.23045e-06 	1
64.0 	3.45931e-05 	4.29578e-06 	1
64.0385 	1.41819e-05 	5.6556e-06 	1
64.0769 	1.95804e-05 	9.17968e-06 	1
64.1154 	3.58793e-05 	4.55085e-06 	1
64.1538 	2.44498e-05 	9.44934e-06 	1
64.1923 	1.51152e-05 	5.72438e-06 	1
64.2308 	1.37667e-05 	5.595e-06 	1
64.2692 	1.47867e-05 	5.92505e-06 	1
64.3077 	2.08389e-05 	7.89169e-06 	1
64.3462 	1.41032e-05 	5.06306e-06 	1
64.3846 	3.63224e-05 	4.8942e-06 	1
64.4231 	4.69331e-05 	6.33561e-06 	1
64.4615 	2.71123e-05 	3.57101e-06 	1
64.5 	2.88264e-05 	4.119e-06 	1
64.5385 	1.52314e-05 	6.4087e-06 	1
64.5769 	1.43415e-05 	6.16731e-06 	1
64.6154 	3.40702e-05 	4.29957e-06 	1
64.6538 	2.08204e-05 	9.53507e-06 	1
64.6923 	2.06968e-05 	9.51017e-06 	1
64.7308 	2.54682e-05 	3.26081e-06 	1
64.7692 	1.60051e-05 	6.38062e-06 	1
64.8077 	2.40621e-05 	3.01507e-06 	1
64.8462 	1.73565e-05 	7.6634e-06 	1
64.8846 	1.6001e-05 	7.00436e-06 	1
64.9231 	2.35207e-05 	2.98755e-06 	1
64.9615 	1.96335e-05 	7.71279e-06 	1
65.0 	3.76391e-05 	5.2738e-06 	1
65.0385 	2.93707e-05 	3.89753e-06 	1
65.0769 	1.34643e-05 	4.40374e-06 	1
65.1154 	1.34494e-05 	5.29627e-06 	1
65.1538 	2.03765e-05 	9.2574e-06 	1
65.1923 	1.59725e-05 	6.24572e-06 	1
65.2308 	1.39711e-05 	5.57253e-06 	1
65.2692 	2.13925e-05 	8.83239e-06 	1
65.3077 	1.2187e-05 	5.16441e-06 	1
65.3462 	1.09514e-05 	4.78123e-06 	1
65.3846 	1.21903e-05 	4.36593e-06 	1
65.4231 	8.89481e-06 	8.89481e-06 	0
65.4615 	7.64141e-06 	7.64141e-06 	0
65.5 	2.24872e-05 	9.97972e-06 	1
65.5385 	1.82913e-05 	9.28686e-06 	1
65.5769 	1.42777e-05 	6.36673e-06 	1
65.6154 	1.85401e-05 	7.92863e-06 	1
65.6538 	5.57474e-05 	7.90244e-06 	1
65.6923 	1.36778e-05 	5.58521e-06 	1
65.7308 	1.68023e-05 	6.02328e-06 	1
65.7692 	1.44348e-05 	5.40147e-06 	1
65.8077 	1.4809e-05 	6.39995e-06 	1
65.8462 	2.13176e-05 	9.09954e-06 	1
65.8846 	1.7014e-05 	8.58064e-06 	1
65.9231 	1.62048e-05 	6.14678e-06 	1
65.9615 	1.24077e-05 	4.78883e-06 	1
66.0 	1.32607e-05 	5.74494e-06 	1
66.0385 	2.11163e-05 	9.62671e-06 	1
66.0769 	1.82584e-05 	8.54847e-06 	1
66.1154 	1.4844e-05 	5.72253e-06 	1
66.1538 	8.26365e-06 	8.26365e-06 	0
66.1923 	1.04164e-05 	4.39874e-06 	1
66.2308 	1.78886e-05 	6.8252e-06 	1
66.2692 	1.80323e-05 	7.3808e-06 	1
66.3077 	3.72126e-05 	4.75001e-06 	1
66.3462 	1.50467e-05 	6.30569e-06 	1
66.3846 	1.61065e-05 	7.0032e-06 	1
66.4231 	1.68664e-05 	7.1765e-06 	1
66.4615 	1.94756e-05 	8.19833e-06 	1
66.5 	5.23186e-05 	7.04455e-06 	1
66.5385 	8.57772e-06 	8.57772e-06 	0
66.5769 	2.9724e-05 	3.91035e-06 	1
66.6154 	1.84822e-05 	7.9357e-06 	1
66.6538 	3.03348e-05 	3.53317e-06 	1
66.6923 	2.08746e-05 	2.64297e-06 	1
66.7308 	2.89942e-05 	3.48027e-06 	1
66.7692 	2.73697e-05 	3.31912e-06 	1
66.8077 	4.41191e-05 	4.80588e-06 	1
66.8462 	1.66553e-05 	7.4281e-06 	1
66.8846 	2.1258e-05 	2.82301e-06 	1
66.9231 	4.86821e-05 	6.31943e-06 	1
66.9615 	7.68113e-06 	7.68113e-06 	0
67.0 	3.372e-05 	4.27791e-06 	1
67.0385 	6.66919e-05 	8.72326e-06 	1
67.0769 	2.34106e-05 	9.71514e-06 	1
67.1154 	3.47353e-05 	4.25605e-06 	1
67.1538 	4.33607e-05 	5.95341e-06 	1
67.1923 	3.24032e-05 	3.99854e-06 	1
67.2308 	3.68497e-05 	5.25037e-06 	1
67.2692 	1.4449e-05 	5.60496e-06 	1
67.3077 	1.60874e-05 	6.54406e-06 	1
67.3462 	1.79204e-05 	7.36018e-06 	1
67.3846 	3.002e-05 	3.2714e-06 	1
67.4231 	2.4103e-05 	3.5862e-06 	1
67.4615 	1.87355e-05 	7.20853e-06 	1
67.5 	1.95232e-05 	8.02924e-06 	1
67.5385 	2.26552e-05 	9.52012e-06 	1
67.5769 	3.77594e-05 	4.61326e-06 	1
67.6154 	2.11332e-05 	9.28265e-06 	1
67.6538 	5.57817e-05 	7.88709e-06 	1
67.6923 	1.46332e-05 	7.94626e-06 	1
67.7308 	1.78737e-05 	7.55683e-06 	1
67.7692 	1.61144e-05 	6.92043e-06 	1
67.8077 	1.8917e-05 	9.04341e-06 	1
67.8462 	1.77516e-05 	9.33529e-06 	1
67.8846 	1.50715e-05 	6.39312e-06 	1
67.9231 	1.39731e-05 	5.91508e-06 	1
67.9615 	1.81757e-05 	8.19066e-06 	1
68.0 	7.40171e-05 	9.89771e-06 	1
68.0385 	3.02967e-05 	3.78061e-06 	1
68.0769 	4.88803e-05 	5.10893e-06 	1
68.1154 	3.09796e-05 	4.14617e-06 	1
68.1538 	3.54025e-05 	4.43704e-06 	1
68.1923 	2.1363e-05 	8.75661e-06 	1
68.2308 	2.17761e-05 	9.9031e-06 	1
68.2692 	1.92438e-05 	8.28382e-06 	1
68.3077 	1.74399e-05 	7.58742e-06 	1
68.3462 	4.54579e-05 	5.85281e-06 	1
68.3846 	1.84479e-05 	7.42298e-06 	1
68.4231 	2.18782e-05 	9.44334e-06 	1
68.4615 	2.8033e-05 	3.58247e-06 	1
68.5 	8.06669e-06 	8.06669e-06 	0
68.5385 	6.37639e-06 	6.37639e-06 	0
68.5769 	1.17297e-05 	4.31232e-06 	1
68.6154 	6.96881e-06 	6.96881e-06 	0
68.6538 	1.83474e-05 	5.59168e-06 	1
68.6923 	1.46173e-05 	4.20892e-06 	1
68.7308 	6.12655e-06 	6.12655e-06 	0
68.7692 	5.14197e-06 	5.14197e-06 	0
68.8077 	1.94494e-05 	8.19358e-06 	1
68.8462 	5.49242e-05 	7.98098e-06 	1
68.8846 	1.3339e-05 	5.19612e-06 	1
68.9231 	1.21813e-05 	5.52193e-06 	1
68.9615 	1.72423e-05 	5.90458e-06 	1
69.0 	1.9838e-05 	7.60292e-06 	1
69.0385 	5.22511e-05 	7.3451e-06 	1
69.0769 	1.2726e-05 	6.92589e-06 	1
69.1154 	1.24863e-05 	6.17912e-06 	1
69.1538 	2.06542e-05 	9.91306e-06 	1
69.1923 	1.7644e-05 	9.19825e-06 	1
69.2308 	1.70303e-05 	7.20839e-06 	1
69.2692 	1.50531e-05 	5.24923e-06 	1
69.3077 	1.60235e-05 	5.93865e-06 	1
69.3462 	1.97417e-05 	7.78574e-06 	1
69.3846 	4.45297e-05 	6.33537e-06 	1
69.4231 	1.17968e-05 	6.33381e-06 	1
69.4615 	1.61384e-05 	8.76461e-06 	1
69.5 	1.99892e-05 	2.78257e-06 	1
69.5385 	1.75671e-05 	7.88596e-06 	1
69.5769 	1.34983e-05 	5.2093e-06 	1
69.6154 	8.85914e-06 	8.85914e-06 	0
69.6538 	2.3963e-05 	9.62142e-06 	1
69.6923 	3.15856e-05 	4.5794e-06 	1
69.7308 	1.58941e-05 	7.4537e-06 	1
69.7692 	1.19304e-05 	5.59756e-06 	1
69.8077 	1.22562e-05 	6.23313e-06 	1
69.8462 	1.84052e-05 	8.36812e-06 	1
69.8846 	6.93633e-05 	9.33536e-06 	1
69.9231 	4.23304e-05 	5.14667e-06 	1
69.9615 	2.24551e-05 	8.92107e-06 	1
70.0 	1.64116e-05 	6.98756e-06 	1
