# time 	Initial 	Final 	Iterations
1.2e-06 	2.53297e-05 	5.27236e-13 	1
2.64e-06 	1.6573e-05 	4.17579e-13 	1
4.368e-06 	1.44197e-05 	4.34422e-13 	1
6.4416e-06 	1.40769e-05 	5.10291e-13 	1
8.92992e-06 	1.46195e-05 	6.38038e-13 	1
1.19159e-05 	1.57741e-05 	8.28096e-13 	1
1.54991e-05 	1.74607e-05 	1.10158e-12 	1
1.97989e-05 	1.96799e-05 	1.491e-12 	1
2.49587e-05 	2.2477e-05 	2.04395e-12 	1
3.11504e-05 	2.59291e-05 	2.82882e-12 	1
3.85805e-05 	3.01417e-05 	3.94371e-12 	1
4.74965e-05 	3.52489e-05 	5.52926e-12 	1
5.81958e-05 	4.14166e-05 	7.78687e-12 	1
7.1035e-05 	4.8847e-05 	1.10051e-11 	1
8.6442e-05 	5.77838e-05 	1.55978e-11 	1
0.00010493 	6.85211e-05 	2.21548e-11 	1
0.000127116 	8.14114e-05 	3.1521e-11 	1
0.00015374 	9.68779e-05 	4.49038e-11 	1
0.000185688 	0.000115427 	6.4026e-11 	1
0.000224025 	0.000137662 	9.13423e-11 	1
0.00027003 	0.000164307 	1.30335e-10 	1
0.000325236 	0.000196221 	1.85998e-10 	1
0.000391483 	0.000234427 	2.65365e-10 	1
0.00047098 	0.000280141 	3.7836e-10 	1
0.000566376 	0.000334811 	5.38992e-10 	1
0.00068085 	0.000400123 	7.66852e-10 	1
0.000818221 	0.000478111 	1.08944e-09 	1
0.000983063 	0.000571096 	1.54463e-09 	1
0.00118087 	0.000681839 	2.18477e-09 	1
0.00141824 	0.000813561 	3.08134e-09 	1
0.0017031 	0.000969928 	4.33099e-09 	1
0.00204491 	0.001155 	6.06696e-09 	1
0.00245508 	0.00137364 	8.4901e-09 	1
0.0029473 	0.0016311 	2.96909e-14 	2
0.00353797 	0.00193287 	5.27678e-14 	2
0.00424679 	0.00228507 	9.46123e-14 	2
0.00509742 	0.00269376 	1.73645e-13 	2
0.00611825 	0.00316445 	3.61126e-13 	2
0.00734314 	0.00320436 	6.65912e-13 	2
0.00881286 	0.00258265 	4.57589e-12 	2
0.0105765 	0.00256656 	2.20409e-11 	2
0.0126925 	0.00317879 	7.41604e-11 	2
0.0152319 	0.00502766 	1.24947e-10 	2
0.0182788 	0.00750256 	6.52595e-10 	2
0.0219337 	0.00753085 	2.97918e-09 	2
0.0263197 	0.00721854 	6.73556e-12 	3
0.0315829 	0.00711467 	5.73e-11 	3
0.037896 	0.0059268 	2.71829e-10 	3
0.0454717 	0.0056939 	9.89147e-10 	3
0.0545626 	0.00594177 	3.03234e-09 	3
0.0654797 	0.00583914 	8.21434e-09 	3
0.0785686 	0.00526922 	2.99306e-10 	4
0.094292 	0.0055095 	1.33726e-09 	4
0.11316 	0.00433224 	5.25309e-09 	4
0.135784 	0.00382576 	7.1364e-10 	5
0.162077 	0.0234116 	1.33176e-09 	6
0.192127 	0.0314297 	3.98162e-09 	6
0.225985 	0.0162167 	8.06241e-09 	6
0.263576 	0.0143426 	1.79908e-09 	7
0.300292 	0.00967086 	1.2163e-09 	7
0.336724 	0.00763461 	1.68083e-09 	7
0.372873 	0.00604662 	1.73408e-09 	7
0.408742 	0.00545781 	1.74274e-09 	7
0.444894 	0.00489931 	2.46011e-09 	7
0.481046 	0.00471142 	3.33169e-09 	7
0.517489 	0.00455172 	5.15631e-09 	7
0.554231 	0.00459737 	7.70336e-09 	7
0.591279 	0.00464388 	1.89288e-09 	8
0.628641 	0.00475365 	2.36863e-09 	8
0.666325 	0.00484198 	2.79166e-09 	8
0.704009 	0.00490889 	2.97124e-09 	8
0.742027 	0.00487906 	4.01219e-09 	8
0.780044 	0.00490965 	4.47748e-09 	8
0.818408 	0.00502479 	6.25179e-09 	8
0.856771 	0.00495795 	7.3904e-09 	8
0.895134 	0.00471931 	8.51913e-09 	8
0.933497 	0.00479332 	9.35757e-09 	8
0.971861 	0.00471615 	9.79215e-09 	8
1.01022 	0.00464785 	9.55904e-09 	8
1.04859 	0.00451583 	8.79482e-09 	8
1.08695 	0.00435559 	8.19995e-09 	8
1.12531 	0.00426067 	6.89995e-09 	8
1.16368 	0.00428621 	5.68591e-09 	8
1.20204 	0.00420821 	5.05011e-09 	8
1.2404 	0.00407751 	4.30849e-09 	8
1.27877 	0.00391565 	4.13406e-09 	8
1.31713 	0.00376179 	3.88166e-09 	8
1.35549 	0.00368684 	3.99128e-09 	8
1.39386 	0.00358676 	4.0879e-09 	8
1.43222 	0.00344178 	4.19475e-09 	8
1.47058 	0.00344815 	4.154e-09 	8
1.50895 	0.00340998 	4.3521e-09 	8
1.54731 	0.00327884 	4.17283e-09 	8
1.58567 	0.00312783 	4.10469e-09 	8
1.62404 	0.00300645 	4.01937e-09 	8
1.6624 	0.0029323 	3.92995e-09 	8
1.70076 	0.00284123 	3.78735e-09 	8
1.73913 	0.0028233 	3.66176e-09 	8
1.77749 	0.0028169 	3.49022e-09 	8
1.81585 	0.00278558 	3.39414e-09 	8
1.85421 	0.00269051 	3.29926e-09 	8
1.89258 	0.0026445 	3.1688e-09 	8
1.93094 	0.00256242 	3.31113e-09 	8
1.9693 	0.00251166 	3.2865e-09 	8
2.00767 	0.00242782 	3.38584e-09 	8
2.04603 	0.00236094 	3.54055e-09 	8
2.08439 	0.00232524 	3.80766e-09 	8
2.12276 	0.00230271 	4.20998e-09 	8
2.16112 	0.0022536 	4.71607e-09 	8
2.19948 	0.00221647 	5.38016e-09 	8
2.23785 	0.00218931 	6.21388e-09 	8
2.27621 	0.00216042 	7.19399e-09 	8
2.31457 	0.00213131 	8.32732e-09 	8
2.35294 	0.00209797 	9.7187e-09 	8
2.3913 	0.00206824 	2.9309e-09 	9
2.42966 	0.0020474 	3.44877e-09 	9
2.46803 	0.00201758 	4.06107e-09 	9
2.50639 	0.0020053 	4.75259e-09 	9
2.54475 	0.00197846 	5.53317e-09 	9
2.58312 	0.00196664 	6.39479e-09 	9
2.62148 	0.00195051 	7.345e-09 	9
2.65984 	0.00196021 	8.38454e-09 	9
2.69821 	0.00194545 	9.48929e-09 	9
2.73657 	0.0019446 	2.82807e-09 	10
2.77493 	0.00193946 	3.16474e-09 	10
2.8133 	0.00193527 	3.50959e-09 	10
2.85166 	0.00192117 	3.86906e-09 	10
2.89002 	0.00190442 	4.22901e-09 	10
2.92839 	0.00190033 	4.58905e-09 	10
2.96675 	0.00188511 	4.92559e-09 	10
3.00511 	0.00188317 	5.27961e-09 	10
3.04348 	0.00188306 	5.59291e-09 	10
3.08184 	0.00187899 	5.90118e-09 	10
3.1202 	0.00186954 	6.19192e-09 	10
3.15856 	0.00185811 	6.46254e-09 	10
3.19693 	0.00185206 	6.67653e-09 	10
3.23529 	0.00184888 	6.90071e-09 	10
3.27365 	0.00183067 	7.00116e-09 	10
3.31202 	0.00182848 	7.07131e-09 	10
3.35038 	0.00182332 	7.14482e-09 	10
3.38874 	0.00183055 	7.13739e-09 	10
3.42711 	0.00183717 	7.15483e-09 	10
3.46547 	0.00184645 	7.22966e-09 	10
3.50383 	0.00185806 	7.30132e-09 	10
3.5422 	0.00186821 	7.34e-09 	10
3.58056 	0.00187111 	7.34749e-09 	10
3.61892 	0.00187805 	7.33715e-09 	10
3.65729 	0.00188139 	7.35642e-09 	10
3.69565 	0.00187799 	7.35594e-09 	10
3.73401 	0.00186769 	7.40297e-09 	10
3.77238 	0.00185264 	7.51742e-09 	10
3.81074 	0.0018286 	7.58322e-09 	10
3.8491 	0.0018227 	7.67075e-09 	10
3.88747 	0.00181975 	7.75099e-09 	10
3.92583 	0.0018084 	7.83474e-09 	10
3.96419 	0.00180135 	7.9873e-09 	10
4.00256 	0.00178932 	8.26073e-09 	10
4.04092 	0.00177909 	8.57805e-09 	10
4.07928 	0.00176461 	8.92968e-09 	10
4.11765 	0.00175807 	9.25532e-09 	10
4.15601 	0.00174579 	9.51649e-09 	10
4.19437 	0.00173513 	9.74942e-09 	10
4.23274 	0.0017273 	3.00282e-09 	11
4.2711 	0.00170049 	3.13955e-09 	11
4.30946 	0.00167568 	3.21667e-09 	11
4.34783 	0.00165557 	3.29753e-09 	11
4.38619 	0.00163569 	3.36424e-09 	11
4.42455 	0.00162105 	3.39357e-09 	11
4.46291 	0.0015909 	3.42094e-09 	11
4.50128 	0.00157719 	3.37906e-09 	11
4.53964 	0.00155167 	3.36551e-09 	11
4.578 	0.00153035 	3.30528e-09 	11
4.61637 	0.00150413 	3.21318e-09 	11
4.65473 	0.00147362 	3.10584e-09 	11
4.69309 	0.00145372 	3.03729e-09 	11
4.73146 	0.00142841 	9.5985e-09 	10
4.76982 	0.00140492 	9.19829e-09 	10
4.80818 	0.00138249 	8.67525e-09 	10
4.84655 	0.00135823 	8.12335e-09 	10
4.88491 	0.00133328 	7.5887e-09 	10
4.92327 	0.00130953 	7.02961e-09 	10
4.96164 	0.00128893 	6.39141e-09 	10
5.0 	0.00127027 	5.92503e-09 	10
5.03846 	0.00126165 	5.70786e-09 	10
5.07692 	0.00124713 	5.48633e-09 	10
5.11538 	0.00123084 	5.23203e-09 	10
5.15385 	0.00122288 	5.16706e-09 	10
5.19231 	0.00120839 	5.088e-09 	10
5.23077 	0.00119863 	4.98396e-09 	10
5.26923 	0.0011905 	5.17766e-09 	10
5.30769 	0.0011784 	5.39767e-09 	10
5.34615 	0.00115853 	5.5375e-09 	10
5.38462 	0.00113913 	5.89435e-09 	10
5.42308 	0.00113086 	6.10657e-09 	10
5.46154 	0.00111463 	6.34286e-09 	10
5.5 	0.00110103 	6.64591e-09 	10
5.53846 	0.00109105 	6.83688e-09 	10
5.57692 	0.00106928 	7.06513e-09 	10
5.61538 	0.00104623 	7.08634e-09 	10
5.65385 	0.00102566 	7.22085e-09 	10
5.69231 	0.00100032 	7.46444e-09 	10
5.73077 	0.000985686 	7.54746e-09 	10
5.76923 	0.000965602 	7.59819e-09 	10
5.80769 	0.00094135 	7.60993e-09 	10
5.84615 	0.000923522 	7.61728e-09 	10
5.88462 	0.000908375 	7.53212e-09 	10
5.92308 	0.000886408 	7.46836e-09 	10
5.96154 	0.000863242 	7.40352e-09 	10
6.0 	0.000844383 	7.31764e-09 	10
6.03846 	0.000826135 	7.21882e-09 	10
6.07692 	0.000808589 	7.11044e-09 	10
6.11538 	0.000790168 	7.06003e-09 	10
6.15385 	0.000769142 	6.97249e-09 	10
6.19231 	0.000753827 	6.79766e-09 	10
6.23077 	0.000737235 	6.63723e-09 	10
6.26923 	0.000723925 	6.52284e-09 	10
6.30769 	0.000708202 	6.34028e-09 	10
6.34615 	0.000695508 	6.21211e-09 	10
6.38462 	0.000681226 	6.07818e-09 	10
6.42308 	0.000670691 	5.96088e-09 	10
6.46154 	0.000656483 	5.82256e-09 	10
6.5 	0.000641669 	5.65341e-09 	10
6.53846 	0.000627465 	5.4617e-09 	10
6.57692 	0.000616308 	5.25349e-09 	10
6.61538 	0.000606973 	5.08583e-09 	10
6.65385 	0.000598012 	4.90155e-09 	10
6.69231 	0.000585478 	4.75909e-09 	10
6.73077 	0.000575337 	4.619e-09 	10
6.76923 	0.000564633 	4.46094e-09 	10
6.80769 	0.000556936 	4.32698e-09 	10
6.84615 	0.000549725 	4.21465e-09 	10
6.88462 	0.000541762 	4.1388e-09 	10
6.92308 	0.000531646 	4.04365e-09 	10
6.96154 	0.000522725 	3.95946e-09 	10
7.0 	0.000516248 	3.86246e-09 	10
7.03846 	0.000510583 	3.74993e-09 	10
7.07692 	0.000503052 	3.66898e-09 	10
7.11538 	0.000497459 	3.60281e-09 	10
7.15385 	0.000489808 	3.55748e-09 	10
7.19231 	0.000483574 	3.53269e-09 	10
7.23077 	0.000477624 	3.53899e-09 	10
7.26923 	0.000471154 	3.48097e-09 	10
7.30769 	0.000465233 	3.52489e-09 	10
7.34615 	0.00046073 	3.50244e-09 	10
7.38462 	0.000458715 	3.46743e-09 	10
7.42308 	0.000455373 	3.45762e-09 	10
7.46154 	0.000449902 	3.45122e-09 	10
7.5 	0.000447103 	3.48124e-09 	10
7.53846 	0.000444649 	3.47566e-09 	10
7.57692 	0.000440611 	3.48755e-09 	10
7.61538 	0.000437451 	3.47459e-09 	10
7.65385 	0.000431238 	3.47952e-09 	10
7.69231 	0.00042594 	3.49139e-09 	10
7.73077 	0.00042211 	3.52133e-09 	10
7.76923 	0.000419114 	3.55802e-09 	10
7.80769 	0.000415087 	3.59801e-09 	10
7.84615 	0.000410997 	3.65678e-09 	10
7.88462 	0.000408302 	3.71607e-09 	10
7.92308 	0.000406083 	3.77648e-09 	10
7.96154 	0.000402893 	3.85128e-09 	10
8.0 	0.000400389 	3.93175e-09 	10
8.03846 	0.000396057 	4.03736e-09 	10
8.07692 	0.000393654 	4.1178e-09 	10
8.11538 	0.000391267 	4.17089e-09 	10
8.15385 	0.000388672 	4.22316e-09 	10
8.19231 	0.000385468 	4.28551e-09 	10
8.23077 	0.000381066 	4.35458e-09 	10
8.26923 	0.000377523 	4.41453e-09 	10
8.30769 	0.000375368 	4.47203e-09 	10
8.34615 	0.000373044 	4.53932e-09 	10
8.38462 	0.000369653 	4.60471e-09 	10
8.42308 	0.000366909 	4.66741e-09 	10
8.46154 	0.000365127 	4.69974e-09 	10
8.5 	0.000361939 	4.75915e-09 	10
8.53846 	0.000359392 	4.78086e-09 	10
8.57692 	0.000357758 	4.81782e-09 	10
8.61538 	0.000354395 	4.84088e-09 	10
8.65385 	0.000352425 	4.85314e-09 	10
8.69231 	0.00034965 	4.88589e-09 	10
8.73077 	0.000347627 	4.91114e-09 	10
8.76923 	0.000344297 	4.92153e-09 	10
8.80769 	0.000339313 	4.95009e-09 	10
8.84615 	0.00033921 	4.97346e-09 	10
8.88462 	0.000334754 	4.99023e-09 	10
8.92308 	0.000330588 	5.01117e-09 	10
8.96154 	0.000331123 	5.02135e-09 	10
9.0 	0.000325411 	5.03557e-09 	10
9.03846 	0.000322342 	5.04333e-09 	10
9.07692 	0.000322118 	5.03865e-09 	10
9.11538 	0.00031827 	5.0404e-09 	10
9.15385 	0.000315709 	5.04037e-09 	10
9.19231 	0.000315459 	5.03846e-09 	10
9.23077 	0.000311005 	5.03703e-09 	10
9.26923 	0.000307945 	5.02261e-09 	10
9.30769 	0.000307276 	5.00539e-09 	10
9.34615 	0.00030145 	4.98423e-09 	10
9.38462 	0.000299178 	4.96384e-09 	10
9.42308 	0.000298531 	4.94035e-09 	10
9.46154 	0.000294155 	4.905e-09 	10
9.5 	0.00029131 	4.87641e-09 	10
9.53846 	0.000289816 	4.84509e-09 	10
9.57692 	0.00028601 	4.81155e-09 	10
9.61538 	0.000282998 	4.763e-09 	10
9.65385 	0.000281142 	4.68331e-09 	10
9.69231 	0.000278144 	4.63275e-09 	10
9.73077 	0.00027195 	4.57195e-09 	10
9.76923 	0.000270181 	4.50779e-09 	10
9.80769 	0.000265064 	4.43754e-09 	10
9.84615 	0.000260419 	4.37997e-09 	10
9.88462 	0.000258962 	4.31188e-09 	10
9.92308 	0.000255823 	4.23348e-09 	10
9.96154 	0.000251796 	4.1476e-09 	10
10.0 	0.000248565 	4.0605e-09 	10
10.0385 	0.00024769 	3.97922e-09 	10
10.0769 	0.000243676 	3.89256e-09 	10
10.1154 	0.000239887 	3.80753e-09 	10
10.1538 	0.000238343 	3.73589e-09 	10
10.1923 	0.000235488 	3.66039e-09 	10
10.2308 	0.000230302 	3.58608e-09 	10
10.2692 	0.000228283 	3.50652e-09 	10
10.3077 	0.000225325 	3.42736e-09 	10
10.3462 	0.000222707 	3.35612e-09 	10
10.3846 	0.000219927 	9.82068e-09 	9
10.4231 	0.0002178 	9.60187e-09 	9
10.4615 	0.000215186 	9.39749e-09 	9
10.5 	0.00021154 	9.2013e-09 	9
10.5385 	0.000208833 	9.00644e-09 	9
10.5769 	0.00020621 	8.83665e-09 	9
10.6154 	0.000201742 	8.6403e-09 	9
10.6538 	0.000198939 	8.47595e-09 	9
10.6923 	0.000197967 	8.30639e-09 	9
10.7308 	0.000195615 	8.14034e-09 	9
10.7692 	0.000192969 	7.9732e-09 	9
10.8077 	0.000191927 	7.78886e-09 	9
10.8462 	0.000190776 	7.60809e-09 	9
10.8846 	0.000187098 	7.43322e-09 	9
10.9231 	0.000184046 	7.25233e-09 	9
10.9615 	0.000183535 	7.08892e-09 	9
11.0 	0.000181106 	6.92347e-09 	9
11.0385 	0.000179117 	6.75413e-09 	9
11.0769 	0.000177693 	6.57426e-09 	9
11.1154 	0.000176504 	6.41447e-09 	9
11.1538 	0.000175326 	6.26083e-09 	9
11.1923 	0.000173733 	6.09318e-09 	9
11.2308 	0.000170745 	5.9261e-09 	9
11.2692 	0.00016913 	5.78706e-09 	9
11.3077 	0.000166894 	5.64669e-09 	9
11.3462 	0.00016525 	5.50345e-09 	9
11.3846 	0.000162745 	5.38622e-09 	9
11.4231 	0.000160446 	5.28279e-09 	9
11.4615 	0.000159526 	5.17177e-09 	9
11.5 	0.000158178 	5.08484e-09 	9
11.5385 	0.000156667 	4.96821e-09 	9
11.5769 	0.000154678 	4.84807e-09 	9
11.6154 	0.000152575 	4.7411e-09 	9
11.6538 	0.000151424 	4.61677e-09 	9
11.6923 	0.000150162 	4.52566e-09 	9
11.7308 	0.000148165 	4.41625e-09 	9
11.7692 	0.000146128 	4.31787e-09 	9
11.8077 	0.000448048 	4.9265e-09 	10
11.8462 	0.000440978 	4.81797e-09 	10
11.8846 	0.000436428 	4.72866e-09 	10
11.9231 	0.000431083 	4.62821e-09 	10
11.9615 	0.000425301 	4.52433e-09 	10
12.0 	0.000418868 	4.42688e-09 	10
12.0385 	0.000413881 	4.33318e-09 	10
12.0769 	0.000408825 	4.24092e-09 	10
12.1154 	0.000404118 	4.14968e-09 	10
12.1538 	0.000399442 	4.06243e-09 	10
12.1923 	0.00039501 	3.98081e-09 	10
12.2308 	0.000390775 	3.89877e-09 	10
12.2692 	0.000386334 	3.83002e-09 	10
12.3077 	0.000383271 	3.77324e-09 	10
12.3462 	0.000378965 	3.72167e-09 	10
12.3846 	0.000374931 	3.67171e-09 	10
12.4231 	0.000371105 	3.63054e-09 	10
12.4615 	0.000368137 	3.58846e-09 	10
12.5 	0.00036495 	3.55346e-09 	10
12.5385 	0.000361933 	3.51784e-09 	10
12.5769 	0.000358844 	9.99897e-09 	9
12.6154 	0.000355788 	9.87893e-09 	9
12.6538 	0.000352337 	9.80149e-09 	9
12.6923 	0.000349622 	9.68357e-09 	9
12.7308 	0.000346488 	9.59194e-09 	9
12.7692 	0.000343109 	9.47804e-09 	9
12.8077 	0.000340782 	9.35182e-09 	9
12.8462 	0.000338044 	9.22413e-09 	9
12.8846 	0.000335584 	9.08838e-09 	9
12.9231 	0.000332856 	8.95626e-09 	9
12.9615 	0.000330929 	8.83982e-09 	9
13.0 	0.000329734 	8.73625e-09 	9
13.0385 	0.000327771 	8.63451e-09 	9
13.0769 	0.000325761 	8.5445e-09 	9
13.1154 	0.00032404 	8.45361e-09 	9
13.1538 	0.000322198 	8.3904e-09 	9
13.1923 	0.00032127 	8.33176e-09 	9
13.2308 	0.000319024 	8.25655e-09 	9
13.2692 	0.000317087 	8.20215e-09 	9
13.3077 	0.000316041 	8.16458e-09 	9
13.3462 	0.000314438 	8.10847e-09 	9
13.3846 	0.000313382 	8.07757e-09 	9
13.4231 	0.000312107 	8.04928e-09 	9
13.4615 	0.000310419 	8.02259e-09 	9
13.5 	0.000310217 	8.019e-09 	9
13.5385 	0.000310778 	8.02302e-09 	9
13.5769 	0.000309911 	8.0293e-09 	9
13.6154 	0.000309228 	8.04626e-09 	9
13.6538 	0.000307926 	8.04926e-09 	9
13.6923 	0.000307247 	8.05417e-09 	9
13.7308 	0.000307102 	8.07185e-09 	9
13.7692 	0.00030699 	8.10102e-09 	9
13.8077 	0.0003068 	8.14192e-09 	9
13.8462 	0.000307062 	8.15642e-09 	9
13.8846 	0.000308053 	8.23096e-09 	9
13.9231 	0.000307495 	8.27475e-09 	9
13.9615 	0.000306821 	8.3372e-09 	9
14.0 	0.000306596 	8.39162e-09 	9
14.0385 	0.000306288 	8.44466e-09 	9
14.0769 	0.000306193 	8.50126e-09 	9
14.1154 	0.000305761 	8.55546e-09 	9
14.1538 	0.000305522 	8.62545e-09 	9
14.1923 	0.000306304 	8.67468e-09 	9
14.2308 	0.000306954 	8.7453e-09 	9
14.2692 	0.000308277 	8.7975e-09 	9
14.3077 	0.000308489 	8.86057e-09 	9
14.3462 	0.000308512 	8.92568e-09 	9
14.3846 	0.000308683 	8.98299e-09 	9
14.4231 	0.000308194 	9.04518e-09 	9
14.4615 	0.000307971 	9.09309e-09 	9
14.5 	0.000307561 	9.14718e-09 	9
14.5385 	0.000307283 	9.18546e-09 	9
14.5769 	0.000307994 	9.24665e-09 	9
14.6154 	0.000309372 	9.29824e-09 	9
14.6538 	0.000310118 	9.35402e-09 	9
14.6923 	0.000310505 	9.40929e-09 	9
14.7308 	0.000311522 	9.47982e-09 	9
14.7692 	0.000312385 	9.54627e-09 	9
14.8077 	0.000313862 	9.61037e-09 	9
14.8462 	0.000313415 	9.66809e-09 	9
14.8846 	0.000313142 	9.72761e-09 	9
14.9231 	0.000313517 	9.78504e-09 	9
14.9615 	0.000314426 	9.85616e-09 	9
15.0 	0.000314809 	9.92455e-09 	9
15.0385 	0.000316311 	9.98755e-09 	9
15.0769 	0.000316838 	3.42856e-09 	10
15.1154 	0.000317588 	3.44523e-09 	10
15.1538 	0.000319247 	3.46299e-09 	10
15.1923 	0.000320944 	3.48095e-09 	10
15.2308 	0.00032138 	3.49988e-09 	10
15.2692 	0.000321012 	3.5138e-09 	10
15.3077 	0.000321963 	3.53315e-09 	10
15.3462 	0.000323442 	3.55454e-09 	10
15.3846 	0.000324224 	3.57331e-09 	10
15.4231 	0.000326109 	3.59037e-09 	10
15.4615 	0.00032739 	3.60822e-09 	10
15.5 	0.000328242 	3.62411e-09 	10
15.5385 	0.000329836 	3.64532e-09 	10
15.5769 	0.000331682 	3.66352e-09 	10
15.6154 	0.000332434 	3.69343e-09 	10
15.6538 	0.000333549 	3.71894e-09 	10
15.6923 	0.000335027 	3.74135e-09 	10
15.7308 	0.000335589 	3.76984e-09 	10
15.7692 	0.000337356 	3.7924e-09 	10
15.8077 	0.000339124 	3.8149e-09 	10
15.8462 	0.000340349 	3.84573e-09 	10
15.8846 	0.000341639 	3.8777e-09 	10
15.9231 	0.000342826 	3.90497e-09 	10
15.9615 	0.000344261 	3.93179e-09 	10
16.0 	0.000107359 	8.73864e-09 	8
16.0385 	0.000105382 	8.68011e-09 	8
16.0769 	0.000104047 	8.68531e-09 	8
16.1154 	0.000103534 	8.71082e-09 	8
16.1538 	0.000103517 	8.74459e-09 	8
16.1923 	0.000103578 	8.78714e-09 	8
16.2308 	0.000104235 	8.81905e-09 	8
16.2692 	0.000104183 	8.84545e-09 	8
16.3077 	0.000105132 	8.88484e-09 	8
16.3462 	0.000105064 	8.91423e-09 	8
16.3846 	0.000104701 	8.92918e-09 	8
16.4231 	0.000104645 	8.93896e-09 	8
16.4615 	0.000104265 	8.94825e-09 	8
16.5 	0.000104337 	8.95903e-09 	8
16.5385 	0.000104625 	8.96709e-09 	8
16.5769 	0.000104502 	8.97794e-09 	8
16.6154 	0.00010379 	8.96854e-09 	8
16.6538 	0.000104173 	8.95492e-09 	8
16.6923 	0.000104444 	8.94838e-09 	8
16.7308 	0.000104865 	8.95204e-09 	8
16.7692 	0.000105542 	8.94002e-09 	8
16.8077 	0.000104917 	8.95061e-09 	8
16.8462 	0.000105135 	8.94581e-09 	8
16.8846 	0.000104214 	8.93998e-09 	8
16.9231 	0.000103786 	8.93788e-09 	8
16.9615 	0.000104097 	8.92073e-09 	8
17.0 	0.000104378 	8.92454e-09 	8
17.0385 	0.000103369 	8.91999e-09 	8
17.0769 	0.000103117 	8.91031e-09 	8
17.1154 	0.000102736 	8.90081e-09 	8
17.1538 	0.000102975 	8.88611e-09 	8
17.1923 	0.000102851 	8.88339e-09 	8
17.2308 	0.00010281 	8.86195e-09 	8
17.2692 	0.000102673 	8.8581e-09 	8
17.3077 	0.000102697 	8.8534e-09 	8
17.3462 	0.00010324 	8.84585e-09 	8
17.3846 	0.000103832 	8.84928e-09 	8
17.4231 	0.000103123 	8.84203e-09 	8
17.4615 	0.000101889 	8.83716e-09 	8
17.5 	0.000101131 	8.82947e-09 	8
17.5385 	0.000100995 	8.82731e-09 	8
17.5769 	0.000101483 	8.83338e-09 	8
17.6154 	0.000102079 	8.83374e-09 	8
17.6538 	0.000102794 	8.83421e-09 	8
17.6923 	0.000103112 	8.84081e-09 	8
17.7308 	0.000102876 	8.84426e-09 	8
17.7692 	0.00010282 	8.84344e-09 	8
17.8077 	0.000102635 	8.84341e-09 	8
17.8462 	0.000102091 	8.85434e-09 	8
17.8846 	0.000101932 	8.84602e-09 	8
17.9231 	0.000101199 	8.84674e-09 	8
17.9615 	0.000100726 	8.83743e-09 	8
18.0 	0.000100479 	8.82229e-09 	8
18.0385 	0.000100315 	8.81932e-09 	8
18.0769 	0.000100615 	8.81142e-09 	8
18.1154 	0.000101003 	8.803e-09 	8
18.1538 	0.000101837 	8.77908e-09 	8
18.1923 	0.00010194 	8.77707e-09 	8
18.2308 	0.000102459 	8.76536e-09 	8
18.2692 	0.000103055 	8.75515e-09 	8
18.3077 	0.000103469 	8.75004e-09 	8
18.3462 	0.000102076 	8.74132e-09 	8
18.3846 	0.000101603 	8.72443e-09 	8
18.4231 	0.000101442 	8.72059e-09 	8
18.4615 	0.000101468 	8.72221e-09 	8
18.5 	0.000101568 	8.70995e-09 	8
18.5385 	0.000101781 	8.70807e-09 	8
18.5769 	0.000101849 	8.7169e-09 	8
18.6154 	0.000102726 	8.70286e-09 	8
18.6538 	0.000102739 	8.70597e-09 	8
18.6923 	0.000102638 	8.7192e-09 	8
18.7308 	0.000102737 	8.72591e-09 	8
18.7692 	0.000102436 	8.72001e-09 	8
18.8077 	0.000101755 	8.73681e-09 	8
18.8462 	0.000101522 	8.73977e-09 	8
18.8846 	0.000101409 	8.76175e-09 	8
18.9231 	0.000101733 	8.76751e-09 	8
18.9615 	0.000101711 	8.76452e-09 	8
19.0 	0.000102278 	8.75608e-09 	8
19.0385 	0.000102497 	8.74485e-09 	8
19.0769 	0.000102731 	8.74757e-09 	8
19.1154 	0.000102944 	8.73241e-09 	8
19.1538 	0.000102671 	8.72216e-09 	8
19.1923 	0.000102681 	8.71705e-09 	8
19.2308 	0.000101417 	8.70592e-09 	8
19.2692 	0.00010163 	8.70696e-09 	8
19.3077 	0.000101878 	8.68893e-09 	8
19.3462 	0.000101855 	8.67754e-09 	8
19.3846 	0.000101782 	8.66189e-09 	8
19.4231 	0.000101917 	8.65715e-09 	8
19.4615 	0.000102122 	8.64309e-09 	8
19.5 	0.000102315 	8.62001e-09 	8
19.5385 	0.000102833 	8.60925e-09 	8
19.5769 	0.000103362 	8.59955e-09 	8
19.6154 	0.00010322 	8.59085e-09 	8
19.6538 	0.000102282 	8.58772e-09 	8
19.6923 	0.000102562 	8.56265e-09 	8
19.7308 	0.00010304 	8.55722e-09 	8
19.7692 	0.000102818 	8.54191e-09 	8
19.8077 	0.000102287 	8.54022e-09 	8
19.8462 	0.000101728 	8.51256e-09 	8
19.8846 	0.000101399 	8.5094e-09 	8
19.9231 	0.000101598 	8.50056e-09 	8
19.9615 	0.000101885 	8.48575e-09 	8
20.0 	0.000102148 	8.48442e-09 	8
20.0385 	0.000103413 	8.46679e-09 	8
20.0769 	0.000104347 	8.45331e-09 	8
20.1154 	0.000103063 	8.4299e-09 	8
20.1538 	0.000102815 	8.41758e-09 	8
20.1923 	0.000102697 	8.40073e-09 	8
20.2308 	0.00010264 	8.39633e-09 	8
20.2692 	0.000103053 	8.39238e-09 	8
20.3077 	0.000103555 	8.37075e-09 	8
20.3462 	0.000103033 	8.35622e-09 	8
20.3846 	0.000103204 	8.34919e-09 	8
20.4231 	0.000103844 	8.36172e-09 	8
20.4615 	0.000103471 	8.34406e-09 	8
20.5 	0.000103437 	8.34516e-09 	8
20.5385 	0.000102595 	8.33237e-09 	8
20.5769 	0.000102867 	8.32921e-09 	8
20.6154 	0.000103108 	8.32754e-09 	8
20.6538 	0.000103264 	8.332e-09 	8
20.6923 	0.000103154 	8.32836e-09 	8
20.7308 	0.000102846 	8.33283e-09 	8
20.7692 	0.000104169 	8.32301e-09 	8
20.8077 	0.000104246 	8.32167e-09 	8
20.8462 	0.000104093 	8.32474e-09 	8
20.8846 	0.000103973 	8.33408e-09 	8
20.9231 	0.000103744 	8.33528e-09 	8
20.9615 	0.000103573 	8.34843e-09 	8
21.0 	0.000102408 	8.35362e-09 	8
21.0385 	0.000102163 	8.35756e-09 	8
21.0769 	0.000102381 	8.36214e-09 	8
21.1154 	0.000104026 	8.37847e-09 	8
21.1538 	0.000104179 	8.39535e-09 	8
21.1923 	0.000103999 	8.40788e-09 	8
21.2308 	0.000104122 	8.41058e-09 	8
21.2692 	0.000104285 	8.44365e-09 	8
21.3077 	0.000104253 	8.45465e-09 	8
21.3462 	0.000104306 	8.46286e-09 	8
21.3846 	0.000104551 	8.47232e-09 	8
21.4231 	0.00010354 	8.48016e-09 	8
21.4615 	0.000104035 	8.49995e-09 	8
21.5 	0.000104134 	8.51873e-09 	8
21.5385 	0.000103953 	8.52153e-09 	8
21.5769 	0.000103909 	8.52689e-09 	8
21.6154 	0.000104211 	8.53451e-09 	8
21.6538 	0.000104361 	8.55411e-09 	8
21.6923 	0.000104612 	8.55476e-09 	8
21.7308 	0.000104612 	8.56811e-09 	8
21.7692 	0.000105165 	8.56949e-09 	8
21.8077 	0.000105835 	8.5795e-09 	8
21.8462 	0.000106227 	8.58981e-09 	8
21.8846 	0.000104769 	8.61048e-09 	8
21.9231 	0.000104457 	8.61227e-09 	8
21.9615 	0.00010396 	8.62163e-09 	8
22.0 	0.000104154 	8.62765e-09 	8
22.0385 	0.000104139 	8.63571e-09 	8
22.0769 	0.000104261 	8.6334e-09 	8
22.1154 	0.000104618 	8.63805e-09 	8
22.1538 	0.000105119 	8.64619e-09 	8
22.1923 	0.000105708 	8.64846e-09 	8
22.2308 	0.000105527 	8.66174e-09 	8
22.2692 	0.000105914 	8.64737e-09 	8
22.3077 	0.000105967 	8.65074e-09 	8
22.3462 	0.000104599 	8.66874e-09 	8
22.3846 	0.000104782 	8.67535e-09 	8
22.4231 	0.000104815 	8.68768e-09 	8
22.4615 	0.000105368 	8.68988e-09 	8
22.5 	0.000105286 	8.69671e-09 	8
22.5385 	0.000105234 	8.70312e-09 	8
22.5769 	0.000105387 	8.72311e-09 	8
22.6154 	0.000105716 	8.74675e-09 	8
22.6538 	0.000105809 	8.76999e-09 	8
22.6923 	0.000106028 	8.79891e-09 	8
22.7308 	0.000106098 	8.82069e-09 	8
22.7692 	0.00010659 	8.83071e-09 	8
22.8077 	0.000105079 	8.86257e-09 	8
22.8462 	0.00010516 	8.88864e-09 	8
22.8846 	0.000105712 	8.92065e-09 	8
22.9231 	0.000105811 	8.95544e-09 	8
22.9615 	0.000105949 	8.98453e-09 	8
23.0 	0.00010585 	9.0175e-09 	8
23.0385 	0.000106201 	9.05811e-09 	8
23.0769 	0.00010677 	9.09631e-09 	8
23.1154 	0.000106713 	9.13788e-09 	8
23.1538 	0.000107168 	9.16504e-09 	8
23.1923 	0.00010759 	9.20624e-09 	8
23.2308 	0.00010658 	9.24407e-09 	8
23.2692 	0.000106382 	9.27082e-09 	8
23.3077 	0.000106213 	9.29294e-09 	8
23.3462 	0.000105985 	9.3252e-09 	8
23.3846 	0.00010672 	9.346e-09 	8
23.4231 	0.000106723 	9.35871e-09 	8
23.4615 	0.000106403 	9.37767e-09 	8
23.5 	0.000106435 	9.38798e-09 	8
23.5385 	0.00010776 	9.39941e-09 	8
23.5769 	0.000108058 	9.43851e-09 	8
23.6154 	0.000107647 	9.45819e-09 	8
23.6538 	0.000107719 	9.48099e-09 	8
23.6923 	0.000107413 	9.4792e-09 	8
23.7308 	0.000106748 	9.49343e-09 	8
23.7692 	0.000106963 	9.51244e-09 	8
23.8077 	0.000106774 	9.53852e-09 	8
23.8462 	0.000107243 	9.55375e-09 	8
23.8846 	0.000107372 	9.57103e-09 	8
23.9231 	0.000107077 	9.60059e-09 	8
23.9615 	0.000108015 	9.62419e-09 	8
24.0 	0.000108147 	9.63257e-09 	8
24.0385 	0.000107718 	9.65944e-09 	8
24.0769 	0.000107741 	9.68402e-09 	8
24.1154 	0.00010758 	9.7204e-09 	8
24.1538 	0.00010695 	9.75183e-09 	8
24.1923 	0.000107061 	9.78257e-09 	8
24.2308 	0.000106594 	9.8104e-09 	8
24.2692 	0.000107001 	9.84739e-09 	8
24.3077 	0.000107397 	9.88268e-09 	8
24.3462 	0.000108019 	9.93216e-09 	8
24.3846 	0.000107992 	9.9825e-09 	8
24.4231 	0.000108036 	3.54757e-09 	9
24.4615 	0.000108627 	3.56192e-09 	9
24.5 	0.000108668 	3.5794e-09 	9
24.5385 	0.00010911 	3.59439e-09 	9
24.5769 	0.000108889 	3.61093e-09 	9
24.6154 	0.000107751 	3.62984e-09 	9
24.6538 	0.000107533 	3.64667e-09 	9
24.6923 	0.000108 	3.66388e-09 	9
24.7308 	0.000108269 	3.67818e-09 	9
24.7692 	0.000108003 	3.68963e-09 	9
24.8077 	0.000108356 	3.70323e-09 	9
24.8462 	0.000108092 	3.71853e-09 	9
24.8846 	0.000108483 	3.73104e-09 	9
24.9231 	0.0001085 	3.7482e-09 	9
24.9615 	0.00010853 	3.76063e-09 	9
25.0 	0.000108707 	3.782e-09 	9
25.0385 	0.000108758 	3.7905e-09 	9
25.0769 	0.000109426 	3.80627e-09 	9
25.1154 	0.000109024 	3.82623e-09 	9
25.1538 	0.000108616 	3.84261e-09 	9
25.1923 	0.000108584 	3.85427e-09 	9
25.2308 	0.000108259 	3.87119e-09 	9
25.2692 	0.000108095 	3.88982e-09 	9
25.3077 	0.000108199 	3.90698e-09 	9
25.3462 	0.000108927 	3.92012e-09 	9
25.3846 	0.000109571 	3.9415e-09 	9
25.4231 	0.000109447 	3.96029e-09 	9
25.4615 	0.000109147 	3.97674e-09 	9
25.5 	0.000109371 	3.99115e-09 	9
25.5385 	0.000109375 	4.0072e-09 	9
25.5769 	0.000109053 	4.02725e-09 	9
25.6154 	0.000109404 	4.04648e-09 	9
25.6538 	0.000109505 	4.06274e-09 	9
25.6923 	0.000109595 	4.08187e-09 	9
25.7308 	0.000109754 	4.10127e-09 	9
25.7692 	0.000109409 	4.11747e-09 	9
25.8077 	0.000109669 	4.13807e-09 	9
25.8462 	0.000109888 	4.15213e-09 	9
25.8846 	0.000110575 	4.17417e-09 	9
25.9231 	0.000110522 	4.19629e-09 	9
25.9615 	0.000110655 	4.2185e-09 	9
26.0 	0.000111008 	4.24151e-09 	9
26.0385 	0.000110531 	4.25989e-09 	9
26.0769 	0.000110111 	4.28182e-09 	9
26.1154 	0.000110625 	4.30402e-09 	9
26.1538 	0.0001106 	4.31849e-09 	9
26.1923 	0.000110629 	4.33657e-09 	9
26.2308 	0.000111116 	4.35355e-09 	9
26.2692 	0.000111256 	4.36926e-09 	9
26.3077 	0.000111409 	4.38373e-09 	9
26.3462 	0.000110719 	4.40667e-09 	9
26.3846 	0.000111373 	4.42072e-09 	9
26.4231 	0.000111393 	4.42838e-09 	9
26.4615 	0.000111217 	4.44897e-09 	9
26.5 	0.00011134 	4.46601e-09 	9
26.5385 	0.000111675 	4.47929e-09 	9
26.5769 	0.000111668 	4.48457e-09 	9
26.6154 	0.000111769 	4.49665e-09 	9
26.6538 	0.000111474 	4.49841e-09 	9
26.6923 	0.000111316 	4.50714e-09 	9
26.7308 	0.000111464 	4.52326e-09 	9
26.7692 	0.000112137 	4.53929e-09 	9
26.8077 	0.000112774 	4.54995e-09 	9
26.8462 	0.000112207 	4.55881e-09 	9
26.8846 	0.000111982 	4.56554e-09 	9
26.9231 	0.000112206 	4.57452e-09 	9
26.9615 	0.000112198 	4.58493e-09 	9
27.0 	0.000112217 	4.58692e-09 	9
27.0385 	0.000112826 	4.59507e-09 	9
27.0769 	0.000112255 	4.60308e-09 	9
27.1154 	0.000112195 	4.60756e-09 	9
27.1538 	0.000111775 	4.61072e-09 	9
27.1923 	0.000111686 	4.62016e-09 	9
27.2308 	0.000112097 	4.63285e-09 	9
27.2692 	0.000111718 	4.64223e-09 	9
27.3077 	0.000112528 	4.65388e-09 	9
27.3462 	0.000112656 	4.65722e-09 	9
27.3846 	0.000112415 	4.66413e-09 	9
27.4231 	0.000112642 	4.66785e-09 	9
27.4615 	0.000112009 	4.66442e-09 	9
27.5 	0.000111739 	4.67252e-09 	9
27.5385 	0.000111825 	4.67506e-09 	9
27.5769 	0.000112565 	4.67705e-09 	9
27.6154 	0.000112502 	4.68804e-09 	9
27.6538 	0.000111739 	4.68908e-09 	9
27.6923 	0.000111831 	4.69026e-09 	9
27.7308 	0.000112192 	4.68974e-09 	9
27.7692 	0.000111767 	4.69646e-09 	9
27.8077 	0.000111627 	4.7114e-09 	9
27.8462 	0.000111973 	4.71794e-09 	9
27.8846 	0.000111891 	4.71663e-09 	9
27.9231 	0.000112028 	4.7291e-09 	9
27.9615 	0.000112088 	4.73972e-09 	9
28.0 	0.000112211 	4.74811e-09 	9
28.0385 	0.000112558 	4.75705e-09 	9
28.0769 	0.000113058 	4.75855e-09 	9
28.1154 	0.000112667 	4.76445e-09 	9
28.1538 	0.000112337 	4.76441e-09 	9
28.1923 	0.000111991 	4.76631e-09 	9
28.2308 	0.000111707 	4.76428e-09 	9
28.2692 	0.000111728 	4.76647e-09 	9
28.3077 	0.00011164 	4.7657e-09 	9
28.3462 	0.000111732 	4.76634e-09 	9
28.3846 	0.000112249 	4.76882e-09 	9
28.4231 	0.000112647 	4.76955e-09 	9
28.4615 	0.00011256 	4.77233e-09 	9
28.5 	0.000112416 	4.77388e-09 	9
28.5385 	0.000112683 	4.7798e-09 	9
28.5769 	0.000112326 	4.77663e-09 	9
28.6154 	0.00011196 	4.7727e-09 	9
28.6538 	0.000111544 	4.77234e-09 	9
28.6923 	0.000111277 	4.76718e-09 	9
28.7308 	0.000111817 	4.75621e-09 	9
28.7692 	0.00011291 	4.75326e-09 	9
28.8077 	0.000113285 	4.75302e-09 	9
28.8462 	0.000112672 	4.74568e-09 	9
28.8846 	0.000112291 	4.73725e-09 	9
28.9231 	0.000112436 	4.72876e-09 	9
28.9615 	0.000112325 	4.71964e-09 	9
29.0 	0.000111754 	4.70887e-09 	9
29.0385 	0.000112349 	4.70083e-09 	9
29.0769 	0.000111924 	4.6902e-09 	9
29.1154 	0.000111867 	4.6806e-09 	9
29.1538 	0.000112402 	4.66565e-09 	9
29.1923 	0.000112741 	4.65462e-09 	9
29.2308 	0.000112995 	4.63878e-09 	9
29.2692 	0.000112872 	4.62631e-09 	9
29.3077 	0.000113211 	4.60702e-09 	9
29.3462 	0.000113368 	4.58933e-09 	9
29.3846 	0.000113038 	4.5707e-09 	9
29.4231 	0.000112388 	4.55191e-09 	9
29.4615 	0.000112117 	4.53153e-09 	9
29.5 	0.000113079 	4.51248e-09 	9
29.5385 	0.000112522 	4.49294e-09 	9
29.5769 	0.000112366 	4.47846e-09 	9
29.6154 	0.000112388 	4.45817e-09 	9
29.6538 	0.000113091 	4.43967e-09 	9
29.6923 	0.000112726 	4.41917e-09 	9
29.7308 	0.000112546 	4.3972e-09 	9
29.7692 	0.000112095 	4.377e-09 	9
29.8077 	0.000111685 	4.35646e-09 	9
29.8462 	0.000111988 	4.33437e-09 	9
29.8846 	0.000111867 	4.31262e-09 	9
29.9231 	0.000111707 	4.29103e-09 	9
29.9615 	0.000111432 	4.26912e-09 	9
30.0 	0.000111553 	4.24389e-09 	9
30.0385 	0.000111611 	4.22593e-09 	9
30.0769 	0.000111793 	4.20005e-09 	9
30.1154 	0.000112023 	4.17948e-09 	9
30.1538 	0.000111929 	4.15794e-09 	9
30.1923 	0.000111814 	4.13867e-09 	9
30.2308 	0.00011117 	4.12071e-09 	9
30.2692 	0.000111304 	4.10516e-09 	9
30.3077 	0.000111262 	4.07976e-09 	9
30.3462 	0.000111281 	4.05352e-09 	9
30.3846 	0.00011113 	4.02764e-09 	9
30.4231 	0.000111084 	3.99551e-09 	9
30.4615 	0.000110733 	3.97308e-09 	9
30.5 	0.000110479 	3.94923e-09 	9
30.5385 	0.000111046 	3.91961e-09 	9
30.5769 	0.000111507 	3.89252e-09 	9
30.6154 	0.000111562 	3.86226e-09 	9
30.6538 	0.000111605 	3.83384e-09 	9
30.6923 	0.000111885 	3.81543e-09 	9
30.7308 	0.000111911 	3.78781e-09 	9
30.7692 	0.000112136 	3.75376e-09 	9
30.8077 	0.000112182 	3.72465e-09 	9
30.8462 	0.000111638 	3.69986e-09 	9
30.8846 	0.000111366 	3.67373e-09 	9
30.9231 	0.000111363 	3.6387e-09 	9
30.9615 	0.000111244 	3.60734e-09 	9
31.0 	0.000111135 	3.57913e-09 	9
31.0385 	0.000111043 	3.5467e-09 	9
31.0769 	0.000110899 	3.51216e-09 	9
31.1154 	0.000110831 	3.47864e-09 	9
31.1538 	0.000110805 	3.45066e-09 	9
31.1923 	0.000110942 	3.41405e-09 	9
31.2308 	0.000110195 	3.38548e-09 	9
31.2692 	0.0001099 	3.35125e-09 	9
31.3077 	0.000109705 	9.94194e-09 	8
31.3462 	0.000109804 	9.85933e-09 	8
31.3846 	0.000109817 	9.72463e-09 	8
31.4231 	0.00010996 	9.63792e-09 	8
31.4615 	0.000109259 	9.56653e-09 	8
31.5 	0.000109297 	9.50074e-09 	8
31.5385 	0.00010954 	9.40224e-09 	8
31.5769 	0.000109751 	9.33017e-09 	8
31.6154 	0.000109749 	9.24364e-09 	8
31.6538 	0.000109235 	9.17052e-09 	8
31.6923 	0.000109328 	9.05197e-09 	8
31.7308 	0.000108774 	8.96477e-09 	8
31.7692 	0.000108752 	8.86938e-09 	8
31.8077 	0.00010892 	8.78575e-09 	8
31.8462 	0.000109087 	8.69947e-09 	8
31.8846 	0.000109277 	8.6192e-09 	8
31.9231 	0.000109679 	8.54587e-09 	8
31.9615 	0.000109097 	8.46832e-09 	8
32.0 	0.000108923 	8.38551e-09 	8
32.0385 	0.00010883 	8.32919e-09 	8
32.0769 	0.000108835 	8.26111e-09 	8
32.1154 	0.000108694 	8.19677e-09 	8
32.1538 	0.000108754 	8.13809e-09 	8
32.1923 	0.000108743 	8.0671e-09 	8
32.2308 	0.000108944 	8.00939e-09 	8
32.2692 	0.00010903 	7.95132e-09 	8
32.3077 	0.000108862 	7.88888e-09 	8
32.3462 	0.000108977 	7.83814e-09 	8
32.3846 	0.000108794 	7.75824e-09 	8
32.4231 	0.00010842 	7.7071e-09 	8
32.4615 	0.000108248 	7.65215e-09 	8
32.5 	0.000108148 	7.58074e-09 	8
32.5385 	0.000108061 	7.51951e-09 	8
32.5769 	0.000108057 	7.44417e-09 	8
32.6154 	0.000108245 	7.36533e-09 	8
32.6538 	0.000108534 	7.3057e-09 	8
32.6923 	0.000108343 	7.23877e-09 	8
32.7308 	0.000107895 	7.17543e-09 	8
32.7692 	0.000108087 	7.07572e-09 	8
32.8077 	0.000107725 	7.01789e-09 	8
32.8462 	0.00010758 	6.97388e-09 	8
32.8846 	0.00010757 	6.93796e-09 	8
32.9231 	0.000107627 	6.89903e-09 	8
32.9615 	0.000107976 	6.85566e-09 	8
33.0 	0.000107487 	6.8096e-09 	8
33.0385 	0.000107063 	6.78305e-09 	8
33.0769 	0.000107412 	6.76498e-09 	8
33.1154 	0.000107241 	6.72804e-09 	8
33.1538 	0.000107081 	6.69535e-09 	8
33.1923 	0.000106695 	6.68375e-09 	8
33.2308 	0.000107106 	6.66591e-09 	8
33.2692 	0.000107305 	6.64174e-09 	8
33.3077 	0.000107328 	6.61361e-09 	8
33.3462 	0.00010714 	6.57703e-09 	8
33.3846 	0.000107431 	6.55596e-09 	8
33.4231 	0.000107491 	6.53406e-09 	8
33.4615 	0.000107549 	6.50516e-09 	8
33.5 	0.000107737 	6.50209e-09 	8
33.5385 	0.000106398 	6.47621e-09 	8
33.5769 	0.000106495 	6.44205e-09 	8
33.6154 	0.000106702 	6.41458e-09 	8
33.6538 	0.00010688 	6.39279e-09 	8
33.6923 	0.000107331 	6.35326e-09 	8
33.7308 	0.000107614 	6.31654e-09 	8
33.7692 	0.000107758 	6.30458e-09 	8
33.8077 	0.000107395 	6.28758e-09 	8
33.8462 	0.000107343 	6.27093e-09 	8
33.8846 	0.00010699 	6.24307e-09 	8
33.9231 	0.000107201 	6.21951e-09 	8
33.9615 	0.000107001 	6.21651e-09 	8
34.0 	0.000107349 	6.20925e-09 	8
34.0385 	0.00010755 	6.21837e-09 	8
34.0769 	0.000107592 	6.19121e-09 	8
34.1154 	0.000107801 	6.15967e-09 	8
34.1538 	0.000107853 	6.16499e-09 	8
34.1923 	0.000108203 	6.16603e-09 	8
34.2308 	0.000107743 	6.16771e-09 	8
34.2692 	0.00010782 	6.16556e-09 	8
34.3077 	0.000107799 	6.16075e-09 	8
34.3462 	0.000107878 	6.14947e-09 	8
34.3846 	0.000108053 	6.14771e-09 	8
34.4231 	0.000108436 	6.14224e-09 	8
34.4615 	0.000108472 	6.13751e-09 	8
34.5 	0.000109363 	6.14652e-09 	8
34.5385 	0.00010947 	6.147e-09 	8
34.5769 	0.000109296 	6.15173e-09 	8
34.6154 	0.000109171 	6.14359e-09 	8
34.6538 	0.000109134 	6.12131e-09 	8
34.6923 	0.000109191 	6.13616e-09 	8
34.7308 	0.000109745 	6.15454e-09 	8
34.7692 	0.000110204 	6.15795e-09 	8
34.8077 	0.000110307 	6.1577e-09 	8
34.8462 	0.000110224 	6.16592e-09 	8
34.8846 	0.00011006 	6.16378e-09 	8
34.9231 	0.000110481 	6.19374e-09 	8
34.9615 	0.000109842 	6.19859e-09 	8
35.0 	0.000109749 	6.19805e-09 	8
35.0385 	0.000109828 	6.21162e-09 	8
35.0769 	0.000110051 	6.21739e-09 	8
35.1154 	0.000110258 	6.24786e-09 	8
35.1538 	0.000110668 	6.24569e-09 	8
35.1923 	0.000110554 	6.24915e-09 	8
35.2308 	0.00011074 	6.25369e-09 	8
35.2692 	0.000110686 	6.27699e-09 	8
35.3077 	0.000110796 	6.33441e-09 	8
35.3462 	0.00011136 	6.36456e-09 	8
35.3846 	0.000111743 	6.38072e-09 	8
35.4231 	0.000111922 	6.39301e-09 	8
35.4615 	0.000111986 	6.40756e-09 	8
35.5 	0.000112009 	6.44551e-09 	8
35.5385 	0.000112327 	6.4779e-09 	8
35.5769 	0.000112467 	6.51105e-09 	8
35.6154 	0.000112291 	6.52145e-09 	8
35.6538 	0.000112663 	6.55028e-09 	8
35.6923 	0.000113048 	6.57403e-09 	8
35.7308 	0.000113637 	6.62463e-09 	8
35.7692 	0.000113376 	6.64664e-09 	8
35.8077 	0.000113866 	6.65247e-09 	8
35.8462 	0.000113953 	6.67029e-09 	8
35.8846 	0.000113861 	6.70719e-09 	8
35.9231 	0.000114144 	6.71759e-09 	8
35.9615 	0.000114717 	6.75046e-09 	8
36.0 	0.000115167 	6.76981e-09 	8
36.0385 	0.000115562 	6.79397e-09 	8
36.0769 	0.00011561 	6.81823e-09 	8
36.1154 	0.00011595 	6.83701e-09 	8
36.1538 	0.000116238 	6.87291e-09 	8
36.1923 	0.000116133 	6.88992e-09 	8
36.2308 	0.000116578 	6.94138e-09 	8
36.2692 	0.000116942 	6.98838e-09 	8
36.3077 	0.000116899 	7.0179e-09 	8
36.3462 	0.000117339 	7.06672e-09 	8
36.3846 	0.000117401 	7.12346e-09 	8
36.4231 	0.000117708 	7.18607e-09 	8
36.4615 	0.000117785 	7.24126e-09 	8
36.5 	0.000118479 	7.29119e-09 	8
36.5385 	0.000118665 	7.37841e-09 	8
36.5769 	0.000118785 	7.4637e-09 	8
36.6154 	0.000118795 	7.53507e-09 	8
36.6538 	0.000118683 	7.60744e-09 	8
36.6923 	0.000118644 	7.67235e-09 	8
36.7308 	0.000119437 	7.74704e-09 	8
36.7692 	0.000119621 	7.78935e-09 	8
36.8077 	0.000119454 	7.81533e-09 	8
36.8462 	0.000119612 	7.829e-09 	8
36.8846 	0.000119725 	7.9075e-09 	8
36.9231 	0.000120224 	7.97883e-09 	8
36.9615 	0.00012041 	8.04769e-09 	8
37.0 	0.000120689 	8.09804e-09 	8
37.0385 	0.000120746 	8.15748e-09 	8
37.0769 	0.000120933 	8.24203e-09 	8
37.1154 	0.000121603 	8.33553e-09 	8
37.1538 	0.000122014 	8.40103e-09 	8
37.1923 	0.000122098 	8.46783e-09 	8
37.2308 	0.000122226 	8.54268e-09 	8
37.2692 	0.000122427 	8.62e-09 	8
37.3077 	0.000122574 	8.71337e-09 	8
37.3462 	0.000123124 	8.77828e-09 	8
37.3846 	0.000123564 	8.86179e-09 	8
37.4231 	0.000123867 	8.97123e-09 	8
37.4615 	0.000124318 	9.09776e-09 	8
37.5 	0.000124759 	9.18805e-09 	8
37.5385 	0.0001253 	9.28145e-09 	8
37.5769 	0.000125384 	9.35801e-09 	8
37.6154 	0.000125461 	9.45624e-09 	8
37.6538 	0.000126192 	9.55173e-09 	8
37.6923 	0.000126128 	9.66854e-09 	8
37.7308 	0.000126294 	9.75873e-09 	8
37.7692 	0.000126381 	9.85707e-09 	8
37.8077 	0.000127022 	9.97154e-09 	8
37.8462 	0.000127169 	3.05953e-09 	9
37.8846 	0.000127368 	3.10025e-09 	9
37.9231 	0.00012768 	3.14418e-09 	9
37.9615 	0.000127593 	3.18553e-09 	9
38.0 	0.000128116 	3.23712e-09 	9
38.0385 	0.000127918 	3.26905e-09 	9
38.0769 	0.00012796 	3.32322e-09 	9
38.1154 	0.000128162 	3.37529e-09 	9
38.1538 	0.00012828 	3.40895e-09 	9
38.1923 	0.000128476 	3.45711e-09 	9
38.2308 	0.0001288 	3.49817e-09 	9
38.2692 	0.000129523 	3.5475e-09 	9
38.3077 	0.000129475 	3.60679e-09 	9
38.3462 	0.000129655 	3.67052e-09 	9
38.3846 	0.000129342 	3.73089e-09 	9
38.4231 	0.000129779 	3.78711e-09 	9
38.4615 	0.000130414 	3.82974e-09 	9
38.5 	0.000130925 	3.89946e-09 	9
38.5385 	0.000131239 	3.95088e-09 	9
38.5769 	0.000131384 	4.00324e-09 	9
38.6154 	0.000131838 	4.0545e-09 	9
38.6538 	0.000132275 	4.10781e-09 	9
38.6923 	0.000132414 	4.15985e-09 	9
38.7308 	0.000132193 	4.2027e-09 	9
38.7692 	0.000132154 	4.25359e-09 	9
38.8077 	0.000132455 	4.29721e-09 	9
38.8462 	0.000132918 	4.37098e-09 	9
38.8846 	0.000133173 	4.43704e-09 	9
38.9231 	0.000133055 	4.49242e-09 	9
38.9615 	0.000133721 	4.55697e-09 	9
39.0 	0.000134244 	4.6107e-09 	9
39.0385 	0.00013428 	4.6584e-09 	9
39.0769 	0.000134647 	4.70738e-09 	9
39.1154 	0.00013483 	4.76493e-09 	9
39.1538 	0.00013495 	4.82714e-09 	9
39.1923 	0.000134929 	4.87081e-09 	9
39.2308 	0.000135203 	4.91245e-09 	9
39.2692 	0.00013546 	4.98231e-09 	9
39.3077 	0.000135623 	5.06153e-09 	9
39.3462 	0.000135765 	5.11389e-09 	9
39.3846 	0.000136071 	5.16464e-09 	9
39.4231 	0.000136657 	5.19608e-09 	9
39.4615 	0.000136862 	5.23942e-09 	9
39.5 	0.000137106 	5.27532e-09 	9
39.5385 	0.000136959 	5.32613e-09 	9
39.5769 	0.000137514 	5.38774e-09 	9
39.6154 	0.000138122 	5.45808e-09 	9
39.6538 	0.000138288 	5.51276e-09 	9
39.6923 	0.000138135 	5.55551e-09 	9
39.7308 	0.000138163 	5.58901e-09 	9
39.7692 	0.000138421 	5.62958e-09 	9
39.8077 	0.000138895 	5.69681e-09 	9
39.8462 	0.000138939 	5.73644e-09 	9
39.8846 	0.00013896 	5.77215e-09 	9
39.9231 	0.000138974 	5.80204e-09 	9
39.9615 	0.000139062 	5.83517e-09 	9
40.0 	0.000139535 	5.85605e-09 	9
40.0385 	0.000139923 	5.89648e-09 	9
40.0769 	0.000139798 	5.92762e-09 	9
40.1154 	0.000139506 	5.96613e-09 	9
40.1538 	0.000139744 	5.99839e-09 	9
40.1923 	0.000139814 	6.04533e-09 	9
40.2308 	0.000140117 	6.08319e-09 	9
40.2692 	0.00014046 	6.12131e-09 	9
40.3077 	0.000140768 	6.16035e-09 	9
40.3462 	0.000140662 	6.17906e-09 	9
40.3846 	0.000141117 	6.20533e-09 	9
40.4231 	0.00014103 	6.23421e-09 	9
40.4615 	0.000140045 	6.26716e-09 	9
40.5 	0.000140366 	6.29614e-09 	9
40.5385 	0.000140238 	6.3363e-09 	9
40.5769 	0.000140376 	6.39864e-09 	9
40.6154 	0.000140526 	6.45906e-09 	9
40.6538 	0.000140611 	6.51226e-09 	9
40.6923 	0.000140881 	6.56999e-09 	9
40.7308 	0.000140933 	6.59124e-09 	9
40.7692 	0.000141053 	6.58885e-09 	9
40.8077 	0.000140939 	6.65597e-09 	9
40.8462 	0.000141146 	6.68322e-09 	9
40.8846 	0.000141226 	6.73283e-09 	9
40.9231 	0.000141235 	6.78377e-09 	9
40.9615 	0.000141986 	6.8385e-09 	9
41.0 	0.000142277 	6.87975e-09 	9
41.0385 	0.000142271 	6.92207e-09 	9
41.0769 	0.000142911 	6.95718e-09 	9
41.1154 	0.000142892 	7.0026e-09 	9
41.1538 	0.0001434 	7.02875e-09 	9
41.1923 	0.000143562 	7.08698e-09 	9
41.2308 	0.000143328 	7.13426e-09 	9
41.2692 	0.000143923 	7.19219e-09 	9
41.3077 	0.000144138 	7.23469e-09 	9
41.3462 	0.000144558 	7.30577e-09 	9
41.3846 	0.000144566 	7.38179e-09 	9
41.4231 	0.000144756 	7.37766e-09 	9
41.4615 	0.000144872 	7.41877e-09 	9
41.5 	0.000144939 	7.47939e-09 	9
41.5385 	0.000145231 	7.55419e-09 	9
41.5769 	0.000145444 	7.62106e-09 	9
41.6154 	0.000145463 	7.69331e-09 	9
41.6538 	0.000145315 	7.74631e-09 	9
41.6923 	0.00014525 	7.81641e-09 	9
41.7308 	0.000145247 	7.88361e-09 	9
41.7692 	0.000145343 	7.94716e-09 	9
41.8077 	0.000145534 	8.02825e-09 	9
41.8462 	0.000145426 	8.10621e-09 	9
41.8846 	0.000145879 	8.20474e-09 	9
41.9231 	0.000145942 	8.26199e-09 	9
41.9615 	0.000145913 	8.31064e-09 	9
42.0 	0.000145931 	8.35891e-09 	9
42.0385 	0.000145977 	8.40917e-09 	9
42.0769 	0.000145738 	8.47109e-09 	9
42.1154 	0.000145918 	8.53513e-09 	9
42.1538 	0.000146569 	8.59806e-09 	9
42.1923 	0.000146891 	8.71473e-09 	9
42.2308 	0.000147049 	8.75383e-09 	9
42.2692 	0.000146955 	8.80811e-09 	9
42.3077 	0.000147155 	8.86306e-09 	9
42.3462 	0.000147428 	8.88974e-09 	9
42.3846 	0.000147687 	8.93184e-09 	9
42.4231 	0.000147874 	8.97249e-09 	9
42.4615 	0.000147944 	9.03305e-09 	9
42.5 	0.000148481 	9.1026e-09 	9
42.5385 	0.000149109 	9.17677e-09 	9
42.5769 	0.000149102 	9.21387e-09 	9
42.6154 	0.000149194 	9.25041e-09 	9
42.6538 	0.000149884 	9.30052e-09 	9
42.6923 	0.000150135 	9.34593e-09 	9
42.7308 	0.00015039 	9.43867e-09 	9
42.7692 	0.000150288 	9.43759e-09 	9
42.8077 	0.000150387 	9.47698e-09 	9
42.8462 	0.000150732 	9.51572e-09 	9
42.8846 	0.000150859 	9.59818e-09 	9
42.9231 	0.00015106 	9.62973e-09 	9
42.9615 	0.000150865 	9.67865e-09 	9
43.0 	0.000151067 	9.7373e-09 	9
43.0385 	0.00015168 	9.7927e-09 	9
43.0769 	0.00015182 	9.84522e-09 	9
43.1154 	0.000151982 	9.86685e-09 	9
43.1538 	0.000152201 	9.90961e-09 	9
43.1923 	0.000152358 	9.94472e-09 	9
43.2308 	0.000152583 	3.17133e-09 	10
43.2692 	0.00015314 	3.18028e-09 	10
43.3077 	0.000153548 	3.19043e-09 	10
43.3462 	0.000153779 	3.19189e-09 	10
43.3846 	0.000154628 	3.20555e-09 	10
43.4231 	0.000154956 	3.21813e-09 	10
43.4615 	0.00015465 	3.23267e-09 	10
43.5 	0.00015523 	3.24387e-09 	10
43.5385 	0.00015627 	3.26936e-09 	10
43.5769 	0.000156019 	3.27665e-09 	10
43.6154 	0.000156484 	3.29128e-09 	10
43.6538 	0.000157239 	3.31008e-09 	10
43.6923 	0.000157975 	3.30104e-09 	10
43.7308 	0.000157513 	3.31367e-09 	10
43.7692 	0.000157853 	3.32427e-09 	10
43.8077 	0.000158656 	3.33177e-09 	10
43.8462 	0.00015859 	3.33531e-09 	10
43.8846 	0.000158952 	3.34785e-09 	10
43.9231 	0.000158982 	3.35551e-09 	10
43.9615 	0.000159157 	3.35611e-09 	10
44.0 	0.000158926 	3.3652e-09 	10
44.0385 	0.000159551 	3.38694e-09 	10
44.0769 	0.000159237 	3.38425e-09 	10
44.1154 	0.000159847 	3.38852e-09 	10
44.1538 	0.000160168 	3.38567e-09 	10
44.1923 	0.000159985 	3.39246e-09 	10
44.2308 	0.00016014 	3.3998e-09 	10
44.2692 	0.000161064 	3.39479e-09 	10
44.3077 	0.000160743 	3.38819e-09 	10
44.3462 	0.000161069 	3.40654e-09 	10
44.3846 	0.00016232 	3.42679e-09 	10
44.4231 	0.000161916 	3.42476e-09 	10
44.4615 	0.000162209 	3.43609e-09 	10
44.5 	0.000162658 	3.43378e-09 	10
44.5385 	0.000163318 	3.4223e-09 	10
44.5769 	0.000162552 	3.4198e-09 	10
44.6154 	0.000162693 	3.40302e-09 	10
44.6538 	0.000163814 	3.42774e-09 	10
44.6923 	0.000163852 	3.41434e-09 	10
44.7308 	0.000163151 	3.41748e-09 	10
44.7692 	0.000163416 	3.43605e-09 	10
44.8077 	0.000164364 	3.43902e-09 	10
44.8462 	0.000164899 	3.43678e-09 	10
44.8846 	0.000165648 	3.42576e-09 	10
44.9231 	0.000165321 	3.41621e-09 	10
44.9615 	0.000166327 	3.4307e-09 	10
45.0 	0.0001637 	3.41462e-09 	10
45.0385 	0.000163919 	3.41232e-09 	10
45.0769 	0.00016405 	3.40182e-09 	10
45.1154 	0.00016401 	3.37707e-09 	10
45.1538 	0.000164407 	3.35257e-09 	10
45.1923 	0.000164902 	3.33926e-09 	10
45.2308 	0.000164419 	3.32681e-09 	10
45.2692 	0.000164719 	3.2975e-09 	10
45.3077 	0.000163436 	3.26438e-09 	10
45.3462 	0.000163353 	3.26393e-09 	10
45.3846 	0.000163598 	9.88188e-09 	9
45.4231 	0.000163927 	9.71114e-09 	9
45.4615 	0.000163677 	9.66111e-09 	9
45.5 	0.000163497 	9.57635e-09 	9
45.5385 	0.000162675 	9.46212e-09 	9
45.5769 	0.000162797 	9.37936e-09 	9
45.6154 	0.000162707 	9.26739e-09 	9
45.6538 	0.000162727 	9.17981e-09 	9
45.6923 	0.000161942 	9.07224e-09 	9
45.7308 	0.000160649 	8.99657e-09 	9
45.7692 	0.000159551 	8.89027e-09 	9
45.8077 	0.000159939 	8.75465e-09 	9
45.8462 	0.000159821 	8.65612e-09 	9
45.8846 	0.000159538 	8.56849e-09 	9
45.9231 	0.00015956 	8.45339e-09 	9
45.9615 	0.000159863 	8.36427e-09 	9
46.0 	0.000159153 	8.26331e-09 	9
46.0385 	0.000157795 	8.14377e-09 	9
46.0769 	0.000158148 	8.05329e-09 	9
46.1154 	0.000158449 	7.90876e-09 	9
46.1538 	0.00015734 	7.75989e-09 	9
46.1923 	0.000157605 	7.61378e-09 	9
46.2308 	0.000157463 	7.49044e-09 	9
46.2692 	0.00015738 	7.32124e-09 	9
46.3077 	0.000156313 	7.18336e-09 	9
46.3462 	0.00015604 	7.03937e-09 	9
46.3846 	0.00015609 	6.88823e-09 	9
46.4231 	0.000155388 	6.72571e-09 	9
46.4615 	0.000154667 	6.53553e-09 	9
46.5 	0.000153742 	6.39699e-09 	9
46.5385 	0.000154005 	6.28272e-09 	9
46.5769 	0.000153661 	6.16191e-09 	9
46.6154 	0.000152296 	6.04788e-09 	9
46.6538 	0.000151294 	5.96386e-09 	9
46.6923 	0.000151105 	5.85992e-09 	9
46.7308 	0.000150172 	5.78542e-09 	9
46.7692 	0.000149833 	5.67028e-09 	9
46.8077 	0.000149013 	5.58693e-09 	9
46.8462 	0.000148468 	5.52559e-09 	9
46.8846 	0.000147738 	5.45346e-09 	9
46.9231 	0.000146974 	5.35879e-09 	9
46.9615 	0.000146361 	5.26911e-09 	9
47.0 	0.000145645 	5.18633e-09 	9
47.0385 	0.000145148 	5.0886e-09 	9
47.0769 	0.000144778 	4.9966e-09 	9
47.1154 	0.000143944 	4.90966e-09 	9
47.1538 	0.00014299 	4.83926e-09 	9
47.1923 	0.000141734 	4.76744e-09 	9
47.2308 	0.000141204 	4.68046e-09 	9
47.2692 	0.000140567 	4.60633e-09 	9
47.3077 	0.000139675 	4.5456e-09 	9
47.3462 	0.000138594 	4.47654e-09 	9
47.3846 	0.000138011 	4.36057e-09 	9
47.4231 	0.00013732 	4.28966e-09 	9
47.4615 	0.000136768 	4.21435e-09 	9
47.5 	0.000136023 	4.14649e-09 	9
47.5385 	0.000135274 	4.09283e-09 	9
47.5769 	0.000134297 	4.03181e-09 	9
47.6154 	0.000133035 	3.96329e-09 	9
47.6538 	0.000133064 	3.89773e-09 	9
47.6923 	0.000132554 	3.83192e-09 	9
47.7308 	0.000131934 	3.7872e-09 	9
47.7692 	0.000131011 	3.72406e-09 	9
47.8077 	0.000129998 	3.65888e-09 	9
47.8462 	0.000129744 	3.60089e-09 	9
47.8846 	0.000129207 	3.53866e-09 	9
47.9231 	0.000128763 	3.47685e-09 	9
47.9615 	0.000128003 	3.42255e-09 	9
48.0 	0.000127193 	9.86096e-09 	8
48.0385 	0.000126529 	9.62863e-09 	8
48.0769 	0.000125725 	9.4507e-09 	8
48.1154 	0.000125519 	9.25149e-09 	8
48.1538 	0.000124797 	9.08658e-09 	8
48.1923 	0.000124162 	8.93095e-09 	8
48.2308 	0.000123132 	8.74037e-09 	8
48.2692 	0.000122312 	8.55778e-09 	8
48.3077 	0.000121963 	8.36065e-09 	8
48.3462 	0.000121661 	8.20781e-09 	8
48.3846 	0.00012169 	8.06535e-09 	8
48.4231 	0.000120682 	7.87859e-09 	8
48.4615 	0.000119941 	7.7313e-09 	8
48.5 	0.000119356 	7.52957e-09 	8
48.5385 	0.000118816 	7.3844e-09 	8
48.5769 	0.000118198 	7.24956e-09 	8
48.6154 	0.000118005 	7.13193e-09 	8
48.6538 	0.000117238 	6.98379e-09 	8
48.6923 	0.000116581 	6.82014e-09 	8
48.7308 	0.000115559 	6.69527e-09 	8
48.7692 	0.000115283 	6.56583e-09 	8
48.8077 	0.000115041 	6.44476e-09 	8
48.8462 	0.000114642 	6.31526e-09 	8
48.8846 	0.000114258 	6.17603e-09 	8
48.9231 	0.000113293 	6.05213e-09 	8
48.9615 	0.000112497 	5.92161e-09 	8
49.0 	0.000112177 	5.76296e-09 	8
49.0385 	0.000111544 	5.69372e-09 	8
49.0769 	0.000110689 	5.58433e-09 	8
49.1154 	0.000110117 	5.47932e-09 	8
49.1538 	0.000109631 	5.36626e-09 	8
49.1923 	0.000109246 	5.2488e-09 	8
49.2308 	0.000108722 	5.15766e-09 	8
49.2692 	0.000107974 	5.10342e-09 	8
49.3077 	0.000106944 	4.99775e-09 	8
49.3462 	0.000106583 	4.90797e-09 	8
49.3846 	0.000105947 	4.83343e-09 	8
49.4231 	0.000105392 	4.74968e-09 	8
49.4615 	0.000105082 	4.71668e-09 	8
49.5 	0.000104275 	4.64438e-09 	8
49.5385 	0.000104055 	4.57855e-09 	8
49.5769 	0.000103563 	4.5179e-09 	8
49.6154 	0.000102629 	4.43342e-09 	8
49.6538 	0.000102273 	4.39285e-09 	8
49.6923 	0.000101868 	4.31369e-09 	8
49.7308 	0.000101413 	4.25255e-09 	8
49.7692 	0.000101033 	4.20505e-09 	8
49.8077 	0.00010026 	4.13442e-09 	8
49.8462 	9.94864e-05 	4.08787e-09 	8
49.8846 	9.90285e-05 	4.04037e-09 	8
49.9231 	9.86538e-05 	4.00812e-09 	8
49.9615 	9.83583e-05 	3.96807e-09 	8
50.0 	9.76402e-05 	3.91489e-09 	8
50.0385 	9.69452e-05 	3.86414e-09 	8
50.0769 	9.65027e-05 	3.85331e-09 	8
50.1154 	9.61466e-05 	3.82509e-09 	8
50.1538 	9.54771e-05 	3.79288e-09 	8
50.1923 	9.48444e-05 	3.77598e-09 	8
50.2308 	9.43986e-05 	3.72084e-09 	8
50.2692 	9.40166e-05 	3.68745e-09 	8
50.3077 	9.33984e-05 	3.65054e-09 	8
50.3462 	9.31633e-05 	3.67947e-09 	8
50.3846 	9.25045e-05 	3.6477e-09 	8
50.4231 	9.17319e-05 	9.86784e-09 	7
50.4615 	9.10248e-05 	9.72233e-09 	7
50.5 	9.04128e-05 	9.64528e-09 	7
50.5385 	9.00442e-05 	9.56414e-09 	7
50.5769 	8.94815e-05 	9.5311e-09 	7
50.6154 	8.87144e-05 	9.42811e-09 	7
50.6538 	8.80037e-05 	9.29808e-09 	7
50.6923 	8.75886e-05 	9.2386e-09 	7
50.7308 	8.66526e-05 	9.13267e-09 	7
50.7692 	8.60551e-05 	9.03041e-09 	7
50.8077 	8.56334e-05 	9.0359e-09 	7
50.8462 	8.47684e-05 	8.9171e-09 	7
50.8846 	8.38023e-05 	8.82174e-09 	7
50.9231 	8.30765e-05 	8.77095e-09 	7
50.9615 	8.25474e-05 	8.68336e-09 	7
51.0 	8.20151e-05 	8.62526e-09 	7
51.0385 	8.15875e-05 	8.62809e-09 	7
51.0769 	8.07875e-05 	8.5e-09 	7
51.1154 	7.99671e-05 	8.40375e-09 	7
51.1538 	7.94936e-05 	8.34623e-09 	7
51.1923 	7.86752e-05 	8.24538e-09 	7
51.2308 	7.79342e-05 	8.18926e-09 	7
51.2692 	7.71987e-05 	8.14482e-09 	7
51.3077 	7.69619e-05 	8.00015e-09 	7
51.3462 	7.63933e-05 	7.95136e-09 	7
51.3846 	7.55277e-05 	7.83564e-09 	7
51.4231 	7.49672e-05 	7.76014e-09 	7
51.4615 	7.41126e-05 	7.65823e-09 	7
51.5 	7.34175e-05 	7.58648e-09 	7
51.5385 	7.29718e-05 	7.53948e-09 	7
51.5769 	7.24048e-05 	7.4306e-09 	7
51.6154 	7.17204e-05 	7.31868e-09 	7
51.6538 	7.09329e-05 	7.19027e-09 	7
51.6923 	6.99345e-05 	7.03604e-09 	7
51.7308 	6.93318e-05 	6.97149e-09 	7
51.7692 	6.8441e-05 	6.91103e-09 	7
51.8077 	6.7643e-05 	6.8107e-09 	7
51.8462 	6.67379e-05 	6.72694e-09 	7
51.8846 	6.60238e-05 	6.55116e-09 	7
51.9231 	6.53135e-05 	6.43684e-09 	7
51.9615 	6.46053e-05 	6.31289e-09 	7
52.0 	6.38807e-05 	6.25064e-09 	7
52.0385 	6.30417e-05 	6.14946e-09 	7
52.0769 	6.21767e-05 	6.0383e-09 	7
52.1154 	6.13882e-05 	5.85914e-09 	7
52.1538 	6.09703e-05 	5.76642e-09 	7
52.1923 	6.0198e-05 	5.67029e-09 	7
52.2308 	5.93854e-05 	5.60657e-09 	7
52.2692 	5.85877e-05 	5.51302e-09 	7
52.3077 	5.77694e-05 	5.41066e-09 	7
52.3462 	5.71371e-05 	5.28415e-09 	7
52.3846 	5.65007e-05 	5.19936e-09 	7
52.4231 	5.56924e-05 	5.09217e-09 	7
52.4615 	5.48416e-05 	5.01051e-09 	7
52.5 	5.41604e-05 	4.94935e-09 	7
52.5385 	5.35061e-05 	4.88333e-09 	7
52.5769 	5.27763e-05 	4.81797e-09 	7
52.6154 	5.20322e-05 	4.73906e-09 	7
52.6538 	5.13859e-05 	4.64903e-09 	7
52.6923 	5.06095e-05 	4.57438e-09 	7
52.7308 	4.97648e-05 	4.49585e-09 	7
52.7692 	4.90565e-05 	4.4269e-09 	7
52.8077 	4.82626e-05 	4.34812e-09 	7
52.8462 	4.75093e-05 	4.27881e-09 	7
52.8846 	4.68387e-05 	4.19309e-09 	7
52.9231 	4.60661e-05 	4.13041e-09 	7
52.9615 	4.5349e-05 	4.05843e-09 	7
53.0 	4.45619e-05 	3.98352e-09 	7
53.0385 	4.38844e-05 	9.93417e-09 	6
53.0769 	4.31342e-05 	9.76622e-09 	6
53.1154 	4.24787e-05 	9.61481e-09 	6
53.1538 	4.17681e-05 	9.43527e-09 	6
53.1923 	4.11273e-05 	9.22961e-09 	6
53.2308 	4.04482e-05 	9.03695e-09 	6
53.2692 	3.97376e-05 	8.87892e-09 	6
53.3077 	3.90307e-05 	8.72333e-09 	6
53.3462 	3.8347e-05 	8.57935e-09 	6
53.3846 	3.76615e-05 	8.4247e-09 	6
53.4231 	3.7015e-05 	8.27857e-09 	6
53.4615 	3.6321e-05 	8.0976e-09 	6
53.5 	3.57764e-05 	7.91853e-09 	6
53.5385 	3.51502e-05 	7.74446e-09 	6
53.5769 	3.44771e-05 	7.58366e-09 	6
53.6154 	3.38443e-05 	7.43106e-09 	6
53.6538 	3.3184e-05 	7.27569e-09 	6
53.6923 	0.00028738 	6.34488e-09 	6
53.7308 	0.000282387 	6.15182e-09 	6
53.7692 	0.000278757 	5.96967e-09 	6
53.8077 	0.000275415 	5.79187e-09 	6
53.8462 	0.000272205 	5.61821e-09 	6
53.8846 	0.000268936 	5.452e-09 	6
53.9231 	0.000265756 	5.28675e-09 	6
53.9615 	0.000262633 	5.11987e-09 	6
54.0 	0.000259454 	4.96076e-09 	6
54.0385 	0.000256338 	4.81249e-09 	6
54.0769 	0.000253222 	4.66619e-09 	6
54.1154 	0.000250127 	4.53996e-09 	6
54.1538 	0.000247053 	4.40957e-09 	6
54.1923 	0.000244006 	4.2886e-09 	6
54.2308 	0.000240974 	4.17263e-09 	6
54.2692 	0.000237988 	4.06206e-09 	6
54.3077 	0.000234985 	3.94713e-09 	6
54.3462 	0.000232074 	3.83093e-09 	6
54.3846 	0.000229174 	3.72719e-09 	6
54.4231 	0.000226357 	3.62108e-09 	6
54.4615 	0.000223558 	3.50539e-09 	6
54.5 	0.000220747 	3.41863e-09 	6
54.5385 	0.000217969 	3.33786e-09 	6
54.5769 	0.000215252 	3.23647e-09 	6
54.6154 	0.000212596 	3.16293e-09 	6
54.6538 	0.000209979 	9.83291e-09 	5
54.6923 	0.000207206 	9.57003e-09 	5
54.7308 	0.000204537 	9.324e-09 	5
54.7692 	0.000201948 	9.12463e-09 	5
54.8077 	0.000199419 	8.91759e-09 	5
54.8462 	0.000196917 	8.70377e-09 	5
54.8846 	0.000194415 	8.51551e-09 	5
54.9231 	0.000191938 	8.33263e-09 	5
54.9615 	0.000189512 	8.14504e-09 	5
55.0 	0.00018732 	7.96916e-09 	5
55.0385 	0.000185071 	7.80264e-09 	5
55.0769 	0.000182676 	7.64328e-09 	5
55.1154 	0.000180431 	7.48122e-09 	5
55.1538 	0.000178212 	7.33675e-09 	5
55.1923 	0.00017591 	7.19477e-09 	5
55.2308 	0.000173627 	7.0493e-09 	5
55.2692 	0.000171276 	6.9229e-09 	5
55.3077 	0.000169051 	6.77955e-09 	5
55.3462 	0.000166992 	6.6768e-09 	5
55.3846 	0.000164888 	6.57214e-09 	5
55.4231 	0.000163068 	6.46465e-09 	5
55.4615 	0.000161366 	6.29816e-09 	5
55.5 	0.000159491 	6.07212e-09 	5
55.5385 	0.000157526 	5.91623e-09 	5
55.5769 	0.00015538 	5.7964e-09 	5
55.6154 	0.000153427 	5.69814e-09 	5
55.6538 	0.000151478 	5.61383e-09 	5
55.6923 	0.000149432 	5.52928e-09 	5
55.7308 	0.000147561 	5.45056e-09 	5
55.7692 	0.000145689 	5.37254e-09 	5
55.8077 	0.000143859 	5.28894e-09 	5
55.8462 	0.000142093 	5.21569e-09 	5
55.8846 	0.00014034 	5.14087e-09 	5
55.9231 	0.000138643 	5.07045e-09 	5
55.9615 	0.000136929 	4.99855e-09 	5
56.0 	0.000135253 	4.92964e-09 	5
56.0385 	0.000133633 	4.8609e-09 	5
56.0769 	0.000132008 	4.80174e-09 	5
56.1154 	0.000130421 	4.74284e-09 	5
56.1538 	0.000128867 	4.68392e-09 	5
56.1923 	0.000127333 	4.6292e-09 	5
56.2308 	0.000125865 	4.57735e-09 	5
56.2692 	0.000124411 	4.51898e-09 	5
56.3077 	0.000122985 	4.46825e-09 	5
56.3462 	0.000121593 	4.39994e-09 	5
56.3846 	0.000120237 	4.33996e-09 	5
56.4231 	0.000118927 	4.28555e-09 	5
56.4615 	0.000117612 	4.22731e-09 	5
56.5 	0.00011635 	4.18298e-09 	5
56.5385 	0.000115105 	4.13397e-09 	5
56.5769 	0.000113887 	4.07468e-09 	5
56.6154 	0.000112722 	4.02997e-09 	5
56.6538 	0.000111548 	3.98681e-09 	5
56.6923 	0.000110435 	3.93507e-09 	5
56.7308 	0.000109325 	3.89943e-09 	5
56.7692 	0.000108254 	3.85559e-09 	5
56.8077 	0.000107232 	3.81085e-09 	5
56.8462 	0.00010622 	3.76727e-09 	5
56.8846 	0.00010523 	3.71918e-09 	5
56.9231 	0.000104281 	3.67806e-09 	5
56.9615 	0.000103334 	3.63317e-09 	5
57.0 	0.000102441 	3.59405e-09 	5
57.0385 	0.00010156 	3.55296e-09 	5
57.0769 	0.000100711 	3.51009e-09 	5
57.1154 	9.98872e-05 	3.46837e-09 	5
57.1538 	9.91171e-05 	3.42745e-09 	5
57.1923 	9.83398e-05 	3.38405e-09 	5
57.2308 	9.75871e-05 	3.34168e-09 	5
57.2692 	9.68525e-05 	3.29795e-09 	5
57.3077 	9.61422e-05 	3.25525e-09 	5
57.3462 	9.54516e-05 	9.89875e-09 	4
57.3846 	9.48053e-05 	9.77439e-09 	4
57.4231 	9.41667e-05 	9.62104e-09 	4
57.4615 	9.35604e-05 	9.48093e-09 	4
57.5 	9.29767e-05 	9.34922e-09 	4
57.5385 	9.24282e-05 	9.22542e-09 	4
57.5769 	9.188e-05 	9.08898e-09 	4
57.6154 	9.13696e-05 	8.96004e-09 	4
57.6538 	9.0892e-05 	8.82618e-09 	4
57.6923 	9.04352e-05 	8.68885e-09 	4
57.7308 	9.02379e-05 	8.55651e-09 	4
57.7692 	8.99775e-05 	8.43152e-09 	4
57.8077 	8.96e-05 	8.30015e-09 	4
57.8462 	8.92162e-05 	8.17981e-09 	4
57.8846 	8.88034e-05 	8.04429e-09 	4
57.9231 	8.83487e-05 	7.8956e-09 	4
57.9615 	8.80401e-05 	7.80395e-09 	4
58.0 	8.7655e-05 	7.67925e-09 	4
58.0385 	8.74201e-05 	7.56405e-09 	4
58.0769 	8.75208e-05 	7.44307e-09 	4
58.1154 	8.73288e-05 	7.32071e-09 	4
58.1538 	8.68774e-05 	7.20367e-09 	4
58.1923 	8.64076e-05 	7.09037e-09 	4
58.2308 	8.59044e-05 	6.98758e-09 	4
58.2692 	8.54568e-05 	6.86837e-09 	4
58.3077 	8.4935e-05 	6.75156e-09 	4
58.3462 	8.44306e-05 	6.6401e-09 	4
58.3846 	8.39133e-05 	6.54206e-09 	4
58.4231 	8.32439e-05 	6.43937e-09 	4
58.4615 	8.2689e-05 	6.33473e-09 	4
58.5 	8.2238e-05 	6.22914e-09 	4
58.5385 	8.18157e-05 	6.12288e-09 	4
58.5769 	8.142e-05 	6.01907e-09 	4
58.6154 	8.1062e-05 	5.90887e-09 	4
58.6538 	8.07595e-05 	5.80141e-09 	4
58.6923 	8.01831e-05 	5.69525e-09 	4
58.7308 	7.98099e-05 	5.59492e-09 	4
58.7692 	7.99192e-05 	5.49416e-09 	4
58.8077 	7.97915e-05 	5.39584e-09 	4
58.8462 	7.9664e-05 	5.29634e-09 	4
58.8846 	7.95403e-05 	5.1976e-09 	4
58.9231 	7.95192e-05 	5.0913e-09 	4
58.9615 	7.9486e-05 	4.99109e-09 	4
59.0 	7.94231e-05 	4.89398e-09 	4
59.0385 	7.98687e-05 	4.79153e-09 	4
59.0769 	8.05548e-05 	4.69753e-09 	4
59.1154 	8.08062e-05 	4.60996e-09 	4
59.1538 	8.09839e-05 	4.51749e-09 	4
59.1923 	8.11213e-05 	4.42846e-09 	4
59.2308 	8.11945e-05 	4.3419e-09 	4
59.2692 	8.12121e-05 	4.25373e-09 	4
59.3077 	8.07974e-05 	4.16951e-09 	4
59.3462 	8.16637e-05 	4.07674e-09 	4
59.3846 	8.19601e-05 	3.9976e-09 	4
59.4231 	8.2198e-05 	3.9196e-09 	4
59.4615 	8.19388e-05 	3.83613e-09 	4
59.5 	8.18617e-05 	3.75811e-09 	4
59.5385 	8.17707e-05 	3.68053e-09 	4
59.5769 	8.15598e-05 	3.60196e-09 	4
59.6154 	8.15218e-05 	3.53221e-09 	4
59.6538 	8.17915e-05 	3.45744e-09 	4
59.6923 	8.20168e-05 	3.38763e-09 	4
59.7308 	8.23083e-05 	3.31991e-09 	4
59.7692 	8.25135e-05 	3.25444e-09 	4
59.8077 	8.22011e-05 	3.18491e-09 	4
59.8462 	8.214e-05 	3.11954e-09 	4
59.8846 	8.10058e-05 	3.05043e-09 	4
59.9231 	8.22512e-05 	2.98812e-09 	4
59.9615 	8.28574e-05 	2.92572e-09 	4
60.0 	8.33753e-05 	2.86576e-09 	4
60.0385 	8.38591e-05 	2.80775e-09 	4
60.0769 	8.42432e-05 	2.75278e-09 	4
60.1154 	8.4504e-05 	9.90848e-09 	3
60.1538 	8.21835e-05 	9.69953e-09 	3
60.1923 	8.34424e-05 	9.51715e-09 	3
60.2308 	8.41139e-05 	9.34202e-09 	3
60.2692 	8.49996e-05 	9.15556e-09 	3
60.3077 	8.57985e-05 	8.98088e-09 	3
60.3462 	8.65709e-05 	8.80426e-09 	3
60.3846 	8.72104e-05 	8.62741e-09 	3
60.4231 	8.75252e-05 	8.43017e-09 	3
60.4615 	8.91429e-05 	8.25663e-09 	3
60.5 	8.97265e-05 	8.09277e-09 	3
60.5385 	9.12628e-05 	7.94057e-09 	3
60.5769 	9.29441e-05 	7.79144e-09 	3
60.6154 	9.45317e-05 	7.62431e-09 	3
60.6538 	9.60485e-05 	7.46573e-09 	3
60.6923 	9.73823e-05 	7.31071e-09 	3
60.7308 	9.83685e-05 	7.16573e-09 	3
60.7692 	9.93034e-05 	7.0249e-09 	3
60.8077 	9.81456e-05 	6.88074e-09 	3
60.8462 	9.84422e-05 	6.74384e-09 	3
60.8846 	9.87508e-05 	6.61226e-09 	3
60.9231 	9.8929e-05 	6.48519e-09 	3
60.9615 	9.7403e-05 	6.36137e-09 	3
61.0 	9.6724e-05 	6.24649e-09 	3
61.0385 	9.63136e-05 	6.1339e-09 	3
61.0769 	9.57484e-05 	6.00985e-09 	3
61.1154 	9.26046e-05 	5.89084e-09 	3
61.1538 	9.25207e-05 	5.78039e-09 	3
61.1923 	9.23051e-05 	5.67449e-09 	3
61.2308 	8.92881e-05 	5.57468e-09 	3
61.2692 	8.98831e-05 	5.47133e-09 	3
61.3077 	9.01662e-05 	5.36838e-09 	3
61.3462 	9.04316e-05 	5.26627e-09 	3
61.3846 	9.04653e-05 	5.16441e-09 	3
61.4231 	8.64289e-05 	5.06275e-09 	3
61.4615 	8.57954e-05 	4.96316e-09 	3
61.5 	8.3519e-05 	4.86725e-09 	3
61.5385 	8.48025e-05 	4.77491e-09 	3
61.5769 	8.62678e-05 	4.68645e-09 	3
61.6154 	8.80549e-05 	4.59628e-09 	3
61.6538 	8.96361e-05 	4.51411e-09 	3
61.6923 	8.96447e-05 	4.42788e-09 	3
61.7308 	8.7847e-05 	4.33838e-09 	3
61.7692 	8.84756e-05 	4.25912e-09 	3
61.8077 	9.07693e-05 	4.18258e-09 	3
61.8462 	9.32817e-05 	4.09737e-09 	3
61.8846 	9.57563e-05 	4.0453e-09 	3
61.9231 	9.78781e-05 	3.96022e-09 	3
61.9615 	9.96191e-05 	3.89017e-09 	3
62.0 	9.65684e-05 	3.81868e-09 	3
62.0385 	9.8483e-05 	3.75165e-09 	3
62.0769 	9.99249e-05 	3.68555e-09 	3
62.1154 	0.000101726 	3.61721e-09 	3
62.1538 	0.000103556 	3.55321e-09 	3
62.1923 	0.000105094 	3.48957e-09 	3
62.2308 	0.00010612 	3.43402e-09 	3
62.2692 	0.000100927 	3.38222e-09 	3
62.3077 	0.000100296 	3.32982e-09 	3
62.3462 	0.000101613 	3.27634e-09 	3
62.3846 	0.000103554 	3.2275e-09 	3
62.4231 	0.0001053 	3.18166e-09 	3
62.4615 	0.000106677 	3.12543e-09 	3
62.5 	0.000101075 	3.06701e-09 	3
62.5385 	0.000102704 	3.02314e-09 	3
62.5769 	0.000100931 	2.97178e-09 	3
62.6154 	0.000103285 	2.92327e-09 	3
62.6538 	0.000106886 	2.87285e-09 	3
62.6923 	0.000110266 	2.82636e-09 	3
62.7308 	0.00011325 	2.77609e-09 	3
62.7692 	0.000113076 	2.73332e-09 	3
62.8077 	0.000118878 	2.68864e-09 	3
62.8462 	0.000119322 	2.64623e-09 	3
62.8846 	0.000126501 	2.59601e-09 	3
62.9231 	0.000133569 	2.55026e-09 	3
62.9615 	0.000141014 	2.50921e-09 	3
63.0 	0.000148059 	2.4589e-09 	3
63.0385 	0.000153741 	2.42207e-09 	3
63.0769 	0.000158265 	2.38421e-09 	3
63.1154 	0.000154495 	2.35045e-09 	3
63.1538 	0.000158394 	2.31772e-09 	3
63.1923 	0.00016148 	2.29422e-09 	3
63.2308 	0.000162968 	2.27188e-09 	3
63.2692 	0.00015253 	2.24927e-09 	3
63.3077 	0.000151776 	2.23679e-09 	3
63.3462 	0.000150992 	2.22295e-09 	3
63.3846 	0.000141378 	2.21223e-09 	3
63.4231 	0.000139158 	2.20049e-09 	3
63.4615 	0.000136116 	2.19058e-09 	3
63.5 	0.000121121 	2.18071e-09 	3
63.5385 	0.000122202 	2.16907e-09 	3
63.5769 	0.000124785 	2.15944e-09 	3
63.6154 	0.000123724 	2.1517e-09 	3
63.6538 	0.000114589 	2.14204e-09 	3
63.6923 	0.000115197 	2.13021e-09 	3
63.7308 	0.000109806 	2.11932e-09 	3
63.7692 	0.000102916 	2.10711e-09 	3
63.8077 	9.91854e-05 	2.09616e-09 	3
63.8462 	0.00010097 	2.08065e-09 	3
63.8846 	0.000104679 	2.07146e-09 	3
63.9231 	0.000100417 	2.06151e-09 	3
63.9615 	0.000104873 	2.05017e-09 	3
64.0 	9.95066e-05 	2.03901e-09 	3
64.0385 	0.000108648 	2.02805e-09 	3
64.0769 	0.000121607 	2.02088e-09 	3
64.1154 	0.000127852 	2.00763e-09 	3
64.1538 	0.000135009 	1.99894e-09 	3
64.1923 	0.000134656 	1.99352e-09 	3
64.2308 	0.0001159 	1.9872e-09 	3
64.2692 	0.000126022 	1.98315e-09 	3
64.3077 	0.000135648 	1.97351e-09 	3
64.3462 	0.000145847 	1.96501e-09 	3
64.3846 	0.000151383 	1.95842e-09 	3
64.4231 	0.000158496 	1.94529e-09 	3
64.4615 	0.000165107 	1.93392e-09 	3
64.5 	0.000180081 	1.9327e-09 	3
64.5385 	0.000198119 	1.92908e-09 	3
64.5769 	0.000206851 	1.93074e-09 	3
64.6154 	0.000160896 	1.92812e-09 	3
64.6538 	0.00015856 	1.93084e-09 	3
64.6923 	0.00015209 	1.9319e-09 	3
64.7308 	0.000142088 	1.93541e-09 	3
64.7692 	0.000141713 	1.94126e-09 	3
64.8077 	0.00014593 	1.94474e-09 	3
64.8462 	0.000149693 	1.94985e-09 	3
64.8846 	0.000154812 	1.9532e-09 	3
64.9231 	0.000160059 	1.95541e-09 	3
64.9615 	0.00016714 	1.96369e-09 	3
65.0 	0.000167699 	1.9678e-09 	3
65.0385 	0.000169399 	1.97258e-09 	3
65.0769 	0.000168575 	1.97716e-09 	3
65.1154 	0.000165875 	1.98382e-09 	3
65.1538 	0.000173826 	1.98804e-09 	3
65.1923 	0.00017414 	1.99278e-09 	3
65.2308 	0.000158606 	1.99953e-09 	3
65.2692 	0.000163749 	2.00041e-09 	3
65.3077 	0.000167972 	2.00499e-09 	3
65.3462 	0.000171233 	2.00938e-09 	3
65.3846 	0.000173535 	2.01147e-09 	3
65.4231 	0.000174805 	2.01193e-09 	3
65.4615 	0.00017624 	2.01731e-09 	3
65.5 	0.000175978 	2.02171e-09 	3
65.5385 	0.000171152 	2.02443e-09 	3
65.5769 	0.000177764 	2.02762e-09 	3
65.6154 	0.000185134 	2.03363e-09 	3
65.6538 	0.000154429 	2.03755e-09 	3
65.6923 	0.000123603 	2.04205e-09 	3
65.7308 	0.00012136 	2.04721e-09 	3
65.7692 	0.000122356 	2.05115e-09 	3
65.8077 	0.000123344 	2.0579e-09 	3
65.8462 	0.000124214 	2.06122e-09 	3
65.8846 	0.000128771 	2.06801e-09 	3
65.9231 	0.000132981 	2.07542e-09 	3
65.9615 	0.000136351 	2.0812e-09 	3
66.0 	0.000140858 	2.09208e-09 	3
66.0385 	0.00014666 	2.09854e-09 	3
66.0769 	0.00015118 	2.10801e-09 	3
66.1154 	0.000154271 	2.1197e-09 	3
66.1538 	0.000155801 	2.12402e-09 	3
66.1923 	0.000155608 	2.13466e-09 	3
66.2308 	0.000153573 	2.14547e-09 	3
66.2692 	0.000124964 	2.14989e-09 	3
66.3077 	0.000118466 	2.16519e-09 	3
66.3462 	0.000110949 	2.17734e-09 	3
66.3846 	0.000108015 	2.19369e-09 	3
66.4231 	0.000110888 	2.20685e-09 	3
66.4615 	0.000113006 	2.22061e-09 	3
66.5 	0.000114441 	2.24261e-09 	3
66.5385 	0.000115305 	2.25678e-09 	3
66.5769 	0.00011553 	2.27223e-09 	3
66.6154 	0.000115329 	2.28132e-09 	3
66.6538 	0.00011484 	2.30549e-09 	3
66.6923 	0.000118376 	2.32308e-09 	3
66.7308 	0.000121857 	2.3312e-09 	3
66.7692 	0.000125008 	2.34356e-09 	3
66.8077 	0.000134908 	2.36197e-09 	3
66.8462 	0.000133706 	2.37327e-09 	3
66.8846 	0.000134013 	2.39119e-09 	3
66.9231 	0.000136176 	2.41212e-09 	3
66.9615 	0.000137804 	2.43166e-09 	3
67.0 	0.000138725 	2.43884e-09 	3
67.0385 	0.000139445 	2.45993e-09 	3
67.0769 	0.000139708 	2.47989e-09 	3
67.1154 	0.000139132 	2.49061e-09 	3
67.1538 	0.000137913 	2.50523e-09 	3
67.1923 	0.000136157 	2.52451e-09 	3
67.2308 	0.000134131 	2.53411e-09 	3
67.2692 	0.000132177 	2.54403e-09 	3
67.3077 	0.000131145 	2.55939e-09 	3
67.3462 	0.000132667 	2.57148e-09 	3
67.3846 	0.000133926 	2.58496e-09 	3
67.4231 	0.000134916 	2.60195e-09 	3
67.4615 	0.000135759 	2.60871e-09 	3
67.5 	0.000136349 	2.62131e-09 	3
67.5385 	0.000136606 	2.63587e-09 	3
67.5769 	0.000136744 	2.65604e-09 	3
67.6154 	0.000136594 	2.66654e-09 	3
67.6538 	0.000136314 	2.68643e-09 	3
67.6923 	0.000135741 	2.70097e-09 	3
67.7308 	0.000134894 	2.7182e-09 	3
67.7692 	0.000133784 	2.73042e-09 	3
67.8077 	0.00013234 	2.73279e-09 	3
67.8462 	0.000130883 	2.75354e-09 	3
67.8846 	0.000129367 	2.77565e-09 	3
67.9231 	0.000127682 	2.78687e-09 	3
67.9615 	0.000125869 	2.78736e-09 	3
68.0 	0.000124115 	2.79714e-09 	3
68.0385 	0.000122433 	2.80305e-09 	3
68.0769 	0.000120574 	2.803e-09 	3
68.1154 	0.000119816 	2.81735e-09 	3
68.1538 	0.000119027 	2.82515e-09 	3
68.1923 	0.000118363 	2.83636e-09 	3
68.2308 	0.000120076 	2.85024e-09 	3
68.2692 	0.000121484 	2.85614e-09 	3
68.3077 	0.000122471 	2.8749e-09 	3
68.3462 	0.000124123 	2.88172e-09 	3
68.3846 	0.000125031 	2.88371e-09 	3
68.4231 	0.000125485 	2.89172e-09 	3
68.4615 	0.000125434 	2.90195e-09 	3
68.5 	0.000125052 	2.90215e-09 	3
68.5385 	0.000124842 	2.90456e-09 	3
68.5769 	0.000124129 	2.91537e-09 	3
68.6154 	0.000123056 	2.93222e-09 	3
68.6538 	0.000121624 	2.92443e-09 	3
68.6923 	0.000120452 	2.93376e-09 	3
68.7308 	0.00011936 	2.96414e-09 	3
68.7692 	0.000117972 	2.96387e-09 	3
68.8077 	0.000117332 	2.96294e-09 	3
68.8462 	0.000116994 	2.96402e-09 	3
68.8846 	0.000116517 	2.96054e-09 	3
68.9231 	0.000115846 	2.96054e-09 	3
68.9615 	0.000113074 	2.95971e-09 	3
69.0 	0.000111654 	2.95477e-09 	3
69.0385 	0.0001104 	2.96101e-09 	3
69.0769 	0.000109172 	2.95974e-09 	3
69.1154 	0.000109084 	2.96122e-09 	3
69.1538 	0.000109109 	2.95873e-09 	3
69.1923 	0.000109055 	2.94083e-09 	3
69.2308 	0.000108908 	2.95071e-09 	3
69.2692 	0.000109471 	2.94971e-09 	3
69.3077 	0.000110115 	2.94593e-09 	3
69.3462 	0.000110389 	2.94336e-09 	3
69.3846 	0.000111482 	2.93993e-09 	3
69.4231 	0.000112289 	2.93952e-09 	3
69.4615 	0.000112735 	2.92585e-09 	3
69.5 	0.000112968 	2.91333e-09 	3
69.5385 	0.000113769 	2.89603e-09 	3
69.5769 	0.000114798 	2.89768e-09 	3
69.6154 	0.000115816 	2.90239e-09 	3
69.6538 	0.000116589 	2.89509e-09 	3
69.6923 	0.000117441 	2.86935e-09 	3
69.7308 	0.000117788 	2.85641e-09 	3
69.7692 	0.000118035 	2.87091e-09 	3
69.8077 	0.000118542 	2.86538e-09 	3
69.8462 	0.00011883 	2.86033e-09 	3
69.8846 	0.00011914 	2.85233e-09 	3
69.9231 	0.00011913 	2.83625e-09 	3
69.9615 	0.000118894 	2.82657e-09 	3
70.0 	0.000118319 	2.82919e-09 	3
