# time 	Initial 	Final 	Iterations
0.162077 	8.08004e-05 	8.08004e-05 	0
0.192127 	3.34553e-05 	3.34553e-05 	0
0.225985 	3.31778e-05 	3.31778e-05 	0
0.263576 	6.34178e-05 	6.34178e-05 	0
0.300292 	6.07041e-05 	6.07041e-05 	0
0.336724 	5.20541e-05 	5.20541e-05 	0
0.372873 	5.85525e-05 	5.85525e-05 	0
0.408742 	5.19778e-05 	5.19778e-05 	0
0.444894 	5.83454e-05 	5.83454e-05 	0
0.481046 	5.04243e-05 	5.04243e-05 	0
0.517489 	6.99661e-05 	6.99661e-05 	0
0.554231 	6.56674e-05 	6.56674e-05 	0
0.591279 	6.25489e-05 	6.25489e-05 	0
0.628641 	9.05935e-05 	9.05935e-05 	0
0.666325 	3.52337e-05 	3.52337e-05 	0
0.704009 	4.07504e-05 	4.07504e-05 	0
