# time 	Initial 	Final 	Iterations
1.2e-06 	3.19732e-05 	3.19732e-05 	0
2.64e-06 	8.43349e-05 	8.43349e-05 	0
4.368e-06 	6.76951e-05 	6.76951e-05 	0
6.4416e-06 	2.73597e-05 	2.73597e-05 	0
8.92992e-06 	7.33999e-05 	7.33999e-05 	0
1.19159e-05 	7.18352e-05 	7.18352e-05 	0
1.54991e-05 	6.11959e-05 	6.11959e-05 	0
1.97989e-05 	5.41179e-05 	5.41179e-05 	0
2.49587e-05 	4.9027e-05 	4.9027e-05 	0
3.11504e-05 	4.62854e-05 	4.62854e-05 	0
3.85805e-05 	4.43054e-05 	4.43054e-05 	0
4.74965e-05 	4.26014e-05 	4.26014e-05 	0
5.81958e-05 	4.12491e-05 	4.12491e-05 	0
7.1035e-05 	1.74724e-05 	1.74724e-05 	0
8.6442e-05 	9.41964e-05 	9.41964e-05 	0
0.00010493 	9.13758e-05 	9.13758e-05 	0
0.000127116 	8.53735e-05 	8.53735e-05 	0
0.00015374 	8.74881e-05 	8.74881e-05 	0
0.000185688 	9.22706e-05 	9.22706e-05 	0
0.000224025 	9.73233e-05 	9.73233e-05 	0
0.00027003 	2.23623e-05 	2.23623e-05 	0
0.000325236 	1.58447e-05 	1.58447e-05 	0
0.000391483 	1.69421e-05 	1.69421e-05 	0
0.00047098 	1.99695e-05 	1.99695e-05 	0
0.000566376 	2.23492e-05 	2.23492e-05 	0
0.00068085 	2.62324e-05 	2.62324e-05 	0
0.000818221 	1.00148e-05 	1.00148e-05 	0
0.000983063 	1.22344e-05 	1.22344e-05 	0
0.00118087 	1.45956e-05 	1.45956e-05 	0
0.00141824 	1.73197e-05 	1.73197e-05 	0
0.0017031 	1.9473e-05 	1.9473e-05 	0
0.00204491 	2.54199e-05 	2.54199e-05 	0
0.00245508 	3.27727e-05 	3.27727e-05 	0
0.0029473 	4.15367e-05 	4.15367e-05 	0
0.00353797 	5.15508e-05 	5.15508e-05 	0
0.00424679 	6.33445e-05 	6.33445e-05 	0
0.00509742 	6.73119e-05 	6.73119e-05 	0
0.00611825 	4.22131e-05 	4.22131e-05 	0
0.00734314 	5.42767e-05 	5.42767e-05 	0
0.00881286 	4.91972e-05 	4.91972e-05 	0
0.0105765 	5.37743e-05 	5.37743e-05 	0
0.0126925 	7.55326e-05 	7.55326e-05 	0
0.0152319 	9.37338e-05 	9.37338e-05 	0
0.0182788 	6.86958e-05 	6.86958e-05 	0
0.0219337 	9.99415e-05 	9.99415e-05 	0
0.0263197 	9.63653e-05 	9.63653e-05 	0
0.0315829 	9.62704e-05 	9.62704e-05 	0
0.037896 	2.94018e-05 	2.94018e-05 	0
0.0454717 	7.7098e-05 	7.7098e-05 	0
0.0545626 	3.18744e-05 	3.18744e-05 	0
0.0654797 	3.55932e-05 	3.55932e-05 	0
0.0785686 	3.53842e-05 	3.53842e-05 	0
0.094292 	6.06411e-05 	6.06411e-05 	0
0.11316 	0.000108079 	1.52239e-05 	1
0.135784 	7.4089e-05 	7.4089e-05 	0
0.162077 	9.32176e-05 	9.32176e-05 	0
0.192127 	0.000135267 	1.89739e-05 	1
0.225985 	0.000180549 	1.76548e-05 	1
0.263576 	0.000228611 	1.7595e-05 	1
0.300292 	0.00021101 	1.47592e-05 	1
0.336724 	0.0002073 	2.62892e-05 	1
0.372873 	0.000191131 	1.91624e-05 	1
0.408742 	0.000174876 	1.72763e-05 	1
0.444894 	0.000162943 	2.12422e-05 	1
0.481046 	0.000149136 	1.93925e-05 	1
0.517489 	0.000137161 	1.73813e-05 	1
0.554231 	0.000124205 	1.48773e-05 	1
0.591279 	0.000111763 	1.25019e-05 	1
0.628641 	9.90647e-05 	9.90647e-05 	0
0.666325 	8.64074e-05 	8.64074e-05 	0
0.704009 	9.3147e-05 	9.3147e-05 	0
0.742027 	9.06837e-05 	9.06837e-05 	0
0.780044 	9.46554e-05 	9.46554e-05 	0
0.818408 	9.25263e-05 	9.25263e-05 	0
0.856771 	0.000166011 	3.95356e-05 	1
0.895134 	0.000144599 	2.19896e-05 	1
0.933497 	0.000124657 	1.47178e-05 	1
0.971861 	0.000121112 	1.3272e-05 	1
1.01022 	0.000106775 	9.13944e-06 	1
1.04859 	9.73272e-05 	9.73272e-05 	0
1.08695 	9.79786e-05 	9.79786e-05 	0
1.12531 	7.66777e-05 	7.66777e-05 	0
1.16368 	6.75394e-05 	6.75394e-05 	0
1.20204 	6.83758e-05 	6.83758e-05 	0
1.2404 	0.000111531 	8.07413e-06 	1
1.27877 	0.000126632 	2.25308e-05 	1
1.31713 	8.1189e-05 	8.1189e-05 	0
1.35549 	0.000127932 	9.82705e-06 	1
1.39386 	7.3697e-05 	7.3697e-05 	0
1.43222 	7.16739e-05 	7.16739e-05 	0
1.47058 	7.20944e-05 	7.20944e-05 	0
1.50895 	0.000111492 	5.26904e-05 	1
1.54731 	0.000128301 	1.46547e-05 	1
1.58567 	0.000134439 	2.72823e-05 	1
1.62404 	9.92395e-05 	9.92395e-05 	0
1.6624 	0.000142991 	2.06117e-05 	1
1.70076 	9.26661e-05 	9.26661e-05 	0
1.73913 	0.000134969 	2.08538e-05 	1
1.77749 	8.95969e-05 	8.95969e-05 	0
1.81585 	0.000104615 	1.41122e-05 	1
1.85421 	0.000103699 	1.16325e-05 	1
