# time 	Initial 	Final 	Iterations
0.0315829 	2.32953e-05 	2.32953e-05 	0
0.037896 	3.73853e-05 	3.73853e-05 	0
0.0454717 	9.67714e-05 	9.67714e-05 	0
0.0545626 	5.86402e-05 	5.86402e-05 	0
0.0654797 	6.35228e-05 	6.35228e-05 	0
0.0785686 	7.05314e-05 	7.05314e-05 	0
0.094292 	0.000112443 	1.6234e-05 	1
0.11316 	8.80159e-05 	8.80159e-05 	0
0.135784 	0.000138903 	1.77456e-05 	1
0.162077 	0.000109613 	1.19365e-05 	1
0.192127 	0.000165531 	1.52688e-05 	1
0.225985 	0.000255911 	2.34893e-05 	1
0.263576 	0.000343682 	3.07382e-05 	1
0.300292 	0.000335238 	2.93785e-05 	1
0.336724 	0.000387549 	6.2093e-05 	1
0.372873 	0.00030567 	3.8915e-05 	1
0.408742 	0.000264858 	3.26019e-05 	1
0.444894 	0.000296173 	3.22267e-05 	1
0.481046 	0.000257756 	2.81716e-05 	1
0.517489 	0.000227422 	2.47255e-05 	1
0.554231 	0.000204806 	2.40031e-05 	1
0.591279 	0.000182909 	2.19608e-05 	1
0.628641 	0.000173965 	1.65943e-05 	1
0.666325 	0.000198161 	2.4129e-05 	1
0.704009 	0.000246972 	3.14036e-05 	1
0.742027 	0.000283316 	2.77003e-05 	1
0.780044 	0.000175717 	2.61554e-05 	1
0.818408 	0.00016672 	2.65421e-05 	1
0.856771 	0.000313734 	4.8827e-05 	1
0.895134 	0.000242598 	3.69735e-05 	1
0.933497 	0.000104126 	1.09856e-05 	1
0.971861 	0.000115727 	1.49949e-05 	1
1.01022 	0.000116611 	1.34577e-05 	1
1.04859 	0.000199277 	2.15782e-05 	1
1.08695 	0.000235455 	2.70867e-05 	1
1.12531 	0.000185171 	2.04885e-05 	1
1.16368 	0.000163993 	2.01901e-05 	1
1.20204 	0.000181976 	1.46408e-05 	1
