# time 	Initial 	Final 	Iterations
0.0315829 	2.32953e-05 	2.32953e-05 	0
0.037896 	3.73853e-05 	3.73853e-05 	0
0.0454717 	9.67714e-05 	9.67714e-05 	0
0.0545626 	5.86402e-05 	5.86402e-05 	0
0.0654797 	6.35228e-05 	6.35228e-05 	0
0.0785686 	7.05314e-05 	7.05314e-05 	0
0.094292 	2.29256e-05 	2.29256e-05 	0
0.11316 	8.80159e-05 	8.80159e-05 	0
0.135784 	3.83226e-05 	3.83226e-05 	0
0.162077 	2.01588e-05 	2.01588e-05 	0
0.192127 	2.96943e-05 	2.96943e-05 	0
0.225985 	4.90495e-05 	4.90495e-05 	0
0.263576 	7.06504e-05 	7.06504e-05 	0
0.300292 	7.10337e-05 	7.10337e-05 	0
0.336724 	0.000108315 	1.52723e-05 	1
0.372873 	8.05755e-05 	8.05755e-05 	0
0.408742 	6.71539e-05 	6.71539e-05 	0
0.444894 	6.87489e-05 	6.87489e-05 	0
0.481046 	5.86903e-05 	5.86903e-05 	0
0.517489 	5.09904e-05 	5.09904e-05 	0
0.554231 	4.5502e-05 	4.5502e-05 	0
0.591279 	4.02121e-05 	4.02121e-05 	0
0.628641 	3.69381e-05 	3.69381e-05 	0
0.666325 	4.80362e-05 	4.80362e-05 	0
0.704009 	7.0931e-05 	7.0931e-05 	0
0.742027 	6.43985e-05 	6.43985e-05 	0
0.780044 	4.31012e-05 	4.31012e-05 	0
0.818408 	4.29941e-05 	4.29941e-05 	0
0.856771 	8.39636e-05 	8.39636e-05 	0
0.895134 	6.20136e-05 	6.20136e-05 	0
0.933497 	2.45557e-05 	2.45557e-05 	0
0.971861 	2.92885e-05 	2.92885e-05 	0
1.01022 	2.83164e-05 	2.83164e-05 	0
1.04859 	3.9392e-05 	3.9392e-05 	0
1.08695 	4.46142e-05 	4.46142e-05 	0
1.12531 	3.51988e-05 	3.51988e-05 	0
1.16368 	3.25625e-05 	3.25625e-05 	0
1.20204 	3.50713e-05 	3.50713e-05 	0
