# time 	Initial 	Final 	Iterations
0.162077 	9.59645e-06 	9.59645e-06 	0
0.192127 	1.21941e-05 	4.2046e-06 	1
0.225985 	1.58405e-05 	6.38763e-06 	1
0.263576 	2.83052e-05 	3.38223e-06 	1
0.300292 	2.50488e-05 	2.90905e-06 	1
0.336724 	1.66063e-05 	6.92174e-06 	1
0.372873 	2.37626e-05 	9.50052e-06 	1
0.408742 	2.18451e-05 	8.62904e-06 	1
0.444894 	1.76887e-05 	6.28419e-06 	1
0.481046 	1.54944e-05 	5.26594e-06 	1
0.517489 	1.85122e-05 	6.61518e-06 	1
0.554231 	1.66275e-05 	5.81564e-06 	1
0.591279 	1.50833e-05 	4.95875e-06 	1
0.628641 	2.2866e-05 	9.8225e-06 	1
0.666325 	4.11318e-05 	4.97657e-06 	1
0.704009 	3.17504e-05 	3.54866e-06 	1
