# time 	Local 	Global 	Cumulative
0.333274 	2.8292e-06 	4.68917e-07 	-4.18842e-07
0.579973 	5.42464e-06 	2.09037e-06 	1.60227e-05
0.642226 	3.58575e-06 	1.01962e-06 	1.23984e-05
0.70448 	6.31069e-06 	1.40411e-06 	2.65622e-05
0.766734 	3.56968e-06 	-7.41213e-07 	3.23159e-05
0.828988 	7.60383e-06 	-2.37557e-06 	4.94535e-06
1.01575 	4.36106e-06 	1.52115e-06 	-2.97027e-06
1.26477 	3.06368e-06 	4.14537e-07 	-1.18937e-05
1.38927 	3.47137e-06 	-5.83163e-07 	-9.84396e-06
1.45153 	7.4912e-06 	1.66938e-06 	-2.59431e-05
1.51378 	6.46021e-06 	-1.3131e-06 	-4.74257e-05
1.57604 	3.3003e-06 	-6.06481e-07 	-2.91671e-05
1.7628 	6.42961e-06 	5.19096e-07 	3.57126e-05
1.8873 	6.21519e-06 	1.66981e-06 	5.9723e-05
1.94956 	7.29701e-06 	9.70568e-07 	7.25234e-05
2.07407 	5.95587e-06 	1.68551e-06 	0.000102747
2.19857 	6.55696e-06 	1.68403e-06 	8.19275e-05
2.26083 	6.87668e-06 	-2.81418e-06 	7.06988e-05
2.32308 	5.13747e-06 	-9.66086e-07 	6.5231e-05
2.38534 	4.53962e-06 	9.70464e-07 	9.45067e-05
2.44759 	4.65874e-06 	-8.63631e-07 	0.000151599
2.63435 	4.75326e-06 	1.00786e-06 	0.000174804
2.69661 	6.15261e-06 	-1.71303e-06 	0.000212043
2.88337 	6.26371e-06 	1.97391e-06 	0.000221942
2.94562 	8.05191e-06 	-1.38128e-06 	0.000246222
3.07013 	5.90911e-06 	2.97875e-06 	0.000227337
3.13238 	5.73185e-06 	2.71206e-06 	0.000232423
3.19464 	5.83707e-06 	-2.64961e-06 	0.000236259
3.25689 	3.72566e-06 	4.69429e-07 	0.00026003
3.31914 	7.57223e-06 	1.60329e-06 	0.00024828
3.3814 	4.09334e-06 	7.30839e-07 	0.000252469
3.44365 	3.11641e-06 	-4.63689e-07 	0.00025295
3.50591 	6.22661e-06 	-1.98626e-06 	0.000250481
3.56816 	3.77635e-06 	1.49678e-06 	0.00025469
3.69267 	4.85872e-06 	1.31432e-06 	0.000251759
3.75492 	3.17327e-06 	-7.58761e-07 	0.000254359
3.81718 	4.07626e-06 	-5.95316e-07 	0.000235066
3.87943 	3.62184e-06 	1.11212e-06 	0.000223901
4.00394 	3.57084e-06 	8.09516e-07 	0.000207288
4.06619 	6.04183e-06 	2.4416e-06 	0.000203683
4.12845 	3.75463e-06 	7.72922e-07 	0.00023526
4.1907 	3.42267e-06 	-4.42441e-07 	0.000248354
4.25295 	3.77169e-06 	-9.4292e-07 	0.000235462
4.31521 	6.88995e-06 	-2.75615e-06 	0.000213975
4.37746 	6.25495e-06 	-1.85227e-06 	0.000240031
4.50197 	3.19862e-06 	6.69692e-07 	0.000253699
4.56422 	8.02774e-06 	2.29513e-06 	0.000235834
4.62648 	6.28883e-06 	-3.2054e-06 	0.000233992
4.68873 	5.20111e-06 	-2.13203e-06 	0.000199599
4.81324 	7.41763e-06 	-2.59548e-06 	0.000185515
4.87549 	6.97924e-06 	1.92476e-06 	0.000200776
4.93775 	4.96942e-06 	1.18354e-06 	0.000191231
5.0 	3.95107e-06 	-5.81229e-07 	0.000225014
5.0625 	6.26893e-06 	3.70483e-07 	0.000242111
5.125 	5.95806e-06 	-2.85801e-06 	0.000207233
5.25 	3.42558e-06 	-6.49902e-07 	0.000240096
5.3125 	5.32124e-06 	-6.27881e-07 	0.000246395
5.375 	4.92965e-06 	-1.11622e-06 	0.000253817
5.5 	2.90042e-06 	-3.73703e-07 	0.000233834
5.5625 	6.10323e-06 	1.35628e-06 	0.000277115
5.625 	7.26709e-06 	2.34915e-06 	0.000317147
5.6875 	5.58253e-06 	-1.74875e-06 	0.00030304
5.75 	5.26575e-06 	2.38337e-06 	0.00029398
5.8125 	4.44388e-06 	-1.23054e-06 	0.000268316
5.875 	4.69702e-06 	1.2742e-06 	0.000290708
5.9375 	7.27727e-06 	1.83446e-06 	0.000305439
6.0 	4.38692e-06 	-9.98664e-07 	0.000307511
6.125 	7.23309e-06 	-2.43024e-06 	0.000350866
6.1875 	5.89734e-06 	1.20566e-06 	0.00036051
6.25 	5.88431e-06 	2.85384e-06 	0.000380163
6.4375 	5.48297e-06 	1.46877e-06 	0.00038446
6.6875 	4.82149e-06 	1.19578e-06 	0.00036827
6.75 	6.08693e-06 	2.20094e-06 	0.000355818
6.8125 	2.95601e-06 	4.58822e-07 	0.000337625
6.9375 	6.42468e-06 	1.58979e-06 	0.000303862
7.0 	4.8097e-06 	-7.27687e-07 	0.000296834
7.125 	7.7665e-06 	-1.53621e-06 	0.000292231
7.1875 	5.03549e-06 	-1.15905e-06 	0.000302059
7.25 	3.95554e-06 	1.37377e-06 	0.000305578
7.4375 	4.24859e-06 	4.98235e-07 	0.000282132
7.5625 	3.18789e-06 	-4.52274e-07 	0.000309936
7.625 	4.99031e-06 	-2.49532e-06 	0.000329419
7.6875 	7.92469e-06 	6.78382e-07 	0.000354783
7.8125 	5.15178e-06 	1.49485e-06 	0.000379445
7.9375 	6.69815e-06 	1.12091e-06 	0.000372886
8.0 	6.71549e-06 	-2.14572e-06 	0.000384885
8.0625 	4.25807e-06 	-1.52463e-06 	0.000346747
8.125 	8.01668e-06 	7.73322e-07 	0.000365025
8.25 	6.71378e-06 	1.89668e-06 	0.000352312
8.3125 	3.43874e-06 	-1.07529e-06 	0.000328191
8.375 	5.32916e-06 	-2.07458e-06 	0.000329374
8.4375 	4.84729e-06 	2.27235e-06 	0.000325935
8.5 	5.0343e-06 	1.30957e-06 	0.000293525
8.5625 	4.46829e-06 	3.98682e-07 	0.000272262
8.8125 	8.09652e-06 	2.8594e-06 	0.000227431
8.9375 	3.87096e-06 	-1.19524e-06 	0.000202911
9.0 	6.13264e-06 	9.41149e-07 	0.000251552
9.0625 	7.70234e-06 	2.51028e-06 	0.000216308
9.1875 	6.687e-06 	-1.83208e-06 	0.000232985
9.25 	3.63667e-06 	6.53638e-07 	0.000260759
9.3125 	6.53841e-06 	-1.16968e-06 	0.000252585
9.375 	5.88873e-06 	-1.65649e-06 	0.000243138
9.4375 	4.99012e-06 	4.72455e-07 	0.000197272
9.5625 	4.15335e-06 	1.56709e-06 	0.000177718
9.625 	4.26988e-06 	-1.05325e-06 	0.000174848
9.6875 	5.42222e-06 	-1.64975e-06 	0.000190815
9.8125 	4.27735e-06 	-1.27806e-06 	0.000202147
9.9375 	6.55901e-06 	-1.69566e-06 	0.00025337
10.0 	5.32856e-06 	-1.08048e-06 	0.000225509
10.0625 	4.77669e-06 	1.77301e-06 	0.000215402
10.1875 	3.58615e-06 	4.17389e-07 	0.000204567
10.3125 	3.33725e-06 	9.92264e-07 	0.000216825
10.375 	7.40657e-06 	-2.62171e-06 	0.000202292
10.625 	4.81829e-06 	1.18918e-06 	0.000231185
10.6875 	4.6217e-06 	-1.25693e-06 	0.000199731
10.75 	5.08478e-06 	2.53302e-06 	0.000194801
10.8125 	5.22874e-06 	3.58791e-07 	0.00019561
10.875 	5.35215e-06 	-1.50315e-06 	0.000187917
11.0 	4.48251e-06 	4.15131e-07 	0.000232659
11.0625 	6.88819e-06 	2.19947e-06 	0.000239048
11.1875 	4.75217e-06 	-1.2878e-06 	0.000234488
11.375 	5.43798e-06 	-4.65919e-07 	0.0002684
11.4375 	4.01403e-06 	-7.4721e-07 	0.000271794
11.5625 	4.72123e-06 	-9.94805e-07 	0.000280936
11.625 	6.93106e-06 	2.57996e-06 	0.0002749
11.6875 	3.28153e-06 	8.37435e-07 	0.000266018
11.75 	6.01054e-06 	9.86968e-07 	0.000269762
11.8125 	5.67107e-06 	1.65704e-06 	0.000276426
11.875 	8.03862e-06 	-2.36468e-06 	0.000280294
11.9375 	5.40962e-06 	1.51254e-06 	0.000297176
12.0 	5.95803e-06 	-1.84452e-06 	0.000282957
12.0625 	2.67277e-06 	1.04015e-07 	0.00024928
12.125 	3.98737e-06 	4.82616e-07 	0.000218153
12.1875 	5.15064e-06 	-1.13717e-06 	0.000211278
12.25 	5.14458e-06 	1.33129e-06 	0.000235435
12.3125 	5.68722e-06 	2.72504e-06 	0.000242804
12.375 	6.331e-06 	-1.6759e-06 	0.000239013
12.5625 	4.90397e-06 	1.30674e-06 	0.000209145
12.625 	4.7316e-06 	9.27859e-07 	0.000222947
12.6875 	4.71501e-06 	9.42403e-07 	0.000229675
12.75 	5.58787e-06 	1.55571e-06 	0.000241245
12.8125 	4.64648e-06 	8.56606e-07 	0.000223442
12.875 	5.59277e-06 	1.69945e-06 	0.000208705
13.0 	7.24957e-06 	-1.75422e-06 	0.000173922
13.0625 	5.26437e-06 	-1.16197e-06 	0.000166603
13.1875 	6.36956e-06 	-2.03663e-06 	0.00016816
13.25 	3.78063e-06 	4.83872e-07 	0.000146378
13.375 	4.76111e-06 	1.1791e-06 	0.000181516
13.4375 	3.88546e-06 	-1.13936e-06 	0.000160302
13.5 	6.43661e-06 	-2.11944e-06 	0.000167728
13.5625 	6.04521e-06 	-1.68145e-06 	0.000181079
13.625 	5.74716e-06 	-1.95061e-06 	0.000207863
13.6875 	5.08462e-06 	-1.44358e-06 	0.000224909
14.0 	5.63715e-06 	-1.72355e-06 	0.000246401
14.0625 	6.09482e-06 	-1.87293e-06 	0.000263045
14.125 	7.47969e-06 	-9.36407e-07 	0.000251928
14.1875 	3.38579e-06 	6.19185e-07 	0.000304585
14.3125 	4.18509e-06 	1.17328e-06 	0.000304134
14.375 	6.31169e-06 	-2.16541e-06 	0.000288617
14.4375 	6.75556e-06 	1.71779e-06 	0.000286718
14.5 	5.02154e-06 	-1.00184e-06 	0.000232567
14.625 	4.78694e-06 	-1.33277e-06 	0.000262942
14.6875 	7.06429e-06 	-2.45049e-06 	0.000213516
14.75 	3.70817e-06 	3.01656e-07 	0.000200721
14.8125 	7.9355e-06 	1.55661e-06 	0.00021627
14.9375 	7.5265e-06 	-3.17603e-07 	0.000201218
15.0 	8.16211e-06 	-1.82107e-06 	0.000213705
15.1875 	4.15008e-06 	7.32604e-07 	0.000211444
15.25 	7.44437e-06 	9.5466e-07 	0.000188656
15.3125 	4.10157e-06 	1.28732e-06 	0.000180766
15.375 	7.26058e-06 	-1.91695e-06 	0.000140429
15.4375 	4.57774e-06 	1.48705e-06 	0.000153685
15.5 	7.2805e-06 	-2.18416e-06 	0.000146892
15.5625 	7.02538e-06 	-2.10893e-06 	0.000124167
15.75 	7.04919e-06 	-2.27312e-07 	0.000156896
15.8125 	8.1985e-06 	1.50695e-06 	0.000205993
15.875 	5.75525e-06 	-1.02218e-06 	0.000223312
15.9375 	3.39788e-06 	-3.57144e-07 	0.000228692
16.0 	5.19065e-06 	-1.16723e-06 	0.000249803
16.0625 	5.56936e-06 	6.60123e-07 	0.000281651
16.125 	5.01197e-06 	8.46555e-07 	0.000332584
16.1875 	6.28205e-06 	-1.01838e-06 	0.000323003
16.25 	5.11458e-06 	-1.31106e-06 	0.000273824
16.3125 	4.7434e-06 	1.82514e-06 	0.000263556
16.375 	6.24733e-06 	1.70465e-06 	0.000272433
16.4375 	4.72626e-06 	-4.52418e-07 	0.000277173
16.5 	4.98705e-06 	1.38505e-06 	0.000275758
16.625 	4.42747e-06 	1.71178e-06 	0.000235927
16.6875 	5.15908e-06 	1.57212e-06 	0.000240814
16.75 	2.9813e-06 	-3.77721e-07 	0.000236676
16.8125 	3.89855e-06 	5.93365e-07 	0.000246446
16.875 	5.98082e-06 	1.81279e-06 	0.00027093
16.9375 	7.93756e-06 	2.37146e-06 	0.000287758
17.25 	3.73131e-06 	-1.02739e-06 	0.000320796
17.3125 	5.1565e-06 	-7.9026e-08 	0.000301864
17.375 	6.87718e-06 	1.04873e-06 	0.000325757
17.4375 	4.84139e-06 	-9.61688e-07 	0.000311726
17.5 	7.31489e-06 	2.18976e-06 	0.000306768
17.5625 	7.43475e-06 	-1.5207e-06 	0.0002822
17.625 	5.90137e-06 	5.81546e-07 	0.000305134
17.6875 	4.63757e-06 	-1.09455e-06 	0.000327639
17.75 	4.8143e-06 	9.73707e-07 	0.00033463
17.8125 	7.11222e-06 	-6.57115e-07 	0.000323779
18.0 	3.25555e-06 	4.02588e-07 	0.000352529
18.0625 	7.07135e-06 	1.97599e-06 	0.000368708
18.125 	6.47763e-06 	1.75484e-06 	0.000351852
18.1875 	6.86817e-06 	1.49031e-06 	0.000355628
18.25 	3.77274e-06 	1.02959e-06 	0.000316639
18.3125 	5.48796e-06 	-1.77299e-06 	0.000319091
18.375 	5.98883e-06 	1.9468e-06 	0.000313253
18.4375 	4.80723e-06 	-1.29132e-06 	0.000327904
18.5 	5.85034e-06 	-8.89896e-07 	0.000322
18.5625 	4.58317e-06 	1.73109e-06 	0.000332633
18.625 	6.67232e-06 	1.31924e-06 	0.000320081
18.75 	5.48141e-06 	5.37566e-07 	0.000358774
18.8125 	4.10494e-06 	7.32056e-07 	0.000356194
18.875 	6.12855e-06 	3.13305e-06 	0.000393969
18.9375 	5.84234e-06 	-1.1496e-06 	0.000367154
19.125 	6.56871e-06 	1.40685e-06 	0.000379293
19.25 	2.56222e-06 	-7.38745e-07 	0.000353248
19.375 	5.8969e-06 	1.83259e-06 	0.000393591
19.4375 	2.30134e-06 	-4.51696e-07 	0.00041857
19.5 	5.10294e-06 	-1.42233e-06 	0.000399916
19.625 	6.22736e-06 	4.42177e-07 	0.000412126
19.6875 	7.72508e-06 	-2.76461e-06 	0.000394266
19.75 	3.83084e-06 	-5.84729e-07 	0.000430077
19.9375 	5.42124e-06 	-2.57018e-06 	0.000364331
20.0 	5.64427e-06 	-1.37076e-06 	0.000373659
20.0625 	8.0238e-06 	2.62456e-06 	0.000402955
20.125 	6.62527e-06 	-2.78471e-06 	0.000401628
20.1875 	7.31207e-06 	2.00683e-06 	0.000404495
20.25 	5.34999e-06 	2.72149e-06 	0.000413212
20.3125 	2.38154e-06 	7.61107e-08 	0.000386587
20.375 	7.55898e-06 	2.71843e-06 	0.000398532
20.4375 	5.51496e-06 	1.70873e-06 	0.000443432
20.5 	7.23736e-06 	-3.48858e-06 	0.000451481
20.5625 	5.03644e-06 	2.48571e-06 	0.0004474
20.625 	6.96793e-06 	-1.86833e-06 	0.00040994
20.6875 	6.89184e-06 	9.60378e-07 	0.00041173
20.75 	6.28041e-06 	-1.83821e-06 	0.000365086
20.8125 	6.78923e-06 	2.22522e-07 	0.000361099
21.0 	2.63077e-06 	-7.47942e-07 	0.000387054
21.0625 	3.99781e-06 	-5.72848e-07 	0.000371654
21.1875 	3.94359e-06 	1.04899e-06 	0.000336951
21.3125 	5.53672e-06 	1.6138e-06 	0.000278235
21.375 	4.85505e-06 	2.66725e-07 	0.000289171
21.4375 	7.89546e-06 	-2.91816e-06 	0.000287127
21.5625 	5.03914e-06 	8.25784e-07 	0.00027714
21.625 	7.23948e-06 	1.61298e-06 	0.000274805
21.6875 	5.56721e-06 	1.47936e-06 	0.000259006
21.75 	6.22612e-06 	1.88623e-06 	0.000245971
21.8125 	4.48592e-06 	-8.15154e-07 	0.000232448
21.875 	2.92027e-06 	6.05508e-07 	0.000175872
21.9375 	5.15914e-06 	-9.97003e-07 	0.000160466
22.0 	7.1151e-06 	2.84558e-06 	0.000153546
22.125 	5.24324e-06 	2.23743e-06 	0.000164032
22.1875 	7.83271e-06 	1.02936e-06 	0.000141121
22.25 	3.44936e-06 	-4.60692e-07 	0.00015705
22.3125 	7.23573e-06 	-1.11608e-06 	0.000183549
22.375 	4.18044e-06 	-1.20805e-06 	0.000171547
22.625 	6.70756e-06 	-1.8929e-06 	0.000187705
22.75 	6.96759e-06 	-1.78173e-06 	0.000172223
22.8125 	3.07091e-06 	-1.04569e-07 	0.00018077
22.9375 	8.01206e-06 	2.08089e-06 	0.000172142
23.0 	5.68424e-06 	-1.31807e-06 	0.000144571
23.0625 	7.6353e-06 	-2.32852e-07 	0.000137068
23.125 	3.75016e-06 	5.65447e-07 	0.000148816
23.1875 	4.93025e-06 	-1.06758e-06 	0.000130226
23.3125 	7.96849e-06 	1.89848e-06 	0.000173802
23.375 	4.47517e-06 	1.33396e-06 	0.000181159
23.4375 	7.03145e-06 	2.14545e-06 	0.000211048
23.6875 	8.08002e-06 	-1.29541e-06 	0.000229543
23.75 	3.61155e-06 	-7.8702e-07 	0.000222149
23.8125 	7.69066e-06 	-2.65151e-06 	0.000218023
23.875 	7.01738e-06 	-8.47849e-07 	0.000148096
23.9375 	6.02836e-06 	1.92685e-06 	0.000142502
24.0 	4.19007e-06 	8.04229e-07 	0.000157975
24.0625 	5.52989e-06 	1.01149e-06 	0.0002003
24.125 	5.74627e-06 	1.14755e-06 	0.000217126
24.3125 	3.20159e-06 	-4.66401e-07 	0.000242949
24.375 	4.70076e-06 	5.61636e-07 	0.000248344
24.4375 	3.50917e-06 	5.94054e-07 	0.000265884
24.5625 	4.32439e-06 	-1.28442e-06 	0.000239709
24.625 	5.12801e-06 	-1.09002e-06 	0.000229066
24.6875 	3.64988e-06 	-8.16394e-07 	0.000239249
24.75 	2.99456e-06 	-5.22134e-07 	0.00022747
24.8125 	6.59514e-06 	2.10756e-06 	0.000220296
25.0 	6.93971e-06 	2.04997e-06 	0.00025792
25.0625 	3.40478e-06 	-6.84454e-07 	0.00025297
25.125 	4.37759e-06 	-8.02601e-07 	0.000317959
25.25 	8.06779e-06 	2.66905e-06 	0.000269708
25.3125 	5.76333e-06 	1.87236e-06 	0.000269731
25.5 	4.19886e-06 	1.18027e-06 	0.000325684
25.625 	5.72871e-06 	-1.36393e-06 	0.000354303
25.6875 	4.21844e-06 	-1.34116e-06 	0.000367462
25.75 	4.49934e-06 	-2.1599e-06 	0.000386191
25.8125 	7.6118e-06 	-1.78429e-07 	0.00041886
25.875 	4.20269e-06 	9.3052e-07 	0.000417309
25.9375 	3.41136e-06 	-7.72294e-07 	0.000415735
26.0 	6.41512e-06 	8.15001e-07 	0.000427487
26.0625 	4.42833e-06 	1.02977e-06 	0.000396577
26.125 	5.23414e-06 	-5.98679e-07 	0.000391653
26.25 	7.89204e-06 	1.93556e-06 	0.000397511
26.3125 	5.0152e-06 	-1.21314e-06 	0.000347498
26.375 	7.62173e-06 	9.80643e-07 	0.000370745
26.4375 	5.34044e-06 	1.2307e-06 	0.000366291
26.5 	5.44133e-06 	1.13585e-06 	0.00038301
26.5625 	6.47701e-06 	1.30819e-06 	0.000345493
26.625 	6.63462e-06 	-1.36914e-06 	0.000349515
26.6875 	5.41978e-06 	1.63735e-06 	0.00031065
26.875 	3.77112e-06 	1.26343e-06 	0.000318463
26.9375 	6.56784e-06 	-9.39674e-07 	0.000362039
27.0 	3.03474e-06 	-2.97559e-07 	0.000390315
27.25 	7.2366e-06 	-1.99711e-06 	0.000383373
27.3125 	6.00834e-06 	1.21274e-06 	0.000409798
27.375 	5.66197e-06 	-1.75569e-06 	0.000388857
27.5 	7.00919e-06 	7.73008e-07 	0.000398464
27.5625 	7.14883e-06 	-2.34848e-06 	0.000364742
27.625 	3.63794e-06 	-7.84472e-07 	0.000354115
27.6875 	6.18584e-06 	2.29846e-06 	0.000327515
27.75 	4.99154e-06 	-2.29113e-06 	0.000344153
27.8125 	6.4177e-06 	1.75392e-06 	0.000352052
27.875 	4.64771e-06 	-1.03564e-06 	0.000366416
28.0 	3.69453e-06 	-1.20544e-06 	0.000384637
28.0625 	7.16375e-06 	2.07921e-06 	0.000349669
28.125 	3.50492e-06 	7.90944e-07 	0.0003653
28.3125 	7.35521e-06 	2.24988e-06 	0.000386497
28.375 	5.50151e-06 	4.39016e-07 	0.000334256
28.4375 	6.03308e-06 	2.02092e-06 	0.000358901
28.5 	7.9522e-06 	-1.04905e-06 	0.000340151
28.625 	7.55214e-06 	2.34697e-06 	0.000308803
28.6875 	3.84393e-06 	5.37536e-07 	0.000338034
28.8125 	4.92133e-06 	-1.51391e-06 	0.000351035
28.875 	7.02169e-06 	2.41978e-06 	0.000337046
28.9375 	7.41079e-06 	2.08616e-06 	0.000374106
29.0 	5.05865e-06 	-3.94761e-07 	0.000376017
29.0625 	5.23694e-06 	1.16049e-06 	0.000361659
29.125 	7.72707e-06 	2.61831e-06 	0.000372891
29.1875 	6.13842e-06 	-1.77973e-06 	0.000342887
29.25 	5.40093e-06 	2.32891e-06 	0.000321044
29.375 	4.73823e-06 	1.40902e-06 	0.000306235
29.4375 	6.65651e-06 	8.89061e-07 	0.000322857
29.5 	7.85902e-06 	1.73126e-06 	0.000295261
29.5625 	3.70791e-06 	1.13147e-06 	0.000290237
29.625 	7.96925e-06 	9.2381e-07 	0.000268006
29.6875 	5.9155e-06 	-1.49159e-06 	0.000249925
29.75 	4.71162e-06 	1.01016e-06 	0.000252809
29.875 	8.09118e-06 	-2.69266e-06 	0.000223349
29.9375 	4.85349e-06 	8.13272e-07 	0.000230839
30.0 	4.3124e-06 	2.58638e-07 	0.000268677
30.125 	5.70381e-06 	7.53515e-07 	0.00025228
30.1875 	5.96257e-06 	1.54776e-06 	0.000274997
30.25 	3.26489e-06 	-3.21013e-07 	0.000284555
30.3125 	4.03875e-06 	7.57529e-07 	0.000295213
30.375 	4.36388e-06 	-6.66113e-07 	0.000303043
30.4375 	5.38553e-06 	-1.3945e-06 	0.000281657
30.5 	6.01248e-06 	-1.66932e-06 	0.00029063
30.5625 	5.67943e-06 	-7.05743e-07 	0.000283314
30.6875 	7.34594e-06 	-1.6096e-07 	0.000249024
30.75 	4.19877e-06 	9.55465e-07 	0.000244953
30.8125 	6.55578e-06 	1.90857e-06 	0.000243221
30.9375 	6.14137e-06 	1.70047e-06 	0.000267181
31.0 	4.8872e-06 	-3.04419e-08 	0.000251777
31.125 	4.43353e-06 	1.99482e-06 	0.000240878
31.1875 	5.24102e-06 	6.38508e-07 	0.000252015
31.25 	6.42655e-06 	2.33215e-06 	0.000266649
31.375 	4.77579e-06 	1.01198e-06 	0.000261294
31.5 	5.22448e-06 	-1.54872e-06 	0.000273873
31.5625 	4.18755e-06 	-3.99419e-07 	0.000270661
31.625 	3.63364e-06 	-6.25281e-07 	0.000254905
31.6875 	6.52149e-06 	-3.55507e-07 	0.000271088
31.75 	5.8214e-06 	-1.36747e-06 	0.000274575
31.8125 	7.01542e-06 	-2.13623e-06 	0.000291876
31.875 	5.2671e-06 	-2.2902e-06 	0.000310847
31.9375 	6.41586e-06 	2.0751e-06 	0.000334731
32.0 	7.36855e-06 	-2.21531e-06 	0.000337308
32.125 	5.49906e-06 	2.42717e-06 	0.000400466
32.1875 	5.30572e-06 	-1.64052e-06 	0.000376038
32.25 	6.09393e-06 	-1.57353e-06 	0.000371975
32.3125 	3.61991e-06 	-5.7008e-07 	0.000374256
32.4375 	6.91238e-06 	1.92492e-06 	0.000331878
32.5 	7.46544e-06 	-2.19842e-06 	0.000313281
32.625 	7.27047e-06 	-2.33406e-06 	0.000327302
32.6875 	4.57472e-06 	-1.2561e-06 	0.000357765
32.75 	7.10711e-06 	-1.38558e-06 	0.000362073
32.8125 	7.97277e-06 	2.51437e-06 	0.000403481
32.875 	7.80968e-06 	1.51397e-06 	0.000434013
32.9375 	4.92262e-06 	-3.16143e-07 	0.000439818
33.0 	7.16554e-06 	-2.49709e-06 	0.000428725
33.0625 	4.01511e-06 	-1.42304e-06 	0.000455324
33.125 	4.0594e-06 	5.8392e-07 	0.000506389
33.1875 	5.34379e-06 	-1.04026e-06 	0.000444569
33.25 	5.38095e-06 	2.04041e-06 	0.000436922
33.3125 	4.21683e-06 	8.23745e-07 	0.000443259
33.375 	4.48034e-06 	1.00211e-06 	0.000432858
33.4375 	7.74568e-06 	3.44057e-07 	0.000436658
33.625 	3.57573e-06 	9.90271e-07 	0.000466004
33.6875 	4.89348e-06 	2.44713e-06 	0.000432758
33.75 	7.06914e-06 	-1.71207e-06 	0.000430944
33.875 	6.24804e-06 	1.66376e-06 	0.000418902
33.9375 	6.64729e-06 	2.17604e-06 	0.00043074
34.0625 	4.78833e-06 	-1.23325e-06 	0.000452683
34.125 	4.36113e-06 	-1.44682e-06 	0.000444034
34.1875 	5.35086e-06 	-1.40352e-06 	0.000457741
34.25 	3.9332e-06 	6.13572e-07 	0.00049167
34.3125 	5.42042e-06 	-1.59733e-06 	0.000499915
34.375 	3.78399e-06 	-4.38247e-07 	0.000495643
34.4375 	3.16503e-06 	1.27468e-06 	0.000513312
34.5 	8.18366e-06 	-2.504e-06 	0.000507161
34.5625 	5.06056e-06 	-2.51376e-06 	0.000502599
34.625 	2.60394e-06 	-5.64499e-07 	0.000497573
34.6875 	6.23888e-06 	-1.31925e-06 	0.000461658
34.75 	6.92091e-06 	1.07376e-06 	0.000450351
34.875 	3.06492e-06 	8.50742e-07 	0.000438578
34.9375 	5.935e-06 	1.94673e-06 	0.000415723
35.0625 	4.92717e-06 	-1.62627e-06 	0.000401917
35.125 	7.1083e-06 	-2.17015e-06 	0.00037269
35.25 	3.29228e-06 	-1.12039e-06 	0.000396312
35.3125 	4.51687e-06 	1.21014e-06 	0.000429122
35.375 	6.39768e-06 	-1.69314e-06 	0.000394561
35.5625 	7.85516e-06 	-1.94903e-06 	0.000397356
35.625 	7.28514e-06 	2.15757e-06 	0.000405867
35.6875 	7.29006e-06 	-1.25172e-06 	0.000377542
35.75 	4.79521e-06 	-1.96846e-07 	0.000385141
35.8125 	4.33371e-06 	1.4974e-06 	0.000368331
35.875 	4.35363e-06 	7.52837e-07 	0.000390671
35.9375 	4.84403e-06 	-2.28199e-06 	0.000462175
36.0 	3.49061e-06 	3.858e-07 	0.000473691
36.125 	4.09447e-06 	7.00998e-07 	0.000507866
36.25 	4.57961e-06 	-1.46015e-06 	0.000508713
36.4375 	4.671e-06 	-1.1159e-06 	0.00050809
36.5 	4.58638e-06 	-1.15382e-06 	0.000498558
36.5625 	4.66262e-06 	-1.20998e-06 	0.000464204
36.625 	4.70679e-06 	-9.96241e-07 	0.00046927
36.6875 	5.48661e-06 	-1.77389e-06 	0.000460332
36.8125 	5.71417e-06 	1.95736e-06 	0.000473788
36.875 	4.80786e-06 	-1.39392e-06 	0.000485782
36.9375 	5.67359e-06 	1.55945e-06 	0.000478198
37.0625 	4.87438e-06 	1.30186e-06 	0.000496753
37.125 	2.53348e-06 	-4.88847e-07 	0.000507284
37.1875 	4.34128e-06 	2.80669e-07 	0.000494718
37.25 	3.39439e-06 	-1.32094e-07 	0.000490357
37.3125 	7.25138e-06 	-2.6637e-06 	0.000484761
37.375 	5.68817e-06 	-1.28783e-06 	0.000500496
37.4375 	4.21253e-06 	1.07462e-06 	0.000477504
37.5 	5.08755e-06 	-1.91653e-06 	0.000488817
37.5625 	4.12857e-06 	5.24481e-08 	0.00053004
37.625 	3.71715e-06 	-6.14614e-07 	0.000521387
37.75 	4.74144e-06 	6.52771e-07 	0.000532141
37.8125 	6.38079e-06 	5.84529e-07 	0.000554942
37.9375 	5.89816e-06 	1.78458e-06 	0.00056697
38.0 	4.25914e-06 	1.12467e-06 	0.000568012
38.0625 	7.79275e-06 	2.38396e-06 	0.000609489
38.125 	5.41236e-06 	-1.50929e-06 	0.000612922
38.1875 	5.1411e-06 	-1.23723e-06 	0.000633428
38.25 	6.72591e-06 	-1.82198e-06 	0.00063048
38.3125 	4.09146e-06 	-1.21752e-06 	0.000646171
38.375 	7.21481e-06 	-2.18206e-06 	0.000635184
38.4375 	7.77697e-06 	-3.72822e-06 	0.000655733
38.5625 	3.15317e-06 	-3.74814e-07 	0.000665145
38.6875 	3.10959e-06 	1.4105e-06 	0.000684814
38.8125 	4.0438e-06 	-7.60148e-08 	0.000691285
38.875 	6.5615e-06 	-1.7141e-06 	0.000684333
38.9375 	5.53297e-06 	1.4216e-06 	0.000680509
39.0 	6.57947e-06 	-2.11146e-06 	0.000648059
39.0625 	7.89003e-06 	3.23587e-06 	0.000651967
39.125 	3.21972e-06 	1.05372e-06 	0.000612963
39.1875 	4.31307e-06 	-7.66446e-07 	0.00056221
39.25 	5.88892e-06 	2.15789e-06 	0.000581098
39.3125 	6.79327e-06 	2.13754e-06 	0.000615239
39.5 	3.38999e-06 	4.19206e-07 	0.000617177
39.5625 	6.45905e-06 	8.81825e-07 	0.000605144
39.625 	3.53661e-06 	-1.00031e-06 	0.000579821
39.6875 	4.23227e-06 	-7.28841e-07 	0.000548962
39.75 	3.4689e-06 	-6.99235e-07 	0.000533039
39.8125 	5.03978e-06 	1.21085e-06 	0.000528432
39.875 	5.09866e-06 	1.66484e-06 	0.000523687
39.9375 	7.9526e-06 	4.31222e-07 	0.000560854
40.0 	7.27783e-06 	-7.94166e-07 	0.00058633
40.125 	6.31997e-06 	1.7127e-06 	0.000594081
40.25 	7.29897e-06 	1.72485e-06 	0.000602084
40.3125 	6.56724e-06 	1.37567e-06 	0.000567899
40.4375 	7.02152e-06 	-2.61107e-06 	0.00058255
40.5 	5.91216e-06 	3.09979e-06 	0.000588685
40.5625 	5.80458e-06 	1.28587e-06 	0.000546395
40.625 	8.27037e-06 	-3.82856e-06 	0.000519048
40.8125 	6.19587e-06 	-2.55108e-07 	0.000548329
40.9375 	6.64869e-06 	5.90987e-07 	0.00057844
41.125 	6.699e-06 	4.05263e-07 	0.000532207
41.1875 	6.4262e-06 	-1.94388e-06 	0.000521986
41.25 	4.35894e-06 	1.14298e-06 	0.000508718
41.3125 	5.52869e-06 	1.0707e-06 	0.00047626
41.4375 	3.03815e-06 	-8.8409e-07 	0.000470839
41.5 	4.94813e-06 	-6.27579e-08 	0.000492871
41.5625 	5.07229e-06 	1.85387e-06 	0.00048957
41.625 	4.72733e-06 	8.80106e-07 	0.000469259
41.6875 	3.83849e-06 	1.04941e-06 	0.000470124
41.8125 	7.50534e-06 	-7.64757e-07 	0.00048665
41.875 	3.37932e-06 	-4.79383e-07 	0.000528955
41.9375 	6.41333e-06 	1.77186e-06 	0.000538807
42.0 	3.45492e-06 	-1.34755e-06 	0.000533648
42.125 	7.13826e-06 	1.6382e-06 	0.000551613
42.25 	3.99845e-06 	9.8057e-07 	0.000558863
42.375 	4.43181e-06 	-4.71083e-07 	0.000535697
42.5 	4.77464e-06 	-1.52296e-06 	0.000553117
42.6875 	3.93117e-06 	-1.12839e-06 	0.000552362
42.8125 	4.64576e-06 	8.86946e-07 	0.000559423
42.875 	4.8653e-06 	-1.08624e-06 	0.000581391
42.9375 	5.69841e-06 	1.6048e-06 	0.000598914
43.0 	3.42649e-06 	-8.09983e-07 	0.000582108
43.0625 	7.77194e-06 	1.43691e-06 	0.000569685
43.125 	5.79746e-06 	-4.96299e-07 	0.000561896
43.1875 	5.87392e-06 	1.19901e-06 	0.000554909
43.3125 	6.26193e-06 	-1.19349e-06 	0.000555024
43.375 	6.40145e-06 	1.5685e-06 	0.000549139
43.6875 	3.42907e-06 	1.18751e-06 	0.00056496
43.75 	3.48784e-06 	-1.28466e-06 	0.000566791
43.8125 	3.98476e-06 	1.45061e-06 	0.00056106
43.9375 	4.84129e-06 	1.1932e-06 	0.000618673
44.0 	4.61566e-06 	8.8393e-07 	0.000595252
44.0625 	8.07791e-06 	1.29655e-06 	0.000597588
44.125 	4.93441e-06 	1.01679e-06 	0.000610908
44.1875 	5.19593e-06 	6.15776e-07 	0.000626471
44.25 	6.23033e-06 	1.81753e-06 	0.000627519
44.3125 	4.98338e-06 	-1.01934e-06 	0.000641315
44.375 	5.12374e-06 	-1.43544e-06 	0.000623888
44.4375 	3.26045e-06 	-3.13936e-07 	0.000647833
44.5625 	3.06534e-06 	-9.24114e-07 	0.000646193
44.625 	7.29181e-06 	-2.75125e-06 	0.000675358
44.6875 	4.86186e-06 	-1.79081e-06 	0.00066666
44.75 	3.50086e-06 	-1.01628e-06 	0.000650961
44.8125 	5.61473e-06 	1.47942e-06 	0.00066259
44.875 	7.4276e-06 	2.61758e-06 	0.000682575
44.9375 	4.93247e-06 	1.41029e-06 	0.000728164
45.0 	7.31831e-06 	-2.56337e-06 	0.000707762
45.0625 	5.03357e-06 	3.40662e-07 	0.000715455
45.1875 	5.72093e-06 	-2.00502e-06 	0.000712863
45.3125 	6.55805e-06 	1.91472e-06 	0.000700207
45.375 	7.28022e-06 	-6.43003e-08 	0.000645887
45.5 	6.32564e-06 	-8.94563e-07 	0.000624839
45.5625 	4.88877e-06 	1.16368e-06 	0.000640385
45.625 	2.97027e-06 	-4.32407e-07 	0.000632058
45.6875 	5.99884e-06 	-2.72694e-06 	0.000613931
45.75 	7.79815e-06 	2.07763e-06 	0.000644162
45.875 	7.17866e-06 	1.70445e-06 	0.000644316
45.9375 	7.00208e-06 	-1.09143e-06 	0.000669496
46.0 	4.45527e-06 	1.21671e-06 	0.000652219
46.0625 	7.77243e-06 	-2.08998e-06 	0.000639927
46.125 	7.36889e-06 	1.06879e-06 	0.00061765
46.3125 	5.01732e-06 	1.22848e-06 	0.000623147
46.375 	5.14668e-06 	1.26252e-06 	0.000627933
46.5625 	4.90907e-06 	1.96482e-06 	0.000634749
46.625 	5.60114e-06 	-9.43979e-07 	0.000661717
46.6875 	4.36707e-06 	8.14073e-07 	0.000670443
46.75 	5.17782e-06 	-2.4749e-06 	0.000652513
46.8125 	5.25922e-06 	1.31113e-06 	0.000652833
46.875 	3.50118e-06 	-5.81349e-07 	0.000634796
47.0 	3.62781e-06 	8.31131e-07 	0.00061676
47.0625 	5.77836e-06 	2.75335e-07 	0.000638462
47.125 	5.08022e-06 	-1.19045e-06 	0.000615178
47.1875 	3.73972e-06 	6.55287e-07 	0.000619955
47.25 	8.11609e-06 	1.84269e-06 	0.000620721
47.3125 	7.55771e-06 	-3.66503e-06 	0.000641186
47.375 	8.09842e-06 	1.8747e-06 	0.000629764
47.5 	5.87037e-06 	1.35458e-06 	0.000665959
47.5625 	3.87619e-06 	-1.02879e-06 	0.000650836
47.625 	4.5602e-06 	1.39041e-06 	0.000643538
47.6875 	3.81045e-06 	-8.99881e-07 	0.000644798
47.8125 	4.50292e-06 	1.08822e-06 	0.000604746
47.875 	7.03485e-06 	-4.54015e-07 	0.000564401
48.0 	5.78551e-06 	-1.76253e-06 	0.000557629
48.0625 	7.18997e-06 	1.31709e-06 	0.000596196
48.1875 	3.34512e-06 	5.66941e-07 	0.000608531
48.25 	5.48071e-06 	6.7652e-07 	0.000625676
48.3125 	6.21367e-06 	1.76214e-06 	0.000631273
48.4375 	7.72556e-06 	2.39978e-06 	0.00064916
48.5 	5.17236e-06 	-2.54932e-06 	0.000665629
48.5625 	5.38671e-06 	-2.00854e-06 	0.000665904
48.75 	8.18712e-06 	2.63003e-06 	0.000713939
48.8125 	3.4737e-06 	5.54445e-07 	0.000739605
48.9375 	4.81637e-06 	-1.18085e-06 	0.000779379
49.0 	4.79746e-06 	1.57009e-06 	0.000773574
49.125 	5.08148e-06 	-1.41163e-06 	0.000793954
49.1875 	3.42529e-06 	6.78744e-07 	0.000794546
49.25 	5.15154e-06 	-2.23355e-06 	0.000783215
49.3125 	3.77889e-06 	-8.79297e-07 	0.000781554
49.375 	5.68311e-06 	-1.76465e-06 	0.0007805
49.4375 	6.62203e-06 	1.37503e-06 	0.000768256
49.5 	7.06114e-06 	-1.13393e-06 	0.000768494
49.5625 	4.64206e-06 	1.15031e-06 	0.000794502
49.625 	5.87346e-06 	-9.05091e-07 	0.000792429
49.6875 	4.38186e-06 	9.89834e-07 	0.000807509
49.75 	4.73742e-06 	-1.28762e-06 	0.000819724
50.0625 	4.38425e-06 	-5.31746e-07 	0.000806916
50.125 	5.83221e-06 	1.93797e-06 	0.000813677
50.25 	7.51424e-06 	-2.57603e-06 	0.000821178
50.3125 	5.43013e-06 	-1.22631e-06 	0.000852522
50.375 	4.662e-06 	1.30976e-06 	0.000895323
50.4375 	3.65791e-06 	-6.62991e-07 	0.00093497
50.5 	5.98896e-06 	9.96844e-07 	0.000920314
50.5625 	4.46823e-06 	-1.02477e-06 	0.000910925
50.625 	5.63551e-06 	7.70009e-07 	0.000923253
50.75 	6.56235e-06 	-1.65244e-06 	0.000902178
50.8125 	5.20126e-06 	1.52201e-06 	0.000891144
50.875 	4.76829e-06 	1.40638e-06 	0.000901559
50.9375 	7.22633e-06 	1.27448e-06 	0.000887376
51.0 	6.92618e-06 	5.42957e-07 	0.000906687
51.0625 	3.89843e-06 	-7.45185e-07 	0.000933888
51.125 	3.29189e-06 	3.81078e-07 	0.000925729
51.1875 	7.37132e-06 	-1.3411e-06 	0.000922541
51.25 	7.71276e-06 	-2.29904e-06 	0.000918977
51.3125 	5.00229e-06 	-2.22922e-06 	0.000925828
51.375 	5.63392e-06 	1.33746e-06 	0.00093072
51.4375 	6.5449e-06 	-1.05853e-06 	0.000921466
51.5 	7.27459e-06 	1.13575e-06 	0.000913761
51.5625 	3.99614e-06 	-1.10309e-06 	0.000916003
51.625 	4.10561e-06 	-1.81978e-06 	0.000927204
51.6875 	5.76424e-06 	-2.41416e-06 	0.000953031
51.8125 	2.41804e-06 	7.07805e-08 	0.000968858
51.875 	5.78537e-06 	-4.94434e-07 	0.00100448
52.0 	4.01135e-06 	8.9494e-07 	0.00100719
52.0625 	3.78642e-06 	-4.01476e-07 	0.00100564
52.1875 	4.13286e-06 	-9.42346e-07 	0.0010172
52.3125 	4.52355e-06 	2.03588e-06 	0.00102062
52.375 	5.02992e-06 	1.1712e-06 	0.000995896
52.4375 	6.26615e-06 	-1.76876e-06 	0.00100849
52.5 	5.3437e-06 	1.57423e-06 	0.00101117
52.625 	5.34003e-06 	-1.1882e-06 	0.00103885
52.6875 	6.98979e-06 	1.98646e-06 	0.00104735
52.75 	5.03717e-06 	-7.19723e-07 	0.0010532
52.8125 	4.57875e-06 	1.18001e-06 	0.00109244
52.875 	3.28609e-06 	-3.68934e-07 	0.00107436
52.9375 	6.72088e-06 	2.01165e-06 	0.00105392
53.0 	6.045e-06 	3.12924e-07 	0.00101537
53.125 	4.00358e-06 	-1.2486e-06 	0.00101065
53.1875 	3.40858e-06 	-6.23328e-07 	0.000995318
53.25 	3.94265e-06 	4.34126e-07 	0.000986162
53.3125 	7.0674e-06 	-2.15706e-06 	0.000993732
53.375 	5.33227e-06 	1.51853e-06 	0.000996108
53.5 	7.59166e-06 	1.06797e-06 	0.000991463
53.5625 	6.91118e-06 	2.33399e-06 	0.00102397
53.625 	6.30005e-06 	-7.7152e-07 	0.00100863
53.6875 	4.09942e-06 	-9.20293e-07 	0.000991644
53.75 	4.78527e-06 	1.0498e-06 	0.00104417
53.8125 	6.93863e-06 	1.34161e-06 	0.0010048
53.875 	7.22016e-06 	-3.03883e-06 	0.000994609
54.0 	6.45789e-06 	1.2629e-06 	0.00101014
54.0625 	5.01859e-06 	1.91007e-06 	0.000980368
54.1875 	6.01374e-06 	1.19796e-06 	0.000987358
54.25 	3.85383e-06 	-1.31051e-06 	0.00102103
54.3125 	4.93287e-06 	-3.30464e-07 	0.000984406
54.375 	4.19955e-06 	7.99134e-07 	0.000961625
54.4375 	7.60777e-06 	-3.04585e-06 	0.000969321
54.6875 	3.98258e-06 	-1.20421e-06 	0.000977055
54.8125 	7.11779e-06 	8.1754e-07 	0.00094496
54.875 	5.47578e-06 	1.21383e-06 	0.000975904
54.9375 	6.3783e-06 	-2.78664e-06 	0.000987153
55.0 	4.11065e-06 	-1.03146e-06 	0.000956906
55.0625 	5.05291e-06 	-1.9175e-06 	0.000953072
55.125 	5.32613e-06 	-1.47375e-06 	0.000938186
55.1875 	4.77269e-06 	-1.50534e-06 	0.000943826
55.3125 	7.14363e-06 	2.17102e-06 	0.000945863
55.4375 	4.49268e-06 	3.61734e-07 	0.000981125
55.5 	4.52562e-06 	7.71349e-07 	0.000996839
55.625 	4.30099e-06 	1.12794e-06 	0.000990681
55.6875 	3.6415e-06 	7.63939e-07 	0.00101471
55.75 	4.99098e-06 	8.65151e-07 	0.00102735
55.8125 	6.62682e-06 	4.62967e-07 	0.00100325
55.875 	6.04106e-06 	1.60175e-06 	0.00100215
55.9375 	6.10142e-06 	9.83529e-07 	0.00102688
56.0 	4.74098e-06 	-1.28291e-06 	0.00101626
56.0625 	4.94261e-06 	8.37236e-07 	0.00103238
56.1875 	4.28645e-06 	-8.90598e-07 	0.0010325
56.3125 	6.78116e-06 	-2.41211e-06 	0.00103877
56.375 	4.98014e-06 	1.17986e-06 	0.00111811
56.4375 	5.41679e-06 	-2.44597e-06 	0.00111308
56.5625 	6.01929e-06 	-1.82606e-06 	0.00113104
56.6875 	4.29003e-06 	-1.19278e-06 	0.00113022
56.75 	6.03764e-06 	8.17087e-07 	0.00112139
56.8125 	3.89188e-06 	1.11224e-06 	0.00113874
56.9375 	4.58452e-06 	1.18178e-06 	0.00118064
57.0 	4.12688e-06 	1.89665e-06 	0.00118657
57.0625 	5.00677e-06 	-6.9871e-07 	0.00118646
57.1875 	7.12917e-06 	-8.79751e-07 	0.00122117
57.25 	4.43953e-06 	1.61283e-06 	0.00123614
57.3125 	3.33887e-06 	-5.04386e-07 	0.00127691
57.375 	3.55922e-06 	-6.94654e-07 	0.00130244
57.4375 	4.95051e-06 	-1.04125e-06 	0.00130423
57.5 	7.02699e-06 	2.37815e-06 	0.00131337
57.5625 	3.62385e-06 	8.84021e-07 	0.00132875
57.625 	6.26451e-06 	1.84609e-06 	0.00135656
57.6875 	5.78209e-06 	2.76867e-06 	0.0013546
57.75 	3.63141e-06 	-3.75987e-07 	0.00131616
57.8125 	7.97746e-06 	2.41694e-06 	0.00134134
58.0 	4.22542e-06 	7.50987e-07 	0.0013666
58.0625 	4.27867e-06 	-2.03178e-06 	0.00134229
58.125 	7.15102e-06 	-1.76132e-06 	0.00134422
58.1875 	6.17762e-06 	2.00908e-06 	0.00132918
58.25 	7.13218e-06 	-1.89102e-06 	0.0013524
58.3125 	5.81151e-06 	-1.47909e-06 	0.0013282
58.4375 	7.96529e-06 	-1.08087e-06 	0.00129392
58.5625 	4.38657e-06 	2.02075e-06 	0.00130119
58.625 	7.44222e-06 	-2.14914e-06 	0.00133521
58.6875 	4.54643e-06 	-6.72445e-07 	0.00135163
58.8125 	5.89132e-06 	1.52292e-07 	0.00133722
58.875 	6.5583e-06 	1.09554e-06 	0.00129471
58.9375 	5.62947e-06 	-3.00719e-06 	0.00129661
59.0 	4.21031e-06 	7.56543e-07 	0.00127143
59.125 	5.43498e-06 	1.6015e-06 	0.00129756
59.25 	6.59843e-06 	-1.54881e-06 	0.00132003
59.3125 	3.20378e-06 	3.49794e-07 	0.00132818
59.375 	5.43943e-06 	-1.05625e-06 	0.00130078
59.4375 	5.31855e-06 	-1.1532e-06 	0.00127586
59.5 	6.74189e-06 	-1.61932e-06 	0.00130969
59.5625 	6.93053e-06 	1.87444e-06 	0.00132686
59.6875 	4.58391e-06 	-1.49633e-06 	0.00131475
59.8125 	4.83954e-06 	-1.57591e-06 	0.00125979
59.875 	6.73054e-06 	-1.90322e-06 	0.00133122
59.9375 	6.11055e-06 	-1.88682e-06 	0.00135829
60.0 	2.3896e-06 	-4.28919e-07 	0.00133856
60.0625 	4.42959e-06 	-2.93814e-08 	0.00132936
60.125 	4.43131e-06 	-1.21794e-06 	0.00135577
60.375 	4.07684e-06 	-8.81983e-07 	0.00133892
60.4375 	4.43792e-06 	-8.11007e-07 	0.00133124
60.5625 	7.95518e-06 	2.63028e-06 	0.00137423
60.625 	6.57969e-06 	1.47313e-06 	0.00135599
60.75 	5.94459e-06 	1.11749e-06 	0.00133307
60.8125 	5.70313e-06 	-1.04017e-06 	0.00137286
60.875 	5.57849e-06 	-1.33855e-06 	0.00141774
61.0 	6.06915e-06 	-2.34304e-06 	0.00141455
61.125 	7.66909e-06 	-2.4657e-06 	0.00143909
61.1875 	3.68275e-06 	-5.39113e-07 	0.00144083
61.25 	5.17839e-06 	2.61706e-06 	0.00145164
61.3125 	3.9862e-06 	-8.55236e-07 	0.00146759
61.375 	7.98342e-06 	-8.86085e-08 	0.00145304
61.4375 	6.22927e-06 	-1.6407e-06 	0.00147046
61.5 	5.09227e-06 	2.58204e-06 	0.00147657
61.625 	6.19684e-06 	1.87145e-06 	0.00144558
61.6875 	7.07708e-06 	5.5571e-07 	0.00145715
61.8125 	6.83989e-06 	-1.63069e-06 	0.00143271
61.875 	6.00271e-06 	-1.39347e-06 	0.00141447
61.9375 	5.05674e-06 	1.19567e-06 	0.00138603
62.0 	3.43519e-06 	-7.58451e-07 	0.00144486
62.125 	5.10859e-06 	-9.94046e-07 	0.00144793
62.1875 	4.38517e-06 	1.06139e-06 	0.00145169
62.25 	6.22121e-06 	1.8827e-06 	0.00144547
62.375 	4.45517e-06 	-1.32437e-06 	0.00145845
62.5 	7.869e-06 	-1.65846e-06 	0.00147608
62.5625 	7.31909e-06 	6.22069e-07 	0.00149088
62.6875 	5.12547e-06 	-1.9184e-06 	0.00148145
62.75 	4.61812e-06 	-1.87756e-06 	0.00146681
62.875 	3.9127e-06 	1.27686e-06 	0.00144865
62.9375 	5.52181e-06 	1.33019e-06 	0.00146113
63.0 	4.28108e-06 	-8.54218e-07 	0.00141564
63.125 	7.21567e-06 	-1.9641e-06 	0.00142426
63.25 	6.12574e-06 	-1.94735e-06 	0.001435
63.4375 	4.29742e-06 	-1.04943e-06 	0.00141894
63.5625 	6.76762e-06 	2.16059e-06 	0.00141635
63.625 	4.14658e-06 	8.36171e-07 	0.00145603
63.8125 	3.2452e-06 	-1.48942e-07 	0.00146598
63.9375 	6.64779e-06 	-1.73843e-06 	0.00145829
64.0 	4.61821e-06 	-8.25232e-07 	0.00145159
64.0625 	4.10272e-06 	5.0637e-07 	0.00148635
64.25 	7.80206e-06 	-9.1423e-07 	0.00147241
64.3125 	5.74876e-06 	4.39204e-08 	0.00149557
64.4375 	4.0474e-06 	-1.19549e-06 	0.00150453
64.5625 	7.11379e-06 	1.47637e-06 	0.00152789
64.6875 	5.08771e-06 	1.63172e-06 	0.00152859
64.75 	5.42718e-06 	-2.56713e-06 	0.00150635
64.8125 	5.44292e-06 	1.88284e-07 	0.00147398
64.875 	8.03819e-06 	2.61227e-06 	0.00145869
64.9375 	6.11219e-06 	-1.69113e-06 	0.00148324
65.0 	7.6269e-06 	-1.76966e-06 	0.00145956
65.0625 	3.94946e-06 	7.02407e-07 	0.001483
65.125 	3.07475e-06 	-7.33059e-07 	0.00151941
65.25 	6.84464e-06 	-2.55298e-06 	0.00153226
65.5 	3.8179e-06 	7.91869e-07 	0.00153168
65.625 	6.16815e-06 	4.84184e-10 	0.00153865
65.75 	6.03543e-06 	1.0771e-06 	0.00156135
65.8125 	4.98428e-06 	-1.40441e-06 	0.0015345
65.9375 	5.78528e-06 	-1.75867e-06 	0.00149312
66.0 	4.98026e-06 	8.58392e-07 	0.00150492
66.0625 	7.12988e-06 	-1.49126e-06 	0.00154282
66.1875 	7.65342e-06 	2.97138e-06 	0.00154508
66.25 	7.77098e-06 	-3.55637e-06 	0.00153877
66.3125 	7.36659e-06 	-3.0971e-06 	0.00151908
66.375 	6.33247e-06 	-1.39264e-06 	0.00156622
66.4375 	4.50433e-06 	6.29482e-07 	0.00155618
66.5 	5.03395e-06 	1.59911e-06 	0.00155552
66.625 	6.17086e-06 	1.17224e-06 	0.00157275
66.75 	3.85507e-06 	4.7852e-07 	0.00158675
66.8125 	6.65636e-06 	2.08629e-07 	0.00159191
66.875 	3.82788e-06 	-5.57078e-07 	0.00153206
66.9375 	5.01743e-06 	1.0976e-06 	0.0015663
67.0 	4.49148e-06 	-1.42907e-06 	0.00162895
67.125 	4.68252e-06 	1.79718e-06 	0.0016452
67.1875 	4.69611e-06 	1.27187e-06 	0.00162204
67.25 	4.89828e-06 	1.11985e-06 	0.001634
67.3125 	7.90269e-06 	6.02611e-08 	0.00165838
67.375 	6.89451e-06 	-1.81e-06 	0.00166965
67.4375 	4.72507e-06 	-1.19545e-06 	0.00166308
67.5 	7.5762e-06 	-1.94646e-06 	0.00166988
67.5625 	5.68913e-06 	1.15723e-06 	0.00169346
67.8125 	8.00779e-06 	-2.44563e-06 	0.00167538
67.875 	7.75909e-06 	9.216e-07 	0.00164756
67.9375 	5.62431e-06 	-2.67687e-06 	0.00164048
68.0 	5.79959e-06 	1.33005e-06 	0.00163699
68.0625 	4.71973e-06 	1.03133e-06 	0.00162992
68.125 	6.47964e-06 	-4.0323e-07 	0.0016016
68.1875 	6.08373e-06 	1.37184e-06 	0.00161218
68.25 	4.16989e-06 	-8.22978e-07 	0.00161572
68.3125 	4.4502e-06 	1.30978e-06 	0.00162116
68.375 	5.14302e-06 	-1.29397e-06 	0.00159955
68.4375 	7.19938e-06 	1.67132e-06 	0.00157178
68.5 	5.00947e-06 	1.46666e-06 	0.0015719
68.5625 	2.97364e-06 	2.80594e-07 	0.00156302
68.625 	3.39e-06 	-9.59076e-07 	0.0015836
68.6875 	7.84801e-06 	3.78395e-06 	0.00157761
68.75 	5.51482e-06 	-1.12163e-06 	0.00154376
68.8125 	6.71488e-06 	-1.69559e-06 	0.00153542
68.9375 	7.81808e-06 	-2.49513e-06 	0.00155421
69.0625 	6.11804e-06 	-2.87087e-06 	0.00153392
69.125 	3.99347e-06 	1.1793e-06 	0.00153322
69.1875 	5.97999e-06 	-2.34883e-06 	0.0015054
69.25 	4.0235e-06 	-6.77131e-07 	0.00150758
69.3125 	5.89703e-06 	-9.42775e-07 	0.00152336
69.4375 	4.0907e-06 	-8.19328e-07 	0.00152344
69.5 	5.17467e-06 	7.18294e-07 	0.00154555
69.625 	7.3987e-06 	-3.64525e-06 	0.00150325
69.75 	5.57398e-06 	1.44784e-06 	0.00150781
69.8125 	7.84645e-06 	-2.94837e-06 	0.00150949
69.875 	3.67349e-06 	3.92848e-07 	0.00150732
69.9375 	7.72492e-06 	-2.0673e-06 	0.00151439
