# time 	Local 	Global 	Cumulative
0.333274 	4.70898e-06 	2.41166e-06 	4.98697e-07
0.392346 	6.11174e-06 	-7.64113e-07 	1.25393e-05
0.579973 	5.4729e-06 	-1.76799e-06 	2.09972e-05
0.642226 	6.32437e-06 	-1.64552e-06 	2.14344e-05
0.70448 	3.80739e-06 	6.04913e-07 	1.4836e-05
0.766734 	5.40709e-06 	2.6767e-06 	4.25625e-05
0.828988 	7.30285e-06 	-3.80896e-06 	-2.50422e-06
0.953496 	7.90033e-06 	2.51725e-06 	-2.17248e-05
1.01575 	8.07746e-06 	-2.43498e-06 	-1.48783e-05
1.078 	6.02418e-06 	-2.83376e-06 	-8.58975e-06
1.20251 	5.66929e-06 	-1.8254e-06 	-2.66294e-05
1.26477 	7.75495e-06 	-1.87752e-06 	-2.13505e-05
1.38927 	4.33339e-06 	-5.15874e-07 	-1.56619e-06
1.45153 	6.07148e-06 	1.52618e-07 	-2.11834e-05
1.51378 	5.5674e-06 	-2.56972e-06 	-4.88134e-05
1.57604 	4.47586e-06 	1.47212e-06 	-3.85989e-05
1.70054 	3.48769e-06 	-4.09434e-07 	2.24596e-06
1.7628 	4.89429e-06 	-1.5599e-06 	1.87758e-05
1.8873 	5.5076e-06 	1.51489e-06 	4.79026e-05
1.94956 	6.63221e-06 	-3.38837e-06 	7.42723e-05
2.01181 	5.06412e-06 	-1.1905e-06 	8.59596e-05
2.07407 	6.16289e-06 	-1.28582e-06 	7.32464e-05
2.13632 	3.27113e-06 	-9.18882e-07 	8.39809e-05
2.19857 	6.0607e-06 	-8.03083e-07 	8.17868e-05
2.26083 	5.09874e-06 	7.05355e-07 	7.46183e-05
2.32308 	5.76125e-06 	-8.50098e-07 	6.2539e-05
2.38534 	7.96863e-06 	-3.04625e-06 	9.19028e-05
2.44759 	4.34873e-06 	7.16563e-07 	0.000141076
2.50984 	5.44059e-06 	-1.53045e-06 	0.000158769
2.63435 	4.48481e-06 	-1.93671e-06 	0.000171154
2.69661 	4.82586e-06 	1.13856e-06 	0.000201887
2.82111 	4.34946e-06 	1.20527e-06 	0.00021486
2.88337 	7.99841e-06 	1.09242e-06 	0.0002197
2.94562 	3.44769e-06 	-1.00966e-06 	0.000246484
3.00787 	3.80483e-06 	3.76512e-07 	0.00022455
3.07013 	5.70678e-06 	-1.90173e-06 	0.000210855
3.13238 	8.10844e-06 	2.61428e-06 	0.000222507
3.19464 	6.33632e-06 	2.65773e-06 	0.000233174
3.25689 	8.04787e-06 	2.9251e-06 	0.000248183
3.31914 	6.02543e-06 	1.92019e-06 	0.000267413
3.3814 	5.39303e-06 	1.86498e-06 	0.000258203
3.44365 	6.91045e-06 	2.55425e-06 	0.000259499
3.50591 	8.18233e-06 	3.45844e-06 	0.000252566
3.56816 	6.58668e-06 	-1.15174e-06 	0.000254251
3.69267 	7.73961e-06 	2.48348e-06 	0.000255483
3.75492 	6.51804e-06 	1.25735e-06 	0.000237279
3.81718 	4.99095e-06 	-2.37895e-06 	0.000232171
3.87943 	6.82238e-06 	-2.55198e-06 	0.00022498
4.00394 	5.42724e-06 	2.5986e-06 	0.000210688
4.06619 	3.92116e-06 	-1.07435e-06 	0.000208033
4.12845 	8.17326e-06 	-2.14905e-06 	0.000241229
4.1907 	8.21918e-06 	-2.32961e-06 	0.000254353
4.25295 	5.09837e-06 	-2.64272e-06 	0.000234674
4.31521 	4.14107e-06 	1.07031e-06 	0.000231064
4.37746 	4.76958e-06 	1.27101e-06 	0.000231018
4.50197 	5.55503e-06 	-1.97188e-06 	0.000247205
4.56422 	3.91597e-06 	9.69278e-07 	0.000235337
4.62648 	5.74875e-06 	-2.76299e-06 	0.000248479
4.68873 	5.84722e-06 	-2.0497e-06 	0.000210978
4.75098 	5.47078e-06 	-1.62444e-06 	0.000174969
4.81324 	6.23923e-06 	1.8136e-06 	0.000182135
4.87549 	2.85782e-06 	5.79947e-07 	0.000189151
4.93775 	7.22257e-06 	1.49999e-06 	0.000195296
5.0 	5.57707e-06 	2.71799e-06 	0.000235114
5.0625 	7.85885e-06 	2.80459e-06 	0.000233666
5.125 	6.8245e-06 	2.28193e-06 	0.000209068
5.25 	6.76485e-06 	-1.6784e-06 	0.000218744
5.3125 	6.1039e-06 	6.91858e-07 	0.000246997
5.375 	5.10245e-06 	-1.71103e-06 	0.000243459
5.4375 	5.92512e-06 	2.01106e-06 	0.000255211
5.5 	6.66796e-06 	2.63551e-06 	0.000242786
5.5625 	5.63071e-06 	-1.87245e-06 	0.000255245
5.625 	5.61183e-06 	-2.13202e-06 	0.000312904
5.6875 	5.75257e-06 	-1.76601e-06 	0.000312024
5.75 	6.22556e-06 	-2.72583e-06 	0.000291315
5.8125 	2.89887e-06 	-4.70759e-07 	0.000269328
5.875 	7.78009e-06 	1.13665e-06 	0.000302126
5.9375 	4.82683e-06 	1.65137e-06 	0.000297443
6.0 	4.56123e-06 	-1.3169e-06 	0.000302838
6.125 	6.27745e-06 	-2.25026e-06 	0.000349684
6.1875 	4.43274e-06 	-1.00678e-06 	0.000359693
6.25 	7.39313e-06 	-2.21021e-06 	0.000372522
6.3125 	5.78063e-06 	2.06062e-06 	0.000385361
6.4375 	3.61311e-06 	-8.84074e-07 	0.000397296
6.625 	7.14165e-06 	2.7309e-06 	0.000369114
6.6875 	7.33515e-06 	-2.56532e-06 	0.000358578
6.75 	6.47627e-06 	1.0804e-06 	0.000355114
6.8125 	2.51628e-06 	-3.35524e-08 	0.000334272
6.9375 	6.92135e-06 	3.36433e-06 	0.000309726
7.0 	6.9535e-06 	-7.0986e-07 	0.000296341
7.0625 	5.61753e-06 	-1.69191e-06 	0.000284593
7.125 	4.7735e-06 	-1.03813e-06 	0.000285902
7.1875 	6.43498e-06 	-3.243e-06 	0.000300041
7.25 	5.82932e-06 	2.79461e-06 	0.000323911
7.4375 	6.99607e-06 	-2.13656e-07 	0.000283077
7.5625 	7.0968e-06 	2.03071e-06 	0.000299028
7.625 	4.44833e-06 	1.54261e-06 	0.000315164
7.6875 	4.63676e-06 	-1.03306e-06 	0.000350459
7.8125 	7.93511e-06 	-1.26505e-06 	0.000368201
7.9375 	5.96234e-06 	-1.87662e-06 	0.000379258
8.0 	4.98633e-06 	1.74436e-06 	0.000386425
8.0625 	4.84341e-06 	-1.32877e-06 	0.00035146
8.125 	7.79342e-06 	3.18236e-06 	0.00035435
8.25 	5.59154e-06 	-2.36787e-06 	0.000364745
8.3125 	5.52689e-06 	5.03253e-07 	0.000332934
8.375 	5.18482e-06 	-1.46165e-06 	0.000330876
8.4375 	6.74721e-06 	2.3311e-06 	0.000341056
8.5 	4.1295e-06 	1.2312e-06 	0.000285708
8.5625 	5.13328e-06 	1.70595e-06 	0.000282929
8.8125 	6.89493e-06 	-2.7334e-06 	0.000232303
8.9375 	4.41849e-06 	-1.24526e-06 	0.000206265
9.0 	6.37139e-06 	-1.85775e-07 	0.000241992
9.0625 	7.68365e-06 	-2.45982e-06 	0.000207521
9.125 	5.13886e-06 	1.89364e-06 	0.000239452
9.1875 	5.5833e-06 	2.78257e-06 	0.000238091
9.25 	4.18896e-06 	1.34839e-06 	0.000249607
9.3125 	8.07035e-06 	1.75531e-06 	0.000257517
9.375 	3.45663e-06 	-3.95827e-07 	0.000244026
9.4375 	4.58125e-06 	1.27417e-06 	0.000214871
9.5625 	6.96396e-06 	-2.27931e-06 	0.000170843
9.625 	6.99146e-06 	1.31411e-06 	0.000171273
9.6875 	7.45851e-06 	2.23261e-06 	0.000191395
9.75 	5.37509e-06 	1.79802e-06 	0.000201212
9.8125 	3.66372e-06 	-3.04023e-07 	0.000202178
9.875 	5.32884e-06 	1.60609e-06 	0.000213647
9.9375 	5.62043e-06 	2.67922e-06 	0.000257375
10.0 	6.36416e-06 	-3.22073e-06 	0.000237269
10.0625 	6.56669e-06 	1.49023e-06 	0.000216047
10.125 	5.10464e-06 	-1.80985e-06 	0.000214173
10.1875 	7.23621e-06 	-1.63512e-06 	0.00020991
10.3125 	7.98946e-06 	-1.99587e-06 	0.000213793
10.375 	4.26656e-06 	1.80745e-06 	0.000195825
10.5 	5.59856e-06 	-2.08059e-06 	0.000197188
10.5625 	7.58251e-06 	2.92485e-06 	0.000219345
10.625 	6.10525e-06 	1.1828e-06 	0.000220538
10.6875 	4.22012e-06 	1.01216e-06 	0.00020595
10.75 	4.55614e-06 	-1.59751e-06 	0.000166803
10.8125 	5.2874e-06 	-1.74275e-06 	0.000197343
10.875 	5.0971e-06 	6.40646e-07 	0.000183226
10.9375 	6.57426e-06 	-1.26962e-06 	0.000217308
11.0 	4.69625e-06 	1.11492e-06 	0.000224827
11.0625 	5.22064e-06 	1.81682e-06 	0.000249066
11.125 	5.26012e-06 	8.7873e-07 	0.000236734
11.1875 	4.89498e-06 	1.5664e-06 	0.000238483
11.25 	7.31593e-06 	2.73172e-06 	0.000249636
11.375 	8.10056e-06 	2.9754e-06 	0.000263846
11.4375 	7.64591e-06 	2.14178e-06 	0.000252852
11.5 	4.53772e-06 	1.18945e-06 	0.000269048
11.5625 	5.26835e-06 	-1.38247e-06 	0.000271562
11.625 	5.32963e-06 	2.54728e-06 	0.000282152
11.6875 	6.73299e-06 	-1.62853e-06 	0.000283159
11.75 	4.66011e-06 	2.41632e-07 	0.000251703
11.8125 	5.29383e-06 	1.66438e-06 	0.000288326
11.875 	6.23162e-06 	1.57004e-06 	0.000284752
11.9375 	4.8942e-06 	-1.93064e-06 	0.000293603
12.0 	7.35135e-06 	-2.17338e-06 	0.000292735
12.0625 	5.34935e-06 	1.40984e-06 	0.000256285
12.125 	5.18804e-06 	-2.08437e-06 	0.00021475
12.1875 	4.08647e-06 	7.00738e-07 	0.000218511
12.25 	4.26387e-06 	-4.18696e-07 	0.000231512
12.3125 	7.77502e-06 	-3.0916e-06 	0.000231606
12.375 	5.67822e-06 	2.0963e-06 	0.000254064
12.5625 	8.19152e-06 	2.47106e-06 	0.000227812
12.625 	5.07336e-06 	1.45825e-06 	0.000225237
12.6875 	6.47366e-06 	7.71628e-07 	0.000231103
12.75 	5.45512e-06 	-2.84593e-06 	0.000240665
12.8125 	3.04534e-06 	3.92894e-07 	0.000240983
12.875 	7.40642e-06 	1.98179e-06 	0.000213856
13.0 	4.72008e-06 	9.99022e-07 	0.000192309
13.0625 	3.63556e-06 	4.77239e-07 	0.000161168
13.125 	7.53248e-06 	2.536e-06 	0.000196934
13.1875 	6.43187e-06 	-2.47916e-06 	0.000175205
13.25 	7.35479e-06 	-2.89353e-06 	0.000153973
13.3125 	7.02966e-06 	2.9646e-06 	0.000183888
13.375 	4.77941e-06 	-1.48968e-06 	0.000177887
13.4375 	3.40311e-06 	-3.78069e-07 	0.000163901
13.5 	6.80443e-06 	-1.87266e-06 	0.00016558
13.5625 	6.72609e-06 	1.21827e-06 	0.000176014
13.625 	4.14819e-06 	1.15823e-06 	0.000201821
13.6875 	5.57854e-06 	1.68525e-06 	0.000220103
13.8125 	4.5339e-06 	7.96825e-07 	0.000232889
14.0 	7.6888e-06 	4.07014e-06 	0.000248811
14.0625 	5.62843e-06 	-2.85126e-06 	0.000257675
14.125 	4.9097e-06 	1.51197e-06 	0.000251543
14.1875 	8.04189e-06 	-3.22903e-06 	0.00029304
14.3125 	7.91554e-06 	-2.6565e-06 	0.000299113
14.375 	5.4329e-06 	6.2427e-07 	0.000294248
14.4375 	5.3576e-06 	1.6921e-06 	0.000282132
14.5 	5.27428e-06 	1.71631e-06 	0.000250394
14.625 	5.92971e-06 	-1.7869e-06 	0.000244441
14.6875 	7.22654e-06 	2.07293e-06 	0.000217763
14.75 	7.984e-06 	-4.14527e-06 	0.000193439
14.8125 	7.96681e-06 	-2.59653e-06 	0.000204297
14.875 	3.05086e-06 	1.78938e-07 	0.000193731
14.9375 	4.20345e-06 	-1.92506e-06 	0.000197617
15.0 	4.67609e-06 	1.26831e-06 	0.000197523
15.1875 	5.53816e-06 	7.87289e-07 	0.000201564
15.25 	7.4558e-06 	-1.61126e-06 	0.000185719
15.3125 	5.0328e-06 	7.7941e-07 	0.000191974
15.375 	1.45029e-06 	-3.47428e-08 	0.000160698
15.4375 	4.13335e-06 	1.06542e-06 	0.000129773
15.5 	7.92785e-06 	-4.51985e-07 	0.000140014
15.5625 	5.90124e-06 	1.78932e-06 	0.000123907
15.625 	7.58764e-06 	-9.16939e-07 	0.000134222
15.75 	6.8331e-06 	2.61461e-06 	0.00015776
15.8125 	5.2059e-06 	2.13744e-06 	0.000180287
15.875 	8.0821e-06 	1.61022e-06 	0.0002179
15.9375 	4.5588e-06 	-1.27542e-06 	0.000211131
16.0 	5.74973e-06 	-2.34263e-06 	0.000249641
16.0625 	7.28501e-06 	-2.05082e-06 	0.000284714
16.125 	5.32277e-06 	2.56003e-06 	0.000319095
16.1875 	6.1894e-06 	1.61797e-06 	0.00032436
16.25 	5.52724e-06 	1.70805e-06 	0.000280788
16.3125 	4.78837e-06 	-1.11655e-06 	0.000266468
16.375 	7.35183e-06 	1.90386e-06 	0.000261053
16.4375 	7.77061e-06 	-2.31289e-06 	0.000288649
16.5 	7.14266e-06 	-3.36799e-06 	0.000272492
16.625 	4.56891e-06 	1.21176e-06 	0.000234256
16.6875 	5.30593e-06 	-1.74706e-06 	0.000232826
16.75 	5.83415e-06 	-1.70466e-06 	0.000228372
16.8125 	6.7909e-06 	-2.03347e-06 	0.000245127
16.875 	4.92829e-06 	1.60696e-06 	0.000258681
16.9375 	7.24298e-06 	1.42668e-06 	0.000279676
17.1875 	6.60776e-06 	-1.27035e-06 	0.000306756
17.25 	4.78412e-06 	-1.40767e-06 	0.000318565
17.3125 	7.96917e-06 	-2.43191e-06 	0.000319547
17.375 	7.22233e-06 	1.20219e-06 	0.000332896
17.4375 	4.24355e-06 	-1.02525e-06 	0.000320423
17.5 	4.68808e-06 	1.4418e-06 	0.000299235
17.5625 	7.34688e-06 	-2.7069e-06 	0.0002874
17.625 	2.88137e-06 	-3.5532e-07 	0.000292591
17.6875 	7.63804e-06 	2.89106e-06 	0.000329525
17.75 	4.48468e-06 	1.49525e-06 	0.000340551
17.8125 	4.1346e-06 	1.43946e-06 	0.00032687
17.9375 	4.2161e-06 	1.14403e-06 	0.000331368
18.0 	5.4802e-06 	-1.69071e-06 	0.000339286
18.0625 	4.65976e-06 	1.02047e-06 	0.000371165
18.125 	3.75874e-06 	-7.94923e-07 	0.000355687
18.1875 	7.53137e-06 	-2.8722e-06 	0.000348887
18.25 	5.23339e-06 	2.7914e-06 	0.000307776
18.3125 	4.72624e-06 	8.97014e-07 	0.000322043
18.375 	4.5058e-06 	-1.31337e-06 	0.000314814
18.4375 	6.53388e-06 	-3.11719e-06 	0.000305141
18.5 	5.3938e-06 	-1.6928e-06 	0.000335447
18.5625 	3.67558e-06 	5.46196e-07 	0.0003202
18.625 	5.62072e-06 	1.86731e-06 	0.000296562
18.75 	5.68617e-06 	-2.7446e-06 	0.000357831
18.8125 	4.08506e-06 	-1.36609e-06 	0.000360494
18.875 	7.06299e-06 	1.98558e-06 	0.000392196
18.9375 	7.19695e-06 	2.35853e-06 	0.00036998
19.125 	7.7277e-06 	3.10945e-06 	0.000381547
19.25 	6.88037e-06 	-2.33722e-06 	0.000349648
19.3125 	6.7492e-06 	-2.45423e-06 	0.000380218
19.375 	5.87473e-06 	-1.60036e-06 	0.000391814
19.4375 	6.7291e-06 	1.53928e-06 	0.000400802
19.5 	7.13072e-06 	2.25514e-06 	0.000389643
19.625 	4.70373e-06 	-1.34957e-06 	0.00041994
19.6875 	6.79843e-06 	-2.20407e-06 	0.00038605
19.75 	6.84412e-06 	-2.45845e-06 	0.000419093
19.875 	6.05365e-06 	-1.59596e-06 	0.000391454
19.9375 	4.60166e-06 	-1.06127e-06 	0.000372657
20.0 	5.48433e-06 	-1.77783e-06 	0.000366671
20.0625 	6.11556e-06 	-1.91669e-06 	0.000394238
20.125 	4.05733e-06 	-8.33186e-07 	0.000399295
20.1875 	7.89262e-06 	-2.52807e-06 	0.00040043
20.25 	7.33644e-06 	2.82138e-06 	0.000397898
20.3125 	4.31186e-06 	-1.24736e-06 	0.000402605
20.375 	6.50924e-06 	1.89563e-06 	0.000392137
20.4375 	7.77272e-06 	-1.74833e-06 	0.000431624
20.5 	6.6199e-06 	2.14252e-06 	0.000454447
20.5625 	5.55653e-06 	-1.88576e-06 	0.000438328
20.625 	4.33816e-06 	9.39361e-07 	0.00041807
20.6875 	5.46735e-06 	-3.0406e-07 	0.000413725
20.75 	4.20184e-06 	-1.31106e-06 	0.000369467
20.8125 	6.05557e-06 	1.44667e-06 	0.000352384
20.875 	5.5278e-06 	1.78736e-06 	0.000360336
20.9375 	3.67108e-06 	-1.82863e-07 	0.000370607
21.0 	6.00315e-06 	1.98589e-06 	0.000387151
21.0625 	4.5392e-06 	-1.67087e-06 	0.000368511
21.1875 	8.26478e-06 	-1.36046e-06 	0.000348304
21.3125 	5.95677e-06 	6.86146e-07 	0.000289156
21.375 	6.70109e-06 	-2.51945e-06 	0.000293147
21.4375 	4.86852e-06 	-1.26815e-06 	0.000277688
21.5 	7.85656e-06 	2.47781e-06 	0.000271406
21.5625 	4.23437e-06 	-8.39439e-07 	0.000268335
21.625 	5.20047e-06 	-1.53322e-06 	0.000265828
21.6875 	4.47095e-06 	6.04432e-07 	0.000262305
21.75 	6.27697e-06 	-2.51277e-06 	0.000246551
21.8125 	3.8731e-06 	1.56143e-06 	0.000224749
21.875 	7.05074e-06 	2.60679e-06 	0.000191194
21.9375 	7.55487e-06 	-2.72104e-06 	0.000181833
22.0 	4.2378e-06 	7.18648e-07 	0.000163252
22.125 	5.7983e-06 	-1.28255e-06 	0.000160874
22.1875 	6.85609e-06 	-1.97525e-06 	0.000151796
22.25 	4.34506e-06 	-3.83306e-07 	0.000154853
22.3125 	6.08762e-06 	2.3859e-06 	0.000176571
22.375 	5.10903e-06 	-1.53984e-06 	0.000176588
22.625 	3.58588e-06 	-8.73263e-07 	0.000192704
22.6875 	7.23265e-06 	2.28908e-06 	0.000194982
22.75 	5.65444e-06 	-2.73714e-06 	0.000182831
22.8125 	6.75152e-06 	-1.30207e-06 	0.00017816
22.9375 	4.88549e-06 	-1.28716e-06 	0.000169976
23.0 	4.4916e-06 	1.50559e-06 	0.00015399
23.0625 	3.84239e-06 	-2.92023e-07 	0.000138753
23.125 	7.89779e-06 	2.86825e-06 	0.000144625
23.1875 	4.54849e-06 	-1.38021e-06 	0.000157256
23.3125 	5.84277e-06 	1.96744e-06 	0.000158936
23.375 	5.80835e-06 	-2.83196e-06 	0.00017855
23.4375 	4.39581e-06 	1.31657e-06 	0.000202029
23.5625 	5.85041e-06 	-2.04953e-06 	0.000216304
23.6875 	7.43554e-06 	-2.6025e-06 	0.000226884
23.75 	6.66661e-06 	-2.20276e-06 	0.000218908
23.8125 	6.75063e-06 	-3.12361e-06 	0.000229442
23.875 	4.48346e-06 	1.2284e-06 	0.00016538
23.9375 	5.0275e-06 	1.33282e-06 	0.000132549
24.0 	5.46467e-06 	1.74957e-06 	0.000140868
24.0625 	7.81548e-06 	2.77293e-06 	0.000194715
24.125 	7.97656e-06 	2.00194e-06 	0.00021196
24.1875 	4.40592e-06 	1.22578e-06 	0.000221652
24.3125 	7.3329e-06 	4.5986e-07 	0.000232596
24.375 	5.81857e-06 	1.78719e-06 	0.000254535
24.4375 	4.66754e-06 	1.24525e-06 	0.000265037
24.5 	6.45443e-06 	2.88287e-06 	0.000267982
24.5625 	4.86314e-06 	9.85286e-07 	0.000261244
24.625 	4.92368e-06 	-1.37524e-06 	0.000219229
24.6875 	4.3523e-06 	-9.96582e-07 	0.000234009
24.75 	3.97782e-06 	7.33374e-07 	0.000224442
24.8125 	5.15675e-06 	-1.46971e-06 	0.000214451
25.0 	5.06209e-06 	-2.30136e-06 	0.000235675
25.0625 	6.60666e-06 	-2.39803e-06 	0.00025138
25.125 	6.59165e-06 	3.25097e-06 	0.000292968
25.25 	3.87677e-06 	-8.54954e-07 	0.000270333
25.3125 	4.91026e-06 	1.04375e-06 	0.000259369
25.375 	7.52904e-06 	2.59656e-06 	0.000322217
25.4375 	7.78268e-06 	2.50864e-06 	0.000302704
25.5 	7.32779e-06 	-3.57814e-06 	0.00030946
25.5625 	7.77125e-06 	2.10574e-06 	0.000354402
25.625 	5.57473e-06 	-2.92986e-06 	0.000353083
25.6875 	7.39462e-06 	-1.50923e-06 	0.000352697
25.75 	5.98673e-06 	2.30012e-06 	0.000384729
25.8125 	7.45251e-06 	-1.54249e-06 	0.000410926
25.875 	4.86665e-06 	-1.58083e-06 	0.000400313
25.9375 	5.47009e-06 	-2.33255e-06 	0.000404549
26.0 	3.76249e-06 	-6.5174e-07 	0.000417998
26.0625 	6.55336e-06 	1.22995e-06 	0.000404337
26.125 	6.71575e-06 	1.98773e-06 	0.000389326
26.1875 	6.1342e-06 	-8.91227e-07 	0.000385442
26.25 	4.21386e-06 	1.46067e-06 	0.000389657
26.3125 	5.21786e-06 	1.57542e-06 	0.000355575
26.375 	7.09776e-06 	2.24454e-06 	0.000356845
26.4375 	7.15757e-06 	-3.35756e-06 	0.00036288
26.5 	6.8549e-06 	2.56299e-06 	0.000373803
26.5625 	8.32734e-06 	1.57516e-06 	0.000357853
26.625 	4.36888e-06 	1.18926e-06 	0.000352223
26.6875 	7.83791e-06 	1.87049e-06 	0.000305911
26.875 	5.65619e-06 	3.77211e-07 	0.000333154
26.9375 	7.04171e-06 	2.4104e-06 	0.000349004
27.0 	6.83489e-06 	2.32101e-06 	0.000392302
27.0625 	5.65409e-06 	1.32747e-06 	0.000380438
27.125 	7.97511e-06 	2.85621e-06 	0.000383223
27.25 	5.39303e-06 	2.68569e-06 	0.000396063
27.3125 	8.14753e-06 	2.71027e-06 	0.000401168
27.375 	6.43391e-06 	2.16212e-06 	0.000388181
27.5 	4.81192e-06 	-1.16144e-06 	0.000407084
27.5625 	5.26691e-06 	1.66346e-06 	0.000380117
27.625 	7.71688e-06 	2.25216e-06 	0.000375022
27.6875 	5.47106e-06 	-1.55818e-06 	0.000333613
27.75 	5.98414e-06 	2.02264e-06 	0.000328459
27.8125 	6.82639e-06 	2.09864e-06 	0.00035564
27.875 	5.3653e-06 	4.35407e-08 	0.000366254
28.0 	8.34709e-06 	2.86142e-06 	0.00038496
28.0625 	4.32447e-06 	1.4895e-06 	0.000348638
28.125 	7.52235e-06 	-2.72343e-06 	0.000355417
28.3125 	5.25949e-06 	-2.35174e-06 	0.000365795
28.375 	4.92958e-06 	-1.52683e-06 	0.000339149
28.4375 	5.52945e-06 	-6.94006e-07 	0.000357309
28.5 	5.19427e-06 	-1.19018e-06 	0.000340179
28.625 	6.32502e-06 	9.56723e-07 	0.000316363
28.6875 	6.76797e-06 	1.99665e-06 	0.000323581
28.8125 	8.28531e-06 	2.5692e-06 	0.000338852
28.875 	6.41598e-06 	-3.19289e-06 	0.000338717
28.9375 	5.29983e-06 	-5.93448e-07 	0.000366437
29.0 	6.37691e-06 	5.0622e-07 	0.00038034
29.0625 	5.49592e-06 	-2.64111e-06 	0.000364716
29.125 	3.86816e-06 	1.08226e-06 	0.000390819
29.1875 	7.52741e-06 	-2.94947e-06 	0.000346923
29.25 	3.49971e-06 	-8.1257e-07 	0.000316723
29.3125 	3.88369e-06 	-6.10467e-07 	0.000289548
29.375 	7.15404e-06 	3.62539e-07 	0.000306151
29.4375 	5.80257e-06 	2.02612e-06 	0.000295747
29.5 	6.53598e-06 	2.64512e-06 	0.000311932
29.5625 	7.77531e-06 	2.35276e-06 	0.000281524
29.625 	7.3239e-06 	-2.16084e-06 	0.000267854
29.6875 	2.85535e-06 	6.04886e-07 	0.000259851
29.75 	6.62851e-06 	-1.23169e-06 	0.00024881
29.875 	4.48919e-06 	-1.44261e-06 	0.000238694
29.9375 	7.94922e-06 	-1.103e-06 	0.00021835
30.0 	6.60159e-06 	-1.2631e-06 	0.000241524
30.125 	6.51169e-06 	-2.24444e-06 	0.000277074
30.1875 	7.14994e-06 	5.40458e-07 	0.000272519
30.25 	5.7132e-06 	2.14464e-06 	0.000275832
30.3125 	5.59513e-06 	-1.72834e-06 	0.000290955
30.375 	2.83033e-06 	-4.45401e-07 	0.000293704
30.4375 	3.66212e-06 	1.4451e-06 	0.000283361
30.5 	7.45888e-06 	2.76322e-06 	0.000290203
30.5625 	4.50823e-06 	-1.20279e-06 	0.000301036
30.625 	7.97303e-06 	3.09618e-06 	0.000254857
30.6875 	5.68437e-06 	1.75144e-06 	0.000245214
30.75 	7.63287e-06 	2.1603e-06 	0.000254526
30.8125 	6.04905e-06 	-2.5511e-06 	0.000241643
30.9375 	7.33477e-06 	1.88458e-06 	0.000275034
31.0 	5.41607e-06 	2.69715e-06 	0.0002688
31.125 	5.41547e-06 	-1.75493e-06 	0.000238481
31.1875 	5.63881e-06 	-2.8405e-06 	0.000233797
31.25 	3.60972e-06 	-1.35684e-06 	0.000276876
31.3125 	4.4017e-06 	-1.18742e-07 	0.000269099
31.375 	8.16262e-06 	2.62323e-06 	0.000259488
31.5 	7.52095e-06 	-1.39352e-06 	0.000265867
31.5625 	7.33689e-06 	2.90544e-06 	0.000274545
31.625 	6.97927e-06 	1.3325e-06 	0.000264354
31.6875 	5.87691e-06 	-5.70031e-07 	0.000274205
31.75 	4.79424e-06 	1.12973e-06 	0.000274062
31.8125 	4.71175e-06 	-1.37758e-06 	0.000316051
31.875 	4.42047e-06 	1.39968e-07 	0.00030502
31.9375 	5.07689e-06 	-1.32764e-06 	0.000316803
32.0 	5.18259e-06 	1.72886e-06 	0.000343241
32.0625 	7.87884e-06 	-2.08033e-06 	0.000366728
32.125 	6.04131e-06 	1.10117e-06 	0.000409584
32.1875 	5.88681e-06 	-2.80169e-06 	0.000391541
32.25 	7.30935e-06 	2.71013e-06 	0.000377098
32.3125 	6.37581e-06 	3.25353e-06 	0.000374588
32.375 	7.61261e-06 	-2.23123e-06 	0.000353336
32.4375 	4.91143e-06 	1.68797e-06 	0.000338921
32.5 	4.82689e-06 	-1.61334e-06 	0.000325114
32.625 	3.42728e-06 	-2.77846e-07 	0.000313881
32.6875 	8.07881e-06 	1.5024e-06 	0.000346367
32.75 	7.91888e-06 	2.66769e-06 	0.000368572
32.8125 	4.69746e-06 	-1.21726e-06 	0.000388818
32.875 	3.80356e-06 	1.74126e-07 	0.000434322
32.9375 	4.82428e-06 	-1.38135e-06 	0.000448374
33.0 	6.29545e-06 	-3.20517e-06 	0.000433385
33.0625 	6.30214e-06 	2.72515e-06 	0.000443618
33.125 	7.92773e-06 	2.74566e-06 	0.000504108
33.1875 	4.40708e-06 	-1.1911e-06 	0.000451941
33.25 	6.1624e-06 	7.13607e-07 	0.000432231
33.3125 	5.6735e-06 	-2.80054e-06 	0.000450683
33.375 	5.60522e-06 	2.75892e-06 	0.000439656
33.4375 	7.87868e-06 	2.48735e-06 	0.000429036
33.5 	6.58639e-06 	-3.13047e-06 	0.000466009
33.625 	2.85177e-06 	1.81229e-07 	0.000457382
33.6875 	4.95782e-06 	1.71761e-06 	0.000419937
33.75 	5.05032e-06 	-1.72377e-06 	0.000434671
33.8125 	4.46208e-06 	1.6344e-06 	0.00042436
33.875 	8.08272e-06 	-1.87753e-06 	0.000420304
33.9375 	6.61659e-06 	3.16518e-06 	0.000415075
34.0625 	3.78145e-06 	-5.09822e-07 	0.000450204
34.125 	7.6666e-06 	-3.20176e-06 	0.00044541
34.1875 	6.14281e-06 	-2.39848e-06 	0.000453938
34.25 	3.89136e-06 	-5.14673e-07 	0.000489947
34.3125 	4.57088e-06 	-1.15699e-06 	0.000502949
34.375 	6.56671e-06 	-1.31451e-06 	0.000496333
34.4375 	5.49122e-06 	1.46308e-06 	0.000505317
34.5 	6.16965e-06 	-3.09287e-06 	0.000507612
34.5625 	7.06039e-06 	1.60371e-06 	0.000514944
34.625 	6.33549e-06 	1.48101e-06 	0.000506217
34.6875 	4.76685e-06 	-1.32198e-06 	0.000467425
34.75 	3.98369e-06 	-1.17027e-06 	0.000439366
34.875 	7.44579e-06 	2.21019e-06 	0.000451498
34.9375 	7.0154e-06 	-1.62447e-06 	0.000416492
35.0 	2.95892e-06 	-3.11388e-07 	0.000412526
35.0625 	4.93016e-06 	-1.48988e-06 	0.000404319
35.125 	3.4541e-06 	-4.80218e-07 	0.000392572
35.25 	6.58074e-06 	1.54942e-06 	0.000396837
35.3125 	3.44958e-06 	-2.2213e-07 	0.000423496
35.375 	5.46957e-06 	2.68977e-06 	0.000392566
35.5625 	5.15755e-06 	1.38225e-06 	0.000389405
35.625 	4.79632e-06 	1.28694e-06 	0.000411844
35.6875 	6.11464e-06 	-3.00692e-06 	0.000388816
35.75 	4.97293e-06 	-1.45668e-06 	0.000398757
35.8125 	4.58515e-06 	7.48055e-07 	0.00037028
35.875 	5.23027e-06 	2.41604e-06 	0.000397734
35.9375 	7.16899e-06 	7.45373e-07 	0.000450771
36.0 	4.17735e-06 	-1.08255e-06 	0.000458123
36.125 	5.43648e-06 	-2.63077e-06 	0.000501754
36.25 	6.71713e-06 	-2.32765e-06 	0.00051725
36.3125 	6.62921e-06 	-1.90227e-06 	0.000526917
36.4375 	5.94838e-06 	1.38712e-06 	0.000521847
36.5 	5.01238e-06 	-1.67086e-06 	0.000496947
36.5625 	4.15326e-06 	-6.2046e-07 	0.000473807
36.625 	4.6161e-06 	1.00557e-06 	0.000478733
36.6875 	6.46956e-06 	-1.94353e-06 	0.000475253
36.8125 	5.43847e-06 	-1.75879e-06 	0.000461647
36.875 	6.13752e-06 	-3.16893e-06 	0.000487698
36.9375 	5.15025e-06 	2.45284e-06 	0.000470966
37.0625 	4.78107e-06 	1.28012e-06 	0.00047779
37.125 	4.71951e-06 	1.16914e-06 	0.000507063
37.1875 	6.56722e-06 	-2.45828e-06 	0.000503216
37.25 	5.1698e-06 	1.62798e-06 	0.000500465
37.3125 	5.45585e-06 	-1.63973e-06 	0.000481982
37.375 	5.23862e-06 	2.13079e-06 	0.00051258
37.4375 	5.18442e-06 	-1.15291e-06 	0.000491051
37.5 	4.26132e-06 	1.35202e-06 	0.000486707
37.5625 	7.62307e-06 	-1.71896e-06 	0.000522556
37.625 	4.66941e-06 	-1.29953e-06 	0.000535093
37.75 	6.95516e-06 	-3.56162e-06 	0.000515468
37.8125 	5.96343e-06 	2.71258e-06 	0.000543683
37.875 	4.931e-06 	-1.39041e-06 	0.000542289
37.9375 	5.90847e-06 	2.7289e-06 	0.000545155
38.0 	6.36421e-06 	2.99662e-06 	0.00056683
38.0625 	4.23479e-06 	-1.21847e-06 	0.000580233
38.125 	5.67472e-06 	1.18354e-06 	0.000601729
38.1875 	7.89179e-06 	1.37249e-06 	0.000637588
38.25 	4.32671e-06 	-1.35584e-06 	0.000639941
38.3125 	4.44375e-06 	1.41294e-06 	0.00064452
38.375 	4.90065e-06 	1.43977e-06 	0.000647713
38.4375 	5.10769e-06 	1.66512e-06 	0.000648363
38.5625 	6.8507e-06 	-2.54305e-06 	0.000655546
38.6875 	7.63129e-06 	1.34355e-06 	0.000676243
38.8125 	5.16716e-06 	-1.76216e-06 	0.000681936
38.875 	4.65058e-06 	1.44036e-06 	0.000685293
38.9375 	6.34394e-06 	-5.18622e-07 	0.000685731
39.0 	6.83464e-06 	-2.39184e-06 	0.000654536
39.0625 	5.71357e-06 	-2.80884e-06 	0.000644023
39.125 	4.1147e-06 	-1.11475e-06 	0.000614493
39.1875 	5.81635e-06 	2.05847e-06 	0.000582207
39.25 	4.0623e-06 	1.18617e-06 	0.000577241
39.3125 	7.07834e-06 	2.76251e-06 	0.000617055
39.375 	7.91704e-06 	-3.14193e-06 	0.000643166
39.5 	5.5915e-06 	-1.79334e-06 	0.000610067
39.5625 	6.02712e-06 	1.81566e-06 	0.000593724
39.625 	5.51299e-06 	-1.78903e-06 	0.000581537
39.6875 	7.60018e-06 	2.76762e-06 	0.000547174
39.75 	5.22895e-06 	-1.69731e-06 	0.000536291
39.8125 	5.83085e-06 	2.366e-06 	0.000531459
39.875 	6.47208e-06 	-2.08228e-06 	0.000535742
39.9375 	7.28084e-06 	2.64221e-06 	0.000536882
40.0 	5.82164e-06 	2.78061e-06 	0.000595862
40.0625 	5.70188e-06 	1.45874e-06 	0.000605352
40.125 	5.29607e-06 	1.67691e-06 	0.000592719
40.25 	4.35253e-06 	1.25326e-06 	0.000590975
40.3125 	2.94135e-06 	4.67654e-07 	0.000568074
40.4375 	5.17236e-06 	1.73536e-06 	0.000582929
40.5 	5.69158e-06 	1.6411e-06 	0.000579858
40.5625 	7.37786e-06 	-2.43422e-06 	0.000541815
40.625 	6.3334e-06 	1.81268e-06 	0.000527209
40.8125 	4.40306e-06 	1.85915e-06 	0.00052765
40.875 	7.13595e-06 	-3.69232e-06 	0.000573865
40.9375 	5.81438e-06 	-1.91226e-06 	0.000561996
41.0 	5.31394e-06 	1.61299e-06 	0.000565465
41.125 	5.2073e-06 	-1.64318e-06 	0.000551396
41.1875 	6.39843e-06 	1.32932e-06 	0.000526563
41.25 	5.50538e-06 	-2.80368e-06 	0.000515398
41.3125 	5.5346e-06 	2.65788e-06 	0.000482707
41.375 	3.0259e-06 	-8.31718e-08 	0.000477213
41.4375 	5.82232e-06 	2.94673e-06 	0.00047803
41.5 	5.45682e-06 	3.74271e-07 	0.000488272
41.5625 	7.82297e-06 	-8.18606e-07 	0.000490417
41.625 	6.13446e-06 	-2.14847e-06 	0.000461129
41.6875 	3.50534e-06 	3.34514e-07 	0.000470364
41.8125 	4.17335e-06 	1.11835e-06 	0.000483192
41.875 	4.4453e-06 	1.33814e-06 	0.000526073
41.9375 	4.14218e-06 	1.1717e-06 	0.000537614
42.0 	7.22338e-06 	-9.29462e-07 	0.000534036
42.125 	6.33712e-06 	-2.09342e-06 	0.000559182
42.25 	5.14189e-06 	1.26848e-06 	0.000568069
42.375 	7.55529e-06 	-3.79465e-06 	0.000543392
42.4375 	6.29475e-06 	-1.0089e-06 	0.000550917
42.5 	5.74525e-06 	-1.64443e-06 	0.000565603
42.625 	5.78511e-06 	2.9713e-06 	0.000556291
42.6875 	5.54112e-06 	1.47943e-06 	0.000551308
42.75 	5.30577e-06 	1.20759e-06 	0.0005627
42.8125 	3.30194e-06 	7.31952e-07 	0.000554844
42.875 	7.70655e-06 	1.64133e-06 	0.000569556
42.9375 	7.88882e-06 	-2.32934e-06 	0.000593827
43.0 	4.79916e-06 	-1.71722e-06 	0.000571775
43.0625 	7.60322e-06 	-2.79404e-06 	0.000567738
43.125 	5.11285e-06 	-1.32295e-06 	0.00057095
43.1875 	4.22944e-06 	-8.96199e-07 	0.000551245
43.3125 	6.06374e-06 	2.61953e-06 	0.000550723
43.375 	4.00451e-06 	-6.60034e-07 	0.000547978
43.4375 	5.95494e-06 	-1.27796e-06 	0.000549721
43.5625 	5.81457e-06 	-2.17388e-06 	0.000553176
43.6875 	3.90887e-06 	-1.99241e-06 	0.000559999
43.75 	4.45061e-06 	-1.54323e-06 	0.000566652
43.8125 	5.58599e-06 	-1.85045e-06 	0.000561851
43.875 	6.68359e-06 	2.50383e-06 	0.000599917
43.9375 	7.21434e-06 	2.88932e-06 	0.000617676
44.0 	6.4756e-06 	-1.92674e-06 	0.000597025
44.0625 	5.94435e-06 	-2.66055e-06 	0.000596233
44.125 	5.3805e-06 	-1.5283e-06 	0.00061356
44.1875 	6.53045e-06 	1.92542e-06 	0.000620757
44.25 	3.13071e-06 	-5.4523e-07 	0.000622542
44.3125 	4.57707e-06 	8.32553e-07 	0.000621446
44.375 	5.11801e-06 	-2.22953e-06 	0.000629037
44.4375 	7.19806e-06 	2.73891e-06 	0.000646028
44.5 	6.18633e-06 	-2.00393e-06 	0.000657572
44.5625 	5.45377e-06 	2.64303e-06 	0.000640401
44.625 	7.24545e-06 	2.70216e-06 	0.000666461
44.6875 	7.80876e-06 	2.41815e-06 	0.000666305
44.75 	6.70357e-06 	1.68381e-06 	0.000652686
44.8125 	5.0818e-06 	7.7366e-07 	0.000639578
44.875 	7.47359e-06 	-1.25873e-06 	0.000666374
44.9375 	8.26912e-06 	2.83698e-06 	0.000712945
45.0 	7.3734e-06 	2.57205e-06 	0.000717351
45.0625 	7.4923e-06 	-2.83902e-06 	0.000717737
45.125 	7.93288e-06 	1.01007e-06 	0.000707475
45.1875 	7.21235e-06 	-2.84489e-06 	0.00070561
45.25 	4.28201e-06 	1.0301e-06 	0.000711136
45.3125 	5.22277e-06 	-1.56161e-06 	0.000709489
45.375 	3.50837e-06 	-2.97481e-07 	0.000654096
45.5 	5.39209e-06 	-1.46423e-06 	0.000626123
45.5625 	5.17049e-06 	-1.69992e-06 	0.000628264
45.625 	6.80384e-06 	1.68446e-06 	0.000649598
45.6875 	3.96057e-06 	1.11159e-06 	0.00061731
45.75 	4.05024e-06 	8.49083e-07 	0.00063815
45.875 	4.28599e-06 	6.09835e-07 	0.000636199
45.9375 	3.8855e-06 	9.6001e-07 	0.000673242
46.0 	3.44198e-06 	-3.07989e-07 	0.00065314
46.0625 	5.09954e-06 	1.75913e-06 	0.00062788
46.125 	4.53484e-06 	-1.92028e-06 	0.000629216
46.3125 	4.14618e-06 	-1.85132e-06 	0.000621281
46.375 	3.69902e-06 	-3.33598e-07 	0.000613315
46.4375 	8.14834e-06 	-2.00261e-07 	0.000631875
46.5 	4.60456e-06 	-1.4947e-06 	0.000622725
46.5625 	4.27092e-06 	-6.91689e-07 	0.000620813
46.625 	4.30817e-06 	-8.13716e-07 	0.000662844
46.6875 	5.48708e-06 	-1.81295e-06 	0.000664287
46.75 	4.70743e-06 	-1.09884e-06 	0.000654351
46.8125 	4.95769e-06 	-1.18655e-06 	0.0006553
46.875 	5.47884e-06 	1.77819e-06 	0.000638611
47.0 	5.82183e-06 	-1.14476e-06 	0.000624171
47.0625 	3.627e-06 	-1.52394e-06 	0.000631777
47.125 	8.2336e-06 	2.73881e-06 	0.000621843
47.1875 	6.14647e-06 	1.73747e-06 	0.000612573
47.25 	6.42329e-06 	-3.32413e-06 	0.000616185
47.3125 	7.68433e-06 	-2.22851e-06 	0.000641603
47.375 	5.10325e-06 	2.1046e-06 	0.000632959
47.4375 	6.49016e-06 	1.40183e-06 	0.000654713
47.5 	4.61141e-06 	1.35194e-06 	0.000658641
47.5625 	5.40974e-06 	-1.42488e-06 	0.000658017
47.625 	5.71554e-06 	-2.89672e-06 	0.000631427
47.6875 	4.54389e-06 	1.31536e-06 	0.000652138
47.8125 	5.24439e-06 	-1.27254e-06 	0.000618748
47.875 	7.68318e-06 	-3.24181e-06 	0.000562196
48.0 	4.87517e-06 	-1.35011e-06 	0.000550764
48.0625 	3.9311e-06 	-6.04383e-07 	0.000569777
48.1875 	6.46035e-06 	2.19742e-06 	0.0005926
48.25 	2.90173e-06 	4.05744e-07 	0.000616665
48.3125 	5.26139e-06 	1.4428e-06 	0.000630802
48.375 	7.38569e-06 	2.84074e-06 	0.00064375
48.4375 	6.78676e-06 	1.48892e-06 	0.000647602
48.5 	4.54655e-06 	-5.35544e-07 	0.000663478
48.5625 	4.91814e-06 	2.80141e-07 	0.000660092
48.75 	5.4668e-06 	2.15315e-06 	0.000707525
48.8125 	4.681e-06 	-9.18185e-07 	0.000742341
48.9375 	4.23764e-06 	6.86093e-07 	0.000769718
49.0 	7.39829e-06 	-2.55647e-06 	0.000768115
49.125 	4.27131e-06 	1.28083e-06 	0.000784257
49.1875 	6.82136e-06 	1.79812e-06 	0.000798048
49.25 	7.66144e-06 	1.37738e-06 	0.000783223
49.3125 	4.43358e-06 	1.53932e-06 	0.000784869
49.375 	5.20377e-06 	-1.70004e-06 	0.000780062
49.4375 	6.72268e-06 	3.35654e-07 	0.000771491
49.5 	6.05448e-06 	-2.00261e-06 	0.000758631
49.5625 	5.65278e-06 	1.65798e-06 	0.000789316
49.625 	4.62442e-06 	1.47646e-06 	0.000790595
49.6875 	5.0445e-06 	1.69098e-06 	0.000815301
49.75 	4.232e-06 	-1.17114e-06 	0.000826534
50.0625 	7.66146e-06 	2.51839e-06 	0.000807778
50.125 	7.00599e-06 	2.39531e-06 	0.00081467
50.25 	4.57996e-06 	1.28681e-06 	0.000829123
50.3125 	4.27046e-06 	-1.47349e-06 	0.000851881
50.375 	7.88858e-06 	2.86976e-06 	0.000879799
50.4375 	4.63784e-06 	6.63121e-07 	0.000920642
50.5 	5.44615e-06 	-1.41683e-06 	0.000922763
50.5625 	6.88077e-06 	-2.33926e-06 	0.000918267
50.625 	7.65815e-06 	2.72006e-06 	0.000920415
50.75 	7.6555e-06 	-8.07588e-07 	0.000889497
50.8125 	5.13201e-06 	1.1214e-06 	0.000901021
50.875 	3.49727e-06 	9.24596e-07 	0.000901088
50.9375 	4.80645e-06 	-1.25023e-06 	0.000886107
51.0 	7.75892e-06 	-2.95497e-06 	0.000903149
51.0625 	7.73835e-06 	-1.94026e-06 	0.000925523
51.125 	6.28689e-06 	2.93198e-06 	0.000937302
51.1875 	5.63444e-06 	-1.13511e-06 	0.000906861
51.25 	6.19241e-06 	2.47839e-06 	0.000930602
51.3125 	3.94266e-06 	6.99174e-07 	0.000929392
51.375 	7.50588e-06 	1.41354e-06 	0.000936198
51.4375 	7.02017e-06 	-1.22787e-06 	0.000915293
51.5 	7.15414e-06 	3.26114e-06 	0.000915282
51.5625 	4.45487e-06 	1.23846e-06 	0.000919447
51.625 	6.55935e-06 	-1.64789e-06 	0.00092469
51.6875 	7.3521e-06 	2.95245e-06 	0.000953583
51.8125 	6.50847e-06 	1.27885e-06 	0.000974762
51.875 	3.9039e-06 	-6.4339e-07 	0.000998899
52.0 	5.97992e-06 	-1.14576e-06 	0.00100197
52.0625 	6.28994e-06 	2.48162e-06 	0.00100925
52.1875 	4.77719e-06 	1.31601e-06 	0.000990156
52.25 	4.405e-06 	-1.73874e-06 	0.00100944
52.3125 	5.56878e-06 	-1.53347e-06 	0.00101605
52.375 	4.91099e-06 	-8.01797e-07 	0.00101297
52.4375 	5.03547e-06 	-1.50043e-06 	0.00100007
52.5 	5.43499e-06 	-1.81292e-06 	0.00100934
52.5625 	7.44371e-06 	2.02446e-06 	0.00101684
52.625 	5.84785e-06 	9.79136e-07 	0.00102144
52.6875 	7.81804e-06 	-2.33689e-06 	0.00103938
52.75 	5.36753e-06 	-1.69968e-06 	0.00105635
52.8125 	4.83046e-06 	1.0121e-06 	0.0010847
52.875 	4.32671e-06 	1.48698e-06 	0.00107964
52.9375 	5.50372e-06 	2.6375e-06 	0.00107552
53.0 	6.82038e-06 	3.484e-06 	0.00101799
53.125 	7.58316e-06 	1.3481e-06 	0.00102981
53.1875 	3.25684e-06 	-2.70058e-07 	0.00101339
53.25 	4.70084e-06 	-1.38578e-06 	0.000976163
53.3125 	7.76677e-06 	-1.86479e-06 	0.000987517
53.375 	6.39079e-06 	1.21352e-06 	0.00098072
53.5 	6.67916e-06 	-2.20842e-06 	0.000992096
53.5625 	6.76157e-06 	-3.4591e-06 	0.0010191
53.625 	7.79995e-06 	-3.25034e-06 	0.00100501
53.6875 	7.87594e-06 	1.70301e-06 	0.000984957
53.75 	3.58037e-06 	-4.82684e-07 	0.00103039
53.8125 	4.05376e-06 	-1.68667e-06 	0.00101115
53.875 	6.423e-06 	1.39936e-06 	0.00100701
53.9375 	6.28311e-06 	1.98898e-06 	0.00101101
54.0 	5.43792e-06 	-1.57134e-07 	0.00101728
54.0625 	7.87803e-06 	2.30771e-06 	0.000985735
54.125 	6.2443e-06 	-1.98494e-06 	0.000994416
54.1875 	4.98023e-06 	-1.18954e-06 	0.000992806
54.25 	4.59907e-06 	1.23992e-06 	0.00101713
54.3125 	5.18085e-06 	-2.32617e-06 	0.000996285
54.375 	7.39235e-06 	1.37865e-06 	0.00094793
54.4375 	7.80468e-06 	3.03505e-06 	0.000981347
54.5 	7.61168e-06 	2.58054e-06 	0.000953964
54.625 	4.20601e-06 	4.95599e-07 	0.000974065
54.6875 	6.2627e-06 	-3.18381e-06 	0.000975212
54.8125 	3.8304e-06 	6.35123e-07 	0.000949456
54.875 	4.37362e-06 	-1.02815e-06 	0.000974397
54.9375 	6.84937e-06 	-8.31111e-07 	0.00100311
55.0 	7.74132e-06 	-2.55897e-06 	0.000955664
55.0625 	5.47886e-06 	-1.50312e-06 	0.000955136
55.125 	4.61401e-06 	7.10042e-07 	0.00095043
55.1875 	6.82072e-06 	2.2483e-06 	0.000953379
55.3125 	4.50666e-06 	1.41072e-06 	0.000940819
55.4375 	4.25861e-06 	-1.23336e-06 	0.000979068
55.5 	3.59852e-06 	-5.72445e-07 	0.00099113
55.625 	6.69759e-06 	-3.1859e-06 	0.000994266
55.6875 	7.64237e-06 	1.11001e-06 	0.00100612
55.75 	5.21886e-06 	-2.3653e-06 	0.001034
55.8125 	7.8694e-06 	-1.69287e-06 	0.00100598
55.875 	4.54081e-06 	-1.32119e-06 	0.00100197
55.9375 	6.40178e-06 	-9.78923e-07 	0.00101448
56.0 	6.72995e-06 	1.28348e-06 	0.0010264
56.0625 	4.80293e-06 	1.47648e-06 	0.00102396
56.125 	5.91734e-06 	9.58707e-07 	0.00103225
56.1875 	5.16941e-06 	-2.06466e-06 	0.00103699
56.25 	7.32268e-06 	3.0504e-07 	0.00104345
56.3125 	5.46166e-06 	-1.66103e-06 	0.00104829
56.375 	4.17637e-06 	-1.12795e-06 	0.00110669
56.4375 	5.07145e-06 	1.44309e-06 	0.00112947
56.5625 	6.88262e-06 	-2.00098e-06 	0.00113089
56.625 	7.18331e-06 	-1.27291e-06 	0.00112512
56.6875 	5.34246e-06 	-1.62632e-06 	0.00113098
56.75 	6.15733e-06 	-2.03367e-06 	0.00112167
56.8125 	6.42394e-06 	-5.87324e-07 	0.00113143
56.875 	3.30073e-06 	3.93595e-07 	0.00117774
56.9375 	5.75962e-06 	1.61672e-06 	0.00119096
57.0 	7.91631e-06 	-1.67459e-06 	0.00118453
57.0625 	6.21273e-06 	-2.38437e-06 	0.0011918
57.125 	7.05848e-06 	2.70875e-06 	0.00121689
57.1875 	5.25335e-06 	-9.84598e-07 	0.00123131
57.25 	7.79635e-06 	-1.41351e-06 	0.00122625
57.3125 	4.13061e-06 	1.13374e-06 	0.00126653
57.375 	6.57308e-06 	1.27851e-06 	0.00129689
57.4375 	4.02245e-06 	1.14019e-06 	0.00130789
57.5 	7.10946e-06 	1.38706e-06 	0.00130823
57.5625 	4.30081e-06 	-7.18194e-07 	0.0013266
57.625 	7.37688e-06 	1.08715e-06 	0.00133962
57.6875 	3.45313e-06 	7.54561e-07 	0.00134551
57.75 	7.98086e-06 	2.56372e-06 	0.00131528
57.8125 	5.45845e-06 	1.715e-06 	0.00133281
57.9375 	5.37413e-06 	-1.49495e-06 	0.00134787
58.0 	5.20102e-06 	4.86834e-07 	0.00135537
58.0625 	6.96922e-06 	-2.44297e-06 	0.00137044
58.125 	4.85477e-06 	-1.57629e-06 	0.00134701
58.1875 	5.82777e-06 	-2.80805e-06 	0.00134982
58.25 	6.23497e-06 	3.19393e-06 	0.00134347
58.3125 	7.6521e-06 	-3.16602e-06 	0.00131952
58.375 	4.64712e-06 	-5.28523e-07 	0.00131693
58.4375 	7.36672e-06 	-3.0607e-06 	0.00129697
58.5 	5.29124e-06 	1.15615e-06 	0.0013076
58.5625 	5.70379e-06 	1.79662e-06 	0.00130013
58.625 	6.71169e-06 	6.30078e-07 	0.00132798
58.6875 	4.7255e-06 	9.88817e-07 	0.00135448
58.8125 	2.1216e-06 	-5.95074e-08 	0.00135117
58.875 	5.1604e-06 	-1.45106e-06 	0.00130917
58.9375 	4.96282e-06 	2.27323e-06 	0.00130499
59.0 	8.01729e-06 	-2.10947e-06 	0.00126616
59.125 	7.57536e-06 	2.16742e-06 	0.00129631
59.1875 	5.31326e-06 	-4.3689e-07 	0.00129647
59.25 	6.27622e-06 	-3.1086e-06 	0.0013065
59.3125 	7.50008e-06 	-3.13006e-06 	0.00132326
59.375 	3.88135e-06 	6.08644e-07 	0.00130406
59.4375 	7.49165e-06 	2.88204e-06 	0.00130456
59.5 	4.35168e-06 	9.78353e-07 	0.00130989
59.5625 	5.18974e-06 	-2.27451e-06 	0.00130571
59.6875 	7.59353e-06 	-1.10011e-06 	0.00131984
59.8125 	6.75487e-06 	-2.02107e-06 	0.00129365
59.875 	4.78812e-06 	1.383e-06 	0.00132244
59.9375 	5.37077e-06 	-1.44353e-06 	0.00136167
60.0 	7.71595e-06 	-9.96854e-07 	0.00134448
60.0625 	5.06781e-06 	1.74829e-06 	0.0013217
60.125 	7.06139e-06 	2.73131e-06 	0.00134187
60.375 	5.34733e-06 	1.27803e-06 	0.00135406
60.4375 	4.45461e-06 	1.16883e-06 	0.00134583
60.5 	5.45369e-06 	1.80827e-06 	0.00136763
60.5625 	7.95238e-06 	2.75091e-06 	0.00137257
60.625 	5.77758e-06 	-1.4607e-06 	0.00135006
60.6875 	4.04851e-06 	-1.57383e-07 	0.00136876
60.75 	3.64234e-06 	-4.0834e-07 	0.00133789
60.8125 	4.86284e-06 	1.85468e-06 	0.0013598
60.875 	5.85391e-06 	-1.7648e-06 	0.00140502
60.9375 	6.95121e-06 	-1.44448e-06 	0.0014147
61.0 	5.11863e-06 	1.12386e-06 	0.00142617
61.0625 	4.11252e-06 	-5.62434e-07 	0.0014302
61.125 	4.16289e-06 	7.60512e-07 	0.00143716
61.1875 	8.17955e-06 	-1.70435e-06 	0.00144278
61.25 	7.92687e-06 	2.73812e-06 	0.0014225
61.3125 	2.92916e-06 	5.27337e-07 	0.00146302
61.375 	6.91477e-06 	-1.94295e-06 	0.00145843
61.4375 	7.71429e-06 	-2.85378e-06 	0.00146894
61.5 	5.23242e-06 	2.5199e-06 	0.00148273
61.625 	5.55485e-06 	2.23983e-06 	0.00146411
61.6875 	6.62391e-06 	2.26212e-06 	0.00145776
61.75 	5.85155e-06 	-1.93788e-06 	0.00147034
61.8125 	4.11675e-06 	1.02806e-06 	0.0014456
61.875 	4.56235e-06 	5.41462e-07 	0.00143312
61.9375 	7.26205e-06 	-2.489e-06 	0.00138272
62.0 	7.67796e-06 	1.71844e-06 	0.00144359
62.125 	6.93766e-06 	3.2497e-06 	0.00143447
62.1875 	5.70558e-06 	-2.7397e-06 	0.00144805
62.25 	6.69898e-06 	-3.94573e-07 	0.0014448
62.3125 	3.95262e-06 	-1.04583e-06 	0.00142539
62.375 	3.20482e-06 	1.99814e-07 	0.00144375
62.4375 	5.91305e-06 	1.7312e-06 	0.00147244
62.5 	5.3657e-06 	1.61259e-06 	0.00147964
62.5625 	5.92458e-06 	-2.96644e-06 	0.00147996
62.6875 	5.97822e-06 	-2.02724e-06 	0.00147891
62.75 	4.44413e-06 	2.34869e-07 	0.0014771
62.875 	4.47925e-06 	-8.96488e-07 	0.00145869
62.9375 	8.22891e-06 	2.99679e-06 	0.00146385
63.0 	3.31862e-06 	3.39132e-07 	0.0014265
63.125 	4.11386e-06 	9.54383e-07 	0.00143602
63.25 	5.8512e-06 	7.99593e-07 	0.00143174
63.375 	4.52378e-06 	1.30767e-06 	0.00142432
63.4375 	5.20685e-06 	1.87625e-06 	0.00141836
63.5625 	5.78258e-06 	1.11522e-06 	0.00141854
63.625 	3.76744e-06 	-7.81305e-08 	0.00146668
63.8125 	6.93229e-06 	2.15004e-06 	0.00145112
63.875 	5.37077e-06 	-9.80131e-07 	0.0014741
63.9375 	6.92965e-06 	3.3732e-06 	0.00147066
64.0 	7.03744e-06 	-1.6634e-06 	0.00145254
64.0625 	7.95655e-06 	2.50622e-06 	0.00148008
64.125 	5.80179e-06 	-1.97107e-07 	0.00147514
64.25 	4.97155e-06 	-1.48257e-06 	0.00147256
64.3125 	4.90717e-06 	-1.45017e-06 	0.00149931
64.4375 	8.03504e-06 	-2.66176e-06 	0.00149803
64.5625 	4.24714e-06 	8.45007e-07 	0.00152921
64.6875 	3.01593e-06 	-6.09914e-08 	0.00154183
64.75 	2.50092e-06 	2.79634e-07 	0.00151184
64.8125 	5.42068e-06 	-1.66599e-06 	0.00148683
64.875 	6.94403e-06 	-1.56496e-06 	0.00144964
64.9375 	6.90737e-06 	-1.67597e-06 	0.00147978
65.0 	4.43035e-06 	-1.27364e-06 	0.00146235
65.0625 	5.09673e-06 	1.29081e-06 	0.00147216
65.125 	5.35359e-06 	-1.43602e-06 	0.0015106
65.1875 	7.37152e-06 	1.09644e-06 	0.00151826
65.25 	5.46854e-06 	-1.00236e-06 	0.0015268
65.5 	4.50432e-06 	1.35482e-06 	0.00154321
65.625 	5.67296e-06 	2.71918e-06 	0.00151908
65.6875 	5.53645e-06 	2.17511e-06 	0.00155404
65.75 	4.17949e-06 	4.90582e-07 	0.00155977
65.8125 	5.82562e-06 	1.47231e-06 	0.00154817
65.875 	7.4477e-06 	-2.19668e-06 	0.0014966
65.9375 	4.80529e-06 	-1.13633e-06 	0.00150047
66.0 	4.788e-06 	1.64825e-06 	0.00150093
66.0625 	6.24921e-06 	-1.84567e-06 	0.00155215
66.1875 	5.31289e-06 	-2.6344e-06 	0.00156051
66.25 	6.49679e-06 	1.06767e-06 	0.001551
66.3125 	5.03082e-06 	1.20886e-06 	0.00152227
66.375 	4.54494e-06 	1.13638e-06 	0.00156875
66.4375 	4.31613e-06 	1.33802e-06 	0.00155548
66.5 	5.12585e-06 	-2.27185e-06 	0.00155252
66.5625 	5.98249e-06 	-1.46022e-06 	0.00157495
66.625 	5.07814e-06 	2.01925e-06 	0.00158218
66.75 	4.11355e-06 	4.77064e-07 	0.00158258
66.8125 	5.43461e-06 	-5.54156e-07 	0.00160631
66.875 	4.98783e-06 	-1.0134e-06 	0.00154671
66.9375 	6.14407e-06 	-2.21232e-06 	0.0015674
67.0 	3.52849e-06 	9.06349e-07 	0.00162182
67.125 	5.72688e-06 	1.19735e-06 	0.0016437
67.1875 	4.67705e-06 	-2.01256e-06 	0.00162666
67.25 	4.93434e-06 	-2.02988e-06 	0.00162461
67.3125 	7.7529e-06 	2.27415e-06 	0.00165279
67.375 	5.57267e-06 	2.68623e-06 	0.00166693
67.4375 	7.47322e-06 	-1.46355e-06 	0.00166576
67.5 	4.72225e-06 	4.64789e-07 	0.00169363
67.5625 	5.56176e-06 	1.33845e-06 	0.00169544
67.8125 	6.4219e-06 	-8.87024e-07 	0.00169095
67.875 	3.04526e-06 	3.78718e-07 	0.00165654
67.9375 	5.64563e-06 	1.9455e-06 	0.00164931
68.0 	7.3078e-06 	2.69394e-06 	0.00163912
68.0625 	7.10807e-06 	2.13102e-06 	0.0016283
68.125 	4.23287e-06 	1.08436e-06 	0.0016142
68.1875 	6.0448e-06 	-3.01377e-06 	0.00160437
68.25 	6.99062e-06 	2.20635e-06 	0.00160902
68.3125 	3.53176e-06 	-3.97589e-07 	0.00162818
68.375 	6.43638e-06 	-3.15993e-06 	0.00161088
68.4375 	6.73523e-06 	-2.51858e-06 	0.00158826
68.5 	5.36616e-06 	-1.28552e-06 	0.00155843
68.5625 	6.63473e-06 	8.65605e-07 	0.00156723
68.625 	4.1628e-06 	1.03735e-06 	0.00158291
68.6875 	5.76131e-06 	1.91467e-06 	0.00157618
68.75 	7.7833e-06 	-1.30778e-06 	0.00154743
68.8125 	5.44073e-06 	-2.3297e-06 	0.00154179
68.875 	4.30209e-06 	-1.18999e-06 	0.00154786
68.9375 	7.29262e-06 	8.35559e-07 	0.00155522
69.0 	3.85552e-06 	-6.81112e-07 	0.00154346
69.0625 	5.79161e-06 	-1.82847e-06 	0.00153245
69.125 	7.48586e-06 	3.02545e-06 	0.00155717
69.1875 	5.00982e-06 	1.30789e-06 	0.00151321
69.25 	5.44279e-06 	-1.90636e-06 	0.00151127
69.3125 	7.97019e-06 	3.20673e-06 	0.0015476
69.4375 	7.16857e-06 	-3.8798e-07 	0.00152972
69.5 	7.0051e-06 	-1.66349e-06 	0.00153863
69.5625 	5.32449e-06 	1.80252e-06 	0.00151373
69.625 	6.58667e-06 	2.09567e-06 	0.00150637
69.75 	5.11901e-06 	-2.50195e-06 	0.00150784
69.8125 	4.69765e-06 	-1.23918e-06 	0.0014992
69.875 	6.97498e-06 	2.4175e-06 	0.0015216
69.9375 	4.93659e-06 	3.79616e-07 	0.00152298
