# time 	Local 	Global 	Cumulative
0.333274 	5.8095e-06 	2.86456e-06 	4.06396e-06
0.392346 	4.1144e-06 	-7.37749e-07 	1.16096e-05
0.579973 	7.14455e-06 	1.2811e-06 	2.21145e-05
0.642226 	7.85181e-06 	2.79281e-06 	2.28312e-05
0.70448 	3.66647e-06 	-4.56352e-07 	1.39949e-05
0.766734 	5.59848e-06 	1.74492e-06 	4.17219e-05
0.828988 	5.50457e-06 	-1.24111e-06 	-3.37629e-06
0.953496 	7.27634e-06 	-2.65231e-06 	-2.55923e-05
1.01575 	6.10185e-06 	-1.63279e-06 	-1.57439e-05
1.078 	7.44029e-06 	-3.73717e-06 	-1.28589e-05
1.20251 	6.12285e-06 	-2.7635e-06 	-2.82575e-05
1.26477 	6.98753e-06 	3.35999e-06 	-1.58464e-05
1.38927 	4.47031e-06 	6.34566e-07 	-3.08662e-07
1.45153 	6.00555e-06 	-1.92721e-06 	-2.25479e-05
1.51378 	4.61925e-06 	-9.01707e-07 	-4.71777e-05
1.57604 	5.85397e-06 	-1.8816e-06 	-3.6469e-05
1.70054 	6.13486e-06 	3.5066e-07 	2.873e-06
1.7628 	6.82916e-06 	2.18412e-06 	2.30376e-05
1.8873 	3.59326e-06 	-8.91998e-07 	4.8267e-05
1.94956 	7.11126e-06 	3.4354e-06 	7.99439e-05
2.01181 	6.60221e-06 	9.85024e-07 	8.69343e-05
2.07407 	7.37726e-06 	1.46113e-06 	7.33692e-05
2.13632 	5.77406e-06 	-2.39775e-07 	8.28544e-05
2.19857 	5.52497e-06 	-1.18204e-07 	8.10468e-05
2.26083 	7.98519e-06 	-1.786e-06 	7.34541e-05
2.32308 	6.11125e-06 	-2.22634e-06 	6.22176e-05
2.38534 	3.27304e-06 	9.41642e-07 	9.11453e-05
2.44759 	4.2031e-06 	3.06765e-08 	0.000141241
2.50984 	4.78669e-06 	1.75534e-06 	0.000158374
2.63435 	6.95944e-06 	2.98506e-06 	0.000175468
2.69661 	4.28914e-06 	9.20146e-07 	0.000202022
2.82111 	5.50121e-06 	1.31256e-06 	0.000214909
2.88337 	7.18041e-06 	-1.44663e-06 	0.000216938
2.94562 	3.47232e-06 	-2.21689e-07 	0.000246965
3.00787 	5.8667e-06 	-3.2666e-07 	0.000223905
3.07013 	7.02341e-06 	1.88326e-06 	0.000209025
3.13238 	7.15787e-06 	-1.17765e-06 	0.0002217
3.19464 	7.81975e-06 	6.86054e-07 	0.000235895
3.25689 	3.689e-06 	1.13845e-06 	0.000250455
3.31914 	4.29814e-06 	6.23842e-07 	0.000264831
3.3814 	5.82553e-06 	-1.93583e-06 	0.000254685
3.44365 	7.60385e-06 	-1.04754e-06 	0.00025906
3.50591 	7.44382e-06 	-2.88345e-06 	0.000247555
3.56816 	6.21895e-06 	-2.19499e-06 	0.000254159
3.69267 	3.2876e-06 	-1.16363e-06 	0.000255821
3.75492 	2.8519e-06 	-7.63291e-07 	0.000237553
3.81718 	6.09172e-06 	-2.06408e-06 	0.000231164
3.87943 	7.87655e-06 	3.62722e-06 	0.000231211
4.00394 	3.48392e-06 	-3.21061e-07 	0.000211209
4.06619 	3.685e-06 	6.14629e-07 	0.000207652
4.12845 	5.53811e-06 	-1.99805e-06 	0.000236079
4.1907 	8.07124e-06 	-3.8483e-06 	0.000251008
4.25295 	7.88591e-06 	-1.56506e-06 	0.000234833
4.31521 	7.42387e-06 	-3.71948e-06 	0.000224171
4.37746 	5.62026e-06 	-1.07579e-06 	0.000231886
4.50197 	7.76407e-06 	4.12613e-07 	0.000247091
4.56422 	5.79046e-06 	-1.7286e-06 	0.000232528
4.62648 	7.38061e-06 	-9.29992e-07 	0.000249637
4.68873 	7.61644e-06 	-3.86219e-07 	0.000209499
4.75098 	5.75459e-06 	1.63673e-06 	0.000177477
4.81324 	6.09126e-06 	5.54401e-07 	0.000181105
4.87549 	7.17897e-06 	5.79211e-07 	0.000188259
4.93775 	7.63652e-06 	-1.80416e-06 	0.000192908
5.0 	3.69777e-06 	-6.8408e-07 	0.000235533
5.0625 	5.44246e-06 	4.9262e-07 	0.00023344
5.125 	8.09316e-06 	-6.34983e-07 	0.000209004
5.25 	8.13406e-06 	2.2007e-06 	0.000218488
5.3125 	8.02155e-06 	-2.85497e-06 	0.000245575
5.375 	3.81822e-06 	1.03424e-06 	0.0002435
5.4375 	3.95561e-06 	-3.11255e-07 	0.000256242
5.5 	7.96261e-06 	-2.24478e-06 	0.000240231
5.5625 	2.76432e-06 	4.77215e-07 	0.000254662
5.625 	3.54598e-06 	7.50959e-07 	0.000311958
5.6875 	4.99855e-06 	1.89526e-06 	0.000311728
5.75 	4.80792e-06 	1.73069e-06 	0.000290588
5.8125 	6.84959e-06 	3.01745e-06 	0.000272078
5.875 	6.52629e-06 	-1.3019e-06 	0.000299885
5.9375 	7.96051e-06 	-1.83694e-06 	0.000297916
6.0 	5.4753e-06 	1.50532e-06 	0.000306109
6.125 	5.76204e-06 	-1.26471e-06 	0.000348233
6.1875 	7.3229e-06 	-3.2978e-07 	0.000358938
6.25 	5.34862e-06 	-5.03798e-07 	0.000373456
6.3125 	4.69103e-06 	-1.46312e-06 	0.000385947
6.4375 	6.10562e-06 	2.41599e-06 	0.000401928
6.625 	6.93663e-06 	2.71626e-06 	0.000373155
6.6875 	6.54524e-06 	-1.18168e-06 	0.00035907
6.75 	7.349e-06 	3.45771e-06 	0.000357946
6.8125 	3.44681e-06 	-3.07108e-07 	0.000334661
6.9375 	6.87178e-06 	1.84161e-06 	0.000310504
7.0 	7.11083e-06 	-1.24585e-06 	0.000293594
7.0625 	5.40551e-06 	-5.17848e-08 	0.000283766
7.125 	4.72686e-06 	1.1177e-06 	0.000287866
7.1875 	6.51574e-06 	3.07826e-06 	0.000306545
7.25 	5.50293e-06 	-1.45212e-06 	0.000323084
7.4375 	5.46942e-06 	8.90141e-07 	0.00028296
7.5625 	4.92926e-06 	7.52358e-07 	0.000301047
7.625 	7.227e-06 	3.42634e-06 	0.000317285
7.6875 	6.57163e-06 	2.56854e-06 	0.000350196
7.8125 	5.35095e-06 	1.38872e-06 	0.000372677
7.9375 	7.9368e-06 	-2.04559e-06 	0.000378791
8.0 	7.08522e-06 	3.10687e-06 	0.000388182
8.0625 	6.91201e-06 	-3.02804e-06 	0.000350046
8.125 	3.41633e-06 	6.83014e-07 	0.000356189
8.25 	6.81775e-06 	-2.4469e-06 	0.000359786
8.3125 	6.30951e-06 	-1.43558e-06 	0.000333324
8.375 	6.90232e-06 	-3.34688e-06 	0.000328908
8.4375 	5.67623e-06 	1.76638e-06 	0.000343196
8.5 	6.94312e-06 	3.206e-06 	0.000288214
8.5625 	6.85887e-06 	-1.57164e-06 	0.000284005
8.8125 	7.08904e-06 	1.66668e-06 	0.000231899
8.9375 	5.42048e-06 	1.34847e-06 	0.000208416
9.0 	6.41897e-06 	7.93504e-07 	0.000240788
9.0625 	6.40306e-06 	-5.76614e-07 	0.000208397
9.125 	3.40809e-06 	-8.36239e-07 	0.000240243
9.1875 	8.17279e-06 	-3.88653e-06 	0.000231499
9.25 	8.09792e-06 	3.75928e-06 	0.000256818
9.3125 	7.82427e-06 	-5.39958e-07 	0.000257492
9.375 	6.1079e-06 	3.39224e-07 	0.000244636
9.4375 	5.82249e-06 	-1.69966e-06 	0.000211882
9.5625 	5.70302e-06 	-9.88645e-07 	0.000171289
9.625 	7.92337e-06 	3.09074e-06 	0.000173513
9.6875 	7.54609e-06 	1.71476e-06 	0.000195639
9.75 	7.44187e-06 	2.81548e-06 	0.00020527
9.8125 	7.69809e-06 	-2.36334e-06 	0.000200439
9.875 	7.61067e-06 	3.63927e-06 	0.000216007
9.9375 	7.74115e-06 	-3.64192e-06 	0.000252661
10.0 	8.0329e-06 	-2.65327e-06 	0.000235673
10.0625 	4.30434e-06 	1.12884e-07 	0.000214928
10.125 	4.20811e-06 	-7.54844e-07 	0.000213206
10.1875 	7.71293e-06 	2.53248e-07 	0.000209479
10.3125 	5.23708e-06 	-1.97269e-06 	0.000208856
10.375 	6.43988e-06 	2.52755e-06 	0.000197203
10.5 	6.10256e-06 	-1.04153e-06 	0.00019815
10.5625 	6.16973e-06 	-2.75181e-06 	0.000214359
10.625 	7.60392e-06 	-1.34384e-06 	0.000218419
10.6875 	4.70634e-06 	-7.93457e-07 	0.000204343
10.75 	7.21241e-06 	-3.43878e-06 	0.000164608
10.8125 	6.70406e-06 	-3.25143e-06 	0.00019531
10.875 	6.53841e-06 	1.20801e-06 	0.000184072
10.9375 	2.86465e-06 	7.6238e-07 	0.00021703
11.0 	7.31097e-06 	-7.27084e-07 	0.000224333
11.0625 	6.42519e-06 	2.51767e-06 	0.000249393
11.125 	7.78845e-06 	2.74025e-07 	0.000237583
11.1875 	7.39548e-06 	1.33502e-06 	0.000237972
11.25 	3.79682e-06 	6.27509e-07 	0.000251503
11.375 	4.21977e-06 	3.56363e-07 	0.000265509
11.4375 	5.39932e-06 	1.56436e-06 	0.000257005
11.5 	6.90942e-06 	-2.85161e-06 	0.000267794
11.5625 	5.79203e-06 	1.94153e-06 	0.000270851
11.625 	3.5842e-06 	-6.17015e-07 	0.000282597
11.6875 	7.89266e-06 	4.77198e-07 	0.000282888
11.75 	5.65987e-06 	1.92472e-06 	0.000252564
11.8125 	3.45886e-06 	-8.65025e-07 	0.000288454
11.875 	6.32106e-06 	-1.11723e-06 	0.000282417
11.9375 	7.94676e-06 	3.81415e-06 	0.000300179
12.0 	6.59254e-06 	-3.18649e-06 	0.000290771
12.0625 	4.57654e-06 	-1.74348e-06 	0.000256586
12.125 	7.40182e-06 	-1.54479e-06 	0.000214814
12.1875 	6.4559e-06 	-1.09475e-06 	0.000216293
12.25 	7.53511e-06 	-2.14048e-06 	0.000230238
12.3125 	6.80856e-06 	-1.96941e-06 	0.000229276
12.375 	7.94126e-06 	1.22327e-06 	0.000253313
12.5625 	6.59843e-06 	1.49153e-06 	0.000228174
12.625 	7.47625e-06 	6.68869e-07 	0.000227211
12.6875 	6.14978e-06 	-8.04631e-07 	0.000227792
12.75 	7.75824e-06 	-2.13455e-06 	0.000240618
12.8125 	5.73831e-06 	-1.35903e-07 	0.00024044
12.875 	7.93597e-06 	2.1052e-06 	0.000214755
13.0 	6.7544e-06 	3.62637e-07 	0.000193292
13.0625 	4.59092e-06 	-1.13828e-06 	0.000161726
13.125 	5.62013e-06 	1.89187e-06 	0.000197292
13.1875 	8.05951e-06 	8.7887e-07 	0.000175542
13.25 	6.79869e-06 	-1.08013e-06 	0.000154347
13.3125 	7.10732e-06 	1.21554e-06 	0.000182215
13.375 	6.74681e-06 	1.43073e-06 	0.000176948
13.4375 	5.20664e-06 	1.31881e-06 	0.000163373
13.5 	6.09798e-06 	2.6137e-06 	0.00016698
13.5625 	7.1702e-06 	2.53037e-06 	0.00018032
13.625 	5.84911e-06 	2.71178e-06 	0.000203273
13.6875 	6.42906e-06 	3.05722e-06 	0.000222244
13.8125 	7.47582e-06 	-1.16252e-06 	0.000230787
14.0 	8.04519e-06 	2.28321e-06 	0.000249671
14.0625 	3.67665e-06 	-4.92378e-07 	0.00025591
14.125 	4.14468e-06 	-3.18879e-07 	0.000252202
14.1875 	5.55882e-06 	-2.35658e-06 	0.000289894
14.3125 	6.55064e-06 	-1.18818e-06 	0.000299732
14.375 	5.36677e-06 	1.20171e-06 	0.00029404
14.4375 	8.0281e-06 	-2.22734e-06 	0.000277594
14.5 	5.76597e-06 	9.09516e-07 	0.000252311
14.625 	5.02131e-06 	-7.99482e-07 	0.000245853
14.6875 	7.87032e-06 	2.15701e-06 	0.000222705
14.75 	5.69261e-06 	2.63748e-06 	0.000198308
14.8125 	6.96409e-06 	-2.53025e-06 	0.000200062
14.875 	5.2199e-06 	-9.09574e-07 	0.000194785
14.9375 	7.69824e-06 	-9.77775e-07 	0.000198504
15.0 	8.17882e-06 	3.94617e-06 	0.000199664
15.1875 	5.86173e-06 	-1.31645e-06 	0.000201337
15.25 	6.44931e-06 	-7.2688e-07 	0.00018673
15.3125 	6.93723e-06 	-1.15066e-06 	0.00018968
15.375 	5.56107e-06 	-4.22386e-07 	0.000161737
15.4375 	7.66086e-06 	3.52118e-06 	0.000136616
15.5 	5.47564e-06 	1.32787e-06 	0.000139142
15.5625 	3.95834e-06 	-1.13773e-06 	0.000123854
15.625 	5.86207e-06 	-1.74969e-06 	0.000130411
15.75 	3.69878e-06 	6.84103e-07 	0.000159578
15.8125 	7.00148e-06 	2.90076e-06 	0.000182371
15.875 	7.03987e-06 	-2.85671e-07 	0.000218015
15.9375 	7.8892e-06 	-2.86933e-06 	0.000205672
16.0 	4.36959e-06 	1.29812e-06 	0.000249096
16.0625 	7.4676e-06 	6.6589e-07 	0.000284907
16.125 	3.58429e-06 	-6.54427e-07 	0.000319467
16.1875 	7.91837e-06 	-1.32468e-06 	0.00032211
16.25 	7.87685e-06 	2.29422e-06 	0.000285289
16.3125 	6.3484e-06 	1.79634e-06 	0.000266223
16.375 	5.28294e-06 	-1.02979e-06 	0.000260226
16.4375 	7.65836e-06 	3.34854e-07 	0.000288486
16.5 	5.54902e-06 	1.15157e-07 	0.000271281
16.625 	7.4315e-06 	3.39807e-06 	0.000240605
16.6875 	6.91489e-06 	1.7775e-06 	0.000236586
16.75 	7.42627e-06 	3.70597e-06 	0.000234723
16.8125 	6.99314e-06 	-1.39603e-06 	0.00024523
16.875 	5.86929e-06 	-2.45343e-06 	0.000258886
16.9375 	5.90272e-06 	-2.04373e-06 	0.000280359
17.1875 	2.864e-06 	7.47032e-07 	0.000306472
17.25 	6.97474e-06 	-3.30968e-06 	0.000316482
17.3125 	7.68001e-06 	-3.0756e-06 	0.000316967
17.375 	6.46765e-06 	-1.6234e-06 	0.000330085
17.4375 	5.4749e-06 	-1.4297e-06 	0.000320395
17.5 	7.83936e-06 	3.76358e-06 	0.000301578
17.5625 	4.73771e-06 	-7.8894e-07 	0.000289011
17.625 	6.04409e-06 	1.01934e-06 	0.000294023
17.6875 	6.406e-06 	1.96348e-06 	0.000332049
17.75 	4.93624e-06 	-2.05104e-06 	0.000340852
17.8125 	7.65422e-06 	-3.60342e-06 	0.000320156
17.9375 	5.55157e-06 	-1.56667e-06 	0.000328846
18.0 	7.75213e-06 	1.17469e-06 	0.000339234
18.0625 	6.49566e-06 	-2.31669e-06 	0.000370669
18.125 	7.85815e-06 	1.8688e-06 	0.000354935
18.1875 	3.41582e-06 	-5.03423e-07 	0.000347352
18.25 	4.72261e-06 	1.41805e-06 	0.000309257
18.3125 	7.79733e-06 	-1.20565e-06 	0.000320415
18.375 	6.74263e-06 	-3.17926e-06 	0.000312705
18.4375 	7.53144e-06 	3.61566e-06 	0.000310922
18.5 	8.02942e-06 	-6.28006e-07 	0.000333547
18.5625 	7.13409e-06 	-5.58436e-07 	0.000319204
18.625 	3.72515e-06 	3.38505e-07 	0.000297751
18.75 	3.84261e-06 	6.87372e-07 	0.000357397
18.8125 	5.83801e-06 	-2.08264e-06 	0.0003595
18.875 	5.31412e-06 	2.04749e-06 	0.00039516
18.9375 	3.05029e-06 	-2.96925e-07 	0.00037071
19.125 	4.92337e-06 	-1.63361e-06 	0.000378712
19.25 	4.99456e-06 	-1.47711e-06 	0.000347791
19.3125 	7.00133e-06 	-8.72303e-07 	0.000380768
19.375 	7.37839e-06 	2.64478e-06 	0.000393186
19.4375 	5.45333e-06 	-2.10673e-06 	0.000400552
19.5 	5.74957e-06 	8.60054e-07 	0.000389262
19.625 	4.8948e-06 	-6.97043e-07 	0.000418466
19.6875 	7.536e-06 	1.45009e-06 	0.000386779
19.75 	6.55956e-06 	-9.25866e-07 	0.000419742
19.875 	5.17694e-06 	-8.16199e-07 	0.000391678
19.9375 	5.95302e-06 	-2.76025e-06 	0.000371227
20.0 	7.79408e-06 	-1.21234e-06 	0.0003678
20.0625 	4.31857e-06 	1.40843e-06 	0.000393962
20.125 	7.90621e-06 	1.03899e-06 	0.000401166
20.1875 	5.77874e-06 	-1.4076e-06 	0.000399359
20.25 	3.05042e-06 	-2.34674e-07 	0.000399086
20.3125 	7.719e-06 	2.17704e-06 	0.000402469
20.375 	5.12353e-06 	-5.32146e-07 	0.000391205
20.4375 	7.10247e-06 	-1.4791e-06 	0.000431367
20.5 	7.06402e-06 	2.39371e-06 	0.000457332
20.5625 	5.28441e-06 	2.16784e-06 	0.000438229
20.625 	5.90121e-06 	2.87919e-06 	0.000420273
20.6875 	5.51696e-06 	1.06447e-06 	0.000412765
20.75 	6.89439e-06 	2.52183e-06 	0.000374065
20.8125 	6.97587e-06 	1.09459e-06 	0.000353839
20.875 	6.90097e-06 	3.28814e-06 	0.000362465
20.9375 	3.91083e-06 	-6.67362e-08 	0.000370246
21.0 	7.74976e-06 	8.743e-07 	0.000388644
21.0625 	5.32715e-06 	-1.76324e-06 	0.000364914
21.1875 	5.59085e-06 	2.07682e-06 	0.000348171
21.3125 	7.50954e-06 	-7.18342e-07 	0.000287986
21.375 	2.77068e-06 	4.82854e-07 	0.000292514
21.4375 	7.77149e-06 	2.83972e-06 	0.00028153
21.5 	6.32197e-06 	2.492e-06 	0.00027561
21.5625 	4.91467e-06 	1.05825e-06 	0.000270749
21.625 	5.93365e-06 	1.4234e-06 	0.000268589
21.6875 	3.77702e-06 	-2.88395e-07 	0.00026198
21.75 	4.82995e-06 	8.06347e-07 	0.000246689
21.8125 	8.02425e-06 	3.9106e-08 	0.000225437
21.875 	3.41395e-06 	1.14958e-06 	0.000193041
21.9375 	5.24208e-06 	9.37064e-07 	0.000182088
22.0 	6.60027e-06 	-1.11763e-06 	0.000161453
22.125 	4.39074e-06 	-7.66893e-07 	0.000161197
22.1875 	7.51028e-06 	-7.22863e-07 	0.000149704
22.25 	5.52991e-06 	-1.80403e-06 	0.00015396
22.3125 	7.37287e-06 	-3.0176e-06 	0.000171625
22.375 	7.25285e-06 	-3.45879e-06 	0.000174342
22.625 	6.34289e-06 	2.76355e-06 	0.000197918
22.6875 	7.93282e-06 	-1.3442e-06 	0.00019499
22.75 	3.66611e-06 	6.33427e-07 	0.000182219
22.8125 	2.91913e-06 	7.55833e-07 	0.000177867
22.9375 	6.08964e-06 	6.08595e-07 	0.000170188
23.0 	4.9334e-06 	-2.04323e-06 	0.000154244
23.0625 	8.09911e-06 	4.21868e-07 	0.000139697
23.125 	7.65114e-06 	-3.32565e-06 	0.000139875
23.1875 	6.30632e-06 	1.41437e-06 	0.000155546
23.3125 	7.38656e-06 	3.308e-06 	0.000161416
23.375 	7.00374e-06 	3.25398e-06 	0.000184106
23.4375 	5.06473e-06 	5.406e-07 	0.000200678
23.5625 	6.61292e-06 	2.49623e-06 	0.000220821
23.6875 	6.1307e-06 	-8.83721e-07 	0.00022766
23.75 	6.03888e-06 	-1.48878e-06 	0.000217048
23.8125 	2.93877e-06 	-4.06549e-07 	0.000228159
23.875 	7.48821e-06 	-1.59814e-06 	0.000163236
23.9375 	6.45502e-06 	3.03663e-06 	0.000134163
24.0 	3.21705e-06 	1.99469e-07 	0.000142111
24.0625 	5.54706e-06 	2.45296e-07 	0.000193566
24.125 	8.07995e-06 	-1.6231e-06 	0.000213264
24.1875 	7.98859e-06 	1.87885e-06 	0.000225314
24.3125 	5.66768e-06 	-4.29165e-07 	0.000231964
24.375 	3.09874e-06 	2.00935e-07 	0.000255577
24.4375 	6.72475e-06 	3.19545e-06 	0.000267088
24.5 	7.99049e-06 	-3.48649e-06 	0.00026347
24.5625 	6.76759e-06 	-4.6587e-07 	0.000260257
24.625 	7.58546e-06 	-3.71328e-06 	0.000217177
24.6875 	5.67706e-06 	-2.53408e-06 	0.000232752
24.75 	6.2726e-06 	-9.39792e-07 	0.000223174
24.8125 	6.63983e-06 	2.49973e-06 	0.000219478
25.0 	7.86326e-06 	3.69364e-06 	0.000241815
25.0625 	5.27177e-06 	-1.14757e-06 	0.000250737
25.125 	7.59932e-06 	3.81568e-06 	0.000297284
25.25 	8.19686e-06 	-3.6738e-06 	0.00026407
25.3125 	7.44684e-06 	1.6849e-06 	0.000262562
25.375 	6.36502e-06 	-1.89221e-06 	0.000317955
25.4375 	3.18285e-06 	-1.68903e-08 	0.000303781
25.5 	7.5764e-06 	-1.61624e-06 	0.000309867
25.5625 	6.08487e-06 	2.34797e-06 	0.000357259
25.625 	8.1124e-06 	1.03929e-06 	0.000353281
25.6875 	7.91513e-06 	1.46431e-06 	0.000354567
25.75 	3.51816e-06 	2.90438e-07 	0.000383708
25.8125 	5.5043e-06 	-2.36693e-06 	0.000409953
25.875 	4.84505e-06 	1.14666e-06 	0.00039981
25.9375 	3.4418e-06 	-7.23847e-07 	0.000402552
26.0 	5.4744e-06 	1.44952e-06 	0.000416173
26.0625 	3.05239e-06 	-9.85881e-07 	0.000404536
26.125 	5.8322e-06 	1.66168e-06 	0.000391445
26.1875 	3.74653e-06 	1.10507e-06 	0.0003859
26.25 	7.69585e-06 	-3.75273e-06 	0.000383773
26.3125 	6.12501e-06 	1.6238e-06 	0.000356242
26.375 	5.97401e-06 	1.09467e-06 	0.000358035
26.4375 	2.89446e-06 	-5.71111e-07 	0.000361462
26.5 	6.22997e-06 	1.74536e-06 	0.000376147
26.5625 	5.92616e-06 	2.44649e-06 	0.000359352
26.625 	7.98892e-06 	2.95006e-06 	0.000353943
26.6875 	6.0856e-06 	1.51776e-06 	0.000309479
26.875 	7.66603e-06 	-4.53674e-07 	0.000332242
26.9375 	8.21044e-06 	3.06046e-06 	0.000352561
27.0 	6.67204e-06 	5.89287e-07 	0.000392404
27.0625 	7.09502e-06 	-4.46212e-07 	0.000380432
27.125 	6.05753e-06 	6.93634e-07 	0.000382837
27.25 	7.22715e-06 	-3.43339e-06 	0.000390098
27.3125 	6.52696e-06 	2.45731e-06 	0.000404307
27.375 	7.33313e-06 	-3.08768e-06 	0.000386361
27.5 	7.38385e-06 	1.63811e-06 	0.000409416
27.5625 	6.82376e-06 	-1.17537e-06 	0.000381005
27.625 	7.11281e-06 	1.68094e-06 	0.000377064
27.6875 	4.63718e-06 	1.05297e-06 	0.000332843
27.75 	5.87597e-06 	1.27033e-06 	0.000330057
27.8125 	6.95483e-06 	-2.00713e-06 	0.00035323
27.875 	6.29764e-06 	-1.71301e-06 	0.000365825
28.0 	6.08362e-06 	-2.65987e-06 	0.000379201
28.0625 	7.50141e-06 	1.74912e-06 	0.00034839
28.125 	7.75702e-06 	-1.28646e-06 	0.000357175
28.3125 	7.94146e-06 	-8.35755e-07 	0.000367468
28.375 	7.09226e-06 	-3.36734e-06 	0.000337496
28.4375 	6.9045e-06 	9.15818e-07 	0.000359079
28.5 	5.88432e-06 	-1.14952e-06 	0.000340223
28.625 	5.81255e-06 	-1.3168e-06 	0.000315655
28.6875 	4.11581e-06 	-2.68706e-07 	0.000324227
28.8125 	6.76059e-06 	-3.10943e-06 	0.000332981
28.875 	3.4493e-06 	-3.93626e-07 	0.000337133
28.9375 	5.03359e-06 	1.08388e-06 	0.000368868
29.0 	5.08244e-06 	1.05279e-06 	0.000382456
29.0625 	6.16978e-06 	-3.39956e-06 	0.000360723
29.125 	5.98716e-06 	-7.00492e-07 	0.00039043
29.1875 	4.35189e-06 	-7.77253e-07 	0.000344733
29.25 	6.84313e-06 	1.73265e-06 	0.00032018
29.3125 	6.75599e-06 	5.06698e-07 	0.000290318
29.375 	4.42245e-06 	-3.34932e-07 	0.000305642
29.4375 	6.66271e-06 	-1.1021e-06 	0.000296169
29.5 	5.51549e-06 	1.83776e-06 	0.000314563
29.5625 	6.51373e-06 	9.28023e-07 	0.000281496
29.625 	4.93182e-06 	8.13393e-08 	0.00026745
29.6875 	4.86835e-06 	4.17571e-07 	0.000259226
29.75 	7.21612e-06 	9.81394e-07 	0.000250522
29.875 	7.41417e-06 	-3.54713e-06 	0.000236521
29.9375 	5.64166e-06 	-2.86258e-06 	0.000216067
30.0 	7.64816e-06 	1.70943e-06 	0.000245535
30.125 	6.10291e-06 	-5.02277e-07 	0.00027785
30.1875 	6.36738e-06 	2.37514e-06 	0.000277148
30.25 	3.58156e-06 	-9.26629e-07 	0.00027635
30.3125 	3.84349e-06 	9.37584e-07 	0.00029069
30.375 	7.99189e-06 	8.94236e-07 	0.000294161
30.4375 	6.35153e-06 	2.05288e-06 	0.000283641
30.5 	7.80943e-06 	9.45217e-07 	0.000292484
30.5625 	6.46027e-06 	-3.0597e-06 	0.000299067
30.625 	8.12152e-06 	9.8451e-07 	0.000252469
30.6875 	6.79235e-06 	2.94487e-06 	0.000246997
30.75 	5.96621e-06 	-1.99177e-06 	0.000251552
30.8125 	6.27446e-06 	-2.42288e-06 	0.0002405
30.9375 	4.92769e-06 	1.64849e-07 	0.000274757
31.0 	6.48347e-06 	-3.04584e-06 	0.000261673
31.125 	2.73837e-06 	-1.02791e-07 	0.000237799
31.1875 	7.34495e-06 	3.16642e-06 	0.00023799
31.25 	2.40469e-06 	2.66681e-07 	0.000276465
31.3125 	6.06198e-06 	5.03285e-08 	0.000269208
31.375 	6.76173e-06 	1.48226e-06 	0.000259803
31.5 	6.9905e-06 	1.41873e-06 	0.000268799
31.5625 	3.08413e-06 	9.21713e-07 	0.000276265
31.625 	7.41513e-06 	-1.04361e-06 	0.00026258
31.6875 	7.45593e-06 	3.65866e-07 	0.000275264
31.75 	7.07691e-06 	2.30989e-06 	0.000278973
31.8125 	6.89273e-06 	-2.26919e-06 	0.000315016
31.875 	5.77738e-06 	2.03066e-07 	0.000305283
31.9375 	6.05225e-06 	1.9569e-06 	0.000320993
32.0 	7.67661e-06 	-1.54821e-06 	0.000343921
32.0625 	7.38887e-06 	3.64404e-06 	0.000373285
32.125 	7.7153e-06 	-1.63851e-06 	0.000407279
32.1875 	6.47381e-06 	3.0395e-06 	0.000398558
32.25 	5.33833e-06 	1.22586e-06 	0.000375485
32.3125 	7.88714e-06 	2.47798e-06 	0.000375916
32.375 	5.37403e-06 	-9.64701e-07 	0.000352458
32.4375 	6.29829e-06 	2.26517e-06 	0.00033945
32.5 	7.30835e-06 	-3.49534e-06 	0.000323036
32.625 	6.99798e-06 	8.41026e-07 	0.000315247
32.6875 	5.56759e-06 	-2.37427e-06 	0.000340804
32.75 	8.13574e-06 	1.49007e-06 	0.000368372
32.8125 	7.20446e-06 	8.03216e-07 	0.000389306
32.875 	6.2219e-06 	-7.37925e-07 	0.00043327
32.9375 	6.99665e-06 	-3.23106e-06 	0.000445868
33.0 	3.62214e-06 	-4.0267e-07 	0.000431261
33.0625 	6.13834e-06 	4.48112e-07 	0.000441749
33.125 	8.06854e-06 	-1.49999e-06 	0.000503081
33.1875 	4.13281e-06 	1.6647e-06 	0.00045205
33.25 	6.61173e-06 	2.61214e-06 	0.000437058
33.3125 	4.69481e-06 	1.02107e-06 	0.000451053
33.375 	6.61581e-06 	-3.09905e-06 	0.00043251
33.4375 	5.9446e-06 	6.22437e-07 	0.000428047
33.5 	3.69534e-06 	6.90237e-07 	0.000464916
33.625 	4.25075e-06 	-6.60502e-07 	0.000457972
33.6875 	7.73977e-06 	3.55287e-06 	0.000426567
33.75 	3.6945e-06 	1.13163e-06 	0.000434275
33.8125 	4.64983e-06 	8.88494e-07 	0.000424277
33.875 	5.24618e-06 	-1.55025e-06 	0.000416902
33.9375 	6.07092e-06 	1.54525e-06 	0.000414536
34.0625 	7.00852e-06 	-2.51048e-06 	0.000447892
34.125 	4.92862e-06 	-1.51881e-06 	0.000443206
34.1875 	6.40905e-06 	-9.23341e-07 	0.000454396
34.25 	6.77117e-06 	7.5034e-07 	0.000491648
34.3125 	7.33022e-06 	1.76705e-06 	0.000506101
34.375 	4.84951e-06 	-9.41685e-07 	0.000495873
34.4375 	4.34901e-06 	7.3331e-07 	0.000504878
34.5 	6.64594e-06 	3.14197e-06 	0.000514478
34.5625 	7.47129e-06 	-2.25578e-06 	0.000513709
34.625 	6.67658e-06 	1.07412e-06 	0.000505848
34.6875 	6.74363e-06 	-2.21991e-06 	0.000468382
34.75 	3.14695e-06 	8.7714e-07 	0.000438983
34.875 	6.17125e-06 	-2.76222e-06 	0.000446986
34.9375 	7.46495e-06 	3.65648e-06 	0.000423457
35.0 	5.40223e-06 	2.05653e-07 	0.000412988
35.0625 	6.8004e-06 	-2.89606e-06 	0.000398525
35.125 	7.67689e-06 	-3.06794e-06 	0.000386718
35.25 	5.30217e-06 	2.79957e-07 	0.000395436
35.3125 	5.46651e-06 	1.10982e-06 	0.00042303
35.375 	5.74702e-06 	1.82791e-06 	0.000391615
35.5625 	4.78608e-06 	7.36e-07 	0.000389182
35.625 	5.63934e-06 	-2.23151e-06 	0.000412225
35.6875 	3.90736e-06 	1.28651e-06 	0.000387813
35.75 	7.21297e-06 	-3.44268e-06 	0.000396538
35.8125 	6.78662e-06 	-1.93229e-06 	0.000366781
35.875 	7.56902e-06 	2.56646e-06 	0.000399598
35.9375 	5.2743e-06 	-1.20902e-06 	0.000448999
36.0 	8.17033e-06 	3.50914e-06 	0.000460411
36.125 	3.64236e-06 	6.46199e-07 	0.000501304
36.25 	6.42958e-06 	-2.73803e-06 	0.000514126
36.3125 	4.38077e-06 	-4.38245e-07 	0.000527331
36.4375 	7.27003e-06 	4.40547e-07 	0.000522701
36.5 	7.67161e-06 	-3.49351e-06 	0.000491318
36.5625 	6.20971e-06 	7.5041e-07 	0.000475432
36.625 	5.17227e-06 	-1.68935e-06 	0.000478447
36.6875 	7.123e-06 	-2.43462e-06 	0.000474017
36.8125 	3.76352e-06 	8.8508e-07 	0.000461654
36.875 	6.15287e-06 	-1.55076e-06 	0.000487068
36.9375 	6.08086e-06 	1.84895e-06 	0.000471474
37.0625 	8.04065e-06 	2.14132e-06 	0.000481961
37.125 	6.76364e-06 	2.4212e-06 	0.000512064
37.1875 	7.77558e-06 	-2.92158e-06 	0.000499384
37.25 	7.75705e-06 	3.49508e-06 	0.000503414
37.3125 	5.84209e-06 	2.39617e-06 	0.00048186
37.375 	7.04206e-06 	1.15089e-06 	0.000511903
37.4375 	3.35255e-06 	-1.4753e-07 	0.000489757
37.5 	4.78922e-06 	-2.00284e-06 	0.000486947
37.5625 	5.16225e-06 	1.12943e-06 	0.000524265
37.625 	2.87181e-06 	6.44776e-07 	0.000534781
37.75 	6.59596e-06 	3.14862e-06 	0.000520749
37.8125 	3.0569e-06 	7.39628e-07 	0.000545368
37.875 	5.3557e-06 	1.23552e-06 	0.00054478
37.9375 	3.2672e-06 	8.59501e-07 	0.000546962
38.0 	7.88319e-06 	-3.55897e-06 	0.000562196
38.0625 	6.57084e-06 	1.58195e-06 	0.00058289
38.125 	7.34196e-06 	-3.68835e-07 	0.000601749
38.1875 	4.31997e-06 	-1.55802e-06 	0.000637813
38.25 	5.56401e-06 	1.63376e-06 	0.000638143
38.3125 	6.77478e-06 	-3.27821e-06 	0.000638516
38.375 	7.50963e-06 	5.39176e-07 	0.000649476
38.4375 	7.27422e-06 	-1.57811e-06 	0.000648128
38.5625 	7.33831e-06 	2.93526e-06 	0.000660649
38.6875 	6.50473e-06 	-8.86025e-07 	0.000675082
38.8125 	8.05058e-06 	-1.62249e-06 	0.000681638
38.875 	5.06696e-06 	9.21136e-07 	0.000687117
38.9375 	4.75692e-06 	-1.11222e-08 	0.000687132
39.0 	6.80033e-06 	-2.2146e-06 	0.000651906
39.0625 	7.9154e-06 	-2.67146e-06 	0.000642028
39.125 	6.5852e-06 	-3.24334e-06 	0.000612475
39.1875 	7.68283e-06 	-1.40999e-06 	0.00058104
39.25 	6.41197e-06 	2.40228e-06 	0.000581905
39.3125 	5.80317e-06 	-2.67818e-06 	0.000611984
39.375 	3.56695e-06 	-3.53158e-07 	0.000641459
39.5 	5.65043e-06 	2.26752e-06 	0.000609569
39.5625 	4.78326e-06 	-5.2673e-07 	0.00059406
39.625 	3.06535e-06 	-1.7707e-07 	0.000580248
39.6875 	3.99942e-06 	6.92165e-07 	0.00054873
39.75 	5.84877e-06 	-9.24743e-07 	0.000534359
39.8125 	6.67454e-06 	-3.1853e-06 	0.000525046
39.875 	6.78871e-06 	-1.50011e-06 	0.000535557
39.9375 	7.72319e-06 	-2.1478e-06 	0.000537185
40.0 	3.0848e-06 	3.8006e-07 	0.000597361
40.0625 	5.62367e-06 	-3.95097e-07 	0.000606146
40.125 	7.63288e-06 	3.46807e-06 	0.000593459
40.25 	3.87255e-06 	4.33107e-07 	0.000592427
40.3125 	2.03828e-06 	2.31755e-07 	0.000568765
40.4375 	7.8382e-06 	-3.06294e-06 	0.000582096
40.5 	4.26154e-06 	8.61626e-07 	0.000579659
40.5625 	5.60308e-06 	1.09911e-06 	0.000541898
40.625 	8.04706e-06 	3.345e-06 	0.000528691
40.8125 	6.99543e-06 	-2.27384e-07 	0.000528124
40.875 	3.71418e-06 	-8.32579e-07 	0.000571823
40.9375 	8.11264e-06 	1.06577e-06 	0.000561864
41.0 	8.13476e-06 	-9.46901e-07 	0.000564938
41.125 	6.8422e-06 	-3.25746e-06 	0.000550457
41.1875 	7.02072e-06 	6.99651e-07 	0.000528167
41.25 	7.39934e-06 	-1.84561e-06 	0.000515729
41.3125 	5.91243e-06 	1.90673e-06 	0.000481718
41.375 	4.01466e-06 	2.89864e-07 	0.000476659
41.4375 	6.05322e-06 	-2.65847e-06 	0.000473317
41.5 	6.50624e-06 	-1.50508e-06 	0.000488666
41.5625 	6.88377e-06 	3.63316e-07 	0.000490332
41.625 	4.42859e-06 	-5.93695e-07 	0.000462661
41.6875 	5.89268e-06 	-5.14689e-07 	0.000469444
41.8125 	5.76835e-06 	1.77363e-06 	0.000486673
41.875 	6.49937e-06 	2.36446e-06 	0.000530815
41.9375 	6.13594e-06 	1.73521e-06 	0.000541024
42.0 	4.76321e-06 	1.62841e-06 	0.000534422
42.125 	7.29321e-06 	3.14168e-06 	0.000564147
42.25 	5.34026e-06 	-1.42821e-06 	0.000565475
42.375 	6.41169e-06 	-1.12505e-06 	0.000543085
42.4375 	7.96093e-06 	9.73745e-07 	0.00055223
42.5 	4.97959e-06 	1.18981e-06 	0.000565076
42.625 	4.69323e-06 	-2.17703e-06 	0.000551919
42.6875 	7.25999e-06 	-8.19318e-07 	0.000550653
42.75 	4.16031e-06 	1.12675e-07 	0.000562072
42.8125 	6.52509e-06 	-7.02834e-07 	0.000553553
42.875 	3.96196e-06 	-5.73666e-07 	0.000570247
42.9375 	7.09978e-06 	1.00806e-06 	0.000594498
43.0 	6.98212e-06 	1.54476e-06 	0.000571088
43.0625 	7.57217e-06 	2.31221e-06 	0.000570684
43.125 	5.92029e-06 	-8.96295e-07 	0.000571476
43.1875 	3.75643e-06 	3.34316e-07 	0.000551206
43.3125 	4.78717e-06 	7.40355e-07 	0.000551918
43.375 	7.69266e-06 	-1.75312e-06 	0.000545092
43.4375 	6.41825e-06 	-1.55727e-06 	0.000549921
43.5625 	7.08446e-06 	2.2868e-06 	0.000553285
43.6875 	4.08734e-06 	7.50593e-07 	0.000561737
43.75 	7.049e-06 	-3.3501e-06 	0.000564505
43.8125 	6.04197e-06 	-7.04245e-07 	0.000562973
43.875 	2.34127e-06 	6.01751e-07 	0.000601635
43.9375 	5.72711e-06 	2.55139e-06 	0.000621218
44.0 	7.43699e-06 	-1.82786e-06 	0.000592681
44.0625 	3.21895e-06 	-6.85499e-07 	0.000594033
44.125 	5.56224e-06 	-2.38485e-06 	0.000612647
44.1875 	5.80465e-06 	2.27273e-06 	0.00062274
44.25 	5.91413e-06 	2.36005e-06 	0.00062425
44.3125 	8.16362e-06 	3.10415e-06 	0.000627191
44.375 	3.2156e-06 	-7.11649e-07 	0.000627016
44.4375 	6.21877e-06 	1.75627e-06 	0.000648857
44.5 	6.65464e-06 	-1.09862e-06 	0.000658006
44.5625 	7.49937e-06 	-3.47974e-06 	0.000634739
44.625 	4.24485e-06 	1.27683e-06 	0.000668462
44.6875 	6.9777e-06 	2.58875e-06 	0.000669342
44.75 	7.48174e-06 	8.81825e-08 	0.000653399
44.8125 	3.50161e-06 	4.06886e-08 	0.000638771
44.875 	6.70972e-06 	6.35144e-07 	0.000667649
44.9375 	7.60015e-06 	1.75478e-06 	0.00071227
45.0 	3.96976e-06 	-3.25709e-07 	0.000718026
45.0625 	7.93288e-06 	3.55874e-06 	0.000723812
45.125 	7.89733e-06 	2.20367e-06 	0.000711673
45.1875 	5.80677e-06 	-1.08429e-06 	0.000705514
45.25 	6.40873e-06 	1.09514e-06 	0.000710435
45.3125 	7.45343e-06 	-3.55738e-06 	0.000707173
45.375 	6.7859e-06 	-3.59625e-07 	0.000653551
45.5 	5.93872e-06 	1.75839e-06 	0.000625643
45.5625 	3.95488e-06 	1.1292e-06 	0.000628215
45.625 	7.36748e-06 	1.84988e-06 	0.000649918
45.6875 	5.6195e-06 	1.49113e-06 	0.000621065
45.75 	7.21987e-06 	-1.29299e-06 	0.000636116
45.875 	5.42809e-06 	-1.11014e-06 	0.000636298
45.9375 	7.88918e-06 	-3.22214e-06 	0.000671048
46.0 	5.15467e-06 	1.14918e-06 	0.000652375
46.0625 	6.34792e-06 	2.46022e-06 	0.000628231
46.125 	3.81968e-06 	-1.17204e-06 	0.000626664
46.3125 	6.15467e-06 	-1.99351e-06 	0.000621786
46.375 	6.56935e-06 	7.62377e-07 	0.000614614
46.4375 	5.39665e-06 	1.08868e-06 	0.000632162
46.5 	7.07288e-06 	1.76379e-06 	0.00062193
46.5625 	6.66425e-06 	-4.5408e-07 	0.000619737
46.625 	7.72864e-06 	-5.94705e-07 	0.000661537
46.6875 	4.45885e-06 	1.37496e-06 	0.000664057
46.75 	8.06072e-06 	-2.71664e-06 	0.000652498
46.8125 	6.49093e-06 	2.03832e-06 	0.000655649
46.875 	5.65356e-06 	3.38284e-07 	0.000639772
47.0 	6.3621e-06 	1.91027e-06 	0.000624364
47.0625 	8.03302e-06 	-1.9517e-06 	0.000631821
47.125 	6.83427e-06 	4.81486e-07 	0.000620536
47.1875 	6.95921e-06 	1.02666e-06 	0.000614048
47.25 	3.80544e-06 	7.06166e-07 	0.000615002
47.3125 	7.31318e-06 	-1.93844e-06 	0.000638838
47.375 	7.51312e-06 	-3.38417e-07 	0.000633129
47.4375 	6.45305e-06 	7.04491e-07 	0.000653748
47.5 	6.70822e-06 	3.18245e-06 	0.000660649
47.5625 	7.16615e-06 	-3.29057e-06 	0.000656419
47.625 	3.18634e-06 	-6.65381e-07 	0.000629927
47.6875 	6.66447e-06 	3.1993e-06 	0.000654223
47.8125 	2.84039e-06 	7.13441e-07 	0.000618463
47.875 	6.23023e-06 	-1.04593e-06 	0.000561591
48.0 	6.55033e-06 	-3.13967e-06 	0.000549107
48.0625 	6.82055e-06 	5.09018e-07 	0.000570573
48.1875 	7.4328e-06 	-7.83193e-08 	0.000593513
48.25 	7.61911e-06 	-1.96951e-06 	0.0006173
48.3125 	7.65505e-06 	-1.49957e-07 	0.000631129
48.375 	7.73639e-06 	1.34703e-06 	0.000643533
48.4375 	6.39583e-06 	1.49463e-06 	0.000647507
48.5 	7.47068e-06 	-2.72212e-06 	0.000661504
48.5625 	5.81665e-06 	1.85571e-06 	0.000661409
48.75 	6.41342e-06 	1.0942e-06 	0.000707293
48.8125 	5.79015e-06 	-4.745e-08 	0.00074208
48.9375 	6.86567e-06 	-3.46744e-07 	0.000768961
49.0 	4.76014e-06 	1.20136e-06 	0.000768836
49.125 	6.99381e-06 	-3.1717e-06 	0.000783765
49.1875 	6.40816e-06 	2.22973e-06 	0.000800941
49.25 	7.24789e-06 	-1.74319e-06 	0.000779759
49.3125 	7.15509e-06 	3.39811e-06 	0.000787083
49.375 	3.7372e-06 	9.1778e-07 	0.000780087
49.4375 	6.55665e-06 	-6.01155e-07 	0.000771709
49.5 	6.60567e-06 	-6.00017e-07 	0.000756942
49.5625 	6.61387e-06 	2.75957e-06 	0.000790791
49.625 	2.96048e-06 	-6.81998e-07 	0.000790994
49.6875 	5.55618e-06 	-2.31064e-06 	0.000815574
49.75 	6.97086e-06 	-3.26548e-06 	0.000824702
50.0625 	4.9704e-06 	-5.52525e-07 	0.000808342
50.125 	7.98603e-06 	1.50386e-06 	0.000814599
50.25 	8.13501e-06 	1.48981e-06 	0.000827786
50.3125 	7.0631e-06 	-3.39024e-06 	0.000849665
50.375 	8.20468e-06 	2.05865e-06 	0.00088247
50.4375 	5.5425e-06 	-8.85467e-08 	0.000920692
50.5 	8.09167e-06 	-2.71337e-06 	0.000920854
50.5625 	6.5757e-06 	-2.18583e-06 	0.000917889
50.625 	7.21593e-06 	-3.07757e-06 	0.000916082
50.75 	6.84091e-06 	7.75869e-07 	0.000891239
50.8125 	4.31556e-06 	6.09756e-08 	0.000901256
50.875 	6.79347e-06 	-1.20969e-06 	0.00089962
50.9375 	5.94829e-06 	1.97919e-06 	0.000884584
51.0 	6.5674e-06 	-2.38388e-06 	0.000900109
51.0625 	8.0842e-06 	-1.15827e-06 	0.000923496
51.125 	3.08531e-06 	8.604e-07 	0.000939012
51.1875 	7.2123e-06 	5.75614e-07 	0.000907332
51.25 	7.24495e-06 	-2.15551e-06 	0.00092811
51.3125 	5.77126e-06 	-1.55378e-06 	0.000926648
51.375 	5.67621e-06 	-1.3699e-06 	0.000931037
51.4375 	7.09385e-06 	-9.92718e-07 	0.000913007
51.5 	7.68812e-06 	3.47233e-06 	0.000919742
51.5625 	7.51285e-06 	-2.16173e-06 	0.000916673
51.625 	8.12816e-06 	-2.38554e-06 	0.000923392
51.6875 	6.68984e-06 	-3.11745e-06 	0.000947889
51.8125 	7.12786e-06 	2.90336e-06 	0.000979976
51.875 	7.3738e-06 	-3.41565e-06 	0.00099653
52.0 	8.0754e-06 	-3.00642e-06 	0.000999287
52.0625 	7.66236e-06 	-2.0401e-07 	0.00101004
52.1875 	7.76867e-06 	3.64576e-06 	0.000992205
52.25 	2.52582e-06 	2.12172e-07 	0.00100918
52.3125 	6.33585e-06 	1.66269e-06 	0.00101511
52.375 	6.17122e-06 	7.13304e-07 	0.0010148
52.4375 	7.20908e-06 	-3.42214e-06 	0.000997885
52.5 	7.72631e-06 	1.53198e-06 	0.00100869
52.5625 	5.76732e-06 	1.36743e-06 	0.00101991
52.625 	5.13783e-06 	1.12948e-06 	0.00102353
52.6875 	6.92649e-06 	-1.68182e-06 	0.00103887
52.75 	7.40812e-06 	2.43395e-06 	0.00105665
52.8125 	6.15525e-06 	1.99643e-06 	0.00108889
52.875 	5.63232e-06 	-2.31185e-06 	0.00107994
52.9375 	8.08456e-06 	-3.77052e-06 	0.00106865
53.0 	3.56455e-06 	1.17468e-06 	0.00102002
53.125 	6.79181e-06 	9.1115e-07 	0.00103229
53.1875 	4.89021e-06 	8.51534e-07 	0.00101276
53.25 	6.74981e-06 	-3.22312e-06 	0.000974129
53.3125 	5.18295e-06 	-1.73762e-06 	0.000983097
53.375 	7.81116e-06 	-1.89018e-06 	0.000980959
53.5 	3.49186e-06 	-2.78031e-07 	0.000993872
53.5625 	6.44697e-06 	3.04457e-06 	0.00102428
53.625 	6.84455e-06 	-1.48857e-06 	0.00100349
53.6875 	7.89094e-06 	1.14762e-06 	0.000984849
53.75 	4.98246e-06 	1.56157e-07 	0.00103114
53.8125 	3.6584e-06 	8.03408e-07 	0.00101073
53.875 	6.85789e-06 	2.51051e-06 	0.00100911
53.9375 	5.06378e-06 	9.66084e-07 	0.00101353
54.0 	3.99789e-06 	7.28548e-07 	0.00101642
54.0625 	6.4232e-06 	8.17437e-07 	0.000985145
54.125 	7.9407e-06 	3.51554e-06 	0.00100052
54.1875 	8.10565e-06 	2.78138e-06 	0.000997181
54.25 	7.9517e-06 	3.83213e-06 	0.00102007
54.3125 	7.9362e-06 	1.21187e-06 	0.000997095
54.375 	7.09213e-06 	2.69565e-06 	0.000950239
54.4375 	7.40292e-06 	2.67956e-06 	0.000984672
54.5 	4.65765e-06 	5.53352e-07 	0.00095523
54.625 	4.43704e-06 	6.54696e-07 	0.000973617
54.6875 	7.42861e-06 	1.46536e-06 	0.000975873
54.8125 	6.81289e-06 	-9.63886e-07 	0.000947875
54.875 	4.46066e-06 	-3.18375e-07 	0.000974802
54.9375 	7.47838e-06 	-7.01363e-07 	0.00100355
55.0 	7.81928e-06 	-2.91822e-06 	0.000952255
55.0625 	3.32371e-06 	7.87941e-07 	0.000954759
55.125 	7.89538e-06 	2.87619e-06 	0.00095257
55.1875 	5.72606e-06 	6.69516e-07 	0.000952209
55.3125 	3.32889e-06 	-8.5848e-07 	0.000941356
55.4375 	6.92066e-06 	6.25369e-07 	0.000979299
55.5 	7.94046e-06 	-2.17186e-07 	0.000990303
55.625 	3.18823e-06 	-6.36795e-07 	0.000992121
55.6875 	5.19295e-06 	-1.42205e-06 	0.0010036
55.75 	5.64005e-06 	-2.02385e-06 	0.00103138
55.8125 	6.04671e-06 	1.43672e-06 	0.00100736
55.875 	6.58586e-06 	-3.13646e-06 	0.000999944
55.9375 	4.7084e-06 	7.11268e-07 	0.00101568
56.0 	2.94362e-06 	-8.29625e-07 	0.00102666
56.0625 	4.7506e-06 	8.48512e-07 	0.00102336
56.125 	4.39883e-06 	-4.44768e-07 	0.00103263
56.1875 	6.18241e-06 	-1.65358e-06 	0.00103311
56.25 	4.52428e-06 	-1.36683e-07 	0.00104305
56.3125 	7.76737e-06 	-3.73348e-06 	0.00104585
56.375 	3.42036e-06 	1.05424e-06 	0.00110655
56.4375 	6.21338e-06 	-1.95156e-06 	0.00112642
56.5625 	5.24721e-06 	-4.65811e-07 	0.00113189
56.625 	3.26978e-06 	4.47186e-07 	0.0011249
56.6875 	7.45683e-06 	-3.51998e-06 	0.00112871
56.75 	6.39633e-06 	-2.76179e-07 	0.00112006
56.8125 	5.9686e-06 	-2.59525e-06 	0.00112984
56.875 	3.43619e-06 	-2.80956e-09 	0.00117822
56.9375 	5.774e-06 	2.21935e-06 	0.00119369
57.0 	3.43977e-06 	-8.97984e-07 	0.00118224
57.0625 	7.99379e-06 	-1.23467e-06 	0.00119265
57.125 	5.47791e-06 	1.66888e-06 	0.00121915
57.1875 	6.04286e-06 	1.87204e-06 	0.0012323
57.25 	8.01641e-06 	1.52182e-06 	0.00122815
57.3125 	7.3401e-06 	1.59026e-06 	0.00126637
57.375 	7.03775e-06 	2.24993e-06 	0.0013008
57.4375 	6.93622e-06 	3.2226e-06 	0.00130969
57.5 	3.01159e-06 	-6.57739e-07 	0.00130857
57.5625 	7.96767e-06 	8.76673e-07 	0.00132825
57.625 	4.76582e-06 	2.10345e-06 	0.00134132
57.6875 	7.04557e-06 	-1.03483e-06 	0.0013438
57.75 	6.22475e-06 	2.14472e-06 	0.00131523
57.8125 	3.63048e-06 	-7.5854e-07 	0.00133315
57.9375 	4.58091e-06 	1.76754e-06 	0.00134756
58.0 	6.37567e-06 	-1.12593e-06 	0.00135518
58.0625 	6.81341e-06 	-9.11761e-07 	0.00137114
58.125 	6.98486e-06 	1.94942e-06 	0.00135119
58.1875 	3.04571e-06 	-6.10063e-07 	0.00134817
58.25 	3.86893e-06 	-1.20983e-06 	0.00134456
58.3125 	6.49923e-06 	1.53715e-06 	0.0013222
58.375 	4.26094e-06 	8.64134e-07 	0.00131659
58.4375 	7.93259e-06 	-1.69542e-06 	0.00129743
58.5 	5.58834e-06 	-1.53487e-06 	0.00130404
58.5625 	7.22932e-06 	-1.80919e-06 	0.001301
58.625 	6.46831e-06 	-1.38348e-06 	0.00132889
58.6875 	6.4002e-06 	-2.10189e-06 	0.00135367
58.8125 	4.93741e-06 	1.44662e-07 	0.00135049
58.875 	7.00492e-06 	-6.96831e-07 	0.00130719
58.9375 	5.69625e-06 	2.69196e-06 	0.00130807
59.0 	5.60149e-06 	-1.04054e-06 	0.00126329
59.125 	5.14302e-06 	2.48986e-07 	0.00129503
59.1875 	6.17523e-06 	4.62523e-07 	0.00129718
59.25 	6.88431e-06 	3.27643e-06 	0.00131235
59.3125 	2.98601e-06 	-7.24427e-07 	0.0013214
59.375 	6.75912e-06 	-7.13181e-07 	0.00130259
59.4375 	5.53345e-06 	8.76332e-07 	0.00130395
59.5 	7.06869e-06 	-4.57002e-07 	0.00130984
59.5625 	4.61663e-06 	1.12509e-06 	0.00130644
59.6875 	5.93335e-06 	1.63218e-06 	0.00132067
59.8125 	7.16614e-06 	2.44149e-06 	0.00129421
59.875 	6.94451e-06 	-1.53086e-06 	0.00132288
59.9375 	4.97092e-06 	1.91484e-06 	0.00136134
60.0 	5.79017e-06 	-1.35317e-06 	0.00134346
60.0625 	6.92495e-06 	3.36349e-06 	0.00132385
60.125 	4.99021e-06 	1.99626e-06 	0.00134425
60.375 	6.08421e-06 	-9.17469e-07 	0.00135323
60.4375 	6.32648e-06 	-1.29111e-06 	0.00134343
60.5 	7.01949e-06 	3.42492e-06 	0.00136976
60.5625 	7.44209e-06 	1.07828e-06 	0.00137169
60.625 	7.10261e-06 	2.57827e-06 	0.00135142
60.6875 	7.23554e-06 	-2.36173e-06 	0.00136721
60.75 	6.07826e-06 	1.34499e-06 	0.00133734
60.8125 	5.90795e-06 	-1.07392e-06 	0.00135795
60.875 	5.56598e-06 	9.2704e-07 	0.00140427
60.9375 	4.63593e-06 	-1.72678e-06 	0.00141273
61.0 	6.49238e-06 	1.53234e-06 	0.00142603
61.0625 	6.53264e-06 	9.50284e-07 	0.00142907
61.125 	4.2732e-06 	-1.14033e-06 	0.00143739
61.1875 	7.5273e-06 	-3.50499e-06 	0.00144047
61.25 	5.63541e-06 	1.22502e-07 	0.00142346
61.3125 	4.33719e-06 	-6.625e-07 	0.00146196
61.375 	7.97059e-06 	-1.88779e-06 	0.00145433
61.4375 	8.20916e-06 	-9.84268e-07 	0.0014704
61.5 	8.10314e-06 	-3.79413e-06 	0.00147522
61.625 	7.32099e-06 	-3.31912e-06 	0.00145822
61.6875 	5.19631e-06 	3.84482e-07 	0.00145738
61.75 	7.1814e-06 	-2.99896e-06 	0.00146876
61.8125 	7.41187e-06 	-1.86463e-06 	0.00144286
61.875 	7.72821e-06 	-1.24073e-06 	0.00143369
61.9375 	8.02442e-06 	-2.29939e-06 	0.00138002
62.0 	6.35586e-06 	1.94209e-06 	0.00144576
62.125 	6.76444e-06 	3.4452e-06 	0.00143864
62.1875 	7.59831e-06 	9.23825e-07 	0.00144834
62.25 	6.64538e-06 	6.23488e-07 	0.00144627
62.3125 	6.63604e-06 	-2.30687e-06 	0.00142583
62.375 	7.0976e-06 	2.24284e-06 	0.00144566
62.4375 	3.56875e-06 	3.71852e-07 	0.00147211
62.5 	7.63833e-06 	3.63705e-06 	0.00148199
62.5625 	5.81113e-06 	-1.82131e-06 	0.0014814
62.6875 	5.11087e-06 	2.18804e-06 	0.00147865
62.75 	4.24247e-06 	-5.02945e-07 	0.00147616
62.875 	4.22231e-06 	1.10157e-06 	0.00145841
62.9375 	3.37186e-06 	4.92914e-07 	0.00146528
63.0 	4.63981e-06 	-9.72861e-07 	0.00142669
63.125 	5.59007e-06 	-9.28788e-07 	0.00143372
63.25 	3.94406e-06 	9.20587e-08 	0.00143122
63.375 	3.78362e-06 	4.09239e-07 	0.00142576
63.4375 	4.48077e-06 	4.5252e-07 	0.00141973
63.5625 	4.81538e-06 	2.13444e-07 	0.00141741
63.625 	7.56964e-06 	1.04929e-07 	0.00146681
63.8125 	5.97918e-06 	9.75635e-07 	0.00145077
63.875 	8.03434e-06 	2.49976e-06 	0.00147756
63.9375 	5.79782e-06 	-2.38434e-07 	0.00147187
64.0 	6.80632e-06 	-2.51408e-06 	0.00145045
64.0625 	7.77612e-06 	2.94229e-06 	0.00148377
64.125 	5.92483e-06 	6.48381e-07 	0.00147531
64.25 	8.06267e-06 	1.97897e-06 	0.00147521
64.3125 	7.07309e-06 	-3.37359e-06 	0.00149713
64.4375 	6.93357e-06 	-1.98752e-06 	0.00149629
64.5625 	7.24523e-06 	1.87377e-06 	0.00152935
64.6875 	5.38044e-06 	4.91943e-07 	0.00154069
64.75 	6.24542e-06 	8.73e-07 	0.001512
64.8125 	2.67233e-06 	4.2507e-07 	0.0014863
64.875 	8.0802e-06 	2.58201e-06 	0.00145099
64.9375 	7.51966e-06 	-8.29671e-07 	0.00148094
65.0 	7.41604e-06 	-3.67406e-06 	0.00145951
65.0625 	7.43197e-06 	-9.19542e-07 	0.00147098
65.125 	7.9288e-06 	2.4001e-06 	0.00151374
65.1875 	7.94336e-06 	-2.213e-06 	0.0015154
65.25 	6.96155e-06 	-1.57153e-06 	0.00152702
65.5 	6.5839e-06 	2.39205e-06 	0.00154799
65.625 	5.16535e-06 	-1.19622e-06 	0.00151847
65.6875 	6.83375e-06 	2.00075e-06 	0.00155675
65.75 	4.45713e-06 	8.24734e-07 	0.00155987
65.8125 	5.07925e-06 	8.76973e-07 	0.00154794
65.875 	7.8382e-06 	9.06823e-07 	0.00149709
65.9375 	6.12804e-06 	-2.77831e-06 	0.00149901
66.0 	7.62551e-06 	2.02698e-06 	0.0015027
66.0625 	6.72359e-06 	-1.48491e-06 	0.00155221
66.1875 	7.95567e-06 	3.78056e-06 	0.00156687
66.25 	7.2877e-06 	3.15191e-06 	0.0015537
66.3125 	7.98292e-06 	6.98352e-07 	0.00152399
66.375 	4.01803e-06 	-1.19887e-06 	0.00156869
66.4375 	6.17841e-06 	-1.39106e-06 	0.00155754
66.5 	7.84128e-06 	-2.6067e-06 	0.00154952
66.5625 	7.79609e-06 	1.08455e-06 	0.00157679
66.625 	5.56231e-06 	-1.55324e-06 	0.00157926
66.75 	4.34896e-06 	7.09348e-07 	0.00158237
66.8125 	7.12141e-06 	1.834e-06 	0.00160632
66.875 	7.83076e-06 	7.25014e-07 	0.00154738
66.9375 	6.59383e-06 	1.62067e-06 	0.00156742
67.0 	6.8115e-06 	1.0976e-06 	0.00162184
67.125 	6.12256e-06 	1.62401e-06 	0.00164498
67.1875 	7.10291e-06 	-1.26523e-06 	0.00162726
67.25 	6.80579e-06 	-2.15657e-06 	0.00162345
67.3125 	6.39072e-06 	2.78436e-06 	0.0016555
67.375 	3.71993e-06 	-6.67158e-07 	0.00166736
67.4375 	4.54899e-06 	9.51942e-07 	0.0016682
67.5 	6.20688e-06 	-1.1463e-06 	0.00169143
67.5625 	7.66332e-06 	-1.55802e-06 	0.00169284
67.8125 	7.97378e-06 	-2.20812e-06 	0.0016899
67.875 	6.3653e-06 	-6.76357e-07 	0.00165536
67.9375 	7.53345e-06 	3.60208e-06 	0.00165158
68.0 	6.27404e-06 	2.48348e-06 	0.00164217
68.0625 	4.5468e-06 	-9.09636e-08 	0.0016287
68.125 	6.26121e-06 	-1.06583e-06 	0.00161183
68.1875 	7.03891e-06 	3.31851e-06 	0.00161173
68.25 	7.08892e-06 	1.34674e-06 	0.00160912
68.3125 	4.64954e-06 	7.3656e-07 	0.00162775
68.375 	6.77939e-06 	-3.60696e-06 	0.00160664
68.4375 	7.5011e-06 	-1.33412e-06 	0.00158814
68.5 	5.15942e-06 	1.18956e-06 	0.00156062
68.5625 	7.72246e-06 	-1.75489e-06 	0.0015677
68.625 	5.06782e-06 	-1.15765e-06 	0.00158071
68.6875 	5.28544e-06 	4.65045e-07 	0.00157591
68.75 	8.05635e-06 	-2.83639e-06 	0.00154574
68.8125 	8.10372e-06 	-5.09765e-07 	0.00154011
68.875 	4.16733e-06 	1.30811e-06 	0.00154763
68.9375 	6.69006e-06 	-3.95196e-07 	0.00155397
69.0 	6.98285e-06 	-6.64895e-07 	0.00154225
69.0625 	6.58314e-06 	-7.80274e-07 	0.00153385
69.125 	8.06349e-06 	-1.21722e-06 	0.00155674
69.1875 	7.13224e-06 	-3.02246e-06 	0.00150834
69.25 	3.65189e-06 	7.19485e-07 	0.00151072
69.3125 	8.04781e-06 	-1.32469e-06 	0.00154723
69.4375 	7.33597e-06 	2.9467e-07 	0.00153046
69.5 	4.26232e-06 	-2.54063e-07 	0.00153918
69.5625 	7.94107e-06 	1.35924e-06 	0.00151295
69.625 	7.72125e-06 	9.40776e-07 	0.00150534
69.75 	7.34925e-06 	-1.82971e-06 	0.00150557
69.8125 	6.23214e-06 	-2.91857e-06 	0.00149759
69.875 	7.95182e-06 	-3.70574e-06 	0.00151447
69.9375 	5.76584e-06 	-5.23965e-07 	0.00152315
