# time 	Local 	Global 	Cumulative
0.333274 	4.16135e-06 	-9.99945e-07 	5.84946e-07
0.579973 	6.83698e-06 	3.61254e-06 	1.99017e-05
0.642226 	7.27878e-06 	-2.22665e-06 	1.03203e-05
0.70448 	5.7223e-06 	-2.72204e-06 	2.90341e-05
0.766734 	4.00839e-06 	-1.30366e-06 	2.37607e-05
0.828988 	4.72191e-06 	2.06561e-06 	1.50394e-05
1.01575 	7.44149e-06 	-1.63259e-06 	-9.25656e-06
1.26477 	7.64716e-06 	2.2504e-06 	-1.15201e-05
1.38927 	4.92657e-06 	-8.53979e-07 	-5.32396e-06
1.45153 	5.64571e-06 	-1.75709e-06 	-2.50625e-05
1.51378 	4.7289e-06 	1.06492e-06 	-5.12747e-05
1.57604 	5.15319e-06 	1.49308e-06 	-2.61393e-05
1.7628 	4.29968e-06 	-1.17598e-06 	3.05151e-05
1.8873 	7.47878e-06 	-2.5411e-06 	5.84321e-05
1.94956 	4.76862e-06 	-1.25894e-06 	7.09885e-05
2.07407 	4.53914e-06 	1.47664e-06 	0.000107653
2.19857 	2.78572e-06 	8.09388e-08 	8.0856e-05
2.26083 	7.74414e-06 	3.12184e-06 	7.79613e-05
2.32308 	5.86508e-06 	-1.93265e-06 	6.56992e-05
2.38534 	4.03005e-06 	1.20759e-06 	0.000105479
2.44759 	5.93664e-06 	1.98772e-06 	0.000154066
2.63435 	6.86663e-06 	3.34311e-06 	0.000173573
2.69661 	3.89414e-06 	-1.00277e-06 	0.000207144
2.88337 	4.99314e-06 	1.76058e-06 	0.000230985
2.94562 	4.78737e-06 	-9.16129e-07 	0.000248921
3.07013 	6.16111e-06 	2.06138e-06 	0.000235911
3.13238 	7.82553e-06 	2.92591e-06 	0.000233349
3.19464 	4.9075e-06 	-1.09389e-06 	0.000233353
3.25689 	7.96041e-06 	8.88198e-07 	0.000255958
3.31914 	6.68696e-06 	1.69779e-06 	0.000242838
3.3814 	4.4948e-06 	6.76405e-07 	0.000259053
3.44365 	4.34446e-06 	1.31572e-06 	0.000257568
3.50591 	6.18603e-06 	-2.1208e-06 	0.000239518
3.56816 	5.51562e-06 	-2.61442e-06 	0.00025182
3.69267 	5.74578e-06 	-1.62862e-06 	0.000246608
3.75492 	6.97432e-06 	-2.28151e-06 	0.000244672
3.81718 	5.01498e-06 	-1.40298e-06 	0.000231718
3.87943 	8.01277e-06 	2.97865e-06 	0.000218564
4.00394 	7.96739e-06 	2.75873e-06 	0.000208268
4.06619 	6.15161e-06 	-1.34041e-06 	0.000206226
4.12845 	4.44111e-06 	7.41235e-07 	0.000230922
4.1907 	4.77211e-06 	1.6348e-06 	0.000254234
4.25295 	7.05483e-06 	2.8119e-06 	0.000246156
4.31521 	7.98653e-06 	-2.38654e-06 	0.000218091
4.37746 	5.94023e-06 	-2.0448e-06 	0.000242548
4.50197 	7.57914e-06 	1.33478e-06 	0.000257133
4.56422 	5.10938e-06 	9.98856e-07 	0.000245427
4.62648 	5.25166e-06 	-1.47654e-06 	0.000229562
4.68873 	6.79792e-06 	-1.83741e-06 	0.000208055
4.81324 	5.21577e-06 	1.47397e-06 	0.00018576
4.87549 	5.70579e-06 	8.65519e-08 	0.000194662
4.93775 	7.46748e-06 	-2.52064e-06 	0.00019051
5.0 	7.11518e-06 	1.968e-06 	0.000223439
5.0625 	7.52224e-06 	-1.33399e-06 	0.000234463
5.125 	4.3124e-06 	1.1806e-06 	0.000210475
5.25 	5.93491e-06 	1.52199e-06 	0.000248036
5.3125 	6.47772e-06 	2.39365e-06 	0.000256192
5.375 	7.49068e-06 	1.99661e-06 	0.000258691
5.5 	5.37514e-06 	1.65629e-06 	0.000241887
5.5625 	7.30902e-06 	-2.97325e-06 	0.000275902
5.625 	4.77197e-06 	1.31505e-06 	0.000319054
5.6875 	7.45572e-06 	-2.44895e-06 	0.000291611
5.75 	7.42673e-06 	-6.39152e-07 	0.000289341
5.8125 	6.94356e-06 	2.09569e-06 	0.000278149
5.875 	6.85438e-06 	1.29404e-06 	0.000294376
5.9375 	5.33026e-06 	-2.23055e-06 	0.000304573
6.0 	3.24105e-06 	8.66244e-07 	0.00030571
6.125 	5.51564e-06 	-1.50918e-06 	0.00034549
6.1875 	5.95738e-06 	-3.11975e-06 	0.000346295
6.25 	6.85018e-06 	1.67028e-06 	0.000370626
6.4375 	4.98018e-06 	1.16399e-06 	0.0003796
6.75 	7.84664e-06 	2.22596e-06 	0.000343781
6.8125 	7.14312e-06 	2.25484e-06 	0.000336305
6.9375 	3.64063e-06 	1.27269e-06 	0.000306606
7.125 	6.74332e-06 	-9.77864e-07 	0.000300301
7.1875 	6.74594e-06 	-1.81587e-06 	0.000283802
7.25 	5.25873e-06 	1.61433e-06 	0.000299341
7.4375 	6.76148e-06 	-7.85782e-07 	0.000286772
7.5625 	6.10166e-06 	2.07255e-06 	0.000311822
7.625 	5.99882e-06 	-1.40649e-06 	0.000334723
7.6875 	5.62277e-06 	-1.63207e-06 	0.000354981
7.8125 	4.09555e-06 	-8.35998e-07 	0.000375285
7.9375 	6.06917e-06 	-1.68102e-06 	0.000375236
8.0 	5.43632e-06 	-1.93877e-06 	0.000385686
8.0625 	5.59483e-06 	-1.88649e-06 	0.000350114
8.125 	7.4026e-06 	-2.65632e-06 	0.000367281
8.25 	5.92281e-06 	2.20896e-06 	0.000358099
8.3125 	5.37649e-06 	-1.70126e-06 	0.000324863
8.375 	8.02695e-06 	2.39777e-06 	0.000325782
8.4375 	5.26107e-06 	2.55267e-06 	0.000327126
8.5 	5.1965e-06 	1.60845e-06 	0.000295922
8.5625 	5.22675e-06 	1.90619e-06 	0.000270434
8.8125 	6.97163e-06 	-2.5576e-06 	0.000223386
8.9375 	4.98943e-06 	-1.32692e-06 	0.000207284
9.0 	4.78207e-06 	8.53673e-07 	0.000255198
9.0625 	8.25327e-06 	5.43536e-07 	0.000221234
9.1875 	4.64485e-06 	1.46016e-06 	0.000224117
9.25 	7.12365e-06 	8.69369e-07 	0.000259568
9.3125 	4.55021e-06 	-1.10427e-06 	0.000251205
9.375 	5.21441e-06 	-1.86794e-06 	0.000238374
9.4375 	5.99904e-06 	2.64987e-06 	0.000195627
9.5625 	5.92778e-06 	1.68533e-06 	0.000176007
9.625 	6.94086e-06 	-2.30253e-06 	0.000173268
9.6875 	4.91518e-06 	-1.1305e-06 	0.000197517
9.8125 	2.45403e-06 	-1.17694e-08 	0.000201429
9.9375 	5.44926e-06 	5.62049e-07 	0.000245594
10.0 	5.37748e-06 	2.61198e-06 	0.000228015
10.0625 	4.86303e-06 	-1.39616e-06 	0.000216584
10.1875 	4.65099e-06 	-1.25784e-06 	0.000209892
10.3125 	5.75425e-06 	1.81978e-06 	0.000218892
10.375 	4.36029e-06 	-7.92701e-07 	0.000202023
10.625 	5.66485e-06 	-2.02965e-06 	0.000217373
10.6875 	5.28349e-06 	-3.80448e-07 	0.000191195
10.75 	2.38365e-06 	5.69946e-08 	0.00020043
10.8125 	5.13671e-06 	-1.4647e-06 	0.000193408
10.875 	6.04058e-06 	-2.92162e-06 	0.000188406
11.0 	7.80097e-06 	-2.81545e-06 	0.000228064
11.0625 	7.19083e-06 	2.83816e-06 	0.000232784
11.1875 	6.87069e-06 	-2.85378e-06 	0.000239782
11.4375 	2.81992e-06 	-1.44824e-07 	0.000272376
11.5625 	5.09258e-06 	-2.27201e-06 	0.000282103
11.625 	4.66806e-06 	-1.38176e-06 	0.000272808
11.6875 	7.92304e-06 	-1.54875e-06 	0.000268365
11.75 	6.27223e-06 	-3.05132e-06 	0.000266969
11.8125 	6.33746e-06 	-3.27763e-06 	0.000275425
11.875 	5.82358e-06 	-1.96099e-06 	0.000278364
11.9375 	7.53444e-06 	2.24357e-06 	0.000301039
12.0 	8.40799e-06 	-2.18499e-06 	0.000274496
12.0625 	5.34477e-06 	-2.0657e-06 	0.00023926
12.1875 	7.99371e-06 	-2.31744e-06 	0.0002136
12.25 	5.59433e-06 	-2.69156e-06 	0.000239143
12.3125 	7.6002e-06 	2.83106e-06 	0.000243792
12.375 	6.21936e-06 	-1.22632e-06 	0.000235674
12.5625 	4.01019e-06 	1.08128e-06 	0.00022043
12.625 	5.99991e-06 	7.44064e-07 	0.000216363
12.6875 	7.72663e-06 	2.79872e-06 	0.000234075
12.8125 	4.98176e-06 	2.02489e-06 	0.000222472
12.875 	7.7399e-06 	-1.55156e-06 	0.000211162
13.0 	5.78616e-06 	1.8932e-06 	0.000172895
13.0625 	6.42878e-06 	7.9338e-07 	0.000171973
13.1875 	6.47495e-06 	-6.4043e-07 	0.000171089
13.25 	5.76182e-06 	1.83155e-06 	0.000147136
13.375 	7.99402e-06 	2.33913e-06 	0.000177127
13.4375 	4.92916e-06 	1.50366e-06 	0.000155297
13.5 	5.12529e-06 	-1.8944e-06 	0.000161685
13.5625 	5.27521e-06 	-1.79672e-06 	0.000176131
13.625 	8.35035e-06 	2.88634e-06 	0.000212219
13.6875 	5.4858e-06 	1.77662e-06 	0.000221327
14.0 	7.28032e-06 	-2.39426e-06 	0.000241157
14.0625 	5.4825e-06 	-5.49471e-07 	0.000267287
14.125 	4.58389e-06 	7.59945e-07 	0.000260077
14.1875 	6.51723e-06 	-1.2183e-06 	0.000303381
14.3125 	4.53348e-06 	1.25636e-06 	0.000297559
14.375 	6.37827e-06 	1.43017e-06 	0.000289795
14.4375 	8.32656e-06 	1.60111e-06 	0.00029389
14.5 	6.77873e-06 	3.53457e-06 	0.000232239
14.625 	7.83319e-06 	2.01333e-06 	0.00026459
14.6875 	5.36727e-06 	1.66622e-06 	0.000211563
14.75 	5.71178e-06 	1.78238e-06 	0.000205512
14.8125 	5.42127e-06 	1.30507e-06 	0.00021361
14.9375 	5.0672e-06 	-6.17913e-07 	0.000199329
15.0 	8.3386e-06 	1.68326e-06 	0.000215378
15.1875 	7.81742e-06 	-1.86594e-06 	0.000212951
15.25 	7.54832e-06 	3.07103e-06 	0.000192035
15.3125 	5.81955e-06 	1.98345e-06 	0.000180951
15.375 	5.44851e-06 	1.00845e-06 	0.000137648
15.4375 	5.07989e-06 	-1.19797e-06 	0.000159062
15.5 	4.9548e-06 	-1.35134e-06 	0.000161639
15.5625 	6.12661e-06 	1.95784e-06 	0.000125619
15.75 	5.38623e-06 	2.596e-06 	0.000163149
15.8125 	3.88795e-06 	9.67609e-07 	0.000216032
15.875 	4.83216e-06 	1.61429e-06 	0.000224727
15.9375 	4.17527e-06 	-6.58564e-07 	0.000232424
16.0 	4.37608e-06 	-8.2206e-07 	0.000251514
16.0625 	7.35721e-06 	2.60501e-06 	0.000278573
16.125 	6.84196e-06 	-2.00901e-06 	0.000324326
16.1875 	7.97425e-06 	-1.28114e-06 	0.000319215
16.25 	7.10218e-06 	-1.68521e-06 	0.000273338
16.3125 	4.78094e-06 	-1.37747e-06 	0.000266359
16.375 	7.42436e-06 	-1.62133e-06 	0.000256947
16.4375 	3.10957e-06 	3.85782e-07 	0.000282195
16.5 	5.33765e-06 	1.43844e-06 	0.00027209
16.625 	6.1518e-06 	1.12203e-06 	0.000233414
16.6875 	7.34119e-06 	2.73604e-06 	0.000242499
16.75 	8.1377e-06 	2.59487e-06 	0.000239407
16.8125 	6.71944e-06 	1.43595e-06 	0.000240646
16.875 	4.1989e-06 	7.208e-07 	0.000276523
16.9375 	3.79492e-06 	9.54058e-07 	0.000298317
17.25 	7.34594e-06 	-7.85673e-07 	0.000313807
17.3125 	6.61135e-06 	2.90423e-07 	0.000298808
17.375 	4.61754e-06 	-9.58713e-07 	0.00032372
17.4375 	7.78971e-06 	-2.88647e-06 	0.000317344
17.5 	5.48584e-06 	2.63656e-06 	0.00030511
17.5625 	7.65535e-06 	2.54601e-06 	0.000289568
17.625 	7.22011e-06 	2.46031e-06 	0.000307921
17.6875 	3.72365e-06 	8.27837e-07 	0.000327168
17.75 	5.51362e-06 	-1.23906e-06 	0.000325232
18.0 	4.05287e-06 	-5.27612e-07 	0.000353888
18.0625 	6.30707e-06 	3.18818e-06 	0.0003734
18.125 	7.45927e-06 	2.11596e-06 	0.000350566
18.1875 	5.50271e-06 	-2.70107e-06 	0.000346607
18.25 	6.06715e-06 	1.91839e-06 	0.000315297
18.3125 	4.87909e-06 	1.33975e-06 	0.000322773
18.375 	5.73019e-06 	1.94134e-06 	0.000321066
18.4375 	7.71453e-06 	1.51791e-06 	0.000331699
18.5 	3.50157e-06 	-6.41925e-07 	0.000316658
18.5625 	7.65468e-06 	-3.45389e-06 	0.000323568
18.625 	3.97964e-06 	-8.63913e-07 	0.000314971
18.75 	4.63137e-06 	-4.01951e-07 	0.000367154
18.8125 	7.45446e-06 	-2.93885e-06 	0.000348445
18.875 	7.16746e-06 	-1.86336e-06 	0.000395117
18.9375 	5.03568e-06 	-2.15056e-06 	0.000362414
19.125 	6.59146e-06 	-8.08059e-07 	0.000381967
19.25 	4.54184e-06 	1.42485e-06 	0.000363229
19.375 	5.43435e-06 	8.50312e-07 	0.000398241
19.4375 	4.32928e-06 	6.47034e-07 	0.000421638
19.5 	7.84364e-06 	3.48008e-06 	0.000409141
19.625 	5.47442e-06 	-1.67859e-06 	0.000410028
19.6875 	7.28602e-06 	2.74208e-06 	0.00039919
19.75 	3.6031e-06 	5.387e-07 	0.000436174
19.9375 	2.89526e-06 	5.33295e-07 	0.000363651
20.0 	4.59231e-06 	-1.57137e-06 	0.000371076
20.0625 	6.09881e-06 	-2.84861e-06 	0.000399398
20.125 	6.39535e-06 	-3.25557e-06 	0.000395083
20.1875 	4.81635e-06 	1.6926e-06 	0.000401953
20.25 	7.85171e-06 	3.82158e-06 	0.000416996
20.375 	6.69439e-06 	-3.24631e-06 	0.000397782
20.4375 	7.69429e-06 	-1.00018e-06 	0.000439806
20.5 	5.01025e-06 	-1.34102e-06 	0.00044516
20.5625 	8.01046e-06 	-2.7171e-06 	0.000438087
20.625 	4.57506e-06 	9.84837e-07 	0.000411844
20.6875 	7.31845e-06 	-1.96984e-06 	0.000410788
20.75 	5.3075e-06 	-1.60783e-06 	0.000355448
21.0 	7.90901e-06 	-2.19163e-06 	0.000390358
21.0625 	7.95166e-06 	-2.61359e-06 	0.000364447
21.1875 	6.36281e-06 	-2.91118e-06 	0.000336659
21.3125 	7.5968e-06 	2.87629e-06 	0.00028205
21.375 	5.97606e-06 	2.70508e-06 	0.000292709
21.5625 	5.94708e-06 	2.797e-06 	0.000277277
21.625 	5.49598e-06 	-1.90687e-06 	0.000262223
21.6875 	4.17647e-06 	4.14687e-07 	0.000257809
21.75 	5.7732e-06 	1.23613e-06 	0.000248605
21.8125 	7.12274e-06 	2.70769e-06 	0.000235541
21.875 	3.49986e-06 	-6.72651e-07 	0.000161998
21.9375 	7.99428e-06 	-1.51659e-06 	0.000163836
22.125 	7.53737e-06 	-2.07242e-06 	0.000169136
22.1875 	4.33445e-06 	5.3377e-07 	0.00015094
22.25 	5.45037e-06 	1.78648e-06 	0.000164879
22.3125 	2.58059e-06 	-3.16472e-08 	0.000186911
22.375 	5.56783e-06 	-2.72354e-06 	0.000163148
22.8125 	5.09382e-06 	-1.11358e-06 	0.000179751
22.9375 	7.82654e-06 	1.54674e-06 	0.00017453
23.0 	6.49351e-06 	-2.22446e-06 	0.000143398
23.125 	5.17452e-06 	-2.11325e-06 	0.000147308
23.1875 	7.95404e-06 	2.00651e-06 	0.000134224
23.3125 	7.7942e-06 	-9.39492e-07 	0.000170113
23.375 	5.13797e-06 	-1.49872e-06 	0.000179347
23.4375 	8.17409e-06 	3.09234e-06 	0.000208095
23.6875 	5.58253e-06 	-1.56957e-06 	0.000231593
23.75 	7.79911e-06 	-1.16937e-06 	0.00022302
23.8125 	4.4085e-06 	1.18223e-06 	0.000212307
23.875 	3.76946e-06 	-6.8881e-07 	0.000148538
23.9375 	6.15223e-06 	-1.25744e-06 	0.000130721
24.0 	5.53179e-06 	1.84317e-06 	0.000161916
24.0625 	7.73156e-06 	1.22342e-06 	0.000196649
24.125 	5.53133e-06 	1.60829e-06 	0.000226642
24.3125 	3.69653e-06 	-9.16056e-07 	0.000233372
24.375 	5.08249e-06 	-2.63811e-07 	0.000244227
24.4375 	3.08416e-06 	-3.32236e-07 	0.000258251
24.5625 	4.72765e-06 	-1.01763e-06 	0.000240365
24.625 	7.62068e-06 	-2.36338e-06 	0.000232431
24.6875 	7.09571e-06 	-2.41363e-06 	0.000239132
24.75 	4.2785e-06 	1.80235e-06 	0.000228205
24.8125 	7.94757e-06 	3.05349e-06 	0.000221121
25.0 	6.04263e-06 	-3.1301e-06 	0.00024996
25.0625 	7.37552e-06 	-2.38066e-06 	0.000250919
25.125 	7.63197e-06 	-2.93676e-06 	0.000314758
25.25 	7.88691e-06 	-1.82037e-06 	0.000270446
25.3125 	4.79097e-06 	-1.32567e-06 	0.000263126
25.625 	7.86962e-06 	2.20474e-06 	0.00035165
25.6875 	4.55587e-06 	-1.22719e-06 	0.000374411
25.75 	5.27377e-06 	-1.14635e-06 	0.000399361
25.8125 	6.5099e-06 	-6.65077e-07 	0.000421911
25.875 	5.69909e-06 	-3.93611e-07 	0.000417008
25.9375 	5.47228e-06 	1.78485e-06 	0.000409628
26.0 	5.91163e-06 	1.73623e-06 	0.000426286
26.0625 	7.38796e-06 	2.18433e-06 	0.000387001
26.125 	4.51104e-06 	1.18188e-06 	0.000396333
26.25 	8.29542e-06 	2.61554e-06 	0.000396237
26.3125 	5.71614e-06 	2.64705e-06 	0.000342982
26.375 	4.07137e-06 	-1.41081e-06 	0.000365557
26.4375 	7.86126e-06 	1.50048e-06 	0.000358398
26.5 	5.16853e-06 	1.62864e-06 	0.000384104
26.5625 	4.97909e-06 	1.25801e-06 	0.000344336
26.625 	5.72367e-06 	1.67859e-06 	0.000345393
26.6875 	5.06427e-06 	2.21031e-06 	0.000312385
26.875 	5.24283e-06 	1.71647e-06 	0.000313607
26.9375 	4.21378e-06 	1.42053e-06 	0.000361891
27.0 	4.05491e-06 	-6.3758e-07 	0.000390943
27.25 	6.26407e-06 	1.45814e-06 	0.000382861
27.3125 	2.77069e-06 	-9.87772e-08 	0.000407954
27.375 	4.37386e-06 	-1.16397e-06 	0.000391152
27.5 	6.83418e-06 	-1.34112e-06 	0.000394163
27.5625 	7.68877e-06 	1.31825e-06 	0.000373617
27.625 	7.60634e-06 	3.2302e-06 	0.000348342
27.6875 	7.08713e-06 	2.92481e-06 	0.000319546
27.75 	6.76307e-06 	3.18388e-06 	0.000342419
27.8125 	5.86433e-06 	-2.2546e-06 	0.000342081
27.875 	6.956e-06 	-2.73933e-06 	0.000371232
28.0 	5.19008e-06 	-2.16933e-06 	0.000389916
28.0625 	6.32481e-06 	1.12458e-06 	0.000355866
28.125 	6.04803e-06 	-3.1197e-06 	0.000361492
28.3125 	5.97773e-06 	4.68609e-07 	0.00038586
28.375 	6.09101e-06 	2.26298e-06 	0.000337558
28.4375 	4.63788e-06 	-9.00354e-07 	0.000353638
28.5 	5.33458e-06 	-7.10446e-07 	0.000332136
28.625 	5.36443e-06 	-1.58295e-06 	0.00030781
28.6875 	6.32973e-06 	-1.29717e-06 	0.000342818
28.8125 	4.54972e-06 	-4.20448e-07 	0.000354474
28.875 	4.57874e-06 	1.43147e-06 	0.000343652
28.9375 	5.6386e-06 	1.7104e-06 	0.000368421
29.0 	6.70212e-06 	3.69594e-07 	0.000377372
29.0625 	4.27655e-06 	2.10848e-07 	0.000359759
29.125 	5.05713e-06 	1.5768e-06 	0.000369411
29.1875 	6.7292e-06 	-2.46587e-06 	0.000343072
29.25 	5.63194e-06 	-1.69603e-06 	0.000320198
29.375 	4.91326e-06 	-1.49349e-06 	0.000305067
29.4375 	5.77921e-06 	1.02023e-06 	0.000326304
29.5 	5.43611e-06 	-1.49895e-06 	0.000292273
29.625 	6.66884e-06 	-4.55618e-07 	0.000267455
29.6875 	4.84932e-06 	-1.69568e-06 	0.000250868
29.75 	7.65451e-06 	-2.94642e-06 	0.000251106
29.875 	3.63872e-06 	-3.88461e-07 	0.000220262
29.9375 	5.83842e-06 	2.00169e-06 	0.000228538
30.125 	7.24016e-06 	-2.48238e-06 	0.000243897
30.1875 	5.49654e-06 	1.69634e-06 	0.000274554
30.25 	6.02399e-06 	2.01187e-06 	0.000281187
30.3125 	5.80062e-06 	-1.93814e-06 	0.000291146
30.375 	6.17226e-06 	-2.50756e-06 	0.000297321
30.4375 	7.27809e-06 	2.56976e-06 	0.000282428
30.5 	4.47265e-06 	1.6096e-06 	0.00029547
30.5625 	7.18312e-06 	-1.89357e-06 	0.000280627
30.6875 	4.47578e-06 	1.45686e-07 	0.000253485
30.8125 	5.37009e-06 	1.59925e-06 	0.000245294
30.9375 	7.45648e-06 	-2.72633e-06 	0.000260572
31.125 	6.33311e-06 	-1.87733e-06 	0.000228407
31.1875 	3.71439e-06 	-7.11042e-07 	0.000247624
31.25 	6.85599e-06 	-1.77664e-06 	0.000256528
31.375 	5.20476e-06 	-2.20255e-06 	0.000252344
31.5 	5.77577e-06 	-1.98769e-06 	0.00026471
31.625 	7.08748e-06 	2.88926e-06 	0.000263055
31.6875 	4.37798e-06 	6.11635e-07 	0.000275252
31.75 	4.47784e-06 	9.38751e-07 	0.000283276
31.8125 	5.67454e-06 	-1.57439e-06 	0.000292414
31.875 	5.27849e-06 	-2.61133e-06 	0.000306409
32.0 	7.62424e-06 	2.6517e-06 	0.000332017
32.125 	4.15124e-06 	1.31215e-06 	0.000396979
32.1875 	5.05307e-06 	-9.6483e-07 	0.000371447
32.25 	4.28315e-06 	6.37172e-07 	0.000375641
32.3125 	5.01943e-06 	1.7449e-06 	0.000372624
32.4375 	5.4887e-06 	2.27046e-06 	0.00034601
32.5 	7.11832e-06 	2.23698e-06 	0.000312239
32.625 	7.89831e-06 	-2.75891e-06 	0.000329883
32.6875 	7.39296e-06 	-2.67812e-06 	0.000362361
32.75 	7.34648e-06 	2.56989e-06 	0.000365574
32.8125 	5.29411e-06 	2.46537e-06 	0.000405685
32.875 	3.9366e-06 	1.09639e-06 	0.000431669
33.0 	4.04525e-06 	8.71293e-07 	0.000432634
33.0625 	5.03144e-06 	-1.1795e-06 	0.00045941
33.125 	3.19438e-06 	7.08515e-07 	0.000510211
33.1875 	7.47899e-06 	-2.00667e-06 	0.000436461
33.25 	6.56242e-06 	2.5791e-06 	0.000433748
33.3125 	5.77403e-06 	1.56265e-06 	0.000445545
33.375 	4.77101e-06 	-8.47644e-07 	0.000425842
33.4375 	4.04654e-06 	6.73088e-07 	0.000438952
33.625 	7.51352e-06 	-1.03187e-06 	0.000461438
33.6875 	5.25341e-06 	1.52816e-06 	0.000421958
33.75 	8.15247e-06 	2.86681e-06 	0.000437557
33.875 	7.7382e-06 	2.01787e-06 	0.000418226
33.9375 	7.23602e-06 	-2.6559e-06 	0.000425196
34.0625 	6.82384e-06 	-3.49144e-06 	0.000454607
34.125 	5.85281e-06 	2.83115e-06 	0.000446431
34.1875 	6.39558e-06 	9.75524e-07 	0.000457154
34.25 	5.04465e-06 	-2.0604e-06 	0.000498635
34.3125 	4.86318e-06 	8.98819e-07 	0.000509997
34.375 	4.2837e-06 	1.2437e-06 	0.000490739
34.4375 	4.39903e-06 	9.73387e-07 	0.0005202
34.5 	6.82078e-06 	-2.19954e-06 	0.000515556
34.5625 	7.07899e-06 	1.37266e-06 	0.000505109
34.625 	4.78507e-06 	1.68155e-06 	0.000496328
34.6875 	3.93528e-06 	5.84834e-07 	0.000466595
34.875 	7.13047e-06 	9.69131e-07 	0.000439539
34.9375 	6.7587e-06 	2.10222e-06 	0.000429096
35.0625 	5.69423e-06 	2.43752e-06 	0.000409767
35.125 	2.92504e-06 	-3.24507e-07 	0.000375781
35.25 	7.66131e-06 	2.99972e-06 	0.000393049
35.3125 	4.5382e-06 	-1.3615e-06 	0.00042773
35.375 	6.50969e-06 	-2.27742e-06 	0.000389346
35.5625 	5.81133e-06 	2.38446e-06 	0.000399193
35.625 	3.89224e-06 	5.55777e-07 	0.000402562
35.6875 	7.75061e-06 	2.80149e-06 	0.000387588
35.75 	6.9921e-06 	-2.65403e-06 	0.000379121
35.8125 	5.3077e-06 	1.34723e-06 	0.000377697
35.875 	7.85671e-06 	1.40007e-06 	0.000395528
35.9375 	4.94018e-06 	-1.30954e-06 	0.000466907
36.0 	7.42952e-06 	2.60304e-06 	0.000475577
36.125 	4.55043e-06 	1.30147e-06 	0.000516876
36.25 	5.91766e-06 	2.73452e-06 	0.000511823
36.4375 	4.48201e-06 	-8.25491e-07 	0.000498264
36.5 	7.38019e-06 	-2.96933e-06 	0.000504605
36.5625 	5.04507e-06 	6.84976e-07 	0.000465891
36.625 	4.39465e-06 	-1.60493e-07 	0.000467182
36.8125 	5.52194e-06 	-2.45488e-06 	0.000478453
36.875 	7.71274e-06 	-2.12752e-06 	0.000485731
37.0625 	5.29774e-06 	2.08761e-06 	0.000496647
37.125 	6.86837e-06 	3.66701e-06 	0.000510425
37.1875 	5.20876e-06 	-2.59976e-06 	0.000489334
37.25 	4.18845e-06 	6.27088e-07 	0.000490293
37.3125 	6.85406e-06 	-2.41095e-06 	0.00048901
37.375 	5.92319e-06 	-2.60133e-06 	0.000491862
37.4375 	3.82259e-06 	1.47938e-06 	0.000476308
37.5 	4.75795e-06 	-6.70083e-07 	0.000494728
37.5625 	4.37922e-06 	1.36892e-06 	0.000521647
37.75 	4.91583e-06 	-1.37978e-06 	0.00053158
37.8125 	7.19923e-06 	-2.27019e-06 	0.000559614
37.9375 	6.48989e-06 	3.35099e-06 	0.000564686
38.0 	6.90563e-06 	-2.16525e-06 	0.000560167
38.0625 	6.47838e-06 	-2.29195e-06 	0.000610945
38.125 	6.7833e-06 	6.21773e-07 	0.000608831
38.1875 	5.82976e-06 	-2.02976e-06 	0.000634157
38.25 	6.69117e-06 	1.28798e-06 	0.000625573
38.3125 	4.92678e-06 	-1.93101e-06 	0.000646244
38.375 	6.12433e-06 	1.82212e-06 	0.000637673
38.4375 	3.62988e-06 	-2.27024e-07 	0.000653994
38.5625 	7.59157e-06 	2.95398e-06 	0.000670795
38.6875 	2.42936e-06 	-3.85886e-07 	0.000686282
38.8125 	5.10706e-06 	-9.35252e-07 	0.000686579
38.875 	4.77052e-06 	1.31762e-06 	0.000687056
38.9375 	7.18451e-06 	-2.49553e-06 	0.000674095
39.0 	7.12575e-06 	1.19328e-06 	0.000653844
39.0625 	7.66242e-06 	2.57195e-06 	0.00065303
39.125 	6.32373e-06 	3.30847e-06 	0.000612868
39.1875 	7.05892e-06 	-1.95513e-06 	0.000560972
39.25 	5.58694e-06 	1.73577e-06 	0.00058632
39.3125 	4.25616e-06 	1.26261e-06 	0.000614844
39.5 	4.79023e-06 	-1.9603e-06 	0.00061752
39.5625 	4.06842e-06 	-9.50525e-07 	0.000602516
39.625 	6.52897e-06 	-9.78012e-07 	0.000568812
39.6875 	6.89961e-06 	1.43294e-06 	0.000555842
39.75 	5.44547e-06 	1.7171e-06 	0.000540563
39.8125 	5.14915e-06 	-1.67941e-06 	0.000522841
39.875 	7.87431e-06 	2.7856e-06 	0.000517093
39.9375 	4.8012e-06 	-1.58217e-06 	0.000562871
40.0 	3.69423e-06 	-5.3715e-07 	0.000589578
40.125 	5.81997e-06 	-2.80517e-06 	0.00058887
40.25 	4.83653e-06 	1.57373e-06 	0.000606343
40.3125 	5.27942e-06 	1.71599e-06 	0.000569012
40.4375 	3.28624e-06 	4.74595e-07 	0.000590252
40.5 	4.08317e-06 	-9.94797e-07 	0.000582323
40.5625 	2.9545e-06 	-4.53714e-07 	0.000543286
40.625 	4.0735e-06 	6.77326e-07 	0.000521203
40.8125 	4.82216e-06 	1.53709e-06 	0.000549817
40.9375 	4.98218e-06 	-1.73262e-06 	0.000573132
41.125 	4.83839e-06 	-2.08201e-07 	0.00053358
41.1875 	6.08873e-06 	2.77468e-06 	0.000525938
41.25 	5.0495e-06 	-1.1358e-06 	0.000511723
41.3125 	5.59157e-06 	-1.77365e-06 	0.000471449
41.4375 	4.7112e-06 	1.22808e-06 	0.000476354
41.5 	7.92636e-06 	2.01364e-06 	0.000496668
41.5625 	8.11896e-06 	2.58783e-06 	0.000478416
41.6875 	6.62664e-06 	3.21623e-06 	0.000470144
41.8125 	5.77353e-06 	-2.83106e-06 	0.000483598
41.875 	5.66283e-06 	2.05665e-06 	0.000532305
41.9375 	7.00858e-06 	9.95698e-07 	0.000535609
42.0 	5.5086e-06 	2.65865e-06 	0.000535014
42.125 	3.87327e-06 	1.01762e-06 	0.000556775
42.25 	4.80924e-06 	1.96729e-06 	0.000564936
42.5 	8.10044e-06 	2.84457e-06 	0.000547758
42.6875 	3.16893e-06 	2.9485e-07 	0.000547311
42.8125 	7.78567e-06 	1.43689e-06 	0.000560891
42.875 	7.91398e-06 	3.85074e-06 	0.000578837
42.9375 	4.27039e-06 	1.32681e-06 	0.000593985
43.0 	5.627e-06 	1.55701e-06 	0.000579931
43.0625 	6.12411e-06 	-3.02935e-06 	0.000566069
43.125 	4.73754e-06 	1.10358e-06 	0.000559966
43.1875 	4.48758e-06 	-1.50207e-06 	0.000557376
43.3125 	5.27128e-06 	2.53653e-06 	0.000559099
43.375 	3.80499e-06 	-1.33815e-07 	0.000545793
43.6875 	5.04184e-06 	1.5038e-06 	0.000566091
43.75 	6.43822e-06 	-2.50013e-07 	0.00057081
43.8125 	3.81294e-06 	-4.16225e-07 	0.000566057
43.9375 	8.26179e-06 	3.20319e-06 	0.00061142
44.0 	4.1724e-06 	-7.89945e-07 	0.000599589
44.0625 	4.34166e-06 	1.38531e-06 	0.000597009
44.125 	5.47448e-06 	-2.69646e-06 	0.000609974
44.1875 	5.37549e-06 	7.48921e-07 	0.000630268
44.25 	4.39669e-06 	-8.66583e-07 	0.00062586
44.3125 	6.48702e-06 	2.25424e-06 	0.000642327
44.375 	7.94412e-06 	1.98799e-06 	0.000633908
44.4375 	7.78313e-06 	2.90497e-06 	0.000649751
44.5625 	5.55931e-06 	2.76519e-06 	0.000657984
44.625 	3.84071e-06 	1.0529e-07 	0.000677067
44.6875 	6.31481e-06 	2.04791e-06 	0.000670736
44.75 	7.4388e-06 	3.02847e-06 	0.000651337
44.8125 	5.65498e-06 	1.81283e-06 	0.00065565
44.875 	4.10778e-06 	1.1677e-06 	0.000685296
44.9375 	4.91685e-06 	-1.65715e-06 	0.000724119
45.0 	7.88194e-06 	2.69377e-06 	0.000712599
45.0625 	4.97176e-06 	-1.70793e-06 	0.000717458
45.1875 	6.56682e-06 	1.26425e-06 	0.000711243
45.3125 	3.72128e-06 	-9.17979e-07 	0.000701402
45.5 	4.56229e-06 	-8.29508e-07 	0.000633058
45.625 	4.78875e-06 	-1.27677e-06 	0.000637202
45.6875 	4.6129e-06 	1.15727e-06 	0.000615344
45.75 	8.05749e-06 	1.05501e-06 	0.000651178
45.9375 	4.99807e-06 	-1.84528e-06 	0.000666356
46.0 	4.83517e-06 	-1.26311e-06 	0.00065456
46.0625 	5.84776e-06 	1.20119e-06 	0.000639334
46.3125 	7.40474e-06 	-2.31102e-06 	0.000628911
46.375 	4.93336e-06 	-1.69232e-06 	0.000622368
46.5625 	4.54136e-06 	8.3681e-07 	0.000632173
46.625 	8.5079e-06 	-1.58452e-06 	0.000662978
46.6875 	7.77513e-06 	-1.4037e-06 	0.000659828
46.75 	6.16049e-06 	2.30365e-06 	0.000658961
46.8125 	7.26355e-06 	2.62423e-06 	0.000650767
46.875 	7.3988e-06 	1.94502e-06 	0.000636284
47.0 	8.12558e-06 	-3.04376e-06 	0.000621308
47.0625 	4.28582e-06 	-1.35603e-06 	0.000633896
47.125 	7.35452e-06 	-2.43859e-06 	0.00060861
47.1875 	5.65652e-06 	-1.80681e-06 	0.000628591
47.25 	6.35378e-06 	-2.70597e-06 	0.000609397
47.3125 	6.48527e-06 	-1.13687e-06 	0.000643041
47.375 	5.84003e-06 	-9.74247e-07 	0.000620545
47.5 	5.01837e-06 	1.34932e-06 	0.000661864
47.5625 	4.20204e-06 	-7.45027e-07 	0.000646291
47.625 	5.53787e-06 	-2.57368e-06 	0.000649954
47.6875 	6.50531e-06 	2.08805e-06 	0.000648224
47.8125 	7.89786e-06 	-1.44803e-06 	0.000591062
48.0 	4.92481e-06 	-1.64408e-06 	0.000553388
48.0625 	7.96271e-06 	2.31961e-06 	0.000597031
48.1875 	6.22067e-06 	-7.79169e-07 	0.000613341
48.25 	4.64685e-06 	-1.25127e-06 	0.000623107
48.3125 	4.36003e-06 	1.03427e-06 	0.000637045
48.4375 	4.86502e-06 	9.6914e-07 	0.000655522
48.5 	7.95285e-06 	-2.56597e-06 	0.000668962
48.5625 	6.39371e-06 	2.1606e-06 	0.000670855
48.75 	6.90714e-06 	-1.32739e-06 	0.00070995
48.8125 	5.83138e-06 	-2.95496e-06 	0.000734572
48.9375 	5.31993e-06 	1.15017e-06 	0.000786396
49.0 	5.03535e-06 	-1.93035e-06 	0.000774715
49.125 	6.87971e-06 	-2.2446e-06 	0.000785583
49.1875 	3.9483e-06 	1.62033e-06 	0.000791895
49.25 	5.46462e-06 	-1.47222e-06 	0.00078176
49.3125 	7.28139e-06 	1.73607e-06 	0.000785006
49.375 	6.62255e-06 	-3.38061e-06 	0.000782689
49.4375 	4.27071e-06 	1.27203e-06 	0.000767502
49.5 	4.91997e-06 	1.54021e-06 	0.000767516
49.5625 	5.73212e-06 	8.42954e-07 	0.000792071
49.625 	7.26739e-06 	2.26737e-06 	0.000800805
49.6875 	5.45896e-06 	1.81337e-06 	0.000807097
49.75 	4.15246e-06 	1.24802e-06 	0.000826675
50.0625 	2.92614e-06 	6.72704e-07 	0.00081012
50.125 	4.74014e-06 	1.74715e-06 	0.000824174
50.25 	7.28882e-06 	-2.9033e-06 	0.000818181
50.3125 	2.86183e-06 	-1.72802e-08 	0.000856942
50.375 	5.07873e-06 	1.70976e-06 	0.000901265
50.4375 	7.81311e-06 	2.37011e-06 	0.000932129
50.5625 	5.36613e-06 	-1.44693e-06 	0.000910591
50.625 	4.59489e-06 	1.54692e-06 	0.000923329
50.75 	7.35335e-06 	-2.82671e-06 	0.000894395
50.8125 	4.45895e-06 	7.79534e-07 	0.000892255
50.875 	6.22072e-06 	-2.31387e-06 	0.000897601
50.9375 	4.43912e-06 	1.26163e-06 	0.000887028
51.0 	6.05141e-06 	2.89384e-06 	0.000901065
51.0625 	6.77752e-06 	3.10703e-06 	0.000932931
51.125 	7.3965e-06 	2.60567e-06 	0.000925487
51.1875 	7.38457e-06 	8.99521e-07 	0.000921136
51.25 	5.30218e-06 	1.74907e-06 	0.000919937
51.3125 	8.26541e-06 	3.78863e-06 	0.000932636
51.375 	7.92713e-06 	-2.04859e-06 	0.000924036
51.4375 	7.98002e-06 	3.04916e-06 	0.000917616
51.5 	7.87813e-06 	-1.96423e-06 	0.000913818
51.5625 	5.22775e-06 	-1.24235e-06 	0.000923273
51.625 	6.94122e-06 	1.15132e-06 	0.000938605
51.6875 	4.23034e-06 	-2.93443e-07 	0.000946271
51.8125 	5.74775e-06 	1.49276e-06 	0.000964739
51.875 	5.56151e-06 	2.73897e-06 	0.00101533
52.0 	4.99557e-06 	-2.50268e-06 	0.00100546
52.0625 	3.0059e-06 	-4.2821e-07 	0.00100197
52.1875 	4.77855e-06 	4.60304e-07 	0.00101568
52.3125 	7.98012e-06 	3.20841e-06 	0.00102343
52.375 	2.83044e-06 	1.14019e-07 	0.000986582
52.5 	5.67354e-06 	-1.95227e-06 	0.00100413
52.625 	3.00436e-06 	2.81542e-07 	0.00103621
52.6875 	5.12929e-06 	-1.51759e-06 	0.00104488
52.75 	4.79716e-06 	-1.34989e-06 	0.00105479
52.8125 	4.68177e-06 	1.29653e-06 	0.0010946
52.875 	4.18978e-06 	-1.08948e-06 	0.00106893
52.9375 	5.8295e-06 	2.84249e-06 	0.00105112
53.125 	5.53713e-06 	1.72795e-06 	0.00101885
53.1875 	7.04585e-06 	-2.51444e-06 	0.00100317
53.25 	7.3638e-06 	2.06947e-06 	0.000991028
53.3125 	7.75103e-06 	-2.42386e-06 	0.000984487
53.375 	3.61092e-06 	-1.06299e-07 	0.000991277
53.5 	4.71966e-06 	1.08835e-06 	0.00099912
53.5625 	5.29916e-06 	6.70674e-07 	0.00101879
53.625 	8.06807e-06 	-2.47763e-06 	0.00100838
53.6875 	4.72803e-06 	-8.85267e-07 	0.000993267
53.75 	7.02389e-06 	2.28499e-06 	0.00104211
53.8125 	5.25021e-06 	-1.32172e-06 	0.00100424
53.875 	7.89142e-06 	2.32353e-06 	0.000993892
54.0 	5.40272e-06 	-1.38477e-06 	0.00100848
54.0625 	5.86448e-06 	-2.94152e-06 	0.000973515
54.1875 	7.79979e-06 	2.69168e-06 	0.000990575
54.25 	4.29705e-06 	-7.36452e-07 	0.00103183
54.3125 	5.73427e-06 	-8.76239e-07 	0.00098261
54.375 	5.0243e-06 	1.3621e-06 	0.000961127
54.4375 	3.80953e-06 	6.18074e-07 	0.000968028
54.6875 	7.09056e-06 	1.37022e-06 	0.000974384
54.8125 	5.69541e-06 	-2.10427e-06 	0.000943596
54.875 	4.95962e-06 	-1.61363e-06 	0.00098336
54.9375 	5.34003e-06 	1.34351e-06 	0.000983307
55.0 	4.46551e-06 	1.44624e-06 	0.000956749
55.0625 	5.32829e-06 	1.71651e-06 	0.000962204
55.125 	4.38605e-06 	7.44334e-07 	0.000936659
55.1875 	7.93452e-06 	-5.95789e-07 	0.000938212
55.3125 	4.31064e-06 	1.37552e-06 	0.000947022
55.4375 	4.03549e-06 	1.07998e-06 	0.000979413
55.5 	4.96424e-06 	-1.47453e-06 	0.000993017
55.625 	3.86264e-06 	6.33283e-07 	0.000988628
55.6875 	4.75527e-06 	-9.68273e-07 	0.00101876
55.75 	4.58911e-06 	-1.03488e-06 	0.00103232
55.875 	7.91643e-06 	-2.34504e-06 	0.000998358
55.9375 	4.18952e-06 	1.16363e-06 	0.00102223
56.0 	4.69096e-06 	1.38003e-06 	0.00102901
56.0625 	6.14946e-06 	2.67826e-06 	0.00104111
56.3125 	7.91935e-06 	1.63233e-06 	0.00105432
56.375 	7.85415e-06 	-2.24086e-06 	0.00110356
56.4375 	6.49562e-06 	-1.14208e-06 	0.00110683
56.5625 	8.09787e-06 	1.87252e-06 	0.00113996
56.6875 	5.67968e-06 	-1.95445e-06 	0.00112811
56.75 	4.90565e-06 	-1.69325e-06 	0.00112414
56.8125 	6.20892e-06 	1.21502e-06 	0.00113837
56.9375 	7.14347e-06 	-1.53893e-06 	0.00118381
57.0 	5.5154e-06 	-2.35042e-06 	0.00117431
57.0625 	4.50626e-06 	1.50984e-06 	0.00119087
57.1875 	4.74495e-06 	1.30313e-06 	0.00122554
57.25 	6.04987e-06 	1.33795e-06 	0.0012353
57.3125 	5.15207e-06 	-2.43351e-06 	0.00127932
57.375 	6.27115e-06 	1.84458e-06 	0.00131335
57.4375 	5.10614e-06 	-1.62086e-06 	0.00129664
57.5 	4.45244e-06 	1.43306e-06 	0.00131171
57.5625 	8.1492e-06 	2.09185e-06 	0.00133102
57.625 	4.94768e-06 	1.5127e-06 	0.00135788
57.6875 	4.56556e-06 	-1.17876e-06 	0.00134715
57.75 	5.0567e-06 	-1.58779e-06 	0.00131057
57.8125 	4.46105e-06 	1.34745e-06 	0.00134242
58.0 	7.60409e-06 	2.38103e-06 	0.00137179
58.0625 	5.14805e-06 	1.22739e-06 	0.00134745
58.125 	2.51691e-06 	-1.33105e-07 	0.00134319
58.1875 	5.05793e-06 	-1.08102e-06 	0.00133468
58.25 	4.55389e-06 	-1.03065e-06 	0.00134727
58.3125 	5.84501e-06 	4.07203e-07 	0.00132293
58.4375 	8.40936e-06 	3.74569e-07 	0.00129786
58.5625 	8.10383e-06 	-2.79761e-06 	0.00130352
58.625 	5.22156e-06 	-1.78161e-06 	0.00132888
58.6875 	6.6601e-06 	-2.61867e-06 	0.00134597
58.8125 	4.61766e-06 	-9.90716e-07 	0.00134106
58.875 	6.93484e-06 	-1.81777e-06 	0.00129718
58.9375 	6.36453e-06 	2.11068e-06 	0.00129489
59.0 	4.57761e-06 	1.90582e-06 	0.00126538
59.125 	7.59388e-06 	-2.86614e-06 	0.00130194
59.25 	6.9181e-06 	2.6278e-06 	0.00132453
59.3125 	3.80607e-06 	-8.08305e-07 	0.00131654
59.375 	7.94022e-06 	2.47735e-06 	0.00130382
59.4375 	6.59862e-06 	-1.26992e-06 	0.00128576
59.5 	6.49403e-06 	-3.11619e-06 	0.00130955
59.6875 	3.36664e-06 	4.4726e-07 	0.00132755
59.8125 	7.07028e-06 	-1.09376e-06 	0.0012652
59.875 	5.33656e-06 	-1.71646e-06 	0.00133184
59.9375 	5.32871e-06 	2.63769e-06 	0.00135664
60.0625 	4.61248e-06 	1.5249e-06 	0.00133733
60.125 	4.895e-06 	2.01534e-06 	0.00135318
60.375 	7.76726e-06 	-2.68616e-06 	0.0013443
60.4375 	4.00892e-06 	5.90335e-07 	0.00133135
60.5625 	5.81755e-06 	1.96093e-06 	0.00138511
60.625 	7.25523e-06 	1.65557e-06 	0.00136113
60.75 	4.32536e-06 	1.39207e-06 	0.00133552
60.8125 	7.59009e-06 	1.47418e-06 	0.00138243
60.875 	6.13717e-06 	3.26404e-06 	0.00142728
61.0 	5.52783e-06 	1.62253e-06 	0.00142326
61.125 	5.15968e-06 	-1.44013e-06 	0.00143726
61.1875 	5.78145e-06 	-2.699e-06 	0.00143984
61.25 	7.73938e-06 	-1.27007e-06 	0.0014484
61.3125 	3.93609e-06 	-9.99308e-07 	0.00147408
61.375 	4.88434e-06 	-1.29968e-06 	0.00145557
61.4375 	3.11047e-06 	4.91687e-07 	0.0014585
61.5 	6.87733e-06 	-2.39708e-06 	0.0014728
61.625 	5.47958e-06 	-2.85466e-06 	0.00144935
61.6875 	4.19664e-06 	-6.80611e-07 	0.0014547
61.8125 	4.6963e-06 	-1.23551e-06 	0.00143637
61.875 	4.04431e-06 	-7.38828e-07 	0.0014101
61.9375 	4.44898e-06 	1.00753e-06 	0.0013968
62.0 	3.24335e-06 	1.22262e-07 	0.00144246
62.125 	4.47585e-06 	-1.16819e-06 	0.00144478
62.1875 	5.32496e-06 	-1.45619e-06 	0.00144951
62.25 	7.58477e-06 	-2.67649e-06 	0.00144649
62.375 	4.372e-06 	-7.75719e-07 	0.00146008
62.5 	6.56378e-06 	-2.26706e-06 	0.00147248
62.5625 	6.39434e-06 	1.28294e-06 	0.00149874
62.6875 	4.32269e-06 	6.92922e-07 	0.00148497
62.75 	8.06951e-06 	2.60808e-06 	0.00147106
62.875 	7.6809e-06 	1.92025e-06 	0.00145048
62.9375 	7.0004e-06 	1.44658e-06 	0.0014625
63.0 	4.46275e-06 	9.48875e-07 	0.00142364
63.125 	8.1243e-06 	2.68176e-06 	0.00141927
63.25 	5.71039e-06 	4.92612e-07 	0.00143591
63.4375 	5.27835e-06 	1.6701e-06 	0.00142544
63.5625 	7.63169e-06 	2.78936e-06 	0.00142171
63.8125 	4.87951e-06 	1.1975e-06 	0.00147113
63.9375 	5.78035e-06 	-1.9258e-06 	0.00145355
64.0 	5.55526e-06 	-1.82929e-06 	0.00144831
64.0625 	6.26674e-06 	1.98271e-06 	0.00148685
64.25 	3.67624e-06 	8.47388e-07 	0.00147332
64.4375 	5.32787e-06 	2.59618e-06 	0.0015106
64.5625 	4.70281e-06 	-2.08619e-06 	0.00153068
64.6875 	4.94924e-06 	-2.35349e-06 	0.00152444
64.75 	4.96037e-06 	1.53526e-06 	0.00150741
64.8125 	8.11951e-06 	2.26663e-06 	0.00146871
64.875 	6.26853e-06 	-1.28167e-06 	0.00145846
64.9375 	4.62042e-06 	-1.48148e-06 	0.00147796
65.0 	6.83779e-06 	2.3938e-06 	0.00146341
65.0625 	4.81197e-06 	-1.96834e-06 	0.00148258
65.125 	5.53779e-06 	1.65468e-06 	0.00151802
65.25 	6.78836e-06 	-2.39672e-06 	0.00153314
65.5 	8.27062e-06 	-2.16798e-06 	0.00152885
65.625 	5.21959e-06 	1.5658e-06 	0.0015406
65.8125 	5.90497e-06 	2.10043e-07 	0.00153228
65.9375 	5.6084e-06 	2.08896e-06 	0.00149686
66.0 	7.36473e-06 	2.06924e-06 	0.00150861
66.0625 	7.2497e-06 	-2.44927e-06 	0.00153287
66.1875 	3.58005e-06 	4.09997e-07 	0.00154357
66.25 	6.34502e-06 	-2.10846e-06 	0.00153454
66.3125 	3.95356e-06 	-8.71018e-07 	0.00153998
66.375 	4.96258e-06 	-1.14649e-06 	0.00156737
66.5 	7.98806e-06 	1.79838e-06 	0.00155389
66.75 	7.38668e-06 	-2.57087e-06 	0.00158918
66.8125 	8.34795e-06 	2.75792e-06 	0.00159337
66.875 	2.98571e-06 	2.32921e-07 	0.00153809
66.9375 	4.64232e-06 	1.05783e-06 	0.00157503
67.0 	5.53437e-06 	-2.76314e-06 	0.00162971
67.125 	5.45711e-06 	1.4939e-06 	0.00163601
67.1875 	3.58755e-06 	9.22766e-07 	0.00162587
67.25 	7.53923e-06 	-2.33449e-06 	0.00163161
67.375 	5.80591e-06 	-2.3106e-06 	0.00166853
67.4375 	4.02973e-06 	1.11172e-06 	0.00166365
67.5 	7.11987e-06 	-1.84935e-06 	0.00167018
67.8125 	5.29672e-06 	-1.94967e-06 	0.00167636
67.875 	4.82585e-06 	1.11152e-06 	0.00165006
67.9375 	6.27683e-06 	-5.51998e-07 	0.00164191
68.0 	4.91666e-06 	-1.41701e-06 	0.00163511
68.0625 	5.99879e-06 	-2.42632e-06 	0.00163162
68.125 	4.6377e-06 	1.07017e-06 	0.00160321
68.1875 	4.40512e-06 	9.73554e-07 	0.0016048
68.25 	5.5105e-06 	-7.47291e-07 	0.00160765
68.3125 	7.00646e-06 	2.65208e-06 	0.00161525
68.375 	4.83813e-06 	-1.69267e-06 	0.00160701
68.4375 	6.0979e-06 	-2.32253e-06 	0.00156931
68.5625 	5.40887e-06 	-2.67038e-06 	0.0015596
68.625 	6.09897e-06 	-1.01271e-06 	0.00158157
68.6875 	5.61499e-06 	-2.75006e-06 	0.00157017
68.75 	5.10767e-06 	1.24035e-06 	0.00153394
68.8125 	6.9239e-06 	-9.78056e-07 	0.0015401
68.9375 	5.02575e-06 	-1.70399e-06 	0.0015571
69.0625 	4.75561e-06 	1.64754e-06 	0.00154375
69.125 	7.66258e-06 	2.56951e-06 	0.00153513
69.1875 	7.33491e-06 	2.32539e-06 	0.00151238
69.25 	7.66081e-06 	3.01769e-06 	0.0015056
69.3125 	5.34261e-06 	1.39625e-06 	0.00151958
69.4375 	2.25536e-06 	1.26352e-07 	0.00153195
69.5 	4.37349e-06 	-1.27561e-06 	0.00154173
69.625 	6.33603e-06 	1.62209e-06 	0.00149692
69.75 	5.08542e-06 	1.26283e-06 	0.00150803
69.8125 	7.99064e-06 	2.97929e-06 	0.00152084
69.875 	4.84312e-06 	9.01366e-07 	0.00151931
69.9375 	5.73237e-06 	-2.8066e-06 	0.00152177
