# time 	Local 	Global 	Cumulative
1.2e-06 	6.24041e-09 	-2.38625e-11 	-8.04134e-11
2.64e-06 	3.42571e-11 	3.1329e-12 	-1.6241e-10
4.368e-06 	5.32403e-12 	-3.06342e-13 	-1.44001e-10
6.4416e-06 	9.45497e-12 	2.39591e-12 	-1.43144e-10
8.92992e-06 	1.09552e-11 	-1.79235e-12 	-1.34143e-10
1.19159e-05 	8.74764e-12 	-9.04997e-13 	-1.47615e-10
1.54991e-05 	9.25826e-12 	-5.14902e-13 	-1.54589e-10
1.97989e-05 	1.04193e-11 	-7.5589e-13 	-1.57572e-10
2.49587e-05 	6.29174e-12 	4.52508e-13 	-1.62068e-10
3.11504e-05 	1.42883e-11 	-4.47074e-13 	-1.60692e-10
3.85805e-05 	1.90718e-11 	3.56951e-12 	-1.52671e-10
4.74965e-05 	2.08993e-11 	-4.75167e-12 	-1.45492e-10
5.81958e-05 	2.28811e-11 	5.80942e-12 	-1.56607e-10
7.1035e-05 	4.05213e-11 	1.97568e-12 	-1.15788e-10
8.6442e-05 	3.12339e-11 	6.67059e-13 	-1.01943e-10
0.00010493 	2.90458e-11 	-4.46806e-13 	-9.92821e-11
0.000127116 	4.81162e-11 	3.26503e-12 	-9.47532e-11
0.00015374 	8.27472e-11 	-1.66473e-11 	-1.01062e-10
0.000185688 	6.60542e-11 	2.16346e-11 	-1.76087e-10
0.000224025 	5.33019e-11 	1.32875e-11 	-3.67442e-11
0.00027003 	2.16311e-10 	-2.0179e-11 	-1.73945e-11
0.000325236 	2.69328e-10 	3.07663e-11 	1.09906e-10
0.000391483 	3.61953e-10 	-3.71705e-11 	-8.44085e-11
0.00047098 	6.08983e-10 	2.99235e-11 	1.1703e-10
0.000566376 	8.91408e-10 	-3.01546e-10 	-1.56995e-09
0.00068085 	6.80146e-10 	1.3627e-10 	-1.29822e-09
0.000818221 	1.75546e-09 	-5.11313e-10 	-4.48263e-09
0.000983063 	2.14997e-09 	4.29301e-10 	-1.39226e-09
0.00118087 	2.36704e-09 	3.32002e-10 	-2.01761e-09
0.00141824 	3.5075e-09 	-3.78145e-10 	-5.89017e-09
0.0017031 	5.78866e-09 	-1.68924e-09 	-8.4369e-09
0.00204491 	8.93749e-09 	-2.87628e-09 	-1.47881e-08
0.00245508 	1.19404e-08 	1.59755e-09 	-5.1427e-09
0.0029473 	7.99615e-09 	-3.24703e-09 	-2.40366e-08
0.00353797 	1.59433e-08 	3.77696e-09 	-1.83989e-08
0.00424679 	9.11603e-09 	-2.63491e-09 	-3.59428e-08
0.00509742 	2.03691e-08 	-7.62071e-09 	-3.30354e-08
0.00611825 	4.52662e-08 	9.98057e-09 	4.48977e-09
0.00734314 	4.65222e-08 	-1.44876e-08 	-4.54422e-08
0.00881286 	4.30737e-08 	-1.12515e-08 	-8.83007e-08
0.0105765 	9.3488e-08 	3.06448e-08 	-3.4703e-08
0.0126925 	1.32119e-07 	2.80154e-08 	7.63707e-08
0.0152319 	1.90497e-07 	2.65128e-08 	-1.31922e-08
0.0182788 	1.8919e-07 	-4.68297e-08 	-5.13289e-08
0.0219337 	1.29067e-07 	-3.01941e-08 	4.12962e-08
0.0263197 	2.92116e-07 	-6.81441e-08 	-6.71645e-08
0.0315829 	2.22408e-07 	-2.7472e-08 	-7.0473e-07
0.037896 	4.75041e-07 	-3.47918e-08 	-9.56255e-07
0.0454717 	7.45614e-07 	3.37426e-07 	-6.43666e-07
0.0545626 	8.18717e-07 	-2.07781e-07 	-7.19034e-07
0.0654797 	1.06736e-06 	-9.79515e-08 	-1.9251e-06
0.0785686 	1.30193e-06 	-2.14306e-07 	-2.22536e-06
0.094292 	1.55463e-06 	6.72178e-07 	-4.82728e-07
0.11316 	2.09829e-06 	-3.76762e-07 	-1.34803e-06
0.135784 	1.35338e-06 	-3.40188e-07 	-1.02505e-06
0.162959 	1.8063e-06 	-2.05866e-07 	1.21074e-06
0.195641 	2.42872e-06 	6.7804e-07 	1.74794e-06
0.235021 	2.29742e-06 	2.06781e-07 	3.10001e-06
0.280839 	3.47688e-06 	-6.87566e-07 	3.64184e-06
0.333274 	5.71961e-06 	1.26257e-06 	4.64629e-06
0.392346 	6.93296e-06 	4.85648e-07 	1.01834e-05
0.455465 	2.30283e-06 	-1.69541e-07 	1.18992e-05
0.517719 	7.25562e-06 	-2.66031e-07 	1.35312e-05
0.579973 	1.47604e-06 	-2.35652e-07 	1.53613e-05
0.642226 	7.03157e-06 	-1.13713e-06 	2.03349e-05
0.70448 	7.34479e-06 	1.70704e-06 	3.26554e-05
0.766734 	5.94911e-06 	-3.0084e-06 	3.59429e-05
0.828988 	5.38655e-06 	-1.49047e-07 	-2.37738e-06
0.891242 	5.59353e-06 	7.00198e-07 	-4.22502e-06
0.953496 	8.07782e-06 	-5.43948e-07 	-4.76694e-06
1.01575 	6.07632e-06 	1.11623e-06 	-2.47205e-05
1.078 	7.73442e-06 	1.43823e-06 	6.87596e-06
1.14026 	7.28927e-06 	-8.78707e-07 	-2.28379e-05
1.20251 	6.01628e-06 	-2.18221e-06 	-2.31202e-05
1.26477 	5.01469e-06 	9.02207e-07 	-1.59367e-05
1.32702 	3.75753e-06 	4.84494e-07 	9.17102e-06
1.38927 	7.04702e-06 	3.16419e-06 	1.28653e-05
1.45153 	7.40988e-06 	1.30276e-06 	-2.12962e-05
1.51378 	6.12149e-06 	-2.87855e-06 	-5.02857e-05
1.57604 	5.27519e-06 	-1.43726e-06 	-3.44877e-05
1.63829 	4.83832e-06 	-6.70374e-07 	-1.75698e-05
1.70054 	7.15366e-06 	-3.14104e-06 	1.04393e-06
1.7628 	8.21751e-06 	2.32636e-06 	6.41018e-06
1.82505 	7.99362e-06 	5.54472e-07 	6.34739e-05
1.8873 	5.64287e-06 	-1.79306e-06 	5.93863e-05
1.94956 	3.86746e-06 	4.16419e-07 	7.0656e-05
2.01181 	6.18687e-06 	-1.26704e-06 	7.51552e-05
2.07407 	6.11531e-06 	2.34161e-06 	9.13069e-05
2.13632 	6.61222e-06 	5.27389e-07 	0.000122238
2.19857 	5.18724e-06 	-1.16252e-06 	7.80081e-05
2.26083 	7.32598e-06 	-3.47131e-06 	6.86866e-05
2.32308 	7.40512e-06 	1.38218e-06 	7.93233e-05
2.38534 	6.66702e-06 	2.4606e-06 	7.55814e-05
2.44759 	6.65564e-06 	3.12441e-06 	0.000121453
2.50984 	6.42087e-06 	2.87359e-06 	0.000162692
2.5721 	4.27037e-06 	-9.46173e-07 	0.000159045
2.63435 	6.52007e-06 	-1.14507e-07 	0.000165812
2.69661 	7.44993e-06 	3.57598e-06 	0.000175254
2.75886 	7.9677e-06 	3.71543e-06 	0.000215657
2.82111 	7.28623e-06 	2.98561e-06 	0.00021418
2.88337 	5.75857e-06 	-1.95854e-06 	0.000216776
2.94562 	6.8903e-06 	-2.62811e-06 	0.000253995
3.00787 	6.69851e-06 	1.73201e-06 	0.000230064
3.07013 	6.90233e-06 	3.29368e-06 	0.000225492
3.13238 	6.8016e-06 	-3.04952e-06 	0.000218015
3.19464 	6.54213e-06 	-1.01051e-06 	0.000234893
3.25689 	7.51912e-06 	-2.48869e-06 	0.000232513
3.31914 	4.07628e-06 	-8.89718e-08 	0.000257125
3.3814 	4.38713e-06 	-3.81559e-07 	0.000258999
3.44365 	5.64349e-06 	1.78668e-06 	0.000244294
3.50591 	4.06408e-06 	-5.81755e-07 	0.000248016
3.56816 	3.70466e-06 	-4.15926e-08 	0.000251101
3.63041 	7.64452e-06 	-1.24604e-06 	0.000246375
3.69267 	7.19374e-06 	2.03489e-07 	0.000260438
3.75492 	5.9059e-06 	2.45362e-06 	0.000245945
3.81718 	6.4062e-06 	4.09952e-07 	0.000229505
3.87943 	6.30088e-06 	-1.9718e-06 	0.000226336
3.94168 	7.19465e-06 	3.72651e-08 	0.000202322
4.00394 	7.16731e-06 	-7.73304e-07 	0.000197197
4.06619 	3.73957e-06 	-3.13304e-07 	0.000202877
4.12845 	4.24105e-06 	6.01316e-07 	0.000233853
4.1907 	6.72382e-06 	-1.97454e-06 	0.000250018
4.25295 	7.41023e-06 	1.31273e-06 	0.000239582
4.31521 	8.17277e-06 	1.47517e-06 	0.000217784
4.37746 	8.08097e-06 	2.86488e-06 	0.000232936
4.43971 	7.79215e-06 	3.52731e-06 	0.000231118
4.50197 	6.27936e-06 	-1.05891e-06 	0.000231678
4.56422 	6.20436e-06 	1.42748e-06 	0.000240964
4.62648 	7.78719e-06 	2.86987e-06 	0.000222266
4.68873 	4.73213e-06 	9.46669e-07 	0.000213612
4.75098 	6.56481e-06 	-2.70002e-06 	0.000182477
4.81324 	6.84946e-06 	-2.58341e-06 	0.000185172
4.87549 	6.5458e-06 	1.39553e-06 	0.000189547
4.93775 	5.90351e-06 	-2.56856e-07 	0.00019354
5.0 	3.58105e-06 	6.75675e-07 	0.000231731
5.0625 	7.33367e-06 	-1.10214e-06 	0.0002348
5.125 	3.10654e-06 	3.57329e-07 	0.000190346
5.1875 	6.29461e-06 	2.46829e-06 	0.000211363
5.25 	6.19307e-06 	2.95609e-06 	0.000209887
5.3125 	6.08781e-06 	-1.25493e-06 	0.000255276
5.375 	7.48759e-06 	1.51513e-06 	0.000258397
5.4375 	3.5046e-06 	1.07642e-06 	0.000256557
5.5 	5.25718e-06 	1.41536e-06 	0.000249191
5.5625 	3.7472e-06 	-3.9778e-07 	0.000250893
5.625 	3.6048e-06 	4.89535e-07 	0.000315852
5.6875 	3.10848e-06 	1.60546e-07 	0.000325953
5.75 	5.49403e-06 	9.16311e-07 	0.000298719
5.8125 	8.04385e-06 	-3.67711e-06 	0.000283411
5.875 	7.228e-06 	-2.07543e-06 	0.000298283
5.9375 	8.04141e-06 	-2.33885e-06 	0.000299021
6.0 	7.11637e-06 	3.2682e-06 	0.000306256
6.0625 	7.34092e-06 	3.45038e-06 	0.000320447
6.125 	4.5181e-06 	9.73931e-07 	0.000327388
6.1875 	7.86377e-06 	3.68303e-06 	0.000355725
6.25 	3.83258e-06 	1.13845e-06 	0.000361569
6.3125 	6.42186e-06 	-1.56833e-06 	0.000378063
6.375 	3.99818e-06 	-1.35403e-06 	0.000379416
6.4375 	3.8576e-06 	3.22144e-07 	0.000399504
6.5 	7.20112e-06 	-3.53191e-07 	0.000373581
6.5625 	6.76652e-06 	9.60486e-07 	0.000376346
6.625 	6.55728e-06 	-5.90097e-07 	0.000370741
6.6875 	3.12356e-06 	-8.11146e-07 	0.000368975
6.75 	7.34832e-06 	-1.28064e-06 	0.000357826
6.8125 	6.16993e-06 	-5.18021e-07 	0.000329599
6.875 	6.9969e-06 	-3.33784e-06 	0.00031382
6.9375 	8.05629e-06 	-2.95216e-06 	0.000309822
7.0 	7.35024e-06 	-3.23975e-06 	0.000303066
7.0625 	5.40791e-06 	-1.49144e-06 	0.000298161
7.125 	7.67169e-06 	-1.76069e-06 	0.000284897
7.1875 	8.13514e-06 	1.24559e-06 	0.000298196
7.25 	6.31793e-06 	-5.28623e-07 	0.000309924
7.3125 	5.8294e-06 	1.27355e-07 	0.000294972
7.375 	6.10266e-06 	1.70544e-06 	0.000299113
7.4375 	7.74195e-06 	-8.41563e-07 	0.000294125
7.5 	7.06141e-06 	1.25131e-06 	0.000282715
7.5625 	5.48134e-06 	-1.5779e-06 	0.000286377
7.625 	7.62511e-06 	1.16908e-06 	0.000308302
7.6875 	7.00505e-06 	-2.08861e-06 	0.000341964
7.75 	7.92073e-06 	-3.82097e-06 	0.000378765
7.8125 	6.5827e-06 	2.67253e-06 	0.000364224
7.875 	6.47126e-06 	3.18604e-06 	0.000363718
7.9375 	6.38841e-06 	3.00779e-06 	0.00037695
8.0 	3.88229e-06 	1.36849e-06 	0.00039248
8.0625 	6.41808e-06 	-3.38215e-06 	0.000355347
8.125 	8.05099e-06 	-1.28499e-06 	0.000347374
8.1875 	6.2614e-06 	-2.08029e-06 	0.00035433
8.25 	6.51488e-06 	-8.76777e-07 	0.000359295
8.3125 	2.88224e-06 	4.96618e-07 	0.00034592
8.375 	5.91328e-06 	1.33523e-06 	0.000327339
8.4375 	6.43352e-06 	4.64252e-07 	0.000318088
8.5 	4.47058e-06 	6.76201e-08 	0.000292922
8.5625 	4.55307e-06 	-1.01071e-06 	0.000285153
8.625 	6.57798e-06 	2.87096e-06 	0.000253841
8.6875 	3.94244e-06 	5.75543e-07 	0.000237139
8.75 	8.15731e-06 	-1.7709e-06 	0.000232573
8.8125 	6.69865e-06 	7.0426e-07 	0.000234748
8.875 	7.17502e-06 	3.42997e-06 	0.000228098
8.9375 	8.13136e-06 	1.82118e-06 	0.000209185
9.0 	7.44915e-06 	-3.58825e-06 	0.000230865
9.0625 	7.80514e-06 	-3.87169e-06 	0.000209372
9.125 	8.00088e-06 	-1.30906e-06 	0.000227386
9.1875 	7.64262e-06 	1.26132e-06 	0.00023505
9.25 	7.31977e-06 	3.52331e-06 	0.000236449
9.3125 	4.60915e-06 	8.64749e-07 	0.000258019
9.375 	7.45827e-06 	3.56885e-06 	0.000254471
9.4375 	6.06113e-06 	4.39706e-08 	0.000221891
9.5 	7.80706e-06 	-2.886e-06 	0.000174976
9.5625 	4.20449e-06 	4.34422e-07 	0.00017151
9.625 	4.25656e-06 	-5.50135e-07 	0.000175682
9.6875 	6.07277e-06 	-1.97543e-06 	0.000187186
9.75 	6.37442e-06 	-6.16355e-07 	0.000195646
9.8125 	7.99856e-06 	-1.96272e-06 	0.000204684
9.875 	3.69264e-06 	-8.59918e-07 	0.000220489
9.9375 	5.13132e-06 	9.60748e-07 	0.000220334
10.0 	4.33871e-06 	-1.04357e-06 	0.000255401
10.0625 	4.6524e-06 	-7.75165e-08 	0.000227609
10.125 	5.83838e-06 	2.06048e-06 	0.000222542
10.1875 	8.10915e-06 	7.73934e-07 	0.000212434
10.25 	6.07523e-06 	1.5682e-06 	0.000211468
10.3125 	3.22534e-06 	1.09383e-06 	0.000216931
10.375 	7.44347e-06 	-1.41434e-06 	0.000200433
10.4375 	7.88971e-06 	2.14553e-07 	0.000201948
10.5 	5.43894e-06 	2.12905e-06 	0.000204981
10.5625 	2.68559e-06 	-2.88005e-07 	0.000200849
10.625 	7.12168e-06 	-9.61375e-07 	0.000209048
10.6875 	7.43005e-06 	-3.27622e-06 	0.000208284
10.75 	6.1671e-06 	2.40637e-06 	0.000189648
10.8125 	5.98452e-06 	6.53752e-07 	0.000211888
10.875 	6.08127e-06 	1.95234e-06 	0.000193807
10.9375 	7.18641e-06 	1.70877e-06 	0.000221326
11.0 	5.0169e-06 	-1.58633e-06 	0.00021542
11.0625 	7.38248e-06 	-3.27192e-06 	0.000237218
11.125 	5.2186e-06 	5.44256e-07 	0.000228285
11.1875 	2.73716e-06 	-3.90996e-07 	0.000234815
11.25 	5.60409e-06 	-1.29693e-06 	0.00025059
11.3125 	7.63688e-06 	-2.76205e-06 	0.000250522
11.375 	7.2708e-06 	1.41974e-06 	0.000250448
11.4375 	8.09254e-06 	-2.50776e-06 	0.000264803
11.5 	7.84723e-06 	-1.24797e-06 	0.000270814
11.5625 	7.1405e-06 	2.96317e-06 	0.000271502
11.625 	7.05615e-06 	-3.35144e-06 	0.000279188
11.6875 	5.24934e-06 	-1.55831e-06 	0.00027492
11.75 	7.59179e-06 	2.04311e-06 	0.000257871
11.8125 	5.98332e-06 	-6.24474e-07 	0.000288941
11.875 	4.39191e-06 	9.64628e-07 	0.000276594
11.9375 	6.14964e-06 	1.46218e-06 	0.000275678
12.0 	7.94315e-06 	2.89669e-06 	0.000299603
12.0625 	6.8079e-06 	-4.2089e-07 	0.000261801
12.125 	7.47292e-06 	-2.04384e-06 	0.000209305
12.1875 	4.52207e-06 	6.51385e-07 	0.000217276
12.25 	6.84365e-06 	1.15059e-06 	0.000222187
12.3125 	7.01541e-06 	1.72323e-06 	0.000239287
12.375 	7.2352e-06 	-3.47502e-06 	0.000240449
12.4375 	5.38786e-06 	-4.66543e-07 	0.000243085
12.5 	3.12348e-06 	-2.6336e-08 	0.000221908
12.5625 	7.16984e-06 	-8.98474e-07 	0.000221606
12.625 	2.58718e-06 	5.61838e-07 	0.000216518
12.6875 	5.78124e-06 	-1.79792e-06 	0.000224404
12.75 	5.65149e-06 	1.47779e-06 	0.000256508
12.8125 	7.05245e-06 	3.07369e-06 	0.000245921
12.875 	3.20537e-06 	8.63891e-07 	0.000220213
12.9375 	7.04373e-06 	-1.00697e-06 	0.000205323
13.0 	6.25423e-06 	-3.41559e-06 	0.000207202
13.0625 	4.13155e-06 	5.81681e-07 	0.000152573
13.125 	2.98311e-06 	-7.72421e-07 	0.000184115
13.1875 	6.54791e-06 	-1.89558e-06 	0.000192376
13.25 	8.11551e-06 	8.04504e-07 	0.000167682
13.3125 	6.09707e-06 	2.56661e-06 	0.000174194
13.375 	5.69094e-06 	-4.49057e-07 	0.000178256
13.4375 	5.31201e-06 	4.55832e-07 	0.000171
13.5 	6.72734e-06 	-9.95438e-07 	0.000155635
13.5625 	7.47043e-06 	9.03057e-07 	0.000166051
13.625 	7.51856e-06 	-1.10397e-06 	0.000204658
13.6875 	5.9921e-06 	1.84548e-07 	0.00021271
13.75 	6.09481e-06 	1.92803e-06 	0.000233592
13.8125 	7.1823e-06 	-2.22241e-06 	0.000233765
13.875 	2.18116e-06 	-9.31204e-08 	0.000233199
13.9375 	6.9205e-06 	2.95735e-06 	0.000237833
14.0 	5.07135e-06 	-1.10152e-06 	0.000243408
14.0625 	7.20503e-06 	1.66845e-06 	0.000252631
14.125 	6.86716e-06 	-3.29335e-06 	0.000241093
14.1875 	2.99725e-06 	-7.70045e-07 	0.00027925
14.25 	5.1459e-06 	9.39043e-07 	0.000312807
14.3125 	6.2437e-06 	2.60492e-06 	0.000307048
14.375 	5.5372e-06 	5.45843e-07 	0.000301491
14.4375 	6.27577e-06 	-1.06653e-06 	0.000273262
14.5 	4.78248e-06 	1.9605e-06 	0.000262745
14.5625 	6.95065e-06 	-3.20084e-06 	0.000241632
14.625 	6.33837e-06 	-2.6084e-06 	0.000256564
14.6875 	6.9296e-06 	-2.10162e-06 	0.000223482
14.75 	2.82615e-06 	3.73612e-07 	0.000192241
14.8125 	5.3315e-06 	-2.60469e-06 	0.000192838
14.875 	8.12064e-06 	-1.13738e-06 	0.000194806
14.9375 	6.57336e-06 	-1.14567e-06 	0.000197329
15.0 	3.17252e-06 	5.60893e-07 	0.000208319
15.0625 	6.17036e-06 	7.03871e-07 	0.000192389
15.125 	3.01782e-06 	4.1625e-07 	0.00019685
15.1875 	7.19272e-06 	-7.24536e-07 	0.000195041
15.25 	3.36858e-06 	1.35818e-06 	0.000197994
15.3125 	3.22194e-06 	-8.14503e-07 	0.000202389
15.375 	6.33382e-06 	-1.93371e-07 	0.000162371
15.4375 	6.63059e-06 	1.63849e-06 	0.000132189
15.5 	4.16299e-06 	-6.08628e-07 	0.000142774
15.5625 	3.57568e-06 	9.01832e-07 	0.000137191
15.625 	5.95355e-06 	-2.96852e-07 	0.000127232
15.6875 	5.5181e-06 	3.88607e-07 	0.000131853
15.75 	4.31096e-06 	9.25259e-08 	0.000135053
15.8125 	5.643e-06 	-2.0149e-06 	0.000166173
15.875 	7.21778e-06 	9.72034e-07 	0.000194269
15.9375 	4.85277e-06 	-1.39747e-06 	0.00022034
16.0 	7.1574e-06 	2.88883e-06 	0.000245602
16.0625 	5.13953e-06 	-1.14416e-07 	0.000266912
16.125 	6.45172e-06 	1.9505e-06 	0.000311615
16.1875 	7.78414e-06 	-2.72364e-06 	0.000315452
16.25 	5.55535e-06 	-2.57899e-07 	0.000267051
16.3125 	6.22957e-06 	-2.85142e-06 	0.000283615
16.375 	7.35849e-06 	1.33244e-06 	0.000260178
16.4375 	7.90907e-06 	-1.71386e-06 	0.00028462
16.5 	7.8684e-06 	1.53683e-06 	0.000286246
16.5625 	5.11082e-06 	1.17612e-06 	0.00025026
16.625 	5.51033e-06 	-1.14123e-06 	0.000234586
16.6875 	7.7936e-06 	3.86613e-06 	0.000244443
16.75 	7.6099e-06 	-2.78531e-06 	0.00023245
16.8125 	5.51999e-06 	2.02733e-06 	0.000249762
16.875 	6.97006e-06 	4.8822e-07 	0.000239252
16.9375 	6.27874e-06 	-5.09099e-07 	0.000274171
17.0 	7.46956e-06 	-1.77544e-06 	0.000266586
17.0625 	3.26359e-06 	7.14145e-07 	0.000269621
17.125 	7.15717e-06 	-1.21727e-06 	0.000268948
17.1875 	3.15278e-06 	-2.92504e-07 	0.000283911
17.25 	6.93433e-06 	-1.97152e-06 	0.000311168
17.3125 	6.73206e-06 	-3.18813e-06 	0.000323281
17.375 	6.63953e-06 	8.56607e-07 	0.000317352
17.4375 	6.73048e-06 	-1.48524e-06 	0.000345984
17.5 	7.8972e-06 	1.37468e-06 	0.000298059
17.5625 	7.06342e-06 	-1.14937e-06 	0.000307412
17.625 	7.36609e-06 	-4.68793e-07 	0.000290492
17.6875 	6.72943e-06 	-8.42865e-07 	0.000318681
17.75 	8.03673e-06 	2.48151e-06 	0.000335293
17.8125 	5.38506e-06 	4.49439e-07 	0.000326448
17.875 	7.82726e-06 	-9.39589e-07 	0.0003194
17.9375 	7.99547e-06 	3.28812e-06 	0.000312084
18.0 	8.02981e-06 	-2.04711e-06 	0.000319407
18.0625 	6.8511e-06 	-1.61826e-06 	0.000369218
18.125 	5.94838e-06 	-1.51442e-06 	0.000355097
18.1875 	7.68669e-06 	-6.88021e-07 	0.000343218
18.25 	7.61477e-06 	1.65088e-06 	0.000296216
18.3125 	3.17852e-06 	9.05117e-07 	0.000325318
18.375 	7.89103e-06 	-1.41898e-06 	0.000326758
18.4375 	6.86886e-06 	-2.59712e-06 	0.000309051
18.5 	5.78337e-06 	2.23566e-06 	0.000343649
18.5625 	7.78396e-06 	1.82451e-06 	0.000316586
18.625 	7.35805e-06 	-8.46613e-07 	0.000291228
18.6875 	3.68361e-06 	8.13158e-08 	0.000356506
18.75 	4.57538e-06 	-6.02593e-07 	0.000353267
18.8125 	6.25465e-06 	-1.4922e-06 	0.0003693
18.875 	5.832e-06 	1.85347e-06 	0.00036797
18.9375 	6.49247e-06 	6.20962e-07 	0.000376989
19.0 	2.1791e-06 	1.66094e-07 	0.000381484
19.0625 	4.06692e-06 	3.76962e-07 	0.000381493
19.125 	7.1946e-06 	1.67268e-06 	0.000376765
19.1875 	5.68091e-06 	2.39757e-06 	0.000360979
19.25 	7.68893e-06 	-7.68658e-07 	0.000356826
19.3125 	8.10374e-06 	3.61366e-06 	0.000380644
19.375 	6.22273e-06 	1.26148e-06 	0.000380357
19.4375 	5.47594e-06 	-1.43872e-06 	0.000398699
19.5 	6.88048e-06 	2.26675e-07 	0.00042109
19.5625 	3.3712e-06 	2.83251e-07 	0.000408451
19.625 	7.44925e-06 	-5.72865e-07 	0.000414944
19.6875 	6.62954e-06 	1.50595e-06 	0.000404994
19.75 	3.90074e-06 	-3.68457e-07 	0.000407531
19.8125 	4.24942e-06 	-7.05171e-07 	0.000417175
19.875 	6.58615e-06 	-2.66311e-06 	0.000410913
19.9375 	8.06347e-06 	-3.84894e-06 	0.000384847
20.0 	8.09625e-06 	-2.4403e-07 	0.000379963
20.0625 	6.53002e-06 	1.64778e-06 	0.000372762
20.125 	7.34869e-06 	-3.32772e-06 	0.000396587
20.1875 	4.53264e-06 	-4.45226e-07 	0.000398985
20.25 	5.914e-06 	-1.4136e-06 	0.00039588
20.3125 	5.56036e-06 	3.41915e-07 	0.000413569
20.375 	6.25111e-06 	2.23481e-06 	0.00038226
20.4375 	8.05374e-06 	-1.35596e-06 	0.000409644
20.5 	7.22353e-06 	2.14536e-06 	0.000450344
20.5625 	6.32195e-06 	2.53139e-06 	0.000446931
20.625 	7.7033e-06 	-2.10994e-06 	0.0004238
20.6875 	4.81273e-06 	7.96614e-07 	0.000418207
20.75 	3.92106e-06 	-1.07622e-06 	0.0003927
20.8125 	6.48332e-06 	-3.04635e-06 	0.000337704
20.875 	7.38497e-06 	-2.88807e-06 	0.000349325
20.9375 	7.7335e-06 	1.41716e-06 	0.000362917
21.0 	7.67713e-06 	-1.26755e-06 	0.000370918
21.0625 	7.73268e-06 	2.06342e-06 	0.000369952
21.125 	7.07625e-06 	2.89549e-06 	0.000348538
21.1875 	7.19098e-06 	1.04459e-06 	0.000356497
21.25 	7.40588e-06 	-3.22928e-06 	0.000304679
21.3125 	3.11666e-06 	3.77571e-07 	0.000289343
21.375 	8.15104e-06 	1.57149e-06 	0.000308309
21.4375 	5.95914e-06 	-2.30096e-06 	0.000278979
21.5 	6.79163e-06 	-2.73979e-06 	0.000285535
21.5625 	4.78314e-06 	6.79121e-07 	0.000266752
21.625 	7.31939e-06 	-1.45696e-06 	0.000269999
21.6875 	6.5101e-06 	-1.018e-06 	0.000259866
21.75 	4.93471e-06 	1.07149e-06 	0.00026165
21.8125 	7.83867e-06 	-1.22546e-06 	0.000222648
21.875 	6.3639e-06 	2.779e-06 	0.000195154
21.9375 	7.60812e-06 	3.55321e-06 	0.000176747
22.0 	7.91558e-06 	3.83886e-06 	0.000150677
22.0625 	6.86265e-06 	1.48261e-06 	0.000158755
22.125 	6.33047e-06 	1.00984e-06 	0.000155986
22.1875 	6.61658e-06 	1.61095e-06 	0.000154733
22.25 	3.20129e-06 	6.06483e-07 	0.000162243
22.3125 	4.0764e-06 	-8.39775e-07 	0.000165822
22.375 	8.147e-06 	-3.89311e-06 	0.000169612
22.4375 	6.56411e-06 	2.43877e-06 	0.000191599
22.5 	3.82115e-06 	-2.67334e-08 	0.000180934
22.5625 	6.25392e-06 	-2.06003e-07 	0.000188691
22.625 	7.46486e-06 	5.46817e-07 	0.000187507
22.6875 	6.53293e-06 	2.11092e-06 	0.000190284
22.75 	7.34679e-06 	1.19577e-06 	0.000187223
22.8125 	5.8983e-06 	-1.57104e-06 	0.000177079
22.875 	4.80563e-06 	-1.16252e-06 	0.000181789
22.9375 	6.26715e-06 	-2.72575e-06 	0.000169839
23.0 	7.58739e-06 	2.06952e-07 	0.000162296
23.0625 	7.25461e-06 	2.91411e-06 	0.000131735
23.125 	6.82563e-06 	-6.96388e-07 	0.000139303
23.1875 	6.01676e-06 	-2.53578e-06 	0.000161797
23.25 	2.92454e-06 	-3.98251e-08 	0.000126973
23.3125 	7.22315e-06 	-2.02202e-06 	0.000134867
23.375 	7.64505e-06 	1.38685e-06 	0.000197877
23.4375 	8.20225e-06 	-3.88663e-06 	0.000210926
23.5 	7.77903e-06 	-2.92421e-06 	0.00022296
23.5625 	6.85718e-06 	2.75679e-06 	0.000222545
23.625 	8.06277e-06 	1.09107e-06 	0.00020606
23.6875 	7.14796e-06 	1.47729e-06 	0.000213744
23.75 	5.20262e-06 	1.58384e-07 	0.000207672
23.8125 	7.23584e-06 	-2.25196e-06 	0.00022253
23.875 	6.22992e-06 	-7.86169e-07 	0.000174107
23.9375 	4.169e-06 	-7.8044e-07 	0.000138396
24.0 	6.03994e-06 	-2.39455e-06 	0.000129499
24.0625 	7.14033e-06 	3.41908e-06 	0.000188751
24.125 	3.69192e-06 	1.16751e-06 	0.000196127
24.1875 	7.69453e-06 	3.66493e-06 	0.000225419
24.25 	5.46908e-06 	1.45962e-06 	0.000230192
24.3125 	6.08791e-06 	-2.51701e-06 	0.000241141
24.375 	5.20295e-06 	4.19238e-07 	0.000255488
24.4375 	6.82405e-06 	-2.72839e-06 	0.000266628
24.5 	7.53116e-06 	-1.03797e-06 	0.00026774
24.5625 	6.67255e-06 	-4.49823e-07 	0.000270087
24.625 	7.76796e-06 	3.70584e-06 	0.000219974
24.6875 	3.3036e-06 	2.1591e-07 	0.000229106
24.75 	7.76832e-06 	3.7029e-06 	0.000235813
24.8125 	5.59655e-06 	-5.56908e-07 	0.000226085
24.875 	7.55379e-06 	3.61554e-06 	0.000232205
24.9375 	6.81471e-06 	2.46315e-06 	0.000238214
25.0 	5.92333e-06 	-2.14645e-06 	0.00024406
25.0625 	8.0794e-06 	1.21086e-06 	0.000245169
25.125 	8.07326e-06 	-2.58174e-07 	0.000289826
25.1875 	6.97505e-06 	1.96876e-06 	0.000264514
25.25 	8.12668e-06 	-2.24982e-06 	0.000263765
25.3125 	8.14713e-06 	1.16749e-06 	0.000251907
25.375 	7.426e-06 	2.02481e-06 	0.000318871
25.4375 	6.93492e-06 	-3.28874e-06 	0.000315058
25.5 	4.75145e-06 	-1.40975e-06 	0.000301764
25.5625 	8.0426e-06 	3.32499e-06 	0.000331577
25.625 	7.82587e-06 	-2.53379e-06 	0.000353609
25.6875 	7.24111e-06 	1.45134e-07 	0.000356373
25.75 	3.49854e-06 	7.8085e-07 	0.000389044
25.8125 	7.96602e-06 	-3.54241e-06 	0.000401781
25.875 	6.13233e-06 	-2.14814e-06 	0.000415381
25.9375 	6.56228e-06 	7.20599e-07 	0.000413843
26.0 	7.10596e-06 	1.11454e-06 	0.000411502
26.0625 	6.83693e-06 	-1.54387e-06 	0.000418938
26.125 	8.06535e-06 	-2.54053e-06 	0.000381577
26.1875 	6.25879e-06 	1.89323e-06 	0.000381511
26.25 	6.45775e-06 	-5.63062e-07 	0.000385227
26.3125 	7.12817e-06 	-2.61446e-06 	0.000369964
26.375 	6.42219e-06 	-1.34961e-06 	0.000358676
26.4375 	8.05175e-06 	-1.99897e-06 	0.000360371
26.5 	4.74819e-06 	1.83151e-06 	0.000359573
26.5625 	5.3053e-06 	-2.18362e-06 	0.000366107
26.625 	4.38274e-06 	3.12611e-07 	0.000365646
26.6875 	7.26123e-06 	1.72173e-06 	0.000313464
26.75 	3.31585e-06 	-6.65446e-09 	0.00031771
26.8125 	3.32156e-06 	-4.43441e-07 	0.000319048
26.875 	6.18528e-06 	-8.49089e-07 	0.000322829
26.9375 	5.00614e-06 	-5.59689e-07 	0.00033027
27.0 	4.43586e-06 	7.00882e-07 	0.000378982
27.0625 	5.50123e-06 	4.74758e-07 	0.000378983
27.125 	5.78698e-06 	-1.24484e-06 	0.000380406
27.1875 	6.09583e-06 	-3.73737e-07 	0.000385767
27.25 	4.14652e-06 	-2.82645e-07 	0.000380017
27.3125 	6.78791e-06 	-1.05855e-06 	0.000402044
27.375 	6.03776e-06 	7.22979e-07 	0.000400976
27.4375 	7.86994e-06 	3.25803e-06 	0.000416085
27.5 	7.10147e-06 	-2.99194e-06 	0.000408344
27.5625 	6.40864e-06 	1.88599e-07 	0.000382631
27.625 	6.25879e-06 	2.95037e-07 	0.000368329
27.6875 	3.85368e-06 	-9.48785e-07 	0.000338801
27.75 	5.99602e-06 	1.27125e-06 	0.000305934
27.8125 	6.51047e-06 	-5.25012e-07 	0.000354374
27.875 	3.68339e-06 	-5.49944e-07 	0.000356594
27.9375 	7.19405e-06 	-1.81584e-06 	0.000362467
28.0 	7.63478e-06 	-2.16976e-06 	0.000375822
28.0625 	3.85556e-06 	-1.14638e-06 	0.000356022
28.125 	8.08828e-06 	-2.07544e-06 	0.000369873
28.1875 	3.61316e-06 	3.90375e-07 	0.000359917
28.25 	7.99141e-06 	-2.39095e-06 	0.000362571
28.3125 	7.77844e-06 	2.47291e-06 	0.000378796
28.375 	7.07074e-06 	-2.62783e-06 	0.000346654
28.4375 	6.27298e-06 	-6.19386e-07 	0.000339717
28.5 	5.38362e-06 	1.1586e-06 	0.000340217
28.5625 	7.32314e-06 	3.49259e-06 	0.000317312
28.625 	7.99404e-06 	1.35888e-06 	0.000319212
28.6875 	5.9402e-06 	-3.20514e-07 	0.000313459
28.75 	6.36584e-06 	5.94647e-07 	0.000328707
28.8125 	6.63302e-06 	1.77402e-06 	0.000328082
28.875 	7.48747e-06 	4.24148e-07 	0.000342839
28.9375 	6.45901e-06 	-1.87344e-06 	0.000362056
29.0 	6.47445e-06 	2.5897e-06 	0.000387389
29.0625 	3.69354e-06 	-6.14299e-07 	0.000365277
29.125 	7.01344e-06 	3.38114e-06 	0.000382232
29.1875 	7.83089e-06 	9.64981e-07 	0.000356
29.25 	7.94285e-06 	-1.86389e-06 	0.000316809
29.3125 	6.95623e-06 	3.33216e-06 	0.000307005
29.375 	4.26906e-06 	3.24072e-07 	0.000287901
29.4375 	6.77746e-06 	-7.67848e-07 	0.000315464
29.5 	8.06918e-06 	2.74793e-06 	0.000325131
29.5625 	6.34373e-06 	2.39805e-06 	0.000299429
29.625 	7.0561e-06 	-9.00373e-07 	0.000284159
29.6875 	7.36024e-06 	3.52413e-06 	0.000266922
29.75 	7.20743e-06 	-3.18325e-06 	0.000240152
29.8125 	5.68271e-06 	-1.37195e-06 	0.000229993
29.875 	6.97128e-06 	-1.21201e-06 	0.000223532
29.9375 	6.66649e-06 	1.43849e-06 	0.00022305
30.0 	3.00636e-06 	7.15763e-07 	0.000236715
30.0625 	6.94703e-06 	-1.21862e-06 	0.000273785
30.125 	8.14693e-06 	-3.94816e-06 	0.000268673
30.1875 	5.60944e-06 	-1.35957e-06 	0.00025912
30.25 	8.04329e-06 	-1.3871e-07 	0.000284105
30.3125 	7.78165e-06 	-3.58703e-06 	0.00028766
30.375 	7.79269e-06 	-2.54759e-06 	0.000296806
30.4375 	6.95272e-06 	-1.79765e-06 	0.00028108
30.5 	4.64591e-06 	4.67464e-07 	0.00028769
30.5625 	4.44948e-06 	8.59558e-07 	0.000299009
30.625 	3.46632e-06 	-9.87059e-07 	0.000269406
30.6875 	6.07004e-06 	2.56838e-06 	0.000251272
30.75 	7.01865e-06 	-1.30664e-06 	0.000261285
30.8125 	6.52376e-06 	-9.76819e-07 	0.000242119
30.875 	8.00299e-06 	-1.19275e-06 	0.000275191
30.9375 	2.97518e-06 	-2.79128e-07 	0.000277983
31.0 	3.35347e-06 	5.09161e-07 	0.000272968
31.0625 	3.13903e-06 	-3.25737e-07 	0.000250333
31.125 	6.85223e-06 	8.05105e-07 	0.00025185
31.1875 	7.50809e-06 	2.15647e-06 	0.000237574
31.25 	5.60772e-06 	-4.9205e-07 	0.000266408
31.3125 	7.62019e-06 	-3.66376e-06 	0.000283305
31.375 	3.4342e-06 	5.30378e-07 	0.000282189
31.4375 	5.3784e-06 	-7.8111e-07 	0.000268194
31.5 	7.51061e-06 	1.06192e-06 	0.00026945
31.5625 	3.41603e-06 	8.64951e-07 	0.000270679
31.625 	6.40082e-06 	7.30057e-07 	0.000271082
31.6875 	5.62627e-06 	-1.22791e-06 	0.000257554
31.75 	6.81948e-06 	-2.62456e-06 	0.000271833
31.8125 	6.1795e-06 	7.60243e-07 	0.00030862
31.875 	7.05792e-06 	-6.20631e-07 	0.000312266
31.9375 	6.09291e-06 	-1.93568e-06 	0.000321873
32.0 	6.40039e-06 	1.53783e-06 	0.000333482
32.0625 	7.82904e-06 	3.38084e-06 	0.000352721
32.125 	6.80977e-06 	6.57656e-07 	0.000382992
32.1875 	3.06738e-06 	-5.118e-07 	0.000388265
32.25 	3.58093e-06 	-1.00689e-06 	0.000372864
32.3125 	5.84347e-06 	-2.08192e-06 	0.000365295
32.375 	7.24112e-06 	-3.20869e-06 	0.000363821
32.4375 	7.53172e-06 	-9.12999e-07 	0.000346835
32.5 	6.72447e-06 	-1.13619e-06 	0.000327132
32.5625 	4.60442e-06 	-9.26104e-08 	0.000328197
32.625 	7.98446e-06 	3.8162e-06 	0.000332752
32.6875 	6.5258e-06 	3.0957e-06 	0.000348329
32.75 	4.10753e-06 	-6.71104e-07 	0.000369186
32.8125 	7.20521e-06 	3.40362e-06 	0.00039073
32.875 	7.22048e-06 	3.55558e-06 	0.000443655
32.9375 	6.38993e-06 	-2.30949e-06 	0.000438749
33.0 	6.71027e-06 	-3.2461e-06 	0.000430944
33.0625 	6.02397e-06 	1.84859e-06 	0.000444384
33.125 	2.97968e-06 	5.6549e-07 	0.000476668
33.1875 	6.88755e-06 	-1.90306e-06 	0.00046108
33.25 	4.7796e-06 	8.41906e-07 	0.00042214
33.3125 	4.82022e-06 	8.48538e-07 	0.000443094
33.375 	5.94589e-06 	-1.63858e-06 	0.00045238
33.4375 	8.14615e-06 	1.65378e-06 	0.000423374
33.5 	3.96252e-06 	1.18312e-06 	0.000467017
33.5625 	4.66861e-06 	-8.45957e-07 	0.00046697
33.625 	6.16067e-06 	-1.58913e-06 	0.000468125
33.6875 	5.71571e-06 	-4.80303e-07 	0.000421021
33.75 	3.57582e-06 	1.07511e-06 	0.000425108
33.8125 	7.50993e-06 	-1.25143e-06 	0.000432293
33.875 	7.93164e-06 	-1.01009e-06 	0.000427392
33.9375 	6.07979e-06 	-2.36166e-06 	0.000397282
34.0 	5.88243e-06 	2.07581e-06 	0.000458654
34.0625 	4.60367e-06 	8.93347e-07 	0.000447106
34.125 	7.88446e-06 	-2.57916e-06 	0.000441173
34.1875 	7.36851e-06 	2.5012e-06 	0.000454692
34.25 	8.08121e-06 	3.89444e-06 	0.000484118
34.3125 	6.80858e-06 	1.09205e-06 	0.000500679
34.375 	7.2413e-06 	8.80438e-07 	0.000492
34.4375 	5.01095e-06 	2.93648e-07 	0.000502078
34.5 	3.59825e-06 	8.81209e-07 	0.000517051
34.5625 	6.53076e-06 	-1.49442e-06 	0.000506583
34.625 	7.12942e-06 	2.2694e-06 	0.00049571
34.6875 	7.55666e-06 	-3.67963e-06 	0.000481463
34.75 	6.73922e-06 	-1.67807e-06 	0.000459294
34.8125 	4.44805e-06 	1.56192e-09 	0.000450227
34.875 	7.26177e-06 	-2.13747e-06 	0.000453037
34.9375 	5.43949e-06 	-1.28263e-06 	0.000415327
35.0 	3.96685e-06 	7.4474e-07 	0.000404971
35.0625 	5.45236e-06 	2.34003e-06 	0.00041075
35.125 	7.69108e-06 	-3.68369e-06 	0.00039365
35.1875 	7.03296e-06 	-1.55276e-06 	0.000380009
35.25 	6.46014e-06 	-2.32636e-06 	0.000386245
35.3125 	7.5289e-06 	1.0473e-06 	0.000415142
35.375 	7.21854e-06 	-1.09734e-06 	0.000394419
35.4375 	6.76259e-06 	2.8269e-06 	0.000389302
35.5 	7.37928e-06 	-3.06113e-06 	0.000379698
35.5625 	5.85418e-06 	-1.8212e-06 	0.000381047
35.625 	5.86297e-06 	1.31417e-06 	0.000415407
35.6875 	7.31549e-06 	3.1216e-06 	0.000408737
35.75 	4.78913e-06 	7.49846e-07 	0.000403061
35.8125 	6.5017e-06 	-2.30902e-06 	0.000384448
35.875 	5.38085e-06 	-1.39152e-06 	0.000389082
35.9375 	6.02446e-06 	1.18083e-06 	0.000442045
36.0 	5.70028e-06 	-1.73604e-06 	0.000462852
36.0625 	3.67109e-06 	1.02691e-07 	0.000490329
36.125 	5.77044e-06 	1.01072e-06 	0.000492488
36.1875 	7.93327e-06 	2.22387e-06 	0.000510838
36.25 	3.28066e-06 	8.45698e-07 	0.000518748
36.3125 	4.96175e-06 	-2.41012e-07 	0.000520582
36.375 	7.16698e-06 	1.85293e-06 	0.000532395
36.4375 	6.30103e-06 	5.24467e-07 	0.000531727
36.5 	4.43682e-06 	9.48093e-07 	0.000492098
36.5625 	8.00264e-06 	2.75729e-07 	0.000477268
36.625 	6.80431e-06 	3.30091e-06 	0.000459074
36.6875 	6.63199e-06 	1.64858e-06 	0.000462586
36.75 	7.97673e-06 	1.25526e-06 	0.000468844
36.8125 	7.76709e-06 	-1.57503e-06 	0.000466857
36.875 	6.12949e-06 	2.9083e-06 	0.000481338
36.9375 	3.9763e-06 	1.19456e-06 	0.00047838
37.0 	5.53056e-06 	1.82677e-06 	0.00047987
37.0625 	6.60314e-06 	1.2693e-06 	0.000478179
37.125 	8.14514e-06 	1.86725e-06 	0.000501294
37.1875 	6.44968e-06 	-1.10352e-06 	0.000504125
37.25 	6.3144e-06 	-1.23971e-06 	0.000490328
37.3125 	7.04371e-06 	9.6073e-07 	0.000490397
37.375 	8.10558e-06 	-9.00719e-07 	0.000511874
37.4375 	8.06012e-06 	-2.2367e-06 	0.000496353
37.5 	5.98682e-06 	1.80164e-06 	0.000482252
37.5625 	6.1048e-06 	2.29239e-06 	0.000501391
37.625 	6.90095e-06 	-3.29148e-06 	0.000536271
37.6875 	3.61974e-06 	-1.011e-07 	0.000520669
37.75 	4.10401e-06 	4.02979e-07 	0.000517913
37.8125 	4.59452e-06 	-8.60007e-07 	0.000536793
37.875 	5.9438e-06 	1.22813e-06 	0.00055921
37.9375 	7.51375e-06 	3.59851e-06 	0.000543516
38.0 	6.57645e-06 	-3.14536e-06 	0.000573707
38.0625 	3.1753e-06 	8.37394e-07 	0.000588175
38.125 	6.55628e-06 	-2.22019e-06 	0.000594813
38.1875 	3.33108e-06 	-9.11782e-07 	0.000628817
38.25 	7.83049e-06 	-1.67092e-06 	0.000638385
38.3125 	8.09689e-06 	-2.91027e-07 	0.000639127
38.375 	5.15923e-06 	1.28746e-06 	0.000644145
38.4375 	6.21681e-06 	9.63279e-08 	0.000641272
38.5 	5.8732e-06 	1.08319e-06 	0.00065105
38.5625 	7.91068e-06 	3.02692e-06 	0.000658687
38.625 	3.36187e-06 	-4.24194e-07 	0.000676908
38.6875 	5.86429e-06 	-1.86933e-06 	0.000675124
38.75 	6.04075e-06 	-2.85559e-06 	0.000673539
38.8125 	7.90976e-06 	-1.10707e-06 	0.000680912
38.875 	5.99391e-06 	-7.41584e-07 	0.00069795
38.9375 	4.87528e-06 	-4.04872e-07 	0.000702282
39.0 	8.12671e-06 	-1.86224e-06 	0.000661655
39.0625 	4.35078e-06 	8.43483e-07 	0.000653747
39.125 	7.49958e-06 	-7.64932e-07 	0.000637565
39.1875 	7.59257e-06 	-1.79439e-06 	0.000591726
39.25 	5.94749e-06 	-2.62205e-06 	0.000574464
39.3125 	6.31484e-06 	-1.19609e-06 	0.000622252
39.375 	5.51707e-06 	9.32573e-07 	0.000627787
39.4375 	5.40197e-06 	-2.3499e-06 	0.000641577
39.5 	5.68788e-06 	-1.55336e-06 	0.00063558
39.5625 	4.33817e-06 	6.68725e-07 	0.000607403
39.625 	3.71557e-06 	-1.09564e-06 	0.000590082
39.6875 	6.38379e-06 	-1.43142e-06 	0.000548993
39.75 	7.62125e-06 	9.15184e-07 	0.000544065
39.8125 	4.81487e-06 	5.45417e-07 	0.000532458
39.875 	2.91607e-06 	3.93844e-07 	0.000524865
39.9375 	5.43708e-06 	-1.50997e-06 	0.000525558
40.0 	5.77429e-06 	1.8099e-06 	0.000592233
40.0625 	6.88718e-06 	1.14907e-07 	0.000597822
40.125 	6.90667e-06 	6.63368e-07 	0.00060721
40.1875 	4.40835e-06 	-8.14972e-07 	0.000589015
40.25 	7.94072e-06 	-3.83328e-06 	0.000575295
40.3125 	3.66448e-06 	-4.0931e-07 	0.000574518
40.375 	7.20067e-06 	3.12859e-07 	0.000559213
40.4375 	5.55373e-06 	2.01609e-06 	0.000555906
40.5 	8.0829e-06 	-6.24989e-07 	0.000594733
40.5625 	7.00663e-06 	-3.31034e-06 	0.000571567
40.625 	6.91678e-06 	2.05749e-06 	0.000539872
40.6875 	5.9663e-06 	2.76428e-08 	0.000540775
40.75 	4.96163e-06 	-2.30544e-07 	0.00054564
40.8125 	4.47794e-06 	6.90588e-07 	0.000546873
40.875 	5.88456e-06 	-1.90186e-06 	0.000560165
40.9375 	5.49168e-06 	1.90155e-06 	0.000577357
41.0 	6.91366e-06 	3.13011e-06 	0.000568254
41.0625 	7.6921e-06 	-2.48222e-06 	0.000562687
41.125 	7.2758e-06 	-1.2389e-06 	0.000553087
41.1875 	6.20599e-06 	6.65733e-07 	0.000510609
41.25 	6.76305e-06 	3.25906e-06 	0.00052757
41.3125 	6.28182e-06 	-2.84537e-06 	0.000492387
41.375 	4.40229e-06 	6.94068e-07 	0.000465519
41.4375 	6.00166e-06 	2.0945e-06 	0.000477435
41.5 	5.76653e-06 	-8.49189e-07 	0.000481032
41.5625 	5.88417e-06 	2.3519e-06 	0.000494923
41.625 	6.40146e-06 	2.4355e-06 	0.000469865
41.6875 	2.85163e-06 	2.16879e-07 	0.000467673
41.75 	5.07865e-06 	-9.46748e-07 	0.000472993
41.8125 	6.74703e-06 	8.5791e-07 	0.000471286
41.875 	5.47713e-06 	1.3716e-06 	0.000517882
41.9375 	5.8227e-06 	1.69697e-06 	0.00053337
42.0 	7.52185e-06 	-1.50229e-06 	0.000540973
42.0625 	5.35437e-06 	8.18165e-07 	0.000548587
42.125 	5.68433e-06 	-1.47735e-06 	0.000547066
42.1875 	6.31197e-06 	6.36736e-07 	0.000554979
42.25 	7.30511e-06 	1.00595e-06 	0.000564481
42.3125 	3.66323e-06 	8.17477e-07 	0.000562546
42.375 	6.01386e-06 	1.54872e-06 	0.000570539
42.4375 	6.47794e-06 	1.14161e-06 	0.00054037
42.5 	7.71128e-06 	1.66498e-07 	0.000553047
42.5625 	7.03371e-06 	1.70939e-06 	0.000546135
42.625 	7.73458e-06 	-2.62078e-06 	0.000557907
42.6875 	7.49168e-06 	-1.38349e-06 	0.000550892
42.75 	5.49982e-06 	-1.15862e-06 	0.000550319
42.8125 	7.18252e-06 	-1.20474e-06 	0.000559254
42.875 	7.74508e-06 	1.48833e-06 	0.000578655
42.9375 	8.02489e-06 	3.72991e-06 	0.000601932
43.0 	5.21512e-06 	-2.12887e-06 	0.000579039
43.0625 	7.81462e-06 	-3.76872e-06 	0.000567318
43.125 	5.81785e-06 	1.44447e-07 	0.000558392
43.1875 	8.22267e-06 	2.15723e-06 	0.00056375
43.25 	7.85855e-06 	1.82835e-06 	0.000569152
43.3125 	7.44064e-06 	2.86557e-06 	0.000570708
43.375 	6.29938e-06 	2.70698e-06 	0.000550058
43.4375 	5.94927e-06 	-2.76505e-06 	0.000545897
43.5 	5.98623e-06 	9.73578e-07 	0.000561862
43.5625 	7.25883e-06 	1.96112e-06 	0.000560592
43.625 	3.43869e-06 	-2.32749e-07 	0.000554944
43.6875 	7.01525e-06 	-2.61724e-06 	0.000550119
43.75 	6.2588e-06 	2.13398e-06 	0.0005504
43.8125 	6.54696e-06 	7.24393e-07 	0.000573521
43.875 	6.93382e-06 	-1.03544e-06 	0.000576218
43.9375 	7.9828e-06 	-3.70899e-06 	0.000595378
44.0 	6.50294e-06 	-1.43432e-08 	0.000589674
44.0625 	3.05198e-06 	5.96672e-07 	0.000601865
44.125 	5.93333e-06 	2.50901e-06 	0.000610084
44.1875 	5.69696e-06 	-1.3307e-06 	0.000617543
44.25 	6.05654e-06 	-2.55725e-07 	0.000627112
44.3125 	6.3397e-06 	1.99659e-06 	0.00062148
44.375 	4.69646e-06 	-8.77654e-07 	0.000621053
44.4375 	4.29194e-06 	-4.10442e-07 	0.000639862
44.5 	6.92056e-06 	-1.54437e-06 	0.00065804
44.5625 	6.23927e-06 	1.96427e-06 	0.000648708
44.625 	3.66922e-06 	-1.61976e-07 	0.000678867
44.6875 	7.28392e-06 	1.34055e-06 	0.00067898
44.75 	4.51384e-06 	5.31039e-07 	0.00066847
44.8125 	7.34605e-06 	-3.1474e-06 	0.000649585
44.875 	6.0097e-06 	-1.37151e-06 	0.000669678
44.9375 	4.62638e-06 	9.39862e-07 	0.000698206
45.0 	7.75785e-06 	4.94438e-07 	0.000711691
45.0625 	6.28932e-06 	1.82456e-06 	0.000745016
45.125 	6.33126e-06 	2.36443e-06 	0.000697412
45.1875 	3.8606e-06 	4.5776e-07 	0.000707865
45.25 	5.85735e-06 	1.77274e-06 	0.000699006
45.3125 	5.86458e-06 	-1.4067e-06 	0.000706059
45.375 	8.00955e-06 	2.75514e-06 	0.000653732
45.4375 	7.03965e-06 	-1.31846e-06 	0.000644318
45.5 	5.48613e-06 	2.38889e-06 	0.000648826
45.5625 	6.7911e-06 	2.87642e-06 	0.000632172
45.625 	3.34613e-06 	1.86183e-07 	0.000645375
45.6875 	7.3921e-06 	3.42714e-06 	0.000612039
45.75 	7.48045e-06 	3.62109e-06 	0.000634758
45.8125 	5.67593e-06 	5.21949e-07 	0.000647948
45.875 	5.38703e-06 	-5.36744e-07 	0.000647197
45.9375 	8.07423e-06 	1.83073e-06 	0.000645128
46.0 	4.52809e-06 	5.24069e-07 	0.000667123
46.0625 	7.29123e-06 	-3.52539e-06 	0.000617297
46.125 	4.75415e-06 	5.65937e-07 	0.000632255
46.1875 	4.95058e-06 	2.18637e-07 	0.000611927
46.25 	7.90471e-06 	-1.43087e-06 	0.000607336
46.3125 	7.62935e-06 	1.00394e-06 	0.000613929
46.375 	3.86521e-06 	9.55963e-07 	0.000606784
46.4375 	7.16986e-06 	2.73543e-06 	0.000619268
46.5 	5.22466e-06 	-2.47984e-07 	0.000631409
46.5625 	8.1343e-06 	-1.39328e-06 	0.000617785
46.625 	4.58322e-06 	-1.73096e-06 	0.00065532
46.6875 	4.86946e-06 	-9.52564e-07 	0.00066056
46.75 	6.4485e-06 	-2.65495e-06 	0.000693628
46.8125 	6.03184e-06 	1.91845e-06 	0.000651313
46.875 	6.79506e-06 	1.79236e-06 	0.000650683
46.9375 	4.79534e-06 	-1.24981e-06 	0.000627055
47.0 	6.8661e-06 	-2.77167e-06 	0.000628049
47.0625 	3.76053e-06 	7.21619e-07 	0.000638106
47.125 	7.39361e-06 	-3.53106e-06 	0.000633953
47.1875 	7.46293e-06 	-3.44837e-06 	0.000595705
47.25 	6.46578e-06 	-2.20976e-06 	0.000615612
47.3125 	6.57615e-06 	2.48041e-06 	0.000642583
47.375 	7.57839e-06 	-3.18223e-06 	0.000639634
47.4375 	5.296e-06 	1.46415e-06 	0.000642454
47.5 	5.73714e-06 	1.96796e-06 	0.000653446
47.5625 	6.16892e-06 	2.46454e-06 	0.000661627
47.625 	5.27616e-06 	4.39101e-07 	0.000646534
47.6875 	7.23941e-06 	7.88961e-07 	0.000636847
47.75 	8.16074e-06 	2.785e-06 	0.000636451
47.8125 	3.01893e-06 	5.50349e-07 	0.000626544
47.875 	5.24855e-06 	1.18989e-07 	0.000561953
47.9375 	5.51645e-06 	1.60431e-06 	0.00056365
48.0 	7.87546e-06 	-2.87398e-06 	0.000562905
48.0625 	7.91978e-06 	1.23555e-06 	0.000555219
48.125 	7.11818e-06 	-3.4363e-06 	0.000601475
48.1875 	6.92128e-06 	1.70513e-06 	0.000600924
48.25 	6.25271e-06 	2.34735e-06 	0.000607994
48.3125 	4.90578e-06 	8.34292e-07 	0.00064158
48.375 	5.34996e-06 	1.32604e-06 	0.000637431
48.4375 	7.24783e-06 	-2.13249e-06 	0.000635191
48.5 	6.66819e-06 	-1.47241e-06 	0.000655662
48.5625 	6.30487e-06 	-1.73509e-06 	0.00067106
48.625 	4.98554e-06 	-2.08153e-06 	0.000691073
48.6875 	5.43878e-06 	7.97256e-08 	0.000695657
48.75 	6.44875e-06 	-1.42137e-06 	0.000691668
48.8125 	7.74753e-06 	-7.43905e-07 	0.000739165
48.875 	6.54509e-06 	2.12892e-06 	0.000747313
48.9375 	5.59543e-06 	-7.42146e-07 	0.000748515
49.0 	4.34467e-06 	6.70471e-07 	0.000780236
49.0625 	4.17945e-06 	-6.32055e-07 	0.000777168
49.125 	6.20758e-06 	1.86867e-06 	0.000777602
49.1875 	5.68946e-06 	-5.50165e-07 	0.000793981
49.25 	7.58968e-06 	-9.81944e-07 	0.000790464
49.3125 	7.78785e-06 	-1.63776e-06 	0.000771443
49.375 	7.66686e-06 	-3.65359e-06 	0.000779232
49.4375 	5.37965e-06 	1.17374e-06 	0.000774175
49.5 	7.73914e-06 	8.98111e-07 	0.000752048
49.5625 	6.38471e-06 	1.50077e-07 	0.000779539
49.625 	7.93655e-06 	1.68756e-06 	0.000796198
49.6875 	3.16491e-06 	6.55558e-07 	0.000798159
49.75 	4.34693e-06 	4.40608e-07 	0.000818866
49.8125 	3.88662e-06 	1.02355e-07 	0.000800055
49.875 	3.88833e-06 	2.70166e-08 	0.000800442
49.9375 	3.5771e-06 	-1.03006e-07 	0.00080128
50.0 	8.06891e-06 	1.13788e-06 	0.00080058
50.0625 	7.53968e-06 	3.40423e-06 	0.000800844
50.125 	4.13018e-06 	1.43325e-06 	0.000815279
50.1875 	7.77768e-06 	1.28906e-06 	0.000829059
50.25 	6.9428e-06 	-3.25609e-06 	0.000821465
50.3125 	2.61652e-06 	-5.17467e-07 	0.000847063
50.375 	7.92772e-06 	-1.33637e-06 	0.000861845
50.4375 	7.06031e-06 	6.98091e-07 	0.000920571
50.5 	7.51703e-06 	2.60971e-06 	0.000927283
50.5625 	4.92917e-06 	-9.87883e-07 	0.000917268
50.625 	6.47469e-06 	3.10452e-06 	0.000919264
50.6875 	8.04347e-06 	2.60264e-06 	0.000913048
50.75 	6.21401e-06 	-7.29863e-07 	0.000904788
50.8125 	5.0187e-06 	-1.19526e-06 	0.000907715
50.875 	6.61315e-06 	6.31222e-08 	0.000915547
50.9375 	6.20359e-06 	2.2206e-06 	0.000888463
51.0 	7.7352e-06 	-1.6195e-06 	0.000900935
51.0625 	8.06246e-06 	3.69048e-06 	0.000936097
51.125 	5.07452e-06 	-1.52817e-06 	0.000930027
51.1875 	5.19719e-06 	2.16365e-06 	0.000900081
51.25 	7.36089e-06 	-4.14019e-07 	0.000909466
51.3125 	5.265e-06 	2.19716e-06 	0.000925218
51.375 	7.95536e-06 	-5.52328e-07 	0.000930402
51.4375 	7.0908e-06 	9.45253e-07 	0.00093519
51.5 	3.29912e-06 	2.31204e-07 	0.000909589
51.5625 	6.69564e-06 	-3.13546e-06 	0.000894702
51.625 	4.11631e-06 	3.39827e-07 	0.000930535
51.6875 	4.11739e-06 	7.86843e-07 	0.000945757
51.75 	3.3721e-06 	6.63353e-07 	0.000954114
51.8125 	3.26118e-06 	-5.58085e-08 	0.000972614
51.875 	4.90012e-06 	-5.23807e-07 	0.000990207
51.9375 	5.80688e-06 	8.28206e-07 	0.0010037
52.0 	5.45394e-06 	2.54426e-06 	0.00100654
52.0625 	3.60567e-06 	-4.45346e-07 	0.00100319
52.125 	5.00302e-06 	2.82259e-07 	0.000976717
52.1875 	4.82305e-06 	1.37413e-06 	0.000978668
52.25 	7.5139e-06 	-1.77254e-06 	0.00100926
52.3125 	5.65515e-06 	1.92877e-06 	0.00101915
52.375 	6.47017e-06 	-1.43702e-06 	0.0010093
52.4375 	8.0369e-06 	-2.08154e-06 	0.000990631
52.5 	5.83706e-06 	1.4238e-06 	0.00100772
52.5625 	4.8272e-06 	-1.1493e-06 	0.00103016
52.625 	5.81596e-06 	1.39163e-06 	0.00102431
52.6875 	6.9826e-06 	9.92394e-07 	0.0010423
52.75 	6.0904e-06 	1.84595e-06 	0.00104998
52.8125 	5.22722e-06 	9.19983e-07 	0.00105782
52.875 	6.68605e-06 	-3.17944e-06 	0.00108382
52.9375 	6.13912e-06 	-3.01279e-07 	0.00106614
53.0 	5.33697e-06 	2.62543e-06 	0.00103176
53.0625 	7.1157e-06 	1.65021e-06 	0.00101821
53.125 	7.19101e-06 	1.75926e-06 	0.00102798
53.1875 	7.40863e-06 	-3.57021e-06 	0.00100739
53.25 	4.43737e-06 	1.51634e-06 	0.000970308
53.3125 	3.7904e-06 	4.94218e-07 	0.000986007
53.375 	4.88041e-06 	9.2981e-07 	0.000992379
53.4375 	5.59932e-06 	-1.20257e-06 	0.000989662
53.5 	5.35783e-06 	-2.22085e-06 	0.000989362
53.5625 	3.95912e-06 	-1.05056e-06 	0.00101945
53.625 	7.94303e-06 	-7.27108e-07 	0.00100257
53.6875 	6.70021e-06 	3.00925e-06 	0.000977948
53.75 	5.82348e-06 	-1.85875e-06 	0.00103879
53.8125 	5.71414e-06 	-1.29754e-06 	0.00101807
53.875 	7.47473e-06 	-1.17565e-06 	0.00101053
53.9375 	5.15399e-06 	-4.86127e-07 	0.00101743
54.0 	7.14145e-06 	-1.76207e-06 	0.00102005
54.0625 	7.39061e-06 	-3.41229e-06 	0.00101084
54.125 	3.01299e-06 	3.08938e-07 	0.000974988
54.1875 	7.13012e-06 	4.47112e-07 	0.00100024
54.25 	7.35343e-06 	-1.23886e-06 	0.000999954
54.3125 	5.67348e-06 	1.73349e-06 	0.00101382
54.375 	7.98117e-06 	-1.74728e-06 	0.000958886
54.4375 	3.8666e-06 	-4.34582e-07 	0.000978917
54.5 	5.30965e-06 	1.35676e-06 	0.0009554
54.5625 	7.01987e-06 	1.18936e-06 	0.000959245
54.625 	4.46474e-06 	5.67516e-07 	0.000965857
54.6875 	7.07096e-06 	-2.05976e-06 	0.000977232
54.75 	5.64057e-06 	-6.02038e-07 	0.000952774
54.8125 	7.18274e-06 	-3.51185e-06 	0.000951982
54.875 	7.59426e-06 	3.49813e-06 	0.000970407
54.9375 	7.42679e-06 	2.3116e-06 	0.00100882
55.0 	6.7145e-06 	-1.60917e-06 	0.000952372
55.0625 	3.16244e-06 	8.37998e-07 	0.000963683
55.125 	3.05813e-06 	2.5219e-07 	0.00096263
55.1875 	7.81375e-06 	1.13804e-06 	0.000941673
55.25 	5.72652e-06 	6.97217e-07 	0.000939216
55.3125 	6.3476e-06 	1.56349e-06 	0.000936144
55.375 	6.99647e-06 	3.27979e-07 	0.000962584
55.4375 	6.55281e-06 	4.06889e-07 	0.000960654
55.5 	7.86877e-06 	-3.18936e-06 	0.00099839
55.5625 	5.63218e-06 	5.83313e-07 	0.000992821
55.625 	7.44956e-06 	-1.19076e-06 	0.000995872
55.6875 	7.02878e-06 	1.90654e-06 	0.000996568
55.75 	8.1777e-06 	-3.23949e-06 	0.00102574
55.8125 	7.5731e-06 	1.14042e-06 	0.00101862
55.875 	7.51892e-06 	1.04723e-06 	0.00100473
55.9375 	7.92393e-06 	1.3915e-06 	0.00103025
56.0 	8.10711e-06 	-3.90141e-06 	0.00103933
56.0625 	6.02098e-06 	2.48118e-06 	0.00101597
56.125 	7.4886e-06 	1.9747e-06 	0.00103495
56.1875 	3.22254e-06 	8.47201e-07 	0.00103562
56.25 	3.97752e-06 	6.60255e-07 	0.00103809
56.3125 	3.86108e-06 	6.34157e-07 	0.00104602
56.375 	4.81786e-06 	-1.15129e-06 	0.00107709
56.4375 	7.38951e-06 	2.66699e-07 	0.00113134
56.5 	7.02109e-06 	-9.88787e-07 	0.00111625
56.5625 	6.51549e-06 	2.39007e-06 	0.00113216
56.625 	2.80538e-06 	4.57112e-07 	0.00113354
56.6875 	6.8275e-06 	5.78686e-07 	0.00112455
56.75 	6.83635e-06 	-1.91162e-06 	0.00112224
56.8125 	6.31954e-06 	1.03892e-06 	0.00113067
56.875 	4.8606e-06 	5.18299e-08 	0.00115431
56.9375 	7.70178e-06 	2.54899e-07 	0.0011765
57.0 	6.23301e-06 	-2.67822e-06 	0.0011728
57.0625 	7.66246e-06 	1.72712e-06 	0.00116638
57.125 	6.99538e-06 	3.34718e-06 	0.00120852
57.1875 	7.50859e-06 	-7.64707e-07 	0.00122436
57.25 	8.03534e-06 	2.09213e-06 	0.00123932
57.3125 	3.40908e-06 	3.15841e-07 	0.00125848
57.375 	6.20509e-06 	1.88066e-06 	0.00128701
57.4375 	6.29974e-06 	2.59704e-06 	0.0013073
57.5 	5.02046e-06 	-1.63067e-06 	0.00128759
57.5625 	6.505e-06 	-1.45174e-06 	0.00132584
57.625 	7.03937e-06 	-1.11976e-06 	0.0013412
57.6875 	7.97552e-06 	-1.50428e-06 	0.00135046
57.75 	8.03493e-06 	-3.70476e-06 	0.00131896
57.8125 	6.52473e-06 	-1.12314e-06 	0.00130781
57.875 	6.53315e-06 	-2.7366e-07 	0.00133585
57.9375 	7.7434e-06 	1.29177e-06 	0.00134263
58.0 	3.26965e-06 	-4.66e-07 	0.00135666
58.0625 	7.94348e-06 	3.23967e-06 	0.00135598
58.125 	3.79695e-06 	8.8437e-07 	0.00135141
58.1875 	3.64013e-06 	1.14306e-06 	0.0013612
58.25 	5.09261e-06 	-1.15434e-06 	0.00133431
58.3125 	5.41898e-06 	2.31695e-06 	0.00133353
58.375 	2.90957e-06 	3.6433e-07 	0.00132036
58.4375 	7.09163e-06 	1.13518e-06 	0.0013157
58.5 	5.27064e-06 	-2.16996e-06 	0.00130688
58.5625 	8.09848e-06 	-1.45315e-06 	0.00130912
58.625 	5.37167e-06 	1.00224e-06 	0.00130824
58.6875 	7.75766e-06 	1.05354e-06 	0.00134313
58.75 	6.94974e-06 	7.6238e-07 	0.001339
58.8125 	7.86336e-06 	-3.74796e-06 	0.00132908
58.875 	8.0387e-06 	2.08674e-06 	0.001323
58.9375 	7.24127e-06 	-5.49794e-07 	0.00129282
59.0 	5.39194e-06 	7.43731e-07 	0.00125975
59.0625 	7.81149e-06 	-3.37872e-06 	0.0012872
59.125 	6.27244e-06 	1.12306e-06 	0.00129365
59.1875 	7.80455e-06 	-3.71769e-06 	0.0013059
59.25 	7.18118e-06 	3.31212e-06 	0.00129078
59.3125 	6.85966e-06 	2.77241e-06 	0.00133007
59.375 	7.11277e-06 	2.06291e-06 	0.00129697
59.4375 	6.25328e-06 	9.03655e-07 	0.00129392
59.5 	7.41412e-06 	3.06122e-06 	0.00130137
59.5625 	6.77918e-06 	-2.04536e-06 	0.00130511
59.625 	5.37574e-06 	-6.45794e-07 	0.00133137
59.6875 	8.11307e-06 	-3.89784e-06 	0.00132883
59.75 	5.18746e-06 	-9.80851e-07 	0.00130384
59.8125 	5.1123e-06 	-1.11031e-06 	0.00130047
59.875 	3.29479e-06 	-8.8613e-07 	0.00130841
59.9375 	4.10741e-06 	-1.22068e-07 	0.00134247
60.0 	6.4172e-06 	-1.51556e-06 	0.00134804
60.0625 	3.99004e-06 	-4.73603e-07 	0.00134233
60.125 	3.8195e-06 	-1.1073e-06 	0.00134925
60.1875 	7.36399e-06 	-5.45173e-07 	0.00135783
60.25 	3.79812e-06 	-2.61112e-07 	0.00135479
60.3125 	5.41019e-06 	-2.01345e-06 	0.00136605
60.375 	5.72052e-06 	-4.40735e-07 	0.00135669
60.4375 	8.1322e-06 	1.1023e-06 	0.00136438
60.5 	3.28341e-06 	-2.63887e-07 	0.00134299
60.5625 	4.96873e-06 	1.60591e-06 	0.00136976
60.625 	6.52656e-06 	-1.94457e-06 	0.0013719
60.6875 	5.24551e-06 	1.74625e-06 	0.00137938
60.75 	3.4895e-06 	-9.77829e-08 	0.0013556
60.8125 	6.92157e-06 	-6.63282e-07 	0.00134679
60.875 	7.2404e-06 	1.57619e-06 	0.00139987
60.9375 	4.35884e-06 	-7.38297e-07 	0.00140634
61.0 	6.32992e-06 	2.97691e-06 	0.00141508
61.0625 	6.6004e-06 	3.07038e-06 	0.00143019
61.125 	6.87145e-06 	-1.65914e-06 	0.00142871
61.1875 	6.21464e-06 	-1.47412e-06 	0.00146611
61.25 	7.71185e-06 	3.8577e-06 	0.00143027
61.3125 	3.88678e-06 	-3.61729e-07 	0.00145883
61.375 	5.88495e-06 	2.45655e-06 	0.00145835
61.4375 	5.92647e-06 	-2.4248e-06 	0.00144922
61.5 	7.32498e-06 	3.45809e-06 	0.00146506
61.5625 	7.91689e-06 	3.84658e-06 	0.00148077
61.625 	6.18845e-06 	-2.49016e-07 	0.00148297
61.6875 	5.03488e-06 	-1.51289e-06 	0.00145133
61.75 	5.97621e-06 	7.2162e-07 	0.00145761
61.8125 	6.12143e-06 	1.61225e-06 	0.00146454
61.875 	5.70053e-06 	2.4175e-06 	0.00143353
61.9375 	6.67984e-06 	-8.10049e-07 	0.00140414
62.0 	3.5742e-06 	9.26838e-07 	0.0014387
62.0625 	6.0127e-06 	-1.64098e-06 	0.00143495
62.125 	7.74097e-06 	-1.74577e-06 	0.00143627
62.1875 	6.30548e-06 	2.88159e-06 	0.00144816
62.25 	3.994e-06 	1.18925e-06 	0.00145014
62.3125 	6.41528e-06 	-8.04921e-07 	0.00143261
62.375 	7.21276e-06 	1.83144e-06 	0.00142113
62.4375 	7.50552e-06 	-5.66907e-07 	0.001472
62.5 	7.53919e-06 	-2.45827e-06 	0.0014691
62.5625 	8.05657e-06 	3.90341e-06 	0.00147665
62.625 	7.05327e-06 	-1.81449e-06 	0.0014688
62.6875 	4.83083e-06 	-6.94655e-07 	0.00146795
62.75 	4.66684e-06 	2.8761e-07 	0.00148073
62.8125 	7.93009e-06 	1.38001e-06 	0.00146635
62.875 	6.10809e-06 	-9.7e-07 	0.00145652
62.9375 	7.97792e-06 	-3.81788e-06 	0.00146656
63.0 	7.21896e-06 	-2.86904e-06 	0.00142675
63.0625 	5.95817e-06 	3.78064e-07 	0.00143147
63.125 	7.18233e-06 	8.4874e-07 	0.00142764
63.1875 	5.52889e-06 	-1.02114e-06 	0.00142738
63.25 	5.11311e-06 	1.45347e-06 	0.00143687
63.3125 	3.96823e-06 	-4.97433e-07 	0.00142569
63.375 	4.88532e-06 	7.95219e-07 	0.00142776
63.4375 	6.47472e-06 	-2.16314e-06 	0.00141587
63.5 	5.63856e-06 	-2.56103e-06 	0.00141052
63.5625 	6.72934e-06 	1.45014e-06 	0.00140588
63.625 	7.84817e-06 	1.62103e-06 	0.00145174
63.6875 	4.01463e-06 	-5.24758e-07 	0.00144967
63.75 	3.03362e-06 	-9.24506e-07 	0.00144133
63.8125 	8.10677e-06 	3.18431e-06 	0.00144246
63.875 	5.84165e-06 	2.35588e-06 	0.00147616
63.9375 	6.64199e-06 	-8.77103e-07 	0.00147534
64.0 	3.51567e-06 	1.09565e-06 	0.00145339
64.0625 	7.39561e-06 	8.8658e-07 	0.00147317
64.125 	6.95064e-06 	-7.03412e-07 	0.00147818
64.1875 	7.21472e-06 	-2.14187e-06 	0.00147025
64.25 	6.80689e-06 	1.43956e-06 	0.0014742
64.3125 	6.59847e-06 	1.91156e-06 	0.0015015
64.375 	3.67321e-06 	-6.99393e-08 	0.00149492
64.4375 	7.14721e-06 	-5.83514e-07 	0.00149964
64.5 	6.46783e-06 	2.19787e-07 	0.00152189
64.5625 	6.57043e-06 	1.85377e-06 	0.00152554
64.625 	5.60675e-06 	3.02222e-07 	0.00153137
64.6875 	4.84941e-06 	-7.11216e-07 	0.00153244
64.75 	5.05873e-06 	-7.90582e-07 	0.00150994
64.8125 	3.44859e-06 	8.519e-07 	0.00149521
64.875 	7.27447e-06 	-1.26063e-06 	0.00146038
64.9375 	7.40561e-06 	1.51558e-06 	0.00147987
65.0 	6.93739e-06 	1.92546e-06 	0.00147421
65.0625 	6.49693e-06 	1.75435e-06 	0.00146822
65.125 	6.34947e-06 	-2.32678e-06 	0.00152133
65.1875 	7.2295e-06 	1.20791e-06 	0.00152574
65.25 	3.86918e-06 	2.57162e-07 	0.00151693
65.3125 	5.14509e-06 	5.4143e-07 	0.00153002
65.375 	4.48438e-06 	5.02187e-07 	0.00153118
65.4375 	4.74028e-06 	5.86887e-07 	0.00153343
65.5 	7.15713e-06 	-6.96107e-07 	0.00153229
65.5625 	4.47181e-06 	-5.57422e-07 	0.00151959
65.625 	7.19004e-06 	-1.72382e-06 	0.00152134
65.6875 	7.80436e-06 	-1.88246e-06 	0.00156005
65.75 	5.34718e-06 	1.90706e-06 	0.00156604
65.8125 	7.92568e-06 	-9.12805e-07 	0.00155311
65.875 	7.29932e-06 	-1.95517e-06 	0.00150522
65.9375 	5.91551e-06 	3.67303e-07 	0.00149757
66.0 	7.83002e-06 	2.72965e-06 	0.00149088
66.0625 	5.80672e-06 	7.66894e-07 	0.00153766
66.125 	7.71828e-06 	1.98795e-06 	0.00154402
66.1875 	5.36712e-06 	-8.49067e-07 	0.00154975
66.25 	7.31922e-06 	-2.15915e-06 	0.00155344
66.3125 	3.89611e-06 	-3.59466e-07 	0.00153028
66.375 	7.48503e-06 	2.75321e-06 	0.00156131
66.4375 	3.21888e-06 	-1.02299e-06 	0.00157639
66.5 	5.02516e-06 	-4.529e-07 	0.00156038
66.5625 	2.64067e-06 	5.52092e-07 	0.00155416
66.625 	3.78951e-06 	6.54597e-07 	0.00157328
66.6875 	4.17549e-06 	1.08606e-06 	0.00157498
66.75 	6.70753e-06 	-1.30939e-06 	0.00157042
66.8125 	8.01274e-06 	1.63806e-06 	0.00159184
66.875 	7.04122e-06 	-1.40276e-06 	0.00157019
66.9375 	7.54176e-06 	1.6314e-06 	0.00156299
67.0 	5.81074e-06 	-1.49353e-06 	0.00158739
67.0625 	4.63947e-06 	-7.90049e-07 	0.00163901
67.125 	7.10275e-06 	-3.13634e-06 	0.00163282
67.1875 	3.92532e-06 	6.49044e-07 	0.00162982
67.25 	4.5709e-06 	-1.10511e-06 	0.00162731
67.3125 	7.78438e-06 	3.74246e-07 	0.00166506
67.375 	7.17025e-06 	2.79359e-07 	0.00165963
67.4375 	5.11949e-06 	-1.16338e-06 	0.00167988
67.5 	7.24469e-06 	-2.56866e-06 	0.0016849
67.5625 	5.99546e-06 	1.94191e-06 	0.00170983
67.625 	4.83476e-06 	1.61585e-07 	0.00169773
67.6875 	4.91273e-06 	1.39744e-06 	0.00169747
67.75 	4.10396e-06 	-6.33692e-07 	0.00169217
67.8125 	6.9756e-06 	-1.62019e-06 	0.00168748
67.875 	8.08294e-06 	-3.76992e-06 	0.00166906
67.9375 	5.016e-06 	-1.52562e-06 	0.00165709
68.0 	8.13436e-06 	-1.21278e-06 	0.00164336
68.0625 	6.76559e-06 	-1.49073e-06 	0.00162011
68.125 	7.72367e-06 	-2.29746e-07 	0.00161743
68.1875 	5.03743e-06 	2.13791e-06 	0.00161394
68.25 	5.15099e-06 	1.13006e-06 	0.00160228
68.3125 	7.32575e-06 	1.83166e-06 	0.00160722
68.375 	6.31398e-06 	1.83097e-06 	0.00161182
68.4375 	6.90464e-06 	8.92464e-07 	0.0015933
68.5 	7.85884e-06 	1.68488e-06 	0.0015598
68.5625 	6.12347e-06 	-2.86626e-06 	0.00156811
68.625 	7.17896e-06 	3.42738e-06 	0.00157702
68.6875 	7.65398e-06 	2.41312e-06 	0.00158458
68.75 	7.62333e-06 	-1.74577e-06 	0.00154893
68.8125 	5.07896e-06 	6.00779e-08 	0.00154538
68.875 	6.99065e-06 	1.79848e-06 	0.00155407
68.9375 	5.49482e-06 	-1.19152e-06 	0.0015516
69.0 	7.35734e-06 	1.0462e-06 	0.00153906
69.0625 	6.77239e-06 	-7.00738e-08 	0.00154127
69.125 	6.64168e-06 	5.86683e-07 	0.00154723
69.1875 	5.4785e-06 	1.47555e-06 	0.00151895
69.25 	7.53065e-06 	7.88796e-07 	0.0015172
69.3125 	7.92875e-06 	3.80177e-06 	0.00151868
69.375 	6.63662e-06 	-9.7495e-07 	0.0015275
69.4375 	6.02735e-06 	-9.43264e-07 	0.00154338
69.5 	4.20943e-06 	1.52545e-06 	0.00154739
69.5625 	6.51562e-06 	7.59862e-07 	0.00151755
69.625 	6.21185e-06 	-1.81766e-06 	0.00151764
69.6875 	4.62691e-06 	-1.65559e-06 	0.00149984
69.75 	6.94398e-06 	1.25351e-06 	0.00149743
69.8125 	7.32035e-06 	2.71085e-06 	0.0015154
69.875 	5.68472e-06 	6.28824e-07 	0.00151469
69.9375 	8.14573e-06 	9.75072e-07 	0.0015461
70.0 	3.50233e-06 	-1.09357e-06 	0.00150511
