# time 	Local 	Global 	Cumulative
0.333274 	5.84173e-06 	-1.56385e-06 	9.69713e-06
0.579973 	4.91265e-06 	-8.70938e-07 	2.03715e-05
0.642226 	4.4705e-06 	-8.19557e-07 	3.1032e-05
0.766734 	5.75001e-06 	1.64781e-06 	4.42718e-06
0.828988 	4.49147e-06 	9.34292e-07 	1.1992e-05
1.26477 	4.89828e-06 	-1.38275e-06 	3.16256e-06
1.38927 	3.41946e-06 	5.88399e-07 	-2.26197e-05
1.45153 	5.43242e-06 	2.20673e-06 	-3.89964e-05
1.51378 	8.00458e-06 	1.09871e-06 	-3.22733e-05
1.7628 	5.45878e-06 	-1.66348e-06 	4.58989e-05
1.8873 	6.06537e-06 	-3.14708e-06 	7.62087e-05
1.94956 	6.28102e-06 	-1.99445e-06 	7.27332e-05
2.19857 	7.66173e-06 	-1.38403e-06 	8.08357e-05
2.26083 	4.62747e-06 	-6.47627e-07 	7.39345e-05
2.32308 	7.84259e-06 	2.38275e-06 	8.2573e-05
2.38534 	5.30037e-06 	1.13962e-06 	0.000100112
2.44759 	5.34339e-06 	1.35183e-06 	0.000162432
2.63435 	7.87286e-06 	-2.10832e-06 	0.000170805
2.69661 	7.54875e-06 	2.03522e-06 	0.000218546
2.88337 	3.55014e-06 	-6.00289e-07 	0.000244138
2.94562 	5.26414e-06 	2.05184e-06 	0.000240442
3.07013 	5.94347e-06 	-1.71244e-06 	0.000218538
3.19464 	3.50572e-06 	2.33543e-07 	0.000233882
3.25689 	5.3008e-06 	-1.44541e-06 	0.000261128
3.31914 	6.49669e-06 	-1.87995e-06 	0.000229308
3.3814 	7.78189e-06 	2.6416e-06 	0.000267091
3.44365 	4.43099e-06 	7.883e-07 	0.000244019
3.69267 	6.52339e-06 	1.50183e-06 	0.000240205
3.75492 	6.7543e-06 	1.90929e-06 	0.000237864
3.87943 	3.79111e-06 	-8.50482e-07 	0.000194518
4.06619 	5.63285e-06 	1.97019e-06 	0.000202331
4.12845 	4.10805e-06 	-9.59476e-07 	0.000233658
4.1907 	5.15893e-06 	1.28717e-06 	0.000250484
4.25295 	4.23928e-06 	-1.9846e-06 	0.000231001
4.31521 	6.86199e-06 	-1.78673e-06 	0.000232359
4.37746 	4.53718e-06 	8.78112e-07 	0.000235514
4.50197 	5.10813e-06 	7.54862e-07 	0.000256627
4.56422 	3.70902e-06 	-5.04939e-07 	0.000225831
4.62648 	3.41006e-06 	7.74507e-07 	0.000228517
4.68873 	6.25106e-06 	-1.05049e-06 	0.00019826
4.93775 	5.45576e-06 	1.15368e-06 	0.000219568
5.0 	4.9176e-06 	-1.29911e-06 	0.000226682
5.0625 	4.99977e-06 	-1.12507e-06 	0.000207291
5.125 	4.55196e-06 	-4.79559e-07 	0.000211803
5.25 	7.01133e-06 	5.93106e-07 	0.000230934
5.375 	4.02413e-06 	8.26545e-07 	0.000277262
5.5 	4.61311e-06 	-2.08976e-06 	0.000232829
5.5625 	6.72728e-06 	-2.06727e-06 	0.000292406
5.625 	3.67284e-06 	-5.45505e-07 	0.000312435
5.6875 	4.65888e-06 	-1.28299e-06 	0.000294412
5.8125 	7.90663e-06 	1.92646e-06 	0.000286638
5.875 	5.61555e-06 	1.75521e-06 	0.000289531
5.9375 	8.15914e-06 	-8.81224e-07 	0.000293346
6.0 	5.67722e-06 	1.90214e-06 	0.000301283
6.1875 	7.19561e-06 	2.03872e-06 	0.000358441
6.25 	4.44325e-06 	4.41669e-07 	0.000363132
6.4375 	6.63319e-06 	1.4001e-06 	0.000381943
6.75 	4.47174e-06 	9.94699e-07 	0.000350913
6.8125 	5.678e-06 	-1.0346e-06 	0.000348399
6.9375 	4.79028e-06 	-1.14246e-06 	0.000304827
7.125 	7.49004e-06 	6.02134e-07 	0.000293485
7.1875 	7.72703e-06 	-1.24784e-06 	0.000287282
7.5625 	7.46459e-06 	-2.56624e-06 	0.000307546
7.6875 	6.7031e-06 	-1.52148e-06 	0.000349426
7.8125 	5.06284e-06 	4.84669e-07 	0.000371656
7.9375 	7.49998e-06 	-3.6939e-07 	0.000387431
8.0 	3.95474e-06 	8.10083e-07 	0.000373884
8.0625 	7.55872e-06 	5.883e-07 	0.00036838
8.125 	6.66082e-06 	2.24241e-06 	0.000363663
8.4375 	4.54949e-06 	-2.03862e-06 	0.000312957
8.5 	6.6812e-06 	1.73482e-06 	0.000286803
8.5625 	3.4583e-06 	-6.16236e-07 	0.000253875
8.8125 	7.88101e-06 	-2.49112e-06 	0.000221948
8.9375 	7.14307e-06 	-2.40719e-06 	0.000210195
9.0 	4.58691e-06 	-1.24722e-06 	0.000219614
9.1875 	4.60589e-06 	-1.11884e-06 	0.000219092
9.25 	5.51884e-06 	1.66018e-06 	0.000256329
9.3125 	4.10436e-06 	-1.86919e-06 	0.000241978
9.375 	5.33305e-06 	1.31831e-06 	0.000238096
9.4375 	4.09358e-06 	8.46324e-07 	0.000188595
9.5625 	5.17233e-06 	-2.60049e-06 	0.000170488
9.625 	6.98595e-06 	-9.95862e-07 	0.000174044
9.6875 	4.28676e-06 	-4.52922e-07 	0.000195838
9.8125 	3.9056e-06 	8.49813e-07 	0.000205026
9.9375 	4.94804e-06 	-1.33259e-06 	0.000243309
10.0 	4.7048e-06 	4.21418e-07 	0.000230825
10.1875 	2.86658e-06 	4.381e-07 	0.00021045
10.3125 	5.48272e-06 	-8.76167e-07 	0.000213712
10.625 	4.93852e-06 	1.35951e-06 	0.000215837
10.6875 	5.15439e-06 	2.35203e-07 	0.000197357
10.75 	4.41039e-06 	-1.03923e-06 	0.000207361
10.8125 	7.23357e-06 	2.44249e-06 	0.000175009
10.875 	5.62962e-06 	4.36769e-07 	0.000200324
11.0 	4.1996e-06 	2.85627e-07 	0.000233347
11.0625 	4.90575e-06 	2.39547e-06 	0.000231079
11.1875 	3.54996e-06 	7.022e-07 	0.0002457
11.6875 	5.19087e-06 	-1.54176e-06 	0.000254203
11.75 	5.49458e-06 	1.49945e-06 	0.000266578
11.8125 	6.60304e-06 	1.56646e-06 	0.000282351
11.9375 	6.5769e-06 	7.00915e-07 	0.00029518
12.0 	5.60929e-06 	1.15852e-06 	0.000269504
12.0625 	5.90183e-06 	7.53614e-07 	0.0002221
12.1875 	7.40689e-06 	2.45285e-06 	0.000214124
12.3125 	6.37467e-06 	-3.03241e-07 	0.00024761
12.375 	4.96174e-06 	1.39054e-06 	0.000238742
12.625 	3.38942e-06 	2.82797e-07 	0.000232313
12.6875 	4.28734e-06 	6.38347e-07 	0.000248334
12.8125 	8.15249e-06 	-2.63623e-06 	0.000226968
12.875 	7.58668e-06 	1.0342e-06 	0.000200464
13.0 	7.25851e-06 	2.7828e-06 	0.000157278
13.0625 	5.6912e-06 	-1.92027e-06 	0.000168402
13.1875 	6.86938e-06 	2.22272e-06 	0.000169041
13.25 	8.06732e-06 	2.82772e-06 	0.000171896
13.375 	4.09804e-06 	-8.8751e-07 	0.000166445
13.5625 	7.23264e-06 	-1.59328e-06 	0.000182323
13.625 	6.79824e-06 	-1.46032e-06 	0.000204405
13.6875 	6.83071e-06 	1.55154e-06 	0.00023804
14.0625 	6.20231e-06 	1.72477e-06 	0.000263908
14.125 	4.60876e-06 	-7.20597e-07 	0.000266395
14.1875 	4.34112e-06 	1.02638e-06 	0.000303064
14.3125 	8.05682e-06 	2.8535e-06 	0.000288677
14.375 	6.78041e-06 	1.91739e-06 	0.000275302
14.4375 	5.27928e-06 	-6.02134e-07 	0.000277995
14.5 	5.57956e-06 	3.14664e-07 	0.000227626
14.625 	4.98827e-06 	-1.09724e-06 	0.000240209
14.6875 	5.4566e-06 	-1.35146e-06 	0.000207128
14.75 	4.03618e-06 	7.18359e-07 	0.000197588
14.8125 	6.16602e-06 	2.22389e-06 	0.000219865
14.9375 	5.87068e-06 	-1.15112e-06 	0.000194625
15.0 	3.53023e-06 	4.02293e-07 	0.000217123
15.1875 	6.38189e-06 	1.90508e-06 	0.000213303
15.25 	4.50912e-06 	-1.93321e-06 	0.000198344
15.3125 	7.48406e-06 	1.30421e-06 	0.000176874
15.375 	4.39216e-06 	7.01376e-07 	0.000132204
15.4375 	4.39272e-06 	8.44257e-07 	0.000143412
15.5 	5.3973e-06 	1.17129e-06 	0.000166353
15.8125 	6.95414e-06 	2.07388e-06 	0.000206283
15.9375 	4.45048e-06 	1.62635e-06 	0.000242956
16.0 	6.2816e-06 	-2.62057e-06 	0.000264254
16.0625 	3.06968e-06 	1.40283e-07 	0.000293477
16.125 	4.71445e-06 	-2.25172e-06 	0.000322798
16.1875 	3.6105e-06 	-3.19049e-07 	0.000295083
16.25 	3.26835e-06 	-2.71902e-07 	0.000275415
16.3125 	4.38224e-06 	-7.81955e-07 	0.000255885
16.375 	5.37875e-06 	8.40187e-08 	0.000259149
16.5 	6.27807e-06 	1.70595e-06 	0.000267961
16.625 	4.93426e-06 	1.14311e-06 	0.000232468
16.8125 	7.62043e-06 	-2.90134e-06 	0.00025537
16.9375 	6.24325e-06 	-2.53063e-06 	0.000282984
17.25 	4.58587e-06 	-1.46561e-06 	0.000315129
17.3125 	6.69248e-06 	2.24045e-06 	0.000310897
17.375 	4.67841e-06 	1.51827e-06 	0.000334869
17.4375 	4.61819e-06 	1.04593e-06 	0.00031045
17.5625 	4.51881e-06 	1.06003e-06 	0.000293979
17.6875 	6.13071e-06 	-1.39644e-06 	0.000327254
18.0 	3.43108e-06 	7.62027e-07 	0.000369447
18.0625 	7.61423e-06 	-3.89996e-06 	0.000349326
18.1875 	7.1028e-06 	-1.87946e-06 	0.000299722
18.25 	4.65868e-06 	2.31187e-06 	0.000321798
18.375 	5.38151e-06 	-1.46959e-06 	0.000317945
18.4375 	3.92993e-06 	-5.4852e-07 	0.000336583
18.5625 	5.47541e-06 	9.59939e-07 	0.00030319
18.625 	3.51987e-06 	5.31226e-07 	0.000339949
18.8125 	5.35447e-06 	-2.38375e-06 	0.000349007
18.875 	4.18548e-06 	-9.3889e-07 	0.00038461
18.9375 	6.00419e-06 	1.49046e-06 	0.000373296
19.125 	4.35929e-06 	1.83452e-06 	0.000384922
19.4375 	5.85525e-06 	-1.22273e-06 	0.000410163
19.5 	5.16183e-06 	1.55535e-06 	0.000393379
19.625 	5.18354e-06 	-1.55918e-06 	0.00040838
19.6875 	7.42004e-06 	-1.17472e-06 	0.000410956
19.75 	5.59795e-06 	1.4686e-06 	0.000432751
19.9375 	4.73104e-06 	-1.60575e-06 	0.000359768
20.0 	5.22999e-06 	1.59713e-06 	0.000367248
20.125 	4.68227e-06 	8.40326e-07 	0.000391976
20.1875 	4.39551e-06 	8.72461e-07 	0.0004009
20.375 	4.73361e-06 	-1.20771e-06 	0.000407759
20.4375 	4.61326e-06 	9.82206e-07 	0.000424016
20.5 	4.48403e-06 	-8.42301e-07 	0.000445968
20.625 	8.25879e-06 	-4.21868e-06 	0.00042357
20.6875 	4.81255e-06 	-1.06121e-06 	0.00042465
20.75 	5.34843e-06 	-2.615e-06 	0.000336018
21.0 	7.0752e-06 	9.40287e-08 	0.000389219
21.0625 	7.68978e-06 	1.55446e-06 	0.000364913
21.1875 	4.63224e-06 	-1.26259e-06 	0.000328366
21.3125 	5.85405e-06 	1.48044e-06 	0.000296263
21.5625 	6.36353e-06 	-1.16514e-06 	0.000268401
21.75 	4.75871e-06 	2.10196e-06 	0.000229669
21.8125 	8.10631e-06 	1.21633e-06 	0.00022098
21.875 	3.70914e-06 	-1.09955e-06 	0.000166362
21.9375 	7.23253e-06 	-1.87568e-06 	0.000159276
22.125 	7.39378e-06 	1.19161e-06 	0.000152465
22.1875 	5.16562e-06 	1.74339e-06 	0.000170912
22.25 	5.33343e-06 	1.42924e-06 	0.000161917
22.3125 	4.93205e-06 	1.19219e-06 	0.000170572
22.375 	6.50568e-06 	1.85949e-06 	0.000184317
22.9375 	4.31023e-06 	-2.06401e-06 	0.000173077
23.0 	7.89148e-06 	-1.04742e-06 	0.000147932
23.125 	4.88559e-06 	-1.02424e-06 	0.000152356
23.1875 	5.0983e-06 	1.211e-06 	0.00013785
23.3125 	7.5542e-06 	2.58646e-06 	0.000170876
23.375 	4.86547e-06 	1.34844e-06 	0.000190495
23.4375 	4.28222e-06 	-7.47896e-07 	0.000219945
23.6875 	6.10435e-06 	-1.77829e-06 	0.000210253
23.8125 	6.10411e-06 	-2.09512e-06 	0.00019271
24.0 	6.93231e-06 	-2.55516e-06 	0.000183282
24.0625 	4.21836e-06 	-9.54874e-07 	0.000199141
24.3125 	7.18847e-06 	2.04376e-07 	0.000246379
24.375 	7.88763e-06 	3.00412e-06 	0.000265443
24.4375 	5.06835e-06 	-5.98432e-07 	0.00024959
24.5625 	5.0688e-06 	6.35627e-07 	0.000218054
24.6875 	7.62019e-06 	2.41512e-06 	0.000254136
24.75 	5.99487e-06 	-1.70483e-06 	0.000226051
24.8125 	3.98609e-06 	-7.18234e-07 	0.000234127
25.0 	2.9334e-06 	4.34725e-07 	0.000245738
25.0625 	5.91214e-06 	1.47242e-06 	0.000269438
25.125 	4.215e-06 	1.96795e-06 	0.000287866
25.25 	3.96329e-06 	-1.11243e-06 	0.00024721
25.3125 	4.12464e-06 	-4.26063e-07 	0.000281631
25.625 	6.70201e-06 	-1.97156e-06 	0.000364096
25.6875 	4.56141e-06 	9.0043e-07 	0.000376379
25.75 	6.76996e-06 	2.87923e-06 	0.000406484
25.8125 	7.65732e-06 	6.89808e-07 	0.000416254
26.0 	5.01175e-06 	1.19065e-06 	0.000433004
26.125 	4.2857e-06 	7.56688e-07 	0.000396336
26.25 	6.90281e-06 	1.52822e-06 	0.000377903
26.375 	3.74179e-06 	-6.72557e-07 	0.000369716
26.5 	6.95313e-06 	-2.88692e-06 	0.000374973
26.5625 	3.97062e-06 	1.0088e-06 	0.000361624
26.625 	4.87377e-06 	-8.49265e-07 	0.000335493
26.6875 	4.89272e-06 	1.76837e-06 	0.00031379
26.875 	4.18709e-06 	-1.06082e-06 	0.000338817
26.9375 	3.31286e-06 	-6.13376e-07 	0.000371313
27.0 	4.34358e-06 	1.01742e-06 	0.000380057
27.25 	6.04717e-06 	-1.65318e-06 	0.000401048
27.3125 	3.97723e-06 	-1.23137e-06 	0.000405368
27.5 	4.47124e-06 	-8.29936e-07 	0.000384477
27.625 	5.4508e-06 	9.79709e-07 	0.00033703
27.75 	5.11018e-06 	-1.06346e-06 	0.000341556
27.8125 	6.16232e-06 	1.78189e-06 	0.000353598
28.0 	3.82096e-06 	-9.06794e-07 	0.000368312
28.0625 	4.68221e-06 	1.10743e-06 	0.000378817
28.125 	8.25916e-06 	9.75115e-07 	0.000353158
28.3125 	7.60554e-06 	-8.64718e-07 	0.000359715
28.5 	5.33613e-06 	-9.15612e-07 	0.000322139
28.625 	6.67166e-06 	4.04623e-07 	0.000318187
28.6875 	3.90538e-06 	-9.68301e-07 	0.000319347
28.8125 	8.18671e-06 	2.65004e-06 	0.000334706
28.875 	7.1987e-06 	9.57209e-07 	0.000359979
29.0 	5.92363e-06 	1.99522e-06 	0.000375487
29.0625 	4.11493e-06 	-3.82207e-07 	0.000371647
29.125 	4.82229e-06 	1.28991e-06 	0.000368316
29.1875 	7.68966e-06 	2.5588e-06 	0.000346007
29.25 	7.4248e-06 	3.06158e-06 	0.000318241
29.375 	6.55012e-06 	2.72714e-06 	0.000310828
29.4375 	6.34191e-06 	-1.25426e-06 	0.000321695
29.625 	5.25381e-06 	8.64651e-07 	0.000282835
29.6875 	4.35194e-06 	-1.01028e-06 	0.000243587
29.75 	6.21611e-06 	7.02484e-07 	0.00022735
29.9375 	6.63171e-06 	1.08063e-06 	0.00023712
30.125 	6.27207e-06 	-2.12377e-06 	0.000257254
30.25 	5.63958e-06 	-7.56836e-07 	0.000273387
30.3125 	5.19065e-06 	-7.01246e-07 	0.000300053
30.375 	3.42917e-06 	-7.02035e-07 	0.000272249
30.4375 	5.2205e-06 	2.44028e-06 	0.000286914
30.5 	4.74738e-06 	1.11731e-06 	0.000288389
30.5625 	3.56901e-06 	-5.42762e-07 	0.000268259
30.6875 	5.86123e-06 	1.44558e-06 	0.000261699
30.8125 	3.97912e-06 	-1.09059e-06 	0.000273819
30.9375 	4.56084e-06 	-3.9229e-07 	0.000274722
31.1875 	4.91272e-06 	-2.16424e-06 	0.000260686
31.25 	3.97312e-06 	-5.33913e-07 	0.000267453
31.375 	5.42239e-06 	1.37181e-06 	0.000270244
31.625 	5.36974e-06 	1.27118e-06 	0.000251942
31.75 	3.82925e-06 	4.60515e-07 	0.000282802
31.8125 	5.43321e-06 	-1.88e-06 	0.000307748
31.875 	6.713e-06 	1.57948e-06 	0.000311989
32.0 	5.0971e-06 	1.31134e-06 	0.000342345
32.125 	7.15638e-06 	1.8722e-06 	0.000405272
32.1875 	7.17857e-06 	2.77769e-06 	0.000365447
32.25 	5.27326e-06 	8.49672e-07 	0.000362174
32.3125 	6.70136e-06 	6.87594e-07 	0.000377875
32.4375 	4.42896e-06 	-1.10141e-06 	0.000345836
32.5 	6.64043e-06 	-2.34897e-06 	0.000329085
32.625 	5.21948e-06 	1.22327e-06 	0.000334942
32.6875 	6.31507e-06 	-1.32267e-06 	0.00034803
32.75 	7.68159e-06 	-2.33213e-06 	0.000361641
32.8125 	5.90395e-06 	1.51736e-06 	0.000420795
32.875 	5.47285e-06 	9.38754e-07 	0.000436784
33.0 	3.62909e-06 	7.03402e-07 	0.000441692
33.0625 	4.4958e-06 	-7.80057e-07 	0.000482532
33.125 	4.92406e-06 	-1.52428e-06 	0.000493499
33.1875 	6.01741e-06 	-1.71301e-06 	0.000427271
33.3125 	3.95666e-06 	1.32601e-06 	0.00043949
33.375 	2.83637e-06 	7.94502e-07 	0.000429855
33.4375 	6.79344e-06 	-2.70211e-06 	0.000457238
33.625 	3.96114e-06 	1.12294e-06 	0.000445072
33.6875 	4.03999e-06 	-7.96984e-07 	0.000422636
33.875 	4.94314e-06 	-1.30809e-06 	0.000396447
33.9375 	2.82033e-06 	-4.35789e-07 	0.000432026
34.125 	5.93966e-06 	-1.47757e-06 	0.000449179
34.1875 	7.12869e-06 	2.60041e-06 	0.000478208
34.25 	4.90761e-06 	2.26673e-06 	0.000503803
34.3125 	4.3322e-06 	1.15308e-06 	0.000496654
34.375 	6.82757e-06 	1.98508e-06 	0.000501136
34.5 	6.03002e-06 	3.08419e-06 	0.000506259
34.5625 	4.66675e-06 	1.26124e-06 	0.000496231
34.625 	4.14912e-06 	1.55082e-06 	0.000493597
34.6875 	6.15097e-06 	-1.8038e-06 	0.000472792
34.875 	4.23451e-06 	8.94065e-07 	0.000438457
34.9375 	6.15986e-06 	-2.00726e-06 	0.000424704
35.0625 	4.23897e-06 	-1.16755e-06 	0.000390344
35.125 	6.25324e-06 	-2.97859e-06 	0.0003798
35.25 	6.52744e-06 	-1.97526e-06 	0.000422436
35.3125 	4.82854e-06 	2.35919e-06 	0.00041622
35.375 	5.16885e-06 	-3.73964e-07 	0.000394263
35.625 	8.01516e-06 	-1.31511e-06 	0.000414891
35.6875 	4.41379e-06 	7.89065e-07 	0.000392177
35.75 	7.11643e-06 	-2.78004e-06 	0.000381491
35.8125 	3.40167e-06 	8.02294e-07 	0.000384095
35.875 	6.8149e-06 	1.98735e-06 	0.000405973
35.9375 	4.74663e-06 	1.02571e-06 	0.000462646
36.0 	8.0642e-06 	-2.6965e-06 	0.000482274
36.125 	5.02112e-06 	-1.4484e-06 	0.000513923
36.25 	5.15382e-06 	1.18276e-06 	0.000507372
36.4375 	6.99582e-06 	1.98075e-06 	0.000480722
36.5 	8.09087e-06 	1.22718e-06 	0.000511344
36.8125 	3.18153e-06 	3.49382e-07 	0.000495133
36.875 	4.37414e-06 	1.02583e-06 	0.000466801
37.125 	6.96211e-06 	1.5586e-06 	0.00051019
37.1875 	4.9633e-06 	-2.14155e-06 	0.000496854
37.3125 	5.74801e-06 	1.22028e-06 	0.000496056
37.4375 	6.57666e-06 	2.15603e-06 	0.00046393
37.5 	4.56125e-06 	-1.33655e-06 	0.000484352
37.5625 	7.79943e-06 	-9.51067e-07 	0.000537263
37.75 	3.904e-06 	2.89775e-07 	0.000536606
37.9375 	6.22013e-06 	-2.42326e-07 	0.000572054
38.0 	4.37321e-06 	-1.03867e-06 	0.000573582
38.0625 	3.35597e-06 	-9.16886e-07 	0.000613083
38.125 	4.83086e-06 	1.41247e-06 	0.000616611
38.25 	3.62797e-06 	-8.79811e-07 	0.000630317
38.3125 	2.46263e-06 	-3.93946e-07 	0.000651366
38.4375 	3.72756e-06 	-7.09029e-07 	0.000656429
38.5625 	5.45497e-06 	1.43858e-06 	0.000666513
38.6875 	4.23714e-06 	1.07812e-06 	0.000680896
38.8125 	5.25004e-06 	-2.52551e-06 	0.000688831
38.875 	6.86096e-06 	-1.64089e-06 	0.000700026
38.9375 	5.10945e-06 	2.43908e-06 	0.000696929
39.0 	7.24671e-06 	2.81825e-06 	0.000657503
39.0625 	4.04643e-06 	-3.79331e-07 	0.000644785
39.1875 	8.17871e-06 	7.06681e-07 	0.000569525
39.25 	5.77738e-06 	1.19712e-06 	0.000609677
39.3125 	6.16323e-06 	1.17287e-06 	0.000604452
39.5625 	4.85248e-06 	1.24897e-06 	0.000611882
39.625 	4.22818e-06 	1.24461e-06 	0.00056716
39.6875 	4.41481e-06 	-1.28917e-06 	0.000539089
39.75 	4.52067e-06 	-1.27662e-06 	0.00053475
39.875 	5.23542e-06 	-1.52455e-06 	0.000508241
39.9375 	3.40947e-06 	3.71686e-07 	0.000578453
40.0 	4.48708e-06 	-8.52828e-07 	0.000595463
40.125 	3.80969e-06 	-1.18358e-06 	0.000580731
40.25 	3.85793e-06 	1.03863e-07 	0.000584415
40.3125 	5.14733e-06 	1.10028e-06 	0.000556749
40.4375 	4.21912e-06 	-1.61672e-06 	0.000591315
40.5 	7.79729e-06 	-2.79319e-06 	0.000589071
40.5625 	4.44754e-06 	1.39451e-06 	0.00054999
40.625 	7.47545e-06 	-7.88798e-07 	0.000526404
40.8125 	4.76103e-06 	-5.03424e-07 	0.000567273
40.9375 	4.61865e-06 	-9.28184e-07 	0.000567796
41.125 	4.75459e-06 	1.05879e-06 	0.000522333
41.1875 	2.95994e-06 	2.70932e-07 	0.000539478
41.25 	4.67927e-06 	1.30289e-06 	0.000500872
41.3125 	4.76659e-06 	2.88671e-07 	0.00046753
41.4375 	7.40115e-06 	-1.68842e-06 	0.000480413
41.5 	6.20689e-06 	-1.79512e-06 	0.000497956
41.6875 	3.23319e-06 	-8.70942e-07 	0.000465166
41.8125 	6.46724e-06 	1.84581e-06 	0.000509572
41.9375 	8.15168e-06 	2.81149e-06 	0.000547998
42.0 	7.35799e-06 	2.28147e-06 	0.000538056
42.25 	4.24782e-06 	3.98333e-07 	0.000567299
42.5 	7.56417e-06 	2.00973e-06 	0.000552957
42.6875 	5.52204e-06 	2.57379e-06 	0.000556271
42.8125 	3.83593e-06 	6.18668e-07 	0.000558905
42.875 	4.74832e-06 	1.89702e-06 	0.000578793
42.9375 	6.62915e-06 	3.42065e-07 	0.000576505
43.0 	6.37328e-06 	-1.95265e-06 	0.00056978
43.0625 	5.24426e-06 	1.18974e-06 	0.000565732
43.1875 	6.90789e-06 	1.6215e-06 	0.000570847
43.3125 	5.79891e-06 	1.47905e-06 	0.00053868
43.375 	7.43122e-06 	1.72915e-06 	0.000533586
43.6875 	6.34843e-06 	2.08037e-06 	0.000547128
43.9375 	2.65324e-06 	3.74532e-07 	0.000606282
44.0 	3.22022e-06 	-5.46171e-07 	0.000615089
44.125 	6.09462e-06 	-1.32793e-06 	0.000608404
44.1875 	5.23026e-06 	2.49973e-07 	0.000624748
44.25 	5.03395e-06 	-2.19723e-06 	0.000623107
44.3125 	7.25703e-06 	2.94678e-06 	0.000625831
44.4375 	7.4699e-06 	1.651e-06 	0.000649976
44.5625 	3.87466e-06 	4.82252e-07 	0.000666852
44.6875 	5.26745e-06 	1.42107e-06 	0.000672755
44.8125 	6.07441e-06 	1.05289e-06 	0.000646988
44.875 	4.98695e-06 	1.1293e-06 	0.000686197
44.9375 	7.23476e-06 	-2.56203e-06 	0.000714755
45.0 	4.98942e-06 	1.18779e-06 	0.000721249
45.1875 	7.51481e-06 	-1.67861e-06 	0.000711762
45.3125 	4.59762e-06 	-4.25421e-07 	0.000680425
45.5 	5.62954e-06 	-1.63127e-06 	0.000615503
45.625 	5.51023e-06 	6.9748e-07 	0.000633615
45.6875 	7.35823e-06 	-1.85562e-06 	0.000615145
45.75 	5.31091e-06 	-1.05543e-06 	0.000655855
46.0 	7.35722e-06 	-1.78032e-06 	0.000641877
46.0625 	4.82403e-06 	-9.93929e-07 	0.00063837
46.3125 	5.46969e-06 	-2.70569e-06 	0.000613281
46.5625 	3.96267e-06 	-5.51062e-07 	0.000647454
46.625 	3.24989e-06 	-1.72732e-07 	0.000659971
46.6875 	5.87502e-06 	3.63369e-07 	0.000688851
46.75 	7.28951e-06 	-5.99488e-07 	0.000647623
46.875 	6.96881e-06 	-1.95905e-06 	0.000643384
47.0 	3.5469e-06 	-4.31818e-07 	0.000607932
47.0625 	3.25525e-06 	3.29424e-07 	0.000622868
47.125 	3.92042e-06 	1.46709e-06 	0.000625574
47.1875 	3.64067e-06 	-2.4834e-08 	0.000616644
47.25 	5.07581e-06 	-1.41659e-06 	0.000606494
47.375 	4.45799e-06 	2.07704e-06 	0.000604198
47.5 	6.07198e-06 	-1.01144e-06 	0.000671392
47.5625 	6.82554e-06 	-2.10022e-06 	0.000643764
47.625 	3.56214e-06 	-4.21074e-07 	0.000634383
47.8125 	5.27314e-06 	1.87164e-06 	0.000557776
48.0625 	3.42651e-06 	4.42671e-07 	0.000604053
48.1875 	7.27919e-06 	-3.83722e-06 	0.000604558
48.25 	7.64297e-06 	2.0288e-06 	0.000649035
48.3125 	5.61966e-06 	-1.31275e-06 	0.000638799
48.4375 	5.25097e-06 	-1.21603e-06 	0.00065333
48.5625 	5.9535e-06 	1.89321e-06 	0.000691387
48.75 	5.1634e-06 	-2.73464e-06 	0.000741906
48.8125 	4.33021e-06 	9.9062e-07 	0.000738862
48.9375 	6.71759e-06 	-1.56103e-06 	0.000787946
49.0 	4.04968e-06 	1.81443e-06 	0.000786913
49.25 	3.92024e-06 	8.73139e-07 	0.000775551
49.3125 	5.20823e-06 	1.71715e-06 	0.0007817
49.375 	7.37136e-06 	2.1336e-06 	0.000782312
49.4375 	4.98602e-06 	1.15748e-06 	0.000764306
49.5625 	7.78365e-06 	1.08781e-06 	0.00078634
49.6875 	5.858e-06 	1.58999e-06 	0.000805771
49.75 	4.2649e-06 	-1.52149e-06 	0.000800216
50.0625 	7.5735e-06 	2.83533e-06 	0.000817758
50.25 	4.66734e-06 	-1.20846e-06 	0.000845965
50.3125 	6.38756e-06 	-1.26319e-06 	0.000845622
50.375 	3.36369e-06 	-4.21212e-07 	0.000896666
50.4375 	3.60507e-06 	7.46077e-07 	0.000932712
50.5625 	5.04652e-06 	-1.58033e-06 	0.00092391
50.625 	5.88723e-06 	1.84943e-06 	0.000929375
50.75 	5.94699e-06 	-1.77744e-06 	0.000884282
50.8125 	7.81398e-06 	2.65829e-06 	0.000909385
50.875 	6.92417e-06 	2.19713e-06 	0.000901448
50.9375 	7.14402e-06 	-1.00067e-06 	0.00089747
51.0 	5.63805e-06 	-1.54227e-06 	0.000922281
51.125 	5.99467e-06 	1.31335e-06 	0.00093014
51.1875 	6.72159e-06 	1.47077e-06 	0.000933153
51.25 	5.89278e-06 	-9.46903e-07 	0.000916974
51.375 	3.86059e-06 	2.52611e-07 	0.000924679
51.4375 	7.90004e-06 	-2.52549e-06 	0.000899172
51.5 	2.89328e-06 	-3.72125e-07 	0.000921855
51.625 	7.18167e-06 	-1.79591e-06 	0.000924388
51.8125 	3.85198e-06 	9.47477e-07 	0.000967859
52.0 	5.60467e-06 	-5.48239e-07 	0.00100163
52.0625 	8.2038e-06 	-3.17204e-06 	0.0010059
52.1875 	7.17166e-06 	1.4497e-06 	0.00101124
52.3125 	3.93431e-06 	-5.08301e-07 	0.00102432
52.5 	4.28364e-06 	1.7834e-07 	0.00100274
52.625 	2.27355e-06 	-2.48795e-07 	0.00103976
52.75 	4.46747e-06 	-1.20633e-06 	0.00106584
52.8125 	5.62117e-06 	8.56621e-07 	0.00108436
52.9375 	4.6401e-06 	-1.20624e-06 	0.0010461
53.1875 	5.19422e-06 	1.05432e-06 	0.000979861
53.25 	5.33746e-06 	-1.27624e-06 	0.000989365
53.3125 	5.0933e-06 	-1.11443e-06 	0.000987427
53.5 	3.82e-06 	-5.1823e-07 	0.000993175
53.5625 	3.81396e-06 	-4.86148e-07 	0.00100893
53.625 	7.98478e-06 	2.75316e-06 	0.000994924
53.6875 	5.86682e-06 	1.33778e-06 	0.00101012
53.75 	7.09614e-06 	2.93423e-07 	0.00103354
53.875 	7.16165e-06 	2.0975e-06 	0.00100164
54.0 	6.42469e-06 	-3.55925e-07 	0.00101403
54.0625 	8.06835e-06 	-3.06027e-06 	0.000964787
54.1875 	4.28825e-06 	-8.79712e-07 	0.00097854
54.25 	5.55637e-06 	-2.86202e-06 	0.00103566
54.3125 	6.72116e-06 	2.01626e-06 	0.000976529
54.375 	7.43069e-06 	2.18391e-06 	0.000983446
54.4375 	7.74275e-06 	-1.84879e-06 	0.000965786
54.6875 	4.10437e-06 	1.70284e-06 	0.000968758
54.8125 	6.54035e-06 	-3.23539e-06 	0.000929281
54.875 	5.00536e-06 	1.97947e-06 	0.00100422
54.9375 	4.2622e-06 	1.31379e-06 	0.000971736
55.0 	5.89868e-06 	-4.73663e-07 	0.00095465
55.125 	5.73432e-06 	-9.7084e-07 	0.00094164
55.3125 	5.64314e-06 	9.4436e-07 	0.000953289
55.4375 	7.59164e-06 	-2.05966e-06 	0.00100174
55.5 	5.1035e-06 	-2.26916e-06 	0.00098815
55.6875 	4.44406e-06 	1.72449e-06 	0.00102204
55.75 	4.15958e-06 	-7.3931e-07 	0.00101941
55.875 	3.18337e-06 	-3.75233e-07 	0.00102263
55.9375 	8.12349e-06 	-1.51296e-06 	0.00102574
56.0 	4.99345e-06 	-8.38346e-07 	0.00103147
56.0625 	5.18969e-06 	1.16281e-06 	0.00103667
56.3125 	4.50385e-06 	1.03415e-06 	0.00105124
56.375 	6.77183e-06 	-3.30113e-06 	0.00111153
56.4375 	7.18662e-06 	-2.33828e-06 	0.00110808
56.5625 	7.86888e-06 	3.14052e-06 	0.00114131
56.6875 	3.6993e-06 	7.40066e-07 	0.00112495
56.75 	4.57132e-06 	1.11339e-06 	0.00112753
56.8125 	5.30053e-06 	1.50583e-06 	0.001158
57.0 	6.84577e-06 	-1.26926e-06 	0.00116601
57.0625 	6.6704e-06 	-1.42122e-06 	0.00117689
57.1875 	6.87916e-06 	-1.24616e-06 	0.00123252
57.25 	2.66892e-06 	5.00834e-07 	0.00125276
57.3125 	4.9635e-06 	2.19928e-06 	0.0012832
57.4375 	3.52086e-06 	1.09415e-06 	0.00127717
57.6875 	7.77307e-06 	5.0666e-07 	0.00134818
57.8125 	4.90516e-06 	-1.30056e-06 	0.00133414
58.0 	3.36411e-06 	-4.64186e-07 	0.00135714
58.0625 	5.01566e-06 	-6.02721e-07 	0.00134606
58.125 	6.30216e-06 	1.38893e-06 	0.00133625
58.1875 	6.253e-06 	3.22612e-07 	0.00133786
58.25 	5.1471e-06 	-2.75854e-06 	0.0013303
58.3125 	4.81441e-06 	-1.41227e-06 	0.00132603
58.4375 	4.39977e-06 	-5.91801e-07 	0.00128539
58.5625 	6.79415e-06 	-1.81413e-06 	0.0012974
58.6875 	4.55684e-06 	-1.92382e-06 	0.0013478
58.8125 	7.48414e-06 	-2.39178e-06 	0.00133745
58.875 	5.219e-06 	-6.75637e-07 	0.00128723
58.9375 	6.72633e-06 	-2.0936e-06 	0.00125339
59.0 	5.94953e-06 	1.66815e-06 	0.00128091
59.125 	6.22321e-06 	-1.16698e-07 	0.0013047
59.25 	7.95843e-06 	-3.93744e-06 	0.00131386
59.3125 	4.78591e-06 	-1.14488e-06 	0.00128363
59.375 	3.68054e-06 	-5.65791e-07 	0.00130549
59.5 	4.3508e-06 	-1.11408e-06 	0.00130604
59.6875 	6.63019e-06 	-1.85084e-06 	0.00132146
59.8125 	3.68804e-06 	-2.91805e-07 	0.00129259
59.875 	2.934e-06 	5.75199e-07 	0.00132584
59.9375 	6.92756e-06 	1.58378e-06 	0.00134792
60.375 	8.14512e-06 	-1.84987e-06 	0.00135284
60.4375 	4.70822e-06 	-1.63276e-06 	0.00131315
60.5625 	5.39513e-06 	-1.53589e-06 	0.00138087
60.625 	4.17854e-06 	1.14569e-06 	0.00137707
60.875 	5.13589e-06 	-1.26429e-06 	0.00140927
61.0 	5.73701e-06 	1.1227e-06 	0.00144646
61.125 	5.23877e-06 	1.07099e-06 	0.00147273
61.1875 	3.8145e-06 	9.31374e-07 	0.00142214
61.25 	3.35991e-06 	6.45572e-07 	0.00146433
61.4375 	5.87495e-06 	2.16966e-06 	0.00144923
61.5 	7.83247e-06 	1.72735e-06 	0.00148289
61.625 	3.13218e-06 	-1.66836e-07 	0.00145988
61.6875 	3.74379e-06 	3.91795e-07 	0.00147215
61.8125 	7.8949e-06 	-2.6643e-06 	0.00143828
61.9375 	4.39631e-06 	-4.29076e-07 	0.00143561
62.1875 	5.88955e-06 	-7.05949e-07 	0.00145223
62.25 	6.06327e-06 	2.51179e-06 	0.0014403
62.375 	6.72895e-06 	8.63772e-07 	0.00146116
62.5 	4.35378e-06 	-1.01532e-06 	0.00146895
62.5625 	4.74628e-06 	-1.04449e-06 	0.00148225
62.875 	5.5575e-06 	2.57072e-06 	0.00145228
62.9375 	4.9967e-06 	2.31384e-06 	0.00145072
63.0 	5.20975e-06 	2.24666e-06 	0.00141778
63.25 	3.60654e-06 	6.72098e-07 	0.0014285
63.4375 	3.13356e-06 	-3.07887e-07 	0.00142753
63.5625 	5.4361e-06 	2.74365e-06 	0.00144078
63.8125 	4.97469e-06 	1.42401e-06 	0.00145907
63.9375 	7.12706e-06 	2.10025e-06 	0.00144764
64.0 	5.94131e-06 	-1.27621e-06 	0.00145549
64.25 	5.83189e-06 	-2.41414e-06 	0.00149663
64.4375 	5.36329e-06 	-1.483e-06 	0.00152361
64.5625 	3.99146e-06 	6.63802e-07 	0.00152445
64.6875 	3.97738e-06 	5.37563e-07 	0.00151687
64.75 	4.93768e-06 	1.39863e-06 	0.00149796
64.8125 	6.10946e-06 	1.58209e-06 	0.00145239
64.875 	3.88132e-06 	1.1017e-06 	0.00147349
64.9375 	4.36033e-06 	-1.33801e-06 	0.00146725
65.0 	3.58778e-06 	-3.88672e-07 	0.00146867
65.0625 	4.79719e-06 	-2.23531e-06 	0.00149833
65.125 	5.77412e-06 	-6.28219e-07 	0.0015157
65.625 	5.03732e-06 	-1.15994e-06 	0.00154812
65.8125 	4.83209e-06 	2.21123e-06 	0.00151975
65.9375 	5.71715e-06 	1.86765e-06 	0.00149732
66.0 	3.39784e-06 	4.50979e-07 	0.00154078
66.0625 	4.92965e-06 	1.98375e-06 	0.00153541
66.3125 	5.58766e-06 	-1.14167e-06 	0.00156101
66.5 	6.92453e-06 	1.90292e-06 	0.00155531
66.75 	6.22161e-06 	-1.22938e-06 	0.00160149
66.8125 	5.16845e-06 	1.10565e-06 	0.00157381
66.875 	4.95091e-06 	9.5828e-07 	0.00156134
66.9375 	5.34597e-06 	2.49818e-06 	0.00158113
67.25 	6.82517e-06 	3.39044e-06 	0.00165425
67.375 	7.92232e-06 	1.94775e-06 	0.00168047
67.4375 	6.80468e-06 	1.30719e-06 	0.00167231
67.5 	5.31115e-06 	2.12761e-06 	0.00167989
67.8125 	4.84526e-06 	-1.3423e-06 	0.0016569
67.875 	5.76666e-06 	-1.81715e-06 	0.00164973
67.9375 	5.04786e-06 	-1.22345e-06 	0.00164497
68.0 	5.70254e-06 	-1.23365e-06 	0.00165107
68.0625 	6.86201e-06 	6.34091e-07 	0.00161679
68.125 	7.78186e-06 	-2.04795e-06 	0.00161887
68.1875 	7.34213e-06 	-1.05963e-06 	0.00161468
68.3125 	7.93148e-06 	-9.25794e-07 	0.001615
68.375 	6.56191e-06 	-1.74751e-06 	0.0015962
68.4375 	5.96155e-06 	-1.79813e-06 	0.00157919
68.5625 	6.42879e-06 	1.36723e-06 	0.00156378
68.6875 	3.50366e-06 	-7.67845e-07 	0.00157805
68.75 	5.18588e-06 	2.29386e-06 	0.00153808
68.8125 	6.7296e-06 	-1.8683e-06 	0.00155643
68.9375 	4.71997e-06 	1.39817e-06 	0.00156081
69.125 	5.45165e-06 	2.56013e-06 	0.00153938
69.1875 	6.65963e-06 	5.52237e-07 	0.00151355
69.25 	3.53259e-06 	-7.21326e-07 	0.00151878
69.3125 	5.96446e-06 	1.55036e-06 	0.00152087
69.4375 	5.9664e-06 	-1.41574e-06 	0.00153012
69.5 	5.06105e-06 	1.5408e-06 	0.00152029
69.75 	4.03653e-06 	5.05487e-07 	0.00151596
69.8125 	3.48661e-06 	-6.74267e-07 	0.00150466
69.875 	5.63892e-06 	-6.9027e-07 	0.00153722
69.9375 	5.8004e-06 	1.74574e-06 	0.00150799
