# time 	Local 	Global 	Cumulative
0.333274 	3.74228e-06 	9.75283e-07 	8.637e-06
0.642226 	4.24525e-06 	-1.29049e-06 	2.11069e-05
0.766734 	7.67064e-06 	1.65771e-06 	4.41486e-06
0.828988 	4.20627e-06 	1.12654e-06 	1.50616e-05
1.26477 	6.25216e-06 	1.55445e-07 	6.01378e-06
1.38927 	6.59163e-06 	1.94949e-06 	-2.19305e-05
1.45153 	5.56532e-06 	-1.74827e-06 	-4.94894e-05
1.51378 	3.9941e-06 	-9.87982e-07 	-2.79672e-05
1.7628 	5.36241e-06 	1.65651e-06 	4.66768e-05
1.8873 	6.64671e-06 	8.76298e-07 	7.14733e-05
1.94956 	5.22502e-06 	2.57702e-06 	6.18851e-05
2.19857 	7.22208e-06 	1.51072e-06 	8.21916e-05
2.26083 	5.9942e-06 	-9.52938e-07 	6.58878e-05
2.32308 	7.38083e-06 	-2.20735e-06 	7.69053e-05
2.38534 	7.96645e-06 	-2.13865e-06 	0.000110813
2.44759 	5.13495e-06 	-1.64356e-06 	0.000158975
2.63435 	4.45027e-06 	-1.17668e-06 	0.000165315
2.69661 	8.21397e-06 	2.60676e-06 	0.000205206
2.88337 	4.14674e-06 	1.00662e-06 	0.000255381
2.94562 	4.35228e-06 	1.04624e-06 	0.000237038
3.07013 	7.60688e-06 	-9.5588e-07 	0.000218382
3.31914 	7.7487e-06 	-3.21849e-06 	0.000236458
3.3814 	4.89151e-06 	-1.56295e-06 	0.000257305
3.44365 	5.2589e-06 	2.65006e-06 	0.000251019
3.69267 	3.21055e-06 	-2.37218e-07 	0.000249924
3.75492 	7.32316e-06 	-2.5409e-06 	0.000238881
3.87943 	5.07293e-06 	-1.06704e-06 	0.00019341
4.06619 	5.61564e-06 	-1.37237e-06 	0.000215998
4.12845 	5.63726e-06 	1.55727e-06 	0.00023337
4.1907 	7.84172e-06 	-2.37573e-06 	0.000249641
4.25295 	6.89302e-06 	-6.34097e-07 	0.000230555
4.31521 	5.23061e-06 	1.73525e-06 	0.000221642
4.50197 	6.27519e-06 	-1.98278e-06 	0.000241647
4.56422 	5.60408e-06 	1.41926e-06 	0.000226375
4.62648 	4.89116e-06 	8.75786e-07 	0.000227816
4.68873 	5.16322e-06 	1.47158e-06 	0.000199701
4.93775 	3.61884e-06 	-3.24088e-07 	0.000220467
5.0 	5.55562e-06 	-2.61977e-06 	0.000220724
5.0625 	4.82392e-06 	-1.29702e-06 	0.000207187
5.125 	5.68266e-06 	1.50009e-06 	0.000208057
5.25 	5.15667e-06 	2.45433e-06 	0.000244916
5.375 	7.29323e-06 	2.74707e-06 	0.000264289
5.5 	5.63245e-06 	1.97592e-06 	0.000244736
5.5625 	4.07889e-06 	1.09717e-06 	0.000297812
5.625 	5.39242e-06 	1.449e-06 	0.000321234
5.6875 	5.40963e-06 	9.16608e-07 	0.000299747
5.8125 	5.81698e-06 	-1.37252e-06 	0.000297317
5.875 	7.81834e-06 	-3.38848e-06 	0.000277362
5.9375 	7.9111e-06 	2.2648e-06 	0.000308844
6.0 	6.77149e-06 	-3.3772e-06 	0.000305775
6.1875 	5.8478e-06 	-1.90156e-06 	0.000351174
6.25 	8.11038e-06 	2.44317e-06 	0.000372263
6.4375 	4.01252e-06 	1.29873e-06 	0.000377371
6.75 	4.74466e-06 	-1.89078e-06 	0.000346892
6.8125 	8.0258e-06 	-1.67281e-06 	0.000329954
6.9375 	5.28553e-06 	1.66298e-06 	0.000306658
7.1875 	6.31209e-06 	9.36132e-07 	0.000307694
7.5625 	7.85152e-06 	7.37218e-07 	0.000316103
7.6875 	7.88115e-06 	2.54867e-06 	0.000355264
7.8125 	4.59751e-06 	-1.19932e-06 	0.000362113
7.9375 	5.1417e-06 	1.59863e-06 	0.000384549
8.0 	7.14443e-06 	-2.49465e-06 	0.0003501
8.0625 	4.06506e-06 	-1.35527e-06 	0.000352216
8.125 	7.14809e-06 	-1.98197e-06 	0.000373788
8.4375 	5.95155e-06 	-2.75114e-06 	0.000302897
8.5 	4.97409e-06 	-2.03125e-06 	0.000279024
8.5625 	4.89479e-06 	1.00598e-06 	0.000253302
8.8125 	4.72153e-06 	-9.5039e-07 	0.000220733
8.9375 	4.62218e-06 	1.59393e-06 	0.000224818
9.0 	5.52053e-06 	1.19604e-06 	0.000228896
9.1875 	4.79322e-06 	-1.15228e-06 	0.000227976
9.25 	5.80665e-06 	1.12458e-06 	0.000258356
9.3125 	5.27246e-06 	2.54838e-06 	0.000236614
9.375 	4.3193e-06 	-2.33968e-06 	0.000222792
9.4375 	5.27942e-06 	1.13171e-06 	0.000184049
9.5625 	8.22444e-06 	2.93791e-06 	0.000172366
9.625 	4.96395e-06 	1.52869e-06 	0.000173792
9.6875 	5.20316e-06 	-1.73928e-06 	0.000193588
9.8125 	7.01626e-06 	2.43747e-06 	0.000218291
9.9375 	4.99409e-06 	2.05805e-07 	0.000260351
10.0 	7.31233e-06 	-2.83816e-06 	0.00021836
10.3125 	6.20327e-06 	9.76422e-07 	0.00021512
10.625 	7.43015e-06 	2.53203e-06 	0.000212059
10.6875 	5.19056e-06 	-1.71827e-06 	0.000199589
10.75 	4.63276e-06 	1.21396e-06 	0.000206713
10.8125 	6.29723e-06 	-2.22107e-06 	0.000180226
10.875 	7.96512e-06 	-1.43048e-06 	0.000209881
11.0 	5.00914e-06 	1.22018e-06 	0.00024309
11.0625 	5.44471e-06 	-1.84892e-06 	0.000229686
11.1875 	7.92997e-06 	-2.61918e-06 	0.000247172
11.6875 	5.35152e-06 	-2.14674e-06 	0.000254848
11.75 	6.37739e-06 	2.24625e-06 	0.000278582
11.8125 	4.68148e-06 	1.55343e-06 	0.000288553
11.9375 	4.73782e-06 	1.33128e-06 	0.000302833
12.0 	4.81406e-06 	1.04605e-06 	0.000255488
12.1875 	7.62419e-06 	-2.27868e-06 	0.000214006
12.3125 	7.80085e-06 	1.62194e-06 	0.000248501
12.375 	5.32039e-06 	-1.45674e-06 	0.000229368
12.625 	6.23884e-06 	-2.06234e-06 	0.000228561
12.6875 	4.42806e-06 	-1.53092e-06 	0.000252522
12.8125 	7.97326e-06 	-2.93484e-06 	0.000216598
12.875 	5.78707e-06 	-1.27269e-06 	0.000209081
13.0 	5.05748e-06 	-1.72064e-06 	0.000158993
13.0625 	2.23572e-06 	4.77138e-08 	0.000185912
13.1875 	7.03292e-06 	1.14897e-06 	0.000163566
13.25 	7.78188e-06 	-2.68083e-06 	0.000170967
13.5625 	7.93971e-06 	2.98014e-06 	0.000195253
13.625 	4.52902e-06 	-1.55529e-06 	0.000206485
13.6875 	4.61319e-06 	1.45828e-06 	0.00025247
14.0625 	4.73775e-06 	-1.39667e-06 	0.000252601
14.125 	6.57929e-06 	3.36119e-06 	0.000280727
14.1875 	5.39482e-06 	-6.8592e-07 	0.000301965
14.3125 	6.953e-06 	1.01827e-06 	0.000285421
14.375 	7.49226e-06 	-2.73814e-06 	0.000271199
14.4375 	4.75706e-06 	-1.50793e-06 	0.000269168
14.5 	7.11827e-06 	1.22127e-06 	0.00024256
14.625 	7.27566e-06 	2.5004e-06 	0.000234249
14.6875 	5.50457e-06 	-1.50089e-06 	0.000198861
14.75 	4.84e-06 	-1.26756e-06 	0.000203705
14.8125 	4.25126e-06 	9.95029e-07 	0.000212008
14.9375 	4.58359e-06 	-1.15909e-06 	0.00019572
15.0 	8.41062e-06 	3.1938e-06 	0.000207556
15.1875 	3.66484e-06 	8.12246e-07 	0.000213736
15.25 	6.43141e-06 	-1.87914e-06 	0.000198876
15.3125 	5.8026e-06 	-2.95626e-06 	0.000165707
15.375 	5.80551e-06 	2.78995e-06 	0.000127601
15.4375 	3.72567e-06 	-1.26648e-06 	0.0001443
15.5 	7.28136e-06 	-2.38373e-06 	0.000142521
15.8125 	6.51548e-06 	-3.27627e-06 	0.000201385
15.9375 	5.72404e-06 	-4.4405e-07 	0.000240112
16.0 	8.25206e-06 	2.39464e-06 	0.00026978
16.0625 	6.25288e-06 	1.75071e-06 	0.000306821
16.125 	4.11394e-06 	-1.7709e-06 	0.000311586
16.1875 	7.93258e-06 	-2.97742e-06 	0.000286877
16.25 	4.42193e-06 	1.03638e-06 	0.000277421
16.375 	3.60199e-06 	5.8603e-07 	0.000253893
16.5 	5.30953e-06 	1.18053e-06 	0.000253677
16.625 	4.95535e-06 	-1.57851e-06 	0.000228724
16.8125 	4.27243e-06 	-1.14179e-06 	0.000253632
16.9375 	4.75622e-06 	1.43848e-06 	0.000282091
17.25 	5.17356e-06 	9.67485e-07 	0.000331353
17.3125 	5.84638e-06 	1.8858e-06 	0.000317084
17.375 	6.60209e-06 	-1.80368e-06 	0.000335852
17.4375 	6.95715e-06 	-1.84199e-06 	0.000309938
17.5625 	4.57702e-06 	-1.38625e-07 	0.000293773
17.6875 	6.97261e-06 	2.40041e-06 	0.000332558
18.0 	4.52393e-06 	-4.87124e-07 	0.000375609
18.0625 	6.88218e-06 	1.77096e-06 	0.000341766
18.1875 	5.18016e-06 	-1.61092e-06 	0.000301791
18.25 	5.24097e-06 	-7.88533e-07 	0.000325311
18.375 	3.55749e-06 	-1.12671e-06 	0.000325167
18.4375 	3.66172e-06 	-9.08794e-07 	0.00032487
18.5625 	5.6544e-06 	-1.68541e-06 	0.00029901
18.625 	7.50096e-06 	1.69831e-06 	0.000352007
18.8125 	7.68287e-06 	2.89469e-06 	0.000366859
18.875 	5.29885e-06 	-8.64775e-07 	0.000380897
18.9375 	6.15982e-06 	-2.97748e-06 	0.000371771
19.125 	7.70872e-06 	1.26094e-06 	0.000393899
19.4375 	7.97897e-06 	2.44001e-06 	0.000414383
19.5 	5.3403e-06 	-1.72696e-06 	0.000387685
19.625 	7.42789e-06 	-2.57583e-06 	0.00040065
19.6875 	5.59662e-06 	-1.65392e-06 	0.000410795
19.75 	4.94005e-06 	-1.55769e-06 	0.000428461
19.9375 	6.57651e-06 	-1.26662e-06 	0.000363362
20.125 	4.05264e-06 	1.74835e-06 	0.000394255
20.1875 	4.05663e-06 	7.87952e-07 	0.00041088
20.375 	7.62428e-06 	2.83606e-06 	0.000404355
20.4375 	5.19092e-06 	1.98426e-06 	0.000437085
20.5 	4.04916e-06 	-9.79356e-07 	0.000437808
20.625 	6.5274e-06 	1.05534e-06 	0.000418111
20.6875 	6.98036e-06 	-3.58992e-06 	0.00041929
20.75 	5.25767e-06 	4.36191e-07 	0.000332417
21.0 	5.3075e-06 	1.17667e-06 	0.000391787
21.0625 	6.17254e-06 	-1.2925e-06 	0.000362387
21.1875 	5.88357e-06 	2.03391e-06 	0.000330565
21.3125 	5.53623e-06 	2.02987e-06 	0.000311384
21.5625 	6.88164e-06 	1.40154e-06 	0.000270295
21.75 	4.53928e-06 	-1.13508e-06 	0.000219283
21.8125 	6.94528e-06 	3.52328e-06 	0.000223652
21.875 	2.55954e-06 	-4.16909e-08 	0.000175811
21.9375 	4.47081e-06 	2.5558e-07 	0.000157594
22.1875 	6.25057e-06 	1.96342e-06 	0.000158899
22.25 	7.26978e-06 	2.01788e-06 	0.000164131
22.3125 	6.14499e-06 	1.4408e-06 	0.000163309
22.9375 	4.22253e-06 	1.14264e-06 	0.000161116
23.0 	4.74045e-06 	1.63272e-06 	0.000152991
23.125 	7.05376e-06 	2.6019e-06 	0.000156623
23.1875 	6.58857e-06 	-2.04444e-06 	0.000141539
23.3125 	6.89641e-06 	1.425e-06 	0.000172799
23.375 	4.60824e-06 	-1.37057e-06 	0.000195679
23.4375 	5.0826e-06 	1.22348e-06 	0.000217698
23.6875 	5.35805e-06 	-1.06419e-06 	0.000210554
23.8125 	4.09071e-06 	-5.08221e-07 	0.000184786
24.0 	5.57918e-06 	-1.37488e-06 	0.000179204
24.0625 	4.79938e-06 	-1.48182e-06 	0.00018729
24.3125 	6.37077e-06 	-4.17786e-07 	0.000258347
24.375 	5.77943e-06 	2.78398e-06 	0.000267737
24.4375 	7.04706e-06 	1.69121e-06 	0.000262489
24.5625 	4.01452e-06 	-1.26563e-06 	0.000218923
24.6875 	5.47578e-06 	4.39281e-08 	0.000244399
24.75 	5.80966e-06 	-1.76808e-06 	0.000204639
24.8125 	5.4301e-06 	-1.83471e-06 	0.000237596
25.0 	5.47046e-06 	1.80715e-06 	0.000248864
25.0625 	4.98206e-06 	1.06313e-06 	0.000271972
25.125 	7.82818e-06 	-3.33149e-06 	0.000278987
25.25 	4.82072e-06 	1.49968e-06 	0.000249245
25.3125 	4.46581e-06 	1.40202e-06 	0.000303019
25.625 	4.78831e-06 	1.30066e-06 	0.000369964
25.6875 	7.80894e-06 	2.94933e-06 	0.000383478
25.75 	5.12372e-06 	-1.65029e-06 	0.000408085
25.8125 	7.46751e-06 	-1.17155e-06 	0.000415571
26.0 	4.6168e-06 	-1.20796e-06 	0.000434106
26.125 	6.31513e-06 	1.44344e-06 	0.00038993
26.25 	3.74816e-06 	5.07843e-07 	0.000374488
26.375 	6.87726e-06 	-1.97572e-06 	0.000356859
26.5 	5.36384e-06 	-1.25234e-06 	0.000368244
26.625 	5.74769e-06 	-2.94878e-06 	0.000321778
26.6875 	3.79723e-06 	-4.89704e-07 	0.000309356
26.875 	5.52196e-06 	-2.78111e-06 	0.000331798
26.9375 	5.18986e-06 	1.6814e-06 	0.000367006
27.0 	4.99293e-06 	-1.25954e-06 	0.000382017
27.25 	8.0695e-06 	-1.05084e-06 	0.000410778
27.3125 	5.72669e-06 	1.80682e-06 	0.000406245
27.625 	5.37271e-06 	-1.54412e-06 	0.00033387
27.75 	8.0357e-06 	-2.74231e-06 	0.000345412
28.0 	6.00518e-06 	-1.86771e-06 	0.000360872
28.0625 	5.71152e-06 	2.29194e-06 	0.000375973
28.125 	8.06089e-06 	3.06336e-06 	0.000359123
28.3125 	7.26004e-06 	2.618e-06 	0.000356113
28.5 	6.17539e-06 	9.71303e-07 	0.000320047
28.6875 	6.65871e-06 	-2.1074e-06 	0.000321661
28.8125 	4.19346e-06 	1.31165e-06 	0.000337328
28.875 	5.62559e-06 	8.76561e-07 	0.000355028
29.0 	6.0466e-06 	2.97138e-06 	0.000377859
29.0625 	6.65733e-06 	-1.20766e-06 	0.000370301
29.125 	5.78442e-06 	-2.19356e-06 	0.000359737
29.1875 	3.6004e-06 	-3.88489e-07 	0.000328035
29.25 	5.02921e-06 	-1.82722e-06 	0.000306129
29.375 	3.65451e-06 	-1.03804e-06 	0.000313931
29.4375 	4.14351e-06 	1.388e-07 	0.00031835
29.625 	5.2217e-06 	1.94735e-06 	0.000281239
29.6875 	7.38727e-06 	1.2755e-06 	0.000238662
29.75 	5.09803e-06 	-2.39147e-06 	0.000231414
29.9375 	7.2965e-06 	2.0695e-06 	0.000236288
30.125 	2.54118e-06 	-4.6481e-08 	0.000262435
30.25 	5.44182e-06 	2.54677e-06 	0.00027512
30.3125 	5.53491e-06 	-1.36213e-06 	0.000295981
30.375 	6.84394e-06 	-2.46527e-06 	0.000260112
30.4375 	6.29775e-06 	-5.41024e-07 	0.000289418
30.5 	6.7893e-06 	8.95446e-07 	0.000289025
30.5625 	7.83268e-06 	-2.86791e-06 	0.000261668
30.8125 	7.44235e-06 	2.03033e-06 	0.000276879
30.9375 	8.38697e-06 	-1.56281e-06 	0.000261963
31.1875 	7.39072e-06 	-2.9465e-07 	0.000280985
31.25 	8.05614e-06 	2.15783e-06 	0.00027468
31.375 	4.30379e-06 	-1.72144e-06 	0.000264658
31.625 	4.55339e-06 	-1.53555e-06 	0.00026049
31.75 	5.12941e-06 	2.27051e-06 	0.000297688
31.8125 	5.95904e-06 	-2.20008e-06 	0.000315692
31.875 	3.01281e-06 	3.3679e-07 	0.000318979
32.0 	7.94213e-06 	1.9821e-06 	0.000348342
32.125 	7.62274e-06 	2.7007e-06 	0.000388848
32.1875 	5.65211e-06 	-2.72144e-06 	0.000372612
32.25 	3.52237e-06 	3.25881e-07 	0.000366865
32.3125 	7.34583e-06 	-1.41646e-06 	0.000368466
32.4375 	5.60802e-06 	-1.03538e-06 	0.000343868
32.5 	4.31219e-06 	-1.51415e-06 	0.000325539
32.625 	5.08568e-06 	1.7394e-06 	0.000333744
32.6875 	5.03016e-06 	-9.97903e-07 	0.000348526
32.75 	7.42662e-06 	-2.28175e-06 	0.000370995
32.8125 	6.2529e-06 	1.63646e-06 	0.000417699
32.875 	7.73202e-06 	2.54954e-06 	0.000436086
33.0 	4.94411e-06 	1.37547e-06 	0.00044488
33.0625 	6.28522e-06 	3.87714e-07 	0.00047979
33.125 	7.6159e-06 	-2.31595e-06 	0.000483545
33.3125 	4.85254e-06 	1.35378e-06 	0.000447296
33.375 	3.80751e-06 	-1.48865e-06 	0.000424466
33.4375 	2.08154e-06 	-2.46001e-08 	0.000458725
33.625 	5.27883e-06 	-1.85499e-06 	0.000438208
33.6875 	5.52795e-06 	1.49178e-06 	0.000434262
33.875 	5.2975e-06 	2.03565e-06 	0.000401799
33.9375 	5.72911e-06 	2.7969e-06 	0.000441527
34.125 	7.1769e-06 	-1.85943e-06 	0.000434894
34.1875 	4.62619e-06 	1.53842e-06 	0.000475964
34.25 	5.9339e-06 	1.91758e-06 	0.000502621
34.3125 	7.14454e-06 	-2.81546e-06 	0.0004865
34.375 	4.60637e-06 	-1.3807e-06 	0.000503776
34.5 	4.63072e-06 	-1.24874e-06 	0.000518741
34.5625 	5.11218e-06 	-1.53833e-06 	0.000492978
34.625 	7.78254e-06 	-2.99873e-06 	0.000492976
34.6875 	5.03564e-06 	1.72538e-06 	0.000467551
34.875 	4.12535e-06 	-1.10139e-06 	0.000439155
34.9375 	7.62763e-06 	2.70351e-06 	0.000416042
35.0625 	3.10893e-06 	-1.80065e-07 	0.000394085
35.125 	4.61758e-06 	1.06003e-06 	0.000384189
35.25 	7.05163e-06 	-2.28741e-06 	0.000424277
35.3125 	3.84507e-06 	2.30553e-07 	0.00040282
35.375 	7.75426e-06 	2.32576e-06 	0.000392428
35.625 	7.06799e-06 	3.33684e-06 	0.000411076
35.6875 	5.13449e-06 	-1.22562e-06 	0.000397147
35.75 	5.04582e-06 	-1.15695e-06 	0.00037899
35.8125 	7.63738e-06 	2.85071e-06 	0.000390506
35.875 	4.46875e-06 	8.17625e-07 	0.000413527
35.9375 	4.10395e-06 	1.64216e-06 	0.000460874
36.0 	6.83769e-06 	2.33629e-06 	0.000494592
36.125 	8.06897e-06 	-2.9831e-06 	0.000498584
36.25 	3.6733e-06 	6.70064e-07 	0.000510773
36.4375 	5.16266e-06 	-1.56191e-06 	0.000480266
36.5 	7.0168e-06 	1.67596e-06 	0.000513866
36.8125 	7.85594e-06 	-2.32935e-06 	0.000490921
36.875 	6.34237e-06 	-2.85018e-06 	0.000469924
37.125 	8.30724e-06 	-1.5955e-06 	0.000507256
37.1875 	3.68808e-06 	1.24445e-06 	0.000511869
37.3125 	4.25663e-06 	1.07797e-06 	0.000508786
37.4375 	3.31996e-06 	-3.96919e-07 	0.00045113
37.5 	7.12749e-06 	2.40196e-06 	0.000493476
37.5625 	4.60361e-06 	1.88046e-06 	0.000532434
37.75 	7.97092e-06 	2.77497e-06 	0.000536727
37.9375 	3.45589e-06 	3.98006e-07 	0.000569837
38.0 	8.20758e-06 	1.31589e-06 	0.00056854
38.0625 	5.59616e-06 	-2.69931e-06 	0.000603459
38.125 	4.39594e-06 	1.24423e-06 	0.000608732
38.25 	8.06335e-06 	2.32318e-06 	0.000641371
38.3125 	6.16259e-06 	5.83344e-07 	0.000654605
38.4375 	4.73381e-06 	1.31796e-06 	0.000653413
38.5625 	8.01608e-06 	2.88131e-06 	0.000654958
38.6875 	7.39958e-06 	1.38603e-06 	0.00067236
38.8125 	5.05668e-06 	-4.76527e-07 	0.000698769
38.875 	4.8739e-06 	-1.5173e-06 	0.000696829
38.9375 	7.87521e-06 	1.13675e-06 	0.000679428
39.0 	4.75275e-06 	-1.50899e-06 	0.000651674
39.0625 	5.08016e-06 	1.55251e-06 	0.000647859
39.1875 	6.85648e-06 	-1.32584e-06 	0.000572094
39.25 	8.18925e-06 	3.09905e-06 	0.000609849
39.3125 	4.21772e-06 	-1.92433e-06 	0.000613436
39.5625 	6.47097e-06 	-1.48145e-06 	0.000599143
39.625 	5.66974e-06 	2.02319e-06 	0.000565487
39.6875 	6.41131e-06 	-2.92811e-06 	0.000538632
39.75 	6.79287e-06 	-2.90516e-06 	0.000537455
39.875 	6.3074e-06 	2.02128e-06 	0.00051783
39.9375 	7.66328e-06 	2.71754e-06 	0.000573524
40.0 	4.60666e-06 	7.76955e-07 	0.000595617
40.125 	7.97735e-06 	-2.64597e-06 	0.000579935
40.25 	6.26878e-06 	-2.12981e-06 	0.000576153
40.3125 	7.66953e-06 	2.53733e-06 	0.000558327
40.4375 	5.41331e-06 	-2.597e-06 	0.000594055
40.5 	5.46632e-06 	1.89889e-06 	0.000588965
40.5625 	5.75493e-06 	2.49226e-06 	0.000542282
40.625 	3.41026e-06 	3.70307e-07 	0.000523981
40.8125 	5.77043e-06 	2.86338e-07 	0.000572044
40.9375 	7.20546e-06 	-2.22692e-06 	0.000569696
41.125 	5.1876e-06 	-1.77157e-06 	0.000514663
41.1875 	6.0731e-06 	2.93662e-06 	0.000540541
41.25 	7.35018e-06 	-2.65388e-06 	0.00050471
41.3125 	8.26372e-06 	4.01982e-06 	0.000473031
41.4375 	4.06423e-06 	2.74661e-07 	0.000477947
41.5 	7.01015e-06 	-7.87671e-07 	0.000490724
41.6875 	5.25693e-06 	1.67755e-06 	0.000469019
41.8125 	4.04918e-06 	1.06612e-06 	0.000514366
41.9375 	5.02185e-06 	1.23001e-06 	0.000543619
42.0 	6.22575e-06 	2.99347e-06 	0.000552198
42.25 	7.98546e-06 	2.99356e-06 	0.000566963
42.5 	4.03364e-06 	-5.24264e-07 	0.000552949
42.6875 	3.64059e-06 	4.08855e-07 	0.000559528
42.8125 	5.01517e-06 	-1.12641e-06 	0.000559136
42.875 	7.10002e-06 	2.15e-06 	0.000588318
42.9375 	3.14219e-06 	2.35513e-07 	0.000565679
43.0 	5.47723e-06 	-1.62499e-06 	0.000573454
43.0625 	5.67161e-06 	-2.79814e-06 	0.000573714
43.1875 	4.15233e-06 	-1.1893e-06 	0.000568021
43.3125 	5.31127e-06 	-1.78641e-06 	0.000550627
43.375 	4.92455e-06 	-1.44723e-06 	0.000539409
43.9375 	6.73671e-06 	2.22376e-06 	0.000603047
44.0 	4.47842e-06 	1.06792e-06 	0.000607406
44.125 	4.9215e-06 	1.59016e-06 	0.000604104
44.25 	5.82397e-06 	-2.95549e-06 	0.000623389
44.3125 	6.61873e-06 	8.81162e-07 	0.000628678
44.4375 	4.94062e-06 	1.82825e-06 	0.000660655
44.5625 	6.92705e-06 	2.39765e-06 	0.000677345
44.6875 	6.38651e-06 	-2.13786e-06 	0.0006727
44.8125 	5.09954e-06 	-8.67402e-07 	0.000649602
44.875 	7.33777e-06 	2.04414e-06 	0.000689118
44.9375 	7.92006e-06 	2.50452e-06 	0.000718761
45.0 	5.35786e-06 	1.24127e-06 	0.000719648
45.1875 	4.85809e-06 	-9.01403e-07 	0.000702146
45.3125 	2.98162e-06 	4.73299e-08 	0.000676824
45.5 	6.77836e-06 	2.17437e-06 	0.000626072
45.625 	6.73771e-06 	-2.06675e-06 	0.000610366
45.6875 	7.17558e-06 	2.64173e-06 	0.000621157
45.75 	6.1723e-06 	1.99018e-06 	0.000662509
46.0 	4.92411e-06 	-2.06502e-06 	0.000634357
46.0625 	5.75528e-06 	-2.45515e-06 	0.000630601
46.3125 	5.65935e-06 	2.16165e-06 	0.00061794
46.5625 	4.54198e-06 	-4.33025e-07 	0.000655063
46.625 	6.34242e-06 	-5.23554e-07 	0.000663507
46.6875 	7.72083e-06 	2.67199e-06 	0.000700698
46.75 	4.2092e-06 	1.16955e-06 	0.000648404
47.0 	7.64114e-06 	8.09995e-07 	0.000622376
47.0625 	7.15883e-06 	1.46238e-06 	0.000629951
47.125 	5.72683e-06 	-2.88125e-06 	0.000607395
47.25 	7.53551e-06 	2.56315e-06 	0.000620435
47.375 	4.96584e-06 	1.43218e-06 	0.000623144
47.5 	6.4138e-06 	1.35835e-06 	0.000668803
47.5625 	7.97329e-06 	2.55129e-06 	0.000637947
47.625 	5.66819e-06 	-2.676e-06 	0.000637361
47.8125 	8.24637e-06 	3.50391e-06 	0.000559024
48.0625 	6.61204e-06 	5.23528e-07 	0.0006025
48.1875 	6.27274e-06 	-2.24255e-06 	0.000605016
48.25 	4.95345e-06 	-1.25485e-06 	0.000648756
48.3125 	6.63843e-06 	-2.77471e-06 	0.000634131
48.4375 	7.01727e-06 	7.60933e-07 	0.000653936
48.5625 	5.17911e-06 	-2.00602e-06 	0.00068773
48.75 	5.007e-06 	-1.35832e-06 	0.00073039
48.8125 	8.09665e-06 	2.91345e-06 	0.000742828
48.9375 	7.34904e-06 	-2.62794e-06 	0.000782746
49.0 	4.52165e-06 	1.29302e-06 	0.00078896
49.3125 	4.44271e-06 	1.62919e-06 	0.000777801
49.375 	6.79968e-06 	-1.52427e-06 	0.000784941
49.4375 	7.70439e-06 	2.23144e-06 	0.000754425
49.5625 	5.72929e-06 	-1.93201e-06 	0.000792704
49.6875 	7.00507e-06 	1.77227e-06 	0.00080478
49.75 	6.63512e-06 	2.016e-06 	0.000799429
50.0625 	5.21322e-06 	-1.70043e-06 	0.000813137
50.25 	5.17576e-06 	2.16327e-06 	0.000848292
50.3125 	5.6697e-06 	2.07798e-06 	0.000850819
50.375 	6.11409e-06 	2.16583e-06 	0.000916254
50.4375 	3.43481e-06 	2.77595e-07 	0.000925144
50.5625 	7.58368e-06 	-2.44469e-06 	0.000924202
50.625 	6.97587e-06 	-2.75957e-06 	0.000915476
50.75 	4.95879e-06 	1.26678e-06 	0.00090561
50.8125 	6.64871e-06 	2.21852e-06 	0.000918262
50.875 	4.53262e-06 	-1.39689e-06 	0.00088359
50.9375 	5.41274e-06 	1.63184e-06 	0.000896505
51.0 	6.08109e-06 	-2.72579e-06 	0.000921085
51.125 	5.25118e-06 	-9.5516e-07 	0.000926955
51.1875 	7.06615e-06 	-2.49096e-06 	0.000924603
51.25 	4.75858e-06 	-1.09141e-06 	0.00091118
51.375 	5.68327e-06 	1.80427e-06 	0.000924781
51.4375 	4.29291e-06 	-1.46766e-07 	0.000910214
51.5 	8.11855e-06 	2.63185e-06 	0.000923405
51.625 	7.57717e-06 	-2.47141e-06 	0.000937813
51.8125 	7.40205e-06 	2.45496e-06 	0.000982046
52.0625 	7.8285e-06 	-2.54746e-06 	0.000995671
52.1875 	4.93939e-06 	-1.7292e-06 	0.00101494
52.3125 	6.66924e-06 	-3.21832e-06 	0.00101821
52.5 	3.18714e-06 	-1.30922e-06 	0.00100722
52.75 	3.56867e-06 	-3.53779e-07 	0.00105923
52.8125 	7.56647e-06 	1.77845e-06 	0.00109038
52.9375 	7.61314e-06 	1.33461e-06 	0.0010479
53.1875 	5.64581e-06 	-1.88841e-06 	0.00097885
53.25 	7.03352e-06 	-2.41871e-06 	0.000985551
53.5 	7.01762e-06 	3.48223e-06 	0.00100769
53.5625 	7.54654e-06 	-2.38086e-06 	0.00100462
53.625 	5.38306e-06 	-1.71803e-06 	0.000983059
53.6875 	5.5868e-06 	1.62891e-06 	0.0010185
53.75 	6.61194e-06 	-1.04569e-06 	0.00103005
53.875 	6.47741e-06 	-1.27681e-06 	0.00100551
54.0 	7.44425e-06 	-2.23691e-06 	0.0010166
54.0625 	6.98122e-06 	-1.96824e-06 	0.000969506
54.1875 	5.93477e-06 	2.87531e-06 	0.000981635
54.25 	6.57359e-06 	-1.25345e-06 	0.00103844
54.3125 	7.34389e-06 	2.62674e-06 	0.000966235
54.375 	5.14127e-06 	-1.71983e-06 	0.000984741
54.4375 	5.71468e-06 	-2.03335e-06 	0.000966166
54.6875 	7.57075e-06 	2.31761e-06 	0.000953306
54.8125 	4.46643e-06 	1.19024e-06 	0.000934331
54.875 	7.37232e-06 	-3.63645e-07 	0.000998019
54.9375 	4.70091e-06 	-1.38934e-06 	0.000966545
55.0 	5.07765e-06 	-1.51056e-06 	0.000957877
55.3125 	7.48256e-06 	-3.38259e-06 	0.000956997
55.4375 	4.50077e-06 	1.29335e-06 	0.00100315
55.5 	5.58295e-06 	2.33856e-06 	0.00099442
55.75 	5.6764e-06 	-1.79406e-06 	0.00102278
55.9375 	6.81432e-06 	2.03772e-06 	0.00103003
56.0 	7.73926e-06 	-2.78027e-06 	0.00102136
56.0625 	5.75068e-06 	-2.14777e-06 	0.0010291
56.3125 	7.99972e-06 	-2.60679e-06 	0.0010609
56.375 	5.05435e-06 	-2.68264e-07 	0.00111424
56.4375 	3.5709e-06 	4.45115e-07 	0.00111213
56.5625 	5.86282e-06 	-2.27134e-06 	0.00114294
56.6875 	6.54894e-06 	3.24098e-06 	0.0011321
56.75 	6.01879e-06 	-2.82302e-06 	0.00112905
56.8125 	5.63479e-06 	3.45891e-07 	0.00115199
57.0 	4.07942e-06 	8.46302e-07 	0.00115455
57.0625 	6.00998e-06 	4.61526e-07 	0.00118798
57.1875 	3.96581e-06 	-8.69003e-07 	0.00123898
57.25 	4.90827e-06 	1.33738e-06 	0.00126905
57.3125 	6.52315e-06 	-2.08246e-06 	0.00128845
57.4375 	7.95105e-06 	-9.74635e-07 	0.0012768
57.6875 	6.25144e-06 	-2.99147e-06 	0.00134495
57.8125 	6.04298e-06 	-7.94714e-07 	0.00133312
58.125 	4.7041e-06 	1.30001e-06 	0.00133792
58.1875 	4.8123e-06 	-1.13561e-06 	0.00134625
58.25 	6.76829e-06 	2.34142e-06 	0.00132984
58.3125 	5.91213e-06 	2.05674e-06 	0.0013287
58.4375 	7.9641e-06 	-2.44555e-06 	0.00129589
58.5625 	4.9616e-06 	1.18811e-06 	0.00130588
58.8125 	4.4912e-06 	-1.24508e-06 	0.00132723
58.875 	4.80548e-06 	-1.47627e-06 	0.0012909
59.0 	7.67777e-06 	-2.4858e-06 	0.00127799
59.125 	5.12429e-06 	-1.6064e-06 	0.00129873
59.25 	7.22927e-06 	5.63638e-07 	0.00131312
59.3125 	7.41447e-06 	3.07685e-06 	0.00129358
59.375 	5.51988e-06 	2.44675e-06 	0.00130555
59.5 	4.88768e-06 	1.40786e-06 	0.00130208
59.6875 	5.23266e-06 	-1.88142e-06 	0.00132314
59.8125 	7.77709e-06 	-2.47174e-06 	0.00129485
59.9375 	7.9747e-06 	-2.8444e-06 	0.00134524
60.375 	5.49567e-06 	4.73704e-08 	0.00136173
60.4375 	5.25678e-06 	2.21422e-06 	0.00131935
60.5625 	5.79578e-06 	-2.86338e-06 	0.00137523
60.625 	5.20193e-06 	-1.80846e-06 	0.00138131
60.875 	4.84815e-06 	-7.68592e-07 	0.00140319
61.0 	7.09875e-06 	2.8411e-06 	0.00143426
61.125 	4.74194e-06 	-1.32615e-06 	0.00147793
61.4375 	4.10396e-06 	1.01716e-06 	0.0014506
61.625 	7.47403e-06 	-2.82131e-06 	0.00145828
61.6875 	6.94043e-06 	-2.16357e-06 	0.00146483
61.8125 	5.05281e-06 	1.82961e-06 	0.0014299
61.9375 	5.50209e-06 	2.03444e-06 	0.0014496
62.1875 	7.10488e-06 	-1.87868e-06 	0.00145335
62.25 	5.88684e-06 	-2.02273e-06 	0.00143525
62.375 	5.62797e-06 	1.20035e-06 	0.001466
62.5 	5.83768e-06 	-1.79553e-06 	0.00147514
62.5625 	6.89636e-06 	2.57452e-06 	0.00148041
62.875 	4.95879e-06 	1.78547e-06 	0.00146895
62.9375 	5.73531e-06 	-8.7876e-07 	0.0014452
63.0 	6.33194e-06 	3.06581e-06 	0.00142132
63.25 	4.58275e-06 	-1.70204e-06 	0.00142936
63.4375 	3.54193e-06 	-4.21714e-07 	0.00141885
63.5625 	4.79955e-06 	1.42397e-06 	0.00145073
63.8125 	6.95736e-06 	1.90753e-06 	0.00146115
63.9375 	6.99153e-06 	2.53422e-06 	0.00145143
64.0 	3.44114e-06 	-1.41998e-06 	0.00146145
64.25 	8.25804e-06 	-2.48978e-06 	0.00149241
64.4375 	4.74315e-06 	1.44888e-06 	0.00152287
64.5625 	7.04606e-06 	2.69182e-06 	0.00152945
64.6875 	6.90138e-06 	-2.68578e-06 	0.00150663
64.75 	8.12925e-06 	2.74953e-06 	0.00148435
64.8125 	7.65587e-06 	8.5022e-07 	0.00145471
64.875 	6.71133e-06 	1.71406e-06 	0.00147908
64.9375 	5.86273e-06 	2.20688e-06 	0.00145953
65.0 	5.58448e-06 	1.70082e-06 	0.00145944
65.0625 	4.78638e-06 	1.65599e-06 	0.00151618
65.125 	5.34605e-06 	-1.57509e-06 	0.00151457
65.625 	4.97615e-06 	-9.79417e-07 	0.00155714
65.8125 	3.88726e-06 	8.95811e-07 	0.00150559
65.9375 	6.34761e-06 	2.8587e-06 	0.00149568
66.0 	4.14183e-06 	1.24352e-06 	0.00153776
66.0625 	8.00155e-06 	1.63725e-06 	0.00154017
66.3125 	7.37908e-06 	2.26186e-06 	0.00155687
66.5 	8.10719e-06 	2.30385e-06 	0.00155508
66.75 	6.624e-06 	-1.93222e-06 	0.00160455
66.8125 	5.24174e-06 	-1.3919e-06 	0.00156719
66.9375 	8.11538e-06 	2.91598e-06 	0.001574
67.25 	8.25371e-06 	-9.95326e-07 	0.00165429
67.4375 	6.29488e-06 	2.03747e-06 	0.00168144
67.5 	6.84214e-06 	2.0106e-06 	0.00169318
67.8125 	5.63436e-06 	1.71795e-06 	0.00165942
67.875 	7.70515e-06 	-2.44991e-06 	0.00164856
67.9375 	4.20665e-06 	-9.30077e-07 	0.00165413
68.0 	7.54794e-06 	-1.99867e-06 	0.00163992
68.125 	4.61603e-06 	-1.24472e-06 	0.00161255
68.1875 	6.50733e-06 	6.0129e-07 	0.00162041
68.3125 	7.18227e-06 	2.39805e-06 	0.00161155
68.375 	5.53607e-06 	7.40938e-07 	0.00159298
68.4375 	4.79379e-06 	-1.64872e-06 	0.00157145
68.5625 	5.48545e-06 	1.88451e-06 	0.00156996
68.6875 	7.80447e-06 	-2.5004e-06 	0.00156891
68.75 	7.55574e-06 	-3.03496e-06 	0.00153918
68.8125 	5.03429e-06 	2.19869e-06 	0.00156233
68.9375 	5.31442e-06 	8.27728e-07 	0.00155503
69.125 	3.17985e-06 	-1.27901e-07 	0.00153436
69.1875 	4.79568e-06 	-1.14068e-06 	0.00151543
69.25 	5.90593e-06 	2.57171e-06 	0.00151413
69.3125 	8.2875e-06 	3.40466e-06 	0.00151768
69.4375 	6.11826e-06 	-8.57544e-07 	0.00153122
69.5 	6.96451e-06 	3.42327e-06 	0.00151406
69.75 	7.33517e-06 	2.86713e-06 	0.00151763
69.8125 	4.02536e-06 	5.22353e-07 	0.00151397
69.875 	7.89269e-06 	-1.7619e-06 	0.00154721
69.9375 	5.08289e-06 	1.81862e-06 	0.00151819
