# time 	Local 	Global 	Cumulative
0.333274 	6.11105e-06 	1.62492e-06 	8.98899e-06
0.579973 	7.15913e-06 	6.77708e-07 	2.10698e-05
0.642226 	5.96664e-06 	-2.8736e-06 	2.77482e-05
0.766734 	7.50941e-06 	3.48135e-06 	4.51797e-06
0.828988 	3.2868e-06 	9.06094e-07 	8.34976e-06
1.26477 	6.93779e-06 	3.34218e-06 	9.77438e-06
1.38927 	6.25526e-06 	8.35739e-07 	-2.00792e-05
1.45153 	6.80869e-06 	-3.42915e-07 	-4.74661e-05
1.51378 	6.97534e-06 	3.12042e-06 	-2.41348e-05
1.7628 	7.75073e-06 	-9.72525e-07 	4.86706e-05
1.8873 	7.16944e-06 	1.86189e-06 	7.17869e-05
1.94956 	5.5858e-06 	7.34323e-07 	7.10329e-05
2.19857 	4.56927e-06 	-2.73868e-08 	8.12614e-05
2.26083 	6.62305e-06 	5.45797e-07 	6.95333e-05
2.32308 	7.19338e-06 	-1.99595e-06 	8.18067e-05
2.38534 	8.2031e-06 	1.33005e-06 	0.000101566
2.44759 	7.79555e-06 	2.00979e-06 	0.000158609
2.63435 	4.62654e-06 	1.2452e-06 	0.000170029
2.69661 	7.32677e-06 	-3.44419e-06 	0.000214935
2.88337 	7.56603e-06 	2.54174e-06 	0.000252832
2.94562 	7.97226e-06 	2.23516e-06 	0.000244807
3.07013 	8.1122e-06 	-1.00858e-06 	0.000214573
3.25689 	3.05927e-06 	7.09179e-07 	0.000257746
3.31914 	5.75483e-06 	-1.47624e-07 	0.000228956
3.3814 	5.45189e-06 	1.52643e-06 	0.000264625
3.44365 	3.19613e-06 	8.50847e-07 	0.000246321
3.69267 	5.66244e-06 	-2.49615e-06 	0.00024324
3.75492 	3.26919e-06 	-3.57466e-07 	0.000235851
3.87943 	2.76018e-06 	-6.2135e-07 	0.000191996
4.06619 	7.55907e-06 	1.16443e-06 	0.000206925
4.12845 	7.57257e-06 	-3.02703e-06 	0.000228582
4.1907 	8.18919e-06 	1.60258e-06 	0.000253939
4.25295 	5.42863e-06 	-1.75127e-06 	0.00022667
4.31521 	3.59166e-06 	6.21053e-07 	0.000223953
4.37746 	4.91664e-06 	-5.55382e-07 	0.000227962
4.50197 	7.23517e-06 	-2.69668e-06 	0.000253133
4.56422 	4.8754e-06 	5.84852e-07 	0.000228472
4.62648 	2.864e-06 	-8.08552e-07 	0.000222027
4.68873 	7.53103e-06 	-2.56064e-06 	0.000197239
4.93775 	8.06673e-06 	-1.42156e-06 	0.000221689
5.0 	7.6654e-06 	-3.61297e-06 	0.000224403
5.0625 	6.32234e-06 	1.34206e-06 	0.00021101
5.125 	6.93114e-06 	-2.74782e-06 	0.000208727
5.25 	4.64606e-06 	-1.28316e-06 	0.00023129
5.375 	3.28489e-06 	1.17014e-06 	0.000270153
5.5 	7.26171e-06 	8.24156e-07 	0.000242589
5.5625 	4.93206e-06 	1.09791e-06 	0.00029917
5.625 	7.3125e-06 	-3.53105e-06 	0.000310514
5.6875 	7.02166e-06 	-3.32062e-06 	0.000297702
5.8125 	7.5895e-06 	-1.54809e-06 	0.000287724
5.875 	4.89104e-06 	9.83205e-07 	0.000282835
5.9375 	5.39145e-06 	2.33836e-06 	0.000297119
6.0 	6.74005e-06 	3.35565e-06 	0.000307508
6.1875 	7.57935e-06 	1.11582e-06 	0.000361922
6.25 	6.09324e-06 	-2.36193e-06 	0.000369876
6.4375 	6.6067e-06 	-2.13016e-06 	0.000385093
6.75 	7.70261e-06 	-3.70473e-06 	0.000350974
6.8125 	7.75569e-06 	-3.78703e-06 	0.000339601
6.9375 	6.94485e-06 	-3.31598e-06 	0.000302717
7.1875 	2.87712e-06 	3.5339e-07 	0.000299231
7.5625 	6.34828e-06 	2.92831e-06 	0.000311986
7.6875 	7.33614e-06 	-1.02705e-06 	0.000353378
7.8125 	7.7967e-06 	-2.60686e-06 	0.000364158
7.9375 	3.78326e-06 	-6.74101e-07 	0.00038812
8.0 	7.78957e-06 	-3.68154e-06 	0.000362309
8.0625 	7.48606e-06 	-1.31281e-06 	0.00036672
8.125 	7.06185e-06 	-9.69168e-07 	0.000367291
8.4375 	5.13673e-06 	8.42096e-07 	0.00030787
8.5 	6.64428e-06 	-3.13476e-06 	0.000279615
8.5625 	5.12159e-06 	5.89188e-07 	0.000252765
8.8125 	6.06678e-06 	-2.77469e-06 	0.000218056
8.9375 	6.65534e-06 	2.53175e-06 	0.000221088
9.0 	6.10408e-06 	-5.42351e-07 	0.000222746
9.1875 	2.66486e-06 	-5.31848e-07 	0.000227228
9.25 	5.62414e-06 	-1.05811e-06 	0.000257034
9.3125 	4.86876e-06 	1.03065e-06 	0.000233154
9.375 	6.77081e-06 	2.58526e-06 	0.000239538
9.4375 	6.5849e-06 	-2.71149e-06 	0.000182156
9.5625 	5.53997e-06 	2.39762e-06 	0.000169988
9.625 	7.84936e-06 	-3.53366e-06 	0.000172975
9.6875 	3.21885e-06 	7.43864e-07 	0.000195467
9.8125 	3.51042e-06 	2.84899e-07 	0.00021051
9.9375 	5.77537e-06 	2.12835e-06 	0.000251074
10.0 	5.41078e-06 	-1.56348e-06 	0.000224947
10.1875 	3.93809e-06 	3.80664e-07 	0.000206689
10.3125 	6.72053e-06 	1.19762e-06 	0.000214865
10.625 	5.93094e-06 	-2.6046e-06 	0.000206952
10.6875 	6.09821e-06 	-2.50196e-06 	0.00020487
10.75 	5.54255e-06 	2.04638e-06 	0.00020552
10.8125 	5.64419e-06 	2.60958e-06 	0.000177037
10.875 	6.09043e-06 	-2.56884e-06 	0.000204993
11.0 	6.59596e-06 	2.64158e-06 	0.000239633
11.0625 	4.98242e-06 	-9.86562e-07 	0.000221715
11.1875 	6.23319e-06 	-2.52109e-06 	0.000242811
11.6875 	6.25723e-06 	2.04017e-06 	0.000261092
11.75 	8.00481e-06 	-3.00016e-06 	0.000268773
11.8125 	5.72977e-06 	-2.3613e-06 	0.000286145
11.9375 	4.1142e-06 	7.13888e-07 	0.000296902
12.0 	5.59069e-06 	-1.32566e-06 	0.000260869
12.0625 	5.99787e-06 	7.32877e-07 	0.000220561
12.1875 	6.73324e-06 	3.20288e-06 	0.000214315
12.3125 	6.41206e-06 	2.63209e-07 	0.000247204
12.375 	7.14658e-06 	-1.33341e-06 	0.000233971
12.625 	7.1705e-06 	-2.72834e-06 	0.00023274
12.6875 	7.61208e-06 	2.00515e-06 	0.000249985
12.8125 	6.31798e-06 	-2.47618e-06 	0.000223438
12.875 	6.21458e-06 	2.40362e-06 	0.000201805
13.0 	4.65208e-06 	8.6714e-07 	0.000154779
13.0625 	7.72661e-06 	1.90429e-06 	0.000178032
13.1875 	3.26096e-06 	8.85244e-07 	0.000164057
13.25 	7.86002e-06 	-1.61816e-06 	0.000168949
13.375 	2.76373e-06 	-3.17516e-07 	0.000168998
13.5625 	7.51328e-06 	9.83476e-07 	0.000188028
13.625 	7.26076e-06 	1.27702e-06 	0.000201093
13.6875 	5.22336e-06 	2.04747e-06 	0.000244194
14.0625 	6.03531e-06 	-1.79624e-06 	0.000263434
14.125 	8.02663e-06 	1.60552e-06 	0.000269314
14.1875 	3.37266e-06 	-1.00473e-06 	0.000298781
14.3125 	3.11567e-06 	5.61527e-07 	0.000283043
14.375 	7.88682e-06 	-1.86159e-06 	0.000277416
14.4375 	7.15149e-06 	-1.49351e-06 	0.00027969
14.5 	4.96293e-06 	1.01689e-06 	0.000233579
14.625 	4.72227e-06 	9.78991e-07 	0.000241884
14.6875 	4.59448e-06 	-1.76732e-06 	0.000209906
14.75 	7.19405e-06 	3.14889e-06 	0.000197834
14.8125 	6.77869e-06 	-2.99259e-06 	0.000212319
14.9375 	3.78715e-06 	1.21865e-06 	0.000201536
15.0 	7.59322e-06 	2.71645e-07 	0.000216994
15.1875 	6.78789e-06 	3.00874e-06 	0.000217929
15.25 	3.83566e-06 	-7.15043e-07 	0.000205326
15.3125 	7.50231e-06 	-3.60078e-06 	0.000168606
15.375 	3.84599e-06 	-1.03828e-07 	0.00012988
15.4375 	5.03511e-06 	1.96283e-06 	0.000138283
15.5 	6.04216e-06 	-2.63724e-06 	0.000159442
15.8125 	5.33818e-06 	1.47819e-06 	0.000204703
15.9375 	5.83777e-06 	1.855e-06 	0.000241058
16.0 	7.7164e-06 	4.71605e-07 	0.000263769
16.0625 	4.68975e-06 	9.46102e-07 	0.000295747
16.125 	8.18023e-06 	-3.85051e-06 	0.000316452
16.1875 	2.83173e-06 	4.37619e-07 	0.000292767
16.25 	6.05734e-06 	2.85026e-06 	0.000272745
16.3125 	3.93558e-06 	-7.68464e-07 	0.000255747
16.375 	3.23199e-06 	-9.13173e-07 	0.000256289
16.5 	6.52366e-06 	-3.11653e-06 	0.000258502
16.625 	2.82936e-06 	-3.84457e-07 	0.000232604
16.8125 	6.98099e-06 	-2.59499e-06 	0.000261021
16.9375 	4.70224e-06 	1.85254e-06 	0.000284848
17.25 	4.44508e-06 	-4.75471e-07 	0.000321878
17.3125 	6.2087e-06 	1.952e-06 	0.000310731
17.375 	7.74997e-06 	-3.48327e-06 	0.00033239
17.4375 	7.75055e-06 	-2.77474e-06 	0.000311882
17.5625 	3.33775e-06 	-9.94878e-07 	0.000289644
17.6875 	7.15711e-06 	3.442e-06 	0.000334586
18.0 	7.79591e-06 	3.79805e-06 	0.000377386
18.0625 	7.09085e-06 	-1.67477e-06 	0.000347542
18.1875 	4.87103e-06 	1.99784e-06 	0.000302832
18.25 	6.50237e-06 	2.37623e-06 	0.000330209
18.375 	4.41576e-06 	-2.90435e-08 	0.000329965
18.4375 	7.49979e-06 	-3.199e-06 	0.000326168
18.5625 	7.07592e-06 	-4.61702e-07 	0.000294209
18.625 	7.3927e-06 	1.95631e-06 	0.000336855
18.8125 	3.76304e-06 	-1.33606e-06 	0.000356097
18.875 	6.84038e-06 	1.18064e-06 	0.000383003
18.9375 	4.31531e-06 	-1.10277e-06 	0.00037036
19.125 	6.33291e-06 	2.53541e-06 	0.000386571
19.4375 	7.28682e-06 	1.97635e-06 	0.000415048
19.5 	5.21558e-06 	-1.14524e-06 	0.000392643
19.625 	8.18637e-06 	3.67111e-07 	0.000408898
19.6875 	7.34975e-06 	-1.49672e-06 	0.000413244
19.75 	7.46401e-06 	-1.54383e-06 	0.000434781
19.9375 	6.90205e-06 	-3.24707e-06 	0.00035474
20.125 	7.42331e-06 	2.9122e-06 	0.000391053
20.1875 	8.10892e-06 	-1.3446e-06 	0.000402844
20.375 	5.82125e-06 	1.51319e-06 	0.000411225
20.4375 	5.40985e-06 	1.92906e-06 	0.000430185
20.5 	6.79622e-06 	3.67625e-07 	0.000449695
20.625 	4.6234e-06 	6.01606e-07 	0.000422792
20.6875 	6.65705e-06 	-2.38881e-06 	0.000430089
20.75 	2.90833e-06 	-7.31825e-07 	0.000336737
21.0 	7.3519e-06 	7.9734e-07 	0.000392532
21.0625 	7.89636e-06 	-2.81558e-06 	0.000360885
21.1875 	7.35348e-06 	-2.52406e-06 	0.000323949
21.3125 	3.39941e-06 	5.17894e-07 	0.000300871
21.5625 	6.0968e-06 	1.83951e-06 	0.000277687
21.75 	8.08914e-06 	1.5187e-06 	0.000220412
21.8125 	5.15203e-06 	6.96132e-07 	0.000219403
21.875 	6.81262e-06 	3.24824e-06 	0.000178159
21.9375 	3.68077e-06 	6.62876e-07 	0.000162007
22.1875 	6.46337e-06 	1.17164e-06 	0.000167153
22.25 	7.16573e-06 	-8.45111e-07 	0.000164679
22.3125 	6.56855e-06 	-3.12743e-06 	0.000167155
22.9375 	5.94889e-06 	9.74795e-07 	0.000171412
23.0 	7.9944e-06 	-8.70975e-07 	0.000145459
23.125 	7.15299e-06 	7.64795e-07 	0.000154691
23.1875 	5.31836e-06 	1.0322e-06 	0.000136019
23.3125 	8.00333e-06 	-2.12991e-06 	0.000168299
23.375 	7.32173e-06 	3.51172e-06 	0.000192118
23.4375 	7.03695e-06 	8.73426e-07 	0.000221848
23.6875 	6.14793e-06 	2.12468e-06 	0.000212714
23.8125 	5.04621e-06 	-4.60233e-07 	0.00018905
24.0 	5.15164e-06 	1.0816e-06 	0.000181125
24.0625 	6.40262e-06 	-7.28864e-07 	0.000198363
24.3125 	3.64311e-06 	-6.41054e-07 	0.000253207
24.375 	7.73118e-06 	2.82561e-06 	0.000272642
24.4375 	6.73012e-06 	-3.21805e-07 	0.000249864
24.5625 	3.67392e-06 	-3.34755e-07 	0.000224161
24.6875 	4.98227e-06 	5.56675e-07 	0.000251338
24.75 	7.72832e-06 	-3.67819e-06 	0.000217041
24.8125 	7.87008e-06 	2.2184e-06 	0.000235408
25.0 	4.91782e-06 	-1.34912e-06 	0.000245996
25.0625 	8.01047e-06 	1.20914e-06 	0.000266356
25.125 	3.60769e-06 	6.628e-07 	0.000280985
25.25 	5.80108e-06 	1.79152e-06 	0.000250521
25.3125 	7.38739e-06 	2.52962e-06 	0.00028737
25.625 	7.07039e-06 	-3.34609e-06 	0.000364607
25.6875 	6.30451e-06 	-1.47089e-06 	0.000377732
25.75 	7.2803e-06 	2.63643e-07 	0.000408287
25.8125 	7.53109e-06 	-3.27364e-07 	0.00041448
26.0 	5.65478e-06 	-2.12459e-06 	0.000433075
26.125 	5.65105e-06 	-1.55257e-06 	0.000398942
26.25 	6.07136e-06 	-6.83418e-07 	0.000372676
26.375 	5.78467e-06 	-1.76747e-06 	0.000367459
26.5 	5.61444e-06 	1.54882e-06 	0.00037045
26.5625 	6.22072e-06 	2.64635e-06 	0.000369322
26.625 	6.02328e-06 	3.15568e-07 	0.000332832
26.6875 	3.60839e-06 	-7.32071e-07 	0.000312791
26.875 	7.95069e-06 	-1.33624e-06 	0.000336508
26.9375 	6.19355e-06 	2.69232e-06 	0.000369473
27.0 	5.43665e-06 	-2.01074e-06 	0.00038186
27.25 	3.17523e-06 	-7.63039e-07 	0.00040014
27.3125 	6.22447e-06 	-1.04124e-06 	0.000409
27.625 	3.65426e-06 	-5.87648e-07 	0.000334336
27.75 	7.70941e-06 	-1.14816e-06 	0.000346483
28.0 	6.58044e-06 	3.14773e-06 	0.000368559
28.0625 	7.84208e-06 	-2.31393e-06 	0.000370394
28.125 	3.69435e-06 	9.88583e-07 	0.000351038
28.3125 	7.8964e-06 	-6.29124e-07 	0.000361234
28.5 	5.97909e-06 	2.59877e-06 	0.000320896
28.625 	4.07131e-06 	-4.72462e-07 	0.000317954
28.6875 	6.65163e-06 	2.67424e-06 	0.000317843
28.8125 	7.67727e-06 	1.44107e-06 	0.000331775
28.875 	4.77067e-06 	8.8232e-07 	0.000356799
29.0 	6.45843e-06 	7.03271e-07 	0.000375973
29.0625 	6.88425e-06 	1.06527e-06 	0.000370977
29.125 	5.83576e-06 	1.58176e-06 	0.000359012
29.1875 	2.71364e-06 	2.17926e-07 	0.000340368
29.25 	6.03863e-06 	-2.14173e-06 	0.000318346
29.375 	6.53878e-06 	-3.12038e-06 	0.000316693
29.4375 	7.73651e-06 	2.01668e-06 	0.000317902
29.625 	6.55595e-06 	1.76298e-06 	0.000284896
29.6875 	5.47746e-06 	2.00992e-06 	0.000241742
29.75 	8.00043e-06 	9.5696e-07 	0.000233222
29.9375 	6.30554e-06 	1.75831e-06 	0.000234578
30.125 	7.5886e-06 	8.98829e-07 	0.000263637
30.25 	7.19448e-06 	-1.05843e-06 	0.000271517
30.3125 	4.16322e-06 	8.49695e-07 	0.000301462
30.375 	4.00518e-06 	-1.28656e-06 	0.000259712
30.4375 	7.11556e-06 	3.35445e-06 	0.000291819
30.5 	7.16517e-06 	2.89053e-06 	0.000291532
30.5625 	6.87369e-06 	-2.49425e-06 	0.000258844
30.8125 	6.19534e-06 	-1.97842e-06 	0.000274479
30.9375 	6.71051e-06 	1.97278e-06 	0.000264573
31.1875 	4.22917e-06 	6.06062e-07 	0.000268824
31.25 	7.90541e-06 	3.69737e-06 	0.000281095
31.375 	6.95786e-06 	-1.01661e-06 	0.000264851
31.625 	6.92095e-06 	1.73166e-06 	0.000255267
31.75 	7.03539e-06 	2.59209e-06 	0.000291304
31.8125 	7.69962e-06 	3.71676e-06 	0.000313115
31.875 	4.36078e-06 	-6.04339e-07 	0.000310154
32.0 	6.12281e-06 	-2.66175e-06 	0.000341053
32.125 	4.00805e-06 	-1.24501e-06 	0.00039393
32.1875 	6.08111e-06 	1.28135e-06 	0.000368624
32.25 	8.00012e-06 	-9.97402e-07 	0.000361793
32.3125 	6.94909e-06 	-3.12385e-06 	0.000376677
32.4375 	6.71577e-06 	5.35333e-07 	0.000350282
32.5 	8.08872e-06 	1.00924e-06 	0.000332891
32.625 	7.15348e-06 	1.43853e-06 	0.000328152
32.6875 	2.42303e-06 	-2.51914e-07 	0.000349483
32.75 	5.60327e-06 	-1.39403e-06 	0.00037077
32.8125 	7.64419e-06 	3.71056e-06 	0.000422945
32.875 	4.26854e-06 	-1.47075e-06 	0.000437112
33.0 	7.66461e-06 	2.27873e-06 	0.000441937
33.0625 	5.1302e-06 	1.43488e-06 	0.000482924
33.125 	3.37143e-06 	-8.60452e-07 	0.000486868
33.1875 	4.75975e-06 	-7.68234e-07 	0.000422151
33.3125 	6.03986e-06 	1.99975e-06 	0.000444595
33.375 	6.03189e-06 	-1.69126e-06 	0.000428557
33.4375 	7.16765e-06 	5.68371e-07 	0.000455754
33.625 	5.58127e-06 	-2.18435e-06 	0.000445919
33.6875 	7.8957e-06 	1.8206e-06 	0.000430329
33.875 	7.21175e-06 	2.05778e-06 	0.000396233
33.9375 	3.5006e-06 	-5.42526e-07 	0.000435089
34.125 	6.38176e-06 	-2.54578e-06 	0.000442154
34.1875 	3.83567e-06 	9.38519e-07 	0.000470725
34.25 	3.53508e-06 	6.40883e-07 	0.00050227
34.3125 	7.69266e-06 	-2.79346e-06 	0.000490068
34.375 	3.12711e-06 	9.73683e-07 	0.000500998
34.5 	7.25523e-06 	3.46007e-06 	0.000505761
34.5625 	3.26937e-06 	-9.52345e-07 	0.000495098
34.625 	4.07924e-06 	6.19344e-07 	0.000500051
34.6875 	6.5961e-06 	-3.25356e-06 	0.000461603
34.875 	7.38998e-06 	3.54587e-06 	0.000443996
34.9375 	4.63728e-06 	5.78447e-07 	0.000422965
35.0625 	8.04598e-06 	9.54106e-07 	0.000393051
35.125 	4.65977e-06 	-8.46327e-07 	0.000382671
35.25 	7.34824e-06 	-2.22089e-06 	0.000423768
35.3125 	4.91844e-06 	-1.07649e-06 	0.000407065
35.375 	7.05412e-06 	1.65613e-06 	0.000392953
35.625 	6.23739e-06 	-1.48728e-06 	0.000408436
35.6875 	7.81077e-06 	1.35483e-06 	0.000392796
35.75 	3.44869e-06 	6.52117e-07 	0.000382618
35.8125 	5.3831e-06 	2.14618e-06 	0.000385179
35.875 	5.04147e-06 	2.05772e-06 	0.0004084
35.9375 	3.31672e-06 	-5.5215e-07 	0.000456378
36.0 	7.97657e-06 	-2.76289e-06 	0.000476556
36.125 	6.68488e-06 	-2.53422e-06 	0.000511992
36.25 	4.41758e-06 	-4.80029e-07 	0.000510519
36.4375 	5.3533e-06 	-8.46209e-07 	0.000484026
36.5 	6.55528e-06 	1.74373e-06 	0.000517553
36.8125 	5.76815e-06 	8.35985e-07 	0.000493718
36.875 	6.65271e-06 	1.12082e-06 	0.000468091
37.125 	6.63944e-06 	-1.42909e-06 	0.00051076
37.1875 	7.13644e-06 	3.03844e-06 	0.000499336
37.3125 	4.31645e-06 	-1.22715e-06 	0.00050313
37.4375 	7.2445e-06 	-1.8936e-06 	0.000461386
37.5 	7.76247e-06 	-3.62771e-06 	0.000485335
37.5625 	3.5402e-06 	-1.25674e-06 	0.000532924
37.75 	7.2308e-06 	-2.17474e-06 	0.000537241
37.9375 	5.70006e-06 	-1.65321e-06 	0.00056693
38.0 	6.05295e-06 	-1.75286e-06 	0.00056562
38.0625 	5.10105e-06 	8.40482e-07 	0.000613176
38.125 	2.62179e-06 	-2.6735e-07 	0.000609212
38.25 	7.2058e-06 	7.4958e-07 	0.000634296
38.3125 	6.96923e-06 	2.99841e-07 	0.000654041
38.4375 	7.09005e-06 	-1.47002e-06 	0.000649176
38.5625 	6.86588e-06 	-1.88865e-06 	0.000661758
38.6875 	7.40885e-06 	-5.60566e-07 	0.000675483
38.8125 	3.77948e-06 	-6.71731e-07 	0.000696292
38.875 	6.04705e-06 	1.58894e-06 	0.000703165
38.9375 	7.89217e-06 	-1.15795e-06 	0.00068678
39.0 	6.01151e-06 	8.50731e-07 	0.000654797
39.0625 	5.45284e-06 	1.26238e-06 	0.000643024
39.1875 	6.65478e-06 	9.39492e-07 	0.000572803
39.25 	7.03152e-06 	2.60197e-06 	0.000605339
39.3125 	8.02246e-06 	3.68375e-06 	0.000617358
39.5625 	5.32926e-06 	8.05496e-07 	0.000608054
39.625 	5.43873e-06 	2.70604e-06 	0.000563129
39.6875 	5.69139e-06 	-1.72917e-06 	0.000536893
39.75 	7.06532e-06 	-2.06955e-06 	0.000532751
39.875 	7.01015e-06 	8.06292e-07 	0.000512374
39.9375 	7.34774e-06 	-3.20792e-06 	0.000577709
40.0 	4.64363e-06 	7.83336e-07 	0.000598879
40.125 	6.60837e-06 	2.33475e-06 	0.000588113
40.25 	5.88875e-06 	-1.54395e-06 	0.000576028
40.3125 	6.33878e-06 	-2.64508e-06 	0.000560717
40.4375 	4.27005e-06 	1.41876e-06 	0.000589963
40.5 	4.98138e-06 	1.47003e-07 	0.000587699
40.5625 	5.17383e-06 	5.09433e-07 	0.000549601
40.625 	6.75305e-06 	-3.15676e-06 	0.000521857
40.8125 	6.49891e-06 	1.87098e-06 	0.000565908
40.9375 	4.26899e-06 	6.58977e-07 	0.000567454
41.125 	7.01086e-06 	-7.92908e-07 	0.0005177
41.1875 	5.62784e-06 	-9.1862e-07 	0.000533427
41.25 	3.2619e-06 	3.68673e-07 	0.000497909
41.3125 	6.78603e-06 	-4.14125e-07 	0.000473881
41.4375 	5.64271e-06 	1.5703e-06 	0.000485107
41.5 	5.02845e-06 	-1.5401e-06 	0.00049473
41.6875 	7.05141e-06 	-3.27071e-06 	0.000470484
41.8125 	6.77521e-06 	-2.54905e-06 	0.00050739
41.9375 	7.91576e-06 	-1.20342e-06 	0.000547813
42.0 	5.80755e-06 	-8.4793e-07 	0.000543798
42.25 	7.18797e-06 	1.67095e-06 	0.000572571
42.5 	7.79079e-06 	1.4315e-06 	0.000555329
42.6875 	4.93862e-06 	-1.23023e-06 	0.000552861
42.8125 	5.75241e-06 	1.82375e-06 	0.000565582
42.875 	7.11574e-06 	9.26947e-07 	0.000576064
42.9375 	7.06287e-06 	-3.0688e-06 	0.000567177
43.0 	6.31354e-06 	3.03054e-06 	0.000571316
43.0625 	5.62229e-06 	-1.82532e-06 	0.00057409
43.1875 	5.86137e-06 	2.79055e-06 	0.000579232
43.3125 	6.56054e-06 	-4.64416e-07 	0.000540172
43.375 	3.70067e-06 	-1.1511e-06 	0.000531958
43.6875 	3.26909e-06 	3.54019e-08 	0.000550886
43.9375 	8.07299e-06 	-2.20935e-06 	0.000600521
44.0 	3.60784e-06 	7.82471e-07 	0.000606705
44.125 	6.41078e-06 	-2.60845e-06 	0.00060981
44.1875 	5.79811e-06 	3.24322e-07 	0.000626469
44.25 	7.21554e-06 	-3.44878e-06 	0.00062366
44.3125 	6.77185e-06 	1.97845e-06 	0.000630799
44.4375 	7.0927e-06 	-1.41266e-06 	0.000650698
44.5625 	5.30773e-06 	-1.03126e-06 	0.000669798
44.6875 	2.6522e-06 	-8.18969e-07 	0.00066742
44.8125 	7.11993e-06 	-6.76655e-07 	0.00065054
44.875 	4.78086e-06 	-9.34656e-07 	0.000681725
44.9375 	8.25506e-06 	2.24828e-06 	0.000712605
45.0 	7.4685e-06 	-2.93987e-06 	0.000714354
45.1875 	5.79801e-06 	2.14108e-06 	0.00070927
45.3125 	6.70798e-06 	3.13188e-06 	0.000682573
45.5 	6.44959e-06 	2.41694e-06 	0.000622668
45.625 	5.74605e-06 	-2.02957e-07 	0.000625477
45.6875 	3.64052e-06 	-6.51878e-07 	0.000624284
45.75 	6.99378e-06 	4.25057e-07 	0.000658829
46.0 	6.86747e-06 	-7.24099e-07 	0.000646022
46.0625 	5.85217e-06 	-2.9427e-06 	0.00063242
46.3125 	5.36833e-06 	1.38851e-07 	0.000612548
46.5625 	5.10054e-06 	1.5459e-06 	0.000650809
46.625 	6.25515e-06 	1.54945e-06 	0.000661448
46.6875 	6.00593e-06 	1.4401e-06 	0.000696807
46.75 	4.27978e-06 	-1.28075e-08 	0.000644186
46.875 	7.64456e-06 	-3.27518e-06 	0.000635241
47.0 	7.68768e-06 	3.8659e-06 	0.000614635
47.0625 	5.5291e-06 	1.51643e-06 	0.000627981
47.125 	5.9954e-06 	-1.87809e-06 	0.000612553
47.1875 	7.94587e-06 	1.49375e-06 	0.000617068
47.25 	6.97269e-06 	2.29369e-06 	0.000610756
47.375 	7.61646e-06 	3.62862e-06 	0.000609047
47.5 	5.73668e-06 	2.67832e-07 	0.000671065
47.5625 	7.09782e-06 	-2.10186e-06 	0.000633528
47.625 	5.26179e-06 	2.20572e-06 	0.000631529
47.8125 	7.90227e-06 	3.81073e-06 	0.000553951
48.0625 	6.46937e-06 	-1.8409e-06 	0.000603219
48.1875 	5.42692e-06 	-5.56501e-07 	0.000609046
48.25 	7.9676e-06 	2.18541e-06 	0.000655171
48.3125 	4.58445e-06 	-1.41996e-06 	0.000636897
48.4375 	7.91986e-06 	2.02612e-06 	0.000657462
48.5625 	7.58526e-06 	-2.94859e-06 	0.000690999
48.75 	3.89199e-06 	9.3113e-07 	0.000738569
48.8125 	4.98026e-06 	-1.8749e-06 	0.000740395
48.9375 	7.19613e-06 	7.2994e-07 	0.000798095
49.0 	2.78526e-06 	8.5646e-07 	0.000785281
49.3125 	3.86648e-06 	-6.62665e-07 	0.000777715
49.375 	7.20744e-06 	1.81559e-06 	0.000779297
49.4375 	8.14148e-06 	3.1566e-06 	0.000759594
49.5625 	6.18542e-06 	7.30709e-07 	0.000785267
49.6875 	6.33017e-06 	-2.07528e-06 	0.000800312
49.75 	6.68665e-06 	-3.06277e-06 	0.000803714
50.0625 	5.77461e-06 	-2.29025e-06 	0.000818996
50.25 	6.69328e-06 	7.37281e-07 	0.000846745
50.3125 	5.99676e-06 	-7.15384e-07 	0.000842512
50.375 	3.95038e-06 	-1.2046e-06 	0.000904955
50.4375 	6.20876e-06 	-1.84291e-06 	0.000926457
50.5625 	4.54107e-06 	1.83648e-07 	0.00093368
50.625 	8.1007e-06 	-2.25107e-06 	0.00092407
50.75 	5.39703e-06 	2.03993e-06 	0.000888755
50.8125 	5.04192e-06 	1.1693e-06 	0.000915916
50.875 	8.01363e-06 	-5.83918e-07 	0.000897194
50.9375 	7.66568e-06 	-3.65819e-06 	0.000892029
51.0 	7.76391e-06 	1.89008e-06 	0.000921513
51.125 	6.58883e-06 	2.80112e-06 	0.000933369
51.1875 	7.9281e-06 	3.73036e-06 	0.000929253
51.25 	7.8054e-06 	-2.62472e-06 	0.000911048
51.375 	4.62687e-06 	7.26616e-07 	0.000924798
51.4375 	3.25778e-06 	-4.43273e-07 	0.000905614
51.5 	6.62599e-06 	-3.14655e-06 	0.000917688
51.625 	6.99843e-06 	3.36053e-06 	0.000927571
51.8125 	3.78826e-06 	-2.77694e-07 	0.000971106
52.0625 	3.12832e-06 	4.52987e-07 	0.0010056
52.1875 	3.8445e-06 	4.22527e-07 	0.00101511
52.3125 	7.75046e-06 	-2.59714e-06 	0.00102989
52.5 	4.84824e-06 	-1.01923e-06 	0.00100402
52.625 	5.60728e-06 	-6.02304e-07 	0.0010409
52.75 	5.80162e-06 	-7.93952e-07 	0.0010608
52.8125 	5.38568e-06 	-1.27266e-06 	0.00108392
52.9375 	5.01247e-06 	-1.49991e-07 	0.00104379
53.1875 	6.06139e-06 	7.09871e-07 	0.00097951
53.25 	6.54442e-06 	-2.92912e-06 	0.000987584
53.3125 	6.56207e-06 	-1.13472e-06 	0.000988566
53.5 	7.60162e-06 	2.39815e-06 	0.000994544
53.5625 	7.41931e-06 	-2.10941e-06 	0.00100387
53.625 	7.54954e-06 	9.17011e-07 	0.000998481
53.6875 	6.31646e-06 	1.19217e-06 	0.00102147
53.75 	6.13199e-06 	-2.92695e-06 	0.00103201
53.875 	4.11314e-06 	-1.09758e-06 	0.00101179
54.0 	7.61741e-06 	1.13784e-06 	0.00102008
54.0625 	4.88063e-06 	-9.43662e-07 	0.000966933
54.1875 	6.25778e-06 	-1.42757e-06 	0.000977832
54.25 	5.41853e-06 	-6.89912e-08 	0.00103846
54.3125 	7.6428e-06 	-3.60267e-06 	0.000965847
54.375 	5.11804e-06 	5.85725e-07 	0.000987991
54.4375 	6.28399e-06 	1.66242e-06 	0.000970399
54.6875 	5.63466e-06 	-2.21891e-06 	0.000962423
54.8125 	6.82619e-06 	-8.46083e-07 	0.0009248
54.875 	3.81472e-06 	4.53968e-07 	0.00100889
54.9375 	5.61116e-06 	3.42908e-07 	0.00097305
55.0 	2.18932e-06 	-2.86337e-07 	0.000957368
55.125 	6.35566e-06 	2.24024e-06 	0.000946931
55.3125 	7.10625e-06 	-3.34539e-06 	0.000957038
55.4375 	5.65748e-06 	-1.29066e-06 	0.00100247
55.5 	8.21017e-06 	1.94727e-06 	0.000987353
55.6875 	6.01791e-06 	-4.97186e-07 	0.00102381
55.75 	5.21608e-06 	-1.20073e-06 	0.00102538
55.875 	4.60549e-06 	5.77595e-07 	0.00102597
55.9375 	2.14519e-06 	2.45329e-07 	0.00102486
56.0 	3.90162e-06 	3.21499e-07 	0.00103118
56.0625 	3.78125e-06 	-1.06989e-06 	0.00103412
56.3125 	7.02757e-06 	1.16534e-06 	0.00105705
56.375 	6.69944e-06 	9.31703e-07 	0.00111343
56.4375 	3.88333e-06 	-7.84417e-07 	0.00110836
56.5625 	2.6583e-06 	-4.04937e-07 	0.00114126
56.6875 	7.20815e-06 	-1.2075e-06 	0.00112299
56.75 	8.11664e-06 	-3.87724e-06 	0.00112377
56.8125 	7.99496e-06 	7.17163e-07 	0.0011544
57.0 	6.31337e-06 	-1.97337e-06 	0.00116176
57.0625 	7.86296e-06 	-2.97812e-06 	0.00118241
57.1875 	8.00066e-06 	-1.47227e-06 	0.00122718
57.25 	3.3262e-06 	-7.82328e-07 	0.00126
57.3125 	6.88609e-06 	-3.24303e-06 	0.00128429
57.4375 	6.42956e-06 	1.78571e-06 	0.0012749
57.6875 	6.49892e-06 	2.95229e-06 	0.00134901
57.8125 	3.08895e-06 	6.52702e-07 	0.00133126
58.0 	5.16321e-06 	1.35262e-06 	0.0013545
58.125 	3.59391e-06 	-4.89885e-07 	0.00132849
58.1875 	7.69068e-06 	-1.62632e-07 	0.00134037
58.25 	5.22345e-06 	-1.95433e-06 	0.00132976
58.3125 	5.81594e-06 	5.43456e-07 	0.00133026
58.4375 	6.0915e-06 	5.87773e-07 	0.00129257
58.5625 	6.86773e-06 	1.66382e-06 	0.00130557
58.6875 	5.46511e-06 	3.60194e-07 	0.00134638
58.8125 	7.40591e-06 	1.54328e-06 	0.00133279
58.875 	4.72795e-06 	-1.18677e-06 	0.00128638
58.9375 	6.39948e-06 	-7.94435e-07 	0.00125231
59.0 	6.15596e-06 	-3.26521e-07 	0.00128214
59.125 	8.05007e-06 	1.59073e-06 	0.00130081
59.25 	3.15793e-06 	6.03588e-07 	0.00131137
59.3125 	3.67522e-06 	-1.11405e-06 	0.00128657
59.375 	7.97563e-06 	1.77603e-06 	0.00130679
59.5 	6.90195e-06 	-1.20992e-06 	0.00130429
59.6875 	3.48072e-06 	4.27704e-07 	0.00132044
59.8125 	7.30126e-06 	3.50801e-06 	0.0012907
59.875 	5.87325e-06 	2.07294e-06 	0.00133485
59.9375 	7.49208e-06 	2.95237e-06 	0.00135268
60.375 	6.12791e-06 	1.4375e-06 	0.00135668
60.4375 	5.2334e-06 	2.2914e-06 	0.00131791
60.5625 	7.6877e-06 	3.11261e-06 	0.00138455
60.625 	6.98575e-06 	-1.65557e-07 	0.00137953
60.875 	7.86207e-06 	-1.90885e-06 	0.00140752
61.0 	5.85267e-06 	-2.43174e-06 	0.00143873
61.125 	5.64392e-06 	1.2965e-06 	0.00147883
61.25 	6.0597e-06 	-5.2557e-07 	0.00146284
61.4375 	7.05084e-06 	-1.59858e-06 	0.00145081
61.5 	6.38649e-06 	-1.75149e-06 	0.00148085
61.625 	6.07731e-06 	1.89302e-06 	0.0014633
61.6875 	5.11816e-06 	-1.91853e-06 	0.00147189
61.8125 	7.48734e-06 	9.59816e-07 	0.0014361
61.9375 	6.33436e-06 	-4.55425e-07 	0.0014419
62.1875 	7.00666e-06 	8.1557e-07 	0.00145239
62.25 	4.30164e-06 	1.36701e-07 	0.00143928
62.375 	5.21916e-06 	1.07412e-06 	0.00145957
62.5 	5.92955e-06 	1.92254e-06 	0.00147453
62.5625 	7.21178e-06 	1.42858e-06 	0.0014817
62.875 	6.77874e-06 	-8.92485e-07 	0.00145358
62.9375 	7.801e-06 	-7.34068e-07 	0.00144944
63.0 	3.81638e-06 	-2.18317e-07 	0.00141538
63.25 	6.57205e-06 	-1.42423e-06 	0.00142504
63.4375 	6.18114e-06 	1.42464e-06 	0.0014263
63.5625 	2.85454e-06 	-5.12884e-07 	0.00144762
63.8125 	4.16587e-06 	-6.09564e-07 	0.0014552
63.9375 	7.99625e-06 	2.30498e-06 	0.00144535
64.0 	7.97333e-06 	3.73426e-06 	0.00146549
64.25 	5.87378e-06 	2.55351e-06 	0.0014939
64.4375 	5.75056e-06 	-5.72431e-07 	0.00152073
64.5625 	7.58641e-06 	2.49825e-06 	0.00152791
64.6875 	6.78408e-06 	6.46469e-07 	0.00151708
64.75 	5.90339e-06 	-2.65937e-06 	0.00148911
64.8125 	6.01023e-06 	-8.50705e-07 	0.00145296
64.875 	5.57925e-06 	-2.21137e-06 	0.00147278
64.9375 	7.39447e-06 	-2.87538e-06 	0.00146345
65.0 	5.92915e-06 	-2.03226e-06 	0.00146679
65.0625 	6.93925e-06 	5.98095e-07 	0.00150722
65.125 	2.80691e-06 	5.06382e-07 	0.00151839
65.625 	7.75293e-06 	3.22063e-06 	0.00155769
65.8125 	7.13269e-06 	-8.25348e-07 	0.00151067
65.9375 	7.69692e-06 	3.65322e-06 	0.0014987
66.0 	7.52832e-06 	8.81577e-07 	0.00153715
66.0625 	7.98957e-06 	-3.08432e-06 	0.001527
66.3125 	5.1853e-06 	-2.00389e-06 	0.00156269
66.5 	4.9731e-06 	1.81739e-06 	0.00155235
66.75 	6.9688e-06 	5.28106e-07 	0.00160244
66.8125 	7.13075e-06 	-3.40307e-06 	0.00156875
66.875 	7.19622e-06 	-5.02919e-07 	0.00156297
66.9375 	6.62075e-06 	-2.28947e-06 	0.00157142
67.25 	7.26833e-06 	3.39447e-06 	0.00165899
67.375 	3.53184e-06 	-3.3638e-07 	0.00168009
67.4375 	6.12249e-06 	-1.51415e-06 	0.00167584
67.5 	7.11627e-06 	-9.29236e-07 	0.00167848
67.8125 	7.63588e-06 	1.81032e-06 	0.00165962
67.875 	7.37166e-06 	1.63129e-06 	0.0016529
67.9375 	5.02441e-06 	-1.32863e-06 	0.00164889
68.0 	5.8875e-06 	-2.20458e-06 	0.00164452
68.125 	4.68646e-06 	-4.53746e-07 	0.00161856
68.1875 	6.31259e-06 	2.21055e-06 	0.00161407
68.3125 	3.92714e-06 	6.65908e-07 	0.00160777
68.375 	6.54314e-06 	3.1559e-06 	0.00159803
68.4375 	6.742e-06 	-1.64665e-06 	0.00157538
68.5625 	4.31989e-06 	-6.56495e-07 	0.00156503
68.6875 	3.08812e-06 	-7.67243e-07 	0.00157342
68.75 	7.77847e-06 	1.20318e-06 	0.00153671
68.8125 	5.30853e-06 	-1.5861e-06 	0.00155715
68.9375 	5.86736e-06 	1.49351e-06 	0.00155681
69.125 	7.19577e-06 	-2.23656e-06 	0.00153423
69.1875 	5.95896e-06 	1.39919e-06 	0.0015151
69.25 	7.07203e-06 	-1.47524e-06 	0.00151304
69.3125 	7.67186e-06 	-3.22431e-07 	0.00151972
69.4375 	6.74455e-06 	-3.03378e-06 	0.00152262
69.5 	3.13889e-06 	-3.29882e-07 	0.00150874
69.75 	6.38091e-06 	1.38047e-06 	0.00152004
69.8125 	8.04399e-06 	-9.44142e-07 	0.00151206
69.875 	2.64943e-06 	6.39374e-07 	0.0015448
69.9375 	8.04892e-06 	7.53106e-07 	0.00151484
