# time 	Local 	Global 	Cumulative
0.333274 	4.37874e-06 	-1.38415e-06 	4.89447e-06
0.579973 	6.02241e-06 	1.96112e-06 	1.64938e-05
0.642226 	7.20537e-06 	-2.96555e-06 	1.22097e-05
0.70448 	6.0845e-06 	3.13374e-06 	1.88259e-05
0.766734 	5.54583e-06 	-1.20804e-06 	2.91955e-05
0.828988 	7.96786e-06 	2.82152e-06 	4.3149e-07
1.01575 	5.67155e-06 	1.63381e-06 	-6.59192e-06
1.078 	4.26502e-06 	-9.36399e-07 	-1.93455e-05
1.20251 	5.48075e-06 	1.22608e-06 	-1.85919e-05
1.26477 	7.28082e-06 	2.48493e-06 	-8.37923e-06
1.38927 	7.84416e-06 	-1.24477e-06 	-1.39358e-05
1.45153 	6.81034e-06 	-1.86816e-06 	-2.49269e-05
1.51378 	5.28914e-06 	-1.57022e-06 	-4.61285e-05
1.57604 	6.11266e-06 	2.28023e-06 	-2.94472e-05
1.7628 	3.4872e-06 	3.20731e-07 	2.82778e-05
1.8873 	3.7898e-06 	8.14887e-07 	5.80321e-05
1.94956 	4.17787e-06 	-8.66021e-07 	7.21106e-05
2.07407 	7.24503e-06 	7.48484e-07 	9.37407e-05
2.19857 	5.96421e-06 	-1.78049e-06 	7.91823e-05
2.26083 	8.04402e-06 	2.91584e-06 	6.2398e-05
2.32308 	5.77978e-06 	-1.63594e-07 	7.03352e-05
2.38534 	8.16104e-06 	3.01201e-06 	9.87297e-05
2.44759 	6.43056e-06 	1.7859e-06 	0.000156771
2.63435 	4.72535e-06 	1.29459e-06 	0.000171801
2.69661 	7.48719e-06 	5.29379e-07 	0.000211302
2.88337 	4.81353e-06 	1.47138e-06 	0.000228971
2.94562 	5.14823e-06 	-1.3026e-06 	0.000253514
3.07013 	7.61763e-06 	-2.72167e-06 	0.000221747
3.13238 	5.60571e-06 	-1.73641e-06 	0.000234753
3.19464 	6.81247e-06 	8.69918e-07 	0.000240011
3.25689 	4.89043e-06 	1.46633e-06 	0.00026308
3.31914 	5.98206e-06 	-8.18635e-07 	0.000256954
3.3814 	7.95237e-06 	-1.02651e-06 	0.000243199
3.44365 	4.71472e-06 	1.20971e-06 	0.000255797
3.50591 	6.07298e-06 	2.22662e-06 	0.000249849
3.56816 	6.18109e-06 	8.71431e-07 	0.00025086
3.69267 	8.05959e-06 	2.35595e-06 	0.000248314
3.75492 	6.21099e-06 	1.91524e-06 	0.000246759
3.81718 	8.34376e-06 	2.85261e-06 	0.00024032
3.87943 	6.39129e-06 	1.03259e-06 	0.000225859
4.00394 	3.44558e-06 	6.90601e-07 	0.000202267
4.06619 	8.06939e-06 	-2.10791e-06 	0.000208498
4.12845 	4.9822e-06 	-1.2816e-06 	0.000242923
4.1907 	6.82938e-06 	-2.4753e-06 	0.000255771
4.25295 	5.70938e-06 	-2.00769e-06 	0.000237035
4.31521 	6.34191e-06 	-3.05689e-06 	0.00021341
4.37746 	7.21434e-06 	2.4453e-06 	0.000238762
4.50197 	5.7267e-06 	-2.85725e-06 	0.000250043
4.56422 	4.19214e-06 	-5.46878e-07 	0.000233522
4.62648 	7.36842e-06 	-1.34577e-06 	0.000239139
4.68873 	4.42555e-06 	-1.42952e-06 	0.000202524
4.75098 	4.441e-06 	1.88391e-06 	0.000184178
4.81324 	7.28692e-06 	2.3305e-06 	0.000182336
4.87549 	5.31668e-06 	1.37543e-06 	0.000195676
4.93775 	5.2224e-06 	-2.38371e-06 	0.00019507
5.0 	4.3797e-06 	-1.13897e-06 	0.000231146
5.0625 	8.07215e-06 	2.74144e-06 	0.000237607
5.125 	5.23904e-06 	5.5108e-07 	0.000214824
5.25 	5.69359e-06 	1.68684e-06 	0.000235612
5.3125 	3.32916e-06 	2.62834e-07 	0.000246193
5.375 	7.2225e-06 	-2.64121e-06 	0.000258005
5.5 	4.97727e-06 	-1.46467e-06 	0.000241049
5.5625 	4.29307e-06 	1.0044e-06 	0.000270643
5.625 	5.14458e-06 	1.63963e-06 	0.000318668
5.6875 	4.67838e-06 	1.19648e-06 	0.000310116
5.75 	7.51361e-06 	2.2774e-06 	0.000294289
5.8125 	8.07165e-06 	2.79037e-06 	0.000266265
5.875 	7.3834e-06 	-2.81684e-06 	0.000290362
5.9375 	4.31909e-06 	6.05083e-07 	0.000299836
6.0 	3.67383e-06 	-8.33277e-07 	0.000300404
6.125 	4.96125e-06 	1.66982e-06 	0.000355155
6.1875 	5.06679e-06 	-1.21765e-06 	0.00035556
6.25 	5.11554e-06 	-1.5566e-06 	0.000376652
6.4375 	7.49684e-06 	-2.76176e-06 	0.000386645
6.6875 	5.37104e-06 	2.27827e-06 	0.000364254
6.75 	5.79654e-06 	1.96467e-06 	0.000352138
6.8125 	6.41654e-06 	-1.81329e-06 	0.000336663
6.9375 	5.11084e-06 	1.48114e-06 	0.000300697
7.0 	4.48769e-06 	-1.8941e-06 	0.000297929
7.0625 	7.84679e-06 	-4.78902e-07 	0.000287352
7.125 	4.93696e-06 	-1.7013e-06 	0.000287252
7.1875 	4.92722e-06 	-1.05332e-06 	0.000295269
7.25 	5.49295e-06 	1.61425e-06 	0.000309791
7.4375 	7.48146e-06 	2.11446e-06 	0.000282285
7.5625 	5.80975e-06 	9.11365e-07 	0.000310486
7.625 	3.52189e-06 	1.30922e-06 	0.000332227
7.6875 	3.10775e-06 	1.79881e-07 	0.000357058
7.8125 	5.71206e-06 	2.04915e-06 	0.000375353
7.9375 	6.35874e-06 	-2.81205e-06 	0.000372424
8.0 	4.44773e-06 	-1.38205e-06 	0.000391877
8.0625 	5.14865e-06 	-1.04995e-06 	0.000345035
8.125 	4.02032e-06 	6.69102e-07 	0.000369003
8.25 	8.08339e-06 	3.05232e-06 	0.000355409
8.3125 	5.1818e-06 	1.67364e-06 	0.000333197
8.375 	8.06892e-06 	-1.61916e-06 	0.000334505
8.4375 	3.85339e-06 	-9.98749e-07 	0.000328622
8.5 	5.90511e-06 	1.82681e-06 	0.000302763
8.5625 	7.05713e-06 	-1.55714e-06 	0.000271226
8.8125 	4.33165e-06 	9.28689e-07 	0.000232565
8.9375 	5.37024e-06 	-1.88309e-06 	0.000202189
9.0 	5.03422e-06 	1.55449e-06 	0.000244895
9.0625 	4.42795e-06 	1.44708e-06 	0.000213653
9.125 	5.64701e-06 	-6.79485e-07 	0.000228355
9.1875 	6.72701e-06 	2.27092e-06 	0.000229256
9.25 	6.80921e-06 	3.39146e-06 	0.000258998
9.3125 	4.68514e-06 	-1.31694e-06 	0.000245914
9.375 	5.82426e-06 	2.93607e-06 	0.000253728
9.4375 	5.88677e-06 	-2.27737e-06 	0.000198041
9.5625 	4.54911e-06 	1.4355e-06 	0.000170743
9.625 	7.64225e-06 	8.73439e-07 	0.000179099
9.6875 	5.46994e-06 	1.454e-06 	0.000186816
9.8125 	7.80123e-06 	1.06272e-06 	0.000211464
9.875 	5.3497e-06 	2.08185e-06 	0.000217243
9.9375 	3.70138e-06 	-5.79642e-07 	0.000247697
10.0 	5.70534e-06 	-1.82068e-06 	0.00023069
10.0625 	5.35411e-06 	-1.98854e-06 	0.000212666
10.1875 	7.78219e-06 	2.29505e-06 	0.00020004
10.3125 	8.19068e-06 	-1.56715e-06 	0.000212068
10.375 	7.70772e-06 	-2.46562e-06 	0.0002071
10.625 	6.11352e-06 	9.90122e-07 	0.000228156
10.6875 	5.44155e-06 	-1.41769e-06 	0.000199174
10.75 	4.94829e-06 	1.20535e-06 	0.00018791
10.8125 	4.12248e-06 	1.17566e-06 	0.000192692
10.875 	5.92685e-06 	-1.95789e-06 	0.00019026
11.0 	6.51906e-06 	1.78674e-06 	0.00023262
11.0625 	4.84267e-06 	9.03552e-07 	0.00024493
11.1875 	6.49747e-06 	7.88175e-07 	0.000230984
11.375 	6.80983e-06 	-3.00753e-06 	0.000276459
11.4375 	7.6222e-06 	2.00289e-06 	0.000261872
11.5625 	6.41883e-06 	8.98828e-07 	0.000277816
11.625 	4.62939e-06 	1.40167e-06 	0.00027705
11.6875 	4.57602e-06 	-1.34988e-06 	0.00026821
11.75 	4.75074e-06 	-7.84083e-07 	0.000266334
11.8125 	4.47247e-06 	-1.18215e-06 	0.000282401
11.875 	7.32073e-06 	2.91591e-06 	0.000286423
11.9375 	5.7015e-06 	-2.48259e-06 	0.000286283
12.0 	5.47472e-06 	-2.1413e-06 	0.000294066
12.0625 	7.83446e-06 	-2.02094e-06 	0.000247467
12.125 	7.48318e-06 	2.36471e-06 	0.000215191
12.1875 	5.7401e-06 	-2.81347e-06 	0.000221927
12.25 	6.24009e-06 	-2.29964e-06 	0.000238329
12.3125 	6.09611e-06 	1.85128e-06 	0.000231987
12.375 	5.67434e-06 	-2.86169e-06 	0.000242821
12.5625 	5.52464e-06 	-2.42779e-06 	0.000212586
12.625 	6.70349e-06 	1.5601e-06 	0.000223642
12.6875 	4.66226e-06 	1.43268e-06 	0.000228265
12.75 	6.66187e-06 	1.6502e-06 	0.000245243
12.8125 	4.18066e-06 	-1.86696e-06 	0.000229602
12.875 	5.45333e-06 	-1.77542e-06 	0.000219838
13.0 	5.12187e-06 	2.38515e-06 	0.000190676
13.0625 	4.64381e-06 	-1.28051e-06 	0.000164475
13.125 	3.93537e-06 	5.65416e-07 	0.000192532
13.1875 	4.56984e-06 	-5.98801e-07 	0.00016144
13.25 	5.357e-06 	-2.09096e-06 	0.000144756
13.375 	4.00414e-06 	9.87359e-07 	0.000174475
13.4375 	6.99703e-06 	-1.90625e-06 	0.000153303
13.5 	5.22529e-06 	-1.64981e-06 	0.000167103
13.5625 	7.12191e-06 	2.9379e-06 	0.000183396
13.625 	7.88396e-06 	-2.86867e-06 	0.000200529
13.6875 	4.65061e-06 	1.41904e-06 	0.000229621
14.0 	7.62745e-06 	2.74302e-06 	0.000256254
14.0625 	7.99473e-06 	2.74286e-06 	0.000264662
14.125 	5.08715e-06 	1.29343e-06 	0.000253306
14.1875 	6.47737e-06 	1.737e-06 	0.000293938
14.3125 	4.90002e-06 	-1.27658e-06 	0.000305059
14.375 	7.83971e-06 	-3.16689e-06 	0.000283189
14.4375 	5.98497e-06 	-1.69187e-06 	0.00028448
14.5 	5.646e-06 	1.78252e-06 	0.000238414
14.625 	4.28593e-06 	-1.50135e-06 	0.000251397
14.6875 	5.68114e-06 	-1.7812e-06 	0.000217485
14.75 	6.40752e-06 	-3.07534e-06 	0.000204281
14.8125 	6.96178e-06 	-2.65938e-06 	0.000208725
14.9375 	4.54362e-06 	1.07229e-06 	0.00020398
15.0 	4.87611e-06 	-1.88832e-06 	0.000204258
15.1875 	4.5371e-06 	1.51898e-06 	0.00021171
15.25 	3.53143e-06 	3.90549e-07 	0.000186739
15.3125 	6.27758e-06 	-4.02718e-07 	0.000187678
15.375 	5.58794e-06 	-2.74521e-06 	0.000151616
15.4375 	4.11793e-06 	6.68551e-07 	0.00014957
15.5 	7.59017e-06 	3.26074e-06 	0.000145156
15.5625 	3.32583e-06 	4.96946e-07 	0.000128706
15.75 	5.94991e-06 	2.67113e-06 	0.000152979
15.8125 	4.71201e-06 	-1.26485e-06 	0.000206812
15.875 	5.77295e-06 	2.77708e-06 	0.000222528
15.9375 	7.17907e-06 	2.81321e-06 	0.000223863
16.0 	5.36306e-06 	2.28713e-06 	0.000243082
16.0625 	3.40497e-06 	-2.41314e-07 	0.000287249
16.125 	5.04148e-06 	1.8107e-06 	0.000328636
16.1875 	8.11367e-06 	3.09026e-06 	0.000320845
16.25 	5.51101e-06 	-1.71881e-06 	0.000280214
16.3125 	4.49136e-06 	-1.14818e-06 	0.000256002
16.375 	7.79504e-06 	-2.94525e-06 	0.000269626
16.4375 	7.35408e-06 	-1.72061e-06 	0.000283227
16.5 	4.45321e-06 	-8.78265e-07 	0.000272125
16.625 	3.3469e-06 	-3.59849e-07 	0.000238655
16.6875 	4.28088e-06 	1.02994e-06 	0.000243288
16.75 	3.98172e-06 	6.68658e-07 	0.000239324
16.8125 	7.69953e-06 	2.57182e-06 	0.000249168
16.875 	5.76823e-06 	2.79277e-06 	0.000264002
16.9375 	4.43006e-06 	-7.10227e-07 	0.000284496
17.25 	4.84696e-06 	2.44695e-06 	0.000325308
17.3125 	8.09904e-06 	-2.75171e-06 	0.000302894
17.375 	5.15296e-06 	-1.53585e-06 	0.00032588
17.4375 	5.08372e-06 	-1.53836e-06 	0.000319138
17.5 	4.94304e-06 	1.81071e-06 	0.000302389
17.5625 	4.56642e-06 	8.92585e-07 	0.000285388
17.625 	4.34983e-06 	1.35335e-06 	0.000300467
17.6875 	3.23938e-06 	5.81282e-07 	0.000338534
17.75 	7.05228e-06 	1.70343e-06 	0.000329983
17.8125 	5.45969e-06 	-1.74721e-06 	0.00032694
18.0 	3.42379e-06 	-7.65299e-07 	0.00035549
18.0625 	4.18479e-06 	-7.34556e-07 	0.000366158
18.125 	5.19054e-06 	-1.66072e-06 	0.000351664
18.1875 	5.275e-06 	-2.00999e-06 	0.000351207
18.25 	4.94521e-06 	-1.46435e-06 	0.000314248
18.3125 	5.08272e-06 	-6.75879e-08 	0.000323645
18.375 	7.76761e-06 	1.52943e-06 	0.00031069
18.4375 	4.42801e-06 	9.01724e-07 	0.000326599
18.5 	5.71625e-06 	1.62906e-06 	0.000324477
18.5625 	4.34722e-06 	1.17593e-06 	0.000335963
18.625 	5.488e-06 	-1.63848e-06 	0.000318574
18.75 	7.00428e-06 	-2.77371e-06 	0.000352262
18.8125 	5.78051e-06 	1.02209e-06 	0.000361758
18.875 	8.03968e-06 	2.81815e-06 	0.000383656
18.9375 	4.75318e-06 	-1.63114e-06 	0.000373843
19.125 	4.62764e-06 	1.20595e-06 	0.000372757
19.25 	7.15045e-06 	-2.41107e-06 	0.000353488
19.375 	4.69099e-06 	1.79785e-06 	0.000390997
19.4375 	7.64179e-06 	-1.8576e-06 	0.000409292
19.5 	7.05654e-06 	2.30596e-06 	0.000396701
19.625 	5.02674e-06 	-1.24277e-06 	0.000416147
19.6875 	8.07483e-06 	2.56586e-06 	0.000394891
19.75 	7.39495e-06 	1.57205e-06 	0.00042655
19.9375 	3.25469e-06 	-3.13144e-07 	0.000371306
20.0 	4.34941e-06 	8.38222e-07 	0.000377084
20.0625 	4.18538e-06 	-7.37714e-07 	0.000401424
20.125 	7.30366e-06 	3.21553e-06 	0.000402276
20.1875 	8.02933e-06 	2.99986e-06 	0.000405927
20.25 	6.47149e-06 	-2.2258e-06 	0.000404073
20.3125 	4.33398e-06 	-1.08818e-06 	0.000386763
20.375 	5.96625e-06 	-1.75298e-06 	0.000394598
20.4375 	4.37738e-06 	-1.16305e-06 	0.000435676
20.5 	4.20776e-06 	1.33585e-06 	0.000463891
20.5625 	7.81981e-06 	-1.19964e-06 	0.000445009
20.625 	5.40755e-06 	-1.80492e-06 	0.000418854
20.6875 	7.82855e-06 	2.06832e-06 	0.000413949
20.75 	5.6196e-06 	2.72594e-06 	0.000368538
20.8125 	5.10731e-06 	1.28208e-06 	0.0003605
20.875 	5.21557e-06 	4.43249e-07 	0.000364244
21.0 	5.72856e-06 	1.86295e-06 	0.00039177
21.0625 	7.08911e-06 	-2.37746e-06 	0.000372201
21.1875 	4.78189e-06 	-1.69014e-06 	0.000342361
21.3125 	6.99779e-06 	2.90467e-06 	0.000280043
21.375 	7.24435e-06 	2.51681e-06 	0.000292743
21.4375 	7.94474e-06 	1.66922e-06 	0.000282146
21.5625 	4.37605e-06 	1.23718e-06 	0.000277375
21.625 	7.01538e-06 	6.54414e-07 	0.000268187
21.6875 	4.80698e-06 	1.13307e-06 	0.00025471
21.75 	6.21948e-06 	-1.46343e-06 	0.00024943
21.8125 	4.92714e-06 	-1.59574e-06 	0.000234897
21.875 	5.25652e-06 	-1.84569e-06 	0.000173525
21.9375 	6.60584e-06 	-1.84733e-06 	0.000167841
22.0 	5.64872e-06 	-2.76882e-06 	0.00015974
22.125 	8.07297e-06 	1.12765e-06 	0.000164212
22.1875 	5.1181e-06 	1.54192e-06 	0.000144777
22.25 	7.56889e-06 	-2.99896e-06 	0.000160505
22.3125 	6.08348e-06 	2.24011e-06 	0.000184951
22.375 	5.22849e-06 	-1.7714e-06 	0.00017651
22.625 	7.16572e-06 	-1.86879e-06 	0.000196625
22.75 	7.23769e-06 	-3.41699e-06 	0.000175896
22.8125 	7.30051e-06 	6.82202e-07 	0.000185121
22.9375 	7.16383e-06 	1.79535e-06 	0.000170848
23.0 	3.01548e-06 	9.61407e-07 	0.000144801
23.0625 	6.08284e-06 	7.86177e-07 	0.000141288
23.125 	7.01422e-06 	-1.90389e-06 	0.000144039
23.1875 	7.54731e-06 	-1.05604e-06 	0.000136785
23.3125 	8.07318e-06 	3.01988e-06 	0.00017038
23.375 	4.15966e-06 	-5.10406e-07 	0.000184936
23.4375 	7.10528e-06 	-1.78074e-06 	0.000206779
23.5625 	6.96794e-06 	4.54585e-07 	0.00021203
23.6875 	4.65039e-06 	-1.65944e-06 	0.000226934
23.75 	3.22049e-06 	-1.37277e-06 	0.000218936
23.8125 	4.96065e-06 	-1.6552e-06 	0.000219748
23.875 	5.68119e-06 	-1.96598e-06 	0.000152649
23.9375 	5.45878e-06 	-1.76018e-06 	0.000136336
24.0 	6.42455e-06 	1.049e-06 	0.000155666
24.0625 	3.09217e-06 	3.09727e-07 	0.00019175
24.125 	8.05994e-06 	2.55267e-06 	0.000205835
24.1875 	2.2251e-06 	-6.25486e-07 	0.00022667
24.3125 	6.4854e-06 	-1.03486e-06 	0.000232042
24.375 	7.95942e-06 	1.28303e-06 	0.000252846
24.4375 	7.0539e-06 	2.52182e-06 	0.000268637
24.5 	6.8854e-06 	-2.42012e-06 	0.000267177
24.5625 	7.65646e-06 	-2.73016e-06 	0.000249744
24.625 	3.85325e-06 	-1.08087e-06 	0.000225379
24.6875 	6.70162e-06 	2.3965e-06 	0.000233599
24.75 	2.72076e-06 	2.36228e-07 	0.000235596
24.8125 	8.01129e-06 	-2.78796e-06 	0.000217387
25.0 	6.71062e-06 	2.58028e-06 	0.000250251
25.0625 	4.52792e-06 	-6.23476e-07 	0.00025333
25.125 	6.43692e-06 	2.95937e-06 	0.000311971
25.25 	6.94754e-06 	1.2621e-06 	0.000275896
25.3125 	8.09906e-06 	-1.75692e-06 	0.00026201
25.5 	7.35697e-06 	-1.9864e-06 	0.000320885
25.625 	5.09704e-06 	-1.96827e-06 	0.000346814
25.6875 	4.27053e-06 	1.18683e-06 	0.000359631
25.75 	4.23115e-06 	-1.01411e-06 	0.000379997
25.8125 	4.77079e-06 	1.30416e-06 	0.000414032
25.875 	5.7929e-06 	1.50985e-06 	0.000413454
25.9375 	8.08084e-06 	-2.80689e-06 	0.000410962
26.0 	6.3369e-06 	2.9344e-06 	0.000426213
26.0625 	7.85916e-06 	-3.09999e-06 	0.000396552
26.125 	6.0603e-06 	-2.08014e-06 	0.000393995
26.25 	3.72809e-06 	8.9601e-07 	0.000397954
26.3125 	5.70789e-06 	-2.81713e-06 	0.000345726
26.375 	5.82981e-06 	2.83323e-06 	0.000368419
26.4375 	6.84965e-06 	2.40578e-06 	0.000365728
26.5 	4.44129e-06 	1.23595e-06 	0.000381711
26.5625 	4.07903e-06 	-5.58809e-07 	0.000345913
26.625 	7.60254e-06 	1.02415e-06 	0.000348196
26.6875 	4.59667e-06 	1.34713e-06 	0.000304949
26.875 	7.21212e-06 	-2.60625e-06 	0.000310765
26.9375 	5.00192e-06 	1.74584e-06 	0.000359167
27.0 	8.153e-06 	3.54604e-06 	0.00038225
27.25 	5.52993e-06 	-1.83167e-06 	0.000392635
27.3125 	6.08423e-06 	2.14383e-06 	0.000409278
27.375 	6.1073e-06 	2.66691e-06 	0.000385971
27.5 	7.19637e-06 	3.55084e-06 	0.000402421
27.5625 	4.12787e-06 	-1.69418e-06 	0.000364728
27.625 	5.74018e-06 	2.68647e-06 	0.000371277
27.6875 	7.41133e-06 	2.13997e-06 	0.000334999
27.75 	5.14461e-06 	1.23041e-06 	0.000343294
27.8125 	5.58015e-06 	-1.65233e-06 	0.000352054
27.875 	6.48352e-06 	2.24028e-06 	0.000380235
28.0 	6.87171e-06 	2.34015e-06 	0.000382471
28.0625 	5.66417e-06 	9.78495e-08 	0.000344431
28.125 	6.95028e-06 	2.42077e-06 	0.000366476
28.3125 	6.20865e-06 	-1.46065e-06 	0.00037027
28.375 	5.45472e-06 	-1.33344e-06 	0.000327378
28.4375 	5.76104e-06 	1.72813e-06 	0.000353547
28.5 	7.3348e-06 	-1.8438e-06 	0.000343079
28.625 	4.50417e-06 	1.39025e-06 	0.000307822
28.6875 	6.19219e-06 	2.96838e-06 	0.000333176
28.8125 	7.83857e-06 	-2.71102e-06 	0.000341493
28.875 	5.33862e-06 	-1.6679e-06 	0.000341429
28.9375 	3.29955e-06 	-3.35458e-07 	0.000370267
29.0 	5.245e-06 	-2.24153e-06 	0.000376401
29.0625 	6.53414e-06 	-2.2489e-06 	0.000355286
29.125 	4.91258e-06 	-1.45177e-06 	0.000378068
29.1875 	5.47624e-06 	-1.47804e-06 	0.000343728
29.25 	5.24937e-06 	1.61127e-06 	0.000313759
29.375 	6.46986e-06 	-2.96253e-06 	0.000301668
29.4375 	8.03997e-06 	1.7112e-06 	0.000316257
29.5 	7.10373e-06 	1.57148e-06 	0.000296977
29.5625 	7.22354e-06 	3.47392e-06 	0.000282007
29.625 	5.56207e-06 	1.78044e-06 	0.000274408
29.6875 	6.95972e-06 	-2.61065e-06 	0.000257496
29.75 	8.11334e-06 	2.73301e-06 	0.000244022
29.875 	6.82308e-06 	-9.74419e-07 	0.000222774
29.9375 	7.31432e-06 	-2.09553e-06 	0.000226782
30.0 	7.55537e-06 	6.23589e-07 	0.000259219
30.125 	7.92004e-06 	-1.95543e-06 	0.000267011
30.1875 	4.21107e-06 	7.54766e-07 	0.00027102
30.25 	6.86079e-06 	2.28305e-06 	0.000283016
30.3125 	6.35264e-06 	2.82104e-06 	0.000297059
30.375 	4.44952e-06 	1.27471e-06 	0.000299065
30.4375 	6.59099e-06 	2.4848e-06 	0.000274887
30.5 	6.88822e-06 	-2.50869e-06 	0.000292527
30.5625 	7.32071e-06 	1.23983e-06 	0.000295688
30.6875 	5.48767e-06 	-1.49149e-06 	0.000253487
30.75 	7.85292e-06 	-2.0235e-06 	0.000248082
30.8125 	3.8559e-06 	-8.07693e-07 	0.000242273
30.9375 	4.81795e-06 	1.5704e-06 	0.000265793
31.0 	5.62979e-06 	2.77687e-07 	0.000247158
31.125 	7.10119e-06 	-9.53345e-07 	0.00023291
31.1875 	4.7425e-06 	1.17152e-06 	0.000248799
31.25 	7.17178e-06 	1.77908e-06 	0.00027019
31.3125 	6.1797e-06 	-2.93469e-06 	0.0002801
31.375 	5.69227e-06 	6.62969e-07 	0.000259048
31.5 	5.35554e-06 	-1.51253e-06 	0.000269994
31.5625 	2.87686e-06 	5.31195e-07 	0.000272998
31.625 	7.50802e-06 	-2.52085e-06 	0.000259007
31.6875 	6.90738e-06 	-1.40623e-06 	0.00027104
31.75 	5.53438e-06 	1.33922e-06 	0.000280354
31.8125 	6.84585e-06 	1.62871e-06 	0.000304831
31.875 	4.68246e-06 	1.35569e-06 	0.000313056
31.9375 	5.31898e-06 	5.08613e-07 	0.000332019
32.0 	7.31597e-06 	1.34969e-06 	0.000340706
32.125 	6.89621e-06 	3.32943e-06 	0.000398122
32.1875 	3.35219e-06 	-3.00075e-07 	0.000386239
32.25 	4.18604e-06 	-7.9031e-07 	0.000377449
32.3125 	6.86366e-06 	-3.16753e-06 	0.000378478
32.4375 	7.86823e-06 	3.19654e-06 	0.00033292
32.5 	7.82072e-06 	2.18582e-06 	0.000322833
32.625 	5.59322e-06 	2.67536e-06 	0.000333066
32.6875 	5.53156e-06 	2.19447e-06 	0.00036037
32.75 	5.36122e-06 	-1.7222e-06 	0.000365765
32.8125 	6.16573e-06 	2.22551e-06 	0.000395379
32.875 	4.62669e-06 	1.51097e-06 	0.000431653
32.9375 	7.49838e-06 	-2.45651e-06 	0.000435327
33.0 	5.35285e-06 	2.02902e-06 	0.000435267
33.0625 	5.24282e-06 	1.50884e-06 	0.000450324
33.125 	4.5417e-06 	1.18966e-06 	0.00050174
33.1875 	4.31501e-06 	1.3645e-06 	0.000441688
33.25 	4.78285e-06 	1.06073e-06 	0.00043679
33.3125 	5.51532e-06 	1.57961e-06 	0.000447152
33.375 	5.4632e-06 	1.72789e-06 	0.000424474
33.4375 	7.06502e-06 	3.61025e-06 	0.00043638
33.625 	7.70915e-06 	3.03474e-06 	0.000469616
33.6875 	4.77095e-06 	-3.32052e-08 	0.000430837
33.75 	4.76157e-06 	-1.54367e-06 	0.000429973
33.875 	5.20845e-06 	1.39707e-06 	0.00041381
33.9375 	6.54423e-06 	2.04386e-06 	0.000426402
34.0625 	6.66933e-06 	1.96318e-06 	0.000447538
34.125 	6.66821e-06 	2.21758e-06 	0.00045598
34.1875 	5.48795e-06 	-1.78699e-06 	0.00045138
34.25 	8.09131e-06 	3.32972e-06 	0.000488956
34.3125 	6.65902e-06 	1.72943e-06 	0.00050198
34.375 	4.16191e-06 	-1.33641e-06 	0.000501092
34.4375 	6.57291e-06 	2.04316e-06 	0.000510486
34.5 	6.16419e-06 	2.35397e-06 	0.000515933
34.5625 	5.14985e-06 	-1.24497e-06 	0.000511151
34.625 	3.77076e-06 	-5.06131e-07 	0.000498962
34.6875 	3.41867e-06 	1.1231e-06 	0.000459839
34.75 	4.62588e-06 	9.27393e-07 	0.000444599
34.875 	4.04133e-06 	9.59031e-07 	0.000439834
34.9375 	4.07199e-06 	9.21627e-07 	0.000414055
35.0625 	5.1491e-06 	-1.44233e-06 	0.000402296
35.125 	6.21235e-06 	-1.32198e-06 	0.000375899
35.25 	6.21947e-06 	2.32529e-06 	0.000395241
35.3125 	6.73888e-06 	1.52944e-06 	0.000422571
35.375 	4.25745e-06 	1.05955e-06 	0.000392294
35.5625 	5.12033e-06 	1.55069e-06 	0.000399451
35.625 	5.08977e-06 	1.22439e-06 	0.000403587
35.6875 	7.36885e-06 	2.85302e-06 	0.000378967
35.75 	4.7225e-06 	-1.37925e-06 	0.000389715
35.8125 	4.5447e-06 	-1.1924e-06 	0.000365381
35.875 	5.08433e-06 	-1.53982e-06 	0.000399369
35.9375 	3.90919e-06 	3.97945e-07 	0.00046176
36.0 	8.3852e-06 	3.3446e-06 	0.000469751
36.125 	5.63543e-06 	2.71313e-06 	0.000505017
36.25 	8.10391e-06 	2.5665e-06 	0.000513873
36.4375 	5.57878e-06 	2.41171e-06 	0.000515797
36.5 	4.39757e-06 	1.45964e-06 	0.000504453
36.5625 	8.0305e-06 	-2.51005e-06 	0.00047402
36.625 	7.97792e-06 	-1.36768e-06 	0.00047864
36.6875 	4.51253e-06 	9.73459e-07 	0.000466657
36.8125 	4.03825e-06 	-5.8791e-07 	0.00046905
36.875 	5.95821e-06 	2.8549e-06 	0.000482325
36.9375 	5.02065e-06 	-1.18263e-06 	0.000472761
37.0625 	5.33157e-06 	2.10561e-06 	0.000489101
37.125 	5.25605e-06 	-1.7207e-06 	0.000512199
37.1875 	8.18379e-06 	2.82931e-06 	0.000501794
37.25 	6.96505e-06 	-2.34631e-06 	0.000493912
37.3125 	5.20619e-06 	1.83223e-06 	0.000490944
37.375 	7.85451e-06 	-1.50826e-06 	0.000505209
37.4375 	5.28092e-06 	2.1699e-06 	0.000484114
37.5 	6.83775e-06 	-1.70181e-06 	0.000486933
37.5625 	5.06348e-06 	1.6556e-06 	0.000534403
37.625 	3.64693e-06 	2.50058e-07 	0.000522557
37.75 	5.70752e-06 	2.17861e-06 	0.000527393
37.8125 	3.65199e-06 	7.82393e-07 	0.000553162
37.875 	4.62635e-06 	3.84376e-07 	0.000545579
37.9375 	5.54358e-06 	2.70154e-06 	0.000560818
38.0 	4.91412e-06 	1.67758e-06 	0.000566768
38.0625 	4.30069e-06 	1.38018e-06 	0.0005953
38.125 	7.08105e-06 	1.95153e-06 	0.000611124
38.1875 	5.37334e-06 	2.45047e-06 	0.00063453
38.25 	3.83808e-06 	-7.92367e-07 	0.000628852
38.3125 	7.08268e-06 	2.93296e-06 	0.000647923
38.375 	4.78555e-06 	-1.11315e-06 	0.000641678
38.4375 	4.8517e-06 	1.21757e-06 	0.000656463
38.5625 	5.34951e-06 	2.38798e-06 	0.000677858
38.6875 	4.12944e-06 	6.49434e-07 	0.000679031
38.8125 	6.33378e-06 	-2.4797e-06 	0.00068681
38.875 	5.84917e-06 	-2.75752e-06 	0.000688172
38.9375 	7.36887e-06 	-8.34921e-07 	0.000680568
39.0 	5.5578e-06 	4.37195e-07 	0.00064631
39.0625 	4.56705e-06 	1.40447e-06 	0.000643619
39.125 	7.46288e-06 	-2.69892e-06 	0.00061381
39.1875 	6.58044e-06 	1.64201e-06 	0.000569416
39.25 	4.72424e-06 	3.49192e-07 	0.000585527
39.3125 	4.4296e-06 	9.46529e-07 	0.00061511
39.5 	7.29851e-06 	3.53343e-06 	0.000617657
39.5625 	5.9352e-06 	-2.57639e-06 	0.000599962
39.625 	3.31045e-06 	-1.20323e-06 	0.00058418
39.6875 	6.90105e-06 	-2.45711e-06 	0.000549785
39.75 	7.84314e-06 	2.18824e-06 	0.000528109
39.8125 	8.12485e-06 	1.65838e-06 	0.000516383
39.875 	5.12736e-06 	-1.80949e-06 	0.000520719
39.9375 	4.5572e-06 	1.15534e-06 	0.000558663
40.0 	5.17708e-06 	1.64046e-06 	0.000595225
40.125 	4.89932e-06 	1.57064e-06 	0.00059459
40.25 	7.8489e-06 	-2.47899e-06 	0.000595432
40.3125 	7.35974e-06 	1.39487e-06 	0.000564235
40.4375 	4.76382e-06 	2.29428e-06 	0.000581011
40.5 	7.92821e-06 	2.35479e-06 	0.000583617
40.5625 	4.58924e-06 	1.00299e-06 	0.000542035
40.625 	7.98533e-06 	-3.92868e-06 	0.000527145
40.8125 	4.26007e-06 	9.62097e-07 	0.000537864
40.9375 	6.4122e-06 	3.24595e-06 	0.000571203
41.125 	5.6369e-06 	-1.06968e-06 	0.000544842
41.1875 	5.79189e-06 	3.01261e-06 	0.000528683
41.25 	6.59256e-06 	-2.2658e-06 	0.000510116
41.3125 	5.8052e-06 	1.63616e-06 	0.000472204
41.4375 	3.06659e-06 	9.3192e-08 	0.000471822
41.5 	7.80788e-06 	2.28144e-06 	0.000497087
41.5625 	6.30332e-06 	1.91726e-06 	0.000487702
41.625 	5.65698e-06 	2.72283e-06 	0.000467865
41.6875 	5.97854e-06 	1.46761e-06 	0.000468981
41.8125 	4.54002e-06 	-1.37132e-06 	0.000487105
41.875 	4.16887e-06 	-1.06253e-06 	0.000524525
41.9375 	4.41397e-06 	-1.21448e-06 	0.000539462
42.0 	3.49131e-06 	-1.12957e-06 	0.000525869
42.125 	7.69002e-06 	-2.67352e-06 	0.000554383
42.25 	5.01156e-06 	1.475e-06 	0.000561646
42.375 	7.45887e-06 	2.72733e-06 	0.00053339
42.5 	4.89765e-06 	-2.19035e-06 	0.000558774
42.6875 	4.66274e-06 	-1.28979e-06 	0.000555742
42.8125 	5.67363e-06 	2.73372e-06 	0.000558058
42.875 	4.98706e-06 	-1.51261e-06 	0.000572386
42.9375 	4.82151e-06 	1.60856e-06 	0.000598905
43.0 	4.84117e-06 	-8.20405e-08 	0.000575747
43.0625 	4.29558e-06 	1.06924e-06 	0.000573622
43.125 	4.27788e-06 	-8.94259e-07 	0.000561998
43.1875 	8.08574e-06 	-1.41121e-06 	0.000551884
43.3125 	4.55541e-06 	1.69488e-06 	0.000555222
43.375 	5.11108e-06 	-1.55082e-06 	0.000543713
43.5625 	4.54182e-06 	2.544e-07 	0.000551072
43.6875 	5.46077e-06 	-1.78651e-06 	0.000561679
43.75 	4.16903e-06 	-1.20885e-06 	0.000566525
43.8125 	7.35264e-06 	1.70189e-06 	0.000577023
43.9375 	5.48599e-06 	2.62213e-06 	0.000619327
44.0 	5.57907e-06 	2.69813e-06 	0.00059442
44.0625 	8.05925e-06 	3.16756e-06 	0.000594067
44.125 	7.20676e-06 	8.43116e-07 	0.000610873
44.1875 	5.62757e-06 	1.65714e-06 	0.000630982
44.25 	7.90014e-06 	1.74847e-06 	0.000626008
44.3125 	4.61938e-06 	-1.49641e-06 	0.000634964
44.375 	5.05308e-06 	1.67408e-06 	0.000625344
44.4375 	6.83126e-06 	1.91071e-06 	0.000652882
44.5625 	4.89236e-06 	1.54745e-06 	0.000645107
44.625 	5.92119e-06 	-2.35878e-06 	0.000670165
44.6875 	5.28712e-06 	1.55818e-06 	0.000663895
44.75 	6.99982e-06 	-2.06184e-06 	0.000640241
44.8125 	5.55284e-06 	2.71726e-06 	0.0006577
44.875 	3.18328e-06 	1.14289e-06 	0.000681133
44.9375 	4.75229e-06 	1.56781e-06 	0.000719994
45.0 	6.60619e-06 	-2.31168e-06 	0.000716068
45.0625 	5.4928e-06 	-2.39088e-06 	0.000713204
45.1875 	5.16386e-06 	-1.31223e-06 	0.000724124
45.3125 	7.56186e-06 	-2.94529e-06 	0.00070719
45.375 	4.67341e-06 	-1.52701e-06 	0.000649963
45.5 	5.47068e-06 	2.34562e-06 	0.000617511
45.5625 	6.04682e-06 	-1.42587e-06 	0.00062863
45.625 	4.61873e-06 	1.23112e-06 	0.000640383
45.6875 	5.83929e-06 	-2.56868e-06 	0.000616155
45.75 	6.42193e-06 	-1.51726e-06 	0.000644864
45.875 	5.33441e-06 	1.17988e-06 	0.000634538
45.9375 	8.09842e-06 	3.08173e-06 	0.000676067
46.0 	7.00967e-06 	2.53228e-06 	0.000653553
46.0625 	4.08025e-06 	1.61627e-06 	0.00064069
46.125 	8.20536e-06 	1.96554e-06 	0.000622677
46.3125 	3.69591e-06 	-1.62835e-07 	0.000617514
46.375 	6.38422e-06 	1.15368e-06 	0.000618076
46.5625 	5.45607e-06 	1.68365e-06 	0.000627663
46.625 	6.96143e-06 	-1.66082e-06 	0.000648922
46.6875 	4.22331e-06 	7.24916e-07 	0.000670406
46.75 	6.93133e-06 	-1.85367e-06 	0.000657829
46.8125 	5.78611e-06 	7.73365e-07 	0.000649373
46.875 	3.23427e-06 	7.58918e-07 	0.000642999
47.0 	7.92014e-06 	-2.42104e-06 	0.000621784
47.0625 	7.87406e-06 	2.95334e-06 	0.000639684
47.125 	5.29292e-06 	2.6428e-06 	0.000626233
47.1875 	3.71847e-06 	-9.07534e-07 	0.000621482
47.25 	5.16971e-06 	-1.67134e-06 	0.000621019
47.3125 	8.32722e-06 	2.07066e-06 	0.000647181
47.375 	4.15252e-06 	-1.71569e-06 	0.000632437
47.5 	5.36518e-06 	2.16603e-06 	0.00065898
47.5625 	5.31438e-06 	4.45956e-07 	0.000650003
47.625 	5.10068e-06 	1.13236e-06 	0.000634134
47.6875 	4.4465e-06 	-1.33191e-06 	0.000649432
47.8125 	5.52133e-06 	1.9532e-06 	0.000609258
47.875 	4.63304e-06 	-1.57975e-06 	0.000552847
48.0 	6.15363e-06 	1.53391e-06 	0.000562276
48.0625 	5.04554e-06 	1.59615e-06 	0.000590822
48.1875 	4.62562e-06 	7.51066e-07 	0.000615409
48.25 	4.78198e-06 	1.49021e-06 	0.000615009
48.3125 	5.2811e-06 	1.59557e-06 	0.000629997
48.375 	7.45732e-06 	-2.67963e-06 	0.000640802
48.4375 	4.7843e-06 	-9.11537e-07 	0.000645906
48.5 	7.38557e-06 	2.81944e-06 	0.000668321
48.5625 	4.6862e-06 	1.18907e-06 	0.00065933
48.75 	5.35491e-06 	1.31755e-06 	0.000708077
48.8125 	4.93693e-06 	-6.01608e-07 	0.000737874
48.9375 	4.69548e-06 	1.0901e-06 	0.000775
49.0 	5.38404e-06 	1.42663e-06 	0.000768168
49.125 	8.23172e-06 	-2.29645e-06 	0.00079259
49.1875 	8.19295e-06 	-1.38934e-06 	0.000804212
49.25 	5.10004e-06 	1.78135e-06 	0.00078231
49.3125 	4.69465e-06 	1.76714e-06 	0.000786452
49.375 	5.20271e-06 	-1.32797e-06 	0.000780647
49.4375 	5.31186e-06 	2.05284e-06 	0.000773644
49.5 	5.23254e-06 	-1.66794e-06 	0.000761591
49.5625 	6.10596e-06 	-1.90458e-06 	0.000789565
49.625 	7.77398e-06 	2.85866e-06 	0.000786106
49.6875 	7.04051e-06 	1.52505e-06 	0.000810143
49.75 	5.49863e-06 	2.3603e-06 	0.000824864
50.0625 	4.69261e-06 	-1.27734e-06 	0.000810935
50.125 	7.87601e-06 	2.07965e-06 	0.000815085
50.25 	5.3291e-06 	-2.63586e-06 	0.000831248
50.3125 	5.05932e-06 	1.78636e-06 	0.000861889
50.375 	4.96481e-06 	1.18591e-06 	0.00088501
50.4375 	7.25286e-06 	1.56388e-06 	0.000928328
50.5 	3.81302e-06 	-1.21489e-06 	0.000919168
50.5625 	7.36569e-06 	-3.00742e-06 	0.000920246
50.625 	5.31717e-06 	-1.72687e-06 	0.000921049
50.75 	7.19941e-06 	2.45513e-06 	0.000900719
50.8125 	4.68902e-06 	-1.61653e-06 	0.000891777
50.875 	5.26085e-06 	-2.531e-06 	0.000900215
50.9375 	5.67084e-06 	-2.92349e-06 	0.000885747
51.0 	4.20129e-06 	-1.72623e-06 	0.0009066
51.0625 	4.1963e-06 	-1.09768e-06 	0.000923319
51.125 	5.02531e-06 	-1.88406e-06 	0.000929976
51.1875 	5.59514e-06 	1.86121e-06 	0.000914686
51.25 	7.44137e-06 	-2.6349e-06 	0.000921912
51.3125 	4.38935e-06 	1.39558e-06 	0.000929145
51.375 	6.07636e-06 	1.82836e-06 	0.000926787
51.4375 	4.79402e-06 	1.73341e-06 	0.000916478
51.5 	7.27719e-06 	-2.35969e-06 	0.000917857
51.5625 	5.53849e-06 	-1.75526e-06 	0.000913342
51.625 	6.35354e-06 	-6.04383e-07 	0.000922384
51.6875 	8.01213e-06 	-2.69964e-06 	0.000953874
51.8125 	5.26026e-06 	-1.59986e-06 	0.00096725
51.875 	8.25853e-06 	3.16696e-06 	0.0010069
52.0 	7.20106e-06 	-1.50142e-06 	0.00100954
52.0625 	3.10142e-06 	3.87636e-07 	0.00100757
52.1875 	4.78668e-06 	1.99455e-06 	0.00101753
52.3125 	8.04997e-06 	-1.99089e-06 	0.00101475
52.375 	4.02583e-06 	-1.00145e-06 	0.00099179
52.4375 	5.28716e-06 	-1.79736e-06 	0.00100985
52.5 	4.95127e-06 	1.645e-06 	0.00100549
52.625 	5.83536e-06 	-7.45711e-07 	0.00104286
52.6875 	4.36326e-06 	-1.20657e-06 	0.00104748
52.75 	5.46152e-06 	-1.72249e-06 	0.00105827
52.8125 	7.91855e-06 	2.88014e-06 	0.00109536
52.875 	5.39527e-06 	-1.29966e-06 	0.00107079
52.9375 	2.59264e-06 	-6.22477e-08 	0.00105089
53.0 	7.20921e-06 	-1.29552e-06 	0.00101481
53.125 	5.41405e-06 	-2.33243e-06 	0.0010189
53.1875 	3.16414e-06 	1.23695e-07 	0.000994852
53.25 	4.00415e-06 	-1.27145e-06 	0.000981285
53.3125 	4.79673e-06 	1.78477e-06 	0.00099423
53.375 	3.84347e-06 	1.50675e-06 	0.000995459
53.5 	5.17999e-06 	-1.39827e-06 	0.000989555
53.5625 	5.45873e-06 	-2.68813e-06 	0.0010174
53.625 	6.12006e-06 	2.98109e-06 	0.00100809
53.6875 	5.13864e-06 	1.61149e-06 	0.000991781
53.75 	7.39103e-06 	-1.77092e-06 	0.0010327
53.8125 	4.58677e-06 	-1.22999e-06 	0.00100905
53.875 	6.8227e-06 	-8.00804e-07 	0.00100437
53.9375 	2.94005e-06 	4.45839e-07 	0.00102224
54.0 	5.52775e-06 	-1.77527e-06 	0.00101407
54.0625 	5.13941e-06 	-2.44958e-06 	0.000979034
54.1875 	5.97479e-06 	2.18398e-06 	0.000990323
54.25 	7.50983e-06 	-8.61978e-07 	0.00101787
54.3125 	7.13231e-06 	-1.2592e-06 	0.000989379
54.375 	6.55533e-06 	-3.47545e-06 	0.000949858
54.4375 	7.38231e-06 	-2.88056e-06 	0.000972429
54.6875 	6.8953e-06 	2.05976e-06 	0.000985604
54.8125 	6.13056e-06 	2.88927e-06 	0.000940267
54.875 	5.80949e-06 	-1.80831e-06 	0.000978656
54.9375 	6.52097e-06 	1.05989e-06 	0.000993434
55.0 	5.13474e-06 	-1.49475e-06 	0.000953998
55.0625 	5.23383e-06 	-1.99756e-06 	0.000954956
55.125 	6.46687e-06 	1.34485e-06 	0.000939487
55.1875 	4.06279e-06 	-1.47613e-06 	0.000945772
55.3125 	5.38518e-06 	9.67862e-07 	0.000946133
55.4375 	7.57782e-06 	-2.53468e-06 	0.000979181
55.5 	6.93339e-06 	2.11696e-06 	0.00099509
55.625 	4.51364e-06 	1.18748e-06 	0.00099213
55.6875 	4.4518e-06 	4.94604e-07 	0.00101662
55.75 	4.75873e-06 	1.58404e-06 	0.00102715
55.8125 	8.19009e-06 	-2.18641e-06 	0.000998627
55.875 	4.55513e-06 	-1.87895e-06 	0.00100109
55.9375 	7.02902e-06 	2.46659e-06 	0.00102487
56.0 	8.08419e-06 	-6.32144e-07 	0.00101034
56.0625 	4.14311e-06 	1.05299e-06 	0.0010247
56.1875 	4.45311e-06 	1.34087e-06 	0.00104001
56.3125 	5.90432e-06 	-2.06736e-06 	0.00103597
56.375 	6.03866e-06 	1.38364e-06 	0.00111587
56.4375 	6.42298e-06 	8.04492e-07 	0.00111353
56.5625 	5.32522e-06 	-1.7574e-06 	0.00113845
56.6875 	5.72149e-06 	2.75197e-06 	0.00113329
56.75 	4.85239e-06 	1.67273e-06 	0.00111376
56.8125 	7.38245e-06 	-2.84232e-06 	0.00113248
56.9375 	6.80145e-06 	-2.50616e-06 	0.00118123
57.0 	8.07108e-06 	-2.53349e-06 	0.00118277
57.0625 	3.08024e-06 	-2.59789e-07 	0.00118546
57.1875 	6.58447e-06 	-1.79608e-06 	0.00122145
57.25 	5.28993e-06 	5.13652e-07 	0.0012335
57.3125 	4.36583e-06 	8.43765e-07 	0.00127086
57.375 	3.9033e-06 	1.65736e-06 	0.00129802
57.4375 	6.3043e-06 	2.18605e-06 	0.00130764
57.5 	3.3677e-06 	-4.15735e-07 	0.0013081
57.5625 	2.15188e-06 	6.5115e-08 	0.00133113
57.625 	7.22348e-06 	-2.01207e-06 	0.00135426
57.6875 	4.58817e-06 	-1.57424e-06 	0.00134846
57.75 	3.92949e-06 	-8.64947e-07 	0.0013204
57.8125 	5.80832e-06 	2.06261e-06 	0.00133433
58.0 	4.06625e-06 	-6.03928e-07 	0.00135805
58.0625 	6.03714e-06 	-1.6522e-06 	0.00134992
58.125 	4.28525e-06 	-1.14675e-06 	0.00134248
58.1875 	6.45106e-06 	1.01419e-06 	0.00133374
58.25 	4.06398e-06 	1.17971e-06 	0.00135638
58.3125 	8.26086e-06 	2.73863e-06 	0.00132507
58.4375 	6.26463e-06 	-1.57833e-06 	0.00130102
58.5625 	5.51726e-06 	-2.49275e-06 	0.00130022
58.625 	4.88176e-06 	-1.30156e-06 	0.00133426
58.6875 	6.55552e-06 	-1.40153e-06 	0.00134682
58.8125 	4.20745e-06 	-1.31319e-06 	0.00134006
58.875 	5.18816e-06 	-2.75316e-06 	0.00129596
58.9375 	5.45804e-06 	-2.70301e-06 	0.00130348
59.0 	7.16451e-06 	-1.2536e-06 	0.00126906
59.125 	7.88684e-06 	1.29568e-06 	0.00129555
59.25 	4.66974e-06 	-1.54332e-06 	0.00131841
59.3125 	4.779e-06 	-1.26328e-06 	0.00132957
59.375 	7.56981e-06 	-2.35481e-06 	0.00130784
59.4375 	5.72902e-06 	-1.26381e-06 	0.00128717
59.5 	4.45535e-06 	-1.42021e-06 	0.00131429
59.5625 	8.1347e-06 	2.7909e-06 	0.00131643
59.6875 	5.35452e-06 	-1.64069e-06 	0.00131688
59.8125 	8.03304e-06 	-1.98534e-06 	0.00127158
59.875 	4.86583e-06 	-9.32097e-07 	0.00132284
59.9375 	7.82739e-06 	2.68442e-06 	0.00135817
60.0 	8.38622e-06 	-2.50313e-06 	0.00133586
60.0625 	4.59558e-06 	-1.23878e-06 	0.00133408
60.125 	7.97426e-06 	2.73181e-06 	0.00135919
60.375 	5.05191e-06 	-1.39394e-06 	0.00133578
60.4375 	5.51644e-06 	-2.0802e-06 	0.00133433
60.5 	2.98782e-06 	-3.97413e-07 	0.00136643
60.5625 	6.05101e-06 	2.32517e-06 	0.00137048
60.625 	5.69973e-06 	-2.88683e-06 	0.00134997
60.75 	5.13952e-06 	-1.38801e-06 	0.00132942
60.8125 	5.20522e-06 	-1.59655e-06 	0.00137507
60.875 	7.94516e-06 	-1.95709e-06 	0.00141854
61.0 	5.889e-06 	-1.99553e-06 	0.00142158
61.125 	5.55769e-06 	1.72576e-06 	0.00143852
61.1875 	6.93897e-06 	1.71655e-06 	0.00143761
61.25 	6.07385e-06 	-1.87854e-07 	0.00144546
61.3125 	5.75216e-06 	1.70799e-06 	0.00146011
61.375 	7.3771e-06 	3.01882e-06 	0.00145403
61.4375 	6.19199e-06 	-2.26367e-06 	0.00146796
61.5 	7.87622e-06 	3.72142e-06 	0.00147517
61.625 	4.43804e-06 	1.5185e-06 	0.00145578
61.6875 	5.13715e-06 	1.69229e-06 	0.00145912
61.8125 	6.2957e-06 	2.10072e-06 	0.00143997
61.875 	6.25398e-06 	-3.11617e-06 	0.00141893
61.9375 	7.79937e-06 	-2.50338e-06 	0.00138614
62.0 	6.35682e-06 	2.32192e-06 	0.00145162
62.125 	3.56084e-06 	4.47207e-07 	0.00144152
62.1875 	5.69909e-06 	-2.77029e-06 	0.00144935
62.25 	7.79564e-06 	2.69076e-06 	0.00144536
62.375 	6.36948e-06 	3.1832e-06 	0.00146117
62.5 	7.42427e-06 	2.16018e-06 	0.00148159
62.5625 	5.51096e-06 	-1.70439e-06 	0.00148947
62.6875 	4.53267e-06 	-8.19687e-07 	0.0014772
62.75 	6.56114e-06 	2.65676e-06 	0.00146712
62.875 	4.21347e-06 	-1.43335e-06 	0.00145664
62.9375 	6.23517e-06 	-3.0814e-06 	0.00145953
63.0 	4.41966e-06 	8.31521e-07 	0.0014224
63.125 	6.0371e-06 	-2.21629e-06 	0.00143247
63.25 	5.91455e-06 	-2.23722e-06 	0.00143641
63.4375 	6.4799e-06 	2.37734e-06 	0.00141732
63.5625 	5.32368e-06 	1.64107e-06 	0.00140891
63.625 	5.17713e-06 	2.07647e-06 	0.00145915
63.8125 	4.9567e-06 	-1.32111e-06 	0.0014644
63.9375 	5.59971e-06 	1.3136e-06 	0.00145895
64.0 	7.14232e-06 	-2.46553e-06 	0.0014422
64.0625 	6.67512e-06 	-2.36476e-06 	0.00148331
64.25 	6.35081e-06 	-2.62451e-06 	0.00147445
64.3125 	7.81509e-06 	2.27104e-06 	0.00148887
64.4375 	7.00741e-06 	1.88358e-06 	0.00150221
64.5625 	6.48272e-06 	-1.74381e-06 	0.0015224
64.6875 	3.40972e-06 	2.58594e-07 	0.00152486
64.75 	4.17843e-06 	-8.24746e-07 	0.00150868
64.8125 	5.93684e-06 	2.32509e-06 	0.00147455
64.875 	6.58527e-06 	-2.52489e-06 	0.00145155
64.9375 	6.32495e-06 	2.99128e-06 	0.00149
65.0 	6.69586e-06 	2.97143e-06 	0.00146276
65.0625 	5.52306e-06 	2.81192e-06 	0.00147404
65.125 	8.28434e-06 	2.92092e-06 	0.00151767
65.25 	6.45728e-06 	-1.81215e-06 	0.00153088
65.5 	4.46399e-06 	-1.28105e-06 	0.00153896
65.625 	6.52816e-06 	1.94168e-06 	0.00152735
65.6875 	6.9952e-06 	-8.90962e-07 	0.0015669
65.75 	5.6684e-06 	-1.0952e-06 	0.00155878
65.8125 	6.52557e-06 	1.6182e-06 	0.00153356
65.9375 	5.21277e-06 	-1.63575e-06 	0.00150037
66.0 	7.88767e-06 	1.41069e-06 	0.00151132
66.0625 	7.04373e-06 	-1.25447e-06 	0.00154561
66.1875 	4.3461e-06 	8.02778e-07 	0.0015475
66.25 	5.5174e-06 	-1.79774e-06 	0.0015456
66.3125 	4.72553e-06 	-8.49358e-07 	0.00152075
66.375 	5.6379e-06 	-2.8634e-06 	0.00156763
66.4375 	8.14015e-06 	2.58563e-06 	0.00155804
66.5 	5.32345e-06 	-1.61394e-06 	0.00155899
66.625 	5.58491e-06 	1.24776e-06 	0.00157764
66.75 	4.69916e-06 	-1.15206e-06 	0.00158532
66.8125 	3.75235e-06 	8.54699e-07 	0.00160667
66.875 	5.2756e-06 	-1.90288e-06 	0.0015327
66.9375 	3.06142e-06 	1.53171e-07 	0.00156511
67.0 	5.49611e-06 	1.68304e-06 	0.00162492
67.125 	6.4429e-06 	-2.09951e-06 	0.00163471
67.1875 	4.73928e-06 	-6.48601e-07 	0.00162337
67.25 	5.97553e-06 	1.57849e-06 	0.00162913
67.3125 	6.79855e-06 	-3.53934e-06 	0.00165717
67.375 	6.74513e-06 	-1.6334e-06 	0.0016722
67.4375 	6.06541e-06 	2.03925e-06 	0.00166647
67.5 	8.38542e-06 	3.61792e-06 	0.00168167
67.5625 	4.5153e-06 	-1.35888e-06 	0.00169978
67.8125 	7.81042e-06 	2.58529e-06 	0.001688
67.875 	4.79057e-06 	-1.228e-06 	0.00165193
67.9375 	5.95799e-06 	-1.95649e-06 	0.00164273
68.0 	7.91177e-06 	2.3458e-06 	0.00163411
68.0625 	7.1457e-06 	1.61053e-06 	0.0016316
68.125 	6.20856e-06 	-1.65307e-06 	0.00160221
68.1875 	7.89669e-06 	-2.51862e-06 	0.00160868
68.25 	6.77686e-06 	-2.09829e-06 	0.0016221
68.3125 	4.17383e-06 	-1.17038e-06 	0.0016228
68.375 	7.8233e-06 	1.92391e-06 	0.00161238
68.4375 	3.66222e-06 	1.01436e-06 	0.00157727
68.5 	8.09905e-06 	-1.6069e-06 	0.00156491
68.5625 	5.51815e-06 	-2.35698e-06 	0.00156483
68.625 	7.68265e-06 	2.61584e-06 	0.00159314
68.6875 	4.546e-06 	1.64106e-06 	0.00157758
68.75 	5.87105e-06 	-1.93452e-06 	0.00154757
68.8125 	8.14589e-06 	2.87954e-06 	0.00153797
68.875 	2.59021e-06 	-1.99178e-07 	0.00156041
68.9375 	4.93997e-06 	1.61407e-06 	0.00155164
69.0625 	5.21134e-06 	-2.56662e-06 	0.00153051
69.125 	4.88296e-06 	-1.26459e-06 	0.00153517
69.1875 	5.94677e-06 	-1.61307e-06 	0.00150773
69.25 	6.84811e-06 	2.72347e-06 	0.00151355
69.3125 	6.23233e-06 	8.85618e-07 	0.00152847
69.4375 	7.48092e-06 	2.35385e-06 	0.00152253
69.5 	4.58206e-06 	-1.38038e-06 	0.00155234
69.625 	4.71983e-06 	1.16879e-06 	0.00151055
69.75 	7.96677e-06 	-1.57097e-06 	0.00150317
69.8125 	5.58099e-06 	1.79601e-06 	0.00150705
69.875 	7.55514e-06 	-2.84025e-06 	0.00150762
69.9375 	5.47366e-06 	1.69495e-06 	0.00152045
