# time 	Local 	Global 	Cumulative
0.333274 	6.2284e-06 	-2.00465e-06 	-4.78344e-07
0.579973 	7.60455e-06 	-2.62082e-06 	1.33238e-05
0.642226 	6.71811e-06 	-3.3742e-06 	1.4083e-05
0.70448 	5.19097e-06 	-1.79039e-06 	2.13992e-05
0.766734 	7.92144e-06 	2.73797e-06 	3.28056e-05
0.828988 	5.66232e-06 	2.45818e-06 	6.33553e-06
1.01575 	7.37786e-06 	2.87976e-06 	-7.45446e-06
1.26477 	7.09179e-06 	-2.49941e-06 	-9.91624e-06
1.38927 	4.03804e-06 	1.33842e-06 	-7.61405e-06
1.45153 	4.47902e-06 	1.21836e-06 	-3.06397e-05
1.51378 	5.38389e-06 	1.78905e-06 	-4.97787e-05
1.57604 	6.80613e-06 	-1.39265e-06 	-3.20227e-05
1.7628 	7.69009e-06 	8.82465e-07 	3.58045e-05
1.8873 	6.67742e-06 	-1.76539e-06 	5.43351e-05
1.94956 	4.88692e-06 	-1.1734e-06 	7.20119e-05
2.07407 	5.91794e-06 	1.56951e-06 	9.85654e-05
2.19857 	7.85367e-06 	-8.55133e-07 	8.19902e-05
2.26083 	4.86287e-06 	1.70351e-06 	7.03474e-05
2.32308 	4.01051e-06 	-1.18394e-06 	6.97563e-05
2.38534 	8.0716e-06 	2.77025e-06 	9.93112e-05
2.44759 	3.47576e-06 	-1.06213e-06 	0.000152868
2.63435 	5.56285e-06 	1.59955e-06 	0.000170955
2.69661 	3.9918e-06 	1.22753e-06 	0.000211301
2.88337 	4.39015e-06 	-1.16735e-06 	0.0002242
2.94562 	5.24739e-06 	2.52378e-06 	0.000258063
3.07013 	7.68889e-06 	-1.32059e-06 	0.000222462
3.13238 	5.58433e-06 	-1.58743e-06 	0.000228265
3.19464 	7.10818e-06 	-1.60552e-06 	0.000240678
3.25689 	4.50561e-06 	8.91641e-07 	0.00026278
3.31914 	5.98475e-06 	-2.06953e-06 	0.000249173
3.3814 	5.87374e-06 	1.8856e-06 	0.000249797
3.44365 	2.87335e-06 	-1.21485e-07 	0.000256475
3.50591 	7.96714e-06 	3.24999e-06 	0.000254868
3.56816 	7.0921e-06 	-1.48106e-06 	0.000249352
3.69267 	5.27813e-06 	-2.24373e-06 	0.000242819
3.75492 	5.20549e-06 	2.12405e-06 	0.000252338
3.81718 	3.44106e-06 	-1.70352e-07 	0.000238675
3.87943 	4.88457e-06 	-1.06328e-06 	0.000221339
4.00394 	7.25883e-06 	1.16791e-06 	0.000208073
4.06619 	7.08176e-06 	-2.07552e-06 	0.000207962
4.12845 	4.16554e-06 	7.08806e-07 	0.000238801
4.1907 	3.29501e-06 	-4.79267e-07 	0.000251149
4.25295 	5.14287e-06 	-1.8009e-06 	0.000234837
4.31521 	4.79363e-06 	1.57382e-06 	0.000214648
4.37746 	3.77221e-06 	9.64043e-07 	0.000241222
4.50197 	4.42756e-06 	-6.91712e-07 	0.000251639
4.56422 	6.63803e-06 	-1.32035e-06 	0.000234441
4.62648 	3.84538e-06 	-9.44259e-07 	0.000233631
4.68873 	4.94783e-06 	1.35999e-06 	0.000202753
4.81324 	3.8668e-06 	1.6067e-06 	0.000184947
4.87549 	4.44105e-06 	1.19229e-06 	0.000195669
4.93775 	4.46321e-06 	1.46128e-06 	0.000191219
5.0 	4.73307e-06 	-1.02428e-06 	0.00022792
5.0625 	7.63003e-06 	2.48004e-06 	0.0002408
5.125 	7.7898e-06 	1.72527e-06 	0.000213159
5.25 	7.12815e-06 	2.34715e-06 	0.000239947
5.3125 	6.96973e-06 	1.35833e-06 	0.000245263
5.375 	3.41631e-06 	-8.47273e-07 	0.000256879
5.5 	4.52397e-06 	-1.53454e-06 	0.000237358
5.5625 	5.22854e-06 	1.67486e-06 	0.000271581
5.625 	6.42142e-06 	-3.15657e-06 	0.000312675
5.6875 	4.50667e-06 	-1.28493e-06 	0.000302729
5.75 	7.96604e-06 	1.93492e-06 	0.000293704
5.8125 	5.5513e-06 	2.70473e-06 	0.000270357
5.875 	4.26332e-06 	1.04519e-06 	0.000294079
5.9375 	3.06212e-06 	-4.93659e-07 	0.000299545
6.0 	4.55258e-06 	-8.264e-07 	0.000305847
6.125 	6.6054e-06 	-2.24904e-06 	0.00035284
6.1875 	4.81118e-06 	1.54681e-06 	0.000356138
6.25 	6.83669e-06 	1.91948e-06 	0.000372746
6.4375 	5.94707e-06 	2.03765e-06 	0.000385177
6.6875 	4.55166e-06 	1.53491e-06 	0.000368113
6.75 	6.42638e-06 	5.05907e-07 	0.000353637
6.8125 	5.79577e-06 	-1.96679e-06 	0.000331306
6.9375 	6.97499e-06 	-1.2492e-06 	0.000301161
7.0 	5.49496e-06 	1.68409e-06 	0.000297633
7.125 	4.74702e-06 	-1.57292e-06 	0.000292172
7.1875 	5.82722e-06 	2.11458e-06 	0.000301426
7.25 	7.62568e-06 	-1.82001e-06 	0.000307302
7.4375 	5.75533e-06 	2.3156e-07 	0.00027847
7.5625 	5.73852e-06 	-1.69204e-06 	0.000311865
7.625 	4.65764e-06 	-2.34232e-06 	0.000332894
7.6875 	5.29867e-06 	-7.53324e-07 	0.000353814
7.8125 	4.42503e-06 	-1.67223e-07 	0.000378901
7.9375 	4.43304e-06 	1.399e-06 	0.000368547
8.0 	8.01929e-06 	-3.2511e-06 	0.000385123
8.0625 	6.48372e-06 	8.63657e-07 	0.00034703
8.125 	7.21804e-06 	-2.33259e-06 	0.000366891
8.25 	8.17297e-06 	-1.55353e-06 	0.000352729
8.3125 	4.90824e-06 	1.58409e-06 	0.000334221
8.375 	7.16219e-06 	-1.81387e-06 	0.000330599
8.4375 	4.9545e-06 	-1.27466e-06 	0.000324474
8.5 	6.354e-06 	-3.18754e-06 	0.000288956
8.5625 	6.2673e-06 	1.98705e-06 	0.000267912
8.8125 	7.33011e-06 	2.14028e-06 	0.000227881
8.9375 	4.272e-06 	-1.19385e-06 	0.000202795
9.0 	4.49493e-06 	1.29619e-06 	0.000250601
9.0625 	7.35757e-06 	2.59173e-06 	0.00021254
9.1875 	7.84377e-06 	1.1945e-06 	0.000231954
9.25 	4.70712e-06 	1.60062e-06 	0.00026597
9.3125 	5.37853e-06 	-6.77521e-07 	0.000250513
9.375 	6.01703e-06 	-3.05041e-06 	0.000250616
9.4375 	6.37678e-06 	1.19228e-06 	0.000197098
9.5625 	4.86897e-06 	2.18664e-06 	0.000179589
9.625 	6.97283e-06 	2.42177e-06 	0.000176035
9.6875 	5.91396e-06 	1.51609e-06 	0.000191776
9.8125 	4.49334e-06 	-1.45006e-06 	0.000207746
9.875 	4.13288e-06 	5.49896e-07 	0.000219041
9.9375 	6.31282e-06 	3.03719e-06 	0.00025328
10.0 	5.45769e-06 	-9.26452e-07 	0.000227237
10.0625 	6.68951e-06 	2.54418e-06 	0.000211988
10.1875 	5.1613e-06 	1.74038e-06 	0.000201721
10.3125 	4.6741e-06 	-1.59373e-06 	0.000214879
10.375 	4.9158e-06 	-1.1827e-06 	0.000200843
10.625 	4.75507e-06 	1.65738e-06 	0.00023124
10.6875 	6.40504e-06 	-8.49499e-07 	0.000195705
10.75 	7.80666e-06 	-3.17091e-06 	0.000189614
10.8125 	5.70831e-06 	1.98094e-06 	0.000195148
10.875 	6.96183e-06 	-1.30348e-06 	0.000192283
11.0 	7.76681e-06 	2.46973e-06 	0.000232219
11.0625 	6.49457e-06 	-2.91342e-06 	0.000241204
11.1875 	3.14113e-06 	1.6904e-08 	0.000235508
11.375 	5.84453e-06 	-2.20435e-06 	0.00027139
11.4375 	8.01674e-06 	5.55324e-07 	0.000272962
11.5625 	6.18653e-06 	1.23608e-06 	0.000284974
11.625 	5.65937e-06 	-2.77272e-06 	0.00027602
11.6875 	4.75556e-06 	-1.42919e-06 	0.00026776
11.75 	5.40618e-06 	2.65457e-06 	0.000273326
11.8125 	5.37507e-06 	1.55596e-06 	0.00027893
11.875 	7.72992e-06 	2.16419e-06 	0.000287213
11.9375 	7.5559e-06 	3.92358e-06 	0.000293116
12.0 	4.76175e-06 	-1.30766e-06 	0.000287113
12.0625 	7.71904e-06 	2.87383e-06 	0.000248614
12.125 	8.0135e-06 	2.91106e-06 	0.0002173
12.1875 	5.32453e-06 	-1.69916e-06 	0.000215298
12.25 	5.05533e-06 	-1.46668e-06 	0.000237965
12.3125 	6.08144e-06 	2.31879e-06 	0.000238215
12.375 	3.42168e-06 	-1.1122e-06 	0.000240031
12.5625 	7.16044e-06 	1.2539e-06 	0.000209464
12.625 	7.50241e-06 	1.49119e-06 	0.000222846
12.6875 	7.27372e-06 	-1.03655e-06 	0.000231544
12.75 	5.61764e-06 	-1.09857e-06 	0.000242412
12.8125 	4.99125e-06 	1.57789e-06 	0.000229304
12.875 	7.69372e-06 	-2.38235e-06 	0.000210889
13.0 	5.13597e-06 	-1.60497e-06 	0.0001798
13.0625 	5.84281e-06 	1.99359e-06 	0.000168201
13.1875 	4.06046e-06 	1.09656e-06 	0.000166716
13.25 	3.96853e-06 	6.88844e-07 	0.000143316
13.375 	7.9856e-06 	1.44879e-06 	0.000177494
13.4375 	6.10483e-06 	1.53929e-06 	0.000160471
13.5 	6.62697e-06 	1.22606e-06 	0.000170938
13.5625 	4.8233e-06 	-3.55005e-07 	0.000182425
13.625 	7.92596e-06 	1.79918e-06 	0.000206409
13.6875 	6.88726e-06 	-2.35522e-06 	0.000225674
14.0 	6.35346e-06 	-3.07777e-06 	0.000248711
14.0625 	4.41257e-06 	-1.23668e-06 	0.000267063
14.125 	7.13456e-06 	-7.94825e-07 	0.00025516
14.1875 	5.20135e-06 	1.82128e-06 	0.000300269
14.3125 	4.36068e-06 	-7.19318e-07 	0.000302784
14.375 	6.9683e-06 	2.6557e-06 	0.000287831
14.4375 	7.65555e-06 	2.23074e-06 	0.000284175
14.5 	5.77211e-06 	-1.97923e-06 	0.000230478
14.625 	8.34374e-06 	3.03068e-06 	0.000260663
14.6875 	7.4429e-06 	-7.94771e-07 	0.000216133
14.75 	5.15431e-06 	-1.56028e-06 	0.000203675
14.8125 	5.01586e-06 	1.82375e-06 	0.000219797
14.9375 	7.81007e-06 	1.1847e-06 	0.000197158
15.0 	8.11809e-06 	2.99393e-06 	0.000209888
15.1875 	5.95638e-06 	-2.32316e-06 	0.000213782
15.25 	5.82505e-06 	1.65878e-06 	0.000187189
15.3125 	4.11798e-06 	-1.17326e-06 	0.000188092
15.375 	5.34309e-06 	-2.2707e-06 	0.000145875
15.4375 	7.93879e-06 	-1.64966e-06 	0.000148192
15.5 	4.32951e-06 	1.29665e-06 	0.000143425
15.5625 	3.65621e-06 	8.00164e-07 	0.000130331
15.75 	3.67388e-06 	7.21297e-07 	0.000157986
15.8125 	5.66295e-06 	-1.45446e-06 	0.000204632
15.875 	6.08409e-06 	-2.53259e-06 	0.000223212
15.9375 	7.89608e-06 	2.76009e-06 	0.000226515
16.0 	4.0549e-06 	3.07865e-07 	0.000247524
16.0625 	5.24007e-06 	-1.56324e-06 	0.000280144
16.125 	6.10424e-06 	-1.88521e-06 	0.00033013
16.1875 	5.38007e-06 	1.39083e-06 	0.000324227
16.25 	4.39895e-06 	1.68907e-06 	0.000277076
16.3125 	6.50953e-06 	-2.41025e-06 	0.00025742
16.375 	4.03913e-06 	9.29302e-07 	0.000271492
16.4375 	7.01652e-06 	-3.62717e-06 	0.000275363
16.5 	6.0132e-06 	-2.84738e-06 	0.000266698
16.625 	3.93772e-06 	1.25356e-06 	0.000238605
16.6875 	4.33647e-06 	-7.17048e-07 	0.000239063
16.75 	5.36703e-06 	1.85534e-06 	0.000233637
16.8125 	3.937e-06 	6.11027e-07 	0.000246535
16.875 	8.00692e-06 	1.64178e-06 	0.000271004
16.9375 	6.93359e-06 	2.3947e-06 	0.000286301
17.25 	6.86338e-06 	-1.67721e-06 	0.000325692
17.3125 	7.96626e-06 	-2.29163e-06 	0.000304018
17.375 	5.0503e-06 	-1.59214e-06 	0.000324384
17.4375 	6.37654e-06 	-1.23433e-06 	0.000312419
17.5 	4.99402e-06 	1.14058e-06 	0.000305471
17.5625 	7.10055e-06 	-2.31532e-06 	0.000276494
17.625 	4.54238e-06 	9.39702e-07 	0.000300648
17.6875 	5.00394e-06 	-1.61258e-06 	0.00033152
17.75 	2.72084e-06 	8.49019e-08 	0.00033313
17.8125 	3.24172e-06 	-5.72e-07 	0.000327206
18.0 	6.97404e-06 	1.96215e-06 	0.000352621
18.0625 	6.84795e-06 	2.54029e-06 	0.00036876
18.125 	5.6239e-06 	-1.68807e-06 	0.000352622
18.1875 	4.65419e-06 	1.61454e-06 	0.000350606
18.25 	7.24554e-06 	2.74529e-06 	0.000311521
18.3125 	5.25058e-06 	-1.39606e-06 	0.000323721
18.375 	7.26858e-06 	-2.9343e-06 	0.000312056
18.4375 	6.81854e-06 	1.96825e-06 	0.000326185
18.5 	3.59019e-06 	-5.19287e-07 	0.000321326
18.5625 	4.26104e-06 	-6.94414e-07 	0.000332734
18.625 	7.87806e-06 	-8.39391e-07 	0.000316612
18.75 	3.81661e-06 	1.52089e-06 	0.000357875
18.8125 	7.91119e-06 	-3.04134e-06 	0.000353652
18.875 	6.70988e-06 	3.31186e-06 	0.000384946
18.9375 	5.88196e-06 	1.61179e-06 	0.000371906
19.125 	5.0892e-06 	1.76192e-06 	0.000374651
19.25 	2.09344e-06 	-3.73375e-09 	0.000356898
19.375 	6.39789e-06 	9.60606e-07 	0.000388717
19.4375 	5.33464e-06 	1.76303e-06 	0.000416335
19.5 	7.49848e-06 	2.33237e-06 	0.000398211
19.625 	6.9382e-06 	-2.25381e-06 	0.000409348
19.6875 	6.18577e-06 	-2.2297e-06 	0.000396087
19.75 	6.47969e-06 	2.42704e-06 	0.000431651
19.9375 	7.0859e-06 	-2.11883e-06 	0.000367611
20.0 	3.70756e-06 	-4.64009e-07 	0.000375042
20.0625 	7.8815e-06 	-2.21401e-06 	0.000402179
20.125 	6.60087e-06 	-1.8432e-06 	0.000405755
20.1875 	3.01812e-06 	-3.23997e-07 	0.000406538
20.25 	7.19189e-06 	2.46427e-06 	0.000410271
20.3125 	5.35281e-06 	1.64301e-06 	0.000386751
20.375 	4.90701e-06 	-1.20755e-06 	0.00039308
20.4375 	4.62968e-06 	1.2566e-06 	0.000442314
20.5 	5.43634e-06 	-2.69246e-06 	0.000454179
20.5625 	4.50854e-06 	1.45961e-06 	0.000441163
20.625 	4.86683e-06 	-1.30049e-06 	0.000415228
20.6875 	6.39473e-06 	-3.18096e-06 	0.000412037
20.75 	8.3519e-06 	-1.39136e-06 	0.000368929
20.8125 	8.18178e-06 	2.30115e-06 	0.000363765
20.875 	6.46873e-06 	1.83501e-06 	0.000364608
21.0 	3.91441e-06 	9.37527e-07 	0.000392423
21.0625 	6.68511e-06 	1.2454e-06 	0.000372831
21.1875 	6.00134e-06 	-1.85019e-06 	0.000335614
21.3125 	4.87072e-06 	1.33288e-06 	0.000276979
21.375 	8.28286e-06 	3.4057e-06 	0.000288137
21.4375 	4.42801e-06 	1.0623e-06 	0.000288268
21.5625 	6.3814e-06 	-2.33653e-06 	0.000272719
21.625 	4.3206e-06 	-8.35772e-07 	0.000275614
21.6875 	4.99599e-06 	-9.59562e-07 	0.000255452
21.75 	5.58733e-06 	-1.14733e-06 	0.000245128
21.8125 	2.2237e-06 	2.27663e-07 	0.000234559
21.875 	7.64754e-06 	1.45071e-06 	0.000174475
21.9375 	4.46471e-06 	-1.34373e-06 	0.000164869
22.0 	5.08718e-06 	-2.14782e-06 	0.000154419
22.125 	2.93384e-06 	4.39053e-08 	0.000161894
22.1875 	4.64615e-06 	1.26661e-06 	0.000141682
22.25 	4.38326e-06 	-8.0742e-07 	0.000154624
22.3125 	7.81031e-06 	2.67707e-06 	0.000185228
22.375 	6.44413e-06 	-1.30476e-06 	0.000177343
22.625 	3.83345e-06 	6.85215e-07 	0.000186433
22.75 	4.05501e-06 	-1.51024e-06 	0.000175435
22.8125 	6.47132e-06 	-2.36933e-06 	0.00018306
22.9375 	5.6501e-06 	1.73914e-06 	0.0001704
23.0 	6.58299e-06 	-1.39161e-06 	0.000143322
23.0625 	7.24305e-06 	-2.12968e-06 	0.000137864
23.125 	7.18598e-06 	1.06059e-06 	0.000146711
23.1875 	4.74735e-06 	-1.65674e-06 	0.000134042
23.3125 	5.07775e-06 	-1.66364e-06 	0.000171383
23.375 	7.54352e-06 	-2.59036e-06 	0.000182172
23.4375 	5.55993e-06 	-1.3365e-06 	0.000207469
23.6875 	7.1644e-06 	2.31783e-06 	0.000231488
23.75 	8.29166e-06 	2.18477e-06 	0.000222433
23.8125 	5.99042e-06 	5.249e-07 	0.000216865
23.875 	2.72852e-06 	5.70759e-08 	0.000150257
23.9375 	4.52651e-06 	-1.13007e-06 	0.000135291
24.0 	3.27087e-06 	2.02121e-07 	0.000153859
24.0625 	7.42004e-06 	8.2757e-07 	0.000198562
24.125 	4.52723e-06 	1.5307e-06 	0.000211859
24.3125 	5.72567e-06 	2.36146e-06 	0.00024329
24.375 	6.63744e-06 	-2.3437e-06 	0.00025146
24.4375 	7.00255e-06 	2.51451e-06 	0.000267872
24.5625 	4.62068e-06 	-1.55397e-06 	0.000241244
24.625 	7.18508e-06 	2.77202e-06 	0.000233269
24.6875 	8.36698e-06 	3.48162e-06 	0.000234235
24.75 	4.42161e-06 	-9.86586e-07 	0.000235784
24.8125 	4.59691e-06 	1.22082e-06 	0.000216147
25.0 	5.60707e-06 	-1.79908e-06 	0.000252574
25.0625 	3.83958e-06 	1.22094e-06 	0.000253585
25.125 	4.82544e-06 	1.91076e-06 	0.000314294
25.25 	5.72906e-06 	-2.88017e-06 	0.000272599
25.3125 	5.70526e-06 	2.70048e-06 	0.000268072
25.5 	3.91738e-06 	-1.03474e-06 	0.000324224
25.625 	5.69311e-06 	1.96233e-06 	0.000353326
25.6875 	6.95111e-06 	1.4596e-06 	0.000365444
25.75 	2.72999e-06 	2.75051e-07 	0.000384525
25.8125 	5.84471e-06 	3.05559e-06 	0.000419144
25.875 	5.98044e-06 	-2.00524e-06 	0.000415091
25.9375 	7.77872e-06 	2.28424e-06 	0.000415814
26.0 	4.84442e-06 	1.56649e-06 	0.000426878
26.0625 	4.35794e-06 	-1.81354e-06 	0.000396982
26.125 	7.85364e-06 	-6.48348e-07 	0.000393925
26.25 	4.18198e-06 	-1.33969e-06 	0.000400217
26.3125 	6.63757e-06 	1.65726e-06 	0.000348533
26.375 	6.13986e-06 	1.31051e-06 	0.000367866
26.4375 	4.38942e-06 	1.28702e-06 	0.000365581
26.5 	4.84777e-06 	1.4659e-06 	0.000378342
26.5625 	5.42482e-06 	-1.79651e-06 	0.000345851
26.625 	4.94283e-06 	1.65586e-06 	0.000349093
26.6875 	4.19763e-06 	1.10389e-06 	0.000304763
26.875 	5.44791e-06 	1.73833e-06 	0.000316946
26.9375 	5.42674e-06 	2.81079e-06 	0.000366546
27.0 	7.88701e-06 	2.89641e-06 	0.000390542
27.25 	4.90192e-06 	-1.31613e-06 	0.00038881
27.3125 	5.19465e-06 	5.30747e-07 	0.000411288
27.375 	3.98344e-06 	-1.26523e-06 	0.000386939
27.5 	6.09661e-06 	-2.54046e-06 	0.00039792
27.5625 	3.75268e-06 	4.20784e-07 	0.000367084
27.625 	5.53926e-06 	-1.76779e-06 	0.000357323
27.6875 	6.94574e-06 	-1.71002e-06 	0.000324807
27.75 	7.23453e-06 	7.34026e-07 	0.000346912
27.8125 	5.58267e-06 	-1.68515e-06 	0.000352806
27.875 	5.39148e-06 	-1.43558e-06 	0.000370357
28.0 	5.19858e-06 	1.61445e-06 	0.000385145
28.0625 	3.78484e-06 	-2.74043e-07 	0.00034886
28.125 	3.23231e-06 	6.35578e-07 	0.000366436
28.3125 	4.70383e-06 	1.30364e-06 	0.000377705
28.375 	4.02989e-06 	1.68344e-06 	0.000333551
28.4375 	5.55951e-06 	1.46384e-06 	0.000358905
28.5 	7.47484e-06 	-2.67286e-06 	0.000339388
28.625 	6.84157e-06 	-3.04539e-06 	0.000307658
28.6875 	3.43287e-06 	3.18673e-07 	0.000337291
28.8125 	5.28496e-06 	2.6255e-06 	0.000350474
28.875 	7.08872e-06 	1.63523e-06 	0.000336755
28.9375 	4.78395e-06 	-2.1575e-06 	0.000369768
29.0 	7.59167e-06 	-6.67591e-07 	0.000374602
29.0625 	5.44851e-06 	-1.89409e-06 	0.000361875
29.125 	4.91142e-06 	-1.26321e-06 	0.000374783
29.1875 	5.16145e-06 	1.24298e-06 	0.000341645
29.25 	7.72557e-06 	2.77074e-06 	0.000319632
29.375 	6.29801e-06 	-2.78666e-06 	0.000306014
29.4375 	4.69478e-06 	1.55698e-06 	0.000322317
29.5 	4.87622e-06 	1.60708e-06 	0.000293672
29.5625 	4.30742e-06 	-1.43461e-06 	0.000288181
29.625 	7.86716e-06 	-2.94973e-06 	0.000268457
29.6875 	7.05338e-06 	2.87776e-06 	0.000257768
29.75 	5.72608e-06 	-1.9739e-06 	0.000245756
29.875 	5.02835e-06 	1.61294e-06 	0.000223336
29.9375 	6.58595e-06 	-3.32348e-06 	0.000228917
30.0 	6.55e-06 	2.56734e-06 	0.000265721
30.125 	7.76623e-06 	-2.71718e-06 	0.000253585
30.1875 	4.80421e-06 	1.24264e-06 	0.000273959
30.25 	6.58378e-06 	-2.03941e-06 	0.00028277
30.3125 	8.1628e-06 	2.66888e-06 	0.000296868
30.375 	6.62088e-06 	2.45792e-06 	0.000304831
30.4375 	5.14145e-06 	2.30917e-06 	0.000279165
30.5 	4.75164e-06 	1.47397e-06 	0.000294508
30.5625 	5.81151e-06 	-2.7886e-06 	0.000282762
30.6875 	7.51481e-06 	-1.3415e-06 	0.000249881
30.75 	4.26342e-06 	-7.49526e-07 	0.000246258
30.8125 	4.97817e-06 	-1.69057e-06 	0.000241451
30.9375 	6.74909e-06 	-1.30165e-06 	0.000268094
31.0 	4.3915e-06 	9.20143e-07 	0.000251036
31.125 	4.99159e-06 	-1.47175e-06 	0.000236977
31.1875 	6.3019e-06 	1.87922e-06 	0.000248563
31.25 	4.58226e-06 	9.26702e-07 	0.000265952
31.375 	5.44675e-06 	1.50737e-06 	0.000257451
31.5 	7.57301e-06 	1.90265e-06 	0.000273056
31.5625 	7.37912e-06 	1.31886e-07 	0.000270301
31.625 	4.98744e-06 	7.8632e-07 	0.000257164
31.6875 	6.10538e-06 	-1.93222e-06 	0.00027181
31.75 	5.89418e-06 	1.33968e-06 	0.000278328
31.8125 	7.93346e-06 	2.93275e-06 	0.000302928
31.875 	8.09689e-06 	-2.51859e-06 	0.000311829
31.9375 	4.23007e-06 	-1.55018e-06 	0.000331471
32.0 	7.60176e-06 	-2.91909e-06 	0.000338357
32.125 	5.24287e-06 	-1.58351e-06 	0.00040253
32.1875 	6.99248e-06 	-2.08924e-06 	0.000382583
32.25 	7.61388e-06 	-2.60148e-06 	0.000372579
32.3125 	5.40637e-06 	-1.63461e-06 	0.000377571
32.4375 	6.50062e-06 	-4.42293e-07 	0.000334067
32.5 	7.65858e-06 	2.5006e-06 	0.000317794
32.625 	7.64147e-06 	-2.37508e-06 	0.000329559
32.6875 	6.66354e-06 	-1.75702e-06 	0.000358068
32.75 	6.41047e-06 	-7.65605e-07 	0.000359367
32.8125 	8.28951e-06 	3.32705e-06 	0.000396009
32.875 	5.3143e-06 	1.13065e-06 	0.000430396
32.9375 	7.62912e-06 	-2.5998e-06 	0.000431605
33.0 	6.04425e-06 	2.33419e-06 	0.000430729
33.0625 	5.791e-06 	1.98577e-06 	0.000452903
33.125 	5.33006e-06 	3.43933e-07 	0.000505586
33.1875 	5.44897e-06 	-2.74635e-06 	0.000440912
33.25 	5.02697e-06 	-1.28729e-06 	0.00043785
33.3125 	6.42591e-06 	-2.06646e-06 	0.000446409
33.375 	4.46413e-06 	1.2349e-06 	0.000428771
33.4375 	5.28853e-06 	1.6782e-06 	0.000436514
33.625 	5.16713e-06 	-1.72027e-06 	0.000469292
33.6875 	5.37246e-06 	-1.66909e-06 	0.000429275
33.75 	6.52955e-06 	3.11733e-06 	0.000430605
33.875 	6.71801e-06 	-1.28036e-06 	0.000416239
33.9375 	7.06729e-06 	1.97968e-06 	0.000429812
34.0625 	5.20903e-06 	2.64227e-06 	0.000452817
34.125 	7.8892e-06 	2.7275e-06 	0.000451565
34.1875 	5.94256e-06 	3.12414e-06 	0.00045715
34.25 	6.85836e-06 	-2.35573e-06 	0.000488317
34.3125 	7.4431e-06 	2.70178e-06 	0.000499038
34.375 	6.15949e-06 	1.97928e-06 	0.000498774
34.4375 	3.31484e-06 	-2.87094e-07 	0.000512007
34.5 	7.22841e-06 	-1.58575e-06 	0.000513283
34.5625 	6.59742e-06 	-1.83007e-06 	0.000506005
34.625 	4.37753e-06 	-8.03509e-07 	0.000496484
34.6875 	5.98635e-06 	-2.94225e-06 	0.000459114
34.75 	7.98157e-06 	1.82126e-06 	0.000447382
34.875 	4.99394e-06 	2.18465e-06 	0.000437827
34.9375 	7.70441e-06 	2.10456e-06 	0.000411993
35.0625 	7.79643e-06 	3.0657e-06 	0.000399888
35.125 	7.75121e-06 	-2.66211e-06 	0.000375161
35.25 	5.11835e-06 	-1.7092e-06 	0.000399996
35.3125 	6.32176e-06 	1.4372e-06 	0.000425285
35.375 	5.47289e-06 	1.8924e-06 	0.00039693
35.5625 	4.2993e-06 	7.2876e-07 	0.000398198
35.625 	3.38744e-06 	-1.03161e-06 	0.000405495
35.6875 	4.05193e-06 	4.51529e-07 	0.000377924
35.75 	4.20186e-06 	-8.92432e-08 	0.000384088
35.8125 	6.52126e-06 	1.40274e-06 	0.000363213
35.875 	6.05738e-06 	-1.16416e-06 	0.000392781
35.9375 	4.76317e-06 	1.36081e-06 	0.000460799
36.0 	4.38376e-06 	1.82122e-06 	0.000473494
36.125 	3.39573e-06 	3.43771e-07 	0.000504254
36.25 	4.95907e-06 	-1.18482e-06 	0.000514567
36.4375 	6.19111e-06 	-3.00265e-06 	0.000513264
36.5 	4.36011e-06 	-1.15735e-06 	0.000499984
36.5625 	6.27015e-06 	-3.08226e-06 	0.000468819
36.625 	4.05265e-06 	-1.35099e-06 	0.000472382
36.6875 	4.67524e-06 	6.02302e-07 	0.000462716
36.8125 	7.16543e-06 	-2.21978e-06 	0.000470996
36.875 	8.17194e-06 	-1.66692e-06 	0.000484392
36.9375 	4.53309e-06 	-5.64756e-07 	0.000474441
37.0625 	3.53141e-06 	-1.55426e-07 	0.000492729
37.125 	4.41105e-06 	1.11598e-07 	0.000509298
37.1875 	7.11065e-06 	2.54038e-06 	0.000498507
37.25 	6.28617e-06 	-3.97317e-07 	0.000489611
37.3125 	5.9888e-06 	-2.40765e-06 	0.000486594
37.375 	4.98337e-06 	-1.47221e-06 	0.000505183
37.4375 	7.04953e-06 	-2.45464e-06 	0.000480396
37.5 	6.8113e-06 	-1.63683e-06 	0.000488675
37.5625 	3.59328e-06 	-1.38369e-06 	0.000530978
37.625 	3.52461e-06 	2.55861e-07 	0.000522842
37.75 	2.82646e-06 	-8.27452e-07 	0.000529185
37.8125 	5.43105e-06 	4.19654e-07 	0.000551163
37.875 	2.97664e-06 	-6.27621e-07 	0.000539411
37.9375 	7.1744e-06 	1.27885e-06 	0.000561123
38.0 	4.88231e-06 	1.3422e-06 	0.00056383
38.0625 	6.99487e-06 	1.2484e-06 	0.000607973
38.125 	6.11549e-06 	2.56649e-06 	0.000611871
38.1875 	6.39777e-06 	-2.41638e-06 	0.000633463
38.25 	5.01802e-06 	-4.34978e-07 	0.000630336
38.3125 	7.13437e-06 	1.29037e-06 	0.000647091
38.375 	6.48134e-06 	3.24874e-06 	0.000641275
38.4375 	7.71436e-06 	2.00319e-06 	0.000661137
38.5625 	7.27111e-06 	-1.89277e-06 	0.000666685
38.6875 	8.00077e-06 	-1.51375e-06 	0.000682041
38.8125 	4.52773e-06 	1.71114e-06 	0.000690717
38.875 	4.82915e-06 	-1.59648e-06 	0.000685069
38.9375 	8.3229e-06 	-1.73193e-06 	0.00067963
39.0 	5.50895e-06 	1.18721e-06 	0.000650104
39.0625 	8.03566e-06 	3.19393e-06 	0.000650534
39.125 	5.14481e-06 	-2.09367e-06 	0.000608636
39.1875 	5.37684e-06 	-1.33179e-06 	0.000564677
39.25 	7.64918e-06 	-2.81471e-06 	0.000581974
39.3125 	3.80013e-06 	-4.38107e-07 	0.000616938
39.5 	6.32729e-06 	-1.94443e-06 	0.00061783
39.5625 	5.58627e-06 	1.68387e-06 	0.00060081
39.625 	5.35302e-06 	2.74874e-06 	0.000583768
39.6875 	7.9766e-06 	-1.72564e-06 	0.000551382
39.75 	7.76141e-06 	1.65662e-06 	0.000534874
39.8125 	5.43128e-06 	1.59134e-06 	0.00052834
39.875 	6.19621e-06 	2.27284e-06 	0.00052059
39.9375 	6.24537e-06 	1.25854e-06 	0.000563275
40.0 	4.95932e-06 	-1.43533e-06 	0.000590269
40.125 	6.75481e-06 	-1.24702e-07 	0.000592955
40.25 	8.01821e-06 	2.84227e-06 	0.000598372
40.3125 	5.31697e-06 	-2.62384e-06 	0.000562849
40.4375 	6.5371e-06 	9.73915e-07 	0.000583842
40.5 	6.29105e-06 	2.55781e-06 	0.000584726
40.5625 	5.13419e-06 	1.52805e-06 	0.00054156
40.625 	4.01202e-06 	-1.31497e-06 	0.000519527
40.8125 	7.78783e-06 	-3.04723e-06 	0.000541987
40.9375 	7.56908e-06 	-2.37756e-06 	0.000574666
41.125 	7.56494e-06 	-2.03415e-06 	0.000539822
41.1875 	7.51449e-06 	2.74502e-06 	0.000528751
41.25 	4.10819e-06 	9.26763e-07 	0.000507947
41.3125 	5.13859e-06 	1.53415e-06 	0.000471336
41.4375 	2.17285e-06 	-3.13463e-07 	0.000471073
41.5 	6.36809e-06 	-2.15807e-06 	0.000496238
41.5625 	6.33247e-06 	3.17402e-06 	0.000488367
41.625 	7.98738e-06 	-2.57153e-06 	0.00046412
41.6875 	4.85716e-06 	-1.09338e-06 	0.000467052
41.8125 	7.32881e-06 	-1.79056e-06 	0.000487328
41.875 	4.29728e-06 	9.77954e-07 	0.000527299
41.9375 	4.23993e-06 	6.54764e-07 	0.000537054
42.0 	5.28851e-06 	2.72704e-07 	0.0005316
42.125 	7.10816e-06 	2.48644e-06 	0.000553526
42.25 	4.71986e-06 	-1.32096e-06 	0.000557068
42.375 	7.54452e-06 	-1.45073e-06 	0.000536234
42.5 	5.66028e-06 	-2.39557e-06 	0.000557165
42.6875 	6.8499e-06 	2.58262e-06 	0.00056005
42.8125 	7.8399e-06 	-2.50178e-06 	0.000554382
42.875 	6.21407e-06 	2.83392e-06 	0.000576733
42.9375 	8.11594e-06 	2.61598e-06 	0.000599892
43.0 	7.50381e-06 	3.1269e-06 	0.000582985
43.0625 	5.02242e-06 	-9.01426e-07 	0.000567718
43.125 	7.33541e-06 	-2.56027e-06 	0.000562408
43.1875 	5.67155e-06 	2.43827e-06 	0.000552451
43.3125 	7.18885e-06 	-2.71134e-06 	0.000553103
43.375 	7.64988e-06 	2.83218e-06 	0.000550812
43.5625 	5.9253e-06 	2.28902e-06 	0.00055459
43.6875 	7.60754e-06 	-1.48226e-06 	0.000561139
43.75 	3.40742e-06 	4.3103e-07 	0.000563984
43.8125 	5.67562e-06 	-1.94695e-06 	0.000563353
43.9375 	5.26164e-06 	1.42787e-06 	0.000619006
44.0 	4.33148e-06 	6.94643e-07 	0.000597915
44.0625 	5.92056e-06 	1.61254e-06 	0.0005975
44.125 	5.70125e-06 	1.74663e-06 	0.000607687
44.1875 	3.95875e-06 	-7.41383e-07 	0.000624186
44.25 	5.38362e-06 	1.36929e-06 	0.000623447
44.3125 	4.31817e-06 	1.11612e-06 	0.000639363
44.375 	7.72686e-06 	2.49133e-06 	0.000624091
44.4375 	2.61493e-06 	-4.70803e-07 	0.000651453
44.5625 	5.18335e-06 	1.70466e-06 	0.000647889
44.625 	7.28392e-06 	2.73251e-06 	0.000674427
44.6875 	5.2948e-06 	1.61074e-06 	0.000669331
44.75 	5.26572e-06 	1.72313e-06 	0.000646351
44.8125 	3.62065e-06 	5.62486e-07 	0.000661549
44.875 	2.58664e-06 	-2.65588e-07 	0.000681767
44.9375 	4.53965e-06 	1.39254e-06 	0.000725636
45.0 	6.53163e-06 	-1.81027e-06 	0.000707551
45.0625 	6.90473e-06 	2.67273e-06 	0.00071489
45.1875 	5.9491e-06 	3.00721e-06 	0.000723571
45.3125 	6.47383e-06 	-3.09942e-06 	0.000698598
45.375 	1.31576e-06 	-1.23191e-07 	0.000647098
45.5 	7.13094e-06 	-1.24765e-06 	0.000619889
45.5625 	2.7608e-06 	7.05693e-08 	0.000635472
45.625 	3.78748e-06 	-1.17893e-06 	0.000638582
45.6875 	6.59157e-06 	9.83572e-07 	0.000618319
45.75 	6.94724e-06 	-1.15752e-06 	0.000640607
45.875 	5.36026e-06 	1.69909e-06 	0.000638679
45.9375 	6.80218e-06 	-2.05289e-06 	0.000673261
46.0 	7.32811e-06 	-2.08237e-06 	0.00065448
46.0625 	2.89421e-06 	4.44425e-07 	0.000643084
46.125 	5.06955e-06 	-2.11065e-06 	0.000618061
46.3125 	3.61959e-06 	4.62547e-07 	0.000618207
46.375 	4.92256e-06 	1.62884e-06 	0.000627889
46.5625 	7.57956e-06 	2.73962e-06 	0.000633672
46.625 	5.53393e-06 	-2.73734e-06 	0.000657151
46.6875 	6.3403e-06 	2.91497e-06 	0.000668565
46.75 	4.18701e-06 	7.07588e-07 	0.000655609
46.8125 	4.46919e-06 	-1.1695e-06 	0.000647483
46.875 	6.06875e-06 	-3.11284e-06 	0.000636939
47.0 	6.15589e-06 	-3.06306e-06 	0.000619873
47.0625 	3.29112e-06 	3.43979e-07 	0.000640771
47.125 	4.98876e-06 	-1.43429e-06 	0.000615255
47.1875 	3.9833e-06 	-1.31351e-06 	0.000617451
47.25 	5.43085e-06 	1.70842e-06 	0.000620756
47.3125 	6.92583e-06 	1.60855e-06 	0.000646111
47.375 	8.26148e-06 	-9.36885e-07 	0.000632197
47.5 	5.57182e-06 	-7.63781e-07 	0.000666522
47.5625 	3.81775e-06 	5.6102e-08 	0.00064999
47.625 	6.31808e-06 	-2.6483e-06 	0.000638269
47.6875 	3.26417e-06 	1.67144e-07 	0.000645718
47.8125 	6.35472e-06 	-3.2267e-06 	0.000605174
47.875 	6.51969e-06 	3.31163e-06 	0.000559109
48.0 	6.21027e-06 	2.56233e-06 	0.000560618
48.0625 	3.77279e-06 	6.85952e-07 	0.000592241
48.1875 	7.837e-06 	-3.18087e-06 	0.000606772
48.25 	7.71949e-06 	2.47704e-06 	0.000619666
48.3125 	6.72641e-06 	-1.29444e-06 	0.00063232
48.4375 	6.94672e-06 	3.34281e-06 	0.000645825
48.5 	4.05552e-06 	8.48765e-07 	0.000669637
48.5625 	4.45262e-06 	1.26752e-06 	0.00065978
48.75 	5.95696e-06 	1.47945e-06 	0.000711013
48.8125 	6.36312e-06 	1.7577e-06 	0.000738505
48.9375 	5.22522e-06 	1.79405e-06 	0.000778161
49.0 	7.53571e-06 	-2.71443e-06 	0.000768005
49.125 	7.6899e-06 	2.81979e-06 	0.000790821
49.1875 	7.52882e-06 	-2.39323e-06 	0.000797426
49.25 	3.37757e-06 	3.95654e-07 	0.000785859
49.3125 	6.03974e-06 	-1.76227e-06 	0.000785754
49.375 	4.79554e-06 	1.26347e-06 	0.000783476
49.4375 	6.36852e-06 	-2.87917e-06 	0.000767665
49.5 	6.11953e-06 	2.8988e-06 	0.000765291
49.5625 	5.26106e-06 	2.31114e-06 	0.000793465
49.625 	6.26938e-06 	-2.65764e-06 	0.00078631
49.6875 	5.3486e-06 	-2.56814e-06 	0.000805698
49.75 	5.80819e-06 	-1.40127e-06 	0.000823618
50.0625 	7.97509e-06 	1.97966e-06 	0.000804144
50.125 	7.57461e-06 	-1.61836e-06 	0.000814339
50.25 	5.5631e-06 	-1.85761e-06 	0.000824517
50.3125 	6.64347e-06 	-1.95903e-06 	0.000855857
50.375 	4.02155e-06 	1.16454e-06 	0.000890406
50.4375 	6.00071e-06 	2.03519e-06 	0.000933238
50.5 	6.61568e-06 	-1.142e-07 	0.000917112
50.5625 	5.64444e-06 	-2.8278e-06 	0.000912752
50.625 	7.65098e-06 	2.00397e-06 	0.000925412
50.75 	7.38544e-06 	1.17282e-06 	0.000902368
50.8125 	5.39773e-06 	-1.51782e-06 	0.000889868
50.875 	5.01423e-06 	3.61393e-07 	0.000898064
50.9375 	7.9741e-06 	9.28785e-07 	0.000883895
51.0 	2.87586e-06 	2.31101e-07 	0.000905531
51.0625 	5.39348e-06 	-1.59798e-06 	0.000928789
51.125 	5.88038e-06 	-1.8484e-06 	0.000925905
51.1875 	7.12684e-06 	2.42477e-06 	0.000921454
51.25 	6.10687e-06 	-2.14262e-06 	0.000921318
51.3125 	7.20781e-06 	1.34509e-06 	0.000927964
51.375 	5.56479e-06 	-1.36797e-06 	0.000928246
51.4375 	6.58962e-06 	2.64496e-06 	0.000919691
51.5 	4.24701e-06 	-2.30255e-06 	0.000910268
51.5625 	7.66669e-06 	2.80594e-06 	0.000914501
51.625 	3.95632e-06 	6.47993e-07 	0.00092526
51.6875 	3.89079e-06 	8.10193e-07 	0.000957139
51.8125 	7.08689e-06 	2.37197e-06 	0.000968005
51.875 	8.14697e-06 	2.56802e-06 	0.00100839
52.0 	7.8172e-06 	-1.12181e-06 	0.0010071
52.0625 	7.07407e-06 	2.46566e-06 	0.0010098
52.1875 	2.79742e-06 	-3.75047e-07 	0.00101828
52.3125 	7.28512e-06 	1.97288e-06 	0.00101565
52.375 	4.56929e-06 	1.4911e-06 	0.000995865
52.4375 	6.71588e-06 	1.27918e-06 	0.00100747
52.5 	4.11575e-06 	8.7105e-07 	0.00100563
52.625 	4.58473e-06 	-1.37192e-06 	0.00103944
52.6875 	5.87202e-06 	1.58293e-06 	0.0010504
52.75 	8.13302e-06 	3.66444e-06 	0.00105616
52.8125 	5.99082e-06 	7.62319e-07 	0.0010949
52.875 	5.431e-06 	-1.65757e-06 	0.00107003
52.9375 	6.7191e-06 	1.68694e-06 	0.001055
53.0 	7.10992e-06 	-1.1807e-06 	0.00101345
53.125 	5.1479e-06 	-1.24756e-06 	0.00101634
53.1875 	6.0105e-06 	1.96529e-06 	0.000995189
53.25 	6.56452e-06 	1.74599e-06 	0.000986641
53.3125 	7.12354e-06 	2.24129e-06 	0.000996271
53.375 	6.49777e-06 	-3.37538e-06 	0.000996015
53.5 	3.80206e-06 	1.2842e-06 	0.00098794
53.5625 	4.90539e-06 	1.77893e-06 	0.00101947
53.625 	5.62108e-06 	-2.73246e-06 	0.0010055
53.6875 	5.36033e-06 	-1.27174e-06 	0.000994193
53.75 	5.43882e-06 	1.65889e-06 	0.00104017
53.8125 	5.90603e-06 	-2.36952e-06 	0.00100555
53.875 	7.65777e-06 	-3.37977e-06 	0.000998804
54.0 	6.82568e-06 	-7.16229e-07 	0.00101057
54.0625 	5.84322e-06 	2.37692e-06 	0.000979121
54.1875 	5.41354e-06 	1.86553e-06 	0.000986703
54.25 	7.82258e-06 	-1.16875e-06 	0.00102263
54.3125 	4.58127e-06 	-5.66899e-07 	0.000984361
54.375 	6.62929e-06 	1.96274e-06 	0.000956946
54.4375 	4.51643e-06 	8.78278e-07 	0.000969999
54.6875 	3.94082e-06 	-1.21748e-06 	0.00098263
54.8125 	4.41621e-06 	1.33099e-06 	0.000940736
54.875 	3.64741e-06 	1.34465e-07 	0.000974393
54.9375 	3.66268e-06 	6.84372e-07 	0.000990646
55.0 	4.95756e-06 	1.38634e-06 	0.000958806
55.0625 	4.83049e-06 	4.56477e-07 	0.000952563
55.125 	4.36128e-06 	-1.20061e-06 	0.000938221
55.1875 	5.68209e-06 	1.93683e-06 	0.000945689
55.3125 	5.97918e-06 	2.04198e-06 	0.000944693
55.4375 	6.8835e-06 	-2.16235e-06 	0.000980574
55.5 	5.0224e-06 	-1.02498e-06 	0.000992584
55.625 	5.314e-06 	-2.57898e-06 	0.000988682
55.6875 	7.66703e-06 	-3.32358e-06 	0.00100998
55.75 	7.521e-06 	2.41479e-06 	0.00102643
55.8125 	5.0711e-06 	-5.41319e-07 	0.000999977
55.875 	3.25237e-06 	3.21953e-07 	0.00100308
55.9375 	6.78561e-06 	2.0931e-06 	0.00102808
56.0 	4.2705e-06 	-1.11758e-06 	0.00101285
56.0625 	6.57015e-06 	8.47631e-07 	0.00103109
56.1875 	4.33671e-06 	-1.25839e-06 	0.00103567
56.3125 	6.66832e-06 	1.87103e-06 	0.00103649
56.375 	5.49906e-06 	1.58505e-06 	0.0011134
56.4375 	6.58561e-06 	-3.20151e-06 	0.00110734
56.5625 	4.66427e-06 	-1.27787e-06 	0.00113201
56.6875 	6.15794e-06 	2.307e-06 	0.00113176
56.75 	5.09633e-06 	1.37204e-06 	0.00111908
56.8125 	6.00285e-06 	9.78814e-07 	0.00113937
56.9375 	4.20404e-06 	-1.18623e-06 	0.00118169
57.0 	2.91718e-06 	1.11141e-06 	0.00118313
57.0625 	5.77193e-06 	2.71894e-06 	0.00119029
57.1875 	5.86907e-06 	-1.77639e-06 	0.00122323
57.25 	6.19166e-06 	-2.84964e-06 	0.00123148
57.3125 	6.26956e-06 	-1.93032e-06 	0.0012721
57.375 	4.22357e-06 	1.23221e-06 	0.00130338
57.4375 	8.00093e-06 	-2.55717e-06 	0.0013076
57.5 	4.25874e-06 	-8.31174e-07 	0.00130959
57.5625 	7.82937e-06 	2.86846e-06 	0.00133126
57.625 	7.11608e-06 	1.27527e-06 	0.00135543
57.6875 	8.07697e-06 	-2.55353e-06 	0.00135042
57.75 	5.22258e-06 	-1.75216e-06 	0.00131876
57.8125 	5.94326e-06 	1.42064e-06 	0.00134014
58.0 	5.32554e-06 	1.98559e-06 	0.00136311
58.0625 	4.93222e-06 	1.70006e-06 	0.00134926
58.125 	6.70688e-06 	3.26514e-06 	0.00134397
58.1875 	5.99719e-06 	-5.49809e-07 	0.00132709
58.25 	6.32205e-06 	3.02899e-07 	0.00135416
58.3125 	6.7395e-06 	2.57833e-06 	0.00132718
58.4375 	6.58978e-06 	-9.91722e-07 	0.00129727
58.5625 	5.28843e-06 	-9.15991e-07 	0.00129855
58.625 	6.99038e-06 	-1.72861e-06 	0.00133572
58.6875 	6.85089e-06 	-2.09708e-06 	0.00134884
58.8125 	7.12466e-06 	1.73118e-06 	0.0013381
58.875 	5.20018e-06 	1.2594e-07 	0.00129016
58.9375 	7.82283e-06 	-2.58553e-06 	0.00130425
59.0 	4.51846e-06 	-9.32486e-07 	0.00126666
59.125 	4.49005e-06 	1.23868e-06 	0.00129378
59.25 	6.66889e-06 	-1.1853e-06 	0.0013217
59.3125 	5.98092e-06 	-2.90685e-06 	0.00133122
59.375 	4.76842e-06 	-1.42203e-06 	0.00130544
59.4375 	7.51507e-06 	2.90919e-06 	0.00128461
59.5 	5.50945e-06 	-1.69583e-06 	0.00131484
59.5625 	5.06367e-06 	2.15281e-06 	0.00132168
59.6875 	5.50356e-06 	1.49539e-06 	0.00131246
59.8125 	4.18425e-06 	9.0326e-07 	0.00126156
59.875 	6.61827e-06 	2.40666e-06 	0.00133034
59.9375 	5.11823e-06 	-1.801e-06 	0.00135874
60.0 	4.90734e-06 	7.95308e-07 	0.00134164
60.0625 	6.1788e-06 	-1.86995e-06 	0.00133157
60.125 	2.58968e-06 	-8.86566e-08 	0.0013562
60.375 	4.6054e-06 	1.29184e-06 	0.00134033
60.4375 	5.45415e-06 	-1.61155e-06 	0.0013314
60.5 	3.79536e-06 	9.68104e-07 	0.00136763
60.5625 	7.16746e-06 	-2.72879e-06 	0.00137151
60.625 	6.38602e-06 	3.003e-06 	0.00135086
60.75 	4.27114e-06 	-1.34856e-06 	0.00133583
60.8125 	6.04759e-06 	1.49347e-06 	0.00137069
60.875 	7.837e-06 	-2.37265e-06 	0.00141614
61.0 	5.06374e-06 	1.77711e-06 	0.00141497
61.125 	7.34526e-06 	-2.4299e-06 	0.00143778
61.1875 	5.87328e-06 	2.87324e-06 	0.0014419
61.25 	8.03578e-06 	-1.27195e-06 	0.00144495
61.3125 	4.45186e-06 	-9.82203e-07 	0.0014657
61.375 	5.69344e-06 	-6.23781e-07 	0.00145278
61.4375 	7.31096e-06 	2.57593e-06 	0.00147291
61.5 	3.86122e-06 	-1.13793e-06 	0.0014694
61.625 	7.58986e-06 	-1.59588e-06 	0.00144793
61.6875 	5.53548e-06 	1.76982e-06 	0.00145559
61.8125 	4.81262e-06 	-1.3674e-06 	0.0014389
61.875 	6.41164e-06 	-2.36049e-06 	0.00141577
61.9375 	5.33039e-06 	1.58918e-06 	0.00138584
62.0 	7.84397e-06 	-1.71419e-06 	0.00144708
62.125 	5.08037e-06 	1.23675e-06 	0.00144548
62.1875 	3.94921e-06 	6.04997e-07 	0.00145354
62.25 	5.48232e-06 	1.13025e-06 	0.0014471
62.375 	3.60625e-06 	-4.01194e-07 	0.00145652
62.5 	5.26564e-06 	1.66481e-06 	0.00147579
62.5625 	4.76575e-06 	1.42247e-06 	0.00148763
62.6875 	6.93002e-06 	2.6449e-06 	0.00147957
62.75 	5.07404e-06 	1.36353e-06 	0.0014747
62.875 	4.92566e-06 	-1.07512e-06 	0.00145194
62.9375 	5.15873e-06 	-1.43019e-06 	0.0014609
63.0 	6.35959e-06 	-2.52233e-06 	0.00141678
63.125 	4.24911e-06 	-7.11935e-07 	0.0014288
63.25 	3.06384e-06 	1.14775e-06 	0.0014372
63.4375 	5.6313e-06 	2.73812e-06 	0.00142084
63.5625 	7.84508e-06 	1.94005e-06 	0.00140784
63.625 	5.92215e-06 	-5.90443e-07 	0.00145295
63.8125 	5.33186e-06 	-1.75233e-06 	0.00146415
63.9375 	4.30266e-06 	7.048e-07 	0.00146018
64.0 	5.08853e-06 	1.57172e-06 	0.0014481
64.0625 	6.28723e-06 	2.68122e-06 	0.00148706
64.25 	5.59961e-06 	2.72726e-06 	0.00147273
64.3125 	4.67487e-06 	1.41228e-06 	0.00149647
64.4375 	4.06196e-06 	-1.03982e-06 	0.00150408
64.5625 	4.63489e-06 	1.42522e-06 	0.00152303
64.6875 	4.81309e-06 	1.45201e-06 	0.00152861
64.75 	5.28372e-06 	-1.64364e-06 	0.00150808
64.8125 	7.20966e-06 	-1.70366e-06 	0.001476
64.875 	7.51282e-06 	2.12284e-06 	0.00145741
64.9375 	5.09308e-06 	-1.34635e-06 	0.00148687
65.0 	5.01887e-06 	-1.49092e-06 	0.00146618
65.0625 	4.80531e-06 	1.33583e-06 	0.00148007
65.125 	8.19612e-06 	-1.11819e-06 	0.00151513
65.25 	4.17922e-06 	-4.78483e-07 	0.00153252
65.5 	7.41051e-06 	-2.56591e-06 	0.00153164
65.625 	7.61854e-06 	2.82114e-06 	0.00153732
65.6875 	8.032e-06 	2.92666e-06 	0.00156998
65.75 	4.63454e-06 	-6.73037e-07 	0.00155998
65.8125 	8.06206e-06 	-2.69291e-06 	0.00153414
65.9375 	4.52893e-06 	-1.24779e-06 	0.00149407
66.0 	5.69727e-06 	-2.68263e-06 	0.00150686
66.0625 	7.3398e-06 	2.22379e-06 	0.00154861
66.1875 	5.35633e-06 	-1.87661e-06 	0.00154546
66.25 	5.45673e-06 	1.53139e-06 	0.00154411
66.3125 	5.8147e-06 	-1.2566e-06 	0.00152596
66.375 	6.01793e-06 	-2.93753e-06 	0.00156783
66.4375 	7.7065e-06 	-2.8981e-06 	0.00155713
66.5 	5.61719e-06 	1.85985e-06 	0.00155518
66.625 	7.33601e-06 	-2.99046e-06 	0.00157049
66.75 	4.6818e-06 	1.5025e-06 	0.00158248
66.8125 	5.73262e-06 	-2.11411e-06 	0.00159793
66.875 	3.86596e-06 	1.31455e-07 	0.00153036
66.9375 	4.24328e-06 	-1.00686e-06 	0.00156689
67.0 	5.40099e-06 	1.35258e-06 	0.0016299
67.125 	7.84533e-06 	2.56161e-06 	0.00164277
67.1875 	5.30607e-06 	-1.93982e-06 	0.00161965
67.25 	7.54463e-06 	-2.43937e-06 	0.00162828
67.3125 	4.87958e-06 	-3.12467e-07 	0.0016555
67.375 	7.83362e-06 	-1.88182e-06 	0.0016719
67.4375 	5.2308e-06 	-1.94427e-06 	0.00166665
67.5 	5.71789e-06 	2.67688e-06 	0.00167599
67.5625 	4.92869e-06 	-9.2026e-07 	0.00169409
67.8125 	5.14415e-06 	-1.40768e-06 	0.00168089
67.875 	5.12223e-06 	-6.32954e-07 	0.00164809
67.9375 	7.62046e-06 	9.4078e-07 	0.00164488
68.0 	7.11624e-06 	1.11679e-06 	0.00163487
68.0625 	4.37149e-06 	-1.49484e-06 	0.00162714
68.125 	5.27353e-06 	7.16811e-07 	0.00160166
68.1875 	5.14823e-06 	1.62576e-06 	0.00160682
68.25 	6.47571e-06 	-4.95898e-07 	0.00161503
68.3125 	3.44702e-06 	7.02971e-07 	0.00162032
68.375 	6.0051e-06 	-2.46735e-06 	0.00160506
68.4375 	6.013e-06 	-2.36233e-06 	0.001574
68.5 	6.53415e-06 	-2.43447e-06 	0.00157233
68.5625 	7.20219e-06 	-6.58594e-07 	0.00156138
68.625 	8.29238e-06 	-1.6401e-06 	0.00158781
68.6875 	6.25222e-06 	-2.2378e-06 	0.00157569
68.75 	5.37484e-06 	-2.62808e-06 	0.00154142
68.8125 	7.10597e-06 	-2.52972e-06 	0.00153992
68.875 	5.40805e-06 	2.82863e-06 	0.00156272
68.9375 	2.53817e-06 	3.71681e-08 	0.00155506
69.0625 	4.12897e-06 	7.79542e-07 	0.00153394
69.125 	7.2706e-06 	2.77842e-06 	0.00153449
69.1875 	6.43346e-06 	-8.36224e-07 	0.00150892
69.25 	7.57022e-06 	-2.37073e-06 	0.00150917
69.3125 	4.52803e-06 	-1.25746e-06 	0.00152381
69.4375 	6.40598e-06 	1.8965e-06 	0.00152831
69.5 	5.16284e-06 	-1.64086e-06 	0.00154644
69.625 	5.58903e-06 	-2.72662e-06 	0.00150827
69.75 	4.81609e-06 	-2.00692e-06 	0.00150936
69.8125 	5.58719e-06 	1.42754e-06 	0.00150933
69.875 	4.5546e-06 	-1.21691e-06 	0.00150453
69.9375 	7.93951e-06 	-3.24685e-06 	0.00152051
