# time 	Local 	Global 	Cumulative
0.333274 	6.05705e-06 	2.54332e-06 	5.20242e-06
0.579973 	6.82176e-06 	-2.16282e-06 	1.60823e-05
0.642226 	7.56534e-06 	-1.79229e-06 	1.71052e-05
0.70448 	6.44305e-06 	-3.19463e-06 	1.5136e-05
0.766734 	5.56414e-06 	-2.75662e-06 	3.14266e-05
0.828988 	5.78318e-06 	2.81732e-06 	-2.94681e-06
1.01575 	4.98886e-06 	1.4237e-06 	-6.55293e-06
1.078 	7.79469e-06 	1.97547e-06 	-2.06718e-05
1.20251 	6.42952e-06 	-1.8092e-06 	-1.92695e-05
1.26477 	7.948e-06 	2.72545e-06 	-1.35465e-05
1.38927 	6.90784e-06 	-1.96845e-06 	-7.60985e-06
1.45153 	5.0098e-06 	-1.18333e-06 	-2.75368e-05
1.51378 	4.36121e-06 	-1.37935e-06 	-4.03321e-05
1.57604 	7.74491e-06 	5.73426e-07 	-3.35101e-05
1.7628 	5.6808e-06 	1.75015e-06 	2.30327e-05
1.8873 	3.68347e-06 	4.31768e-07 	5.07743e-05
1.94956 	6.03151e-06 	-7.02865e-07 	7.24396e-05
2.07407 	3.4634e-06 	3.65915e-07 	8.66802e-05
2.19857 	4.72174e-06 	-1.59001e-06 	8.13968e-05
2.26083 	4.58727e-06 	9.90479e-07 	6.40359e-05
2.32308 	6.58401e-06 	2.00377e-06 	7.10069e-05
2.38534 	7.11846e-06 	-1.24479e-06 	9.55467e-05
2.44759 	2.75131e-06 	-3.2347e-07 	0.000152378
2.63435 	4.85161e-06 	1.40694e-06 	0.000174742
2.69661 	4.25666e-06 	8.4792e-07 	0.000208076
2.88337 	4.60418e-06 	1.25273e-06 	0.000221494
2.94562 	6.48404e-06 	-9.40099e-07 	0.000250713
3.07013 	5.41841e-06 	2.17555e-06 	0.000218927
3.13238 	5.55484e-06 	-1.30998e-06 	0.000235284
3.19464 	4.88715e-06 	1.67824e-06 	0.00024101
3.25689 	6.27179e-06 	2.5758e-06 	0.000255717
3.31914 	8.08484e-06 	-2.60706e-06 	0.000264182
3.3814 	6.00766e-06 	-2.10395e-06 	0.000243929
3.44365 	3.93671e-06 	7.90859e-07 	0.000253002
3.50591 	5.9641e-06 	-1.39704e-06 	0.000240652
3.56816 	5.87564e-06 	-7.6166e-07 	0.000252419
3.69267 	4.16992e-06 	8.27114e-07 	0.000249915
3.75492 	7.15463e-06 	2.45669e-06 	0.000245922
3.81718 	6.03065e-06 	-1.99155e-06 	0.000234441
3.87943 	6.23263e-06 	-1.36927e-06 	0.000226486
4.00394 	5.30961e-06 	-1.34986e-06 	0.000205307
4.06619 	3.70064e-06 	-3.41759e-07 	0.000211639
4.12845 	5.51996e-06 	1.11396e-06 	0.000243471
4.1907 	5.30662e-06 	1.79891e-06 	0.000254006
4.25295 	8.0453e-06 	-7.52283e-07 	0.000239645
4.31521 	6.15315e-06 	-1.0914e-06 	0.000215025
4.37746 	6.16071e-06 	1.0706e-06 	0.000232691
4.50197 	4.66069e-06 	-1.29683e-06 	0.000252206
4.56422 	6.94485e-06 	4.72246e-07 	0.00023721
4.62648 	7.8281e-06 	-3.25921e-06 	0.000243154
4.68873 	7.77515e-06 	-3.31359e-06 	0.000201083
4.75098 	5.31676e-06 	8.37195e-07 	0.000179418
4.81324 	4.8774e-06 	-1.47187e-06 	0.000185107
4.87549 	6.92249e-06 	1.18757e-06 	0.000194628
4.93775 	5.65912e-06 	8.76522e-07 	0.000201097
5.0 	7.92139e-06 	3.15272e-06 	0.000238147
5.0625 	8.04168e-06 	2.31565e-06 	0.000233485
5.125 	7.23517e-06 	1.07754e-06 	0.000211881
5.25 	5.56472e-06 	2.66833e-06 	0.000234074
5.3125 	7.61641e-06 	2.52435e-06 	0.000246763
5.375 	7.08545e-06 	1.05849e-06 	0.000257371
5.5 	4.54737e-06 	-1.33088e-06 	0.000241608
5.5625 	2.72813e-06 	4.79228e-07 	0.000265383
5.625 	2.78247e-06 	1.7454e-07 	0.00031228
5.6875 	5.00832e-06 	2.02692e-06 	0.000309465
5.75 	6.07798e-06 	3.008e-06 	0.000290162
5.8125 	5.98934e-06 	2.98309e-06 	0.000273038
5.875 	5.39503e-06 	1.97084e-06 	0.000294179
5.9375 	3.86991e-06 	2.06348e-07 	0.000297048
6.0 	4.06182e-06 	-1.61682e-06 	0.000302252
6.125 	6.73799e-06 	2.12837e-06 	0.000353305
6.1875 	4.99517e-06 	1.40287e-06 	0.000356562
6.25 	4.38999e-06 	-8.78811e-07 	0.000376954
6.3125 	5.61314e-06 	1.5583e-06 	0.000377384
6.4375 	5.22075e-06 	-1.43537e-06 	0.00039008
6.6875 	5.92288e-06 	2.09421e-06 	0.00036096
6.75 	7.62518e-06 	-2.60761e-06 	0.000352882
6.8125 	7.04014e-06 	5.24052e-07 	0.000338395
6.9375 	4.54191e-06 	-1.61139e-06 	0.000302243
7.0 	4.38622e-06 	-1.1191e-06 	0.000299917
7.0625 	6.04844e-06 	2.23412e-06 	0.000285109
7.125 	5.92718e-06 	-2.31565e-06 	0.000286434
7.1875 	6.01869e-06 	-2.53023e-06 	0.000297834
7.25 	7.11196e-06 	-1.46841e-06 	0.000305759
7.4375 	7.70443e-06 	2.72882e-06 	0.000279273
7.5625 	5.64716e-06 	-2.73081e-06 	0.000305849
7.625 	3.77432e-06 	9.30905e-07 	0.0003344
7.6875 	5.67674e-06 	2.63812e-06 	0.000354689
7.8125 	4.95115e-06 	1.21573e-06 	0.00037865
7.9375 	5.19374e-06 	1.82647e-06 	0.000371983
8.0 	7.80938e-06 	-2.3325e-06 	0.000388128
8.0625 	4.57409e-06 	-6.66811e-07 	0.000344715
8.125 	7.84687e-06 	-2.38893e-06 	0.000364088
8.25 	4.47072e-06 	-2.01322e-06 	0.000353949
8.3125 	6.52715e-06 	-9.20051e-07 	0.000331136
8.375 	4.14643e-06 	6.77873e-07 	0.000338602
8.4375 	4.53659e-06 	9.93275e-07 	0.000333431
8.5 	7.8944e-06 	-3.16233e-06 	0.000296308
8.5625 	4.3635e-06 	-1.39108e-06 	0.000278713
8.8125 	5.25204e-06 	1.40586e-07 	0.000231169
8.9375 	6.22024e-06 	-1.56846e-06 	0.000202727
9.0 	3.90055e-06 	5.52234e-07 	0.000244402
9.0625 	5.29209e-06 	1.81312e-06 	0.000214677
9.125 	7.90729e-06 	-2.92668e-06 	0.000231568
9.1875 	5.3754e-06 	-7.16071e-07 	0.000222117
9.25 	3.97655e-06 	-6.07533e-07 	0.000252517
9.3125 	7.29017e-06 	-2.54773e-06 	0.000244602
9.375 	7.82e-06 	-1.28306e-06 	0.000244945
9.4375 	7.69307e-06 	-2.05507e-06 	0.000203647
9.5625 	4.0281e-06 	1.03858e-06 	0.000164571
9.625 	7.07501e-06 	-9.82798e-07 	0.000175856
9.6875 	5.31044e-06 	2.16815e-06 	0.000188519
9.8125 	5.3119e-06 	-1.10606e-06 	0.00020638
9.875 	5.01091e-06 	1.70456e-06 	0.000218167
9.9375 	5.74071e-06 	2.78019e-06 	0.000253393
10.0 	2.25634e-06 	2.40884e-08 	0.000232622
10.0625 	3.84427e-06 	-3.49543e-07 	0.000212463
10.1875 	4.92397e-06 	9.36673e-07 	0.00020273
10.3125 	4.18148e-06 	-1.00035e-06 	0.000208212
10.375 	4.98238e-06 	-1.39999e-06 	0.000206334
10.5625 	6.34582e-06 	-1.67324e-06 	0.000208389
10.625 	7.17241e-06 	-2.82909e-06 	0.000221199
10.6875 	7.25854e-06 	-2.2732e-06 	0.000200165
10.75 	8.05212e-06 	-2.52975e-06 	0.000184126
10.8125 	3.61196e-06 	-8.92485e-07 	0.000186355
10.875 	5.36158e-06 	-4.12096e-07 	0.000196632
11.0 	6.51741e-06 	-2.657e-06 	0.000233856
11.0625 	8.16204e-06 	-2.5505e-06 	0.000242114
11.1875 	3.50586e-06 	5.81293e-07 	0.000235155
11.375 	6.72844e-06 	-1.49104e-06 	0.000275484
11.4375 	7.32186e-06 	-3.54812e-06 	0.000267841
11.5625 	6.29295e-06 	-6.15314e-07 	0.000280916
11.625 	7.58278e-06 	2.72114e-06 	0.000278106
11.6875 	8.4168e-06 	-1.528e-06 	0.000274705
11.75 	7.31725e-06 	-2.75283e-06 	0.000261412
11.8125 	4.54227e-06 	1.53929e-06 	0.000286958
11.875 	6.26766e-06 	1.90287e-06 	0.000288157
11.9375 	6.13598e-06 	-2.88351e-06 	0.000294959
12.0 	6.59423e-06 	-3.20759e-06 	0.0002954
12.0625 	5.75464e-06 	2.0665e-06 	0.000248503
12.125 	8.0227e-06 	2.80489e-06 	0.000216955
12.1875 	7.47296e-06 	-2.43365e-06 	0.000222173
12.25 	5.83266e-06 	1.94431e-06 	0.000237444
12.3125 	6.12897e-06 	-1.88794e-06 	0.00022405
12.375 	7.74488e-06 	-3.03464e-06 	0.000250811
12.5625 	6.98469e-06 	2.15842e-06 	0.000222064
12.625 	4.99375e-06 	-1.82676e-06 	0.000215069
12.6875 	6.04029e-06 	1.95847e-06 	0.000223766
12.75 	5.70629e-06 	-9.17245e-07 	0.00024198
12.8125 	4.96108e-06 	-8.65101e-07 	0.00023402
12.875 	7.28126e-06 	-5.92126e-07 	0.000225275
13.0 	3.95514e-06 	1.00502e-06 	0.000185952
13.0625 	5.13137e-06 	-1.59446e-06 	0.000161574
13.125 	6.35886e-06 	-8.59974e-08 	0.000193197
13.1875 	6.70222e-06 	-2.24609e-06 	0.000165806
13.25 	5.09426e-06 	-1.45117e-06 	0.000147111
13.375 	4.20896e-06 	1.18455e-07 	0.000173435
13.4375 	6.2025e-06 	1.26468e-06 	0.000158567
13.5 	5.83601e-06 	2.87621e-06 	0.000173863
13.5625 	5.3526e-06 	-1.67817e-06 	0.000182583
13.625 	8.01928e-06 	1.40647e-06 	0.000204776
13.6875 	5.31805e-06 	1.27317e-06 	0.000225826
14.0 	5.52551e-06 	1.40202e-06 	0.000255935
14.0625 	6.93812e-06 	-2.9508e-06 	0.000257494
14.125 	6.71383e-06 	2.19255e-06 	0.000245922
14.1875 	4.42896e-06 	8.48445e-07 	0.000295301
14.3125 	7.71849e-06 	2.03106e-06 	0.000309421
14.375 	3.96573e-06 	1.32689e-06 	0.000281081
14.4375 	4.54327e-06 	2.02623e-06 	0.000283871
14.5 	4.06064e-06 	-1.31583e-06 	0.000241123
14.625 	5.05638e-06 	1.67997e-06 	0.000248895
14.6875 	7.87115e-06 	-4.0034e-06 	0.000217614
14.75 	4.61277e-06 	1.22432e-06 	0.000204457
14.8125 	6.13822e-06 	3.44785e-07 	0.000204393
14.875 	4.09136e-06 	6.89355e-07 	0.000196425
14.9375 	5.33525e-06 	-1.68579e-06 	0.000203318
15.0 	7.58524e-06 	2.82841e-06 	0.00020064
15.1875 	5.17753e-06 	2.48776e-06 	0.000211504
15.25 	5.00422e-06 	-2.34019e-06 	0.000183976
15.3125 	8.08522e-06 	-3.01097e-06 	0.000183293
15.375 	7.81749e-06 	1.01312e-06 	0.000149882
15.4375 	4.39043e-06 	2.05141e-06 	0.000140323
15.5 	6.59687e-06 	2.4521e-06 	0.000134609
15.5625 	7.5142e-06 	1.67632e-06 	0.000122133
15.75 	5.48117e-06 	-2.01749e-06 	0.000150546
15.8125 	8.16359e-06 	3.27041e-06 	0.000204058
15.875 	4.13024e-06 	-1.18324e-06 	0.000220283
15.9375 	5.6012e-06 	1.8151e-06 	0.000214419
16.0 	5.18057e-06 	-9.90703e-07 	0.000243336
16.0625 	4.57668e-06 	1.21172e-06 	0.000286788
16.125 	7.83515e-06 	-1.14416e-06 	0.000320649
16.1875 	4.27424e-06 	-5.30351e-07 	0.00031598
16.25 	5.42192e-06 	-2.66911e-06 	0.000287037
16.3125 	3.35184e-06 	-1.53404e-06 	0.000256115
16.375 	4.62238e-06 	1.45174e-06 	0.000272267
16.4375 	4.03854e-06 	1.10136e-06 	0.000284274
16.5 	4.60353e-06 	9.14903e-07 	0.000277604
16.625 	6.6469e-06 	-3.12293e-06 	0.000243259
16.6875 	7.69568e-06 	3.07459e-06 	0.000238616
16.75 	7.79457e-06 	9.0818e-07 	0.000237267
16.8125 	4.26094e-06 	1.25228e-06 	0.000245312
16.875 	7.00901e-06 	-9.67e-07 	0.000256468
16.9375 	5.69628e-06 	-3.38396e-08 	0.000285735
17.25 	7.99152e-06 	3.13372e-06 	0.00032128
17.3125 	4.30336e-06 	-1.14405e-06 	0.000310098
17.375 	5.66214e-06 	1.10859e-06 	0.000330769
17.4375 	4.97936e-06 	-1.51274e-06 	0.000318402
17.5 	5.03034e-06 	-1.43707e-06 	0.000307669
17.5625 	7.41261e-06 	-2.15536e-06 	0.000289701
17.625 	6.09499e-06 	2.68416e-06 	0.000299602
17.6875 	3.17153e-06 	2.41433e-07 	0.000332923
17.75 	5.71105e-06 	-1.65427e-06 	0.000329462
17.8125 	5.03824e-06 	-1.59484e-06 	0.000326743
18.0 	3.37164e-06 	4.00853e-07 	0.000355949
18.0625 	7.96992e-06 	-2.13744e-06 	0.000367544
18.125 	6.10289e-06 	-1.90888e-06 	0.000359165
18.1875 	6.27218e-06 	1.42795e-06 	0.000351114
18.25 	5.02097e-06 	2.3816e-06 	0.000316616
18.3125 	6.62081e-06 	2.00241e-06 	0.0003264
18.375 	5.02875e-06 	4.77174e-07 	0.000306175
18.4375 	4.29333e-06 	1.152e-06 	0.000316778
18.5 	6.05891e-06 	-3.13041e-06 	0.00032605
18.5625 	4.49401e-06 	-1.24373e-06 	0.000331459
18.625 	8.22967e-06 	3.0839e-06 	0.000312417
18.75 	7.73425e-06 	2.33316e-06 	0.000355624
18.8125 	7.46317e-06 	-2.43605e-06 	0.000358472
18.875 	6.65455e-06 	-3.22967e-06 	0.000384493
18.9375 	7.73458e-06 	1.48178e-06 	0.000376616
19.125 	8.08795e-06 	-2.20801e-06 	0.000363881
19.25 	6.54035e-06 	-1.26389e-06 	0.000356318
19.3125 	7.14464e-06 	-1.79249e-06 	0.000375116
19.375 	8.30113e-06 	3.31383e-06 	0.000388045
19.4375 	6.91206e-06 	1.8193e-06 	0.000409615
19.5 	7.82102e-06 	2.94133e-06 	0.000393621
19.625 	4.91866e-06 	1.67646e-06 	0.000420687
19.6875 	6.74883e-06 	-7.96705e-07 	0.000393189
19.75 	6.30559e-06 	2.86138e-06 	0.000428489
19.9375 	4.73134e-06 	1.57472e-06 	0.000373535
20.0 	8.19541e-06 	-2.16078e-06 	0.00037509
20.0625 	6.17227e-06 	2.94577e-06 	0.000404091
20.125 	5.15846e-06 	-1.44727e-06 	0.000396357
20.1875 	6.5542e-06 	-2.05653e-06 	0.000402737
20.25 	5.99911e-06 	2.09348e-06 	0.000398606
20.3125 	4.4452e-06 	-1.23311e-06 	0.00039028
20.375 	3.83369e-06 	5.90586e-07 	0.000396308
20.4375 	7.35605e-06 	1.85984e-06 	0.000438704
20.5 	8.13316e-06 	2.38715e-06 	0.000464735
20.5625 	5.11833e-06 	1.67436e-06 	0.000442413
20.625 	6.03658e-06 	1.58746e-06 	0.000423039
20.6875 	4.38077e-06 	-1.19249e-06 	0.000409532
20.75 	5.97746e-06 	-1.95856e-06 	0.000364512
20.8125 	6.96122e-06 	-1.24328e-06 	0.000358315
20.875 	7.47449e-06 	1.90914e-06 	0.000370075
21.0 	7.09967e-06 	-3.15123e-06 	0.000388462
21.0625 	8.10853e-06 	3.19973e-06 	0.000370042
21.1875 	5.59763e-06 	-1.95059e-06 	0.000343451
21.3125 	4.66003e-06 	-1.26092e-06 	0.000286746
21.375 	4.05154e-06 	-1.02895e-06 	0.00028808
21.4375 	4.45283e-06 	-1.53703e-06 	0.000276104
21.5625 	5.41058e-06 	-1.85378e-06 	0.000272297
21.625 	5.24744e-06 	-1.27293e-06 	0.000263105
21.6875 	5.62183e-06 	-1.80591e-06 	0.00025747
21.75 	3.97903e-06 	4.50292e-07 	0.000248869
21.8125 	7.98334e-06 	-2.8513e-06 	0.000236344
21.875 	7.10783e-06 	-2.6747e-06 	0.000178986
21.9375 	4.10401e-06 	-1.70361e-06 	0.000170755
22.0 	7.44634e-06 	8.1393e-07 	0.000164234
22.125 	7.10355e-06 	1.63459e-06 	0.000160702
22.1875 	3.93313e-06 	1.05254e-06 	0.000144374
22.25 	5.12467e-06 	1.35407e-06 	0.00016052
22.3125 	4.61947e-06 	-1.59689e-06 	0.000181727
22.375 	4.7612e-06 	-1.46531e-06 	0.000171396
22.625 	4.92374e-06 	2.16382e-06 	0.000196426
22.6875 	7.77028e-06 	-1.61763e-06 	0.000191245
22.75 	7.30077e-06 	-2.30918e-06 	0.000182168
22.8125 	2.76225e-06 	5.18023e-08 	0.000179045
22.9375 	6.3314e-06 	-3.28195e-06 	0.000169371
23.0 	4.40684e-06 	-1.79958e-06 	0.000144738
23.0625 	4.22229e-06 	1.10518e-06 	0.000145302
23.125 	5.51583e-06 	1.65283e-06 	0.000147956
23.1875 	4.81026e-06 	-5.68028e-07 	0.000142389
23.3125 	3.56073e-06 	-8.68679e-07 	0.000164987
23.375 	7.41046e-06 	2.47614e-06 	0.000181414
23.4375 	7.72468e-06 	1.39062e-06 	0.000211279
23.5625 	3.27925e-06 	6.10044e-07 	0.000210053
23.6875 	4.86033e-06 	1.56692e-06 	0.00022757
23.75 	7.63079e-06 	-2.8795e-06 	0.000217117
23.8125 	5.085e-06 	-1.29294e-06 	0.000224602
23.875 	5.77695e-06 	-2.96275e-06 	0.000153773
23.9375 	4.04457e-06 	6.75477e-07 	0.000139004
24.0 	5.33235e-06 	1.63449e-06 	0.000148806
24.0625 	4.68617e-06 	-1.57849e-06 	0.000189477
24.125 	4.5759e-06 	1.58456e-06 	0.00020811
24.1875 	4.50151e-06 	-7.07181e-07 	0.000226245
24.3125 	4.48397e-06 	-9.10277e-07 	0.00023956
24.375 	6.84388e-06 	1.06665e-06 	0.000250054
24.4375 	7.05528e-06 	6.71537e-07 	0.000270825
24.5 	7.48849e-06 	2.01055e-06 	0.000270497
24.5625 	4.11311e-06 	-4.18376e-07 	0.000249373
24.625 	4.22603e-06 	8.95948e-07 	0.000225548
24.6875 	5.21709e-06 	1.61739e-06 	0.000230977
24.75 	4.83816e-06 	1.63794e-06 	0.0002377
24.8125 	7.78606e-06 	-2.44695e-06 	0.000217722
25.0 	3.16098e-06 	7.0693e-07 	0.000250131
25.0625 	5.15122e-06 	1.48459e-06 	0.000257878
25.125 	5.40558e-06 	-1.57274e-06 	0.000306173
25.25 	3.17705e-06 	4.05527e-07 	0.000276878
25.3125 	5.80771e-06 	-1.23126e-06 	0.000265664
25.5 	5.45667e-06 	1.9757e-06 	0.000317496
25.5625 	3.3555e-06 	2.58742e-07 	0.000357616
25.625 	5.32262e-06 	1.70166e-06 	0.000354308
25.6875 	4.64514e-06 	-1.29376e-06 	0.000355419
25.75 	7.04639e-06 	-2.46972e-06 	0.000379182
25.8125 	6.78726e-06 	2.14129e-06 	0.000413357
25.875 	6.33497e-06 	-1.89306e-06 	0.000408315
25.9375 	8.0413e-06 	2.64929e-06 	0.000406583
26.0 	4.51889e-06 	-1.03677e-06 	0.000422127
26.0625 	7.88389e-06 	-2.93413e-06 	0.000400259
26.125 	4.54402e-06 	1.24256e-06 	0.000396446
26.25 	6.94242e-06 	-2.07208e-06 	0.000388241
26.3125 	5.53009e-06 	2.13178e-06 	0.000351241
26.375 	7.71086e-06 	2.4375e-06 	0.000365779
26.4375 	5.41074e-06 	2.47188e-06 	0.000365019
26.5 	3.66177e-06 	-4.56654e-07 	0.000381241
26.5625 	5.08093e-06 	-1.66142e-06 	0.000348477
26.625 	7.981e-06 	-3.32077e-06 	0.000342051
26.6875 	4.9277e-06 	-1.72406e-06 	0.000299832
26.875 	7.9943e-06 	-2.43274e-06 	0.000319076
26.9375 	4.95759e-06 	1.23684e-06 	0.000358259
27.0 	6.11162e-06 	-2.94372e-06 	0.000378294
27.0625 	7.21267e-06 	-3.42013e-06 	0.000381959
27.25 	5.15519e-06 	2.48511e-06 	0.000396533
27.3125 	3.94943e-06 	1.1737e-06 	0.000403941
27.375 	7.72912e-06 	-2.28862e-06 	0.000380452
27.5 	4.6737e-06 	-1.18113e-06 	0.000402796
27.5625 	5.14781e-06 	-1.57685e-06 	0.000370749
27.625 	6.85826e-06 	1.11902e-06 	0.000368784
27.6875 	4.08358e-06 	8.75188e-07 	0.000329608
27.75 	7.01232e-06 	1.62951e-06 	0.000333443
27.8125 	7.92821e-06 	3.3244e-06 	0.000348689
27.875 	6.6514e-06 	-7.88137e-07 	0.000374441
28.0 	7.02042e-06 	2.04442e-06 	0.000382292
28.0625 	3.11176e-06 	3.04964e-07 	0.000348914
28.125 	3.63216e-06 	5.16377e-07 	0.000362788
28.3125 	5.2222e-06 	-1.55296e-06 	0.000372056
28.375 	4.74497e-06 	-1.41503e-06 	0.000330681
28.4375 	4.86301e-06 	1.25425e-06 	0.000358627
28.5 	4.50227e-06 	-1.1692e-06 	0.000345867
28.625 	5.81735e-06 	1.82038e-06 	0.000309188
28.6875 	5.59575e-06 	1.53819e-06 	0.000330124
28.8125 	8.27684e-06 	3.68417e-06 	0.000335388
28.875 	4.09074e-06 	1.69737e-06 	0.000343347
28.9375 	5.28418e-06 	-1.56495e-06 	0.000365137
29.0 	4.55122e-06 	-1.06051e-06 	0.000373928
29.0625 	4.73964e-06 	1.54294e-06 	0.000362088
29.125 	8.03868e-06 	-2.14728e-06 	0.000378517
29.1875 	5.6867e-06 	2.80124e-06 	0.00034884
29.25 	5.23722e-06 	2.47598e-06 	0.000312797
29.3125 	4.88783e-06 	-8.25742e-07 	0.000284248
29.375 	7.14162e-06 	2.26625e-06 	0.00030795
29.4375 	6.35617e-06 	3.37073e-06 	0.000310472
29.5 	4.51323e-06 	-1.28556e-06 	0.000304449
29.5625 	4.34981e-06 	-9.39326e-07 	0.000282052
29.625 	5.27864e-06 	-1.19213e-06 	0.000272913
29.6875 	6.94038e-06 	2.09514e-06 	0.000263626
29.75 	4.13326e-06 	-1.42544e-06 	0.000237438
29.875 	4.48951e-06 	-1.79638e-07 	0.0002285
29.9375 	5.68745e-06 	2.77117e-06 	0.000230066
30.0 	7.21696e-06 	1.87904e-06 	0.000253654
30.125 	5.45986e-06 	-1.69586e-06 	0.000265846
30.1875 	8.00921e-06 	-1.50399e-06 	0.000274662
30.25 	5.73477e-06 	-4.16883e-07 	0.000281011
30.3125 	6.64218e-06 	3.40169e-06 	0.000304341
30.375 	7.92732e-06 	2.73036e-06 	0.000293746
30.4375 	5.32854e-06 	-1.58792e-06 	0.000278021
30.5 	7.90834e-06 	1.77878e-06 	0.000295981
30.5625 	6.67452e-06 	1.29982e-06 	0.00029375
30.6875 	4.8569e-06 	-1.6528e-06 	0.000252146
30.75 	7.9814e-06 	2.49475e-06 	0.000247249
30.8125 	7.12294e-06 	-2.76016e-06 	0.000238863
30.9375 	5.17203e-06 	-2.21451e-06 	0.000267514
31.0 	4.84203e-06 	-1.53062e-06 	0.000250985
31.125 	6.63529e-06 	-2.25925e-06 	0.000237742
31.1875 	6.17513e-06 	-1.83654e-06 	0.000240947
31.25 	5.1613e-06 	-1.51005e-06 	0.000274379
31.3125 	7.46481e-06 	-9.75631e-07 	0.000284253
31.375 	2.88522e-06 	9.33151e-08 	0.000263444
31.5 	5.60039e-06 	-1.92071e-06 	0.000269468
31.5625 	3.45734e-06 	-1.3281e-06 	0.000273353
31.625 	3.86565e-06 	3.72862e-07 	0.000263205
31.6875 	7.95483e-06 	2.30094e-06 	0.000271579
31.75 	5.56431e-06 	-1.1427e-06 	0.000276967
31.8125 	5.25677e-06 	-1.72263e-06 	0.000309436
31.875 	5.17593e-06 	1.00482e-06 	0.000307068
31.9375 	3.10581e-06 	5.87031e-07 	0.000329994
32.0 	5.06027e-06 	-1.42656e-06 	0.000344158
32.0625 	4.06361e-06 	1.07397e-06 	0.000385001
32.125 	6.62372e-06 	-1.6241e-06 	0.000402653
32.1875 	7.35747e-06 	-2.09239e-06 	0.000389772
32.25 	6.41538e-06 	1.31063e-06 	0.000379275
32.3125 	4.47458e-06 	9.51484e-07 	0.000380464
32.4375 	5.07705e-06 	-1.66221e-06 	0.000331534
32.5 	3.89592e-06 	5.99534e-07 	0.000324475
32.625 	5.02762e-06 	-1.39962e-06 	0.000323697
32.6875 	6.06565e-06 	9.90836e-07 	0.000359413
32.75 	7.29632e-06 	-2.78043e-06 	0.000369141
32.8125 	5.57371e-06 	2.08101e-06 	0.000391079
32.875 	5.25324e-06 	2.04085e-06 	0.000440915
32.9375 	7.57296e-06 	-2.52954e-06 	0.00044063
33.0 	8.25227e-06 	3.30012e-06 	0.000431357
33.0625 	5.45109e-06 	2.01392e-06 	0.000446849
33.125 	6.29117e-06 	1.39023e-06 	0.000504678
33.1875 	4.05853e-06 	1.54897e-06 	0.000448852
33.25 	6.53362e-06 	2.38358e-06 	0.000440162
33.3125 	7.15861e-06 	2.07694e-06 	0.000449883
33.375 	5.74268e-06 	-2.45565e-06 	0.000427119
33.4375 	7.53857e-06 	2.96793e-06 	0.000432399
33.5 	3.70078e-06 	-6.69387e-07 	0.000464145
33.625 	8.05369e-06 	-1.44783e-06 	0.000459807
33.6875 	7.185e-06 	-2.23422e-06 	0.000424856
33.75 	6.07658e-06 	-1.88348e-06 	0.0004349
33.875 	7.05557e-06 	-2.43535e-06 	0.000410498
33.9375 	4.01736e-06 	1.24755e-06 	0.000419702
34.0625 	7.03741e-06 	-5.68092e-07 	0.000448653
34.125 	7.41759e-06 	2.03904e-06 	0.000446833
34.1875 	7.19148e-06 	3.25096e-06 	0.000451033
34.25 	5.90268e-06 	-1.77707e-06 	0.000485083
34.3125 	4.44152e-06 	-1.84186e-06 	0.000503906
34.375 	5.50505e-06 	2.6452e-06 	0.000504681
34.4375 	5.41439e-06 	1.46816e-06 	0.000505404
34.5 	3.75266e-06 	-5.77215e-07 	0.00051342
34.5625 	5.1515e-06 	1.56964e-06 	0.000508951
34.625 	6.08175e-06 	-2.2809e-06 	0.000502725
34.6875 	7.61075e-06 	-2.42448e-06 	0.000457047
34.75 	5.11687e-06 	1.50298e-06 	0.00044223
34.875 	3.76108e-06 	-1.48363e-06 	0.000440385
34.9375 	5.71866e-06 	2.13398e-06 	0.000420734
35.0625 	6.9671e-06 	2.52621e-06 	0.000398207
35.125 	5.99288e-06 	-2.08573e-06 	0.000380079
35.25 	5.78343e-06 	-7.32005e-07 	0.000394114
35.3125 	3.58905e-06 	8.34859e-07 	0.000418433
35.375 	4.46382e-06 	1.23874e-06 	0.000385292
35.5625 	7.709e-06 	1.88783e-06 	0.00038764
35.625 	5.47122e-06 	-1.47115e-06 	0.000405634
35.6875 	4.63751e-06 	1.25463e-06 	0.000373096
35.75 	5.00602e-06 	-1.33806e-06 	0.000390004
35.8125 	4.31812e-06 	-6.44405e-07 	0.000367395
35.875 	5.02567e-06 	2.49598e-06 	0.000399493
35.9375 	4.12758e-06 	-7.32684e-07 	0.000459323
36.0 	4.34584e-06 	1.19928e-06 	0.000463538
36.125 	5.66221e-06 	-1.8444e-06 	0.000500372
36.25 	6.87487e-06 	2.69426e-06 	0.000511183
36.4375 	5.91552e-06 	4.44031e-07 	0.000516037
36.5 	3.46937e-06 	3.56357e-07 	0.00050254
36.5625 	5.4168e-06 	-1.25999e-06 	0.000476356
36.625 	3.69856e-06 	-1.23738e-07 	0.000479618
36.6875 	6.04498e-06 	-3.05789e-06 	0.000472246
36.8125 	5.37629e-06 	-1.8353e-06 	0.000461842
36.875 	7.44776e-06 	-2.21982e-06 	0.00047898
36.9375 	4.86598e-06 	-3.99289e-07 	0.000477395
37.0625 	6.91236e-06 	-2.89543e-06 	0.000486967
37.125 	7.64527e-06 	2.53836e-06 	0.000519953
37.1875 	6.89628e-06 	-2.20037e-06 	0.000496275
37.25 	3.81173e-06 	-7.18901e-07 	0.000501898
37.3125 	5.24228e-06 	-1.53546e-06 	0.000483745
37.375 	7.52211e-06 	-3.06315e-06 	0.00051059
37.4375 	5.73073e-06 	2.84594e-06 	0.000491851
37.5 	3.60641e-06 	4.09426e-07 	0.000487204
37.5625 	7.75319e-06 	2.63988e-06 	0.000527565
37.625 	4.88668e-06 	-1.42165e-06 	0.000525342
37.75 	5.50146e-06 	-2.17732e-06 	0.00052102
37.8125 	5.65594e-06 	-1.87352e-06 	0.000549502
37.875 	5.5902e-06 	-2.73088e-06 	0.000543945
37.9375 	4.75421e-06 	1.34302e-06 	0.000557097
38.0 	5.45628e-06 	1.75205e-06 	0.000566529
38.0625 	6.472e-06 	2.23903e-06 	0.000590676
38.125 	6.07821e-06 	2.88162e-06 	0.000609552
38.1875 	7.23568e-06 	-2.40848e-06 	0.000631636
38.25 	3.84202e-06 	-5.98018e-07 	0.000627298
38.3125 	7.90724e-06 	-2.15614e-06 	0.000648784
38.375 	5.22492e-06 	-1.81077e-06 	0.000641571
38.4375 	5.24578e-06 	-2.2031e-06 	0.000651978
38.5625 	4.8303e-06 	-1.52093e-06 	0.000671407
38.6875 	5.71812e-06 	2.78709e-06 	0.000679448
38.8125 	5.64336e-06 	2.11251e-06 	0.000685555
38.875 	6.63214e-06 	-2.00844e-06 	0.000694599
38.9375 	5.29354e-06 	1.78207e-06 	0.000684257
39.0 	6.90679e-06 	1.80487e-06 	0.000644834
39.0625 	5.485e-06 	1.88786e-06 	0.000643537
39.125 	4.24814e-06 	-7.44335e-07 	0.000616258
39.1875 	4.23469e-06 	-7.78586e-07 	0.00056962
39.25 	8.24676e-06 	-1.76316e-06 	0.000588416
39.3125 	5.53037e-06 	1.88701e-06 	0.000608184
39.5 	6.62519e-06 	-1.2675e-06 	0.000613804
39.5625 	4.60472e-06 	1.26545e-06 	0.00060377
39.625 	6.91994e-06 	1.70595e-06 	0.000588348
39.6875 	5.03456e-06 	9.72406e-07 	0.00054913
39.75 	7.9484e-06 	-1.95389e-06 	0.000526891
39.8125 	4.7223e-06 	-1.60378e-06 	0.000509473
39.875 	8.05248e-06 	-2.31126e-06 	0.000518959
39.9375 	4.15609e-06 	1.12308e-06 	0.000548346
40.0 	5.6369e-06 	-1.11816e-06 	0.000592208
40.125 	4.95161e-06 	-1.06697e-06 	0.000593308
40.25 	4.1274e-06 	-9.62216e-07 	0.000593465
40.3125 	6.21628e-06 	-2.48811e-06 	0.000562337
40.4375 	5.01475e-06 	-1.96639e-06 	0.00057876
40.5 	4.74083e-06 	1.19924e-06 	0.000583411
40.5625 	2.75925e-06 	2.80251e-07 	0.000543212
40.625 	3.80089e-06 	1.49213e-06 	0.000529428
40.8125 	4.81341e-06 	-1.68988e-06 	0.000530263
40.9375 	4.73346e-06 	-1.10972e-06 	0.000571466
41.0 	5.12478e-06 	9.3313e-07 	0.000564039
41.125 	4.9077e-06 	-1.47934e-06 	0.000551082
41.1875 	7.62154e-06 	-2.37564e-06 	0.000527411
41.25 	4.00417e-06 	-1.00186e-06 	0.000503836
41.3125 	4.74739e-06 	-1.38734e-06 	0.0004739
41.4375 	7.12329e-06 	4.56341e-07 	0.000472338
41.5 	6.68999e-06 	-2.08282e-06 	0.000493261
41.5625 	5.8053e-06 	-7.78277e-07 	0.000488191
41.625 	4.75358e-06 	-1.53646e-06 	0.000463302
41.6875 	4.68092e-06 	-1.91225e-06 	0.000464878
41.8125 	3.14017e-06 	-1.65536e-07 	0.000493509
41.875 	4.70736e-06 	1.37409e-06 	0.000529255
41.9375 	5.48101e-06 	-1.11584e-06 	0.000546681
42.0 	5.33228e-06 	1.71927e-06 	0.000526686
42.125 	6.02482e-06 	7.41436e-07 	0.000563042
42.25 	6.07795e-06 	-1.027e-06 	0.000556733
42.375 	5.47348e-06 	-1.62103e-06 	0.00053659
42.5 	4.50323e-06 	-1.41879e-06 	0.000567679
42.6875 	5.28222e-06 	-1.69468e-06 	0.000553106
42.8125 	6.12758e-06 	8.06822e-07 	0.000551971
42.875 	5.53491e-06 	-2.77594e-06 	0.000573695
42.9375 	4.56659e-06 	8.90781e-07 	0.000594059
43.0 	4.91684e-06 	-1.68764e-06 	0.000574184
43.0625 	4.26643e-06 	1.73322e-06 	0.000565891
43.125 	4.44783e-06 	-1.18818e-06 	0.000568736
43.1875 	7.61433e-06 	-2.9972e-06 	0.000553544
43.3125 	4.11818e-06 	-1.07288e-06 	0.000557008
43.375 	2.40165e-06 	2.96141e-08 	0.000545529
43.4375 	6.5564e-06 	-5.20035e-07 	0.000560338
43.5625 	5.16721e-06 	-1.54219e-06 	0.000551697
43.6875 	7.15373e-06 	2.48235e-06 	0.000565834
43.75 	4.81222e-06 	-1.48022e-06 	0.000571058
43.8125 	5.54157e-06 	-2.79555e-06 	0.000569824
43.875 	6.7959e-06 	-3.15838e-07 	0.000597539
43.9375 	4.27777e-06 	1.23191e-06 	0.000618032
44.0 	2.29755e-06 	-3.39786e-08 	0.000591736
44.0625 	4.6745e-06 	1.50718e-06 	0.000595203
44.125 	4.77326e-06 	-2.17993e-06 	0.000608515
44.1875 	4.52639e-06 	1.34133e-06 	0.000626842
44.25 	5.0812e-06 	-1.56357e-06 	0.000621149
44.3125 	4.44515e-06 	1.20759e-06 	0.000635244
44.375 	7.8958e-06 	2.60124e-06 	0.000624273
44.4375 	2.92134e-06 	2.73538e-07 	0.000653276
44.5 	7.52219e-06 	2.02765e-06 	0.000650262
44.5625 	5.92252e-06 	2.96513e-06 	0.000638275
44.625 	6.91189e-06 	1.1175e-06 	0.000670151
44.6875 	2.28608e-06 	-5.93297e-08 	0.000661933
44.75 	4.25995e-06 	-1.15694e-06 	0.000642565
44.8125 	5.4314e-06 	-2.18701e-06 	0.000653878
44.875 	3.94397e-06 	1.00662e-06 	0.0006843
44.9375 	7.64079e-06 	-2.79249e-06 	0.000715286
45.0 	7.64977e-06 	-2.33566e-06 	0.000718043
45.0625 	4.15418e-06 	1.19773e-06 	0.000713347
45.1875 	8.0961e-06 	3.04185e-06 	0.000719593
45.3125 	7.30864e-06 	-8.28316e-07 	0.000709098
45.375 	5.27152e-06 	-1.7834e-06 	0.000645841
45.5 	6.10486e-06 	-2.68374e-06 	0.000617958
45.5625 	5.26783e-06 	-1.43336e-06 	0.000630764
45.625 	4.90438e-06 	-2.08593e-06 	0.00064729
45.6875 	4.80757e-06 	1.15672e-06 	0.000616881
45.75 	4.3973e-06 	1.12564e-06 	0.000646346
45.875 	4.02273e-06 	-1.08741e-06 	0.000630295
45.9375 	4.22875e-06 	8.05031e-07 	0.000671316
46.0 	6.50323e-06 	2.34487e-06 	0.000649519
46.0625 	4.92279e-06 	-1.49524e-06 	0.000639863
46.125 	7.82158e-06 	2.53846e-06 	0.000623641
46.3125 	6.33779e-06 	-1.05033e-06 	0.000621181
46.375 	7.30503e-06 	2.56977e-06 	0.000616896
46.5625 	4.67315e-06 	1.29322e-06 	0.000627539
46.625 	4.9781e-06 	1.53487e-06 	0.000657632
46.6875 	6.18908e-06 	1.95661e-06 	0.000670071
46.75 	2.45298e-06 	1.95066e-08 	0.000660766
46.8125 	6.98258e-06 	2.55982e-06 	0.000650089
46.875 	5.21627e-06 	1.74591e-06 	0.000642322
47.0 	4.4446e-06 	-1.51213e-06 	0.000614802
47.0625 	5.19404e-06 	-1.49824e-06 	0.000640066
47.125 	7.62613e-06 	-2.62627e-06 	0.000625089
47.1875 	7.92755e-06 	3.00494e-06 	0.00062319
47.25 	7.8582e-06 	3.04514e-06 	0.000621009
47.3125 	7.50085e-06 	-8.97066e-07 	0.000642626
47.375 	4.73499e-06 	-8.20471e-07 	0.000632077
47.5 	6.46569e-06 	2.24117e-06 	0.000660305
47.5625 	6.11082e-06 	2.64575e-06 	0.000649514
47.625 	4.4716e-06 	1.41525e-06 	0.000637306
47.6875 	6.19259e-06 	-1.36678e-06 	0.000650121
47.8125 	4.40602e-06 	-1.10706e-06 	0.000610456
47.875 	4.80946e-06 	-1.38272e-06 	0.000556697
48.0 	4.59685e-06 	1.69327e-06 	0.000557871
48.0625 	6.47215e-06 	2.96816e-06 	0.000585218
48.1875 	5.95449e-06 	2.41746e-06 	0.000612741
48.25 	6.314e-06 	9.0776e-07 	0.000609428
48.3125 	6.92644e-06 	1.88263e-06 	0.000628356
48.375 	5.44903e-06 	-2.50565e-07 	0.000645017
48.4375 	5.40932e-06 	-1.82559e-06 	0.000645637
48.5 	6.44357e-06 	2.12859e-06 	0.000664663
48.5625 	6.63863e-06 	-3.06328e-06 	0.000653859
48.75 	7.53876e-06 	-2.41072e-06 	0.000708066
48.8125 	4.69947e-06 	-1.33379e-06 	0.00073657
48.9375 	6.82768e-06 	2.70176e-06 	0.000772244
49.0 	6.05521e-06 	7.7553e-07 	0.00077064
49.125 	7.34096e-06 	3.6047e-06 	0.000787704
49.1875 	5.90201e-06 	-4.24942e-07 	0.000798549
49.25 	4.59303e-06 	1.28686e-06 	0.00077869
49.3125 	7.64439e-06 	2.63639e-06 	0.000782037
49.375 	3.97801e-06 	-4.51126e-07 	0.000780743
49.4375 	3.67209e-06 	-4.78053e-07 	0.000771749
49.5 	5.4907e-06 	-2.16024e-06 	0.00076241
49.5625 	4.49864e-06 	7.2079e-07 	0.000791232
49.625 	6.284e-06 	9.88373e-07 	0.000786396
49.6875 	4.69065e-06 	-1.37158e-06 	0.000817909
49.75 	5.9584e-06 	-1.90306e-06 	0.000822104
50.0625 	5.36928e-06 	1.92534e-06 	0.000810375
50.125 	6.11544e-06 	-2.99926e-06 	0.000813286
50.25 	6.89788e-06 	-2.56954e-06 	0.000828333
50.3125 	5.11192e-06 	-1.70809e-06 	0.000864269
50.375 	3.57921e-06 	-1.06921e-06 	0.000878883
50.4375 	7.37562e-06 	-2.46572e-06 	0.000928967
50.5 	6.47084e-06 	1.2228e-06 	0.000919931
50.5625 	7.70701e-06 	-2.25205e-06 	0.00091722
50.625 	6.41276e-06 	-2.33715e-06 	0.000924947
50.75 	8.03082e-06 	2.92109e-06 	0.000894785
50.8125 	5.40825e-06 	-1.67466e-06 	0.000891156
50.875 	4.80519e-06 	1.36557e-06 	0.000903683
50.9375 	5.36071e-06 	7.01131e-07 	0.000885542
51.0 	6.88804e-06 	2.06661e-06 	0.000901878
51.0625 	5.229e-06 	-1.70972e-06 	0.000923379
51.125 	7.194e-06 	-2.38627e-06 	0.000929024
51.1875 	4.5982e-06 	-1.12623e-06 	0.000907978
51.25 	2.60309e-06 	-2.30102e-07 	0.00092181
51.3125 	4.6969e-06 	-1.51012e-06 	0.000931693
51.375 	7.17836e-06 	-1.59268e-06 	0.000924302
51.4375 	6.03715e-06 	2.07527e-06 	0.000917954
51.5 	5.02282e-06 	8.81543e-07 	0.000918299
51.5625 	4.1772e-06 	-7.93278e-07 	0.000917567
51.625 	4.3808e-06 	-1.51128e-06 	0.000922899
51.6875 	5.23196e-06 	-1.50111e-06 	0.000953083
51.8125 	3.84898e-06 	-6.39187e-07 	0.00096752
51.875 	4.49278e-06 	1.21001e-06 	0.00100147
52.0 	6.55184e-06 	8.84925e-07 	0.00101313
52.0625 	5.63919e-06 	-2.73924e-06 	0.00100509
52.1875 	3.81851e-06 	1.20901e-06 	0.00100872
52.3125 	8.388e-06 	-1.59754e-06 	0.00101316
52.375 	5.15825e-06 	-2.54363e-06 	0.000998612
52.4375 	5.22003e-06 	1.74676e-06 	0.00100206
52.5 	1.89607e-06 	4.09782e-08 	0.00100293
52.5625 	8.10607e-06 	-2.98998e-08 	0.00102188
52.625 	3.83966e-06 	9.7453e-07 	0.00103947
52.6875 	4.32078e-06 	-1.40296e-06 	0.00104213
52.75 	7.1143e-06 	-2.42227e-06 	0.00106454
52.8125 	8.10035e-06 	2.77821e-06 	0.00109385
52.875 	8.24294e-06 	-1.53329e-06 	0.00107153
52.9375 	4.51888e-06 	-8.98112e-07 	0.00105524
53.0 	7.48618e-06 	-2.97276e-06 	0.00101399
53.125 	7.86984e-06 	-2.92585e-06 	0.00102457
53.1875 	7.76667e-06 	-1.8017e-06 	0.000998103
53.25 	2.54776e-06 	-2.2455e-07 	0.000982496
53.3125 	6.44122e-06 	1.72978e-06 	0.000989219
53.375 	7.13825e-06 	-2.55292e-06 	0.000990736
53.5 	5.28581e-06 	-2.08009e-06 	0.000990891
53.5625 	4.64851e-06 	-1.59907e-06 	0.0010206
53.625 	5.0447e-06 	-1.16341e-06 	0.0010059
53.6875 	6.27377e-06 	2.45662e-06 	0.000989414
53.75 	5.11304e-06 	2.87938e-07 	0.00103266
53.8125 	4.98788e-06 	1.42758e-06 	0.00101389
53.875 	4.29916e-06 	-9.90983e-07 	0.00101112
53.9375 	6.56204e-06 	-2.24827e-07 	0.00102149
54.0 	7.02911e-06 	3.24577e-06 	0.00102008
54.0625 	7.7865e-06 	-2.38966e-06 	0.00098147
54.1875 	4.70841e-06 	2.14838e-06 	0.000990973
54.25 	2.66588e-06 	-7.22079e-08 	0.001024
54.3125 	5.0682e-06 	-6.82218e-07 	0.000992492
54.375 	7.32064e-06 	2.04971e-06 	0.000948805
54.4375 	7.91976e-06 	-3.3375e-06 	0.000975013
54.6875 	7.50075e-06 	-2.73835e-06 	0.000977998
54.8125 	4.7087e-06 	-1.25324e-06 	0.000940544
54.875 	5.94119e-06 	2.09909e-06 	0.000978304
54.9375 	7.60372e-06 	-2.88491e-06 	0.000993991
55.0 	6.29922e-06 	2.46464e-06 	0.000954132
55.0625 	6.01334e-06 	-5.85414e-07 	0.000952493
55.125 	4.81467e-06 	-1.41236e-06 	0.000943719
55.1875 	4.66137e-06 	-9.9997e-07 	0.000945485
55.3125 	5.82276e-06 	-2.81673e-06 	0.000943918
55.4375 	6.46389e-06 	1.62216e-06 	0.000978883
55.5 	7.4426e-06 	2.41472e-06 	0.000989584
55.625 	7.27561e-06 	2.91184e-06 	0.000986839
55.6875 	6.54278e-06 	9.75832e-07 	0.00101972
55.75 	7.12657e-06 	-2.22018e-06 	0.00102827
55.8125 	7.91695e-06 	2.36209e-06 	0.00100912
55.875 	8.16668e-06 	3.05942e-06 	0.00100057
55.9375 	5.67861e-06 	-2.28431e-06 	0.00101792
56.0 	2.80561e-06 	-1.46395e-07 	0.00101596
56.0625 	5.27639e-06 	1.85735e-06 	0.00102485
56.1875 	7.80953e-06 	2.98376e-06 	0.00103971
56.3125 	7.67173e-06 	2.57694e-06 	0.00104499
56.375 	4.58832e-06 	1.12766e-06 	0.00111152
56.4375 	7.25397e-06 	2.45931e-06 	0.00111583
56.5625 	7.23461e-06 	2.35842e-06 	0.00114102
56.6875 	7.53389e-06 	1.98249e-06 	0.00113489
56.75 	4.21087e-06 	1.20595e-06 	0.00111177
56.8125 	6.96606e-06 	-2.14579e-06 	0.00113444
56.9375 	8.13274e-06 	-3.19765e-06 	0.00118234
57.0 	8.18212e-06 	-2.79427e-06 	0.00118069
57.0625 	6.86418e-06 	-2.81748e-06 	0.00119257
57.1875 	5.52015e-06 	-1.70777e-06 	0.00122707
57.25 	7.40323e-06 	-2.84569e-06 	0.00123075
57.3125 	4.5451e-06 	-2.22507e-06 	0.00126638
57.375 	6.87242e-06 	1.83941e-06 	0.0012907
57.4375 	7.18672e-06 	-2.42589e-06 	0.00130939
57.5 	7.0677e-06 	-2.66507e-06 	0.00131028
57.5625 	4.74833e-06 	-9.94152e-07 	0.00132679
57.625 	5.41402e-06 	1.8406e-06 	0.00135269
57.6875 	3.8869e-06 	-9.64218e-07 	0.00134775
57.75 	4.93591e-06 	2.2701e-06 	0.00131924
57.8125 	6.99564e-06 	-1.54909e-06 	0.00132887
58.0 	7.69685e-06 	1.08031e-06 	0.00136208
58.0625 	4.80414e-06 	-1.62056e-06 	0.00135528
58.125 	4.4525e-06 	-1.55705e-06 	0.00134243
58.1875 	4.31826e-06 	-1.41499e-06 	0.00133869
58.25 	4.23685e-06 	1.12627e-06 	0.00135778
58.3125 	4.64584e-06 	-1.15641e-06 	0.00132769
58.4375 	4.69089e-06 	1.35447e-06 	0.00129886
58.5625 	5.69601e-06 	-2.48137e-06 	0.00129831
58.625 	7.39136e-06 	2.08268e-06 	0.00133694
58.6875 	6.46e-06 	2.75883e-06 	0.00135241
58.8125 	5.97047e-06 	2.50307e-06 	0.0013394
58.875 	8.01749e-06 	-2.70884e-06 	0.00130534
58.9375 	6.32473e-06 	6.58248e-07 	0.00130232
59.0 	4.4215e-06 	-1.42011e-06 	0.00127623
59.125 	6.69453e-06 	1.29074e-06 	0.00129291
59.25 	3.7542e-06 	-8.49184e-07 	0.00131913
59.3125 	7.89534e-06 	-2.85525e-06 	0.00132744
59.375 	5.33235e-06 	-2.09436e-07 	0.00131198
59.4375 	4.82567e-06 	-1.00142e-06 	0.00129338
59.5 	4.60412e-06 	-1.34213e-06 	0.00131422
59.5625 	6.5255e-06 	3.29851e-06 	0.00131766
59.6875 	7.98367e-06 	-2.24637e-06 	0.00131141
59.8125 	5.54388e-06 	-1.74411e-06 	0.00127033
59.875 	6.62442e-06 	-9.38208e-07 	0.00132017
59.9375 	8.41138e-06 	-2.06721e-06 	0.00136363
60.0 	6.8568e-06 	-1.4216e-06 	0.00134445
60.0625 	8.20795e-06 	2.92403e-06 	0.00133152
60.125 	4.85806e-06 	-1.34193e-06 	0.0013573
60.375 	5.09451e-06 	-1.75077e-06 	0.00133563
60.4375 	5.54002e-06 	1.83599e-06 	0.00133937
60.5 	7.66666e-06 	2.65957e-06 	0.00136793
60.5625 	7.68542e-06 	-2.84606e-06 	0.00136705
60.625 	7.30043e-06 	-1.68519e-06 	0.00135199
60.6875 	4.59804e-06 	-1.1543e-06 	0.00136006
60.75 	5.52212e-06 	-1.62083e-06 	0.00133113
60.8125 	6.02174e-06 	2.3081e-06 	0.001374
60.875 	8.362e-06 	-1.66024e-06 	0.00141724
60.9375 	5.43894e-06 	-2.02945e-06 	0.00141506
61.0 	4.57913e-06 	2.44835e-06 	0.00142377
61.125 	5.98776e-06 	-9.4328e-07 	0.00143394
61.1875 	5.40036e-06 	-2.61342e-06 	0.00143468
61.25 	4.05834e-06 	1.06972e-06 	0.00144271
61.3125 	4.18096e-06 	-1.30337e-06 	0.0014644
61.375 	5.45234e-06 	-1.64504e-06 	0.00145315
61.4375 	4.48416e-06 	-8.74353e-07 	0.0014733
61.5 	6.44987e-06 	1.01622e-06 	0.00146871
61.625 	5.83095e-06 	-1.10041e-06 	0.00145403
61.6875 	4.64791e-06 	1.5374e-06 	0.00145446
61.8125 	3.23161e-06 	1.29556e-07 	0.00143963
61.875 	6.65446e-06 	-2.34743e-06 	0.00142945
61.9375 	5.33279e-06 	1.85058e-06 	0.0013893
62.0 	4.67024e-06 	1.31146e-06 	0.00144593
62.125 	5.4956e-06 	2.6528e-06 	0.0014422
62.1875 	4.57333e-06 	1.27559e-06 	0.0014424
62.25 	7.31696e-06 	2.34758e-06 	0.00144099
62.3125 	4.21942e-06 	3.90426e-07 	0.00141885
62.375 	3.48087e-06 	-3.93088e-07 	0.00145336
62.5 	4.27695e-06 	6.03576e-07 	0.00148435
62.5625 	5.19433e-06 	-1.78556e-06 	0.00148946
62.6875 	7.14882e-06 	2.4187e-06 	0.00147879
62.75 	4.47118e-06 	-8.23236e-07 	0.00147119
62.875 	7.23402e-06 	-3.38937e-06 	0.00145983
62.9375 	6.27258e-06 	2.15842e-06 	0.00146488
63.0 	4.61027e-06 	2.10899e-06 	0.00142873
63.125 	5.65086e-06 	-1.70078e-06 	0.00143306
63.25 	7.68663e-06 	-2.38961e-06 	0.00143468
63.375 	6.06683e-06 	-1.8076e-06 	0.00141849
63.4375 	4.42247e-06 	-8.91638e-07 	0.00141686
63.5625 	7.37782e-06 	-1.87153e-06 	0.00140826
63.625 	5.57932e-06 	-1.98904e-06 	0.00145983
63.8125 	6.68139e-06 	2.93987e-06 	0.0014596
63.9375 	7.67718e-06 	1.5104e-06 	0.00146388
64.0 	5.01342e-06 	1.31121e-06 	0.00144387
64.0625 	7.45814e-06 	-1.48215e-06 	0.00147873
64.25 	3.94832e-06 	8.48084e-07 	0.00147697
64.3125 	5.8313e-06 	-1.44967e-06 	0.00148896
64.4375 	3.57487e-06 	-1.43187e-06 	0.00149902
64.5625 	5.87882e-06 	-2.87614e-06 	0.0015289
64.6875 	4.80287e-06 	-1.39405e-06 	0.00152768
64.75 	7.66279e-06 	-8.16349e-07 	0.00151554
64.8125 	5.32184e-06 	-1.43405e-06 	0.00147663
64.875 	4.6336e-06 	1.4899e-06 	0.00145398
64.9375 	5.97599e-06 	1.91176e-06 	0.00148721
65.0 	4.45378e-06 	-1.84197e-06 	0.0014628
65.0625 	4.78991e-06 	1.59953e-06 	0.00147796
65.125 	6.59291e-06 	-3.15579e-06 	0.00151901
65.25 	7.4015e-06 	2.79198e-06 	0.00153357
65.5 	4.88801e-06 	1.2873e-06 	0.00154334
65.625 	8.21021e-06 	1.11934e-06 	0.00152435
65.6875 	3.90364e-06 	-1.57607e-06 	0.00156582
65.75 	8.15164e-06 	-9.56079e-07 	0.0015635
65.8125 	7.70132e-06 	-2.7151e-06 	0.00153001
65.9375 	6.25892e-06 	1.77012e-06 	0.00150237
66.0 	6.31322e-06 	8.69962e-07 	0.00150951
66.0625 	4.83432e-06 	-1.55358e-06 	0.00154465
66.1875 	4.55943e-06 	1.23697e-06 	0.0015534
66.25 	6.96694e-06 	2.06884e-06 	0.00155235
66.3125 	7.57749e-06 	-2.98287e-06 	0.00152433
66.375 	5.98394e-06 	1.6254e-06 	0.00157203
66.4375 	4.24553e-06 	1.1337e-06 	0.0015527
66.5 	4.18559e-06 	-6.97722e-07 	0.00155741
66.625 	7.93999e-06 	-2.56972e-06 	0.00157793
66.75 	6.68454e-06 	2.30966e-06 	0.00158705
66.8125 	5.39895e-06 	3.28528e-07 	0.0016083
66.875 	5.23207e-06 	2.5164e-06 	0.00154469
66.9375 	5.08156e-06 	-1.30282e-06 	0.00156582
67.0 	4.31093e-06 	-1.12568e-06 	0.00162653
67.125 	7.73503e-06 	-2.04589e-06 	0.00164317
67.1875 	4.00077e-06 	6.30128e-07 	0.00162594
67.25 	8.0213e-06 	-3.28812e-06 	0.00162978
67.3125 	6.90803e-06 	2.31399e-06 	0.00165989
67.375 	4.96842e-06 	1.81469e-06 	0.00168083
67.4375 	7.29438e-06 	1.87579e-06 	0.0016583
67.5 	5.32538e-06 	-2.13643e-06 	0.00168409
67.5625 	5.43687e-06 	-1.66479e-06 	0.00169557
67.8125 	5.87221e-06 	1.74735e-06 	0.00169204
67.875 	4.0929e-06 	-1.04721e-06 	0.00164956
67.9375 	5.82937e-06 	-1.83348e-06 	0.00164504
68.0 	5.61162e-06 	-1.92139e-06 	0.00163426
68.0625 	4.70687e-06 	-1.32983e-06 	0.0016327
68.125 	2.96063e-06 	-1.72948e-07 	0.00160492
68.1875 	5.63102e-06 	-2.70785e-06 	0.00161044
68.25 	4.77067e-06 	1.55147e-06 	0.00161588
68.3125 	7.21073e-06 	2.34286e-06 	0.00163005
68.375 	5.61387e-06 	2.7093e-06 	0.00161037
68.4375 	3.76951e-06 	-1.48603e-06 	0.00157744
68.5 	6.91815e-06 	6.84278e-07 	0.00156899
68.5625 	6.16648e-06 	-7.88063e-07 	0.00156541
68.625 	5.38064e-06 	3.979e-07 	0.00158955
68.6875 	2.92729e-06 	8.48846e-08 	0.00157238
68.75 	4.3529e-06 	-7.9433e-07 	0.00154866
68.8125 	5.79968e-06 	-1.82621e-06 	0.00153835
68.875 	6.10996e-06 	3.1919e-06 	0.00155734
68.9375 	6.23338e-06 	1.07055e-06 	0.0015501
69.0625 	3.57131e-06 	7.17615e-07 	0.00153531
69.125 	5.41762e-06 	-1.53089e-06 	0.00154148
69.1875 	4.34834e-06 	-6.73829e-07 	0.00150861
69.25 	5.42215e-06 	-2.13992e-06 	0.00150884
69.3125 	5.44737e-06 	-2.29871e-06 	0.00153309
69.4375 	6.20053e-06 	-3.24657e-06 	0.00151867
69.5 	7.70488e-06 	2.83756e-06 	0.00154871
69.625 	5.38259e-06 	1.52687e-06 	0.00150673
69.75 	4.81601e-06 	1.12777e-06 	0.0015091
69.8125 	5.29428e-06 	-1.55454e-06 	0.00149902
69.875 	5.10561e-06 	-8.99788e-07 	0.00150947
69.9375 	4.94635e-06 	-8.65623e-07 	0.00152151
