# time 	Local 	Global 	Cumulative
0.642226 	7.37294e-06 	1.1122e-06 	2.91448e-05
0.766734 	5.74285e-06 	-2.08242e-06 	8.2568e-08
0.828988 	5.21231e-06 	6.37139e-07 	-6.59927e-06
1.38927 	4.93088e-06 	-1.15424e-06 	-1.46386e-05
1.45153 	3.41037e-06 	7.16999e-07 	-5.03405e-05
1.51378 	6.36933e-06 	-1.12403e-06 	-3.1806e-05
1.7628 	4.82807e-06 	9.2156e-07 	5.83635e-05
1.94956 	3.34305e-06 	2.41877e-07 	7.42937e-05
2.19857 	2.48204e-06 	-5.06045e-07 	7.54562e-05
2.26083 	4.23094e-06 	-2.56511e-07 	7.96482e-05
2.32308 	4.61884e-06 	-6.49093e-07 	7.47978e-05
2.38534 	4.54176e-06 	-2.26088e-06 	0.000120965
2.63435 	7.9747e-06 	-1.37404e-06 	0.000167685
2.69661 	6.15178e-06 	-2.30089e-06 	0.000205013
2.88337 	2.86205e-06 	-6.10921e-07 	0.000258598
2.94562 	6.511e-06 	3.30115e-06 	0.000229393
3.07013 	4.82245e-06 	-1.16506e-06 	0.000222365
3.31914 	8.07338e-06 	2.02994e-06 	0.000258983
3.3814 	6.69227e-06 	2.19069e-06 	0.000244421
3.44365 	2.61993e-06 	-5.27374e-07 	0.000248171
3.69267 	2.34796e-06 	3.34865e-08 	0.000242556
3.75492 	5.47253e-06 	4.2697e-07 	0.000229372
4.06619 	7.75869e-06 	2.29679e-06 	0.000235322
4.12845 	6.1123e-06 	-1.50643e-06 	0.000253328
4.25295 	3.01134e-06 	2.02594e-07 	0.000214921
4.50197 	8.08634e-06 	2.16e-06 	0.00024451
4.62648 	3.53338e-06 	-9.52707e-07 	0.000214339
4.68873 	5.53718e-06 	1.94618e-06 	0.000181648
4.93775 	5.63935e-06 	-2.39782e-07 	0.000230591
5.25 	5.56693e-06 	-9.94187e-07 	0.000251859
5.375 	7.82898e-06 	-7.8276e-07 	0.000255299
5.5 	6.65324e-06 	-1.6751e-06 	0.000249558
5.5625 	4.87838e-06 	1.01471e-06 	0.000315553
5.6875 	5.19512e-06 	2.46459e-06 	0.000295495
5.875 	4.78075e-06 	9.70476e-07 	0.000301217
6.0 	8.12746e-06 	5.8732e-07 	0.000320847
6.1875 	4.57993e-06 	1.44666e-06 	0.00035653
6.25 	6.16988e-06 	-1.46884e-06 	0.000381852
6.75 	6.41358e-06 	-1.7913e-06 	0.00032966
6.8125 	5.06674e-06 	1.49118e-06 	0.000319398
6.9375 	5.58963e-06 	1.3515e-06 	0.000310291
7.6875 	4.80288e-06 	2.2727e-06 	0.000384906
7.8125 	6.05858e-06 	3.51231e-07 	0.000358578
7.9375 	5.2299e-06 	-1.46152e-06 	0.000384098
8.0 	4.31993e-06 	-8.11013e-07 	0.000357398
8.125 	6.07431e-06 	-2.99401e-06 	0.000353451
8.4375 	4.26956e-06 	3.33722e-07 	0.000292107
8.5 	6.09231e-06 	5.67714e-07 	0.000285042
8.8125 	6.02048e-06 	-3.00606e-06 	0.000221789
8.9375 	7.93586e-06 	3.22703e-06 	0.000233383
9.0 	3.31272e-06 	-4.64823e-07 	0.000214493
9.1875 	7.0342e-06 	-2.68895e-06 	0.000231033
9.3125 	5.90056e-06 	1.58989e-06 	0.000254433
9.375 	4.23092e-06 	1.49509e-06 	0.000215918
9.4375 	5.54522e-06 	-1.15635e-06 	0.000176144
9.625 	5.26985e-06 	-2.11735e-06 	0.000188364
9.6875 	4.89491e-06 	-1.17004e-06 	0.000195979
9.8125 	5.86032e-06 	1.90756e-06 	0.000220522
9.9375 	3.9086e-06 	5.52072e-07 	0.00025532
10.3125 	6.51542e-06 	2.58631e-07 	0.000201405
10.75 	5.4956e-06 	9.77998e-07 	0.000206838
10.8125 	4.19133e-06 	7.6506e-07 	0.000193768
10.875 	6.24274e-06 	-1.28253e-06 	0.00021757
11.0 	7.78227e-06 	2.22158e-06 	0.000241816
11.0625 	5.94875e-06 	2.23157e-06 	0.000229344
11.1875 	4.13685e-06 	-2.86776e-07 	0.000253306
11.6875 	5.70128e-06 	1.43111e-06 	0.000254286
11.75 	4.14906e-06 	-8.65159e-07 	0.000287517
11.8125 	4.65193e-06 	-1.10152e-06 	0.00027707
11.9375 	6.3316e-06 	-1.68576e-06 	0.000296354
12.0 	3.54709e-06 	-5.18135e-07 	0.000259391
12.1875 	5.2236e-06 	-4.43038e-07 	0.000221603
12.3125 	4.95794e-06 	2.45664e-06 	0.000246279
12.375 	5.39808e-06 	1.17649e-06 	0.000242536
12.6875 	4.56928e-06 	1.59941e-06 	0.000253001
12.8125 	6.95248e-06 	-2.26718e-06 	0.00021939
12.875 	7.9399e-06 	1.86996e-06 	0.000208727
13.0 	5.67082e-06 	7.30872e-07 	0.000152888
13.0625 	4.95283e-06 	-1.11282e-06 	0.00018179
13.1875 	6.49052e-06 	-1.61687e-06 	0.000168637
13.25 	5.61564e-06 	-1.7493e-06 	0.000169202
13.5625 	3.69101e-06 	-5.19249e-08 	0.000206692
13.625 	6.02114e-06 	1.3648e-06 	0.000212461
13.6875 	5.26366e-06 	9.28383e-07 	0.000229556
14.0625 	7.68105e-06 	2.19823e-06 	0.00024617
14.125 	4.49304e-06 	9.12193e-07 	0.000281885
14.1875 	8.09633e-06 	1.16891e-06 	0.000311657
14.3125 	4.07729e-06 	9.63647e-07 	0.000301295
14.4375 	5.22553e-06 	1.32342e-06 	0.000267555
14.5 	6.30638e-06 	9.01974e-07 	0.000246071
14.625 	5.24301e-06 	1.01238e-06 	0.000223667
14.6875 	5.88146e-06 	-2.68975e-06 	0.000192947
14.8125 	4.83209e-06 	-1.25808e-06 	0.000198666
14.9375 	4.03469e-06 	-6.08817e-07 	0.000210319
15.0 	8.12628e-06 	1.71266e-06 	0.00018824
15.1875 	6.33943e-06 	1.91654e-06 	0.000192902
15.25 	6.8278e-06 	-1.89144e-06 	0.000202931
15.3125 	4.39972e-06 	-9.38665e-07 	0.000164294
15.375 	4.87434e-06 	-1.64075e-06 	0.00013423
15.4375 	3.84921e-06 	7.71409e-08 	0.000142135
15.8125 	4.68835e-06 	-7.85121e-07 	0.000197133
15.9375 	7.08436e-06 	1.5408e-06 	0.000236087
16.0625 	7.97152e-06 	-1.2223e-06 	0.000306551
16.1875 	8.0788e-06 	2.46262e-06 	0.000265806
16.25 	6.57667e-06 	1.75944e-06 	0.000287802
16.375 	7.88738e-06 	-1.69414e-06 	0.000284881
16.625 	5.74973e-06 	2.6659e-06 	0.00023882
16.8125 	4.74555e-06 	-8.49966e-08 	0.000238848
16.9375 	5.96474e-06 	-1.23423e-06 	0.000270624
17.25 	4.19187e-06 	-8.43756e-07 	0.00032912
17.375 	2.6756e-06 	-6.08205e-07 	0.000339854
17.4375 	7.60141e-06 	2.28681e-06 	0.000294064
17.6875 	5.33172e-06 	1.28122e-06 	0.00032898
18.0 	4.3658e-06 	1.54877e-06 	0.00036834
18.0625 	4.72673e-06 	1.11609e-06 	0.000353324
18.1875 	2.79956e-06 	-4.01183e-07 	0.000290916
18.25 	3.43769e-06 	-5.58958e-07 	0.000322702
18.4375 	3.93828e-06 	-9.55415e-07 	0.000337359
18.5625 	3.45175e-06 	7.3055e-07 	0.000294353
18.625 	5.15489e-06 	9.3054e-07 	0.000356721
18.8125 	3.25711e-06 	-4.04076e-07 	0.000367947
18.875 	4.85221e-06 	1.27181e-06 	0.000378835
18.9375 	3.97849e-06 	-2.00269e-07 	0.000381343
19.125 	4.0742e-06 	1.16822e-06 	0.000360237
19.4375 	3.8577e-06 	-5.84626e-07 	0.000417962
19.5 	4.17164e-06 	4.24743e-07 	0.000409152
19.625 	3.83162e-06 	-1.16962e-06 	0.000409869
19.6875 	5.83156e-06 	-2.3288e-06 	0.000415602
19.75 	6.87213e-06 	1.49668e-06 	0.000416747
19.9375 	6.18148e-06 	2.01538e-06 	0.000375647
20.125 	5.17419e-06 	1.27722e-06 	0.00039774
20.1875 	3.78904e-06 	4.9972e-07 	0.000391591
20.375 	4.28181e-06 	1.21106e-06 	0.000410239
20.4375 	5.20155e-06 	1.26535e-06 	0.000450333
20.5 	3.78302e-06 	7.208e-07 	0.000440615
20.6875 	4.92378e-06 	-2.13236e-06 	0.000394419
20.75 	6.71344e-06 	-5.27785e-07 	0.000337781
21.0 	4.55288e-06 	6.43796e-07 	0.000368464
21.0625 	6.64788e-06 	-3.13634e-06 	0.000349611
21.1875 	5.04124e-06 	1.08032e-06 	0.000310281
21.5625 	4.61951e-06 	1.12091e-06 	0.00027009
21.8125 	5.75885e-06 	7.57559e-07 	0.000196074
21.875 	3.75434e-06 	-7.17591e-07 	0.000170505
21.9375 	4.32685e-06 	1.34459e-06 	0.000149557
22.1875 	6.93738e-06 	-2.01275e-06 	0.000164278
22.25 	4.88501e-06 	-1.31369e-06 	0.000160179
22.3125 	5.38839e-06 	2.52022e-06 	0.000175958
23.0 	5.37901e-06 	1.11663e-06 	0.000131868
23.125 	3.63609e-06 	-1.13719e-06 	0.000158114
23.1875 	4.19872e-06 	7.01433e-07 	0.000129733
23.375 	3.53294e-06 	-7.5551e-07 	0.000209311
23.4375 	3.79798e-06 	-1.61937e-06 	0.000230785
23.8125 	6.04018e-06 	-1.15102e-06 	0.000172525
24.0 	4.1832e-06 	3.68137e-07 	0.000182767
24.0625 	6.30291e-06 	1.98649e-06 	0.000193528
24.3125 	7.58005e-06 	-3.76922e-06 	0.000256353
24.375 	4.59865e-06 	-9.25798e-07 	0.000265311
24.4375 	3.31381e-06 	-4.02587e-07 	0.000269215
24.5625 	3.99619e-06 	1.21779e-06 	0.00021887
24.6875 	6.43699e-06 	-2.72935e-06 	0.000229352
24.75 	5.13672e-06 	-2.13939e-06 	0.000224244
25.0 	3.74089e-06 	-1.10014e-06 	0.000243102
25.0625 	2.89795e-06 	-6.55472e-07 	0.000291475
25.125 	4.63154e-06 	-1.51024e-06 	0.000262132
25.25 	3.80965e-06 	-5.18972e-07 	0.000246834
25.625 	4.91321e-06 	1.10694e-06 	0.000357275
25.6875 	6.45535e-06 	-4.14174e-07 	0.000385821
25.75 	3.95834e-06 	-1.20685e-06 	0.000401494
25.8125 	5.10267e-06 	-1.33907e-06 	0.000422508
26.0 	6.21001e-06 	-1.6152e-06 	0.000422869
26.125 	4.23983e-06 	-1.01358e-06 	0.000378324
26.375 	4.36953e-06 	-7.4361e-07 	0.000363553
26.5 	5.50267e-06 	-1.21034e-06 	0.000362952
26.625 	7.06502e-06 	2.1836e-07 	0.000315404
26.6875 	5.65768e-06 	-1.27541e-06 	0.000318305
26.875 	8.0145e-06 	-8.49529e-07 	0.000332022
26.9375 	4.83009e-06 	-6.43326e-07 	0.000375589
27.0 	7.11257e-06 	-9.46684e-07 	0.000380514
27.3125 	4.64875e-06 	9.02193e-07 	0.000401315
27.625 	8.04743e-06 	2.25746e-06 	0.00033374
27.75 	4.84416e-06 	-1.07285e-06 	0.000352175
28.0 	3.45609e-06 	-6.1514e-07 	0.000359707
28.125 	3.1164e-06 	-6.99656e-07 	0.000358232
28.3125 	6.44671e-06 	-1.12359e-06 	0.000354795
28.5 	6.28489e-06 	1.18172e-06 	0.00031434
28.6875 	3.65962e-06 	3.05198e-07 	0.000329052
28.8125 	3.66199e-06 	2.22629e-07 	0.000339757
28.875 	4.90549e-06 	-8.62353e-07 	0.00036065
29.0 	4.64861e-06 	2.30729e-06 	0.000364242
29.0625 	6.26703e-06 	1.30519e-06 	0.00038373
29.125 	4.55341e-06 	1.1309e-06 	0.000358193
29.25 	4.26363e-06 	-1.32777e-06 	0.000301001
29.375 	4.3939e-06 	-1.08907e-06 	0.000312641
29.625 	5.7517e-06 	-1.62758e-06 	0.000260607
29.6875 	4.4496e-06 	1.35226e-06 	0.000245889
29.75 	3.85685e-06 	7.39352e-07 	0.000228057
29.9375 	5.59262e-06 	1.95243e-06 	0.00023431
30.25 	7.93088e-06 	2.61076e-06 	0.000288409
30.3125 	5.79517e-06 	-9.02557e-07 	0.00030171
30.375 	4.59424e-06 	1.15417e-06 	0.000280539
30.4375 	6.19272e-06 	1.48115e-06 	0.000289995
30.5 	4.70884e-06 	-9.51068e-07 	0.000297818
30.5625 	4.3835e-06 	1.32671e-06 	0.000269011
30.9375 	5.60961e-06 	-1.16077e-06 	0.000270462
31.1875 	4.54327e-06 	-1.13014e-06 	0.000266535
31.25 	6.39814e-06 	2.05374e-06 	0.000289047
31.625 	7.21265e-06 	6.50964e-07 	0.000255399
31.8125 	3.97109e-06 	-9.46975e-07 	0.000313941
31.875 	4.08698e-06 	6.98263e-07 	0.000324551
32.1875 	7.09155e-06 	2.39909e-06 	0.000373396
32.25 	4.99126e-06 	-1.20523e-06 	0.000365508
32.4375 	7.70775e-06 	-1.30409e-06 	0.000330877
32.625 	6.72469e-06 	-2.65882e-06 	0.000343315
32.6875 	5.59482e-06 	-1.08759e-06 	0.000367975
32.75 	4.49685e-06 	-2.1104e-06 	0.000385317
32.8125 	3.54813e-06 	5.07405e-07 	0.00044002
32.875 	6.02106e-06 	-1.1857e-06 	0.000446656
33.125 	6.28423e-06 	9.30663e-07 	0.000462229
33.375 	4.53215e-06 	1.28805e-06 	0.000423598
33.4375 	4.94848e-06 	2.0864e-06 	0.000465195
33.625 	3.40503e-06 	-1.18766e-06 	0.000422753
33.6875 	3.71812e-06 	-1.15269e-06 	0.000427289
33.875 	5.69023e-06 	1.19331e-06 	0.00040079
33.9375 	6.57809e-06 	1.17483e-06 	0.000461078
34.125 	5.77028e-06 	-1.41387e-06 	0.000456162
34.1875 	3.42048e-06 	-9.60567e-07 	0.000483957
34.25 	3.07652e-06 	1.11058e-06 	0.000502465
34.3125 	6.94018e-06 	1.86507e-06 	0.000491313
34.375 	3.52186e-06 	-1.16775e-06 	0.000501264
34.5 	7.73526e-06 	-2.64312e-06 	0.000508047
34.5625 	2.87037e-06 	-6.86445e-07 	0.000497105
34.625 	6.82711e-06 	-1.54454e-06 	0.000480246
34.6875 	6.65468e-06 	-2.0461e-06 	0.000456648
34.875 	5.76967e-06 	-2.52182e-06 	0.000415668
34.9375 	7.70509e-06 	-3.88341e-06 	0.000406467
35.0625 	5.74414e-06 	2.90411e-06 	0.000399282
35.3125 	7.33377e-06 	-1.57271e-06 	0.000394453
35.375 	3.76161e-06 	-2.69873e-07 	0.000384964
35.625 	5.12612e-06 	1.44101e-06 	0.0004094
35.75 	3.58567e-06 	-1.06327e-06 	0.000386161
35.9375 	6.70686e-06 	1.53747e-06 	0.000466923
36.125 	6.12597e-06 	-1.29763e-06 	0.000508972
36.25 	4.11816e-06 	-1.09063e-06 	0.000519192
36.4375 	4.5512e-06 	-1.08606e-06 	0.000496034
36.5 	6.69825e-06 	-1.57798e-06 	0.000477338
36.8125 	3.14679e-06 	6.00811e-07 	0.000476953
36.875 	5.74407e-06 	-1.86162e-06 	0.000469844
37.1875 	6.43181e-06 	-9.85378e-07 	0.000490036
37.3125 	3.82356e-06 	-1.97254e-06 	0.000513188
37.4375 	8.08054e-06 	1.73822e-06 	0.000479405
37.5625 	4.59708e-06 	-1.13181e-06 	0.000538007
37.9375 	3.28861e-06 	8.9045e-07 	0.000580108
38.0 	7.68223e-06 	-2.31558e-06 	0.000584764
38.0625 	6.22171e-06 	-1.24755e-06 	0.000601787
38.125 	5.43849e-06 	-1.41316e-06 	0.000623071
38.3125 	5.94068e-06 	2.03063e-06 	0.000644904
38.4375 	6.27139e-06 	-5.00935e-07 	0.000650031
38.6875 	4.7372e-06 	2.13823e-06 	0.00067387
38.875 	4.65597e-06 	-1.26689e-06 	0.000702312
38.9375 	5.48316e-06 	2.46333e-06 	0.000668225
39.1875 	6.47444e-06 	-4.7159e-07 	0.000572022
39.25 	3.50264e-06 	4.2611e-07 	0.000623426
39.3125 	2.30295e-06 	-4.44686e-08 	0.000625536
39.5625 	8.02195e-06 	-1.84678e-06 	0.000591159
39.625 	7.17691e-06 	-3.47196e-08 	0.000552763
39.875 	5.36237e-06 	1.40692e-06 	0.000530646
39.9375 	7.22023e-06 	2.31391e-06 	0.00059265
40.0 	6.31508e-06 	1.17717e-06 	0.000595129
40.125 	7.57785e-06 	-1.1255e-06 	0.000583968
40.25 	3.15885e-06 	-1.13051e-06 	0.000583285
40.3125 	6.31751e-06 	3.81393e-07 	0.000560668
40.5 	6.83002e-06 	-1.18906e-06 	0.000577538
40.5625 	1.56471e-06 	-2.08497e-08 	0.000539531
40.625 	3.72659e-06 	1.11375e-07 	0.000540647
40.8125 	5.81611e-06 	1.17785e-06 	0.000563323
40.9375 	3.25105e-06 	4.19157e-07 	0.000567073
41.125 	7.95192e-06 	1.99476e-06 	0.000508202
41.1875 	5.29133e-06 	-1.06102e-06 	0.00052905
41.25 	7.83361e-06 	-2.63314e-06 	0.00049645
41.3125 	3.42485e-06 	5.02771e-07 	0.000467151
41.5 	1.50309e-06 	-3.0376e-07 	0.000499704
41.6875 	4.09805e-06 	-8.37969e-07 	0.000469825
41.8125 	5.126e-06 	9.70723e-07 	0.000515045
41.9375 	7.86473e-06 	3.03897e-06 	0.000540871
42.0 	4.45437e-06 	5.60535e-07 	0.000551869
42.25 	4.8963e-06 	-1.97486e-06 	0.00056125
42.5 	3.90834e-06 	9.76143e-07 	0.000548551
42.6875 	4.75335e-06 	-1.09587e-06 	0.000548818
42.8125 	4.85011e-06 	9.41201e-07 	0.000573833
42.875 	7.14394e-06 	2.76356e-06 	0.000592076
42.9375 	3.12088e-06 	1.86847e-07 	0.000584819
43.0 	6.85322e-06 	2.03807e-06 	0.000573549
43.0625 	4.89513e-06 	1.1351e-06 	0.000558596
43.1875 	6.69115e-06 	1.16236e-06 	0.000568152
43.3125 	4.47012e-06 	-9.85228e-07 	0.000545274
43.375 	6.22577e-06 	1.393e-06 	0.000546668
43.9375 	3.851e-06 	1.10658e-06 	0.00058919
44.0 	8.17505e-06 	-8.9245e-07 	0.00060016
44.125 	6.19522e-06 	1.38449e-06 	0.000615905
44.25 	4.05235e-06 	9.35451e-07 	0.000618218
44.4375 	6.43154e-06 	1.33569e-06 	0.000653198
44.5625 	5.38571e-06 	-1.4463e-06 	0.000677733
44.6875 	7.63208e-06 	2.25515e-06 	0.000664477
44.8125 	6.21678e-06 	-1.87646e-06 	0.000667302
44.875 	6.05185e-06 	-8.82801e-07 	0.000697707
45.0 	6.025e-06 	1.36058e-06 	0.000742787
45.1875 	4.50079e-06 	2.14552e-06 	0.000700259
45.3125 	7.01733e-06 	-1.63113e-06 	0.000651173
45.5 	3.40208e-06 	5.04894e-07 	0.000627674
45.625 	7.03091e-06 	-1.5001e-06 	0.000607941
45.6875 	4.26584e-06 	-2.03342e-06 	0.000628091
45.75 	5.05902e-06 	1.24336e-06 	0.000648879
46.0 	4.33009e-06 	-5.5038e-07 	0.000624456
46.0625 	2.99302e-06 	3.41204e-07 	0.000629595
46.3125 	3.71799e-06 	-8.37277e-07 	0.000604991
46.5625 	3.46679e-06 	6.18238e-07 	0.000664911
46.625 	8.08013e-06 	1.88384e-06 	0.000663008
46.6875 	3.00107e-06 	-4.61492e-07 	0.000697062
46.75 	3.27471e-06 	-7.17432e-07 	0.000651526
47.0625 	7.91726e-06 	1.97169e-06 	0.000639875
47.25 	5.15507e-06 	1.22594e-06 	0.00063733
47.375 	3.75158e-06 	-1.12424e-06 	0.000637497
47.5 	3.30328e-06 	-2.55099e-07 	0.000659547
47.5625 	5.40874e-06 	4.17616e-07 	0.000647067
47.8125 	3.49767e-06 	-4.60285e-07 	0.000560931
48.1875 	5.08811e-06 	-6.11853e-07 	0.000604533
48.25 	6.00007e-06 	2.35158e-06 	0.000641775
48.3125 	7.22145e-06 	-2.5938e-06 	0.000638776
48.4375 	7.54091e-06 	2.16082e-06 	0.00065353
48.5625 	4.69861e-06 	1.12105e-06 	0.000696515
48.75 	3.85218e-06 	7.49867e-08 	0.000741171
48.8125 	5.0816e-06 	-1.389e-06 	0.000747904
49.0 	2.20369e-06 	-2.72462e-07 	0.000776143
49.3125 	4.23227e-06 	2.01235e-06 	0.000784807
49.375 	7.94732e-06 	-1.98543e-06 	0.000778976
49.4375 	4.49805e-06 	1.22152e-06 	0.000754364
49.5625 	3.21309e-06 	-5.86881e-07 	0.000795987
49.6875 	6.18071e-06 	1.08759e-06 	0.000816712
49.75 	7.09022e-06 	1.61505e-07 	0.000800611
50.3125 	6.77927e-06 	2.57018e-07 	0.000861345
50.375 	5.3361e-06 	3.77427e-07 	0.000921044
50.4375 	5.19724e-06 	9.78368e-07 	0.000923466
50.5625 	8.20266e-06 	1.96391e-06 	0.000921152
50.625 	5.91105e-06 	1.06562e-06 	0.000910594
50.75 	5.60383e-06 	-2.49974e-06 	0.000907419
50.875 	4.90489e-06 	-7.93793e-07 	0.00088234
50.9375 	2.02567e-06 	-3.60469e-07 	0.000900386
51.0 	3.75578e-06 	4.31933e-07 	0.000926104
51.125 	3.79455e-06 	1.75212e-06 	0.000905014
51.1875 	5.29453e-06 	-9.89725e-07 	0.00091511
51.25 	4.68208e-06 	2.27771e-06 	0.000930027
51.375 	4.2648e-06 	1.01064e-06 	0.000933533
51.4375 	4.02934e-06 	-1.12476e-06 	0.000911149
51.5 	4.11386e-06 	1.61907e-06 	0.000894474
51.8125 	5.36223e-06 	1.22403e-06 	0.000990569
52.0625 	6.19109e-06 	-1.44449e-06 	0.000977037
52.1875 	7.0721e-06 	-1.48837e-06 	0.00100936
52.3125 	2.66881e-06 	-6.05398e-07 	0.00100353
52.5 	5.98751e-06 	5.7167e-07 	0.00102754
52.8125 	7.11339e-06 	-2.63011e-06 	0.00109095
52.9375 	4.74055e-06 	-5.39515e-07 	0.00102579
53.1875 	4.75036e-06 	1.31608e-06 	0.000975582
53.5 	5.24444e-06 	1.54311e-06 	0.00101768
53.625 	7.11886e-06 	-1.45808e-06 	0.000973551
53.6875 	3.24168e-06 	-7.93894e-07 	0.00103857
53.75 	7.28922e-06 	-9.69239e-07 	0.00101679
53.875 	4.25544e-06 	9.97252e-07 	0.00101873
54.0 	5.62673e-06 	-7.57223e-07 	0.0010131
54.0625 	7.34126e-06 	2.12648e-06 	0.000980393
54.1875 	7.3893e-06 	1.52138e-06 	0.00100192
54.25 	3.71209e-06 	-2.96333e-07 	0.00101502
54.3125 	7.40329e-06 	6.09068e-07 	0.000957107
54.375 	4.9453e-06 	-1.39222e-06 	0.0009782
54.4375 	4.29334e-06 	9.53761e-07 	0.000955282
54.6875 	3.2766e-06 	1.21996e-06 	0.000951081
54.8125 	6.76507e-06 	-2.16197e-06 	0.000964975
54.875 	4.85105e-06 	1.38783e-06 	0.0010033
55.0 	8.03998e-06 	1.45556e-06 	0.000960403
55.3125 	7.80111e-06 	-1.24394e-06 	0.000963186
55.4375 	4.74374e-06 	-1.1408e-06 	0.0009954
55.5 	5.91342e-06 	-1.24636e-06 	0.000990825
55.75 	6.66119e-06 	-1.29204e-06 	0.00101837
55.9375 	5.45622e-06 	2.90292e-06 	0.00104556
56.0 	5.94591e-06 	1.48583e-06 	0.00101527
56.0625 	5.10199e-06 	-1.31886e-06 	0.00102918
56.3125 	4.33266e-06 	5.43896e-07 	0.00107744
56.375 	5.61414e-06 	-3.68309e-07 	0.00113215
56.4375 	3.78622e-06 	-7.67034e-07 	0.00111643
56.5625 	4.50431e-06 	9.69391e-07 	0.00112892
56.6875 	6.99141e-06 	-1.3938e-06 	0.0011255
56.75 	6.15101e-06 	1.29801e-06 	0.00112676
57.0 	7.03242e-06 	-1.95008e-06 	0.00115974
57.0625 	4.23363e-06 	5.90961e-07 	0.00120245
57.1875 	3.9407e-06 	-7.22053e-07 	0.00123776
57.25 	4.65314e-06 	-1.66893e-07 	0.00125691
57.3125 	6.49509e-06 	1.86754e-06 	0.00128506
57.4375 	7.51868e-06 	-1.5018e-06 	0.00128668
57.6875 	6.86803e-06 	-2.147e-06 	0.0013255
58.125 	4.98665e-06 	-1.06079e-06 	0.0013622
58.1875 	5.96621e-06 	-3.00921e-06 	0.0013358
58.25 	6.58081e-06 	-1.77023e-06 	0.00133117
58.3125 	3.46333e-06 	-1.13482e-06 	0.00132451
58.4375 	6.43003e-06 	-2.89686e-06 	0.00130324
58.5625 	4.91222e-06 	7.52218e-07 	0.00130624
58.875 	6.51422e-06 	-6.96072e-07 	0.00129272
59.0 	5.14238e-06 	1.20504e-06 	0.00129323
59.125 	5.8116e-06 	2.98924e-06 	0.0013113
59.25 	6.16236e-06 	-1.19043e-06 	0.00132204
59.3125 	5.31503e-06 	-1.13919e-06 	0.00129323
59.375 	3.17427e-06 	-5.63545e-07 	0.00129175
59.5 	8.18354e-06 	-1.88849e-06 	0.00130985
59.8125 	6.30115e-06 	1.89499e-06 	0.00130916
60.4375 	7.6455e-06 	2.30666e-06 	0.00134013
60.625 	3.4831e-06 	1.49936e-06 	0.00137648
61.0 	4.3272e-06 	-1.81172e-06 	0.0014292
61.125 	3.0152e-06 	-6.35702e-07 	0.00147224
61.4375 	4.60787e-06 	-1.80259e-06 	0.00145985
61.625 	3.03943e-06 	-1.63249e-07 	0.00145286
61.8125 	4.58345e-06 	1.86539e-06 	0.00143849
61.9375 	7.51331e-06 	-2.57823e-06 	0.00144011
62.1875 	4.23101e-06 	1.99627e-06 	0.00144923
62.375 	5.65023e-06 	1.54758e-06 	0.00147138
62.5 	3.62888e-06 	2.08338e-07 	0.0014701
62.5625 	2.00447e-06 	1.2003e-08 	0.00147006
62.875 	4.5268e-06 	9.19176e-07 	0.00146734
62.9375 	3.85711e-06 	-5.98377e-07 	0.00142911
63.0 	8.07764e-06 	5.86661e-07 	0.00142835
63.25 	3.27e-06 	8.46781e-07 	0.0014242
63.5625 	7.22141e-06 	-6.40984e-07 	0.00145249
63.8125 	7.72607e-06 	6.9044e-07 	0.0014712
63.9375 	3.04684e-06 	-3.21541e-07 	0.00145166
64.0 	5.78895e-06 	-2.34092e-06 	0.00147543
64.4375 	2.75605e-06 	-4.7761e-07 	0.00152277
64.6875 	3.62507e-06 	1.25995e-06 	0.00150763
64.75 	4.52059e-06 	2.12555e-06 	0.00149348
64.8125 	2.65907e-06 	-5.50025e-08 	0.00146311
64.875 	4.95099e-06 	1.64631e-06 	0.00147878
64.9375 	7.10382e-06 	3.59197e-06 	0.00146751
65.0 	5.53408e-06 	1.42807e-06 	0.00146502
65.0625 	7.27468e-06 	-2.19639e-06 	0.00152691
65.125 	3.31099e-06 	-2.66777e-07 	0.00152454
65.625 	6.17032e-06 	2.1131e-07 	0.00156139
65.8125 	6.41734e-06 	3.95979e-07 	0.00150032
66.0625 	3.52665e-06 	-8.68309e-07 	0.00154241
66.3125 	4.81714e-06 	-1.0109e-06 	0.00155651
66.5 	6.39724e-06 	2.45107e-06 	0.00155236
66.75 	5.05494e-06 	9.42859e-07 	0.00159004
66.8125 	3.45643e-06 	5.83409e-07 	0.00156565
66.9375 	3.91715e-06 	-6.46767e-07 	0.00158916
67.25 	5.51694e-06 	7.97115e-07 	0.00166358
67.5 	7.38893e-06 	2.80583e-06 	0.00171055
67.8125 	6.53553e-06 	1.72707e-06 	0.00167549
67.875 	7.91309e-06 	-7.58798e-07 	0.00165837
67.9375 	6.51898e-06 	9.55508e-07 	0.00164607
68.0 	6.24141e-06 	-1.36765e-06 	0.00162291
68.125 	4.41132e-06 	1.82026e-06 	0.00161864
68.1875 	5.6359e-06 	8.84965e-07 	0.00160271
68.3125 	5.68048e-06 	1.97104e-06 	0.00161371
68.4375 	3.51455e-06 	9.19024e-07 	0.00155867
68.5625 	5.13268e-06 	-2.53737e-06 	0.00157052
68.6875 	5.38994e-06 	-1.66779e-06 	0.00155299
68.75 	5.04038e-06 	2.07356e-07 	0.00154695
68.8125 	5.4088e-06 	-1.33614e-06 	0.001555
68.9375 	5.03213e-06 	-1.55094e-06 	0.00153833
69.125 	4.56558e-06 	1.39127e-06 	0.00152559
69.1875 	6.21696e-06 	-2.06067e-06 	0.00151836
69.25 	4.48177e-06 	8.79714e-07 	0.00152035
69.3125 	7.83807e-06 	-2.04833e-06 	0.00152806
69.4375 	4.28625e-06 	7.52231e-07 	0.00154671
69.5 	6.76644e-06 	2.11446e-06 	0.00152014
69.75 	7.14611e-06 	-6.05159e-07 	0.0015168
69.875 	7.24793e-06 	-8.70329e-07 	0.00154637
69.9375 	4.80863e-06 	3.35979e-07 	0.00151177
