# time 	Local 	Global 	Cumulative
0.333274 	3.57138e-06 	9.91205e-07 	3.45945e-06
0.392346 	5.23358e-06 	-2.57675e-06 	1.88136e-05
0.579973 	5.79552e-06 	-2.94767e-06 	2.81924e-05
0.642226 	5.56806e-06 	-1.06841e-06 	1.5476e-05
0.70448 	6.584e-06 	-1.23261e-06 	2.06766e-05
0.766734 	5.19996e-06 	-2.5009e-06 	3.64735e-05
0.828988 	7.76273e-06 	2.19881e-06 	7.59241e-06
0.953496 	4.18227e-06 	-9.09927e-07 	-2.49463e-05
1.01575 	7.07062e-06 	1.21266e-06 	-8.27657e-06
1.078 	5.55854e-06 	-2.1923e-06 	-2.40039e-06
1.20251 	5.21515e-06 	-1.15978e-06 	-2.78285e-05
1.26477 	8.08921e-06 	1.59096e-06 	-1.49372e-05
1.38927 	4.76876e-06 	-1.16494e-06 	-3.0693e-06
1.45153 	7.02977e-06 	-9.74825e-07 	-1.74603e-05
1.51378 	7.46309e-06 	-2.50219e-06 	-4.77256e-05
1.57604 	4.8054e-06 	-1.5514e-06 	-3.96304e-05
1.70054 	7.40366e-06 	-2.6792e-06 	6.93566e-06
1.7628 	7.59708e-06 	-1.33111e-06 	1.75409e-05
1.8873 	6.07806e-06 	2.38848e-06 	4.90718e-05
1.94956 	8.34558e-06 	-1.67192e-06 	7.51579e-05
2.01181 	8.01309e-06 	-1.81044e-06 	8.26898e-05
2.07407 	6.83927e-06 	-2.06721e-06 	7.57962e-05
2.13632 	7.26663e-06 	2.50503e-06 	9.03344e-05
2.19857 	4.09547e-06 	-8.58339e-07 	8.31441e-05
2.26083 	4.8464e-06 	-1.37299e-06 	7.79339e-05
2.32308 	7.42508e-06 	2.79774e-06 	7.25767e-05
2.38534 	6.61648e-06 	2.36154e-06 	8.87544e-05
2.44759 	3.6352e-06 	-2.07468e-07 	0.000142411
2.50984 	5.99425e-06 	6.71391e-07 	0.000164065
2.63435 	4.48806e-06 	8.25743e-07 	0.000169524
2.69661 	4.38993e-06 	-1.51256e-06 	0.00018959
2.75886 	5.38771e-06 	-9.52245e-07 	0.000214192
2.82111 	5.38072e-06 	1.81875e-06 	0.0002106
2.88337 	7.44035e-06 	1.7131e-06 	0.000213739
2.94562 	5.6964e-06 	1.94737e-06 	0.000247024
3.00787 	5.43571e-06 	1.08774e-06 	0.000227194
3.07013 	4.10877e-06 	1.09146e-06 	0.000219951
3.13238 	4.47083e-06 	1.03548e-06 	0.000213526
3.19464 	5.72801e-06 	-2.61508e-06 	0.000229095
3.25689 	5.26579e-06 	-1.6251e-06 	0.000245445
3.31914 	5.80597e-06 	-2.82479e-06 	0.00025835
3.3814 	6.76776e-06 	-1.95292e-06 	0.000250539
3.44365 	4.98726e-06 	1.77095e-06 	0.000261964
3.50591 	7.09443e-06 	-2.49745e-06 	0.000257257
3.56816 	7.6697e-06 	-2.56583e-06 	0.000241015
3.69267 	4.98808e-06 	1.87145e-06 	0.000259457
3.75492 	5.15825e-06 	-1.88254e-06 	0.000242667
3.81718 	7.86813e-06 	2.4653e-06 	0.000238904
3.87943 	4.7196e-06 	-1.58992e-06 	0.000232214
4.00394 	4.62315e-06 	-1.61269e-06 	0.000208107
4.06619 	5.12062e-06 	1.55191e-06 	0.000215081
4.12845 	7.12444e-06 	2.40874e-06 	0.000235664
4.1907 	5.44833e-06 	2.22324e-06 	0.000253743
4.25295 	7.81241e-06 	2.84015e-06 	0.000233546
4.31521 	5.86466e-06 	1.44176e-06 	0.000210523
4.37746 	7.94276e-06 	1.69411e-06 	0.000239106
4.50197 	5.46278e-06 	-1.08124e-06 	0.000250063
4.56422 	7.60089e-06 	2.3363e-06 	0.000238861
4.62648 	5.69725e-06 	1.90683e-06 	0.000240178
4.68873 	7.6676e-06 	-2.92441e-06 	0.000209562
4.75098 	5.22692e-06 	2.23981e-06 	0.00018347
4.81324 	5.33336e-06 	-1.28974e-06 	0.000185803
4.87549 	7.96764e-06 	2.65516e-06 	0.000190307
4.93775 	5.71658e-06 	2.14412e-06 	0.000194164
5.0 	7.78711e-06 	1.85709e-06 	0.000226791
5.0625 	3.80027e-06 	-5.37988e-07 	0.000230256
5.125 	5.00348e-06 	6.92319e-07 	0.000199589
5.25 	2.87644e-06 	-4.49558e-07 	0.000209239
5.3125 	6.78323e-06 	2.51765e-06 	0.000246546
5.375 	3.31449e-06 	-6.22858e-07 	0.00024841
5.4375 	5.45439e-06 	-1.88065e-06 	0.000253984
5.5 	5.01014e-06 	1.71363e-06 	0.000239727
5.5625 	5.27742e-06 	-1.76773e-06 	0.000253848
5.625 	7.001e-06 	-2.17033e-06 	0.000311927
5.6875 	7.79857e-06 	-2.53694e-06 	0.000311027
5.75 	5.73514e-06 	2.58861e-06 	0.000294647
5.8125 	6.83374e-06 	-8.06142e-07 	0.000268386
5.875 	5.56517e-06 	1.56813e-06 	0.000299865
5.9375 	4.45529e-06 	7.49641e-07 	0.000295457
6.0 	5.21298e-06 	-1.45171e-06 	0.000305839
6.125 	4.36662e-06 	-6.62561e-07 	0.000344396
6.1875 	6.11237e-06 	-2.16173e-06 	0.000361217
6.25 	4.92811e-06 	-1.55175e-06 	0.000363237
6.3125 	7.73243e-06 	-2.40617e-06 	0.000373956
6.4375 	5.09828e-06 	1.37698e-06 	0.000404431
6.625 	3.62993e-06 	-3.93315e-07 	0.000367694
6.6875 	3.55945e-06 	-6.44965e-07 	0.000356328
6.75 	5.14836e-06 	-1.80294e-06 	0.000353075
6.8125 	4.64439e-06 	1.19986e-06 	0.000324472
6.9375 	4.44353e-06 	-1.54846e-06 	0.00030801
7.0 	7.98736e-06 	2.92153e-06 	0.000306987
7.0625 	6.57727e-06 	-3.35526e-06 	0.0002864
7.125 	4.60819e-06 	2.22838e-07 	0.000282482
7.1875 	7.12698e-06 	-2.46174e-06 	0.000299572
7.25 	3.22322e-06 	-1.20359e-06 	0.000315938
7.4375 	5.373e-06 	1.37269e-06 	0.000279818
7.5625 	7.9809e-06 	-2.63444e-06 	0.000292267
7.625 	4.27857e-06 	-1.56822e-06 	0.000309678
7.6875 	6.73422e-06 	-3.44284e-06 	0.00034835
7.75 	6.76723e-06 	-1.7129e-06 	0.000362037
7.8125 	4.90742e-06 	-1.2358e-06 	0.000369866
7.9375 	6.7565e-06 	6.1819e-07 	0.000379408
8.0 	3.86181e-06 	-9.50655e-07 	0.00037827
8.0625 	5.48726e-06 	2.6473e-06 	0.000352836
8.125 	6.31543e-06 	9.07551e-07 	0.000357298
8.25 	5.32911e-06 	1.83033e-06 	0.000366853
8.3125 	5.71211e-06 	2.58656e-06 	0.000335726
8.375 	8.24704e-06 	3.2111e-06 	0.000323526
8.4375 	3.06943e-06 	2.75952e-07 	0.00033539
8.5 	3.99218e-06 	8.09399e-07 	0.000285487
8.5625 	7.88236e-06 	1.35389e-06 	0.000279476
8.625 	3.01132e-06 	-2.71092e-08 	0.00024553
8.8125 	4.91039e-06 	-1.72289e-06 	0.000235087
8.875 	5.56833e-06 	-1.57876e-06 	0.000210847
8.9375 	4.58304e-06 	-8.85803e-07 	0.000212218
9.0 	5.28398e-06 	-2.50799e-06 	0.000238877
9.0625 	8.3212e-06 	1.99453e-06 	0.000212532
9.125 	8.03642e-06 	2.9974e-06 	0.000239458
9.1875 	8.10625e-06 	-1.65906e-06 	0.000235843
9.25 	4.52659e-06 	1.32124e-06 	0.000242235
9.3125 	7.79354e-06 	3.23053e-06 	0.000258804
9.375 	4.70501e-06 	-2.37192e-06 	0.000247655
9.4375 	5.49082e-06 	1.81023e-06 	0.000222872
9.5625 	5.87083e-06 	-1.74516e-06 	0.000173252
9.625 	7.34598e-06 	2.15508e-06 	0.000177293
9.6875 	4.45292e-06 	1.37555e-06 	0.000187477
9.75 	4.57972e-06 	-9.97125e-07 	0.000199168
9.8125 	3.7755e-06 	-1.40497e-06 	0.000198589
9.875 	5.33822e-06 	1.36742e-06 	0.000219734
9.9375 	7.55064e-06 	-2.10335e-06 	0.000234592
10.0 	4.93129e-06 	-1.35375e-06 	0.000238532
10.0625 	8.15084e-06 	2.95018e-06 	0.000217705
10.125 	2.8317e-06 	1.01468e-07 	0.000223495
10.1875 	4.54647e-06 	1.92127e-06 	0.000217591
10.25 	7.55371e-06 	8.73823e-07 	0.000210916
10.3125 	6.95453e-06 	-1.4139e-06 	0.000221496
10.375 	4.06871e-06 	-9.65174e-07 	0.000202628
10.5 	7.58613e-06 	-2.13355e-06 	0.000201561
10.5625 	7.99913e-06 	1.98347e-06 	0.000218446
10.625 	5.69529e-06 	1.65817e-06 	0.000221665
10.6875 	5.33482e-06 	-1.80364e-06 	0.000212315
10.75 	6.59946e-06 	2.25082e-06 	0.000174745
10.8125 	4.31867e-06 	-1.08442e-06 	0.000201276
10.875 	5.94326e-06 	1.32192e-06 	0.000184093
10.9375 	3.97837e-06 	2.26242e-07 	0.000208357
11.0 	7.73119e-06 	2.70304e-06 	0.00022561
11.0625 	4.38893e-06 	1.00684e-06 	0.000242111
11.125 	3.38857e-06 	3.07558e-07 	0.000232613
11.1875 	5.79283e-06 	1.55651e-06 	0.000229646
11.25 	8.13898e-06 	3.31071e-06 	0.000252657
11.375 	5.36939e-06 	1.31618e-06 	0.000267856
11.4375 	6.52377e-06 	1.72691e-06 	0.000253236
11.5 	5.31177e-06 	-1.64796e-06 	0.000264334
11.5625 	4.72502e-06 	1.19971e-06 	0.000275041
11.625 	7.75969e-06 	1.27528e-06 	0.000275591
11.6875 	6.43003e-06 	3.77763e-07 	0.000282984
11.75 	4.67966e-06 	1.0894e-06 	0.000247379
11.8125 	4.96638e-06 	1.52818e-06 	0.000290905
11.875 	1.76421e-06 	6.23772e-08 	0.000279063
11.9375 	1.65159e-06 	-7.30361e-08 	0.000285818
12.0 	7.87722e-06 	-2.80003e-06 	0.000303553
12.0625 	4.20833e-06 	-1.45145e-07 	0.000253488
12.125 	6.62476e-06 	-2.71183e-06 	0.000208853
12.1875 	4.26466e-06 	6.24934e-07 	0.000219328
12.25 	5.58907e-06 	5.17922e-07 	0.000235714
12.3125 	8.01027e-06 	2.93175e-06 	0.000247706
12.375 	7.21413e-06 	-2.33021e-06 	0.000241038
12.4375 	4.38989e-06 	-5.59673e-07 	0.00022311
12.5625 	5.64178e-06 	2.75396e-06 	0.000229684
12.625 	7.54265e-06 	1.51763e-06 	0.000221747
12.6875 	7.80208e-06 	-2.77556e-06 	0.000222993
12.75 	4.89433e-06 	-1.05402e-06 	0.000251325
12.8125 	5.76437e-06 	8.79599e-07 	0.000243953
12.875 	5.63662e-06 	-1.8296e-06 	0.000217628
13.0 	5.38502e-06 	-2.61965e-06 	0.000203698
13.0625 	4.51552e-06 	1.22222e-06 	0.000145725
13.125 	6.42659e-06 	1.56548e-06 	0.000195588
13.1875 	3.37745e-06 	5.12285e-07 	0.000179686
13.25 	7.19646e-06 	-6.2238e-07 	0.000157592
13.3125 	6.1657e-06 	-1.58627e-06 	0.000191407
13.375 	7.32651e-06 	-1.87059e-06 	0.000177567
13.4375 	4.64829e-06 	1.56813e-06 	0.000169007
13.5 	4.5156e-06 	-1.4556e-06 	0.00016903
13.5625 	6.10719e-06 	2.32762e-06 	0.00016698
13.625 	7.1174e-06 	1.39883e-06 	0.000207931
13.6875 	5.54569e-06 	1.86681e-06 	0.000210968
13.8125 	5.08446e-06 	-1.28063e-06 	0.000230125
14.0 	7.86771e-06 	-2.92091e-06 	0.000245228
14.0625 	4.54204e-06 	4.24223e-07 	0.000261389
14.125 	5.33957e-06 	-1.85209e-06 	0.000240456
14.1875 	4.1061e-06 	8.66965e-07 	0.000298191
14.3125 	5.33963e-06 	3.88367e-07 	0.00029839
14.375 	4.63015e-06 	-7.84099e-07 	0.000293755
14.4375 	3.91045e-06 	-7.81825e-07 	0.000277183
14.5 	6.87057e-06 	-2.21494e-06 	0.000260969
14.5625 	7.54687e-06 	7.64896e-07 	0.000258099
14.625 	4.80131e-06 	-7.29226e-07 	0.000253861
14.6875 	5.34477e-06 	-1.42324e-06 	0.000221723
14.75 	4.22762e-06 	1.06208e-06 	0.000196043
14.8125 	5.72566e-06 	-2.24404e-06 	0.000201863
14.875 	6.35236e-06 	1.63054e-06 	0.000195811
14.9375 	5.2778e-06 	2.43053e-07 	0.000201441
15.0 	7.56991e-06 	1.94341e-06 	0.000193624
15.1875 	4.29695e-06 	9.74535e-07 	0.000208917
15.25 	5.86108e-06 	-2.1419e-06 	0.000189527
15.3125 	5.33547e-06 	2.64181e-06 	0.000198652
15.375 	7.99469e-06 	2.10202e-06 	0.000161084
15.4375 	8.0797e-06 	3.00636e-06 	0.000127355
15.5 	6.57286e-06 	-3.37157e-06 	0.00014125
15.5625 	4.71628e-06 	-1.4785e-06 	0.000128844
15.625 	2.45967e-06 	-6.41738e-08 	0.000135731
15.75 	5.03784e-06 	-1.74468e-06 	0.000147339
15.8125 	7.17965e-06 	2.60519e-06 	0.000178482
15.875 	4.43616e-06 	6.56652e-07 	0.000214736
15.9375 	4.42849e-06 	2.0712e-06 	0.000214465
16.0 	3.16486e-06 	6.75496e-07 	0.00025282
16.0625 	5.03098e-06 	-6.75751e-07 	0.000282148
16.125 	5.32531e-06 	-2.6481e-06 	0.000314069
16.1875 	6.0353e-06 	9.50256e-07 	0.000318712
16.25 	5.58574e-06 	2.70312e-06 	0.000274335
16.3125 	4.05455e-06 	6.74705e-07 	0.000281964
16.375 	3.99264e-06 	6.09368e-07 	0.000247882
16.4375 	4.01292e-06 	8.90319e-07 	0.000291115
16.5 	7.17024e-06 	-3.22463e-06 	0.000279641
16.5625 	5.53528e-06 	-2.15733e-06 	0.000236817
16.625 	4.97261e-06 	1.53329e-06 	0.00023545
16.6875 	5.58509e-06 	-2.4094e-06 	0.00023679
16.75 	4.05821e-06 	2.92536e-08 	0.000231729
16.8125 	7.94802e-06 	4.03107e-06 	0.000247185
16.875 	4.69389e-06 	1.52906e-06 	0.000251152
16.9375 	4.95001e-06 	-6.83838e-07 	0.000272974
17.1875 	4.57223e-06 	1.43618e-06 	0.00029774
17.25 	5.17237e-06 	-1.51865e-06 	0.000313104
17.3125 	6.54432e-06 	1.07947e-06 	0.000329247
17.375 	7.07436e-06 	3.10925e-06 	0.00033242
17.4375 	6.19497e-06 	-6.10519e-07 	0.000330907
17.5 	5.66225e-06 	-1.87835e-06 	0.000298911
17.5625 	7.26406e-06 	2.44536e-06 	0.000294467
17.625 	7.37885e-06 	6.70704e-07 	0.000291602
17.6875 	5.12389e-06 	1.62674e-06 	0.000318051
17.75 	4.49188e-06 	-1.39007e-06 	0.000343334
17.8125 	7.85204e-06 	2.82454e-06 	0.000319997
17.875 	4.69578e-06 	1.04665e-06 	0.000309523
17.9375 	4.7937e-06 	1.30483e-06 	0.000322329
18.0 	6.08219e-06 	7.458e-07 	0.000339376
18.0625 	3.5237e-06 	2.98535e-07 	0.00036717
18.125 	5.362e-06 	-1.10656e-06 	0.000352462
18.1875 	6.24289e-06 	2.80715e-06 	0.000342533
18.25 	6.54449e-06 	1.53453e-06 	0.000304245
18.3125 	3.07038e-06 	-5.82347e-07 	0.000321238
18.375 	6.98227e-06 	-5.64493e-07 	0.000319792
18.4375 	5.67946e-06 	2.01134e-06 	0.000313262
18.5 	5.88937e-06 	1.8953e-06 	0.000342233
18.5625 	6.03332e-06 	-2.56501e-06 	0.000321699
18.625 	5.59219e-06 	2.72543e-06 	0.00029272
18.75 	3.35086e-06 	9.44876e-07 	0.000354618
18.8125 	7.53451e-06 	1.76401e-06 	0.000362573
18.875 	6.70309e-06 	1.71964e-06 	0.000381435
18.9375 	4.25012e-06 	-6.10833e-07 	0.000379361
19.125 	5.37199e-06 	8.70848e-07 	0.000378803
19.25 	5.34413e-06 	-2.58543e-06 	0.000363722
19.3125 	5.14726e-06 	1.71693e-06 	0.000387383
19.375 	6.88497e-06 	6.54291e-07 	0.000383894
19.4375 	3.23642e-06 	1.04068e-06 	0.000404793
19.5 	7.322e-06 	-2.28717e-06 	0.00039535
19.625 	7.33435e-06 	-1.79634e-06 	0.000418799
19.6875 	7.43487e-06 	-2.29696e-06 	0.000396192
19.75 	5.42801e-06 	1.70067e-06 	0.000414441
19.8125 	7.2413e-06 	-2.4486e-06 	0.000417355
19.875 	6.82254e-06 	-3.31919e-06 	0.000395454
19.9375 	5.36053e-06 	2.65641e-06 	0.000370819
20.0 	5.37609e-06 	-1.3464e-06 	0.000363192
20.0625 	6.22155e-06 	1.93203e-06 	0.000399636
20.125 	5.73992e-06 	-2.71095e-06 	0.0004022
20.1875 	6.31816e-06 	-3.16361e-06 	0.000400991
20.25 	7.5625e-06 	2.36679e-06 	0.000397657
20.3125 	5.14929e-06 	1.46296e-06 	0.000405305
20.375 	6.25461e-06 	7.70497e-07 	0.000383498
20.4375 	5.30768e-06 	1.93046e-06 	0.00042512
20.5 	5.32463e-06 	-2.06427e-06 	0.000447213
20.5625 	5.24023e-06 	-2.05751e-06 	0.000440843
20.625 	7.10944e-06 	-2.05939e-06 	0.000414239
20.6875 	5.5169e-06 	1.7042e-06 	0.000419761
20.75 	4.96074e-06 	-1.70063e-06 	0.000369015
20.8125 	7.40333e-06 	-1.77462e-06 	0.000350313
20.875 	6.64887e-06 	-2.28089e-06 	0.000352616
20.9375 	5.90689e-06 	9.21224e-07 	0.000366211
21.0 	7.5501e-06 	8.0318e-07 	0.000381231
21.0625 	5.34658e-06 	-1.72532e-06 	0.000372172
21.1875 	5.53652e-06 	1.71864e-06 	0.000348841
21.3125 	7.03832e-06 	1.72898e-06 	0.000290119
21.375 	7.21538e-06 	2.69207e-06 	0.000294974
21.4375 	5.63238e-06 	2.38082e-06 	0.000286645
21.5 	5.57718e-06 	-1.87549e-06 	0.000265072
21.5625 	4.8083e-06 	-1.37057e-06 	0.000258362
21.625 	4.85241e-06 	1.02019e-06 	0.000264045
21.6875 	7.00847e-06 	2.15332e-06 	0.000256378
21.75 	4.77621e-06 	1.33712e-06 	0.000243567
21.8125 	4.10528e-06 	-6.26059e-07 	0.000221578
21.875 	7.07426e-06 	1.58036e-06 	0.000193587
21.9375 	7.85451e-06 	2.41071e-06 	0.000178108
22.0 	7.41506e-06 	-1.59539e-06 	0.000154374
22.0625 	7.92431e-06 	1.09786e-07 	0.000154323
22.125 	5.30897e-06 	1.42681e-06 	0.000162348
22.1875 	4.17165e-06 	-1.23381e-06 	0.000163214
22.25 	5.22903e-06 	-1.51805e-06 	0.000154756
22.3125 	6.19322e-06 	2.74023e-06 	0.000172853
22.375 	3.88879e-06 	-7.37796e-07 	0.000171974
22.4375 	6.64925e-06 	-1.79027e-06 	0.000183324
22.625 	7.94719e-06 	-1.20114e-06 	0.000195538
22.6875 	6.76608e-06 	1.54554e-06 	0.000191267
22.75 	3.89697e-06 	5.23917e-07 	0.000184946
22.8125 	3.86917e-06 	6.41892e-07 	0.000176537
22.9375 	4.35842e-06 	1.28512e-06 	0.000164927
23.0 	5.65073e-06 	2.72263e-06 	0.000156305
23.0625 	4.83184e-06 	-3.34416e-07 	0.000133173
23.125 	4.03198e-06 	-1.20158e-06 	0.000143549
23.1875 	6.4106e-06 	2.82963e-06 	0.00015406
23.3125 	3.90544e-06 	-1.31886e-06 	0.000155144
23.375 	6.86372e-06 	-2.30656e-06 	0.000186158
23.4375 	3.50487e-06 	-4.47229e-07 	0.000198223
23.5625 	4.82105e-06 	5.17513e-07 	0.000212323
23.6875 	5.21805e-06 	1.92831e-06 	0.000228014
23.75 	4.35688e-06 	7.60648e-07 	0.000220275
23.8125 	5.68663e-06 	-1.84762e-06 	0.000232369
23.875 	8.04223e-06 	-6.41107e-07 	0.000171817
23.9375 	7.75336e-06 	3.3948e-06 	0.000135816
24.0 	4.75192e-06 	-1.55454e-06 	0.000135095
24.0625 	7.48874e-06 	2.67922e-06 	0.000193638
24.125 	5.15444e-06 	7.75915e-07 	0.000214543
24.1875 	6.25233e-06 	1.99882e-06 	0.000231126
24.3125 	7.11249e-06 	2.29437e-06 	0.000237754
24.375 	5.44259e-06 	-5.95654e-07 	0.000258784
24.4375 	3.76242e-06 	1.02675e-06 	0.000266922
24.5 	5.80354e-06 	-2.3282e-06 	0.000270986
24.5625 	4.09058e-06 	1.30785e-06 	0.000255945
24.625 	4.51328e-06 	-1.42564e-06 	0.000225168
24.6875 	6.92764e-06 	3.24026e-06 	0.000229003
24.75 	7.50115e-06 	-6.74739e-07 	0.000220618
24.8125 	6.68577e-06 	-2.09683e-07 	0.000211171
24.875 	5.15371e-06 	5.20217e-07 	0.00023782
24.9375 	5.66442e-06 	2.19286e-06 	0.000246677
25.0 	8.1752e-06 	1.94886e-06 	0.000232821
25.0625 	5.30983e-06 	2.13905e-06 	0.000250665
25.125 	6.85387e-06 	-3.30987e-06 	0.000292626
25.25 	2.50421e-06 	-2.74944e-07 	0.000267665
25.3125 	7.94412e-06 	2.76019e-06 	0.000258221
25.375 	4.6394e-06 	-1.45266e-06 	0.000314422
25.4375 	5.45907e-06 	-1.73928e-06 	0.000305037
25.5 	7.29249e-06 	-2.28848e-06 	0.000304916
25.5625 	4.08339e-06 	8.50729e-07 	0.000350213
25.625 	4.40898e-06 	-7.91067e-07 	0.000352564
25.6875 	6.48004e-06 	3.1079e-06 	0.000354741
25.75 	5.05802e-06 	5.50973e-07 	0.000390974
25.8125 	6.01782e-06 	-2.63186e-06 	0.000400473
25.875 	6.55806e-06 	-3.19588e-06 	0.000403958
25.9375 	5.08219e-06 	1.62602e-06 	0.000414741
26.0 	3.76364e-06 	-4.38338e-07 	0.00040618
26.0625 	3.45227e-06 	-2.56016e-07 	0.000406924
26.125 	5.8029e-06 	1.07505e-06 	0.000392609
26.1875 	5.59199e-06 	-3.48696e-07 	0.000383466
26.25 	8.00122e-06 	3.53613e-06 	0.000380993
26.3125 	8.07596e-06 	-3.09912e-06 	0.000353439
26.375 	5.21145e-06 	-1.87649e-06 	0.000361275
26.4375 	7.06178e-06 	1.15103e-06 	0.00036338
26.5 	4.9552e-06 	1.28006e-06 	0.000367442
26.5625 	6.80776e-06 	2.46063e-06 	0.000359162
26.625 	3.79275e-06 	1.46777e-06 	0.00036382
26.6875 	1.82854e-06 	2.46705e-08 	0.000309775
26.875 	4.45873e-06 	-1.30068e-06 	0.000335796
26.9375 	4.18735e-06 	9.02049e-07 	0.000349486
27.0 	3.44445e-06 	-3.22071e-07 	0.000389222
27.0625 	5.70769e-06 	1.96036e-06 	0.000380226
27.125 	5.28955e-06 	5.01467e-07 	0.000386362
27.25 	5.40977e-06 	1.6368e-06 	0.000390325
27.3125 	8.22565e-06 	2.77411e-06 	0.000404375
27.375 	6.28336e-06 	-3.32568e-06 	0.000389076
27.5 	4.76365e-06 	8.61084e-07 	0.000413423
27.5625 	7.84274e-06 	-2.55751e-06 	0.000382486
27.625 	6.32996e-06 	-1.5196e-06 	0.000373224
27.6875 	8.28651e-06 	2.96796e-06 	0.000339874
27.75 	7.1955e-06 	2.71203e-06 	0.000320632
27.8125 	5.3947e-06 	-2.65929e-06 	0.000350314
27.875 	4.06545e-06 	1.06647e-06 	0.000358953
28.0 	4.39498e-06 	1.17091e-06 	0.000383157
28.0625 	5.65871e-06 	-1.09657e-06 	0.000344711
28.125 	5.89027e-06 	2.54925e-06 	0.000355025
28.25 	8.08299e-06 	1.79484e-06 	0.000375761
28.3125 	3.92813e-06 	-7.43476e-07 	0.000376667
28.375 	3.78286e-06 	9.06553e-07 	0.00034845
28.4375 	3.55833e-06 	-4.97035e-07 	0.000351875
28.5 	7.94983e-06 	-3.10997e-06 	0.000340186
28.625 	6.29727e-06 	-2.70114e-06 	0.000316245
28.6875 	7.77727e-06 	3.07436e-06 	0.000318393
28.8125 	5.27685e-06 	-1.82731e-06 	0.000338447
28.875 	5.79002e-06 	-1.95327e-06 	0.000337272
28.9375 	5.43016e-06 	-2.67419e-06 	0.000358973
29.0 	6.3939e-06 	2.01542e-06 	0.000376106
29.0625 	5.54596e-06 	2.73326e-06 	0.000367005
29.125 	5.15714e-06 	-1.58509e-06 	0.000397084
29.1875 	7.91791e-06 	-3.17334e-06 	0.000353159
29.25 	6.72296e-06 	-1.42465e-06 	0.000321045
29.3125 	5.10468e-06 	-1.01272e-06 	0.000292539
29.375 	4.80642e-06 	-9.65556e-08 	0.00030598
29.4375 	6.61831e-06 	1.52361e-06 	0.000298681
29.5 	7.42894e-06 	2.91091e-06 	0.000317735
29.5625 	7.64539e-06 	-3.02875e-06 	0.000285475
29.625 	4.69457e-06 	-1.61826e-06 	0.000270492
29.6875 	5.32497e-06 	2.58262e-06 	0.00027093
29.75 	6.09822e-06 	2.8998e-06 	0.000254059
29.875 	5.58994e-06 	2.66741e-06 	0.000231992
29.9375 	4.89024e-06 	-1.22278e-06 	0.000221103
30.0 	3.75827e-06 	8.51094e-07 	0.000244149
30.125 	4.83408e-06 	-1.66797e-06 	0.000282266
30.1875 	5.05211e-06 	-1.6783e-06 	0.000270822
30.25 	6.77079e-06 	-2.18327e-06 	0.000267738
30.3125 	8.12775e-06 	-2.7886e-06 	0.000289609
30.375 	6.76706e-06 	-5.45812e-07 	0.000295527
30.4375 	4.7321e-06 	1.15989e-06 	0.000274695
30.5 	5.6099e-06 	-1.57809e-06 	0.000290844
30.5625 	4.47634e-06 	-1.01913e-06 	0.00030121
30.625 	5.92035e-06 	-1.452e-06 	0.00025484
30.6875 	6.23757e-06 	3.42899e-07 	0.000245159
30.75 	7.30361e-06 	-2.72971e-06 	0.000264041
30.8125 	5.30195e-06 	4.06495e-07 	0.000239201
30.9375 	5.66458e-06 	-1.82255e-06 	0.000269903
31.0 	5.54934e-06 	-1.81877e-06 	0.000270485
31.125 	7.93239e-06 	-2.03823e-06 	0.000238223
31.1875 	5.18715e-06 	9.84399e-07 	0.000237372
31.25 	4.31597e-06 	3.71271e-07 	0.000277868
31.3125 	7.91813e-06 	-9.30303e-07 	0.00027457
31.375 	5.60471e-06 	-1.93519e-06 	0.000262235
31.5 	3.5932e-06 	-1.45284e-06 	0.000266329
31.5625 	4.63765e-06 	-1.51799e-06 	0.000280671
31.625 	5.84293e-06 	-2.80381e-06 	0.000258677
31.6875 	5.75455e-06 	-6.12973e-07 	0.000270772
31.75 	5.35036e-06 	1.62815e-06 	0.000274418
31.8125 	5.80966e-06 	1.84137e-06 	0.000318874
31.875 	7.15052e-06 	-8.86461e-07 	0.000306815
31.9375 	5.25829e-06 	1.22148e-06 	0.000314322
32.0 	4.84784e-06 	-9.789e-07 	0.000337435
32.0625 	3.70002e-06 	9.50612e-07 	0.000364258
32.125 	6.81468e-06 	1.90144e-06 	0.000397792
32.1875 	5.98408e-06 	2.94461e-06 	0.000381769
32.25 	4.86193e-06 	-1.63245e-06 	0.000381443
32.3125 	5.36675e-06 	2.49395e-06 	0.000370787
32.375 	6.78536e-06 	-2.48707e-06 	0.00036055
32.4375 	6.15788e-06 	-1.53751e-06 	0.000339491
32.5 	3.9562e-06 	1.0705e-06 	0.000332619
32.625 	7.25339e-06 	-2.53982e-06 	0.000316003
32.6875 	5.14759e-06 	1.61494e-06 	0.000341311
32.75 	7.45177e-06 	2.95411e-06 	0.000360382
32.8125 	4.74595e-06 	-1.60615e-06 	0.000391534
32.875 	5.10547e-06 	-1.66926e-06 	0.000439251
32.9375 	8.24075e-06 	3.34013e-06 	0.000453136
33.0 	6.42581e-06 	3.05083e-06 	0.000439441
33.0625 	2.38651e-06 	-2.277e-08 	0.000438983
33.125 	4.37632e-06 	1.2244e-06 	0.000486027
33.1875 	7.912e-06 	-1.17184e-06 	0.000458184
33.25 	7.61827e-06 	2.74275e-06 	0.000431494
33.3125 	6.10209e-06 	3.05177e-06 	0.000449494
33.375 	5.44525e-06 	-1.96291e-06 	0.000442616
33.4375 	4.77547e-06 	-1.06844e-06 	0.000427338
33.5 	5.62825e-06 	2.69105e-06 	0.00047434
33.625 	5.93397e-06 	-1.5643e-06 	0.000457842
33.6875 	7.7141e-06 	-6.35068e-07 	0.000423515
33.75 	4.49262e-06 	1.48545e-06 	0.00043593
33.8125 	5.51142e-06 	-1.72594e-06 	0.000426551
33.875 	7.21403e-06 	-2.67822e-06 	0.00041968
33.9375 	5.95637e-06 	1.35672e-06 	0.000406737
34.0 	2.99477e-06 	4.4559e-07 	0.000445736
34.0625 	3.81237e-06 	-4.67324e-07 	0.000446016
34.125 	4.49606e-06 	-1.08963e-06 	0.000444024
34.1875 	6.91321e-06 	3.35884e-06 	0.000461438
34.25 	4.4284e-06 	-1.30515e-06 	0.000489103
34.3125 	5.11155e-06 	1.7046e-06 	0.000507066
34.375 	4.05148e-06 	-3.04859e-07 	0.0004941
34.4375 	5.14878e-06 	1.38157e-06 	0.00050517
34.5 	4.78769e-06 	1.39317e-06 	0.000506544
34.5625 	4.73399e-06 	1.74264e-06 	0.000520944
34.625 	8.25222e-06 	1.74997e-06 	0.000502042
34.6875 	4.39257e-06 	8.59116e-07 	0.000473203
34.75 	8.0266e-06 	-3.24516e-06 	0.00044938
34.875 	4.78077e-06 	1.17609e-06 	0.000460713
34.9375 	6.55729e-06 	-1.07565e-06 	0.000417361
35.0 	3.72879e-06 	7.86593e-07 	0.000411741
35.0625 	3.98273e-06 	1.06005e-07 	0.000396146
35.125 	7.94338e-06 	-3.35438e-06 	0.000396761
35.25 	4.25431e-06 	-1.12881e-06 	0.000387879
35.3125 	7.68706e-06 	2.58249e-06 	0.000420355
35.375 	7.7368e-06 	-3.74299e-06 	0.000378767
35.5625 	6.80936e-06 	-3.18665e-06 	0.000387123
35.625 	4.75866e-06 	1.62227e-06 	0.000413388
35.6875 	7.73367e-06 	9.13091e-07 	0.000405075
35.75 	7.55598e-06 	-2.52397e-06 	0.000400727
35.8125 	5.83294e-06 	2.28453e-06 	0.00036633
35.875 	5.92476e-06 	-2.6299e-06 	0.000391678
35.9375 	5.64596e-06 	-2.49385e-06 	0.000437027
36.0 	4.58336e-06 	-1.23372e-06 	0.000462081
36.125 	3.09942e-06 	5.5248e-07 	0.00049886
36.25 	5.64429e-06 	-2.69943e-06 	0.000521133
36.3125 	5.80972e-06 	-1.79641e-06 	0.000522378
36.4375 	7.22376e-06 	-2.42133e-06 	0.000523189
36.5 	4.72544e-06 	-1.35319e-06 	0.000495749
36.5625 	7.87546e-06 	-1.11024e-06 	0.00047392
36.625 	5.15163e-06 	-1.86612e-06 	0.000472131
36.6875 	6.90942e-06 	-2.36731e-06 	0.000480567
36.75 	7.36364e-06 	-7.9378e-07 	0.000466849
36.8125 	7.58434e-06 	1.617e-06 	0.000454071
36.875 	6.32898e-06 	2.85636e-06 	0.000479973
36.9375 	5.29185e-06 	1.61822e-06 	0.000474531
37.0625 	6.05979e-06 	-6.47596e-07 	0.000479142
37.125 	5.44882e-06 	-1.48579e-06 	0.000507118
37.1875 	3.79316e-06 	-3.26842e-07 	0.000506493
37.25 	5.19583e-06 	1.0704e-06 	0.000496658
37.3125 	5.07729e-06 	-1.54144e-06 	0.000487094
37.375 	4.32864e-06 	1.18974e-06 	0.000510015
37.4375 	8.01588e-06 	-1.0029e-06 	0.000489787
37.5 	4.73381e-06 	1.29728e-06 	0.000478415
37.5625 	5.77582e-06 	-1.76426e-06 	0.000518137
37.625 	5.38894e-06 	2.20556e-06 	0.000527182
37.75 	3.95708e-06 	7.9022e-07 	0.000523284
37.8125 	3.5924e-06 	9.88161e-07 	0.000536832
37.875 	4.92891e-06 	-1.67562e-06 	0.000546513
37.9375 	6.50395e-06 	2.11843e-06 	0.000549558
38.0 	5.16813e-06 	-1.71681e-06 	0.000568052
38.0625 	6.9449e-06 	2.30825e-06 	0.00057684
38.125 	4.40952e-06 	1.17384e-06 	0.000602479
38.1875 	4.15382e-06 	5.96146e-07 	0.000643023
38.25 	5.37395e-06 	1.56573e-06 	0.000640951
38.3125 	4.32741e-06 	-1.23855e-06 	0.000643522
38.375 	8.03237e-06 	-2.55573e-06 	0.000643286
38.4375 	4.95233e-06 	1.46739e-06 	0.000648705
38.5625 	4.1231e-06 	2.76633e-07 	0.000657677
38.6875 	4.94492e-06 	-1.63889e-06 	0.000668608
38.8125 	7.86992e-06 	7.05822e-07 	0.000682399
38.875 	6.41811e-06 	-2.21221e-06 	0.000686051
38.9375 	4.48031e-06 	-1.19655e-06 	0.000684413
39.0 	4.57679e-06 	1.4877e-06 	0.000660566
39.0625 	5.68268e-06 	2.0252e-06 	0.000655158
39.125 	5.64863e-06 	-1.05232e-06 	0.000621691
39.1875 	7.48804e-06 	-2.03601e-06 	0.000584273
39.25 	7.26859e-06 	-2.94858e-06 	0.000582826
39.3125 	5.9286e-06 	-1.86417e-06 	0.000623999
39.375 	7.18426e-06 	2.46327e-06 	0.000639188
39.5 	7.74836e-06 	-1.92732e-06 	0.00061884
39.5625 	5.44715e-06 	1.72845e-06 	0.000597595
39.625 	4.5548e-06 	-1.18113e-06 	0.000580952
39.6875 	3.90138e-06 	6.38194e-07 	0.000545801
39.75 	6.72216e-06 	2.35963e-06 	0.0005393
39.8125 	4.73694e-06 	1.62638e-06 	0.000542005
39.875 	4.65985e-06 	1.89606e-06 	0.000539031
39.9375 	5.8336e-06 	-2.43635e-06 	0.000537644
40.0 	5.56531e-06 	-1.49396e-06 	0.000592515
40.0625 	5.27334e-06 	1.50888e-06 	0.000606151
40.125 	6.94837e-06 	-3.53492e-06 	0.000597962
40.1875 	6.52955e-06 	-1.28619e-06 	0.000584156
40.25 	3.89168e-06 	-1.53416e-06 	0.000583814
40.3125 	5.36473e-06 	-1.58658e-06 	0.000566198
40.4375 	5.21225e-06 	1.65645e-06 	0.000577701
40.5 	7.3277e-06 	2.20383e-06 	0.00058761
40.5625 	7.95456e-06 	1.75229e-06 	0.000553724
40.625 	8.19841e-06 	-2.70945e-06 	0.000529963
40.8125 	4.77924e-06 	8.69347e-07 	0.000534994
40.875 	6.63441e-06 	2.31653e-06 	0.000569587
40.9375 	6.61103e-06 	-9.61301e-07 	0.000568128
41.0 	6.77577e-06 	9.90635e-07 	0.000570139
41.125 	3.8512e-06 	-1.53541e-06 	0.000555598
41.1875 	6.44068e-06 	2.40124e-06 	0.000522198
41.25 	4.14407e-06 	-8.54956e-07 	0.000517596
41.3125 	4.83139e-06 	-1.2515e-06 	0.000486109
41.375 	5.07656e-06 	-1.12662e-06 	0.000471838
41.4375 	6.26258e-06 	-1.25891e-06 	0.000471997
41.5 	4.49362e-06 	-1.20271e-06 	0.000482696
41.5625 	5.22229e-06 	-1.25607e-06 	0.000494922
41.625 	6.67772e-06 	-1.83589e-06 	0.000472326
41.6875 	5.0856e-06 	1.6668e-06 	0.000459688
41.8125 	7.20777e-06 	1.55654e-06 	0.000478077
41.875 	6.77914e-06 	-1.37316e-06 	0.00052336
41.9375 	6.43788e-06 	7.27258e-07 	0.000536583
42.0 	7.87746e-06 	2.90648e-06 	0.000540407
42.125 	7.07333e-06 	2.34271e-06 	0.000559437
42.25 	5.88125e-06 	2.94055e-06 	0.000564392
42.375 	5.04565e-06 	-1.64207e-06 	0.000548244
42.4375 	5.04862e-06 	2.35024e-06 	0.000548607
42.5 	5.41684e-06 	-1.4638e-06 	0.000559392
42.5625 	4.37786e-06 	1.24362e-06 	0.000554282
42.625 	6.83223e-06 	-5.16562e-07 	0.000556633
42.6875 	4.89926e-06 	-9.60127e-07 	0.00055342
42.75 	5.03724e-06 	-1.94749e-06 	0.000560253
42.8125 	7.39782e-06 	1.35575e-06 	0.000554726
42.875 	6.95407e-06 	-1.33139e-06 	0.000568265
42.9375 	4.80339e-06 	-2.09721e-06 	0.000600197
43.0 	7.57683e-06 	-2.90073e-06 	0.000571874
43.0625 	4.41416e-06 	-1.28977e-06 	0.00057028
43.125 	7.91436e-06 	-2.27527e-06 	0.000560038
43.1875 	7.793e-06 	-2.22359e-06 	0.000555449
43.3125 	6.82604e-06 	-2.0403e-06 	0.000561264
43.375 	5.29603e-06 	-1.30393e-06 	0.000546119
43.4375 	3.92212e-06 	9.94399e-07 	0.000546669
43.5625 	3.46004e-06 	4.08591e-07 	0.000558867
43.6875 	4.06331e-06 	8.89862e-07 	0.000559872
43.75 	5.17098e-06 	-1.57583e-06 	0.000557887
43.8125 	5.52551e-06 	-1.60071e-06 	0.000567996
43.875 	4.43318e-06 	1.43771e-06 	0.00059654
43.9375 	5.79885e-06 	2.79671e-06 	0.000618471
44.0 	6.28298e-06 	2.16222e-06 	0.000599285
44.0625 	6.57768e-06 	-1.74734e-06 	0.000602933
44.125 	6.03759e-06 	-1.62649e-06 	0.000613086
44.1875 	6.31452e-06 	3.02415e-06 	0.000613161
44.25 	3.57424e-06 	-7.9722e-07 	0.000621655
44.3125 	3.18576e-06 	-7.09676e-07 	0.000607669
44.375 	4.96011e-06 	-1.63269e-06 	0.000622991
44.4375 	5.7212e-06 	-1.49394e-06 	0.000640598
44.5 	5.99145e-06 	2.59671e-06 	0.000660248
44.5625 	7.16006e-06 	8.43281e-08 	0.000643983
44.625 	5.18108e-06 	-2.3411e-06 	0.000663408
44.6875 	5.04317e-06 	-1.20007e-06 	0.00067047
44.75 	5.62199e-06 	-2.77762e-06 	0.00065867
44.8125 	5.84026e-06 	1.88856e-06 	0.000643153
44.875 	6.09689e-06 	-1.63254e-06 	0.000665412
44.9375 	4.28378e-06 	1.45685e-06 	0.000713146
45.0 	4.18245e-06 	1.03459e-06 	0.000719037
45.0625 	5.37744e-06 	-2.00819e-06 	0.000727414
45.125 	5.79331e-06 	-9.13769e-07 	0.00070264
45.1875 	6.03258e-06 	-1.20288e-06 	0.000709527
45.25 	6.65485e-06 	-1.28482e-06 	0.00070635
45.3125 	5.12457e-06 	1.8845e-06 	0.000717129
45.375 	8.00533e-06 	-2.24618e-06 	0.000654266
45.5 	7.36773e-06 	-1.27429e-06 	0.000633761
45.5625 	5.68536e-06 	1.36526e-06 	0.000632584
45.625 	6.10555e-06 	2.40191e-06 	0.000654466
45.6875 	5.61019e-06 	-1.84888e-06 	0.000613107
45.75 	6.7525e-06 	2.57463e-06 	0.000637595
45.875 	6.70467e-06 	2.37204e-06 	0.000636422
45.9375 	6.37448e-06 	-1.54104e-06 	0.000666448
46.0 	4.47704e-06 	1.01487e-06 	0.000664537
46.0625 	8.21881e-06 	-2.55493e-06 	0.000614344
46.125 	2.86941e-06 	4.87678e-07 	0.000643316
46.3125 	4.0271e-06 	1.25708e-06 	0.000614183
46.375 	6.0062e-06 	2.97435e-06 	0.000618459
46.4375 	4.6754e-06 	1.25168e-06 	0.00062245
46.5 	4.95872e-06 	-1.62949e-06 	0.000622172
46.5625 	5.76844e-06 	-5.6057e-07 	0.000626679
46.625 	7.89322e-06 	2.64112e-06 	0.000660354
46.6875 	4.64913e-06 	-1.62782e-06 	0.000662483
46.75 	6.06881e-06 	-2.23831e-06 	0.000659869
46.8125 	7.04728e-06 	1.63301e-06 	0.000655076
46.875 	5.17531e-06 	2.15014e-06 	0.00064393
47.0 	7.18971e-06 	2.1403e-06 	0.000629066
47.0625 	7.41662e-06 	2.81045e-06 	0.000637666
47.125 	7.34856e-06 	1.55908e-06 	0.000625069
47.1875 	5.72592e-06 	1.58803e-06 	0.000611807
47.25 	5.45233e-06 	-2.5123e-06 	0.00062915
47.3125 	6.95212e-06 	-1.48129e-06 	0.000641702
47.375 	5.61379e-06 	-2.49386e-06 	0.000633814
47.4375 	3.89235e-06 	9.60423e-07 	0.000657431
47.5 	7.50443e-06 	2.25449e-06 	0.0006497
47.5625 	7.38598e-06 	1.29402e-06 	0.000662604
47.625 	4.53196e-06 	1.51489e-06 	0.000634901
47.6875 	6.73929e-06 	3.49e-06 	0.000653541
47.8125 	5.13532e-06 	-1.56791e-06 	0.000614917
47.875 	6.20545e-06 	-3.19686e-06 	0.000550913
48.0 	6.53326e-06 	1.81038e-06 	0.000558192
48.0625 	4.9714e-06 	-1.86519e-06 	0.000573597
48.125 	4.72561e-06 	-4.02837e-07 	0.000601415
48.1875 	6.09469e-06 	8.03337e-07 	0.000592647
48.25 	7.69991e-06 	2.52589e-06 	0.000618359
48.3125 	6.78537e-06 	-3.40839e-06 	0.000633661
48.375 	5.29854e-06 	1.79949e-06 	0.00063754
48.4375 	4.56605e-06 	-1.38558e-06 	0.000650233
48.5 	7.77447e-06 	-2.54723e-06 	0.000660774
48.5625 	4.93926e-06 	-1.29576e-06 	0.000670663
48.75 	4.54805e-06 	-1.05015e-06 	0.000707458
48.8125 	6.5242e-06 	-2.27799e-06 	0.00073728
48.9375 	5.52178e-06 	2.69521e-06 	0.000766591
49.0 	7.72131e-06 	-2.83674e-06 	0.000774557
49.125 	6.60955e-06 	-4.32528e-07 	0.000781145
49.1875 	5.08254e-06 	-1.50634e-06 	0.000800866
49.25 	7.8524e-06 	-3.06064e-06 	0.00078641
49.3125 	7.87463e-06 	-2.40345e-06 	0.000777203
49.375 	5.72597e-06 	2.85354e-06 	0.000784917
49.4375 	5.50965e-06 	-1.98797e-06 	0.000769193
49.5 	3.30362e-06 	4.30925e-07 	0.000763174
49.5625 	4.44423e-06 	-7.00516e-07 	0.000783012
49.625 	5.8775e-06 	2.05181e-06 	0.000802693
49.6875 	5.15133e-06 	-1.31659e-06 	0.00080226
49.75 	4.5929e-06 	1.69804e-06 	0.000835999
50.0625 	3.96186e-06 	9.55287e-07 	0.000792481
50.125 	7.3317e-06 	2.65906e-06 	0.000814674
50.25 	6.08993e-06 	-9.8867e-07 	0.000825454
50.3125 	7.75211e-06 	-3.19454e-06 	0.000856805
50.375 	7.43625e-06 	-1.22145e-06 	0.000874697
50.4375 	7.47688e-06 	-9.86269e-07 	0.000916376
50.5 	4.18946e-06 	-1.66223e-06 	0.000931336
50.5625 	4.78413e-06 	-1.43022e-06 	0.000923838
50.625 	5.98823e-06 	2.67626e-06 	0.000918127
50.75 	5.44915e-06 	-1.77344e-06 	0.000898585
50.8125 	3.92441e-06 	-8.78003e-07 	0.000894778
50.875 	5.60632e-06 	1.8635e-06 	0.000901751
50.9375 	5.71952e-06 	2.77118e-06 	0.000898885
51.0 	7.74554e-06 	-1.23144e-06 	0.000897838
51.0625 	7.66887e-06 	-2.58893e-06 	0.000925539
51.125 	5.72399e-06 	-2.061e-06 	0.000928717
51.1875 	4.67098e-06 	-8.02813e-07 	0.000905489
51.25 	4.54636e-06 	2.01484e-06 	0.000918067
51.3125 	5.15068e-06 	1.90017e-06 	0.0009349
51.375 	5.3285e-06 	6.54298e-07 	0.000931831
51.4375 	7.08658e-06 	2.0185e-06 	0.000929352
51.5 	5.46834e-06 	2.64145e-06 	0.000914185
51.5625 	5.03032e-06 	3.36779e-07 	0.000915359
51.625 	5.51003e-06 	-1.24839e-06 	0.000923702
51.6875 	5.85281e-06 	2.49285e-06 	0.000944296
51.8125 	5.18741e-06 	1.72432e-06 	0.000978875
51.875 	5.0006e-06 	1.83199e-06 	0.00100243
52.0 	6.57469e-06 	3.29098e-06 	0.00100299
52.0625 	5.6379e-06 	-2.28399e-06 	0.00100691
52.1875 	2.62728e-06 	7.78796e-08 	0.000980792
52.25 	5.40906e-06 	-2.61215e-06 	0.00101094
52.3125 	6.18379e-06 	-1.92098e-06 	0.00102145
52.375 	7.98226e-06 	2.43524e-06 	0.00101315
52.4375 	7.75675e-06 	-3.055e-06 	0.000996555
52.5 	5.07804e-06 	1.38182e-06 	0.00100434
52.5625 	7.18797e-06 	-2.56629e-06 	0.00101703
52.625 	8.0554e-06 	2.71304e-06 	0.00101627
52.6875 	5.86064e-06 	-2.37531e-06 	0.00103574
52.75 	7.13467e-06 	-1.94228e-06 	0.00105996
52.8125 	7.88548e-06 	2.24014e-06 	0.00108143
52.875 	4.36313e-06 	-1.19619e-06 	0.00107091
52.9375 	7.62091e-06 	2.7174e-06 	0.00106747
53.0 	8.04316e-06 	2.88247e-06 	0.00101561
53.125 	8.08123e-06 	-2.53956e-06 	0.00102075
53.1875 	5.99838e-06 	-1.62309e-06 	0.00101329
53.25 	5.76854e-06 	-2.90069e-06 	0.000975321
53.3125 	7.675e-06 	2.23349e-06 	0.000981292
53.375 	7.50766e-06 	-3.01145e-06 	0.000988219
53.5 	4.17705e-06 	6.04918e-07 	0.000997282
53.5625 	5.49938e-06 	-1.33663e-06 	0.00102933
53.625 	7.2016e-06 	-1.42261e-06 	0.000998106
53.6875 	6.03609e-06 	2.41197e-06 	0.000984288
53.75 	7.297e-06 	-2.79497e-06 	0.00103408
53.8125 	4.80485e-06 	1.41385e-06 	0.00101414
53.875 	7.76574e-06 	-1.6767e-06 	0.000993811
53.9375 	6.3083e-06 	-2.9071e-06 	0.00100693
54.0 	5.25821e-06 	4.75254e-07 	0.00101707
54.0625 	6.13317e-06 	-2.69607e-06 	0.000986838
54.125 	5.23564e-06 	1.28045e-06 	0.000992013
54.1875 	7.6272e-06 	-2.19261e-06 	0.000995118
54.25 	7.3578e-06 	2.37024e-06 	0.00101061
54.3125 	7.76519e-06 	-6.19064e-07 	0.00100596
54.375 	7.8601e-06 	-4.05451e-06 	0.000945381
54.4375 	7.3544e-06 	-1.67066e-06 	0.000984848
54.5 	5.27049e-06 	1.59055e-06 	0.000957073
54.625 	5.53807e-06 	2.67876e-06 	0.000971133
54.6875 	5.60088e-06 	-7.23043e-07 	0.000979629
54.8125 	5.56764e-06 	-1.44096e-06 	0.000953036
54.875 	7.50566e-06 	3.04557e-06 	0.000973882
54.9375 	5.66183e-06 	9.94525e-07 	0.00101129
55.0 	6.35039e-06 	6.47498e-07 	0.000953737
55.0625 	7.94539e-06 	-2.44792e-06 	0.000956443
55.125 	3.88222e-06 	-1.133e-06 	0.00095991
55.1875 	3.80316e-06 	5.90069e-07 	0.000956214
55.3125 	4.74821e-06 	-1.37594e-06 	0.000939865
55.4375 	5.59701e-06 	2.01661e-06 	0.000975434
55.5 	6.35638e-06 	-1.56904e-06 	0.000990544
55.5625 	7.61026e-06 	-6.52724e-07 	0.000984665
55.625 	5.58371e-06 	-2.76225e-06 	0.00100448
55.6875 	7.77944e-06 	1.81219e-06 	0.000999644
55.75 	4.17677e-06 	1.12514e-06 	0.0010302
55.8125 	5.21424e-06 	-1.71394e-06 	0.00100565
55.875 	3.67085e-06 	-1.0584e-06 	0.00100377
55.9375 	6.80878e-06 	-1.26312e-06 	0.00102052
56.0 	6.44711e-06 	5.29729e-07 	0.00103198
56.0625 	5.47031e-06 	-2.66957e-06 	0.00101653
56.125 	5.67968e-06 	2.67603e-06 	0.00104276
56.1875 	6.28015e-06 	3.03893e-06 	0.00103199
56.25 	4.78324e-06 	-1.28118e-06 	0.00104751
56.3125 	4.45121e-06 	1.52482e-06 	0.00104535
56.375 	7.23907e-06 	2.79e-06 	0.00109436
56.4375 	5.98103e-06 	2.25982e-06 	0.00112811
56.5625 	5.04365e-06 	-1.45569e-06 	0.00112428
56.625 	5.59446e-06 	-1.38293e-06 	0.00112609
56.6875 	4.15603e-06 	-4.68327e-07 	0.00113395
56.75 	5.08907e-06 	-1.66406e-06 	0.00111362
56.8125 	4.53373e-06 	-1.20159e-06 	0.00113046
56.875 	7.95685e-06 	3.08015e-06 	0.00116931
56.9375 	4.36928e-06 	-1.15985e-06 	0.00118996
57.0 	4.11816e-06 	-6.06791e-07 	0.00117988
57.0625 	4.91921e-06 	2.06048e-06 	0.00118342
57.125 	5.61514e-06 	-9.51364e-07 	0.00120903
57.1875 	7.95408e-06 	2.74217e-06 	0.00122975
57.25 	3.75976e-06 	-6.24155e-07 	0.00122507
57.3125 	8.00939e-06 	2.31852e-06 	0.0012727
57.375 	5.43884e-06 	2.64021e-06 	0.00129754
57.4375 	5.29354e-06 	2.20168e-06 	0.00130465
57.5 	7.9643e-06 	-1.29011e-06 	0.00130847
57.5625 	7.90335e-06 	3.22719e-06 	0.00133081
57.625 	7.17241e-06 	-1.52859e-06 	0.00133435
57.6875 	5.69755e-06 	1.67256e-06 	0.00134464
57.75 	8.02838e-06 	-2.53138e-06 	0.00131435
57.8125 	4.0487e-06 	1.66845e-06 	0.00132299
57.9375 	4.88964e-06 	-1.49489e-06 	0.00134477
58.0 	7.09831e-06 	2.36892e-06 	0.0013591
58.0625 	7.56193e-06 	9.29485e-07 	0.001368
58.125 	5.05778e-06 	-1.28485e-06 	0.00135261
58.1875 	5.23105e-06 	-1.29625e-06 	0.00136418
58.25 	4.41842e-06 	-8.21765e-07 	0.00134014
58.3125 	7.77192e-06 	-3.10349e-06 	0.00132634
58.375 	4.41711e-06 	9.43842e-07 	0.00131494
58.4375 	8.05057e-06 	-1.87042e-06 	0.00129608
58.5 	4.92385e-06 	2.61819e-07 	0.00130355
58.5625 	4.59691e-06 	1.33202e-06 	0.00130659
58.625 	4.82926e-06 	-1.15146e-06 	0.00132339
58.6875 	4.45008e-06 	-1.40851e-06 	0.00135617
58.8125 	3.81073e-06 	-1.03235e-06 	0.00133538
58.875 	5.04329e-06 	-2.17619e-06 	0.00131834
58.9375 	8.08122e-06 	-1.49396e-06 	0.00130242
59.0 	7.56417e-06 	-2.71447e-06 	0.00126696
59.0625 	5.53487e-06 	-6.57905e-08 	0.0012916
59.125 	5.26868e-06 	2.08917e-06 	0.00129746
59.1875 	5.39604e-06 	2.65592e-06 	0.00130688
59.25 	6.71955e-06 	2.29525e-06 	0.00130361
59.3125 	8.01955e-06 	-9.46992e-07 	0.00132095
59.375 	7.76592e-06 	1.42647e-06 	0.00129103
59.4375 	6.25763e-06 	-2.2574e-06 	0.00129382
59.5 	5.8223e-06 	-2.04402e-06 	0.00130273
59.5625 	7.81369e-06 	2.37077e-06 	0.0013082
59.6875 	2.12853e-06 	2.4558e-08 	0.00132615
59.8125 	4.18972e-06 	1.15126e-06 	0.0012929
59.875 	4.97232e-06 	1.42362e-06 	0.0013161
59.9375 	6.53528e-06 	-2.36743e-06 	0.00135663
60.0 	5.26787e-06 	-1.52352e-06 	0.00134682
60.0625 	4.91821e-06 	-1.62891e-06 	0.001328
60.125 	5.97821e-06 	-2.00622e-06 	0.00133917
60.25 	7.48266e-06 	1.25927e-06 	0.00135784
60.375 	4.38831e-06 	-9.03604e-07 	0.00135991
60.4375 	5.28507e-06 	-2.61505e-06 	0.00134213
60.5 	6.1825e-06 	-1.5975e-06 	0.00135865
60.5625 	4.93787e-06 	-1.45583e-06 	0.0013673
60.625 	5.59982e-06 	-1.83893e-06 	0.00135473
60.6875 	3.07285e-06 	6.25254e-07 	0.00136508
60.75 	7.55951e-06 	2.45551e-06 	0.00133987
60.8125 	5.21015e-06 	2.26006e-06 	0.00135815
60.875 	5.00521e-06 	1.40899e-06 	0.00140493
60.9375 	4.51395e-06 	-7.95386e-07 	0.00141833
61.0 	4.46304e-06 	1.25423e-06 	0.0014245
61.0625 	5.20624e-06 	-1.42667e-06 	0.00142719
61.125 	6.75962e-06 	-1.74e-06 	0.00142971
61.1875 	7.64687e-06 	1.18992e-06 	0.00145167
61.25 	5.64677e-06 	1.46661e-06 	0.00142724
61.3125 	7.6909e-06 	-2.14234e-06 	0.00146776
61.375 	5.76474e-06 	-1.66119e-06 	0.00145148
61.4375 	4.35169e-06 	-1.44468e-06 	0.00147422
61.5 	3.78437e-06 	-5.23625e-07 	0.0014734
61.625 	8.25479e-06 	2.89178e-06 	0.00146558
61.6875 	4.71617e-06 	-1.99993e-06 	0.00145166
61.75 	4.78991e-06 	1.517e-06 	0.00146367
61.8125 	4.59841e-06 	-1.43284e-06 	0.00144982
61.875 	3.97825e-06 	-5.74363e-07 	0.00143291
61.9375 	6.22432e-06 	-1.44867e-06 	0.00137736
62.0 	6.50734e-06 	2.06529e-06 	0.00144524
62.125 	4.0418e-06 	-5.17804e-07 	0.00142976
62.1875 	5.23369e-06 	2.06283e-06 	0.0014495
62.25 	8.23331e-06 	-1.32392e-06 	0.0014428
62.3125 	6.45556e-06 	-1.86116e-06 	0.00142454
62.375 	6.50704e-06 	-7.61213e-07 	0.00144462
62.4375 	5.1584e-06 	-1.2502e-06 	0.00148127
62.5 	5.07831e-06 	3.18023e-07 	0.00147055
62.5625 	5.58777e-06 	2.79716e-06 	0.00148437
62.6875 	5.89856e-06 	2.78876e-06 	0.00147389
62.75 	5.52015e-06 	-2.70666e-06 	0.00147682
62.875 	5.35316e-06 	1.59118e-06 	0.00146239
62.9375 	4.75062e-06 	-1.11955e-06 	0.00145773
63.0 	8.0895e-06 	-2.43055e-06 	0.00141828
63.0625 	3.62726e-06 	3.40071e-07 	0.00142761
63.125 	3.95065e-06 	-5.64791e-07 	0.00142699
63.25 	4.24801e-06 	1.16394e-06 	0.00142974
63.375 	3.49497e-06 	-3.41394e-07 	0.00142108
63.4375 	4.58664e-06 	1.16085e-06 	0.00141682
63.5 	4.20078e-06 	-1.64107e-06 	0.0014031
63.5625 	4.19872e-06 	1.35036e-06 	0.0014152
63.625 	8.19992e-06 	2.75246e-06 	0.0014502
63.8125 	5.29725e-06 	-1.33877e-06 	0.00145003
63.875 	5.73385e-06 	-1.86991e-06 	0.00148005
63.9375 	5.28602e-06 	-2.25088e-06 	0.00147336
64.0 	6.13685e-06 	-2.86234e-06 	0.00145953
64.0625 	7.162e-06 	2.88442e-06 	0.00147439
64.125 	8.03377e-06 	-2.94012e-06 	0.00147641
64.25 	6.1464e-06 	-1.05532e-06 	0.00147438
64.3125 	6.73815e-06 	-1.3017e-06 	0.00150195
64.4375 	2.67841e-06 	3.02035e-07 	0.00150344
64.5 	7.56736e-06 	1.08338e-06 	0.00152842
64.5625 	4.08074e-06 	4.81953e-07 	0.00153907
64.6875 	6.14041e-06 	2.98316e-06 	0.00153278
64.75 	7.25016e-06 	-1.12409e-06 	0.00150852
64.8125 	4.73155e-06 	-1.94886e-06 	0.00148569
64.875 	6.57177e-06 	3.1975e-06 	0.00144739
64.9375 	6.03812e-06 	-2.02505e-06 	0.0014831
65.0 	6.12782e-06 	1.80664e-06 	0.00146236
65.0625 	5.60523e-06 	-1.90961e-06 	0.00146264
65.125 	4.37502e-06 	-1.32745e-06 	0.00151073
65.1875 	5.59931e-06 	-1.78291e-06 	0.00151656
65.25 	7.68468e-06 	3.12291e-06 	0.00152868
65.5 	7.66423e-06 	1.81918e-06 	0.00154654
65.625 	5.18336e-06 	-1.84566e-06 	0.00151337
65.6875 	5.10193e-06 	1.64394e-06 	0.00155943
65.75 	5.61333e-06 	2.71415e-06 	0.00155678
65.8125 	5.32964e-06 	1.11743e-06 	0.00154292
65.875 	6.4223e-06 	2.94191e-06 	0.00149791
65.9375 	5.16366e-06 	-1.51647e-06 	0.00149716
66.0 	5.70106e-06 	2.74673e-06 	0.00150262
66.0625 	5.36756e-06 	-2.59638e-06 	0.00154813
66.125 	4.89415e-06 	-2.5293e-07 	0.0015479
66.1875 	6.40405e-06 	-1.77404e-06 	0.00156204
66.25 	7.17197e-06 	-1.50464e-06 	0.00155729
66.3125 	4.37674e-06 	-6.95457e-07 	0.00152764
66.375 	4.08426e-06 	1.33961e-06 	0.00156398
66.4375 	8.0083e-06 	-4.13234e-06 	0.00154914
66.5 	7.65511e-06 	-2.66099e-06 	0.00155459
66.5625 	4.88758e-06 	1.47641e-06 	0.00157135
66.625 	6.49087e-06 	-1.2794e-06 	0.00156741
66.75 	5.63144e-06 	2.71313e-06 	0.00157972
66.8125 	4.38275e-06 	1.16606e-06 	0.00160143
66.875 	5.36328e-06 	-2.29226e-06 	0.00155916
66.9375 	8.16522e-06 	-2.29248e-06 	0.00156665
67.0 	4.39494e-06 	1.8364e-06 	0.00161301
67.125 	6.6808e-06 	-1.59752e-06 	0.00164954
67.1875 	5.36499e-06 	-2.65326e-06 	0.00162226
67.25 	8.18586e-06 	-2.87062e-06 	0.00163042
67.3125 	7.75484e-06 	2.59683e-06 	0.0016518
67.375 	5.99839e-06 	1.91418e-06 	0.00165589
67.4375 	4.25558e-06 	-1.10206e-06 	0.00167134
67.5 	5.12401e-06 	1.5572e-06 	0.00169597
67.5625 	7.3898e-06 	-2.63417e-06 	0.00169243
67.8125 	5.48384e-06 	2.10987e-06 	0.00168564
67.875 	3.98743e-06 	-7.48135e-07 	0.00166174
67.9375 	6.15949e-06 	2.15908e-06 	0.00165232
68.0 	7.35914e-06 	2.08557e-06 	0.00163999
68.0625 	5.23378e-06 	2.39652e-06 	0.00162478
68.125 	3.97243e-06 	-1.16959e-06 	0.00160795
68.1875 	5.26944e-06 	-7.65612e-07 	0.00160812
68.25 	4.97309e-06 	-1.74612e-06 	0.00159881
68.3125 	6.44607e-06 	1.97412e-06 	0.00162359
68.375 	7.13688e-06 	2.44031e-06 	0.00161249
68.4375 	5.02373e-06 	1.52508e-06 	0.00159868
68.5 	6.04539e-06 	1.88599e-06 	0.00155717
68.5625 	6.72335e-06 	1.29386e-06 	0.0015612
68.625 	5.33498e-06 	1.26413e-06 	0.00157298
68.6875 	8.17731e-06 	2.76514e-06 	0.00158655
68.75 	7.04738e-06 	2.03364e-06 	0.00154764
68.8125 	7.72896e-06 	3.01003e-06 	0.00155212
68.875 	5.55216e-06 	1.59777e-06 	0.00155234
68.9375 	6.00237e-06 	-2.19787e-06 	0.00155272
69.0 	7.51748e-06 	-1.31205e-06 	0.00154616
69.0625 	5.53274e-06 	-1.54145e-06 	0.00153096
69.125 	6.37861e-06 	3.23341e-06 	0.00155718
69.1875 	6.35134e-06 	2.01471e-06 	0.00150764
69.25 	6.28523e-06 	-1.98588e-06 	0.00151389
69.3125 	4.52494e-06 	1.55082e-06 	0.00153786
69.4375 	3.73064e-06 	7.78493e-07 	0.00153755
69.5 	5.46841e-06 	-1.09579e-06 	0.00153887
69.5625 	5.97003e-06 	-2.86007e-06 	0.0015152
69.625 	5.62768e-06 	-2.70953e-06 	0.00149845
69.75 	4.22458e-06 	-7.93139e-07 	0.00150564
69.8125 	4.3134e-06 	-1.35572e-06 	0.0015035
69.875 	6.00143e-06 	1.60659e-06 	0.00152011
69.9375 	4.82922e-06 	-1.60027e-06 	0.00152162
