# time 	Local 	Global 	Cumulative
0.333274 	6.20919e-06 	-1.87587e-06 	-6.49526e-07
0.579973 	7.44097e-06 	3.60418e-06 	8.61797e-06
0.642226 	5.36461e-06 	-8.93971e-07 	5.89738e-06
0.70448 	3.93139e-06 	7.94903e-07 	2.86374e-05
0.766734 	6.71296e-06 	7.23462e-07 	1.01193e-05
0.828988 	3.83248e-06 	-5.6257e-08 	1.95543e-05
1.01575 	5.34772e-06 	-4.66612e-07 	-8.6791e-06
1.26477 	6.7022e-06 	1.39359e-06 	-1.29539e-05
1.38927 	4.74273e-06 	-1.84651e-06 	-9.619e-07
1.45153 	7.85782e-06 	2.06319e-06 	-2.51018e-05
1.51378 	7.28305e-06 	1.64827e-06 	-5.65884e-05
1.57604 	5.37089e-06 	9.50191e-07 	-1.82156e-05
1.7628 	3.82106e-06 	-7.0212e-07 	4.19812e-05
1.8873 	2.65459e-06 	5.01909e-07 	6.80533e-05
1.94956 	7.6251e-06 	2.23419e-07 	6.82756e-05
2.07407 	7.27001e-06 	-7.5462e-07 	0.000111733
2.19857 	4.44559e-06 	7.49972e-08 	7.85857e-05
2.26083 	7.59307e-06 	-1.48084e-06 	8.117e-05
2.32308 	5.34392e-06 	1.18807e-06 	6.8568e-05
2.38534 	7.54348e-06 	-2.36404e-06 	9.98008e-05
2.44759 	7.04546e-06 	-1.68016e-06 	0.000154067
2.63435 	5.48424e-06 	1.40709e-06 	0.000169788
2.69661 	3.76792e-06 	8.61204e-07 	0.000214045
2.88337 	6.61953e-06 	1.44158e-06 	0.000231379
2.94562 	4.877e-06 	2.67816e-07 	0.000245664
3.07013 	5.07424e-06 	-4.45478e-07 	0.000223467
3.19464 	3.16408e-06 	-4.14663e-07 	0.000233052
3.25689 	6.99141e-06 	-1.85334e-06 	0.000255355
3.31914 	5.45498e-06 	2.02809e-06 	0.000243127
3.3814 	7.29278e-06 	-2.33412e-06 	0.000268828
3.44365 	7.92898e-06 	-4.39723e-06 	0.000248553
3.50591 	6.18956e-06 	1.49435e-06 	0.000249577
3.69267 	4.28962e-06 	-1.37664e-06 	0.000237101
3.75492 	6.1964e-06 	2.30288e-06 	0.000244759
3.81718 	3.18423e-06 	4.30243e-07 	0.000233323
3.87943 	6.04301e-06 	-3.03257e-07 	0.000209925
4.00394 	3.11994e-06 	-5.43667e-07 	0.000201092
4.06619 	5.64225e-06 	1.66202e-06 	0.000204414
4.12845 	6.89505e-06 	9.03373e-07 	0.000220724
4.1907 	6.10734e-06 	-2.02755e-06 	0.000248838
4.25295 	7.5667e-06 	7.96863e-07 	0.000245319
4.31521 	3.93287e-06 	1.50835e-06 	0.000232297
4.37746 	5.41266e-06 	1.41914e-06 	0.000231437
4.50197 	5.53731e-06 	8.31002e-07 	0.000253793
4.56422 	6.54908e-06 	1.87627e-06 	0.000248986
4.62648 	6.04043e-06 	-8.43242e-07 	0.000228647
4.68873 	6.48491e-06 	-2.17909e-06 	0.000214295
4.81324 	7.67954e-06 	1.02707e-08 	0.000191058
4.93775 	6.59684e-06 	-9.65284e-07 	0.000211048
5.0 	5.14101e-06 	1.92696e-06 	0.000230455
5.0625 	7.28947e-06 	3.55269e-06 	0.00021907
5.125 	2.62694e-06 	6.34562e-07 	0.000207516
5.25 	6.84487e-06 	-3.20441e-06 	0.000241488
5.375 	8.076e-06 	1.94506e-06 	0.000267438
5.5 	6.95036e-06 	1.22456e-06 	0.00024793
5.5625 	7.61291e-06 	-3.69413e-06 	0.000271549
5.625 	8.14881e-06 	-1.09267e-06 	0.000311079
5.6875 	4.59586e-06 	4.3552e-07 	0.000298433
5.75 	7.46031e-06 	-1.0835e-06 	0.000285504
5.8125 	7.21767e-06 	3.47291e-06 	0.000282505
5.875 	6.51569e-06 	2.49671e-06 	0.000292818
5.9375 	5.33345e-06 	1.24469e-06 	0.000306858
6.0 	5.23467e-06 	-2.19884e-06 	0.000305928
6.1875 	2.64845e-06 	-4.93838e-07 	0.000357319
6.25 	6.22399e-06 	-2.42952e-06 	0.000365954
6.4375 	8.10944e-06 	-1.29911e-06 	0.000381133
6.75 	6.75407e-06 	-1.23371e-06 	0.000353853
6.8125 	7.97713e-06 	-1.19056e-06 	0.000335298
6.9375 	4.59795e-06 	7.81522e-07 	0.000306896
7.125 	7.92555e-06 	2.2628e-06 	0.000305951
7.1875 	2.6135e-06 	-1.63907e-07 	0.000293118
7.25 	5.7709e-06 	1.4397e-06 	0.000298101
7.4375 	6.25482e-06 	2.3123e-06 	0.000287549
7.5625 	5.22895e-06 	-2.07016e-06 	0.000307346
7.625 	6.58007e-06 	9.84049e-07 	0.00034164
7.6875 	3.79019e-06 	9.32322e-07 	0.000354691
7.8125 	6.51931e-06 	-3.08119e-06 	0.000374948
7.9375 	3.70652e-06 	-9.54328e-07 	0.00037205
8.0 	5.17785e-06 	2.08116e-06 	0.000380803
8.0625 	8.14062e-06 	-1.82911e-06 	0.000356076
8.125 	6.78348e-06 	-3.03897e-06 	0.000363018
8.25 	5.84351e-06 	3.85658e-07 	0.000354498
8.3125 	7.5518e-06 	2.24957e-06 	0.000311616
8.4375 	6.99931e-06 	-2.10933e-06 	0.000313726
8.5 	6.49548e-06 	3.07863e-06 	0.000290573
8.5625 	3.95223e-06 	-5.1772e-07 	0.000268156
8.8125 	7.69514e-06 	2.63892e-06 	0.000231359
8.9375 	5.46052e-06 	1.87993e-06 	0.000196081
9.0 	4.01672e-06 	-1.02527e-06 	0.000246291
9.1875 	2.21153e-06 	2.87065e-07 	0.000218179
9.25 	3.10318e-06 	-2.19834e-07 	0.00026313
9.3125 	4.07018e-06 	1.5961e-06 	0.000251499
9.375 	6.72768e-06 	-2.6078e-06 	0.000226921
9.4375 	4.42755e-06 	1.25624e-06 	0.00019751
9.5625 	5.02294e-06 	7.8193e-07 	0.000178964
9.625 	2.85748e-06 	-7.61621e-07 	0.000168324
9.6875 	6.55466e-06 	-2.1593e-06 	0.000197033
9.8125 	8.10929e-06 	-4.77176e-07 	0.000207249
9.9375 	4.78021e-06 	1.84603e-06 	0.000255319
10.0 	6.07625e-06 	-3.88836e-07 	0.000224257
10.0625 	7.3444e-06 	-3.18241e-06 	0.00021747
10.1875 	6.76782e-06 	-3.18668e-06 	0.00019769
10.3125 	6.29892e-06 	2.49643e-06 	0.000212528
10.625 	5.65023e-06 	-1.71725e-06 	0.000219731
10.6875 	5.89752e-06 	1.54495e-06 	0.000191963
10.75 	6.86102e-06 	-2.152e-06 	0.00020217
10.8125 	6.36222e-06 	1.84398e-06 	0.000181116
10.875 	4.05924e-06 	-2.23184e-08 	0.000197362
11.0 	6.87687e-06 	-6.5456e-07 	0.000239477
11.0625 	6.66926e-06 	4.37748e-08 	0.0002334
11.1875 	6.98189e-06 	-3.31112e-06 	0.000236662
11.625 	7.54127e-06 	1.46449e-06 	0.000279384
11.6875 	5.83421e-06 	1.06961e-06 	0.000265286
11.75 	5.13581e-06 	1.33558e-06 	0.000268602
11.8125 	4.54174e-06 	-6.1264e-07 	0.000269846
11.875 	7.21404e-06 	2.88251e-06 	0.00028029
11.9375 	4.48133e-06 	-8.41077e-07 	0.000289066
12.0 	5.44616e-06 	1.63501e-06 	0.000270651
12.0625 	5.66781e-06 	-1.93742e-06 	0.000239103
12.1875 	5.54311e-06 	-1.75745e-06 	0.00021431
12.3125 	4.27341e-06 	-1.61529e-06 	0.000249982
12.375 	2.80107e-06 	-5.97288e-07 	0.000226243
12.625 	6.78836e-06 	2.10216e-06 	0.000226644
12.6875 	6.75908e-06 	-1.9157e-06 	0.000243189
12.8125 	5.68296e-06 	-1.78493e-06 	0.0002291
12.875 	7.896e-06 	1.71128e-06 	0.000204246
13.0 	8.04747e-06 	4.97609e-07 	0.000166407
13.0625 	4.83532e-06 	1.10821e-06 	0.000170458
13.1875 	6.75186e-06 	1.49855e-06 	0.000164835
13.25 	4.46257e-06 	-7.59971e-07 	0.000156505
13.375 	3.73877e-06 	-1.65146e-07 	0.000166468
13.4375 	6.90323e-06 	2.86874e-06 	0.000156614
13.5625 	3.78001e-06 	4.07968e-07 	0.000178476
13.625 	8.04742e-06 	-1.30595e-06 	0.000204484
13.6875 	4.11482e-06 	-2.96537e-07 	0.000230496
14.0 	6.98862e-06 	3.30288e-06 	0.000246331
14.0625 	5.21321e-06 	-1.2053e-06 	0.000265717
14.125 	6.61706e-06 	-3.1105e-06 	0.000255409
14.1875 	7.71105e-06 	-1.02084e-06 	0.0003048
14.3125 	7.3884e-06 	-3.50419e-06 	0.000287431
14.375 	7.25463e-06 	-3.50436e-06 	0.000288169
14.4375 	6.158e-06 	2.51887e-06 	0.00028406
14.5 	4.98213e-06 	-1.30666e-06 	0.00023268
14.625 	7.9067e-06 	-1.29164e-06 	0.000254041
14.6875 	7.05132e-06 	-3.36366e-06 	0.000209108
14.75 	5.79894e-06 	-2.53638e-06 	0.000188709
14.8125 	4.81193e-06 	1.88735e-06 	0.000202787
14.9375 	6.2921e-06 	-2.75717e-06 	0.000198878
15.0 	3.85009e-06 	-6.4471e-07 	0.000216741
15.1875 	7.45591e-06 	-3.31377e-06 	0.000217888
15.25 	7.98065e-06 	2.44644e-06 	0.000202679
15.3125 	7.98195e-06 	1.87169e-06 	0.00017809
15.375 	7.65479e-06 	-6.96729e-07 	0.000134773
15.4375 	7.63126e-06 	-2.17229e-06 	0.000156787
15.5 	7.49881e-06 	-3.47715e-06 	0.000162053
15.75 	7.27125e-06 	8.36126e-08 	0.000159285
15.8125 	4.52258e-06 	1.5814e-06 	0.000210591
15.875 	7.39183e-06 	-1.83434e-06 	0.000222246
15.9375 	7.95286e-06 	2.26619e-06 	0.000239897
16.0 	7.17294e-06 	1.32014e-06 	0.000259668
16.0625 	4.43908e-06 	-8.71814e-07 	0.000282906
16.125 	7.53895e-06 	1.69464e-06 	0.000337312
16.1875 	4.85867e-06 	9.20093e-07 	0.000315081
16.25 	5.49752e-06 	-1.27481e-06 	0.000273341
16.3125 	7.4767e-06 	1.75594e-07 	0.000254359
16.375 	6.69355e-06 	-1.91963e-06 	0.000259476
16.4375 	7.52285e-06 	1.16595e-06 	0.00028453
16.5 	8.03163e-06 	3.83585e-06 	0.000275161
16.625 	6.08299e-06 	-2.75246e-06 	0.000223906
16.75 	3.36728e-06 	-1.15556e-06 	0.000247028
16.8125 	6.68231e-06 	-1.43325e-06 	0.000243849
16.9375 	5.29286e-06 	-1.04183e-06 	0.000293522
17.25 	6.75506e-06 	-3.15879e-06 	0.000313604
17.3125 	4.49882e-06 	5.64094e-07 	0.000297394
17.375 	6.06476e-06 	-2.24376e-06 	0.000331831
17.4375 	7.8217e-06 	3.72856e-06 	0.000313713
17.5625 	5.40382e-06 	4.69352e-07 	0.000281921
17.625 	5.23258e-06 	-1.67364e-06 	0.000305907
17.6875 	7.09553e-06 	2.13616e-07 	0.000324831
17.75 	3.58979e-06 	-1.22737e-08 	0.000325817
18.0 	4.80712e-06 	-2.95775e-07 	0.000362382
18.0625 	5.57022e-06 	-5.49905e-07 	0.000365402
18.1875 	4.47523e-06 	-3.73317e-07 	0.000339141
18.25 	4.9393e-06 	-1.01099e-06 	0.000313781
18.375 	6.25671e-06 	1.31375e-06 	0.00033077
18.4375 	3.46243e-06 	-9.05568e-07 	0.000330558
18.5625 	7.96381e-06 	-3.17342e-06 	0.000307665
18.625 	6.10234e-06 	-5.63737e-07 	0.000320293
18.8125 	5.70109e-06 	5.1871e-07 	0.00034944
18.875 	6.02687e-06 	1.33941e-06 	0.000404899
18.9375 	7.52904e-06 	-4.78989e-07 	0.000368033
19.125 	6.77119e-06 	1.69376e-06 	0.000382134
19.25 	6.03927e-06 	1.46052e-06 	0.00037329
19.4375 	7.64076e-06 	1.84881e-06 	0.000424024
19.5 	3.78851e-06 	-5.29467e-07 	0.000398499
19.625 	6.12469e-06 	1.03871e-06 	0.000404177
19.6875 	6.39279e-06 	-2.63874e-06 	0.000402977
19.75 	5.88287e-06 	9.0421e-07 	0.000433486
19.9375 	6.0711e-06 	9.42881e-07 	0.000376198
20.0 	3.49989e-06 	-8.20418e-07 	0.000371993
20.0625 	6.24186e-06 	2.20139e-06 	0.000395358
20.125 	2.89076e-06 	-5.37562e-07 	0.000394471
20.1875 	3.73571e-06 	-1.46222e-07 	0.00040142
20.25 	6.47468e-06 	1.58221e-06 	0.000412623
20.375 	6.54937e-06 	-2.60898e-06 	0.000407509
20.4375 	8.1676e-06 	2.43471e-06 	0.00043965
20.5 	6.49795e-06 	-1.50089e-06 	0.000452181
20.5625 	7.47256e-06 	3.49368e-06 	0.000437392
20.625 	5.94822e-06 	2.07317e-06 	0.000411414
20.6875 	5.75452e-06 	5.44358e-07 	0.000414379
20.75 	5.33885e-06 	1.21126e-06 	0.000352274
21.0 	6.75691e-06 	2.17928e-06 	0.000408826
21.0625 	5.96162e-06 	-6.14403e-07 	0.000376759
21.1875 	3.30104e-06 	-1.31687e-06 	0.000334103
21.3125 	7.10077e-06 	1.34994e-06 	0.000282956
21.375 	7.6837e-06 	-1.05538e-06 	0.000281466
21.5625 	4.76737e-06 	6.21436e-07 	0.000279347
21.625 	2.85371e-06 	4.84924e-07 	0.000261811
21.75 	6.58915e-06 	1.69207e-06 	0.000232782
21.8125 	7.2619e-06 	-2.26365e-06 	0.000221969
21.875 	7.16075e-06 	-1.59105e-06 	0.000160412
21.9375 	8.12329e-06 	-3.88422e-06 	0.000154796
22.125 	7.46989e-06 	3.70372e-06 	0.000168553
22.1875 	7.35004e-06 	-3.52174e-06 	0.000153927
22.25 	4.47745e-06 	4.08368e-07 	0.000151406
22.3125 	8.10284e-06 	-4.76448e-07 	0.000175615
22.375 	7.33999e-06 	-8.50712e-07 	0.000170113
22.8125 	5.90982e-06 	1.36951e-06 	0.000190132
22.9375 	7.74665e-06 	3.63034e-06 	0.000173135
23.0 	5.3492e-06 	-1.3341e-06 	0.000150915
23.125 	6.43567e-06 	2.14488e-06 	0.000151466
23.1875 	7.20641e-06 	3.42545e-06 	0.000147344
23.3125 	7.68112e-06 	3.67256e-06 	0.000171473
23.375 	7.56431e-06 	1.88656e-06 	0.000190411
23.4375 	7.15299e-06 	-6.84616e-07 	0.000211298
23.6875 	6.88251e-06 	-1.68109e-06 	0.000219055
23.8125 	7.1844e-06 	6.10045e-07 	0.000212789
23.875 	4.56161e-06 	5.66966e-07 	0.000143973
24.0 	4.93624e-06 	-2.17435e-06 	0.000161944
24.0625 	5.9365e-06 	3.51744e-07 	0.000203092
24.3125 	5.93168e-06 	5.07995e-07 	0.000234834
24.375 	3.9354e-06 	-1.74215e-07 	0.000247258
24.4375 	5.9989e-06 	4.90465e-07 	0.000259608
24.5625 	7.19761e-06 	-3.47644e-06 	0.000231604
24.625 	5.15547e-06 	-3.48073e-07 	0.00023174
24.6875 	7.7232e-06 	3.82402e-06 	0.000242747
24.75 	3.43523e-06 	-4.52188e-07 	0.000231764
24.8125 	8.06978e-06 	2.51332e-06 	0.000228286
25.0 	7.59687e-06 	3.67499e-06 	0.000244468
25.0625 	7.19345e-06 	3.52206e-06 	0.000259266
25.125 	7.8964e-06 	-3.86215e-06 	0.000298146
25.25 	7.67031e-06 	-2.23986e-06 	0.000271789
25.3125 	6.06815e-06 	-2.47738e-06 	0.000265177
25.625 	7.98192e-06 	3.61509e-06 	0.000361043
25.6875 	2.82634e-06 	3.7142e-07 	0.000368288
25.75 	6.74397e-06 	3.10079e-06 	0.000403321
25.8125 	6.41946e-06 	-2.15744e-06 	0.00041929
25.875 	2.98599e-06 	7.75155e-09 	0.000412998
26.0 	7.00469e-06 	-1.97124e-06 	0.000428151
26.125 	7.39892e-06 	2.06416e-06 	0.000387314
26.25 	7.51551e-06 	-3.69329e-06 	0.000386097
26.3125 	6.95638e-06 	2.94621e-07 	0.000344495
26.375 	7.36096e-06 	-1.9869e-06 	0.000369885
26.5 	7.76347e-06 	-3.76425e-06 	0.000376198
26.5625 	8.10038e-06 	2.80483e-06 	0.000357601
26.625 	6.01867e-06 	-1.89395e-06 	0.000347539
26.6875 	4.38558e-06 	-4.97629e-07 	0.000319047
26.875 	6.40128e-06 	-1.01717e-06 	0.000317835
26.9375 	4.64984e-06 	2.78795e-07 	0.00037254
27.0 	3.47409e-06 	-8.28023e-07 	0.000396653
27.25 	3.74888e-06 	-1.1598e-06 	0.000394185
27.3125 	7.00196e-06 	-3.0352e-06 	0.000417483
27.375 	7.48231e-06 	-2.01508e-06 	0.000392258
27.5 	6.47925e-06 	-9.78574e-07 	0.000383733
27.5625 	6.53905e-06 	-1.13657e-06 	0.000369227
27.625 	5.94265e-06 	-1.21791e-06 	0.00034565
27.6875 	3.35174e-06 	8.41599e-07 	0.000313697
27.75 	6.94657e-06 	-3.28377e-06 	0.000335934
27.8125 	7.95697e-06 	-5.27718e-07 	0.000342699
28.0 	3.83271e-06 	4.95493e-07 	0.000382257
28.0625 	6.20745e-06 	1.75573e-06 	0.000365298
28.125 	6.65697e-06 	-1.75962e-06 	0.00035148
28.3125 	3.60284e-06 	1.11407e-06 	0.000373446
28.4375 	6.18715e-06 	1.21403e-06 	0.000351918
28.5 	5.5372e-06 	-2.19208e-06 	0.000330245
28.625 	5.61455e-06 	5.582e-07 	0.000318363
28.6875 	6.36723e-06 	-1.90458e-06 	0.000321434
28.8125 	3.63307e-06 	6.45672e-07 	0.000337021
28.875 	4.95637e-06 	8.9749e-07 	0.000344663
28.9375 	7.0319e-06 	-7.535e-07 	0.000376678
29.0 	4.9921e-06 	-1.13676e-06 	0.000369935
29.0625 	6.89485e-06 	2.01018e-06 	0.000363636
29.125 	7.73607e-06 	9.6196e-07 	0.0003782
29.1875 	6.82608e-06 	-2.01009e-06 	0.000335367
29.25 	5.99625e-06 	1.79152e-06 	0.000320954
29.375 	6.42535e-06 	-3.05781e-06 	0.000300335
29.4375 	4.94274e-06 	1.86122e-06 	0.00032198
29.5 	5.31593e-06 	2.03997e-06 	0.000291521
29.625 	4.95941e-06 	-1.26859e-06 	0.000273551
29.6875 	4.9497e-06 	-1.42196e-06 	0.000245908
29.75 	6.44193e-06 	3.01247e-06 	0.000249186
29.9375 	7.55412e-06 	2.03647e-06 	0.000241955
30.125 	6.73042e-06 	-2.48471e-06 	0.000243461
30.1875 	4.66676e-06 	1.78613e-06 	0.000285849
30.25 	7.49101e-06 	-3.88802e-07 	0.000265645
30.3125 	5.73759e-06 	-3.38837e-07 	0.000291352
30.375 	3.07793e-06 	2.76706e-07 	0.000287599
30.4375 	6.87852e-06 	-2.78924e-06 	0.000278767
30.5 	7.14731e-06 	-2.72851e-06 	0.000293223
30.5625 	7.68821e-06 	1.18725e-06 	0.000276207
30.6875 	7.99875e-06 	-1.61143e-06 	0.000260859
30.8125 	7.28068e-06 	-3.44436e-06 	0.000245275
30.9375 	3.7746e-06 	7.71922e-07 	0.000272935
31.1875 	3.18096e-06 	-9.30957e-07 	0.000251426
31.25 	6.55365e-06 	-5.06471e-07 	0.000264379
31.375 	5.34313e-06 	-6.79572e-07 	0.000247725
31.5 	7.0039e-06 	1.27045e-06 	0.000256229
31.625 	7.33836e-06 	3.29658e-06 	0.000262585
31.75 	5.46773e-06 	7.40749e-07 	0.000292185
31.8125 	5.75828e-06 	7.89714e-07 	0.000302314
31.875 	7.84357e-06 	3.42644e-06 	0.000319875
32.0 	2.941e-06 	4.00842e-07 	0.000320817
32.125 	7.09227e-06 	-2.86584e-07 	0.000398964
32.1875 	3.62154e-06 	6.86685e-07 	0.000372178
32.25 	6.40493e-06 	1.9609e-06 	0.000368747
32.3125 	7.15988e-06 	1.79074e-06 	0.000367265
32.4375 	5.76199e-06 	4.76411e-07 	0.000352391
32.5 	4.43627e-06 	-7.03142e-07 	0.000314871
32.625 	5.93832e-06 	-1.71379e-06 	0.000326057
32.6875 	7.528e-06 	-1.41458e-06 	0.000369796
32.75 	7.43452e-06 	-1.75943e-06 	0.000361846
32.8125 	6.48407e-06 	1.83258e-06 	0.000414675
32.875 	7.81677e-06 	1.64112e-06 	0.000430364
33.0 	8.12469e-06 	6.93517e-07 	0.000438885
33.0625 	5.74703e-06 	-2.0978e-06 	0.000475153
33.125 	4.17548e-06 	-9.43093e-07 	0.000507145
33.1875 	8.04635e-06 	2.66306e-06 	0.000441768
33.25 	6.643e-06 	8.07958e-07 	0.000435491
33.3125 	7.98888e-06 	1.00042e-06 	0.000439793
33.375 	7.11632e-06 	2.59106e-06 	0.000426153
33.4375 	6.51652e-06 	3.09492e-06 	0.00044342
33.625 	5.8742e-06 	2.12053e-06 	0.000466378
33.6875 	6.8565e-06 	8.77295e-07 	0.000427923
33.75 	4.36542e-06 	-1.05984e-06 	0.000433428
33.875 	7.45128e-06 	-2.99338e-06 	0.000412308
33.9375 	5.31722e-06 	-4.6498e-07 	0.00043188
34.0625 	6.64885e-06 	-1.42848e-06 	0.000447148
34.125 	4.67365e-06 	1.71764e-06 	0.00045983
34.1875 	3.60974e-06 	6.76259e-07 	0.000449138
34.25 	5.08303e-06 	1.42617e-06 	0.000492304
34.3125 	4.05934e-06 	-5.65696e-07 	0.000511481
34.375 	6.9389e-06 	-2.21507e-06 	0.000492442
34.4375 	5.93667e-06 	1.81007e-06 	0.000516176
34.5 	7.49199e-06 	3.03889e-06 	0.000513815
34.5625 	6.32165e-06 	2.56729e-06 	0.000506311
34.625 	3.89714e-06 	-6.01203e-07 	0.000498581
34.6875 	7.94103e-06 	-5.31615e-07 	0.000467047
34.875 	7.83696e-06 	1.55852e-06 	0.000439797
34.9375 	7.73587e-06 	-2.54588e-06 	0.000424132
35.0625 	7.7484e-06 	-2.6505e-06 	0.000411366
35.125 	6.71784e-06 	-1.19875e-06 	0.000377248
35.25 	7.61674e-06 	1.40733e-06 	0.000409487
35.3125 	6.74165e-06 	2.31196e-06 	0.000421288
35.375 	7.32961e-06 	-2.43908e-06 	0.000391052
35.5625 	4.07948e-06 	-6.43198e-07 	0.000411535
35.625 	6.39721e-06 	9.4699e-07 	0.000399941
35.6875 	5.93424e-06 	-2.28298e-06 	0.000388567
35.75 	5.51439e-06 	1.4236e-06 	0.000386648
35.8125 	5.85799e-06 	-5.68117e-07 	0.0003789
35.875 	5.27155e-06 	-2.03872e-06 	0.000392983
35.9375 	5.45231e-06 	7.54281e-07 	0.000456174
36.0 	4.25871e-06 	4.79633e-07 	0.000471437
36.125 	7.35465e-06 	2.83086e-06 	0.000520753
36.25 	7.43659e-06 	-2.19714e-06 	0.000506618
36.4375 	4.10249e-06 	5.13724e-07 	0.000495122
36.5 	2.84689e-06 	-7.49212e-07 	0.000516075
36.625 	7.12057e-06 	-6.68023e-07 	0.000464171
36.8125 	5.57409e-06 	1.35385e-06 	0.000486103
36.875 	3.30096e-06 	-1.32042e-06 	0.00047923
37.0625 	6.48535e-06 	2.48395e-06 	0.00049912
37.125 	7.43875e-06 	-1.55469e-06 	0.000510869
37.1875 	8.03598e-06 	9.41084e-07 	0.000492208
37.3125 	6.30825e-06 	2.21487e-06 	0.000487616
37.375 	6.31221e-06 	-1.17654e-06 	0.000493473
37.4375 	7.86684e-06 	-3.8303e-06 	0.000464917
37.5 	4.1412e-06 	-7.28022e-07 	0.000486488
37.5625 	4.46201e-06 	7.05828e-07 	0.00052269
37.75 	8.15463e-06 	3.2009e-07 	0.000537417
37.9375 	6.3267e-06 	2.96079e-07 	0.000564463
38.0 	6.18043e-06 	2.08534e-06 	0.000567369
38.0625 	6.15062e-06 	-1.71754e-06 	0.000604342
38.125 	7.87591e-06 	-2.13116e-07 	0.000610325
38.1875 	2.77084e-06 	1.08291e-07 	0.000641308
38.25 	7.55305e-06 	-8.18627e-07 	0.00062402
38.3125 	8.07559e-06 	3.89293e-06 	0.000658869
38.4375 	7.44809e-06 	-2.85734e-06 	0.000650248
38.5625 	7.55869e-06 	-3.35951e-06 	0.000666035
38.6875 	7.24458e-06 	2.24626e-06 	0.000686731
38.8125 	5.7303e-06 	-2.19428e-06 	0.000693154
38.875 	6.3529e-06 	2.96669e-06 	0.000690569
38.9375 	6.22715e-06 	2.26555e-06 	0.000675044
39.0 	6.44864e-06 	-4.48426e-07 	0.000655257
39.0625 	7.28595e-06 	-1.02393e-06 	0.000657758
39.125 	6.87671e-06 	-1.60831e-06 	0.000613497
39.1875 	6.66489e-06 	1.2119e-06 	0.000570001
39.25 	7.61596e-06 	3.28712e-06 	0.000596132
39.3125 	5.05133e-06 	-6.7006e-07 	0.000615349
39.5 	7.57328e-06 	-2.59113e-06 	0.000606706
39.5625 	5.4138e-06 	1.31801e-06 	0.000609668
39.625 	5.76838e-06 	1.99278e-07 	0.000565876
39.6875 	5.29899e-06 	-2.09455e-06 	0.000547384
39.75 	6.68989e-06 	1.52935e-06 	0.000537095
39.875 	6.58322e-06 	2.25078e-06 	0.000512446
39.9375 	6.81658e-06 	1.83213e-06 	0.000569151
40.0 	2.68421e-06 	4.71427e-07 	0.000585694
40.125 	7.94873e-06 	1.01118e-06 	0.000589027
40.25 	7.45752e-06 	1.85076e-06 	0.000602323
40.3125 	6.7362e-06 	-2.8055e-06 	0.000558246
40.4375 	4.92296e-06 	-1.46129e-06 	0.000596476
40.5 	6.5101e-06 	2.59921e-06 	0.000587502
40.5625 	6.49583e-06 	-9.88947e-07 	0.000540576
40.625 	7.70625e-06 	4.52055e-07 	0.000517003
40.8125 	4.42357e-06 	1.36102e-06 	0.000561818
40.9375 	6.57969e-06 	9.36203e-08 	0.000568036
41.125 	7.14227e-06 	-1.56487e-06 	0.000527163
41.1875 	6.12855e-06 	9.15271e-07 	0.000527973
41.25 	6.34059e-06 	4.15768e-07 	0.000499136
41.3125 	7.29765e-06 	3.07074e-06 	0.000494209
41.4375 	7.13146e-06 	2.46673e-06 	0.000477414
41.5 	7.65356e-06 	3.67468e-06 	0.00050981
41.5625 	8.1643e-06 	3.1261e-06 	0.00047082
41.6875 	6.93181e-06 	-3.81442e-06 	0.000459236
41.8125 	3.49789e-06 	3.40331e-07 	0.000490049
41.875 	5.59397e-06 	1.20118e-06 	0.000536666
41.9375 	5.42185e-06 	-9.28267e-07 	0.000532495
42.0 	3.86692e-06 	-1.58654e-07 	0.000538095
42.25 	7.28741e-06 	1.7364e-06 	0.000563748
42.5 	3.6732e-06 	-6.70325e-07 	0.000559008
42.6875 	3.16847e-06 	-8.89168e-07 	0.000552966
42.8125 	6.73708e-06 	2.91394e-06 	0.000564184
42.875 	7.62822e-06 	-7.77956e-07 	0.000578181
42.9375 	6.5747e-06 	-3.13993e-06 	0.000592272
43.0 	5.91204e-06 	1.9545e-06 	0.000575077
43.0625 	4.43257e-06 	-1.25156e-07 	0.000554924
43.1875 	3.68497e-06 	3.81342e-07 	0.000557178
43.3125 	7.39559e-06 	-2.52767e-06 	0.000545505
43.375 	6.63914e-06 	-1.80721e-06 	0.000547612
43.6875 	7.64127e-06 	4.52338e-07 	0.000566771
43.8125 	5.44256e-06 	2.14817e-06 	0.000569292
43.9375 	4.24928e-06 	1.42292e-07 	0.000617122
44.0 	4.06873e-06 	-1.42576e-06 	0.000612152
44.0625 	6.72872e-06 	-1.50214e-06 	0.000595618
44.125 	6.85574e-06 	1.88537e-06 	0.000608341
44.1875 	7.47039e-06 	1.51507e-06 	0.0006201
44.25 	5.633e-06 	1.64537e-06 	0.000619307
44.3125 	3.21743e-06 	1.12592e-06 	0.000639821
44.375 	6.52254e-06 	2.53861e-06 	0.000638346
44.4375 	7.68556e-06 	-3.66762e-06 	0.000645777
44.5625 	5.77311e-06 	-1.73565e-06 	0.000666421
44.6875 	7.09407e-06 	-3.38265e-06 	0.000677022
44.75 	6.83863e-06 	1.16787e-06 	0.000658611
44.8125 	3.58489e-06 	-1.06664e-06 	0.000670334
44.875 	6.49383e-06 	6.91065e-07 	0.000678873
44.9375 	5.0769e-06 	9.87629e-07 	0.000719617
45.0 	7.40188e-06 	1.08888e-06 	0.000721598
45.0625 	4.1457e-06 	9.04955e-07 	0.000698539
45.1875 	6.15642e-06 	1.75812e-06 	0.000707842
45.3125 	4.37342e-06 	7.69611e-07 	0.000691896
45.5 	6.45183e-06 	6.92941e-07 	0.000633481
45.625 	2.98136e-06 	-6.95615e-07 	0.00063711
45.6875 	7.91636e-06 	3.82314e-06 	0.000615805
45.75 	7.37189e-06 	-3.24646e-06 	0.000646983
45.9375 	6.89672e-06 	1.22884e-07 	0.000672903
46.0 	7.9347e-06 	-3.73536e-06 	0.000652768
46.0625 	7.62128e-06 	-4.89012e-07 	0.00062173
46.3125 	6.55577e-06 	1.91335e-06 	0.000633622
46.5625 	7.11617e-06 	4.42447e-07 	0.00063651
46.625 	8.01252e-06 	1.21762e-06 	0.000668116
46.6875 	6.55511e-06 	3.22106e-06 	0.000672608
46.75 	7.97596e-06 	1.60263e-06 	0.000665636
46.8125 	6.43116e-06 	8.45797e-07 	0.000651573
46.875 	7.74776e-06 	-2.38967e-06 	0.000646812
47.0 	7.42257e-06 	-2.56214e-06 	0.00061184
47.0625 	6.88926e-06 	2.53219e-06 	0.000631305
47.125 	7.83635e-06 	1.60834e-06 	0.000608966
47.1875 	6.40338e-06 	2.01306e-06 	0.000625245
47.25 	6.47852e-06 	3.09476e-06 	0.00060553
47.375 	6.67188e-06 	3.15292e-06 	0.00062496
47.5 	5.93957e-06 	2.77824e-06 	0.000667269
47.5625 	8.08861e-06 	2.19291e-06 	0.000636746
47.625 	4.84258e-06 	6.85178e-07 	0.000638183
47.6875 	7.91817e-06 	9.25077e-07 	0.000637886
47.8125 	7.78999e-06 	-2.06562e-06 	0.000572723
48.0 	6.85079e-06 	3.36591e-07 	0.00055393
48.0625 	3.22394e-06 	-5.58488e-07 	0.000599714
48.1875 	6.97099e-06 	-1.84851e-06 	0.000607139
48.25 	6.94012e-06 	6.0549e-07 	0.000638723
48.3125 	6.65645e-06 	-1.37351e-06 	0.000641988
48.4375 	3.31503e-06 	5.73298e-07 	0.000651507
48.5625 	7.36764e-06 	-9.70064e-07 	0.000681599
48.75 	5.6873e-06 	-4.66764e-07 	0.000731563
48.8125 	4.23976e-06 	1.39339e-06 	0.000742147
48.9375 	7.98646e-06 	2.71794e-06 	0.000784399
49.0 	4.5724e-06 	5.84692e-07 	0.000776065
49.125 	3.54158e-06 	-1.02979e-06 	0.000788602
49.25 	5.87711e-06 	-1.73318e-07 	0.000783528
49.3125 	5.55238e-06 	-1.70588e-06 	0.000778738
49.375 	4.22668e-06 	-8.58774e-07 	0.000792684
49.4375 	5.99787e-06 	-3.53146e-07 	0.00076426
49.5 	6.83826e-06 	1.00178e-06 	0.000772817
49.5625 	6.18862e-06 	-9.02718e-07 	0.000785422
49.625 	4.55993e-06 	-1.75717e-06 	0.000808242
49.6875 	4.31833e-06 	-6.35397e-07 	0.000805756
49.75 	4.84528e-06 	1.93144e-06 	0.000813537
50.0625 	7.87112e-06 	-3.29208e-06 	0.000800525
50.125 	7.98788e-06 	1.36895e-06 	0.000828058
50.25 	3.70631e-06 	-6.63636e-07 	0.000832167
50.3125 	6.95131e-06 	3.30493e-06 	0.000854346
50.375 	8.15747e-06 	-1.08242e-06 	0.000896765
50.4375 	4.77745e-06 	1.46429e-06 	0.000934889
50.5625 	5.75418e-06 	-1.31414e-06 	0.000908443
50.625 	5.16776e-06 	-2.99337e-07 	0.000921053
50.75 	6.28684e-06 	-1.49609e-06 	0.000890725
50.8125 	3.21015e-06 	-8.27516e-07 	0.000900035
50.875 	8.06357e-06 	2.29489e-06 	0.000898527
50.9375 	3.66185e-06 	4.11431e-07 	0.000896857
51.0 	7.15855e-06 	1.40453e-06 	0.000919614
51.125 	7.28103e-06 	-1.68894e-06 	0.000919775
51.1875 	7.34577e-06 	-2.61639e-06 	0.000920397
51.25 	6.23804e-06 	2.55657e-06 	0.000916159
51.3125 	7.03123e-06 	1.20913e-06 	0.000933066
51.375 	5.59046e-06 	1.66638e-06 	0.000927533
51.4375 	3.70676e-06 	1.18743e-06 	0.000914992
51.5 	5.39189e-06 	2.26729e-07 	0.000916014
51.625 	3.03452e-06 	-7.59437e-07 	0.000935873
51.6875 	4.13335e-06 	-6.36948e-07 	0.000952654
51.8125 	7.78012e-06 	2.34567e-06 	0.000958732
51.875 	6.74979e-06 	-1.45856e-06 	0.00101478
52.0 	3.60608e-06 	-6.62611e-07 	0.00101083
52.0625 	4.04766e-06 	-3.3764e-07 	0.00100024
52.1875 	7.33182e-06 	-4.44924e-07 	0.00100847
52.3125 	6.34138e-06 	1.87182e-06 	0.00103022
52.375 	6.91893e-06 	-2.63396e-06 	0.000988694
52.5 	5.79252e-06 	2.09866e-06 	0.00100941
52.625 	5.81519e-06 	6.02131e-07 	0.00103981
52.75 	3.60936e-06 	4.33487e-07 	0.00105936
52.8125 	4.50474e-06 	-1.60712e-06 	0.00107719
52.875 	7.54304e-06 	-1.96772e-06 	0.00107619
52.9375 	6.51125e-06 	3.07486e-06 	0.00104928
53.125 	6.97376e-06 	1.69663e-06 	0.00101142
53.1875 	7.40472e-06 	1.40858e-06 	0.000997469
53.25 	6.65966e-06 	-3.187e-06 	0.00100118
53.3125 	5.42961e-06 	2.00729e-06 	0.000982577
53.5 	7.67984e-06 	-2.70142e-06 	0.000986402
53.5625 	5.25273e-06 	2.51007e-07 	0.00102127
53.625 	7.09689e-06 	-1.50493e-06 	0.000994006
53.6875 	7.6626e-06 	3.70097e-06 	0.000992065
53.75 	5.25892e-06 	5.75261e-07 	0.00104487
53.8125 	6.11329e-06 	-1.03164e-06 	0.00101033
53.875 	4.15472e-06 	1.49954e-06 	0.000999777
54.0 	5.57105e-06 	1.75661e-06 	0.00100787
54.0625 	6.11809e-06 	7.39189e-07 	0.000978977
54.1875 	8.05841e-06 	-2.52914e-06 	0.000985781
54.25 	5.16757e-06 	1.21777e-06 	0.00103053
54.3125 	6.85057e-06 	-1.09167e-07 	0.000982068
54.375 	7.1291e-06 	-3.27995e-06 	0.000954685
54.4375 	5.22958e-06 	-1.46836e-06 	0.000956571
54.6875 	7.16691e-06 	2.62345e-06 	0.000978971
54.8125 	6.58698e-06 	2.86417e-06 	0.000943544
54.875 	6.22482e-06 	1.97271e-06 	0.000990959
54.9375 	5.8049e-06 	-1.64222e-06 	0.000971908
55.0 	7.52973e-06 	8.69356e-07 	0.000953203
55.0625 	7.27728e-06 	-3.46012e-06 	0.000962944
55.125 	6.94829e-06 	2.16743e-06 	0.000933755
55.3125 	5.94862e-06 	-2.10018e-07 	0.000952726
55.4375 	3.26407e-06 	6.41895e-07 	0.000995369
55.5 	3.58185e-06 	-2.56969e-07 	0.00100157
55.6875 	5.20733e-06 	2.07103e-06 	0.00101816
55.75 	6.40249e-06 	-1.49635e-06 	0.00102235
55.875 	7.5185e-06 	3.19419e-06 	0.000995431
55.9375 	6.43071e-06 	-3.07061e-06 	0.001012
56.0 	7.57289e-06 	1.67054e-06 	0.00103259
56.0625 	7.31666e-06 	-3.49082e-06 	0.00103499
56.3125 	8.10605e-06 	-3.75821e-06 	0.00104544
56.375 	3.05906e-06 	-2.63737e-07 	0.00110575
56.4375 	7.66829e-06 	-3.66324e-06 	0.00111332
56.5625 	7.70327e-06 	-1.00304e-06 	0.00114098
56.6875 	6.61979e-06 	1.18562e-06 	0.00112033
56.75 	6.05019e-06 	-2.71401e-06 	0.00112473
56.8125 	7.87824e-06 	1.76421e-06 	0.00114625
56.9375 	5.4612e-06 	1.04873e-07 	0.00118061
57.0 	7.66314e-06 	6.88658e-07 	0.00117555
57.0625 	6.38106e-06 	-7.94383e-07 	0.00117905
57.1875 	6.74825e-06 	-2.45696e-06 	0.00122564
57.25 	5.95198e-06 	1.95152e-06 	0.00123765
57.3125 	7.85552e-06 	-3.64011e-06 	0.00126876
57.375 	2.70584e-06 	-4.28636e-07 	0.00131186
57.4375 	6.97055e-06 	-2.56258e-06 	0.00127623
57.5 	3.5851e-06 	8.24105e-07 	0.00132457
57.5625 	5.81191e-06 	1.43208e-06 	0.00134206
57.625 	6.65339e-06 	1.70699e-06 	0.00136246
57.6875 	5.7298e-06 	-1.01607e-06 	0.00134281
57.75 	6.62061e-06 	8.76132e-07 	0.00130711
57.8125 	6.11753e-06 	8.07641e-07 	0.00134489
58.0 	8.01136e-06 	-5.12244e-07 	0.00135853
58.0625 	3.50984e-06 	-2.22111e-07 	0.00135004
58.125 	7.47519e-06 	-1.10929e-06 	0.00133465
58.1875 	8.04525e-06 	1.74792e-06 	0.00133939
58.25 	3.34758e-06 	9.5707e-07 	0.00134697
58.3125 	6.68096e-06 	-8.82955e-07 	0.00131967
58.4375 	5.7158e-06 	-1.83487e-06 	0.00129558
58.5625 	5.06413e-06 	1.09131e-06 	0.00130712
58.625 	2.47123e-06 	5.7293e-07 	0.00134182
58.6875 	6.7589e-06 	1.11854e-06 	0.00134776
58.8125 	6.13228e-06 	-2.89729e-06 	0.00133716
58.875 	7.98477e-06 	1.37684e-06 	0.00129816
58.9375 	6.38998e-06 	-7.74671e-07 	0.00128269
59.0 	5.89012e-06 	1.16234e-06 	0.00127267
59.125 	5.87011e-06 	2.41832e-06 	0.00129937
59.25 	4.99955e-06 	1.23837e-06 	0.00131845
59.3125 	5.2421e-06 	-1.6343e-06 	0.00131703
59.375 	7.42658e-06 	5.97149e-07 	0.00130536
59.4375 	6.14671e-06 	2.79527e-06 	0.00129768
59.5 	4.87189e-06 	1.86774e-06 	0.00130925
59.6875 	3.25506e-06 	4.92869e-07 	0.00133442
59.8125 	5.55217e-06 	1.75564e-06 	0.00127787
59.875 	4.25796e-06 	-6.96595e-07 	0.0013324
59.9375 	7.96641e-06 	3.19705e-06 	0.00135879
60.0625 	4.00894e-06 	-2.92222e-07 	0.00134885
60.125 	5.78514e-06 	1.31972e-06 	0.00135706
60.375 	2.62679e-06 	-7.631e-08 	0.00133943
60.4375 	2.97103e-06 	5.42105e-07 	0.0013176
60.5625 	7.68738e-06 	3.55391e-06 	0.00139249
60.625 	8.01426e-06 	1.57269e-06 	0.00136493
60.75 	7.91676e-06 	3.84967e-07 	0.00134124
60.8125 	5.54001e-06 	-1.2248e-06 	0.00139403
60.875 	8.14729e-06 	-3.82403e-06 	0.00142204
61.0 	7.24222e-06 	-3.06949e-06 	0.00143024
61.125 	6.20315e-06 	2.44909e-06 	0.00144257
61.1875 	3.30731e-06 	-9.65468e-07 	0.00143348
61.25 	6.99749e-06 	2.55424e-06 	0.00145264
61.3125 	3.32955e-06 	5.71443e-07 	0.00146595
61.375 	7.56609e-06 	-8.94304e-07 	0.00144859
61.4375 	6.43068e-06 	1.02288e-06 	0.00145671
61.5 	4.91614e-06 	-1.79318e-06 	0.00148057
61.625 	2.29753e-06 	-9.14194e-08 	0.00144806
61.6875 	4.44703e-06 	-8.7384e-07 	0.0014533
61.8125 	6.7287e-06 	-7.25596e-07 	0.00143875
61.875 	3.81182e-06 	8.71444e-07 	0.00140579
61.9375 	6.08964e-06 	2.41461e-06 	0.00142212
62.0 	4.0486e-06 	6.08247e-07 	0.00144333
62.125 	5.32101e-06 	-8.99946e-07 	0.00144678
62.1875 	5.19131e-06 	-1.33122e-06 	0.00144707
62.25 	5.85472e-06 	8.96438e-07 	0.00145887
62.375 	6.76187e-06 	-3.25147e-06 	0.00145478
62.5 	6.68666e-06 	-1.75744e-06 	0.00147614
62.5625 	5.03422e-06 	-1.73071e-06 	0.0014902
62.75 	7.94797e-06 	2.07372e-07 	0.00147044
62.875 	8.08176e-06 	2.25455e-06 	0.00145283
62.9375 	8.14057e-06 	2.04722e-06 	0.00145342
63.0 	6.98276e-06 	-3.4627e-07 	0.00142186
63.125 	6.96279e-06 	2.02888e-06 	0.00142909
63.25 	7.02961e-06 	-1.9587e-06 	0.00142787
63.4375 	3.63584e-06 	5.1921e-07 	0.00141768
63.5625 	5.58873e-06 	5.58284e-07 	0.00143236
63.8125 	7.22417e-06 	-1.44465e-06 	0.00146188
63.9375 	5.52568e-06 	-5.57754e-07 	0.00146417
64.0 	7.5304e-06 	1.62336e-06 	0.0014616
64.0625 	3.82632e-06 	-5.69541e-07 	0.00147446
64.25 	5.32209e-06 	1.39364e-06 	0.00147796
64.4375 	7.5371e-06 	3.53708e-06 	0.00151596
64.5625 	2.79243e-06 	-5.87471e-07 	0.00152753
64.6875 	5.27784e-06 	-1.3595e-06 	0.00151954
64.75 	7.62101e-06 	-3.59255e-06 	0.00149786
64.8125 	7.09829e-06 	-8.65447e-07 	0.00145527
64.875 	5.33785e-06 	-8.9086e-07 	0.00145917
64.9375 	7.40196e-06 	-3.52058e-06 	0.00147721
65.0 	5.52955e-06 	8.48698e-07 	0.0014688
65.0625 	7.89288e-06 	-1.12643e-06 	0.00148714
65.125 	7.19965e-06 	3.40122e-06 	0.00151788
65.25 	6.72817e-06 	-1.12727e-06 	0.00152988
65.5 	8.07952e-06 	-3.2449e-06 	0.00152883
65.625 	7.25841e-06 	-1.15226e-06 	0.0015384
65.8125 	5.06323e-06 	-1.05223e-06 	0.00153056
65.9375 	6.05996e-06 	1.67606e-06 	0.00150932
66.0 	7.10598e-06 	-2.61294e-06 	0.00150969
66.0625 	5.91298e-06 	1.9133e-06 	0.00152043
66.25 	4.95405e-06 	2.11e-06 	0.00152462
66.3125 	7.50645e-06 	2.72001e-06 	0.00154379
66.375 	7.19494e-06 	-1.02774e-06 	0.00158073
66.5 	3.05442e-06 	-6.18265e-07 	0.00155025
66.75 	6.85702e-06 	-3.01484e-07 	0.00159901
66.8125 	7.27614e-06 	2.40725e-06 	0.00159061
66.875 	6.69081e-06 	-4.22755e-07 	0.00155412
66.9375 	5.81547e-06 	-1.23658e-06 	0.00157565
67.0 	5.83176e-06 	-1.55067e-06 	0.00163622
67.25 	7.87966e-06 	-1.77635e-06 	0.00164002
67.375 	5.60743e-06 	-1.12688e-06 	0.00168928
67.4375 	7.49945e-06 	3.46401e-06 	0.00166939
67.5 	4.58781e-06 	-4.71594e-07 	0.0016772
67.8125 	6.13029e-06 	2.43648e-06 	0.00167733
67.875 	6.21691e-06 	-2.10677e-06 	0.00164111
67.9375 	4.54762e-06 	-1.40881e-07 	0.00164676
68.0 	7.66585e-06 	-8.93834e-07 	0.00164463
68.0625 	8.07477e-06 	-1.39164e-06 	0.00162051
68.125 	7.92202e-06 	1.51969e-07 	0.00160159
68.1875 	6.00344e-06 	-1.9518e-06 	0.00161348
68.3125 	7.48878e-06 	-4.12843e-07 	0.00162025
68.375 	5.91344e-06 	-2.09725e-06 	0.00161315
68.4375 	7.12235e-06 	8.87407e-07 	0.00158357
68.5625 	5.28071e-06 	-1.55073e-07 	0.00156253
68.625 	3.65371e-06 	3.28482e-08 	0.00157962
68.6875 	7.0089e-06 	1.471e-06 	0.00157968
68.75 	3.86395e-06 	5.48275e-07 	0.00153155
68.8125 	4.83329e-06 	1.39607e-06 	0.00155048
68.9375 	7.14847e-06 	-3.42613e-06 	0.00155383
69.125 	2.02604e-06 	3.78836e-07 	0.00153724
69.1875 	7.4982e-06 	-1.71834e-06 	0.0015131
69.25 	6.0415e-06 	-1.18322e-06 	0.00151366
69.3125 	7.76315e-06 	3.57216e-06 	0.00152852
69.4375 	6.27032e-06 	-2.96112e-06 	0.0015353
69.5 	3.02824e-06 	5.89562e-07 	0.00154124
69.625 	7.58847e-06 	-4.05987e-07 	0.00149897
69.75 	5.39931e-06 	-3.71964e-07 	0.00150465
69.8125 	7.36912e-06 	-3.25971e-06 	0.00151607
69.875 	6.89608e-06 	-3.29268e-06 	0.001522
69.9375 	5.41847e-06 	-1.44381e-06 	0.00150509
