# time 	Local 	Global 	Cumulative
0.333274 	3.59302e-06 	8.00484e-07 	9.79421e-06
0.579973 	7.07229e-06 	-2.29258e-06 	2.03924e-05
0.642226 	4.3843e-06 	1.44793e-06 	2.57615e-05
0.70448 	7.6977e-06 	8.62547e-07 	3.36725e-05
0.766734 	3.43682e-06 	7.55575e-07 	2.65816e-06
0.828988 	5.52691e-06 	1.29984e-06 	1.39912e-05
1.01575 	3.5651e-06 	6.49329e-07 	9.03621e-06
1.26477 	5.54134e-06 	5.08891e-07 	-4.06288e-07
1.38927 	4.47151e-06 	5.97026e-07 	-2.65782e-05
1.45153 	7.73643e-06 	-2.82803e-06 	-4.16583e-05
1.51378 	7.6905e-06 	-2.85459e-06 	-3.67014e-05
1.7628 	5.26999e-06 	-1.41798e-06 	4.84341e-05
1.8873 	7.73215e-06 	1.70862e-06 	7.99678e-05
1.94956 	4.98483e-06 	1.62831e-06 	6.70286e-05
2.19857 	7.11891e-06 	-2.4662e-06 	8.36757e-05
2.26083 	5.26735e-06 	-1.35396e-06 	8.23563e-05
2.32308 	6.77394e-06 	-2.08279e-06 	8.19322e-05
2.38534 	7.02135e-06 	-2.20368e-06 	9.77705e-05
2.44759 	5.83987e-06 	1.12075e-06 	0.000164546
2.63435 	4.22608e-06 	-1.20413e-06 	0.000177366
2.69661 	7.83277e-06 	2.42082e-06 	0.000221147
2.88337 	4.33381e-06 	2.17049e-06 	0.000242461
2.94562 	6.17913e-06 	-1.12374e-06 	0.000239345
3.07013 	6.93028e-06 	2.22707e-06 	0.000222947
3.19464 	5.54528e-06 	5.79788e-07 	0.000231952
3.25689 	4.35658e-06 	-1.27014e-06 	0.000260696
3.31914 	6.45143e-06 	-1.74476e-06 	0.000233847
3.3814 	5.31425e-06 	-1.521e-06 	0.000268954
3.44365 	4.44592e-06 	-7.91865e-07 	0.000239975
3.50591 	3.37283e-06 	3.67692e-07 	0.000249024
3.69267 	5.92223e-06 	-1.5325e-06 	0.000237043
3.75492 	1.22261e-06 	1.80814e-07 	0.000235646
3.87943 	5.58196e-06 	1.5342e-06 	0.000198923
4.06619 	6.07625e-06 	-1.9638e-06 	0.000200706
4.12845 	5.11605e-06 	1.64618e-06 	0.000232543
4.1907 	5.63567e-06 	-2.79569e-06 	0.000249179
4.25295 	4.942e-06 	-9.82738e-07 	0.000232659
4.31521 	7.64012e-06 	-2.46909e-06 	0.000234882
4.37746 	6.60037e-06 	2.58446e-06 	0.000239289
4.50197 	5.48864e-06 	-1.64626e-06 	0.00025499
4.56422 	4.82457e-06 	7.73859e-07 	0.000232285
4.62648 	4.80485e-06 	-9.30846e-07 	0.000221834
4.68873 	2.81669e-06 	-6.58962e-07 	0.000203789
4.93775 	7.7898e-06 	-9.29588e-07 	0.000215821
5.0 	7.39113e-06 	1.40976e-06 	0.000225886
5.0625 	4.5389e-06 	1.41274e-06 	0.000211633
5.125 	4.63231e-06 	7.6126e-07 	0.000208659
5.25 	4.98998e-06 	-5.85902e-07 	0.000234526
5.375 	4.55192e-06 	1.39973e-06 	0.000277077
5.5 	5.95651e-06 	-1.99898e-07 	0.000230283
5.5625 	6.86498e-06 	2.92222e-06 	0.000288662
5.625 	6.05858e-06 	-1.8785e-06 	0.000307945
5.6875 	4.85309e-06 	-1.02965e-06 	0.000292108
5.8125 	4.71624e-06 	-1.30846e-06 	0.000283203
5.875 	5.40135e-06 	-2.62448e-06 	0.000288046
5.9375 	7.73614e-06 	2.56451e-06 	0.000293808
6.0 	6.16457e-06 	1.47888e-06 	0.000303098
6.1875 	8.15175e-06 	-2.36837e-06 	0.000363934
6.25 	4.89479e-06 	-1.39075e-06 	0.000359443
6.4375 	8.10222e-06 	2.89845e-06 	0.000380331
6.75 	7.69772e-06 	2.4715e-06 	0.000354718
6.8125 	5.06592e-06 	-1.52987e-06 	0.000345882
6.9375 	2.68094e-06 	3.17273e-07 	0.000310204
7.125 	7.84315e-06 	-9.61038e-07 	0.000291256
7.1875 	8.03914e-06 	-1.25081e-06 	0.00028332
7.25 	3.96232e-06 	-8.51261e-07 	0.000296367
7.5625 	4.24287e-06 	-1.23674e-06 	0.000307789
7.6875 	7.26283e-06 	-2.4031e-06 	0.000351338
7.8125 	5.01425e-06 	1.42416e-06 	0.000373925
7.9375 	2.99395e-06 	2.79876e-07 	0.000382878
8.0 	5.24575e-06 	1.74714e-06 	0.000378476
8.0625 	7.75891e-06 	-2.54075e-06 	0.000366133
8.125 	6.70571e-06 	-2.34972e-06 	0.000362777
8.25 	7.0642e-06 	-2.29609e-06 	0.000345745
8.3125 	4.04673e-06 	7.94685e-07 	0.000326205
8.4375 	4.4154e-06 	-8.99597e-07 	0.000320107
8.5 	5.21365e-06 	1.23088e-06 	0.000287035
8.5625 	7.06189e-06 	1.8765e-06 	0.000258803
8.8125 	4.87192e-06 	1.69779e-06 	0.000222716
8.9375 	6.50048e-06 	2.61091e-06 	0.000216897
9.0 	6.93672e-06 	-2.66939e-06 	0.000229418
9.1875 	5.12073e-06 	-1.21963e-06 	0.000212807
9.25 	5.94892e-06 	2.88786e-06 	0.000250581
9.3125 	3.82206e-06 	1.63643e-06 	0.000239776
9.375 	6.85675e-06 	2.40194e-06 	0.000233928
9.4375 	4.44747e-06 	-1.11271e-06 	0.000189268
9.5625 	3.46095e-06 	-7.03708e-07 	0.00017179
9.625 	4.31203e-06 	-1.42023e-06 	0.000166938
9.6875 	7.58335e-06 	-1.62067e-06 	0.000196638
9.8125 	4.85402e-06 	-9.01308e-07 	0.000202948
9.9375 	4.91186e-06 	1.70315e-06 	0.000246427
10.0 	6.89388e-06 	-2.14913e-06 	0.00023139
10.1875 	5.02581e-06 	1.23769e-06 	0.000214313
10.3125 	5.17841e-06 	-1.2474e-06 	0.000217651
10.625 	3.51397e-06 	3.77928e-07 	0.000219326
10.6875 	7.69795e-06 	1.06156e-06 	0.00019186
10.75 	5.53121e-06 	1.70936e-06 	0.000206068
10.8125 	4.77218e-06 	1.99391e-06 	0.000177786
10.875 	6.2857e-06 	1.92332e-06 	0.000202938
11.0 	5.28762e-06 	1.86332e-06 	0.000231809
11.0625 	5.99058e-06 	-2.76858e-06 	0.00023256
11.1875 	4.70995e-06 	-8.08586e-07 	0.000231994
11.6875 	4.39527e-06 	1.15871e-06 	0.000260496
11.75 	5.02014e-06 	-1.75306e-06 	0.000266147
11.8125 	7.09451e-06 	9.22418e-07 	0.000278714
11.875 	4.07953e-06 	4.67909e-07 	0.000277395
11.9375 	5.37654e-06 	2.78807e-06 	0.000290299
12.0 	5.53825e-06 	-1.49847e-06 	0.000263506
12.0625 	5.57946e-06 	1.7886e-06 	0.000223733
12.1875 	7.77936e-06 	-2.35668e-06 	0.000210106
12.3125 	7.91458e-06 	-2.73727e-06 	0.000246723
12.375 	5.16571e-06 	1.3969e-06 	0.000243764
12.625 	5.96034e-06 	2.68627e-06 	0.000228245
12.6875 	6.29468e-06 	-2.39512e-06 	0.000248128
12.8125 	5.28725e-06 	1.68221e-06 	0.000228701
12.875 	4.9672e-06 	-1.00019e-06 	0.000199546
13.0 	7.67343e-06 	-2.47832e-06 	0.000157042
13.0625 	8.36388e-06 	1.89911e-06 	0.000170664
13.1875 	8.05144e-06 	-2.39971e-06 	0.000168718
13.25 	6.24585e-06 	-2.10627e-06 	0.000165754
13.375 	7.11666e-06 	2.74069e-06 	0.000165503
13.5625 	5.09376e-06 	2.0318e-06 	0.000176837
13.625 	4.91001e-06 	-1.55256e-06 	0.000212645
13.6875 	4.36526e-06 	-1.16241e-06 	0.000242946
14.0625 	5.77545e-06 	-1.95461e-06 	0.000260424
14.125 	6.03455e-06 	2.07855e-06 	0.000264178
14.1875 	5.26395e-06 	-1.59771e-06 	0.000304317
14.3125 	5.64176e-06 	2.74566e-06 	0.000282326
14.375 	8.03808e-06 	1.83009e-06 	0.000277496
14.4375 	4.96367e-06 	-1.62025e-06 	0.000281695
14.5 	5.48891e-06 	-2.68442e-06 	0.000232927
14.625 	5.44417e-06 	-1.95399e-06 	0.000245182
14.6875 	6.0995e-06 	-2.20016e-06 	0.000210827
14.75 	7.49836e-06 	2.5083e-06 	0.000191273
14.8125 	4.44545e-06 	-8.14266e-07 	0.000215321
14.9375 	7.90362e-06 	3.00337e-06 	0.000197505
15.0 	5.2348e-06 	2.53215e-06 	0.000220857
15.1875 	4.65438e-06 	-1.31001e-06 	0.000213614
15.25 	5.40647e-06 	-6.94564e-07 	0.00020302
15.3125 	4.92424e-06 	-1.1983e-06 	0.000188119
15.375 	6.48485e-06 	2.12828e-06 	0.000134828
15.4375 	5.33895e-06 	-1.61622e-06 	0.00014625
15.5 	5.93198e-06 	-2.83112e-06 	0.000162438
15.8125 	7.41522e-06 	-3.93176e-06 	0.000202006
15.875 	3.67197e-06 	7.07018e-07 	0.0002214
15.9375 	7.84901e-06 	2.43205e-06 	0.000246211
16.0 	6.60871e-06 	-2.33727e-06 	0.000264785
16.0625 	4.575e-06 	-9.89578e-07 	0.000296532
16.125 	4.70587e-06 	-1.70623e-06 	0.000326414
16.1875 	8.14161e-06 	-1.77716e-06 	0.000301857
16.25 	5.39063e-06 	-2.66885e-06 	0.000275762
16.3125 	7.29884e-06 	2.21687e-06 	0.000259513
16.375 	7.68408e-06 	2.04996e-06 	0.000252499
16.5 	7.73878e-06 	3.16246e-06 	0.000265228
16.625 	5.7188e-06 	-1.84656e-06 	0.000227814
16.8125 	3.43869e-06 	1.44842e-06 	0.00025336
16.9375 	5.37188e-06 	1.57474e-06 	0.000287212
17.25 	7.0233e-06 	-2.03462e-06 	0.000321967
17.3125 	8.1356e-06 	-2.60063e-06 	0.000307054
17.375 	7.52482e-06 	3.06927e-06 	0.000330813
17.4375 	4.92101e-06 	-4.85231e-07 	0.000304842
17.5625 	5.08651e-06 	-1.64913e-06 	0.000295174
17.6875 	6.78583e-06 	-3.2676e-06 	0.000325169
18.0 	6.16541e-06 	-2.77641e-06 	0.000368424
18.0625 	2.88575e-06 	-9.75804e-08 	0.000362586
18.1875 	3.79355e-06 	-9.52657e-07 	0.000300633
18.25 	8.01556e-06 	5.59364e-07 	0.000320486
18.375 	7.09227e-06 	-1.8208e-06 	0.000318693
18.4375 	6.89931e-06 	-2.09118e-06 	0.000334062
18.5625 	4.09797e-06 	1.80531e-06 	0.000296342
18.625 	5.18126e-06 	1.34412e-06 	0.000337377
18.8125 	7.27731e-06 	7.52273e-07 	0.000358264
18.875 	7.71865e-06 	-2.35247e-06 	0.000395843
18.9375 	7.26904e-06 	1.11688e-06 	0.000369022
19.125 	4.41329e-06 	-1.06437e-06 	0.000384176
19.4375 	5.00975e-06 	1.20914e-06 	0.000415585
19.5 	7.87103e-06 	-2.09274e-06 	0.000392421
19.625 	3.73522e-06 	7.34538e-07 	0.000407387
19.6875 	5.69304e-06 	-2.80241e-06 	0.000415268
19.75 	5.58527e-06 	2.71206e-06 	0.000431191
19.9375 	4.58597e-06 	-1.48667e-06 	0.000363063
20.0 	7.71957e-06 	1.50298e-06 	0.000371391
20.125 	3.6025e-06 	-3.96191e-07 	0.000393714
20.1875 	7.4245e-06 	2.05352e-06 	0.000391327
20.375 	5.67373e-06 	2.05524e-06 	0.000406969
20.4375 	6.10932e-06 	-1.9105e-06 	0.000420172
20.5 	7.67371e-06 	-2.6273e-06 	0.000449171
20.625 	6.22443e-06 	1.64617e-06 	0.000427719
20.6875 	5.74594e-06 	2.25801e-06 	0.000420269
20.75 	6.42105e-06 	-2.12996e-06 	0.000340747
21.0 	7.80933e-06 	-1.93351e-06 	0.000401287
21.0625 	7.34334e-06 	-1.00075e-06 	0.000361516
21.1875 	4.47752e-06 	7.30719e-07 	0.000331197
21.3125 	4.09961e-06 	-1.56922e-06 	0.000297946
21.5625 	4.85553e-06 	1.42054e-06 	0.000265329
21.75 	4.53998e-06 	-2.03862e-06 	0.000229486
21.8125 	3.09499e-06 	9.7099e-07 	0.000223925
21.875 	7.03231e-06 	-2.22661e-06 	0.000168963
21.9375 	7.90304e-06 	2.16837e-06 	0.000159835
22.125 	8.05925e-06 	-2.56433e-06 	0.000145608
22.1875 	7.05169e-06 	1.60954e-06 	0.000161231
22.25 	7.60438e-06 	2.40968e-06 	0.000162489
22.3125 	6.68443e-06 	-2.28324e-06 	0.000172939
22.375 	5.81557e-06 	2.6296e-06 	0.000182388
22.9375 	7.40102e-06 	-1.89536e-06 	0.00017818
23.0 	4.98844e-06 	1.11778e-06 	0.000145832
23.125 	4.82731e-06 	1.09182e-06 	0.000158252
23.1875 	8.17043e-06 	-1.3459e-06 	0.000136571
23.3125 	3.74453e-06 	1.49243e-06 	0.000167631
23.375 	6.46869e-06 	8.51369e-07 	0.000190394
23.4375 	6.49877e-06 	1.64863e-06 	0.000226822
23.6875 	5.04641e-06 	-2.03819e-06 	0.000212698
23.8125 	6.59699e-06 	1.51296e-06 	0.000194143
24.0 	5.34899e-06 	2.0082e-06 	0.000179863
24.0625 	6.92901e-06 	1.88506e-06 	0.000201003
24.3125 	8.17859e-06 	-2.64719e-06 	0.000242857
24.375 	7.17717e-06 	2.33053e-06 	0.000264088
24.4375 	5.25178e-06 	-1.2471e-06 	0.000253624
24.5625 	5.21488e-06 	2.5455e-06 	0.000227449
24.6875 	6.89807e-06 	-1.34096e-06 	0.000252551
24.75 	6.54291e-06 	2.88336e-06 	0.000229184
24.8125 	4.63774e-06 	-9.96375e-07 	0.000233809
25.0 	6.4931e-06 	1.79749e-06 	0.000248839
25.0625 	8.29237e-06 	-1.31303e-06 	0.000267962
25.125 	5.97365e-06 	-1.82975e-06 	0.000287708
25.25 	5.23982e-06 	1.65713e-06 	0.000247114
25.3125 	8.1568e-06 	-1.32132e-06 	0.000277745
25.625 	6.76918e-06 	-1.32767e-06 	0.000368904
25.6875 	3.97564e-06 	6.04622e-07 	0.000378198
25.75 	5.93457e-06 	1.23806e-06 	0.000407071
25.8125 	5.63306e-06 	-1.54221e-06 	0.000417955
26.0 	8.25167e-06 	3.37985e-06 	0.000433424
26.125 	6.77911e-06 	-2.29569e-06 	0.000391484
26.25 	5.26466e-06 	-2.13438e-06 	0.000383096
26.375 	4.27346e-06 	1.17e-06 	0.000378108
26.5 	6.76116e-06 	-1.38584e-06 	0.000380715
26.5625 	5.64699e-06 	1.70453e-06 	0.000352573
26.625 	7.40924e-06 	1.99646e-06 	0.000343262
26.6875 	5.47812e-06 	-1.67711e-06 	0.000317306
26.875 	5.05219e-06 	1.67008e-06 	0.000333245
26.9375 	3.08638e-06 	2.19122e-07 	0.000368651
27.0 	5.01575e-06 	-1.49188e-06 	0.000381291
27.25 	8.13895e-06 	-2.73257e-06 	0.000405964
27.3125 	6.29e-06 	-1.81159e-06 	0.000407151
27.375 	5.14492e-06 	-1.52482e-06 	0.000410514
27.5 	4.02852e-06 	-5.15315e-07 	0.000385133
27.625 	4.98212e-06 	-1.43593e-06 	0.000342637
27.75 	5.03433e-06 	1.44357e-06 	0.000346907
27.8125 	3.09485e-06 	4.64578e-07 	0.00035097
28.0 	5.82291e-06 	-2.80051e-06 	0.000363985
28.0625 	6.79024e-06 	-1.30181e-06 	0.000375704
28.125 	5.50237e-06 	1.32065e-06 	0.000349407
28.3125 	4.59459e-06 	-1.4127e-06 	0.000367052
28.5 	7.29512e-06 	-7.851e-07 	0.000329294
28.625 	5.18022e-06 	-1.57741e-06 	0.000323006
28.6875 	6.11553e-06 	-2.89355e-06 	0.000307434
28.8125 	4.94414e-06 	-1.55615e-06 	0.000332002
28.875 	6.96631e-06 	-2.84461e-06 	0.000351837
28.9375 	6.98895e-06 	-2.27688e-06 	0.000383244
29.0 	4.01703e-06 	-8.20933e-07 	0.000377203
29.0625 	3.93001e-06 	-5.89943e-07 	0.000369516
29.125 	6.61091e-06 	3.35609e-06 	0.000371364
29.1875 	2.73734e-06 	5.34457e-08 	0.00033744
29.25 	6.22863e-06 	-1.23081e-06 	0.000320703
29.375 	6.85412e-06 	1.511e-06 	0.000309111
29.4375 	5.84306e-06 	6.68854e-08 	0.000322186
29.625 	5.97838e-06 	2.60555e-06 	0.000270843
29.6875 	5.3457e-06 	1.65664e-06 	0.000242271
29.75 	4.85027e-06 	-1.16243e-06 	0.000229834
29.9375 	7.83078e-06 	2.36956e-06 	0.000235924
30.125 	4.59815e-06 	-1.68207e-06 	0.000261553
30.25 	5.3268e-06 	1.61055e-06 	0.000281891
30.3125 	4.04086e-06 	-1.01747e-06 	0.000294157
30.375 	5.30731e-06 	-1.80084e-06 	0.000278608
30.4375 	5.95681e-06 	-2.75546e-06 	0.000287529
30.5 	5.22345e-06 	7.92729e-07 	0.000291428
30.5625 	7.86514e-06 	-3.51947e-06 	0.000269248
30.6875 	4.75233e-06 	6.91684e-07 	0.000259826
30.8125 	4.35604e-06 	1.55868e-06 	0.000273003
30.9375 	5.62047e-06 	-2.89655e-06 	0.000277168
31.1875 	6.17769e-06 	3.18313e-06 	0.000261027
31.25 	7.54708e-06 	3.04415e-06 	0.000266001
31.375 	5.20723e-06 	1.86682e-06 	0.000267518
31.625 	7.11518e-06 	2.38279e-06 	0.000246422
31.75 	5.23031e-06 	6.24595e-07 	0.000281622
31.8125 	5.37699e-06 	-2.35845e-06 	0.00029821
31.875 	5.22884e-06 	2.05001e-06 	0.000319255
32.0 	6.97546e-06 	-1.96814e-06 	0.00033991
32.125 	4.88275e-06 	-1.30332e-06 	0.000404359
32.1875 	6.21829e-06 	-9.28405e-07 	0.000366454
32.25 	7.65264e-06 	-2.91592e-06 	0.000360674
32.3125 	6.38572e-06 	-5.26309e-07 	0.000378829
32.4375 	7.07438e-06 	2.28767e-06 	0.000339751
32.5 	7.01973e-06 	2.71413e-06 	0.000325274
32.625 	5.5612e-06 	-1.46085e-06 	0.000333369
32.6875 	1.83026e-06 	8.26434e-08 	0.000355914
32.75 	5.69774e-06 	-2.93638e-06 	0.000361176
32.8125 	4.76083e-06 	-2.11019e-06 	0.000419608
32.875 	7.03884e-06 	-2.86617e-06 	0.000433721
33.0 	6.3923e-06 	1.06091e-06 	0.000440834
33.0625 	6.59804e-06 	-2.34062e-06 	0.000485663
33.125 	5.40048e-06 	1.32022e-06 	0.000500733
33.1875 	5.17475e-06 	-2.485e-06 	0.00042535
33.3125 	7.75313e-06 	-1.65305e-06 	0.000442217
33.375 	4.4405e-06 	1.00342e-06 	0.000435594
33.4375 	7.86645e-06 	3.0012e-06 	0.000454302
33.625 	5.9726e-06 	5.83466e-07 	0.000444184
33.6875 	5.66541e-06 	-1.75352e-06 	0.000426875
33.875 	4.11042e-06 	8.91715e-07 	0.000396198
33.9375 	6.82141e-06 	2.76271e-06 	0.000436364
34.125 	3.79829e-06 	5.33465e-07 	0.000453167
34.1875 	5.81127e-06 	2.95255e-06 	0.0004674
34.25 	6.22242e-06 	1.29582e-06 	0.00049533
34.3125 	4.83835e-06 	-1.75891e-06 	0.000497279
34.375 	4.6067e-06 	1.4056e-06 	0.000497203
34.5 	7.2513e-06 	-2.362e-06 	0.000492536
34.5625 	7.48822e-06 	-2.25123e-06 	0.000497258
34.625 	5.8826e-06 	1.34327e-06 	0.000498813
34.6875 	4.88302e-06 	-1.58473e-06 	0.000475946
34.875 	5.26855e-06 	-3.41252e-07 	0.000440995
34.9375 	4.33033e-06 	-6.95977e-07 	0.000426095
35.0625 	4.7437e-06 	-1.34851e-06 	0.000396186
35.125 	5.89119e-06 	2.01007e-06 	0.000378932
35.25 	4.65609e-06 	9.74011e-07 	0.000423693
35.3125 	3.83906e-06 	-9.47023e-07 	0.000409391
35.375 	6.67619e-06 	-1.95015e-06 	0.000390911
35.625 	3.27976e-06 	2.83627e-07 	0.000412178
35.6875 	7.29115e-06 	8.34152e-07 	0.000389792
35.75 	5.1436e-06 	-1.51966e-06 	0.000380863
35.8125 	5.30391e-06 	-1.72881e-06 	0.000386187
35.875 	6.48331e-06 	-1.18797e-06 	0.000405344
35.9375 	6.7487e-06 	-1.55021e-06 	0.000460589
36.0 	5.77037e-06 	1.47183e-06 	0.000476941
36.125 	8.17151e-06 	-1.38253e-06 	0.000514574
36.25 	5.81996e-06 	1.36488e-06 	0.000502243
36.4375 	8.03543e-06 	-2.8541e-06 	0.000486086
36.5 	5.67649e-06 	-2.82363e-06 	0.0005115
36.8125 	6.58103e-06 	-3.27779e-06 	0.000491774
36.875 	4.24555e-06 	1.1378e-06 	0.000467021
37.125 	6.29752e-06 	2.3089e-06 	0.00050368
37.1875 	3.82864e-06 	-1.11157e-06 	0.000495883
37.3125 	4.71599e-06 	-1.70266e-06 	0.000489778
37.4375 	4.86975e-06 	-1.89547e-06 	0.00047032
37.5 	4.14283e-06 	1.838e-06 	0.000485029
37.5625 	2.73411e-06 	1.39582e-07 	0.000530983
37.75 	3.42694e-06 	-1.46869e-06 	0.00053057
37.9375 	5.02898e-06 	1.62434e-06 	0.000567923
38.0 	3.53626e-06 	7.71846e-07 	0.000572661
38.0625 	7.6505e-06 	2.55382e-06 	0.000614825
38.125 	3.75471e-06 	-7.584e-07 	0.000606421
38.25 	5.67586e-06 	-1.66611e-06 	0.000625841
38.3125 	3.54395e-06 	-1.3043e-06 	0.00065233
38.4375 	7.15481e-06 	1.33087e-06 	0.000661125
38.5625 	7.86504e-06 	2.65488e-06 	0.000664916
38.6875 	4.57974e-06 	-1.39221e-06 	0.000681895
38.8125 	5.32372e-06 	1.57455e-06 	0.000690968
38.875 	7.96616e-06 	1.47022e-06 	0.000694533
38.9375 	5.63955e-06 	-2.87603e-06 	0.000692545
39.0 	7.7338e-06 	1.1914e-06 	0.000657229
39.0625 	6.94599e-06 	-1.33972e-06 	0.000650459
39.1875 	7.092e-06 	3.01468e-06 	0.000568856
39.25 	5.12433e-06 	-1.4919e-06 	0.000603449
39.3125 	3.23214e-06 	-8.13373e-07 	0.000605575
39.5625 	7.88469e-06 	-2.92358e-06 	0.00061073
39.625 	7.33918e-06 	2.65951e-06 	0.000563004
39.6875 	6.32229e-06 	-3.16521e-06 	0.000540441
39.75 	5.90514e-06 	-2.01223e-06 	0.00054202
39.875 	4.7793e-06 	8.92541e-07 	0.000508347
39.9375 	4.69096e-06 	5.70995e-07 	0.00057564
40.0 	5.76473e-06 	-1.91189e-06 	0.000589148
40.125 	8.0414e-06 	-3.21718e-06 	0.000587958
40.25 	7.77434e-06 	-3.52349e-06 	0.000588
40.3125 	4.22932e-06 	1.4693e-06 	0.000552794
40.4375 	3.00748e-06 	5.53927e-07 	0.000598179
40.5 	4.66062e-06 	1.52803e-06 	0.00059634
40.5625 	6.1329e-06 	2.48624e-06 	0.000549657
40.625 	5.12645e-06 	-2.19052e-06 	0.00052387
40.8125 	7.70487e-06 	-2.28695e-06 	0.000563269
40.9375 	4.68734e-06 	-1.4052e-06 	0.000569636
41.125 	7.46962e-06 	-2.25014e-06 	0.000516377
41.1875 	5.44998e-06 	1.68783e-06 	0.000539275
41.25 	6.7243e-06 	1.28136e-06 	0.000503402
41.3125 	4.01365e-06 	4.75376e-07 	0.000470092
41.4375 	5.44841e-06 	-1.34921e-06 	0.000481228
41.5 	6.94787e-06 	2.04835e-06 	0.000496442
41.6875 	4.51461e-06 	-1.44657e-06 	0.000458144
41.8125 	4.18852e-06 	-7.93258e-07 	0.000505192
41.9375 	5.00217e-06 	1.68255e-06 	0.000543492
42.0 	7.8604e-06 	-2.43844e-06 	0.000534856
42.25 	4.98117e-06 	1.80097e-06 	0.000569972
42.5 	4.94577e-06 	-1.78407e-06 	0.000554251
42.6875 	3.74943e-06 	5.61015e-07 	0.000557813
42.8125 	5.16989e-06 	-1.2259e-06 	0.00055549
42.875 	6.55025e-06 	2.01244e-06 	0.000575141
42.9375 	8.25499e-06 	-2.14669e-06 	0.000580281
43.0 	4.19797e-06 	-1.16858e-06 	0.000572158
43.0625 	5.52671e-06 	2.6608e-06 	0.00056534
43.1875 	7.95651e-06 	2.03865e-06 	0.000568726
43.3125 	6.45151e-06 	-2.16394e-06 	0.000539462
43.375 	5.31608e-06 	-2.59089e-06 	0.000532554
43.6875 	3.94109e-06 	-1.60144e-06 	0.000547033
43.9375 	5.77584e-06 	-2.33605e-06 	0.00061095
44.0 	7.29225e-06 	-2.31079e-06 	0.000617704
44.0625 	3.64159e-06 	-5.4936e-07 	0.000608309
44.125 	5.18826e-06 	5.51957e-07 	0.000608949
44.1875 	6.97895e-06 	3.07331e-06 	0.000618019
44.25 	5.76565e-06 	2.7859e-06 	0.000625652
44.3125 	6.79437e-06 	-2.66062e-06 	0.000628674
44.4375 	6.94109e-06 	2.76296e-06 	0.000643075
44.5625 	5.2218e-06 	2.08808e-06 	0.000661347
44.6875 	5.5963e-06 	2.7426e-06 	0.00067173
44.8125 	4.03017e-06 	-1.15766e-06 	0.000643329
44.875 	3.58842e-06 	-3.94615e-07 	0.00068563
44.9375 	3.89284e-06 	7.08844e-07 	0.000711343
45.0 	7.98897e-06 	-1.33175e-06 	0.000722247
45.1875 	4.72774e-06 	-1.55407e-06 	0.000709871
45.3125 	6.31149e-06 	1.91215e-06 	0.000682631
45.5 	7.83219e-06 	2.75526e-06 	0.000623168
45.625 	7.85062e-06 	-1.15297e-06 	0.000634767
45.6875 	7.6985e-06 	-2.57046e-06 	0.000613764
45.75 	6.25239e-06 	9.9114e-07 	0.000648624
46.0 	5.9968e-06 	-2.63686e-06 	0.000645699
46.0625 	7.47176e-06 	2.12464e-06 	0.000643782
46.3125 	5.19927e-06 	-2.52509e-06 	0.000623924
46.5625 	4.94602e-06 	1.56597e-06 	0.000650167
46.625 	5.44742e-06 	-2.71771e-06 	0.00065962
46.6875 	5.01014e-06 	1.62147e-06 	0.000686893
46.75 	7.88653e-06 	-8.24479e-07 	0.000655021
46.875 	4.92751e-06 	-6.95794e-07 	0.000644292
47.0 	6.0451e-06 	-1.7043e-06 	0.000609313
47.0625 	5.70504e-06 	-2.24182e-06 	0.000626141
47.125 	6.49163e-06 	-3.21361e-06 	0.000623314
47.1875 	4.72222e-06 	-1.66828e-06 	0.000615196
47.25 	7.65141e-06 	1.93656e-06 	0.000602461
47.375 	5.8169e-06 	-1.5505e-06 	0.000598756
47.5 	5.38177e-06 	1.37326e-06 	0.000666732
47.5625 	5.53675e-06 	1.94597e-06 	0.000640867
47.625 	7.71791e-06 	2.97987e-06 	0.000637904
47.8125 	4.2864e-06 	1.31596e-06 	0.000559016
48.0625 	4.06613e-06 	-1.11343e-06 	0.000599644
48.1875 	5.34389e-06 	-2.51075e-06 	0.000610806
48.25 	5.73896e-06 	2.25061e-06 	0.000654033
48.3125 	4.85789e-06 	1.40219e-06 	0.000638784
48.4375 	7.7746e-06 	-2.69081e-06 	0.00065542
48.5625 	7.91979e-06 	3.01603e-06 	0.000693488
48.75 	7.06362e-06 	-1.24779e-06 	0.000737874
48.8125 	5.33073e-06 	-1.56729e-06 	0.000740153
48.9375 	5.15892e-06 	1.65668e-06 	0.000786689
49.0 	6.07907e-06 	1.28861e-06 	0.000786387
49.25 	8.28439e-06 	2.57976e-06 	0.000775576
49.3125 	7.14048e-06 	-1.76511e-06 	0.000783419
49.375 	4.2162e-06 	6.22382e-07 	0.000791971
49.4375 	5.31693e-06 	-1.44031e-06 	0.000763188
49.5625 	5.81011e-06 	-1.80873e-06 	0.000791091
49.6875 	7.0972e-06 	-2.35796e-06 	0.000803575
49.75 	4.87777e-06 	-1.29929e-06 	0.000800806
50.0625 	5.55403e-06 	1.69886e-06 	0.000816179
50.25 	4.4319e-06 	4.88367e-07 	0.000853022
50.3125 	5.35861e-06 	-1.68128e-06 	0.000849732
50.375 	6.11911e-06 	-3.02986e-06 	0.000890717
50.4375 	5.22172e-06 	1.91671e-06 	0.000933794
50.5625 	6.82094e-06 	5.00648e-07 	0.000917086
50.625 	7.22957e-06 	-1.50236e-06 	0.000924233
50.75 	7.74922e-06 	-2.04782e-06 	0.000886747
50.8125 	5.99081e-06 	-3.12549e-06 	0.000901548
50.875 	6.99724e-06 	1.90002e-06 	0.000893934
50.9375 	6.01887e-06 	2.77799e-06 	0.000896301
51.0 	6.84621e-06 	-2.60407e-06 	0.00092016
51.125 	4.68679e-06 	-1.56453e-06 	0.000923714
51.1875 	4.18022e-06 	1.11895e-06 	0.000925504
51.25 	4.69216e-06 	-1.39568e-06 	0.000919099
51.3125 	4.42337e-06 	5.77193e-07 	0.000932835
51.375 	6.40512e-06 	5.35671e-07 	0.000918277
51.4375 	6.56147e-06 	-1.12358e-06 	0.000908656
51.5 	6.15211e-06 	2.65439e-06 	0.000919901
51.625 	5.81451e-06 	-1.69479e-06 	0.000925969
51.6875 	2.88817e-06 	7.4766e-07 	0.000954076
51.8125 	5.39016e-06 	1.65502e-06 	0.000964952
52.0 	5.46615e-06 	-1.96976e-06 	0.00100315
52.0625 	4.87798e-06 	-1.91812e-06 	0.00100864
52.1875 	5.13913e-06 	-1.66647e-06 	0.00100111
52.3125 	6.56951e-06 	-1.09873e-06 	0.00102559
52.5 	4.26805e-06 	3.70668e-07 	0.00099811
52.625 	6.33726e-06 	-1.66281e-06 	0.00103667
52.75 	7.76292e-06 	1.58228e-06 	0.00107129
52.8125 	3.4935e-06 	-6.61187e-07 	0.00108701
52.9375 	6.32808e-06 	-1.97666e-06 	0.00105732
53.1875 	4.49997e-06 	1.22442e-06 	0.000979958
53.25 	5.74002e-06 	-2.74169e-06 	0.000988106
53.3125 	7.71434e-06 	-2.57347e-06 	0.000988123
53.5 	5.75832e-06 	-1.48685e-06 	0.000999338
53.5625 	5.626e-06 	-1.66023e-06 	0.0010117
53.625 	5.93846e-06 	-2.90703e-06 	0.000997599
53.6875 	4.27535e-06 	1.18739e-06 	0.00100554
53.75 	2.1527e-06 	-5.35635e-08 	0.00103579
53.875 	8.00674e-06 	3.20727e-06 	0.00100272
54.0 	5.39611e-06 	1.61564e-06 	0.00101196
54.0625 	5.29923e-06 	-1.42407e-06 	0.000969947
54.1875 	7.98113e-06 	-2.91103e-06 	0.000976147
54.25 	7.06388e-06 	-1.3597e-06 	0.00104729
54.3125 	8.04787e-06 	-2.37427e-06 	0.000975728
54.375 	4.53457e-06 	1.43553e-06 	0.000983518
54.4375 	8.4293e-06 	2.11008e-06 	0.000967763
54.6875 	6.48097e-06 	2.6907e-07 	0.000971895
54.8125 	3.91349e-06 	-1.24679e-06 	0.000938546
54.875 	5.24767e-06 	1.80556e-06 	0.0010017
54.9375 	5.4055e-06 	2.69851e-06 	0.000983203
55.0 	4.07367e-06 	1.15594e-06 	0.00095481
55.125 	5.95388e-06 	-2.59195e-06 	0.000937309
55.3125 	5.91056e-06 	2.88476e-06 	0.000954451
55.4375 	6.78835e-06 	1.28419e-06 	0.00100995
55.5 	5.80223e-06 	-1.03727e-06 	0.00099294
55.6875 	4.27649e-06 	-7.10329e-07 	0.00102023
55.75 	6.82711e-06 	6.35727e-07 	0.00101595
55.875 	6.91523e-06 	3.58926e-06 	0.00101839
55.9375 	2.69237e-06 	8.71522e-08 	0.00102273
56.0 	4.47434e-06 	1.06912e-06 	0.00102972
56.0625 	3.50194e-06 	-6.94395e-07 	0.00103683
56.3125 	7.18655e-06 	-1.53152e-06 	0.0010509
56.375 	5.72268e-06 	1.99103e-06 	0.00111507
56.4375 	4.80205e-06 	-1.57019e-06 	0.00110537
56.5625 	5.26412e-06 	1.53801e-06 	0.00114222
56.6875 	5.56903e-06 	-1.22536e-06 	0.00111441
56.75 	6.37936e-06 	-9.97297e-07 	0.00111808
56.8125 	3.86394e-06 	-9.52523e-07 	0.00115531
56.9375 	6.78976e-06 	-1.73152e-06 	0.00117677
57.0 	3.01328e-06 	-1.42532e-07 	0.001174
57.0625 	6.59635e-06 	1.55474e-06 	0.00117737
57.1875 	5.37772e-06 	1.41044e-06 	0.00123423
57.25 	4.474e-06 	7.06333e-07 	0.00125326
57.3125 	5.0688e-06 	2.20634e-06 	0.00128055
57.4375 	5.70972e-06 	-2.75992e-06 	0.00128048
57.6875 	7.5638e-06 	-2.54421e-06 	0.00134833
57.8125 	6.24044e-06 	-1.14227e-06 	0.00133791
58.0 	5.02928e-06 	-1.31606e-06 	0.00135075
58.0625 	7.118e-06 	-2.14948e-06 	0.00134754
58.125 	4.68595e-06 	1.26577e-06 	0.0013379
58.1875 	2.58084e-06 	-1.37708e-07 	0.00134025
58.25 	6.74032e-06 	-1.2789e-06 	0.0013425
58.3125 	3.98533e-06 	1.28711e-06 	0.00132198
58.4375 	4.71735e-06 	1.2489e-06 	0.00128516
58.5625 	5.42105e-06 	1.59313e-06 	0.00129894
58.6875 	5.53901e-06 	-1.73679e-06 	0.00135022
58.8125 	7.06136e-06 	-2.74579e-06 	0.0013408
58.875 	4.33042e-06 	1.10537e-06 	0.00128581
58.9375 	6.74391e-06 	1.29629e-06 	0.00125621
59.0 	5.56224e-06 	-1.17855e-07 	0.00127845
59.125 	7.84596e-06 	3.32318e-06 	0.00130452
59.25 	6.10331e-06 	-2.00971e-06 	0.00131609
59.3125 	5.37436e-06 	-1.45009e-06 	0.00128635
59.375 	5.7546e-06 	-1.71633e-06 	0.00130296
59.5 	5.45449e-06 	1.58234e-06 	0.00130507
59.6875 	5.33509e-06 	1.69682e-06 	0.00133011
59.8125 	4.67022e-06 	1.97766e-06 	0.00129402
59.875 	4.09403e-06 	1.2591e-06 	0.00132973
59.9375 	5.37771e-06 	-5.44956e-07 	0.00134305
60.375 	7.72086e-06 	-1.54365e-06 	0.00135595
60.4375 	4.79426e-06 	1.53721e-06 	0.00131353
60.5625 	4.8012e-06 	8.00889e-07 	0.00138868
60.625 	5.84087e-06 	-2.22912e-06 	0.00137015
60.875 	4.84023e-06 	1.71312e-06 	0.00141164
61.0 	6.86051e-06 	-1.17791e-06 	0.00144051
61.125 	5.38653e-06 	-1.43514e-06 	0.00146675
61.1875 	7.20158e-06 	1.9164e-06 	0.00142837
61.25 	7.46231e-06 	2.70127e-06 	0.00146154
61.4375 	5.31125e-06 	-1.76775e-06 	0.00144551
61.5 	4.97215e-06 	-1.73057e-06 	0.00147455
61.625 	8.09589e-06 	-3.01037e-06 	0.00146168
61.6875 	5.27718e-06 	-1.72996e-06 	0.00146846
61.8125 	3.30558e-06 	-1.16934e-07 	0.0014403
61.9375 	5.67516e-06 	1.10126e-06 	0.00143122
62.125 	5.23593e-06 	-9.76727e-07 	0.0014469
62.1875 	3.52783e-06 	-1.69276e-07 	0.00144951
62.25 	4.65729e-06 	-1.84813e-06 	0.00143818
62.375 	5.89556e-06 	7.74332e-07 	0.00146288
62.5 	8.04242e-06 	2.61477e-06 	0.00147557
62.5625 	7.6623e-06 	-2.0307e-06 	0.00148352
62.875 	4.3657e-06 	1.45962e-06 	0.00145686
62.9375 	7.52008e-06 	-1.36845e-06 	0.00145335
63.0 	5.83825e-06 	8.61813e-07 	0.0014164
63.25 	5.68343e-06 	1.14904e-06 	0.00143243
63.4375 	4.23322e-06 	1.12845e-06 	0.00142181
63.5625 	7.63816e-06 	-2.17066e-06 	0.00143758
63.8125 	4.51773e-06 	-1.05658e-06 	0.00145709
63.9375 	5.02715e-06 	-1.19535e-06 	0.00144771
64.0 	7.74546e-06 	-1.1867e-06 	0.00145983
64.25 	4.88173e-06 	-1.67883e-06 	0.0014913
64.4375 	5.63149e-06 	1.82725e-06 	0.00152568
64.5625 	4.4993e-06 	-6.78723e-07 	0.00153309
64.6875 	5.07965e-06 	-1.74528e-06 	0.00151428
64.75 	5.67072e-06 	1.18285e-06 	0.00149594
64.8125 	5.39458e-06 	-1.37137e-06 	0.00145154
64.875 	5.76745e-06 	2.74011e-06 	0.00147621
64.9375 	6.34236e-06 	1.98437e-06 	0.00146987
65.0 	5.75588e-06 	-9.79204e-07 	0.00146725
65.0625 	6.12324e-06 	1.72121e-06 	0.00150058
65.125 	7.6857e-06 	2.63749e-06 	0.00151439
65.625 	5.04799e-06 	1.36243e-06 	0.00154897
65.8125 	7.46455e-06 	-1.46491e-06 	0.00152145
65.9375 	6.50178e-06 	2.22223e-06 	0.00149216
66.0 	5.75327e-06 	2.87867e-06 	0.00153565
66.0625 	5.93681e-06 	-2.22858e-06 	0.0015347
66.3125 	5.69059e-06 	2.3625e-06 	0.00155853
66.5 	4.28347e-06 	-1.35182e-06 	0.0015504
66.75 	7.18372e-06 	-1.73592e-06 	0.00160184
66.8125 	5.31981e-06 	-2.09328e-06 	0.00157456
66.875 	5.41665e-06 	-1.83511e-06 	0.00155748
66.9375 	4.9585e-06 	1.61873e-06 	0.00158231
67.25 	3.64009e-06 	6.40173e-07 	0.00165268
67.375 	4.67245e-06 	-1.46762e-06 	0.00168246
67.4375 	7.85278e-06 	-2.78428e-06 	0.00167325
67.5 	6.02308e-06 	1.11582e-06 	0.00167905
67.8125 	3.53024e-06 	-4.08113e-07 	0.00166319
67.875 	7.93715e-06 	1.12904e-06 	0.00165127
67.9375 	7.93958e-06 	7.97818e-07 	0.00164767
68.0 	4.78166e-06 	1.39814e-06 	0.00165703
68.0625 	5.46069e-06 	4.65707e-07 	0.00161211
68.125 	5.5336e-06 	2.78768e-06 	0.00161717
68.1875 	5.33207e-06 	-1.27802e-06 	0.00161168
68.3125 	3.93951e-06 	9.2654e-07 	0.00161466
68.375 	7.98235e-06 	-3.02825e-06 	0.00160177
68.4375 	4.77817e-06 	1.41231e-06 	0.00158171
68.5625 	4.74524e-06 	1.45168e-06 	0.00156693
68.6875 	4.63529e-06 	1.28626e-06 	0.00157556
68.75 	6.39069e-06 	5.33101e-07 	0.00153523
68.8125 	5.19221e-06 	1.47188e-06 	0.0015637
68.9375 	6.4792e-06 	-1.29391e-06 	0.00155553
69.125 	6.88571e-06 	1.19241e-06 	0.00153685
69.1875 	4.35102e-06 	1.19306e-06 	0.00151079
69.25 	6.63749e-06 	-1.15343e-06 	0.00151103
69.3125 	6.94295e-06 	-2.46576e-06 	0.00152202
69.4375 	5.00974e-06 	-1.19815e-06 	0.00153533
69.5 	5.02398e-06 	-1.21753e-06 	0.00152283
69.75 	4.06924e-06 	-1.65976e-06 	0.00151925
69.8125 	4.40168e-06 	-1.29032e-06 	0.0015041
69.875 	5.11681e-06 	1.49868e-06 	0.00153168
69.9375 	5.24227e-06 	1.48639e-06 	0.0015138
