# time 	Local 	Global 	Cumulative
0.333274 	3.80019e-06 	1.31002e-06 	3.6405e-07
0.579973 	5.42637e-06 	1.3868e-06 	6.3889e-06
0.642226 	7.1771e-06 	2.67009e-06 	6.08501e-06
0.70448 	5.42397e-06 	-1.97125e-07 	2.94601e-05
0.766734 	6.63247e-06 	-1.10342e-06 	9.5073e-06
0.828988 	6.25312e-06 	-1.25969e-06 	1.84963e-05
1.01575 	5.81755e-06 	-1.46819e-06 	-8.18811e-06
1.26477 	6.55394e-06 	-1.64404e-06 	-1.48204e-05
1.38927 	5.16019e-06 	1.38908e-06 	-1.26388e-06
1.45153 	6.83764e-06 	1.79215e-06 	-2.92974e-05
1.51378 	8.17008e-06 	2.66434e-06 	-5.69567e-05
1.57604 	7.36466e-06 	1.70959e-06 	-1.8842e-05
1.7628 	6.17262e-06 	2.36487e-06 	4.09502e-05
1.8873 	7.97294e-06 	3.31413e-06 	6.61236e-05
1.94956 	6.67392e-06 	2.22016e-06 	6.70286e-05
2.07407 	7.05265e-06 	-2.09473e-06 	0.000113178
2.19857 	4.5484e-06 	4.47013e-07 	7.95008e-05
2.26083 	6.57789e-06 	-2.53183e-06 	8.12579e-05
2.32308 	8.06753e-06 	1.84023e-06 	6.54073e-05
2.38534 	7.02459e-06 	-2.02461e-06 	0.000104989
2.44759 	6.92601e-06 	-1.29833e-06 	0.000157515
2.63435 	7.97795e-06 	2.81581e-06 	0.000172125
2.69661 	4.63372e-06 	-2.21201e-06 	0.000214566
2.88337 	8.15801e-06 	2.58977e-06 	0.000231083
2.94562 	2.53793e-06 	2.40165e-08 	0.000247167
3.07013 	7.5674e-06 	-2.39304e-06 	0.000223457
3.19464 	5.0238e-06 	-2.61174e-06 	0.000234447
3.25689 	5.17553e-06 	1.69456e-06 	0.00025936
3.31914 	8.0696e-06 	-1.32783e-06 	0.000243255
3.3814 	6.84299e-06 	-2.4379e-06 	0.000271766
3.44365 	6.56795e-06 	-2.3315e-06 	0.000253894
3.50591 	7.06709e-06 	-8.02417e-07 	0.000250054
3.69267 	5.17836e-06 	-2.30623e-06 	0.000240012
3.75492 	3.31058e-06 	4.04338e-07 	0.000240451
3.81718 	6.15788e-06 	2.62109e-07 	0.000232966
3.87943 	4.40646e-06 	7.30683e-07 	0.000210766
4.00394 	6.19217e-06 	-2.98199e-06 	0.000203408
4.06619 	4.41599e-06 	-1.40552e-06 	0.000206243
4.12845 	3.82256e-06 	-5.73492e-07 	0.000219282
4.1907 	5.32917e-06 	-1.9611e-06 	0.000253099
4.25295 	6.26559e-06 	2.245e-06 	0.000246573
4.31521 	4.61867e-06 	9.66526e-07 	0.000231219
4.37746 	7.16312e-06 	2.69716e-06 	0.000233434
4.50197 	3.96776e-06 	8.155e-07 	0.000252337
4.56422 	4.27272e-06 	1.92666e-06 	0.00024788
4.62648 	5.17601e-06 	2.28953e-07 	0.000227924
4.68873 	5.36376e-06 	9.79741e-07 	0.00021565
4.81324 	5.15156e-06 	-1.87721e-06 	0.000191772
4.93775 	5.45567e-06 	-6.44817e-07 	0.000210004
5.0 	5.62997e-06 	1.41274e-06 	0.000228089
5.0625 	7.28736e-06 	-3.64718e-06 	0.000218397
5.125 	7.43719e-06 	2.91309e-06 	0.000205612
5.25 	4.47922e-06 	-1.2576e-06 	0.000243392
5.375 	4.83556e-06 	1.30208e-06 	0.000263651
5.5 	4.49516e-06 	1.20891e-06 	0.000248616
5.5625 	5.07026e-06 	-1.40317e-06 	0.000274616
5.625 	6.51353e-06 	-2.15345e-06 	0.000309942
5.6875 	8.1191e-06 	2.71638e-06 	0.000296761
5.75 	5.98255e-06 	-1.19989e-06 	0.000287813
5.8125 	6.93839e-06 	-3.29227e-06 	0.000277828
5.875 	5.1843e-06 	-1.2705e-06 	0.000291813
5.9375 	5.26519e-06 	1.31751e-06 	0.000306442
6.0 	4.60928e-06 	1.57927e-06 	0.000305681
6.1875 	4.20443e-06 	1.68767e-06 	0.000356707
6.25 	5.42834e-06 	-1.94096e-06 	0.000366458
6.4375 	6.41918e-06 	-2.2101e-06 	0.00038054
6.75 	7.20582e-06 	9.8522e-07 	0.000356536
6.8125 	4.8911e-06 	5.25834e-07 	0.000337424
6.9375 	3.67844e-06 	-4.11173e-07 	0.000307216
7.125 	4.32084e-06 	-1.30313e-06 	0.000306415
7.1875 	3.72292e-06 	1.4633e-06 	0.000292645
7.25 	5.11606e-06 	-7.14941e-07 	0.000297299
7.4375 	5.3472e-06 	-1.76433e-06 	0.000283449
7.5625 	6.77704e-06 	-2.40402e-06 	0.000309927
7.625 	6.38354e-06 	1.91664e-06 	0.000340161
7.6875 	5.09536e-06 	-2.1478e-06 	0.000354863
7.8125 	4.54499e-06 	-1.33087e-06 	0.000376887
7.9375 	5.24926e-06 	1.80526e-06 	0.000371804
8.0 	5.20517e-06 	-1.5029e-06 	0.000381145
8.0625 	6.90298e-06 	1.25622e-06 	0.000358327
8.125 	5.43181e-06 	-1.54335e-06 	0.000363632
8.25 	6.63255e-06 	2.20355e-06 	0.00035707
8.3125 	4.13153e-06 	-6.11901e-07 	0.000311802
8.4375 	5.80558e-06 	-2.5416e-06 	0.000314727
8.5 	4.41003e-06 	1.28694e-06 	0.000288644
8.5625 	3.70296e-06 	6.80971e-08 	0.00026745
8.8125 	6.95507e-06 	-1.22647e-06 	0.000231247
8.9375 	7.41968e-06 	-1.58753e-06 	0.000196758
9.0 	5.31302e-06 	-7.25822e-07 	0.000246866
9.1875 	7.31561e-06 	-2.13987e-06 	0.000218759
9.25 	4.45131e-06 	-9.03215e-07 	0.000264017
9.3125 	4.13682e-06 	-1.33056e-06 	0.000251563
9.375 	4.91558e-06 	1.34989e-06 	0.000231345
9.4375 	5.02778e-06 	-2.31181e-06 	0.0001968
9.5625 	4.36037e-06 	-6.14473e-07 	0.000178755
9.625 	6.56097e-06 	1.26553e-06 	0.000168045
9.6875 	4.72209e-06 	-1.28959e-06 	0.000196156
9.8125 	7.40715e-06 	-1.87357e-06 	0.000208995
9.9375 	5.23454e-06 	-1.64957e-06 	0.00025535
10.0 	6.22075e-06 	-1.94212e-06 	0.00022312
10.0625 	7.9833e-06 	-1.14279e-06 	0.000220197
10.1875 	4.6965e-06 	-1.2177e-06 	0.000199317
10.3125 	5.76293e-06 	1.48386e-06 	0.000211526
10.625 	4.07908e-06 	8.8299e-07 	0.000217852
10.6875 	4.38501e-06 	1.01958e-06 	0.000191821
10.75 	6.33297e-06 	-5.43914e-07 	0.000203525
10.8125 	5.96694e-06 	1.51204e-06 	0.000177991
10.875 	6.82101e-06 	-9.90535e-07 	0.000196478
11.0 	5.4246e-06 	-1.25368e-06 	0.00023876
11.0625 	6.98121e-06 	-1.99041e-06 	0.000234207
11.1875 	4.39591e-06 	-1.49665e-06 	0.000238767
11.625 	6.79818e-06 	-1.91312e-06 	0.000279572
11.6875 	5.22405e-06 	1.47844e-06 	0.000264944
11.75 	8.22386e-06 	2.76475e-06 	0.000269224
11.8125 	5.64322e-06 	8.33792e-07 	0.000270896
11.875 	4.18264e-06 	1.27358e-06 	0.000275037
11.9375 	5.81029e-06 	3.24515e-07 	0.000288661
12.0 	4.24428e-06 	-1.35541e-06 	0.00027252
12.0625 	7.67364e-06 	-1.46812e-06 	0.000240314
12.1875 	7.79992e-06 	-3.20175e-06 	0.000217114
12.3125 	4.61792e-06 	1.27375e-06 	0.000249625
12.375 	5.04682e-06 	1.69656e-06 	0.000225747
12.625 	7.66763e-06 	2.588e-06 	0.000224791
12.6875 	4.48853e-06 	1.46564e-06 	0.000241088
12.8125 	4.50607e-06 	1.50344e-06 	0.000227241
12.875 	5.82165e-06 	2.86166e-06 	0.000204836
13.0 	5.09616e-06 	1.24018e-06 	0.000164983
13.0625 	6.94173e-06 	2.0458e-06 	0.00016903
13.1875 	7.52307e-06 	2.30621e-06 	0.000164953
13.25 	4.63514e-06 	9.47163e-07 	0.000158167
13.375 	5.23694e-06 	1.65151e-06 	0.000165991
13.4375 	6.71382e-06 	9.17773e-07 	0.000154437
13.5625 	6.08814e-06 	-3.12613e-06 	0.000179536
13.625 	5.59532e-06 	-1.95104e-06 	0.000203968
13.6875 	5.8577e-06 	-1.73403e-06 	0.00023193
14.0 	4.66967e-06 	1.59947e-06 	0.000244325
14.0625 	4.76811e-06 	1.40217e-06 	0.000265892
14.125 	6.20452e-06 	3.1173e-06 	0.000262372
14.1875 	4.65127e-06 	-1.27946e-06 	0.000307219
14.3125 	4.64333e-06 	-1.58463e-06 	0.000289665
14.375 	5.89555e-06 	-2.05799e-06 	0.000290116
14.4375 	8.03555e-06 	-1.24028e-06 	0.000283473
14.5 	3.29854e-06 	3.79689e-07 	0.000232264
14.625 	4.7424e-06 	-1.26866e-06 	0.000256862
14.6875 	4.8973e-06 	-1.45007e-06 	0.000211284
14.75 	6.74533e-06 	-2.50341e-06 	0.000191651
14.8125 	4.60509e-06 	-1.28278e-06 	0.000202669
14.9375 	3.34148e-06 	-5.50059e-07 	0.000200649
15.0 	5.60418e-06 	2.72865e-06 	0.000216269
15.1875 	6.95607e-06 	-7.81542e-07 	0.000218971
15.25 	7.08516e-06 	2.27446e-06 	0.00020163
15.3125 	8.20914e-06 	2.73651e-06 	0.00017769
15.375 	5.54568e-06 	-1.22287e-06 	0.000136324
15.4375 	7.93078e-06 	-2.25984e-06 	0.000161866
15.5 	4.24593e-06 	-1.13315e-06 	0.000163964
15.75 	5.82855e-06 	-2.03584e-06 	0.0001602
15.8125 	8.20197e-06 	1.512e-06 	0.000207448
15.875 	6.68466e-06 	2.35864e-06 	0.000224882
15.9375 	5.38984e-06 	1.274e-06 	0.000235892
16.0 	7.89578e-06 	3.084e-06 	0.000260928
16.0625 	3.88807e-06 	1.27724e-06 	0.000284199
16.125 	7.63768e-06 	-1.40707e-06 	0.000336907
16.1875 	5.30926e-06 	-1.62685e-06 	0.000314077
16.25 	6.25535e-06 	-2.39957e-06 	0.000275228
16.3125 	8.07657e-06 	2.20863e-06 	0.000253622
16.375 	5.70935e-06 	-2.69064e-06 	0.000259989
16.4375 	4.68066e-06 	1.14192e-06 	0.000282322
16.5 	5.30928e-06 	1.34037e-06 	0.000272924
16.625 	4.46356e-06 	-1.08404e-06 	0.000225317
16.75 	7.43373e-06 	-2.89192e-06 	0.00024901
16.8125 	5.63423e-06 	1.69968e-06 	0.000243157
16.9375 	8.38902e-06 	2.24663e-06 	0.00029411
17.25 	7.57391e-06 	1.3559e-06 	0.000314213
17.3125 	5.37226e-06 	-9.93818e-07 	0.000296448
17.375 	5.06351e-06 	1.30347e-06 	0.000332449
17.4375 	5.53258e-06 	1.67671e-06 	0.000311292
17.5625 	7.57233e-06 	2.58141e-06 	0.00028356
17.625 	7.31006e-06 	1.05147e-06 	0.000305837
17.6875 	5.96113e-06 	-1.66382e-06 	0.000325323
17.75 	2.54275e-06 	4.2451e-07 	0.000325879
18.0 	4.16711e-06 	8.02742e-07 	0.000362077
18.0625 	5.89597e-06 	-1.39416e-06 	0.00036471
18.1875 	7.38072e-06 	2.40104e-06 	0.000338736
18.25 	4.42667e-06 	-1.1685e-06 	0.000316049
18.375 	7.03428e-06 	-6.21171e-07 	0.000331903
18.4375 	8.20761e-06 	2.15658e-06 	0.000330125
18.5625 	5.91511e-06 	-2.68428e-06 	0.000311314
18.625 	4.13004e-06 	8.22899e-07 	0.000321636
18.8125 	7.26976e-06 	1.93476e-06 	0.000350631
18.875 	5.61439e-06 	2.29047e-06 	0.000404438
18.9375 	4.6666e-06 	1.02571e-06 	0.000368106
19.125 	8.06757e-06 	-2.54416e-06 	0.000379486
19.25 	6.65805e-06 	1.48668e-06 	0.000371507
19.4375 	6.00555e-06 	-6.18596e-07 	0.000421152
19.5 	7.79656e-06 	-2.43348e-06 	0.000399575
19.625 	7.69609e-06 	-5.76031e-07 	0.000404639
19.6875 	4.88025e-06 	1.53653e-06 	0.000402725
19.75 	7.34755e-06 	1.77446e-06 	0.00043399
19.9375 	7.48942e-06 	-1.46457e-06 	0.000374387
20.0 	5.07923e-06 	1.18711e-06 	0.000371782
20.0625 	7.37967e-06 	-2.19687e-06 	0.000392418
20.125 	5.27782e-06 	1.92567e-06 	0.000393571
20.1875 	7.1817e-06 	-1.57898e-06 	0.000402301
20.25 	3.48071e-06 	-4.73884e-07 	0.000411256
20.375 	6.95469e-06 	-6.89549e-07 	0.000412599
20.4375 	4.31733e-06 	-9.98062e-07 	0.000439844
20.5 	6.27075e-06 	-2.24193e-06 	0.00045423
20.5625 	5.60379e-06 	1.88494e-06 	0.000436173
20.625 	4.67451e-06 	1.60924e-06 	0.000407396
20.6875 	8.00811e-06 	2.30972e-06 	0.00041529
20.75 	7.0227e-06 	2.42458e-06 	0.000351115
21.0 	8.02168e-06 	3.21105e-06 	0.000406081
21.0625 	5.49106e-06 	-1.96098e-06 	0.000375645
21.1875 	7.27524e-06 	-3.58607e-06 	0.000336246
21.3125 	5.40535e-06 	1.65399e-06 	0.000281275
21.375 	7.75182e-06 	-2.73989e-06 	0.000280767
21.5625 	2.91839e-06 	-1.9793e-07 	0.000280258
21.625 	7.78342e-06 	2.68924e-06 	0.000260144
21.75 	4.73335e-06 	-1.50832e-06 	0.00023465
21.8125 	5.75648e-06 	-5.66438e-07 	0.000225416
21.875 	6.60403e-06 	-1.16616e-06 	0.000162046
21.9375 	5.45487e-06 	-1.64009e-06 	0.000157779
22.125 	6.24534e-06 	9.96396e-07 	0.000165541
22.1875 	4.87456e-06 	-1.36672e-06 	0.00015668
22.25 	5.70386e-06 	-1.23356e-06 	0.000151825
22.3125 	7.2719e-06 	-2.63046e-06 	0.00017726
22.375 	6.88429e-06 	-2.23922e-06 	0.00016979
22.8125 	5.49228e-06 	1.63663e-06 	0.00018971
22.9375 	5.74905e-06 	-2.79896e-06 	0.000166822
23.0 	3.98817e-06 	6.85593e-07 	0.000151384
23.125 	7.17754e-06 	-1.46062e-06 	0.000151509
23.1875 	6.00996e-06 	-3.04144e-06 	0.000140947
23.3125 	5.40533e-06 	1.63471e-06 	0.000168984
23.375 	7.63575e-06 	2.08858e-06 	0.00018805
23.4375 	5.83163e-06 	2.49314e-06 	0.000210818
23.6875 	5.47103e-06 	-7.9087e-07 	0.000218536
23.8125 	6.42919e-06 	1.47404e-06 	0.000211044
23.875 	5.50063e-06 	1.2205e-06 	0.00014458
24.0 	4.77056e-06 	-2.19842e-06 	0.000164457
24.0625 	5.40949e-06 	2.01927e-06 	0.000201415
24.3125 	3.3816e-06 	-3.67471e-07 	0.000234096
24.375 	6.35166e-06 	1.68837e-06 	0.000246908
24.4375 	5.18305e-06 	1.53186e-06 	0.000260743
24.5625 	4.7243e-06 	-1.57459e-06 	0.000233626
24.625 	5.42499e-06 	-2.64491e-06 	0.000232884
24.6875 	4.60529e-06 	1.31761e-06 	0.000239787
24.75 	7.41937e-06 	1.77391e-06 	0.000230991
24.8125 	7.05038e-06 	2.27809e-06 	0.000225335
25.0 	5.4525e-06 	1.46867e-06 	0.000242195
25.0625 	5.3701e-06 	-2.44128e-06 	0.000253216
25.125 	5.08233e-06 	-1.42241e-06 	0.000301172
25.25 	7.19362e-06 	-2.63563e-06 	0.000274789
25.3125 	7.89098e-06 	2.49905e-06 	0.000270393
25.625 	4.80326e-06 	-1.62963e-06 	0.000355212
25.6875 	4.18838e-06 	-1.71567e-06 	0.000369004
25.75 	4.20365e-06 	6.66741e-07 	0.000401096
25.8125 	4.67583e-06 	-1.31158e-06 	0.000423495
25.875 	7.23005e-06 	-2.01603e-07 	0.000412772
26.0 	4.84098e-06 	-1.2772e-06 	0.000429228
26.125 	5.2636e-06 	-2.84012e-06 	0.000385388
26.25 	4.77695e-06 	-1.69945e-06 	0.000388222
26.3125 	3.47498e-06 	-5.14704e-07 	0.000344508
26.375 	5.62985e-06 	1.54318e-06 	0.000368993
26.5 	5.21434e-06 	-1.25094e-06 	0.000378319
26.5625 	4.91927e-06 	1.49728e-06 	0.000352001
26.625 	4.14442e-06 	1.20241e-06 	0.00034774
26.6875 	2.27764e-06 	6.16425e-08 	0.000317924
26.875 	5.85688e-06 	-1.75879e-06 	0.000318147
26.9375 	5.2746e-06 	1.35497e-06 	0.000371842
27.0 	5.74229e-06 	2.072e-06 	0.000395749
27.25 	4.89352e-06 	1.97768e-06 	0.000393978
27.3125 	7.73598e-06 	-1.04474e-06 	0.000419524
27.375 	4.33276e-06 	8.11878e-07 	0.000396296
27.5 	8.07731e-06 	-2.48002e-06 	0.00038337
27.5625 	6.75693e-06 	-1.16886e-06 	0.000370723
27.625 	6.57302e-06 	-2.18412e-06 	0.000345959
27.6875 	6.51862e-06 	-1.36388e-06 	0.000313854
27.75 	5.23645e-06 	-1.56661e-06 	0.000338114
27.8125 	4.81607e-06 	-1.53612e-06 	0.000343885
28.0 	6.13119e-06 	-2.99716e-06 	0.00038299
28.0625 	4.98032e-06 	9.06352e-07 	0.000365233
28.125 	5.95654e-06 	-2.93906e-06 	0.000352564
28.3125 	4.4106e-06 	-1.30312e-06 	0.000373756
28.4375 	7.99807e-06 	3.58095e-06 	0.000351601
28.5 	4.68685e-06 	1.25721e-06 	0.000329869
28.625 	5.83536e-06 	2.85679e-06 	0.000316461
28.6875 	7.51716e-06 	-3.00464e-06 	0.000323908
28.8125 	7.73196e-06 	-1.79288e-06 	0.000337819
28.875 	6.46033e-06 	2.32625e-06 	0.000344323
28.9375 	4.86608e-06 	-1.52586e-06 	0.000375832
29.0 	5.03215e-06 	1.67806e-06 	0.000369012
29.0625 	6.12092e-06 	2.8625e-06 	0.000362965
29.125 	4.79461e-06 	1.32671e-06 	0.000375848
29.1875 	3.60384e-06 	-5.39758e-07 	0.000336178
29.25 	4.53904e-06 	-1.30029e-06 	0.000321266
29.375 	4.69512e-06 	-1.37301e-06 	0.000302364
29.4375 	4.86907e-06 	-1.29767e-06 	0.000322428
29.5 	7.38183e-06 	1.12245e-06 	0.00028799
29.625 	5.59602e-06 	1.9303e-06 	0.000272316
29.6875 	4.96753e-06 	7.15382e-07 	0.000246216
29.75 	3.5911e-06 	-1.30155e-06 	0.000247582
29.9375 	5.78215e-06 	-2.33979e-06 	0.000239583
30.125 	6.79748e-06 	-2.36284e-06 	0.00024637
30.1875 	4.91099e-06 	-1.34629e-06 	0.000286186
30.25 	5.33509e-06 	-1.27036e-07 	0.000266252
30.3125 	3.12512e-06 	2.42004e-07 	0.000292051
30.375 	5.24116e-06 	-2.25753e-06 	0.000288546
30.4375 	6.02932e-06 	-2.87784e-06 	0.000281378
30.5 	8.00594e-06 	-2.70538e-06 	0.000296868
30.5625 	4.82107e-06 	-1.17888e-06 	0.000277982
30.6875 	5.76343e-06 	-1.59377e-06 	0.000262096
30.8125 	4.58031e-06 	-1.56154e-06 	0.000247474
30.9375 	6.28331e-06 	3.1052e-06 	0.000270897
31.1875 	4.44391e-06 	1.50684e-06 	0.000250885
31.25 	7.54356e-06 	-1.60216e-06 	0.000264096
31.375 	6.99999e-06 	-1.96568e-06 	0.000247289
31.5 	4.67317e-06 	-1.08993e-06 	0.000256383
31.625 	6.90914e-06 	-1.2084e-06 	0.000256114
31.75 	8.0736e-06 	2.62876e-06 	0.000292788
31.8125 	5.92082e-06 	2.01716e-06 	0.0003031
31.875 	5.47561e-06 	1.10361e-06 	0.000317182
32.0 	4.07094e-06 	-1.66667e-06 	0.000321481
32.125 	3.22556e-06 	2.2631e-07 	0.000399672
32.1875 	5.81398e-06 	-1.88282e-06 	0.000372418
32.25 	7.55594e-06 	-2.27535e-06 	0.000365581
32.3125 	6.85484e-06 	2.21349e-06 	0.000366828
32.4375 	7.71487e-06 	2.54217e-06 	0.000353612
32.5 	5.01228e-06 	-1.74663e-06 	0.00031639
32.625 	5.10856e-06 	-2.54346e-06 	0.000326743
32.6875 	4.73415e-06 	1.01044e-06 	0.000368877
32.75 	3.93752e-06 	-1.38447e-06 	0.000365795
32.8125 	4.98289e-06 	-1.43927e-06 	0.000411764
32.875 	5.44431e-06 	2.16794e-06 	0.000429809
33.0 	6.66053e-06 	-1.76344e-06 	0.000438444
33.0625 	4.49692e-06 	1.32363e-06 	0.000474324
33.125 	4.71837e-06 	1.53761e-06 	0.000506483
33.1875 	4.66163e-06 	1.24322e-06 	0.000440189
33.25 	4.90615e-06 	-6.37799e-07 	0.000435087
33.3125 	4.96188e-06 	-1.51832e-06 	0.000439341
33.375 	5.63448e-06 	2.79114e-06 	0.000423049
33.4375 	5.16513e-06 	1.23234e-06 	0.000441791
33.625 	6.81127e-06 	-3.48549e-06 	0.000464876
33.6875 	3.7737e-06 	-5.45305e-07 	0.000426508
33.75 	6.6493e-06 	-3.48364e-06 	0.00043189
33.875 	7.03874e-06 	-1.31171e-06 	0.000413906
33.9375 	7.42244e-06 	-2.26324e-06 	0.000430834
34.0625 	8.15871e-06 	-2.85334e-06 	0.000447387
34.125 	7.36216e-06 	1.54242e-06 	0.000458049
34.1875 	7.3007e-06 	-2.73408e-06 	0.000449882
34.25 	4.75617e-06 	-1.60622e-06 	0.000490152
34.3125 	7.36663e-06 	-2.42997e-06 	0.000509906
34.375 	7.87359e-06 	-2.18722e-06 	0.000493735
34.4375 	7.83679e-06 	-1.09076e-06 	0.000516281
34.5 	7.11279e-06 	-8.97812e-07 	0.000512789
34.5625 	5.86743e-06 	3.37762e-07 	0.000501102
34.625 	5.63906e-06 	2.71094e-06 	0.000497997
34.6875 	5.94914e-06 	-1.75114e-06 	0.00046843
34.875 	4.2269e-06 	1.13838e-06 	0.000440037
34.9375 	5.41903e-06 	-9.20657e-07 	0.00042534
35.0625 	2.93497e-06 	-2.3195e-07 	0.000413622
35.125 	7.83229e-06 	-2.95684e-06 	0.00037665
35.25 	5.82585e-06 	-2.51981e-06 	0.000408497
35.3125 	4.92974e-06 	-1.20181e-06 	0.000420808
35.375 	6.57323e-06 	9.01232e-07 	0.00039154
35.5625 	2.69335e-06 	1.18608e-07 	0.000411034
35.625 	8.06475e-06 	2.58927e-06 	0.000400308
35.6875 	8.00544e-06 	2.62104e-06 	0.000393118
35.75 	6.99226e-06 	-2.55439e-06 	0.000386017
35.8125 	7.7165e-06 	-2.38382e-06 	0.000377575
35.875 	5.25899e-06 	1.56219e-06 	0.000392679
35.9375 	5.49997e-06 	-1.72025e-06 	0.000456917
36.0 	5.71085e-06 	-2.94898e-06 	0.000472421
36.125 	7.02768e-06 	1.6811e-06 	0.000518337
36.25 	3.81263e-06 	5.70932e-07 	0.000506913
36.4375 	4.39893e-06 	-7.40187e-07 	0.000495714
36.5 	7.8481e-06 	-2.92465e-06 	0.000517685
36.625 	4.19319e-06 	6.24142e-07 	0.000465225
36.8125 	5.65928e-06 	-8.08077e-07 	0.000486641
36.875 	7.83826e-06 	-4.173e-06 	0.000481809
37.0625 	4.40859e-06 	8.66595e-07 	0.000497612
37.125 	4.4922e-06 	-6.3632e-07 	0.000511686
37.1875 	7.56828e-06 	2.80682e-06 	0.000493793
37.3125 	6.03389e-06 	1.27703e-06 	0.000485832
37.375 	4.90843e-06 	-2.0143e-06 	0.00049242
37.4375 	4.38151e-06 	1.27145e-06 	0.000471455
37.5 	7.81503e-06 	2.76459e-06 	0.00048663
37.5625 	5.49586e-06 	1.19328e-06 	0.000522915
37.75 	5.77328e-06 	-1.92019e-06 	0.000537612
37.9375 	3.05658e-06 	-2.85119e-07 	0.000563716
38.0 	5.60291e-06 	1.546e-06 	0.000565032
38.0625 	5.10169e-06 	-1.25228e-06 	0.000606416
38.125 	5.88459e-06 	-1.81033e-06 	0.000611358
38.1875 	5.72314e-06 	-4.09047e-07 	0.000641528
38.25 	7.55609e-06 	-3.22213e-06 	0.000623079
38.3125 	5.25374e-06 	1.76571e-06 	0.000656727
38.4375 	3.84836e-06 	8.76848e-07 	0.000651057
38.5625 	5.14422e-06 	-1.63386e-06 	0.000668107
38.6875 	6.74809e-06 	2.02299e-06 	0.000685762
38.8125 	5.28877e-06 	1.54222e-06 	0.000692741
38.875 	4.60745e-06 	1.41044e-06 	0.000688701
38.9375 	2.91637e-06 	1.03967e-06 	0.000674449
39.0 	3.09616e-06 	2.92855e-07 	0.000656601
39.0625 	5.40063e-06 	7.11026e-07 	0.000659529
39.125 	6.51697e-06 	-2.03728e-06 	0.00061547
39.1875 	8.04929e-06 	-1.41347e-06 	0.000567932
39.25 	6.27108e-06 	-1.08339e-06 	0.000593979
39.3125 	5.77654e-06 	-1.41533e-06 	0.000615189
39.5 	6.73768e-06 	2.25206e-06 	0.000611955
39.5625 	6.35793e-06 	3.09722e-06 	0.000608073
39.625 	4.08663e-06 	-5.77718e-07 	0.000564927
39.6875 	5.24456e-06 	1.44835e-06 	0.00054707
39.75 	4.97966e-06 	-1.63082e-06 	0.000538035
39.875 	4.85914e-06 	-1.20023e-06 	0.000511987
39.9375 	6.88813e-06 	3.35056e-06 	0.000568374
40.0 	5.68199e-06 	-1.74003e-06 	0.000586437
40.125 	3.91006e-06 	1.71404e-06 	0.000589973
40.25 	5.06746e-06 	-2.44945e-06 	0.000600555
40.3125 	8.00493e-06 	2.51062e-06 	0.000563455
40.4375 	5.21553e-06 	6.60941e-07 	0.000596524
40.5 	4.16761e-06 	1.19373e-06 	0.000582318
40.5625 	4.13933e-06 	9.04292e-07 	0.000542449
40.625 	5.1848e-06 	9.02618e-07 	0.000516103
40.8125 	7.57651e-06 	-3.82852e-06 	0.000562009
40.9375 	8.04951e-06 	-6.21217e-07 	0.00056807
41.125 	3.73294e-06 	-1.10171e-06 	0.000526824
41.1875 	5.08612e-06 	1.49254e-06 	0.000528578
41.25 	8.15542e-06 	9.24537e-07 	0.000500254
41.3125 	4.56131e-06 	1.23424e-06 	0.000488607
41.4375 	5.00088e-06 	-1.1963e-06 	0.000476972
41.5 	7.45516e-06 	-2.94365e-06 	0.000502851
41.5625 	6.32026e-06 	-1.7709e-06 	0.000464626
41.6875 	5.66321e-06 	-2.71613e-06 	0.000463691
41.8125 	6.46056e-06 	2.09615e-06 	0.000488906
41.875 	8.06244e-06 	2.53641e-06 	0.000535862
41.9375 	4.71198e-06 	1.40742e-06 	0.000532943
42.0 	4.48868e-06 	-1.05477e-06 	0.000537193
42.25 	4.60505e-06 	-1.57783e-06 	0.000564793
42.5 	5.51012e-06 	2.65783e-06 	0.000558587
42.6875 	7.75917e-06 	-2.6912e-06 	0.000554696
42.8125 	4.33328e-06 	1.15652e-06 	0.000562591
42.875 	7.51608e-06 	-2.41928e-06 	0.000576376
42.9375 	4.44458e-06 	-1.19088e-06 	0.000594275
43.0 	7.0885e-06 	2.25953e-06 	0.000572387
43.0625 	6.01242e-06 	-1.23514e-06 	0.000553852
43.1875 	5.61267e-06 	2.12435e-06 	0.000555727
43.3125 	6.22417e-06 	2.09106e-06 	0.000550269
43.375 	4.73997e-06 	1.53831e-06 	0.000545563
43.6875 	5.97866e-06 	-9.45946e-07 	0.000565722
43.8125 	5.4397e-06 	-1.5011e-06 	0.000569626
43.9375 	5.44445e-06 	1.09286e-06 	0.000618098
44.0 	6.00609e-06 	2.52251e-06 	0.00061157
44.0625 	8.08114e-06 	-2.73412e-06 	0.000595987
44.125 	5.48233e-06 	-1.3296e-06 	0.000604918
44.1875 	7.60809e-06 	1.04599e-06 	0.000617461
44.25 	4.49971e-06 	-1.43319e-06 	0.0006211
44.3125 	6.39828e-06 	-1.59661e-06 	0.000640002
44.375 	6.28656e-06 	3.21698e-06 	0.000638146
44.4375 	4.99362e-06 	-1.75288e-06 	0.000647991
44.5625 	4.51939e-06 	1.95039e-06 	0.000669084
44.6875 	4.21067e-06 	-1.2755e-06 	0.000679122
44.75 	6.69534e-06 	-4.34883e-07 	0.000659157
44.8125 	6.35067e-06 	2.79388e-06 	0.000669364
44.875 	5.73488e-06 	-1.24994e-06 	0.000679398
44.9375 	6.27046e-06 	-1.95801e-06 	0.000720546
45.0 	6.4921e-06 	1.81623e-06 	0.000722421
45.0625 	4.92248e-06 	-1.49764e-06 	0.000699095
45.1875 	4.01985e-06 	-8.79304e-07 	0.000704403
45.3125 	3.79922e-06 	-2.07611e-07 	0.000692539
45.5 	6.5931e-06 	2.68262e-06 	0.000632893
45.625 	5.12184e-06 	-2.01421e-06 	0.000638521
45.6875 	5.174e-06 	1.78895e-06 	0.000613904
45.75 	6.01124e-06 	-7.08409e-07 	0.000649103
45.9375 	2.91328e-06 	-3.61753e-08 	0.000672276
46.0 	5.18808e-06 	2.51808e-06 	0.000660121
46.0625 	8.15917e-06 	2.1863e-06 	0.000621383
46.3125 	7.36395e-06 	-8.32832e-07 	0.000630993
46.5625 	4.413e-06 	7.80234e-07 	0.000635615
46.625 	7.33955e-06 	2.22745e-06 	0.000666328
46.6875 	4.84827e-06 	1.35133e-06 	0.000670556
46.75 	7.28205e-06 	2.61947e-06 	0.000666142
46.8125 	4.36775e-06 	-2.00536e-06 	0.00065132
46.875 	5.52313e-06 	1.29336e-06 	0.000646994
47.0 	7.11919e-06 	-2.33977e-06 	0.000614952
47.0625 	4.55866e-06 	1.171e-06 	0.000626743
47.125 	7.04604e-06 	2.25088e-06 	0.000610023
47.1875 	7.89035e-06 	2.39267e-06 	0.000626161
47.25 	5.41872e-06 	1.58467e-06 	0.000603414
47.375 	6.28917e-06 	-3.14185e-06 	0.000618219
47.5 	7.68217e-06 	-4.07623e-06 	0.000662633
47.5625 	6.88383e-06 	-2.45878e-06 	0.000634189
47.625 	7.18469e-06 	2.18607e-06 	0.000636301
47.6875 	5.84298e-06 	-6.95737e-07 	0.000635973
47.8125 	5.50159e-06 	-2.71344e-06 	0.000572939
48.0 	2.94158e-06 	-3.11529e-07 	0.000553522
48.0625 	5.23054e-06 	2.03178e-06 	0.000599137
48.1875 	4.34567e-06 	-1.68594e-06 	0.000607404
48.25 	7.49938e-06 	2.28151e-06 	0.00063833
48.3125 	4.67599e-06 	1.91231e-06 	0.000643009
48.4375 	6.14235e-06 	-2.38323e-06 	0.000652349
48.5625 	7.37066e-06 	-2.72343e-06 	0.000680084
48.75 	7.23196e-06 	-7.30118e-07 	0.000730525
48.8125 	6.7125e-06 	3.41472e-06 	0.000738132
48.9375 	4.90743e-06 	-1.54078e-06 	0.00077909
49.0 	6.13281e-06 	1.8809e-06 	0.000776958
49.125 	4.57136e-06 	1.46195e-06 	0.000788541
49.25 	6.14978e-06 	2.09054e-06 	0.00078216
49.3125 	4.3612e-06 	-1.16657e-06 	0.000782026
49.375 	7.76488e-06 	-2.1777e-06 	0.000792278
49.4375 	6.1658e-06 	-1.23967e-06 	0.000762828
49.5 	4.78034e-06 	-8.22413e-07 	0.000771276
49.5625 	3.38171e-06 	2.43379e-07 	0.000784243
49.625 	4.74548e-06 	1.44809e-06 	0.000807999
49.6875 	6.72975e-06 	-2.30269e-06 	0.000804344
49.75 	6.14433e-06 	-2.76223e-06 	0.000814003
50.0625 	7.82489e-06 	-3.33762e-06 	0.000804412
50.125 	7.04377e-06 	2.08007e-06 	0.000828041
50.25 	5.54473e-06 	2.67159e-06 	0.000831742
50.3125 	5.41377e-06 	1.8276e-06 	0.000852253
50.375 	5.05514e-06 	-1.67712e-06 	0.000899844
50.4375 	5.69122e-06 	-1.22351e-06 	0.000934213
50.5625 	4.78157e-06 	8.96709e-07 	0.000908536
50.625 	6.44458e-06 	-1.37215e-06 	0.000920156
50.75 	4.01287e-06 	-8.64077e-07 	0.000893231
50.8125 	4.84303e-06 	1.73979e-06 	0.000899322
50.875 	5.82108e-06 	-2.03766e-06 	0.000899021
50.9375 	7.48306e-06 	2.61281e-06 	0.000896956
51.0 	5.91538e-06 	-1.5302e-06 	0.000920044
51.125 	5.22707e-06 	-1.50821e-06 	0.000919885
51.1875 	5.02638e-06 	-2.24003e-06 	0.000923406
51.25 	4.01586e-06 	3.93059e-08 	0.000914454
51.3125 	3.80537e-06 	1.0567e-06 	0.000932781
51.375 	4.39186e-06 	-1.40406e-06 	0.000929384
51.4375 	8.10531e-06 	3.19237e-06 	0.000912721
51.5 	7.95109e-06 	2.68174e-06 	0.000914969
51.625 	6.06182e-06 	9.59473e-07 	0.000935759
51.6875 	5.6751e-06 	-1.23178e-06 	0.000952615
51.8125 	7.99129e-06 	-3.24443e-06 	0.00095914
51.875 	7.73934e-06 	-2.74433e-06 	0.00101701
52.0 	5.33408e-06 	2.58542e-06 	0.00101046
52.0625 	7.85261e-06 	-2.98203e-06 	0.000998436
52.1875 	4.97939e-06 	-1.48981e-06 	0.0010101
52.3125 	4.19833e-06 	-9.36187e-07 	0.00102714
52.375 	4.8608e-06 	-2.17313e-06 	0.000991736
52.5 	3.58053e-06 	-9.45833e-07 	0.00100824
52.625 	7.40592e-06 	2.8396e-06 	0.001041
52.75 	4.0305e-06 	6.5371e-07 	0.00105946
52.8125 	7.01585e-06 	-2.26546e-06 	0.00108022
52.875 	4.48938e-06 	8.41983e-07 	0.00107589
52.9375 	6.85022e-06 	-3.49473e-06 	0.00104426
53.125 	5.34384e-06 	1.25952e-06 	0.00101088
53.1875 	7.82881e-06 	2.67677e-06 	0.000997417
53.25 	6.27267e-06 	1.35778e-06 	0.00100186
53.3125 	7.95365e-06 	-1.30663e-06 	0.000982714
53.5 	5.73226e-06 	2.21443e-06 	0.000991399
53.5625 	3.81321e-06 	-5.98562e-07 	0.00102064
53.625 	5.63388e-06 	-1.28963e-06 	0.000993123
53.6875 	4.37816e-06 	1.20382e-06 	0.000989289
53.75 	7.13192e-06 	2.64763e-06 	0.00104336
53.8125 	3.23074e-06 	2.15292e-07 	0.00100934
53.875 	7.9966e-06 	-1.82201e-06 	0.00100019
54.0 	7.89927e-06 	-1.07593e-06 	0.00100955
54.0625 	6.68061e-06 	-1.65493e-06 	0.000979168
54.1875 	6.93826e-06 	1.44203e-06 	0.000987292
54.25 	6.50151e-06 	1.2374e-06 	0.00102974
54.3125 	3.39597e-06 	5.81424e-07 	0.000981735
54.375 	5.67644e-06 	-1.9215e-06 	0.000956707
54.4375 	3.02266e-06 	9.13761e-07 	0.00095888
54.6875 	7.15664e-06 	2.03521e-06 	0.000975453
54.8125 	5.11705e-06 	-1.64073e-06 	0.000943232
54.875 	4.80181e-06 	1.35628e-06 	0.000991757
54.9375 	5.69744e-06 	1.74999e-06 	0.000974497
55.0 	6.35014e-06 	2.41991e-06 	0.000954821
55.0625 	4.84881e-06 	-1.43953e-06 	0.000965064
55.125 	4.36843e-06 	-1.03498e-06 	0.000933751
55.3125 	5.0082e-06 	1.53448e-06 	0.000952376
55.4375 	5.37406e-06 	1.85564e-06 	0.000993577
55.5 	6.11233e-06 	2.80658e-06 	0.00100066
55.6875 	5.50974e-06 	-1.50451e-06 	0.00101846
55.75 	4.68208e-06 	-8.86358e-07 	0.00102302
55.875 	5.1306e-06 	2.03447e-06 	0.000993811
55.9375 	4.75103e-06 	-1.44276e-06 	0.00101408
56.0 	6.6532e-06 	2.38078e-06 	0.00103294
56.0625 	5.09221e-06 	-1.50705e-06 	0.00103726
56.3125 	5.24177e-06 	-1.6986e-06 	0.00104826
56.375 	4.40652e-06 	-1.85165e-06 	0.00110692
56.4375 	5.38882e-06 	-1.62079e-06 	0.00111571
56.5625 	6.02196e-06 	-2.20819e-06 	0.00114003
56.6875 	4.13672e-06 	8.24935e-07 	0.00112141
56.75 	8.07653e-06 	-7.97387e-07 	0.00112659
56.8125 	8.48465e-06 	3.37175e-06 	0.0011468
56.9375 	2.47237e-06 	-3.01627e-07 	0.00118052
57.0 	5.07105e-06 	-2.74857e-07 	0.00117462
57.0625 	7.9157e-06 	-1.10552e-06 	0.00118114
57.1875 	5.90524e-06 	-7.56439e-07 	0.00122982
57.25 	4.78122e-06 	-1.56544e-06 	0.0012346
57.3125 	5.76863e-06 	2.36783e-06 	0.00127512
57.375 	6.81683e-06 	1.40134e-06 	0.00131138
57.4375 	4.843e-06 	-1.38231e-06 	0.00128125
57.5 	7.13293e-06 	3.58266e-06 	0.00132245
57.5625 	7.53312e-06 	-5.59492e-07 	0.00134145
57.625 	4.41103e-06 	-6.61107e-07 	0.00136238
57.6875 	5.57588e-06 	-1.81643e-06 	0.00134278
57.75 	4.22337e-06 	-6.51784e-07 	0.00130606
57.8125 	2.68401e-06 	-3.98304e-07 	0.00134355
58.0 	1.84464e-06 	2.75466e-08 	0.00135935
58.0625 	7.51086e-06 	-1.9369e-06 	0.00134992
58.125 	6.67813e-06 	1.38487e-06 	0.0013361
58.1875 	8.06864e-06 	2.74439e-06 	0.00133824
58.25 	8.23133e-06 	3.27737e-06 	0.00134476
58.3125 	6.46494e-06 	-2.35626e-06 	0.00131866
58.4375 	7.83947e-06 	-3.05295e-06 	0.00129596
58.5625 	3.4397e-06 	-2.94257e-07 	0.00130792
58.625 	7.56428e-06 	2.65964e-06 	0.00134018
58.6875 	3.47532e-06 	-3.04673e-07 	0.00134838
58.8125 	5.09948e-06 	-1.22281e-06 	0.00133891
58.875 	6.37234e-06 	1.70149e-06 	0.00129966
58.9375 	3.5132e-06 	5.01777e-07 	0.00128395
59.0 	5.86439e-06 	1.74933e-06 	0.00127083
59.125 	7.55131e-06 	-2.37766e-06 	0.00129437
59.25 	7.63704e-06 	-2.4743e-06 	0.00131762
59.3125 	7.27776e-06 	-2.23999e-06 	0.00131989
59.375 	7.02754e-06 	-2.08997e-06 	0.00130527
59.4375 	6.96334e-06 	-2.9102e-06 	0.00129224
59.5 	5.43698e-06 	-1.50623e-06 	0.00130961
59.6875 	5.46958e-06 	-1.82375e-06 	0.00133494
59.8125 	5.2664e-06 	1.23828e-06 	0.00127677
59.875 	4.30121e-06 	-8.7211e-07 	0.00133275
59.9375 	5.21958e-06 	-1.20521e-06 	0.00135335
60.0625 	4.85495e-06 	1.10755e-06 	0.00134844
60.125 	4.16071e-06 	-8.61702e-07 	0.001358
60.375 	4.4928e-06 	1.85963e-06 	0.00133858
60.4375 	4.92239e-06 	-1.60859e-06 	0.00131831
60.5625 	5.36655e-06 	7.14769e-07 	0.00139007
60.625 	7.6826e-06 	2.92445e-06 	0.00136558
60.75 	6.9174e-06 	3.37097e-06 	0.00133903
60.8125 	5.23227e-06 	3.42048e-07 	0.00139322
60.875 	5.31593e-06 	2.56501e-06 	0.00142962
61.0 	4.13637e-06 	1.36201e-06 	0.00143469
61.125 	5.4742e-06 	-1.55718e-06 	0.00144322
61.1875 	4.58599e-06 	-1.57686e-06 	0.00143568
61.25 	5.09871e-06 	-1.71854e-06 	0.00144857
61.3125 	3.96911e-06 	-1.58636e-06 	0.00146647
61.375 	2.75416e-06 	5.2869e-07 	0.00145032
61.4375 	3.72306e-06 	-6.49779e-07 	0.00145532
61.5 	5.83487e-06 	1.90721e-06 	0.00148045
61.625 	4.09432e-06 	1.70492e-06 	0.00144743
61.6875 	5.20481e-06 	-1.32109e-06 	0.0014538
61.8125 	3.29954e-06 	-2.9916e-07 	0.00143997
61.875 	7.77526e-06 	-2.27939e-06 	0.00140629
61.9375 	7.82333e-06 	3.42384e-06 	0.0014192
62.0 	5.5521e-06 	-2.7069e-06 	0.00144397
62.125 	6.63233e-06 	-2.30366e-06 	0.00144767
62.1875 	7.51107e-06 	-2.26943e-06 	0.00144693
62.25 	4.21768e-06 	-4.72317e-07 	0.00145736
62.375 	7.00006e-06 	-1.21818e-06 	0.00145651
62.5 	4.29112e-06 	-4.62309e-07 	0.00147691
62.5625 	6.03951e-06 	-3.10082e-06 	0.00149424
62.75 	4.27423e-06 	-1.78595e-06 	0.00147089
62.875 	4.58801e-06 	1.41021e-06 	0.00144846
62.9375 	3.13675e-06 	-6.6756e-07 	0.00145051
63.0 	2.90924e-06 	9.21831e-09 	0.00142218
63.125 	3.2714e-06 	-5.08635e-07 	0.00142614
63.25 	3.68291e-06 	8.81315e-07 	0.0014317
63.4375 	6.9897e-06 	-2.62318e-06 	0.00141813
63.5625 	6.57769e-06 	2.08823e-06 	0.00143458
63.8125 	4.15911e-06 	4.19504e-07 	0.00146392
63.9375 	6.64707e-06 	1.11272e-06 	0.00146554
64.0 	6.92664e-06 	1.78974e-06 	0.00145766
64.0625 	5.25022e-06 	2.56371e-06 	0.00147388
64.25 	8.01922e-06 	-2.63348e-06 	0.00147423
64.4375 	5.40447e-06 	1.76695e-06 	0.00151429
64.5625 	5.06981e-06 	1.70196e-06 	0.00152703
64.6875 	4.4178e-06 	-1.48281e-06 	0.00152337
64.75 	4.18382e-06 	-1.31959e-06 	0.00150544
64.8125 	5.95978e-06 	-2.10097e-06 	0.00145451
64.875 	4.44493e-06 	1.843e-07 	0.00145896
64.9375 	4.76266e-06 	-1.66871e-06 	0.00147942
65.0 	4.95813e-06 	7.32042e-07 	0.00146823
65.0625 	6.79527e-06 	-2.25267e-06 	0.00148672
65.125 	4.54553e-06 	1.55517e-06 	0.0015157
65.25 	4.19657e-06 	7.7498e-07 	0.00153209
65.5 	7.12483e-06 	2.21225e-06 	0.00153447
65.625 	7.34736e-06 	-2.79076e-06 	0.00153706
65.8125 	4.44366e-06 	-1.17542e-06 	0.0015329
65.9375 	5.90058e-06 	1.64126e-06 	0.00150752
66.0 	4.29665e-06 	-1.25172e-06 	0.00151465
66.0625 	5.51538e-06 	2.69303e-06 	0.00152185
66.25 	4.09809e-06 	-1.04888e-06 	0.00152423
66.3125 	3.51821e-06 	-7.76673e-07 	0.00154309
66.375 	3.62263e-06 	1.61641e-06 	0.00158156
66.5 	4.04137e-06 	1.79946e-06 	0.0015496
66.75 	7.05548e-06 	-1.68812e-06 	0.00159966
66.8125 	3.71864e-06 	7.36554e-07 	0.00158971
66.875 	4.73816e-06 	-1.73809e-06 	0.0015515
66.9375 	4.93103e-06 	-5.71969e-07 	0.00157585
67.0 	7.79875e-06 	-2.66594e-06 	0.00163433
67.25 	6.89268e-06 	-2.20832e-06 	0.00164054
67.375 	5.45469e-06 	2.59917e-06 	0.00168962
67.4375 	5.50462e-06 	9.42289e-07 	0.00166696
67.5 	7.91561e-06 	1.61561e-06 	0.00167659
67.8125 	3.95445e-06 	-9.70696e-07 	0.00167739
67.875 	5.91771e-06 	-1.84072e-06 	0.00164581
67.9375 	6.02636e-06 	-1.29804e-06 	0.00164564
68.0 	5.76023e-06 	1.41732e-06 	0.00164545
68.0625 	5.50241e-06 	-1.86592e-06 	0.00162001
68.125 	6.94917e-06 	-2.06775e-06 	0.00160196
68.1875 	4.10853e-06 	7.63343e-07 	0.00161254
68.3125 	3.09347e-06 	8.34253e-07 	0.00162027
68.375 	7.01671e-06 	3.63329e-06 	0.00161431
68.4375 	3.89204e-06 	-5.23714e-07 	0.00158214
68.5625 	5.42219e-06 	1.86632e-07 	0.00156275
68.625 	7.43253e-06 	-1.4982e-06 	0.00158041
68.6875 	5.45917e-06 	1.6319e-06 	0.00157928
68.75 	6.53209e-06 	-3.27218e-06 	0.0015325
68.8125 	5.27654e-06 	2.47988e-06 	0.00154703
68.9375 	6.30037e-06 	3.12797e-06 	0.00155899
69.125 	5.87905e-06 	2.87748e-06 	0.0015357
69.1875 	7.07459e-06 	9.04812e-07 	0.0015126
69.25 	5.04292e-06 	2.39622e-07 	0.00151305
69.3125 	5.5113e-06 	-2.57435e-06 	0.00152227
69.4375 	5.73441e-06 	-1.59934e-06 	0.00153612
69.5 	5.44369e-06 	2.92094e-06 	0.00153945
69.625 	4.36001e-06 	-7.01617e-07 	0.0014997
69.75 	7.7949e-06 	-1.11967e-06 	0.00150371
69.8125 	8.29739e-06 	-1.74479e-06 	0.00151826
69.875 	7.01379e-06 	3.58532e-06 	0.00152727
69.9375 	7.73904e-06 	-1.39287e-06 	0.0015085
