# time 	Local 	Global 	Cumulative
0.642226 	4.03815e-06 	1.20862e-06 	2.78062e-05
0.766734 	2.23841e-06 	-1.0495e-07 	-2.55779e-06
0.828988 	7.97331e-06 	2.95138e-06 	6.51153e-06
1.38927 	5.36138e-06 	1.27769e-06 	-1.25227e-05
1.45153 	3.90312e-06 	-5.53051e-07 	-5.54353e-05
1.51378 	4.05746e-06 	5.71812e-07 	-3.12462e-05
1.7628 	3.64418e-06 	-1.89109e-07 	4.60357e-05
1.94956 	4.00892e-06 	1.23542e-06 	7.09687e-05
2.19857 	4.72878e-06 	-1.05417e-06 	7.33561e-05
2.26083 	6.44143e-06 	-1.72274e-06 	8.16412e-05
2.32308 	5.869e-06 	1.74116e-06 	7.9654e-05
2.38534 	3.45031e-06 	-2.42884e-08 	0.000113617
2.63435 	5.48116e-06 	-1.27472e-06 	0.000162637
2.69661 	4.03002e-06 	-1.38523e-06 	0.000196424
2.88337 	4.2167e-06 	1.37551e-06 	0.00025187
2.94562 	4.23911e-06 	7.48841e-07 	0.000238928
3.07013 	5.12247e-06 	1.28718e-06 	0.000233024
3.31914 	5.86863e-06 	2.86714e-06 	0.000250275
3.3814 	7.22106e-06 	2.73414e-06 	0.000256662
3.44365 	6.20664e-06 	2.02014e-06 	0.000242837
3.69267 	5.95826e-06 	-1.80406e-06 	0.000248997
3.75492 	5.16939e-06 	9.44257e-07 	0.000232494
3.87943 	6.23143e-06 	-8.39186e-07 	0.00019721
4.06619 	5.16075e-06 	-6.70428e-07 	0.000223323
4.12845 	2.76992e-06 	6.08662e-07 	0.000235422
4.1907 	4.2792e-06 	-5.69313e-07 	0.000250408
4.25295 	5.89428e-06 	-1.45719e-06 	0.000221092
4.31521 	3.29508e-06 	4.52493e-07 	0.000221796
4.50197 	4.01643e-06 	1.87164e-06 	0.000239387
4.56422 	5.09428e-06 	9.63724e-07 	0.000234077
4.62648 	7.99037e-06 	-1.51951e-06 	0.000228158
4.68873 	6.42405e-06 	2.42325e-06 	0.000189718
4.93775 	3.46918e-06 	-9.52893e-07 	0.000220662
5.0 	3.00817e-06 	5.43262e-07 	0.000236057
5.0625 	6.73888e-06 	2.65399e-06 	0.000201775
5.25 	7.14854e-06 	2.05277e-06 	0.000245855
5.375 	5.55476e-06 	-4.7564e-07 	0.000249197
5.5 	3.81471e-06 	-1.04835e-06 	0.000247193
5.5625 	5.16081e-06 	1.21436e-06 	0.000305198
5.625 	6.50378e-06 	2.81347e-06 	0.000318755
5.6875 	5.70256e-06 	-1.79122e-06 	0.000287849
5.875 	3.07574e-06 	-7.04352e-07 	0.000283795
6.0 	5.57639e-06 	-6.7338e-07 	0.000311214
6.1875 	8.10928e-06 	-2.36478e-06 	0.000351114
6.25 	5.23433e-06 	1.4655e-06 	0.00037637
6.4375 	3.29185e-06 	-3.27471e-07 	0.000374689
6.75 	5.13202e-06 	-1.21119e-06 	0.000340055
6.8125 	4.24633e-06 	1.00885e-06 	0.000326385
6.9375 	6.32632e-06 	-1.48395e-06 	0.000310492
7.1875 	6.83737e-06 	-1.57412e-06 	0.000306351
7.6875 	4.24686e-06 	-8.88169e-07 	0.00035898
7.8125 	6.72919e-06 	-4.49184e-07 	0.000359899
7.9375 	5.55393e-06 	-1.41972e-06 	0.000375314
8.0 	7.77417e-06 	1.14807e-06 	0.000351761
8.0625 	4.5678e-06 	-7.37438e-07 	0.000345787
8.125 	5.81237e-06 	2.79787e-06 	0.000365497
8.4375 	4.7471e-06 	-2.92892e-07 	0.000300153
8.5 	4.43413e-06 	-1.0559e-06 	0.000275713
8.5625 	6.38043e-06 	1.95482e-06 	0.000252644
8.8125 	6.52131e-06 	-3.15724e-06 	0.00022332
8.9375 	4.5216e-06 	9.22284e-07 	0.000229329
9.0 	4.40111e-06 	-8.81122e-07 	0.00022312
9.1875 	4.4615e-06 	7.12151e-07 	0.000229668
9.25 	5.35831e-06 	1.87499e-06 	0.000257647
9.3125 	6.93167e-06 	-1.58835e-06 	0.000233779
9.375 	8.15217e-06 	2.6616e-06 	0.000222124
9.4375 	5.32454e-06 	-1.10248e-06 	0.000180964
9.5625 	3.28792e-06 	6.68224e-07 	0.000175345
9.625 	5.23326e-06 	1.2884e-06 	0.000186659
9.6875 	6.2666e-06 	-1.63085e-06 	0.000195817
9.8125 	6.69504e-06 	6.29659e-07 	0.000215236
9.9375 	5.46814e-06 	1.57446e-06 	0.000258214
10.3125 	3.0698e-06 	-1.74249e-07 	0.000210861
10.75 	4.27928e-06 	-1.25936e-06 	0.000200229
10.8125 	2.90262e-06 	8.35654e-08 	0.00018406
10.875 	7.34387e-06 	7.08944e-07 	0.000213602
11.0 	7.8303e-06 	9.14186e-07 	0.000243424
11.0625 	5.58567e-06 	1.76339e-06 	0.000223212
11.1875 	3.7943e-06 	6.85805e-07 	0.00024318
11.6875 	4.11352e-06 	1.13726e-06 	0.000254664
11.75 	7.00158e-06 	-2.55579e-06 	0.00028993
11.8125 	7.53541e-06 	-7.89791e-07 	0.000283981
11.9375 	4.43024e-06 	9.18889e-07 	0.000305102
12.0 	5.05695e-06 	-1.00668e-06 	0.000257943
12.1875 	7.93691e-06 	2.675e-06 	0.000214999
12.3125 	6.96277e-06 	-3.55585e-06 	0.000239973
12.375 	5.23393e-06 	-2.00685e-06 	0.000232275
12.625 	2.85266e-06 	-8.02132e-07 	0.000230664
12.6875 	5.27247e-06 	-1.17158e-06 	0.000244565
12.8125 	5.1959e-06 	2.30655e-06 	0.000232342
12.875 	3.5414e-06 	8.80116e-07 	0.000210706
13.0 	6.08823e-06 	-1.54898e-06 	0.000156328
13.0625 	5.67199e-06 	2.5857e-07 	0.000188713
13.1875 	6.48727e-06 	1.99568e-06 	0.000169689
13.25 	6.06383e-06 	9.45319e-07 	0.000175523
13.5625 	3.23177e-06 	8.34935e-08 	0.000204275
13.625 	6.97104e-06 	-2.02235e-06 	0.000212144
13.6875 	5.27546e-06 	2.68705e-06 	0.000247569
14.0625 	7.16263e-06 	1.82826e-06 	0.000252576
14.125 	5.37043e-06 	-2.8091e-06 	0.000268186
14.1875 	3.86672e-06 	-4.15716e-07 	0.000312019
14.3125 	7.01663e-06 	-1.79925e-06 	0.000292151
14.375 	2.77511e-06 	-2.81602e-07 	0.000274479
14.4375 	4.03224e-06 	-8.58723e-07 	0.000274419
14.5 	4.91616e-06 	1.08753e-06 	0.000248777
14.625 	6.82491e-06 	-1.59611e-06 	0.000225947
14.6875 	3.59941e-06 	4.64522e-07 	0.000198733
14.75 	5.99532e-06 	5.14158e-07 	0.000198612
14.8125 	2.78485e-06 	-6.25015e-07 	0.000204638
14.9375 	4.85049e-06 	7.56752e-07 	0.000197525
15.0 	4.78891e-06 	-4.1381e-07 	0.0002045
15.1875 	5.57952e-06 	-7.47862e-07 	0.000195493
15.25 	5.46118e-06 	-4.61053e-07 	0.000197899
15.3125 	5.7515e-06 	-1.72559e-06 	0.000168838
15.375 	6.50806e-06 	3.22716e-06 	0.000127741
15.4375 	3.81402e-06 	6.39464e-07 	0.000141055
15.5 	4.60108e-06 	-2.20811e-06 	0.000143186
15.8125 	6.65193e-06 	-3.4077e-06 	0.000195245
15.9375 	7.22689e-06 	-1.44733e-06 	0.000229554
16.0 	6.0603e-06 	-2.49638e-06 	0.000262396
16.0625 	6.99664e-06 	-2.06519e-06 	0.000308222
16.125 	7.21526e-06 	1.5311e-06 	0.000320344
16.1875 	7.6063e-06 	-3.49982e-06 	0.000284163
16.25 	7.04609e-06 	1.85769e-06 	0.000282591
16.375 	3.61011e-06 	2.99725e-07 	0.00026486
16.625 	6.12762e-06 	-5.02825e-07 	0.000227483
16.8125 	5.80227e-06 	1.47477e-06 	0.000244005
16.9375 	5.68531e-06 	1.55631e-06 	0.000287351
17.25 	5.62284e-06 	-1.65872e-06 	0.000329779
17.375 	4.04108e-06 	-8.32634e-07 	0.000331235
17.4375 	5.30222e-06 	8.39579e-07 	0.000300419
17.6875 	7.92271e-06 	-1.34887e-06 	0.000325535
18.0 	4.26407e-06 	6.65476e-07 	0.000366742
18.0625 	5.12003e-06 	1.71633e-06 	0.00033754
18.1875 	5.10752e-06 	-5.23623e-07 	0.000298123
18.25 	8.13603e-06 	2.22906e-06 	0.000332257
18.375 	4.05363e-06 	-7.54818e-07 	0.000321094
18.4375 	5.49679e-06 	1.12894e-06 	0.000335881
18.5625 	7.09517e-06 	-2.67664e-06 	0.000294088
18.625 	5.28943e-06 	1.29743e-06 	0.000353994
18.8125 	6.59588e-06 	8.41994e-07 	0.000379505
18.875 	7.99425e-06 	1.25495e-06 	0.000375365
18.9375 	6.74048e-06 	1.09871e-06 	0.000382314
19.125 	6.84187e-06 	-3.50602e-06 	0.000371218
19.4375 	4.01593e-06 	1.30415e-06 	0.000412119
19.5 	7.30177e-06 	9.35895e-07 	0.000393687
19.625 	6.71713e-06 	-1.964e-06 	0.000398227
19.6875 	5.64077e-06 	-1.25491e-06 	0.000404295
19.75 	4.39111e-06 	-9.23787e-07 	0.000417112
19.9375 	5.08557e-06 	1.14365e-06 	0.00036816
20.125 	6.17589e-06 	1.93931e-06 	0.000392847
20.1875 	3.44644e-06 	-5.95125e-07 	0.000398982
20.375 	3.51138e-06 	-9.20096e-08 	0.000405381
20.4375 	7.55954e-06 	1.51787e-06 	0.000434525
20.5 	5.97289e-06 	1.56501e-06 	0.000445418
20.6875 	8.16133e-06 	-2.97901e-06 	0.000416148
20.75 	5.42483e-06 	1.05262e-06 	0.000340311
21.0 	5.45367e-06 	-4.26925e-07 	0.000378235
21.0625 	4.9772e-06 	1.55205e-06 	0.000360472
21.1875 	7.23239e-06 	-3.57809e-06 	0.000324482
21.3125 	7.72302e-06 	-2.68252e-06 	0.000312496
21.5625 	3.674e-06 	9.7774e-07 	0.000268547
21.8125 	4.51373e-06 	-1.48544e-06 	0.000206905
21.875 	3.36899e-06 	-8.93913e-07 	0.000178779
21.9375 	6.87567e-06 	-1.79319e-06 	0.000151183
22.1875 	3.71883e-06 	4.55808e-07 	0.000159826
22.25 	7.66668e-06 	-1.97944e-06 	0.000167292
22.3125 	6.54231e-06 	1.56154e-06 	0.000165722
22.9375 	3.70014e-06 	-6.80441e-07 	0.000165716
23.0 	5.80413e-06 	-2.68728e-06 	0.000150397
23.125 	6.45376e-06 	-2.93413e-06 	0.000153895
23.1875 	5.95015e-06 	1.34958e-06 	0.0001471
23.3125 	3.89846e-06 	-1.16684e-06 	0.000186582
23.375 	4.82525e-06 	9.44848e-09 	0.0001954
23.4375 	6.10948e-06 	1.28931e-06 	0.00023058
23.8125 	4.33675e-06 	-1.02665e-06 	0.000183236
24.0 	7.02217e-06 	-1.75523e-06 	0.000176839
24.0625 	4.29891e-06 	5.81469e-07 	0.000178707
24.3125 	4.30018e-06 	-1.3779e-06 	0.000251318
24.375 	4.30093e-06 	-8.20159e-07 	0.000266304
24.4375 	7.37447e-06 	-2.74452e-06 	0.000267616
24.5625 	4.68129e-06 	-1.66376e-06 	0.000208863
24.6875 	3.91096e-06 	1.11633e-06 	0.000244219
24.75 	8.20384e-06 	8.33759e-07 	0.000214759
24.8125 	5.10529e-06 	1.27897e-06 	0.000230384
25.0 	5.57884e-06 	-1.57971e-06 	0.000246644
25.0625 	4.97907e-06 	-7.35173e-07 	0.000271742
25.125 	5.25719e-06 	2.30163e-08 	0.000264315
25.25 	4.85971e-06 	-9.12494e-07 	0.000245895
25.625 	5.06324e-06 	-1.07753e-06 	0.000359792
25.6875 	5.8465e-06 	1.78468e-06 	0.000397712
25.75 	3.3202e-06 	3.33138e-07 	0.000395377
25.8125 	5.02815e-06 	1.18079e-06 	0.000419395
26.0 	5.53531e-06 	-1.7185e-06 	0.000423787
26.125 	4.20627e-06 	-2.02019e-06 	0.000385113
26.375 	3.76239e-06 	-6.50123e-07 	0.000359782
26.5 	6.35381e-06 	-2.04286e-06 	0.000355691
26.625 	7.31146e-06 	5.19894e-07 	0.000318474
26.6875 	3.60285e-06 	-1.09684e-06 	0.00030514
26.875 	7.74819e-06 	2.82536e-06 	0.000320328
26.9375 	5.73347e-06 	1.19888e-06 	0.000372723
27.0 	6.08825e-06 	1.69435e-06 	0.000384663
27.25 	7.4236e-06 	1.55002e-07 	0.000402083
27.3125 	3.92323e-06 	-1.06147e-06 	0.000405388
27.625 	6.64836e-06 	2.09213e-06 	0.000324294
27.75 	4.17728e-06 	1.18445e-06 	0.000351549
28.0 	3.41337e-06 	-1.03628e-06 	0.000372459
28.0625 	4.99281e-06 	1.24616e-06 	0.000377856
28.125 	3.94111e-06 	-8.12266e-07 	0.000354886
28.3125 	4.66433e-06 	-5.78236e-08 	0.000354192
28.5 	3.67545e-06 	3.91511e-07 	0.000316174
28.6875 	3.70443e-06 	-5.30287e-07 	0.000321132
28.8125 	6.79482e-06 	-8.72684e-07 	0.000345041
28.875 	5.80094e-06 	1.52476e-06 	0.000360577
29.0 	5.53201e-06 	1.52942e-06 	0.000367991
29.0625 	3.73745e-06 	-1.08645e-06 	0.000374482
29.125 	7.19803e-06 	2.07799e-06 	0.000360162
29.1875 	3.31139e-06 	-1.08323e-06 	0.000322693
29.25 	4.27946e-06 	-1.09439e-06 	0.000301543
29.375 	6.79495e-06 	-1.89203e-06 	0.000307285
29.625 	5.04388e-06 	-1.99171e-06 	0.00027396
29.6875 	7.53234e-06 	1.6801e-06 	0.000242752
29.75 	3.39037e-06 	-9.6064e-07 	0.000234039
29.9375 	2.68603e-06 	-5.11382e-07 	0.000230753
30.25 	5.92388e-06 	1.2329e-06 	0.000281415
30.3125 	6.22834e-06 	-1.46967e-06 	0.000297461
30.375 	4.93783e-06 	1.18436e-06 	0.000269889
30.4375 	3.72784e-06 	-4.57064e-07 	0.000295572
30.5 	4.33021e-06 	2.03525e-06 	0.000287974
30.5625 	5.15094e-06 	-2.13073e-06 	0.000257076
30.9375 	4.01458e-06 	7.0654e-07 	0.000272004
31.1875 	4.34822e-06 	1.67387e-06 	0.0002799
31.25 	6.61933e-06 	-2.16972e-06 	0.000283645
31.625 	4.35232e-06 	-1.5081e-06 	0.000244394
31.8125 	3.72083e-06 	4.36465e-07 	0.000317661
31.875 	3.34971e-06 	4.61043e-07 	0.00031936
32.0 	6.72025e-06 	-2.15398e-06 	0.000348337
32.125 	7.50922e-06 	2.17112e-06 	0.000395009
32.1875 	4.54669e-06 	-1.24394e-06 	0.000371036
32.25 	5.14349e-06 	1.40831e-06 	0.000372078
32.3125 	4.018e-06 	4.18251e-07 	0.000371403
32.4375 	5.58631e-06 	1.74238e-06 	0.000344615
32.625 	4.89421e-06 	2.44446e-06 	0.000340001
32.6875 	4.56445e-06 	-1.3528e-06 	0.000356319
32.75 	5.3217e-06 	7.87161e-07 	0.000378892
32.8125 	7.2264e-06 	2.92888e-06 	0.000419405
32.875 	6.45148e-06 	-1.62924e-06 	0.000442149
33.0 	4.5064e-06 	1.56472e-06 	0.000441711
33.0625 	4.60191e-06 	-2.09985e-06 	0.000480842
33.125 	3.94859e-06 	-9.25323e-07 	0.000469978
33.3125 	5.72718e-06 	7.12727e-07 	0.000454964
33.375 	6.48103e-06 	-1.74944e-06 	0.000421219
33.4375 	7.88997e-06 	2.11187e-06 	0.000468632
33.625 	6.74982e-06 	1.52401e-06 	0.000444042
33.6875 	4.08296e-06 	2.73298e-07 	0.000425521
33.875 	6.5181e-06 	-1.42338e-06 	0.000399464
33.9375 	4.09125e-06 	1.1595e-06 	0.000447864
34.125 	6.313e-06 	-1.41672e-06 	0.000439908
34.1875 	5.05227e-06 	-1.48274e-06 	0.000473775
34.25 	7.90018e-06 	1.74268e-06 	0.00050152
34.3125 	4.5685e-06 	-1.03697e-06 	0.000478299
34.375 	4.52849e-06 	1.16136e-06 	0.000496789
34.5 	7.52173e-06 	2.51992e-06 	0.000518081
34.5625 	5.03194e-06 	-1.32596e-06 	0.000489636
34.625 	6.46424e-06 	2.74496e-07 	0.000486767
34.6875 	5.0892e-06 	1.58392e-06 	0.000465329
34.875 	3.8433e-06 	1.19627e-06 	0.000431521
34.9375 	5.41488e-06 	2.64174e-06 	0.000421281
35.0625 	7.42879e-06 	1.81793e-06 	0.000402738
35.25 	5.67235e-06 	-2.44436e-07 	0.000414389
35.3125 	3.20715e-06 	-2.25781e-07 	0.000398969
35.375 	7.35773e-06 	-2.64571e-06 	0.000382102
35.625 	3.48957e-06 	-3.26326e-07 	0.000412484
35.6875 	4.61866e-06 	1.34509e-06 	0.000398065
35.75 	5.46708e-06 	1.47851e-06 	0.000379253
35.875 	7.28734e-06 	-7.8957e-07 	0.000423241
35.9375 	4.03247e-06 	-5.08084e-07 	0.000459779
36.0 	7.529e-06 	-1.55248e-06 	0.000490563
36.125 	5.56051e-06 	2.47795e-06 	0.000510161
36.25 	5.81122e-06 	1.87367e-06 	0.000508195
36.4375 	4.5852e-06 	6.09618e-07 	0.000480075
36.5 	8.13699e-06 	-2.51542e-06 	0.000495142
36.8125 	4.40774e-06 	1.12293e-06 	0.00049054
36.875 	6.99817e-06 	2.67585e-07 	0.000467491
37.125 	5.71653e-06 	-1.55272e-06 	0.000505311
37.1875 	5.99242e-06 	-1.02538e-06 	0.000502557
37.3125 	6.52584e-06 	-1.52254e-06 	0.00049829
37.4375 	5.18724e-06 	-6.89135e-07 	0.000461292
37.5625 	5.82756e-06 	-1.33689e-06 	0.000519004
37.75 	4.02559e-06 	4.27624e-07 	0.00053796
37.9375 	5.63966e-06 	1.54212e-06 	0.000577822
38.0 	3.71477e-06 	5.4944e-07 	0.000581106
38.0625 	4.93737e-06 	6.33164e-07 	0.00059224
38.125 	8.12036e-06 	-2.62918e-06 	0.000605218
38.3125 	5.27416e-06 	7.8418e-07 	0.000658554
38.4375 	6.26266e-06 	-1.24725e-06 	0.000656187
38.5625 	6.46918e-06 	2.31568e-06 	0.000669693
38.6875 	4.49081e-06 	1.323e-06 	0.000666682
38.875 	6.78985e-06 	-1.62105e-06 	0.000702787
38.9375 	7.45329e-06 	1.97944e-06 	0.000671972
39.0 	6.70865e-06 	9.02426e-07 	0.000654671
39.0625 	5.90298e-06 	-1.64889e-06 	0.000637964
39.1875 	3.2005e-06 	-5.62815e-07 	0.000576922
39.25 	6.75899e-06 	1.55649e-06 	0.000619329
39.3125 	7.63495e-06 	-1.08205e-06 	0.000625485
39.5625 	4.90661e-06 	-3.65599e-07 	0.000586578
39.625 	7.52851e-06 	-6.83041e-07 	0.000555783
39.875 	4.95039e-06 	1.08935e-06 	0.000523579
39.9375 	4.7599e-06 	1.32634e-06 	0.000584816
40.0 	6.439e-06 	2.91499e-06 	0.00059224
40.125 	6.22391e-06 	-2.17664e-06 	0.00058615
40.25 	8.16633e-06 	-1.22825e-06 	0.000575455
40.3125 	3.8187e-06 	5.88301e-07 	0.000566111
40.5 	7.83897e-06 	1.94403e-06 	0.00058453
40.5625 	6.86522e-06 	3.37037e-06 	0.000548786
40.625 	5.13138e-06 	1.53007e-06 	0.000536208
40.8125 	5.8754e-06 	-1.23976e-06 	0.000564751
40.9375 	2.84671e-06 	5.4652e-08 	0.000561237
41.125 	4.71189e-06 	2.30265e-06 	0.000511628
41.1875 	5.33457e-06 	-1.46225e-06 	0.000523665
41.25 	7.8411e-06 	-1.33178e-06 	0.000503787
41.3125 	4.60406e-06 	2.33314e-06 	0.000478905
41.5 	6.69456e-06 	3.49836e-06 	0.000498814
41.6875 	5.7957e-06 	2.40134e-06 	0.000474893
41.8125 	7.30752e-06 	1.51014e-07 	0.000519595
41.9375 	7.16177e-06 	-1.14271e-06 	0.000542148
42.0 	4.95113e-06 	2.49999e-06 	0.000556429
42.25 	6.02784e-06 	-8.9674e-07 	0.00055892
42.5 	4.16688e-06 	-5.51753e-07 	0.000548666
42.6875 	6.20336e-06 	-1.60488e-06 	0.000554639
42.8125 	8.09297e-06 	2.66215e-07 	0.0005604
42.875 	6.11082e-06 	-1.24784e-06 	0.000581217
42.9375 	3.85158e-06 	1.2256e-06 	0.000576913
43.0 	5.63921e-06 	-2.26671e-06 	0.000568813
43.0625 	8.21785e-06 	-3.14359e-06 	0.000574484
43.1875 	6.70437e-06 	1.71679e-06 	0.00057526
43.3125 	4.37513e-06 	-1.97361e-06 	0.000544701
43.375 	5.07927e-06 	-1.45942e-06 	0.000537751
43.9375 	6.96838e-06 	1.6939e-06 	0.000596198
44.0 	5.20508e-06 	-8.85545e-07 	0.000605799
44.125 	5.1877e-06 	-2.12811e-06 	0.000607435
44.25 	4.83676e-06 	1.99692e-06 	0.000619494
44.3125 	6.45863e-06 	-1.76966e-06 	0.000617929
44.4375 	3.66923e-06 	-1.03882e-06 	0.000657747
44.5625 	3.70144e-06 	5.92185e-07 	0.000676448
44.6875 	4.08244e-06 	-5.79899e-07 	0.000664671
44.8125 	3.76486e-06 	-3.78803e-07 	0.000657586
44.875 	6.83867e-06 	-1.45325e-06 	0.000687759
45.0 	4.8047e-06 	1.11776e-06 	0.000718197
45.1875 	7.84564e-06 	2.9808e-06 	0.000695256
45.3125 	7.11028e-06 	-1.99982e-06 	0.000673255
45.5 	5.37117e-06 	-1.05213e-06 	0.00062458
45.625 	2.72982e-06 	2.92775e-07 	0.000605575
45.6875 	7.2185e-06 	2.90739e-06 	0.000627327
45.75 	5.31206e-06 	2.45556e-06 	0.00066485
46.0 	7.6452e-06 	2.6425e-06 	0.000626648
46.0625 	8.15454e-06 	-3.26755e-06 	0.000627681
46.3125 	2.95673e-06 	2.83174e-07 	0.000598376
46.5625 	5.52317e-06 	1.73009e-06 	0.000666672
46.625 	4.46165e-06 	1.11394e-06 	0.000670324
46.6875 	4.59437e-06 	-1.48326e-06 	0.000701702
46.75 	4.34142e-06 	1.33839e-06 	0.000653796
47.0 	5.99171e-06 	2.98025e-06 	0.000633114
47.0625 	7.10965e-06 	-1.90245e-06 	0.000629574
47.25 	5.24674e-06 	1.11439e-06 	0.000627141
47.375 	5.88019e-06 	2.87427e-06 	0.000633101
47.5 	5.89484e-06 	-1.30719e-06 	0.000660735
47.5625 	7.08821e-06 	-2.09562e-06 	0.000634147
47.8125 	4.92055e-06 	2.29659e-06 	0.000564776
48.1875 	4.18644e-06 	7.85933e-07 	0.000603183
48.25 	5.16933e-06 	1.22211e-06 	0.00063927
48.3125 	5.20591e-06 	-1.36973e-06 	0.000641865
48.4375 	3.66786e-06 	9.31715e-07 	0.000645577
48.5625 	4.69176e-06 	1.0325e-06 	0.000691866
48.75 	6.7196e-06 	-2.21252e-06 	0.000736331
48.8125 	4.10248e-06 	-5.4809e-07 	0.000737352
48.9375 	3.87274e-06 	4.27369e-07 	0.000780563
49.0 	2.64685e-06 	6.82048e-09 	0.000799024
49.3125 	5.5921e-06 	2.3472e-06 	0.000784837
49.375 	7.99898e-06 	-2.42552e-06 	0.000786953
49.4375 	6.58212e-06 	-1.6467e-06 	0.000750946
49.5625 	3.86192e-06 	-7.65376e-07 	0.000792324
49.6875 	3.3272e-06 	-5.67177e-07 	0.000808161
49.75 	6.43677e-06 	1.76232e-06 	0.000798699
50.3125 	4.84101e-06 	1.02196e-06 	0.000853288
50.375 	4.82625e-06 	-2.00666e-06 	0.000917842
50.4375 	3.81369e-06 	-1.07083e-06 	0.000931079
50.5625 	5.3321e-06 	-1.30182e-07 	0.00091647
50.625 	5.96627e-06 	-1.24234e-06 	0.000911337
50.75 	4.1287e-06 	1.05254e-06 	0.000903027
50.8125 	5.26355e-06 	-1.12572e-07 	0.000911677
50.875 	4.37936e-06 	9.83134e-07 	0.000878306
50.9375 	7.30492e-06 	-1.6958e-06 	0.00089134
51.0 	5.45034e-06 	8.42453e-07 	0.000919633
51.125 	4.89767e-06 	-1.44888e-06 	0.000910317
51.1875 	4.70751e-06 	-1.36336e-06 	0.000911157
51.25 	5.06337e-06 	2.48643e-06 	0.000913677
51.375 	8.00863e-06 	-1.17519e-06 	0.000933946
51.4375 	6.77168e-06 	1.25932e-06 	0.000915898
51.5 	4.09824e-06 	-1.08313e-06 	0.000912719
51.8125 	6.31323e-06 	-1.13341e-06 	0.000988115
52.0625 	7.68549e-06 	1.11848e-06 	0.000982444
52.1875 	4.89709e-06 	1.34081e-06 	0.00101577
52.3125 	5.86995e-06 	1.48276e-06 	0.00100736
52.5 	5.09888e-06 	1.22329e-06 	0.00100824
52.8125 	4.77549e-06 	-1.29032e-06 	0.00108675
52.9375 	5.57638e-06 	-1.16762e-06 	0.0010391
53.1875 	5.40013e-06 	2.77344e-06 	0.00098087
53.5 	4.36169e-06 	-8.77177e-07 	0.00101756
53.5625 	5.1389e-06 	-1.6675e-06 	0.000999628
53.625 	4.376e-06 	-4.90862e-07 	0.00097698
53.6875 	8.14605e-06 	2.04625e-06 	0.0010293
53.75 	3.92178e-06 	-1.27112e-06 	0.00102076
53.875 	4.52927e-06 	-1.11053e-06 	0.00101244
54.0 	7.7242e-06 	7.39517e-08 	0.00101042
54.0625 	8.08245e-06 	3.10102e-06 	0.000968035
54.1875 	5.02344e-06 	2.42477e-06 	0.000991543
54.25 	6.52581e-06 	2.24811e-06 	0.00103811
54.3125 	5.59328e-06 	-9.89415e-07 	0.000966286
54.375 	6.52082e-06 	2.56498e-06 	0.000974032
54.4375 	4.70067e-06 	-1.18284e-06 	0.000960763
54.6875 	5.3871e-06 	-1.14863e-06 	0.00094996
54.8125 	6.43051e-06 	1.27695e-06 	0.000952051
54.875 	6.86472e-06 	-1.5123e-06 	0.000995576
54.9375 	4.62176e-06 	1.4019e-06 	0.000959996
55.0 	7.37172e-06 	2.31733e-06 	0.000964641
55.3125 	3.15937e-06 	2.16977e-07 	0.000953931
55.4375 	4.78221e-06 	5.58912e-07 	0.00100277
55.5 	5.84327e-06 	-1.22292e-06 	0.000994065
55.75 	5.98034e-06 	1.20951e-06 	0.00101911
55.9375 	6.79398e-06 	1.57867e-06 	0.00102293
56.0 	7.29953e-06 	1.50885e-06 	0.00102272
56.0625 	4.55611e-06 	1.41109e-06 	0.0010266
56.3125 	7.598e-06 	4.99043e-07 	0.00106429
56.375 	4.43897e-06 	1.60042e-06 	0.00111704
56.4375 	5.63969e-06 	1.16872e-06 	0.00112321
56.5625 	6.41575e-06 	-1.53771e-06 	0.00114132
56.6875 	4.28326e-06 	5.97992e-07 	0.00112566
56.75 	4.11515e-06 	-1.34203e-06 	0.00113355
57.0 	7.15988e-06 	-2.08491e-06 	0.00116119
57.0625 	2.94393e-06 	-3.08306e-07 	0.00118679
57.1875 	7.57535e-06 	-2.17463e-06 	0.00124385
57.25 	7.34161e-06 	1.17446e-06 	0.00126564
57.3125 	5.31808e-06 	1.18291e-06 	0.00127732
57.4375 	6.12888e-06 	8.25288e-07 	0.00127212
57.6875 	5.04485e-06 	1.21775e-06 	0.00133907
58.125 	4.55631e-06 	1.0394e-06 	0.00134418
58.1875 	7.44623e-06 	1.33811e-06 	0.00134806
58.25 	3.54391e-06 	-5.45747e-07 	0.00132632
58.3125 	7.22804e-06 	-1.52801e-06 	0.00132617
58.4375 	5.18707e-06 	-1.13863e-06 	0.00130751
58.5625 	6.45209e-06 	-1.46842e-06 	0.0013074
58.8125 	6.40903e-06 	1.18842e-06 	0.00132425
58.875 	4.15491e-06 	6.95405e-07 	0.00129162
59.0 	4.8056e-06 	1.13099e-06 	0.00129076
59.125 	6.69776e-06 	-1.97576e-06 	0.00130363
59.25 	6.17871e-06 	-2.89426e-06 	0.00131674
59.3125 	5.75379e-06 	1.17715e-06 	0.00128885
59.375 	2.99782e-06 	2.10129e-07 	0.00131094
59.5 	8.04246e-06 	2.39742e-06 	0.00130901
59.6875 	5.02307e-06 	2.19058e-06 	0.00131681
59.8125 	4.56914e-06 	-1.7639e-06 	0.00129649
60.4375 	3.43462e-06 	1.789e-07 	0.00133183
60.5625 	3.89773e-06 	8.51522e-07 	0.00137837
60.625 	7.05379e-06 	-1.63885e-06 	0.00137659
61.0 	3.9795e-06 	2.77173e-07 	0.00143575
61.125 	5.3715e-06 	1.14085e-06 	0.0014749
61.4375 	6.17828e-06 	1.9564e-06 	0.00145829
61.625 	5.37829e-06 	-1.12264e-06 	0.00144532
61.6875 	7.89325e-06 	2.75113e-06 	0.00145903
61.8125 	3.31482e-06 	-8.58101e-07 	0.00143133
61.9375 	4.12409e-06 	8.86207e-07 	0.00144382
62.1875 	4.22731e-06 	9.85855e-07 	0.00145208
62.25 	6.3737e-06 	-1.81197e-06 	0.0014378
62.375 	4.24742e-06 	-7.95571e-07 	0.00146692
62.5 	4.44902e-06 	-1.19089e-06 	0.00147072
62.5625 	6.04312e-06 	-3.06276e-06 	0.00148093
62.875 	8.0278e-06 	-1.69962e-06 	0.00147092
62.9375 	6.14197e-06 	7.59049e-07 	0.00144167
63.0 	3.97107e-06 	1.70324e-06 	0.00142281
63.25 	3.55608e-06 	3.89179e-07 	0.00142967
63.4375 	4.14194e-06 	-7.69055e-07 	0.00141337
63.5625 	3.46907e-06 	5.32178e-07 	0.00145307
63.8125 	4.06997e-06 	-9.79904e-07 	0.00146752
63.9375 	5.43918e-06 	1.65111e-06 	0.00144741
64.0 	4.81194e-06 	1.11153e-06 	0.00145669
64.4375 	2.78259e-06 	3.95988e-07 	0.00151247
64.5625 	2.63511e-06 	-5.02885e-08 	0.00153121
64.6875 	8.03336e-06 	-1.48872e-06 	0.00150124
64.75 	7.50302e-06 	2.68256e-06 	0.00148634
64.8125 	5.19006e-06 	-1.2133e-06 	0.00145366
64.875 	4.52584e-06 	1.40617e-06 	0.00148178
64.9375 	3.50106e-06 	5.25229e-07 	0.00146349
65.0 	4.09393e-06 	-1.19075e-06 	0.00145067
65.0625 	6.42761e-06 	-9.95981e-07 	0.00151927
65.125 	4.79759e-06 	2.33003e-06 	0.00152832
65.625 	4.04521e-06 	7.4619e-07 	0.00156453
65.8125 	4.91148e-06 	-5.48212e-07 	0.0015018
65.9375 	7.49304e-06 	-2.59833e-06 	0.00148793
66.0 	6.18572e-06 	-1.53918e-07 	0.00153447
66.0625 	5.90282e-06 	2.00887e-06 	0.00154531
66.3125 	5.79564e-06 	-1.00745e-06 	0.00156115
66.5 	2.98802e-06 	4.54138e-08 	0.00154777
66.75 	3.76973e-06 	-5.64246e-07 	0.00159425
66.8125 	5.06094e-06 	-1.5262e-06 	0.00157168
66.9375 	3.9761e-06 	6.72903e-07 	0.00158155
67.25 	5.75089e-06 	1.17385e-06 	0.00166561
67.5 	4.44907e-06 	1.92565e-06 	0.00169821
67.8125 	5.72548e-06 	-1.43043e-06 	0.00166418
67.875 	4.70179e-06 	9.7358e-07 	0.00165361
67.9375 	5.7887e-06 	-1.2339e-06 	0.00164739
68.0 	5.75955e-06 	1.19834e-06 	0.00163626
68.125 	4.08339e-06 	-1.12612e-06 	0.00161288
68.1875 	7.45279e-06 	-3.79646e-06 	0.00161463
68.3125 	5.25702e-06 	-1.91779e-06 	0.00160472
68.4375 	7.1874e-06 	-7.19338e-07 	0.00156984
68.5625 	3.56468e-06 	-5.68878e-07 	0.00156921
68.6875 	6.67205e-06 	1.11161e-06 	0.00157049
68.75 	3.92681e-06 	-1.74563e-06 	0.00154266
68.8125 	3.80047e-06 	-4.02477e-09 	0.0015646
68.9375 	7.95595e-06 	-2.64526e-06 	0.0015424
69.125 	7.889e-06 	-1.92246e-06 	0.00153673
69.1875 	6.1951e-06 	1.64581e-06 	0.00151964
69.25 	4.30557e-06 	-6.59853e-07 	0.00150953
69.3125 	4.27282e-06 	1.0091e-06 	0.00152828
69.4375 	4.46849e-06 	4.36206e-07 	0.00153603
69.5 	7.1068e-06 	1.14259e-06 	0.00152496
69.75 	5.88196e-06 	-2.91558e-06 	0.00151838
69.8125 	3.29665e-06 	1.30498e-06 	0.00151146
69.875 	5.19469e-06 	1.10392e-06 	0.00154953
69.9375 	7.0437e-06 	2.80076e-06 	0.00150587
