# time 	Local 	Global 	Cumulative
0.333274 	5.43445e-06 	2.32317e-06 	6.53458e-06
0.579973 	4.16787e-06 	-1.3505e-06 	1.98028e-05
0.642226 	6.61525e-06 	4.15011e-07 	2.44221e-05
0.70448 	4.5666e-06 	-1.22276e-06 	2.78551e-05
0.766734 	5.98985e-06 	-1.63757e-06 	5.80593e-06
0.828988 	6.43502e-06 	1.68936e-06 	2.1873e-05
1.01575 	7.80993e-06 	-1.2174e-06 	3.8083e-06
1.26477 	7.1548e-06 	2.94763e-06 	-8.77036e-06
1.38927 	4.61262e-06 	6.23538e-08 	-2.17758e-05
1.45153 	7.58765e-06 	-2.68932e-06 	-3.21894e-05
1.51378 	8.00446e-06 	1.10692e-06 	-3.8212e-05
1.7628 	3.85584e-06 	-4.56353e-07 	4.95043e-05
1.8873 	5.57834e-06 	-1.0449e-06 	7.69877e-05
1.94956 	6.93422e-06 	6.58999e-07 	6.55024e-05
2.07407 	6.71457e-06 	-4.97962e-07 	0.00011659
2.19857 	7.42412e-06 	4.68951e-08 	7.98845e-05
2.26083 	5.38467e-06 	-1.29575e-06 	7.79192e-05
2.32308 	6.37728e-06 	2.06391e-06 	7.73762e-05
2.38534 	6.65994e-06 	7.4228e-07 	0.000107299
2.44759 	7.70756e-06 	2.67167e-06 	0.000156899
2.63435 	6.021e-06 	-1.00489e-06 	0.000184957
2.69661 	6.59331e-06 	-2.7711e-06 	0.000212543
2.88337 	5.97744e-06 	-3.60683e-07 	0.000240982
2.94562 	6.36825e-06 	-2.83501e-07 	0.000249399
3.07013 	5.54722e-06 	-5.73245e-07 	0.000216409
3.19464 	5.82989e-06 	2.86817e-06 	0.00023155
3.25689 	5.57971e-06 	5.42006e-07 	0.00025244
3.31914 	2.74072e-06 	3.69596e-07 	0.000235056
3.3814 	4.78471e-06 	6.9304e-07 	0.00027595
3.44365 	4.76361e-06 	1.03282e-06 	0.000244476
3.50591 	5.69195e-06 	-1.6808e-06 	0.000248466
3.69267 	8.08432e-06 	-4.78051e-08 	0.000234384
3.75492 	3.99271e-06 	-1.37794e-06 	0.000237565
3.87943 	3.92042e-06 	1.49385e-06 	0.000202375
4.00394 	6.42617e-06 	-2.07837e-06 	0.000200727
4.06619 	6.96703e-06 	1.69705e-06 	0.000202807
4.12845 	6.63032e-06 	2.77768e-06 	0.00021985
4.1907 	3.73813e-06 	-1.23738e-06 	0.00025507
4.25295 	8.17785e-06 	-3.82161e-06 	0.000237262
4.31521 	6.87342e-06 	3.10045e-06 	0.00024215
4.37746 	5.19837e-06 	-5.95657e-07 	0.000241767
4.50197 	6.12622e-06 	-1.4545e-06 	0.000252115
4.56422 	5.88654e-06 	2.36145e-06 	0.000240095
4.62648 	6.74168e-06 	2.25982e-06 	0.000222592
4.68873 	5.15424e-06 	1.06052e-06 	0.000208949
4.93775 	5.81117e-06 	-1.88363e-06 	0.000220984
5.0 	2.99008e-06 	-2.24658e-07 	0.000228744
5.0625 	6.46215e-06 	7.81122e-07 	0.000213228
5.125 	7.29829e-06 	-3.21147e-06 	0.000205728
5.25 	7.31328e-06 	-1.6152e-06 	0.000224477
5.375 	7.88863e-06 	-2.38538e-06 	0.000271325
5.5 	6.47197e-06 	-3.05139e-07 	0.000239209
5.5625 	4.62503e-06 	7.44032e-07 	0.000286587
5.625 	7.7744e-06 	-3.68752e-07 	0.000308171
5.6875 	7.74966e-06 	-7.54694e-07 	0.00029202
5.8125 	7.98539e-06 	3.07645e-06 	0.000280018
5.875 	6.08672e-06 	-1.83489e-06 	0.000295998
5.9375 	6.42088e-06 	-1.98357e-06 	0.000294981
6.0 	7.36048e-06 	1.30694e-06 	0.000293595
6.1875 	4.94414e-06 	8.66092e-07 	0.000365694
6.25 	6.16031e-06 	-2.89292e-06 	0.000360574
6.4375 	5.86767e-06 	-2.02239e-06 	0.000380576
6.75 	6.82777e-06 	4.73707e-07 	0.000349249
6.8125 	8.01578e-06 	-8.49777e-07 	0.000339827
6.9375 	7.46935e-06 	1.73911e-06 	0.000310821
7.125 	5.37964e-06 	2.36293e-07 	0.000293812
7.1875 	5.67508e-06 	-8.81675e-07 	0.0002886
7.25 	6.25177e-06 	-2.75217e-06 	0.00029669
7.5625 	7.20762e-06 	3.37314e-06 	0.000308271
7.6875 	6.23966e-06 	-2.7765e-06 	0.000347553
7.8125 	7.05957e-06 	-1.09606e-06 	0.00037111
7.9375 	7.97035e-06 	2.5812e-06 	0.00037616
8.0 	5.28843e-06 	1.50677e-06 	0.000373879
8.0625 	5.67556e-06 	-1.75378e-06 	0.000361746
8.125 	2.14369e-06 	1.48791e-07 	0.000360045
8.25 	7.92644e-06 	-3.01632e-06 	0.00034686
8.3125 	7.11685e-06 	-1.42086e-06 	0.000324561
8.4375 	5.58955e-06 	2.33942e-06 	0.000317029
8.5 	5.8441e-06 	-2.36854e-06 	0.000284474
8.5625 	6.21464e-06 	2.35167e-06 	0.000262212
8.8125 	5.76466e-06 	1.10993e-06 	0.000226042
8.9375 	7.16398e-06 	1.29339e-06 	0.000203789
9.0 	6.93924e-06 	-1.42551e-06 	0.000230527
9.1875 	5.36156e-06 	-2.20809e-06 	0.000214624
9.25 	3.01233e-06 	-5.68598e-07 	0.000246613
9.3125 	2.82819e-06 	-3.97875e-07 	0.000239413
9.375 	6.4434e-06 	7.35232e-07 	0.000231932
9.4375 	5.06976e-06 	1.35518e-06 	0.000191123
9.5625 	7.30199e-06 	6.42513e-07 	0.000176299
9.625 	7.79452e-06 	-1.17533e-06 	0.000167939
9.6875 	5.62538e-06 	-4.30935e-07 	0.000189621
9.8125 	6.75504e-06 	3.24932e-06 	0.00021485
9.9375 	6.74966e-06 	-4.48971e-07 	0.000255106
10.0 	5.76485e-06 	-1.09451e-06 	0.000231501
10.1875 	6.42148e-06 	2.01137e-06 	0.000208256
10.3125 	6.69561e-06 	1.59331e-06 	0.000214966
10.625 	5.78043e-06 	-1.0891e-06 	0.00021841
10.6875 	7.12649e-06 	2.4946e-06 	0.000195827
10.75 	4.69688e-06 	-8.96043e-07 	0.000206208
10.8125 	7.56157e-06 	3.62706e-07 	0.000181762
10.875 	6.50459e-06 	-1.53194e-06 	0.000195262
11.0 	6.20727e-06 	-1.11036e-06 	0.000230555
11.0625 	2.68903e-06 	4.17915e-07 	0.000243917
11.1875 	6.12242e-06 	-1.94873e-06 	0.000234308
11.6875 	5.34774e-06 	-1.4695e-06 	0.000261749
11.75 	5.06497e-06 	-5.0049e-07 	0.000273659
11.8125 	6.51173e-06 	-3.14329e-06 	0.000264868
11.875 	3.74143e-06 	-6.6595e-07 	0.00027483
11.9375 	7.74048e-06 	-3.06338e-06 	0.000294017
12.0 	7.61004e-06 	-3.41684e-06 	0.000263153
12.0625 	7.43974e-06 	-1.1897e-06 	0.000227997
12.1875 	6.63207e-06 	-1.86697e-06 	0.000211983
12.3125 	4.94697e-06 	-2.04778e-06 	0.000251292
12.375 	7.14512e-06 	2.92635e-06 	0.000245421
12.625 	7.03917e-06 	3.10728e-06 	0.000224598
12.6875 	7.38936e-06 	-2.73463e-06 	0.000240348
12.8125 	8.04769e-06 	-2.78996e-06 	0.000222903
12.875 	3.38487e-06 	-5.2152e-07 	0.000203082
13.0 	2.84314e-06 	5.66459e-08 	0.000166863
13.0625 	7.07164e-06 	-9.28225e-07 	0.000158852
13.1875 	6.58213e-06 	-2.45417e-06 	0.000168645
13.25 	5.38146e-06 	-1.78231e-06 	0.000162364
13.375 	7.72812e-06 	-1.61639e-06 	0.000162222
13.5625 	6.95377e-06 	-2.65883e-06 	0.000180465
13.625 	5.92461e-06 	-1.24285e-06 	0.000211626
13.6875 	6.31833e-06 	-2.90225e-06 	0.000241529
14.0 	3.96725e-06 	1.05129e-06 	0.000244395
14.0625 	3.8558e-06 	-8.49458e-07 	0.000264273
14.125 	6.04464e-06 	3.04097e-06 	0.000270108
14.1875 	5.66993e-06 	-1.67022e-06 	0.00030014
14.3125 	5.49637e-06 	1.53332e-06 	0.00028124
14.375 	3.18618e-06 	-7.43845e-07 	0.000267849
14.4375 	3.32833e-06 	7.82787e-07 	0.000282123
14.5 	4.80237e-06 	-1.59584e-06 	0.000234684
14.625 	6.83647e-06 	1.83433e-06 	0.000251953
14.6875 	6.1923e-06 	1.96103e-06 	0.000218988
14.75 	4.59922e-06 	-7.14124e-07 	0.000181491
14.8125 	6.49737e-06 	4.70385e-07 	0.000215398
14.9375 	2.56661e-06 	-4.58955e-07 	0.00019631
15.0 	7.4182e-06 	-1.04984e-06 	0.000213982
15.1875 	3.59629e-06 	6.88046e-07 	0.000215881
15.25 	7.38215e-06 	2.3684e-06 	0.000208921
15.3125 	5.41252e-06 	-9.06527e-07 	0.000189724
15.375 	7.56154e-06 	1.2992e-06 	0.000130352
15.4375 	2.98226e-06 	6.95487e-07 	0.000154543
15.5 	5.52606e-06 	-1.82832e-06 	0.000167789
15.8125 	7.20318e-06 	2.93292e-06 	0.000205827
15.875 	2.79325e-06 	8.88539e-07 	0.000225072
15.9375 	6.15306e-06 	1.11197e-06 	0.000246231
16.0 	5.86966e-06 	-2.15952e-06 	0.000259529
16.0625 	6.21685e-06 	-2.84511e-06 	0.000291121
16.125 	6.3479e-06 	2.07707e-06 	0.000339067
16.1875 	2.40331e-06 	-6.17763e-07 	0.000301471
16.25 	4.35817e-06 	-1.37264e-06 	0.000272988
16.3125 	6.92477e-06 	-2.43168e-07 	0.000259824
16.375 	7.37627e-06 	6.1772e-07 	0.000257756
16.5 	3.67463e-06 	3.03488e-07 	0.000264065
16.625 	5.68533e-06 	1.76004e-06 	0.000225223
16.8125 	7.08443e-06 	-2.07709e-06 	0.000251182
16.9375 	7.93293e-06 	-1.08685e-06 	0.000294577
17.25 	5.46708e-06 	2.45622e-06 	0.000318953
17.3125 	6.79872e-06 	3.39411e-06 	0.000304462
17.375 	3.84041e-06 	-3.67034e-07 	0.000326726
17.4375 	4.55039e-06 	8.71811e-07 	0.000310448
17.5625 	7.68251e-06 	1.96373e-06 	0.000288583
17.6875 	7.55895e-06 	3.54105e-06 	0.000323749
18.0 	4.92016e-06 	8.61862e-07 	0.000366554
18.0625 	5.65565e-06 	-1.42991e-06 	0.000356578
18.1875 	7.3148e-06 	-1.42836e-06 	0.000315977
18.25 	6.59958e-06 	-3.03386e-06 	0.000320389
18.375 	3.83697e-06 	6.89703e-07 	0.000322031
18.4375 	6.43151e-06 	-2.10176e-06 	0.000336052
18.5625 	4.59343e-06 	-1.80247e-06 	0.00029063
18.625 	7.1485e-06 	-2.27081e-06 	0.000329637
18.8125 	3.67309e-06 	6.44869e-07 	0.000357231
18.875 	4.80397e-06 	3.14313e-07 	0.000396763
18.9375 	7.05682e-06 	1.58792e-06 	0.000376306
19.125 	6.45574e-06 	-6.12171e-07 	0.000384233
19.4375 	6.80961e-06 	9.52957e-07 	0.000417509
19.5 	6.01699e-06 	-8.54377e-07 	0.000388427
19.625 	8.1643e-06 	3.9327e-06 	0.000407617
19.6875 	8.26044e-06 	2.46698e-06 	0.000413926
19.75 	6.55212e-06 	9.3531e-07 	0.00042871
19.9375 	3.16617e-06 	7.94405e-07 	0.000361373
20.0 	6.86079e-06 	-3.23794e-06 	0.000362509
20.125 	4.16277e-06 	1.66477e-06 	0.000406447
20.1875 	6.50084e-06 	2.76299e-06 	0.000394728
20.375 	4.87704e-06 	1.03854e-06 	0.000398477
20.4375 	5.91584e-06 	1.54518e-06 	0.00042175
20.5 	7.61566e-06 	1.76868e-06 	0.000455465
20.625 	2.89744e-06 	8.7705e-07 	0.00041837
20.6875 	6.67302e-06 	-2.91112e-06 	0.00041911
20.75 	7.0947e-06 	5.93055e-08 	0.000345655
21.0 	5.76623e-06 	6.8321e-07 	0.000400583
21.0625 	7.94199e-06 	-3.68382e-06 	0.000363021
21.1875 	3.17833e-06 	-9.09101e-07 	0.000327044
21.3125 	7.77598e-06 	3.76767e-06 	0.00029704
21.5625 	8.02111e-06 	-2.05638e-06 	0.000265756
21.75 	5.93749e-06 	2.91383e-06 	0.00023423
21.8125 	5.91707e-06 	7.46033e-07 	0.000223961
21.875 	8.13774e-06 	-1.55214e-06 	0.000173109
21.9375 	7.21457e-06 	3.46415e-06 	0.000156384
22.125 	5.54048e-06 	5.46403e-07 	0.000151283
22.1875 	6.17324e-06 	2.15941e-06 	0.000153744
22.25 	5.3671e-06 	-9.00865e-07 	0.000156597
22.3125 	2.94742e-06 	9.18788e-07 	0.00017382
22.375 	7.85467e-06 	6.49754e-07 	0.000175231
22.9375 	4.02224e-06 	3.92235e-07 	0.000170394
23.0 	6.98075e-06 	-1.84955e-06 	0.000143932
23.125 	7.65007e-06 	1.37892e-06 	0.000159784
23.1875 	7.45814e-06 	-2.84614e-06 	0.000137459
23.3125 	7.8135e-06 	1.81876e-06 	0.000173017
23.375 	7.27498e-06 	-1.29306e-06 	0.0001885
23.4375 	6.65891e-06 	-4.48965e-07 	0.000222969
23.6875 	6.40309e-06 	1.90358e-06 	0.000216998
23.8125 	8.09548e-06 	-3.83032e-06 	0.000201007
24.0 	2.76432e-06 	6.66155e-07 	0.000176818
24.0625 	5.80418e-06 	-1.80671e-06 	0.000198371
24.3125 	7.2502e-06 	-1.91205e-06 	0.000244598
24.375 	7.04344e-06 	1.96462e-06 	0.000258901
24.4375 	4.3733e-06 	-1.6321e-06 	0.000250696
24.5625 	7.44113e-06 	-1.66341e-06 	0.000219124
24.6875 	4.35146e-06 	-7.91468e-07 	0.000241723
24.75 	7.64268e-06 	-1.21784e-06 	0.000227009
24.8125 	7.83686e-06 	-3.2205e-06 	0.00022621
25.0 	8.05399e-06 	-3.09212e-06 	0.000248201
25.0625 	7.23606e-06 	1.05332e-06 	0.000266273
25.125 	7.12145e-06 	-8.92261e-07 	0.000292244
25.25 	4.86196e-06 	1.66165e-06 	0.000260235
25.3125 	7.41881e-06 	1.85611e-06 	0.000276119
25.625 	4.34821e-06 	2.25422e-07 	0.00036195
25.6875 	7.3309e-06 	1.38607e-06 	0.000373152
25.75 	7.62032e-06 	-2.05639e-06 	0.000405068
25.8125 	7.94729e-06 	2.52878e-06 	0.000422937
26.0 	4.1087e-06 	-4.75145e-07 	0.000429103
26.125 	6.40014e-06 	-2.67965e-06 	0.000396302
26.25 	3.42794e-06 	4.88121e-07 	0.000385084
26.3125 	5.8086e-06 	1.77796e-06 	0.000365179
26.375 	7.82354e-06 	-1.62729e-06 	0.000370573
26.5 	7.25058e-06 	3.5091e-06 	0.000377924
26.5625 	7.08904e-06 	1.61715e-06 	0.000358254
26.625 	4.35727e-06 	1.99971e-06 	0.000350686
26.6875 	6.49577e-06 	-1.92945e-06 	0.000326405
26.875 	3.00595e-06 	-2.39971e-07 	0.000327147
26.9375 	8.19462e-06 	-3.79296e-06 	0.000372271
27.0 	6.15642e-06 	-1.27975e-06 	0.000386251
27.25 	7.37061e-06 	1.6143e-06 	0.000404952
27.3125 	3.1462e-06 	6.08638e-07 	0.000412959
27.375 	5.06573e-06 	-1.27548e-06 	0.000409032
27.5 	3.64295e-06 	-5.19407e-07 	0.000386466
27.625 	6.71429e-06 	2.98955e-06 	0.000335091
27.6875 	5.91448e-06 	-7.41349e-07 	0.000305247
27.75 	2.41459e-06 	-1.93547e-07 	0.000347752
27.8125 	6.82297e-06 	-8.73362e-07 	0.000353155
28.0 	5.25973e-06 	9.19586e-07 	0.000371612
28.0625 	6.15661e-06 	2.94697e-06 	0.000381109
28.125 	6.67729e-06 	2.17051e-06 	0.000349257
28.3125 	7.89577e-06 	-3.65973e-06 	0.000366881
28.4375 	8.00876e-06 	-1.20674e-06 	0.000338284
28.5 	5.49514e-06 	1.19029e-06 	0.000331531
28.625 	7.71146e-06 	-4.30395e-07 	0.00031909
28.6875 	3.23748e-06 	-1.97606e-07 	0.000315785
28.8125 	7.35839e-06 	-1.25257e-07 	0.000335207
28.875 	7.54691e-06 	1.72552e-06 	0.000352112
28.9375 	6.61424e-06 	-6.06649e-07 	0.000382441
29.0 	6.50737e-06 	1.14106e-06 	0.000378415
29.0625 	7.17021e-06 	8.24318e-07 	0.00037107
29.125 	7.25026e-06 	-1.0051e-06 	0.000371394
29.1875 	3.39625e-06 	1.01963e-06 	0.000339827
29.25 	3.58421e-06 	-6.34275e-07 	0.000327912
29.375 	4.31737e-06 	-6.17077e-07 	0.000307664
29.4375 	6.90175e-06 	-1.44443e-06 	0.000326799
29.625 	5.94284e-06 	2.40222e-06 	0.000270273
29.6875 	8.11448e-06 	-1.95676e-06 	0.000243356
29.75 	7.97062e-06 	1.98768e-06 	0.00024021
29.9375 	5.10343e-06 	-1.60642e-06 	0.000238925
30.125 	5.15336e-06 	1.31835e-06 	0.000255726
30.1875 	7.22231e-06 	-1.40742e-06 	0.00028676
30.25 	5.5183e-06 	1.15159e-06 	0.000271514
30.3125 	5.2604e-06 	-4.72702e-07 	0.000300268
30.375 	6.95607e-06 	1.28671e-06 	0.000282445
30.4375 	3.25343e-06 	6.35352e-07 	0.000297767
30.5 	5.77411e-06 	-2.24389e-06 	0.000290796
30.5625 	5.87573e-06 	-2.49378e-06 	0.000274668
30.6875 	6.53552e-06 	1.25141e-06 	0.000259966
30.8125 	3.9729e-06 	-6.8987e-07 	0.000263197
30.9375 	6.46253e-06 	2.72916e-06 	0.000277742
31.1875 	5.87025e-06 	2.72507e-06 	0.000262829
31.25 	6.84538e-06 	5.54788e-07 	0.00027353
31.375 	5.58565e-06 	5.4805e-07 	0.000265994
31.5 	5.74524e-06 	-6.9691e-07 	0.000266303
31.625 	6.687e-06 	1.143e-06 	0.000252251
31.75 	3.45652e-06 	-6.68937e-07 	0.000285332
31.8125 	6.45519e-06 	-3.1352e-06 	0.000298148
31.875 	6.45008e-06 	-3.05578e-06 	0.000314017
32.0 	8.10995e-06 	-1.64095e-06 	0.000327184
32.125 	8.04946e-06 	-2.49231e-06 	0.000396831
32.1875 	8.11817e-06 	2.04853e-06 	0.000365724
32.25 	7.85019e-06 	-6.77775e-07 	0.000362518
32.3125 	7.96477e-06 	2.17006e-06 	0.000377146
32.4375 	5.80916e-06 	-1.75912e-06 	0.000345822
32.5 	6.78601e-06 	-1.64664e-06 	0.000319284
32.625 	6.82862e-06 	-1.7338e-06 	0.000324142
32.6875 	5.41108e-06 	-3.41282e-07 	0.00036044
32.75 	4.36237e-06 	3.81799e-07 	0.00036042
32.8125 	4.65285e-06 	-4.94521e-07 	0.000420692
32.875 	5.37832e-06 	1.58463e-06 	0.000440106
33.0 	5.74501e-06 	5.89047e-07 	0.00044406
33.0625 	7.23822e-06 	-1.5306e-06 	0.000482527
33.125 	6.55383e-06 	3.03335e-06 	0.000506158
33.1875 	4.22086e-06 	-6.27313e-07 	0.000433037
33.3125 	7.78886e-06 	-1.26461e-06 	0.000435773
33.375 	7.59049e-06 	-7.97997e-07 	0.000427669
33.4375 	6.26782e-06 	2.2149e-06 	0.000448195
33.625 	6.34304e-06 	-2.48501e-06 	0.000447271
33.6875 	3.93018e-06 	-9.10028e-07 	0.000429207
33.875 	7.07894e-06 	2.2654e-06 	0.000404263
33.9375 	4.76949e-06 	1.61039e-06 	0.000432165
34.0625 	7.96141e-06 	9.5923e-07 	0.000447733
34.125 	4.7542e-06 	-7.52943e-07 	0.000450244
34.1875 	7.51229e-06 	3.41408e-06 	0.000460777
34.25 	5.95142e-06 	1.79986e-06 	0.000494583
34.3125 	4.72283e-06 	9.61423e-07 	0.000512154
34.375 	5.705e-06 	8.81407e-07 	0.000491162
34.4375 	4.36485e-06 	5.93649e-07 	0.000520169
34.5 	6.98886e-06 	-3.20423e-06 	0.000500193
34.5625 	6.06041e-06 	-2.62137e-06 	0.000496625
34.625 	7.83205e-06 	4.7435e-07 	0.000501707
34.6875 	7.16124e-06 	3.26032e-06 	0.000479354
34.875 	7.48954e-06 	-1.00511e-06 	0.000439262
34.9375 	7.11439e-06 	6.25933e-07 	0.000422697
35.0625 	7.25928e-06 	3.39043e-06 	0.00040165
35.125 	6.40965e-06 	3.05126e-06 	0.000376637
35.25 	7.88886e-06 	7.84248e-07 	0.000422998
35.3125 	5.15673e-06 	-1.19553e-06 	0.00041977
35.375 	6.84758e-06 	2.40331e-06 	0.000393831
35.625 	8.12344e-06 	-1.57685e-06 	0.000401305
35.6875 	6.94539e-06 	-5.70205e-07 	0.000385873
35.75 	7.45201e-06 	-1.78074e-06 	0.000374235
35.8125 	6.63208e-06 	1.51567e-06 	0.000381336
35.875 	7.52015e-06 	1.31788e-06 	0.000403079
35.9375 	7.48063e-06 	-2.22053e-06 	0.000459102
36.0 	7.70179e-06 	1.93724e-06 	0.00047784
36.125 	7.35591e-06 	-1.23786e-06 	0.000516351
36.25 	6.27857e-06 	-2.15635e-06 	0.000498969
36.4375 	7.66477e-06 	-7.11505e-07 	0.000486354
36.5 	8.06483e-06 	-3.86453e-06 	0.00050993
36.8125 	2.99162e-06 	8.61402e-07 	0.000492372
36.875 	4.70449e-06 	7.7913e-07 	0.000471665
37.125 	4.75229e-06 	9.06277e-07 	0.000502393
37.1875 	5.40684e-06 	1.18519e-06 	0.000491888
37.3125 	4.92693e-06 	-5.31881e-07 	0.000489172
37.4375 	7.64084e-06 	1.26613e-06 	0.000475937
37.5 	3.87576e-06 	-7.13844e-07 	0.000484984
37.5625 	6.95306e-06 	2.7262e-06 	0.000526428
37.75 	4.15769e-06 	-1.37082e-06 	0.000529119
37.9375 	5.81929e-06 	-3.54592e-07 	0.000568381
38.0 	7.42942e-06 	1.91137e-06 	0.000576544
38.0625 	6.69138e-06 	3.20341e-06 	0.000611115
38.125 	6.01642e-06 	1.33871e-06 	0.000611964
38.25 	6.81116e-06 	-1.07331e-07 	0.000628396
38.3125 	6.71938e-06 	-9.11334e-07 	0.000655958
38.4375 	4.13829e-06 	-1.5335e-06 	0.000658
38.5625 	5.95968e-06 	-1.04995e-06 	0.000659899
38.6875 	7.53567e-06 	6.50454e-07 	0.000684978
38.8125 	6.75854e-06 	1.73175e-06 	0.000694251
38.875 	3.06972e-06 	8.28227e-07 	0.000692084
38.9375 	3.72751e-06 	-1.77798e-08 	0.000691166
39.0 	6.68521e-06 	1.9629e-06 	0.000655068
39.0625 	5.49802e-06 	-1.69826e-06 	0.000645549
39.125 	7.38545e-06 	-1.2425e-06 	0.000599481
39.1875 	5.26909e-06 	1.35448e-06 	0.000570774
39.25 	7.43486e-06 	7.94775e-07 	0.000605612
39.3125 	3.27627e-06 	1.1466e-06 	0.00060298
39.5625 	8.12942e-06 	7.38156e-08 	0.00061735
39.625 	7.00153e-06 	-2.52909e-06 	0.000552924
39.6875 	7.47925e-06 	3.5109e-06 	0.000549218
39.75 	6.79546e-06 	1.85739e-06 	0.000548848
39.875 	4.05914e-06 	7.77896e-07 	0.000508093
39.9375 	3.48497e-06 	-3.29675e-07 	0.000578383
40.0 	7.58709e-06 	2.5155e-06 	0.000592147
40.125 	5.35121e-06 	-1.88247e-06 	0.000592008
40.25 	7.21793e-06 	-1.60055e-06 	0.000597571
40.3125 	5.95869e-06 	1.55299e-06 	0.000559224
40.4375 	7.64668e-06 	1.57018e-06 	0.000587092
40.5 	7.94361e-06 	3.79577e-06 	0.000586332
40.5625 	5.72519e-06 	5.31207e-07 	0.000541848
40.625 	8.08953e-06 	2.32422e-06 	0.000528502
40.8125 	6.56651e-06 	1.49963e-06 	0.000562504
40.9375 	7.57326e-06 	-1.26953e-06 	0.0005765
41.125 	3.8319e-06 	7.69315e-07 	0.000522189
41.1875 	3.29896e-06 	9.54835e-07 	0.000536048
41.25 	3.26307e-06 	-6.0141e-07 	0.000507053
41.3125 	6.60356e-06 	-1.75838e-06 	0.000480352
41.4375 	4.18743e-06 	-1.05725e-06 	0.000484241
41.5 	7.3083e-06 	-4.31872e-07 	0.000496917
41.6875 	6.88347e-06 	1.49599e-06 	0.000454062
41.8125 	4.02027e-06 	1.20733e-06 	0.000504855
41.9375 	6.97706e-06 	9.28564e-07 	0.000541104
42.0 	6.1883e-06 	-1.88862e-06 	0.000534184
42.25 	7.86187e-06 	1.42296e-06 	0.000566882
42.5 	6.09097e-06 	1.94121e-06 	0.000556214
42.6875 	8.12324e-06 	2.52819e-06 	0.000555329
42.8125 	6.36908e-06 	2.92362e-06 	0.000560674
42.875 	7.73005e-06 	-3.68066e-06 	0.000571418
42.9375 	4.88072e-06 	1.12581e-06 	0.000589667
43.0 	7.4244e-06 	-7.89262e-07 	0.000581861
43.0625 	7.93296e-06 	9.4402e-07 	0.000559158
43.1875 	6.45071e-06 	-1.4172e-06 	0.000560507
43.3125 	3.19557e-06 	3.42117e-07 	0.000544135
43.375 	6.29579e-06 	-2.50272e-06 	0.000544069
43.6875 	6.87208e-06 	1.43622e-06 	0.000559052
43.8125 	5.80107e-06 	1.30415e-06 	0.000577374
43.9375 	6.32808e-06 	-5.46964e-07 	0.000611417
44.0 	6.1017e-06 	3.6825e-07 	0.000613894
44.0625 	7.4376e-06 	3.02982e-06 	0.000612401
44.125 	6.95982e-06 	3.23332e-06 	0.0006104
44.1875 	6.73691e-06 	-8.61066e-07 	0.000618698
44.25 	4.74206e-06 	-7.32362e-07 	0.00061577
44.3125 	5.19203e-06 	-2.0809e-06 	0.000635356
44.4375 	7.3471e-06 	-9.36575e-07 	0.000645566
44.5625 	3.83056e-06 	4.38694e-08 	0.000667703
44.6875 	5.67185e-06 	-9.74266e-07 	0.000674879
44.8125 	3.73747e-06 	1.1514e-07 	0.000652871
44.875 	6.61166e-06 	3.21797e-06 	0.000691592
44.9375 	4.31828e-06 	2.8871e-07 	0.000706385
45.0 	6.72506e-06 	1.69768e-06 	0.00072105
45.0625 	7.28811e-06 	-9.87507e-07 	0.000693516
45.1875 	5.31571e-06 	-1.43952e-06 	0.000705323
45.3125 	5.90291e-06 	-2.88246e-06 	0.000678644
45.5 	7.37259e-06 	-3.53253e-06 	0.000613384
45.625 	4.70669e-06 	2.4539e-07 	0.000639565
45.6875 	8.18101e-06 	1.9758e-06 	0.000607896
45.75 	5.70251e-06 	1.43127e-06 	0.000648418
46.0 	6.48681e-06 	-8.59898e-07 	0.000645088
46.0625 	5.14634e-06 	9.35422e-07 	0.000637915
46.3125 	8.00086e-06 	-3.19677e-06 	0.000624308
46.5625 	2.36252e-06 	5.03675e-07 	0.000652538
46.625 	4.98948e-06 	-2.07662e-06 	0.000662696
46.6875 	7.02184e-06 	1.06641e-06 	0.000678968
46.75 	4.92838e-06 	-7.16918e-07 	0.000659752
46.875 	7.10104e-06 	2.7899e-07 	0.000638359
47.0 	5.29943e-06 	-1.19217e-06 	0.000611929
47.0625 	5.60528e-06 	8.18824e-07 	0.000629317
47.125 	6.31769e-06 	-1.16414e-06 	0.000623227
47.1875 	4.58024e-06 	-7.39613e-07 	0.000620209
47.25 	8.00965e-06 	1.82216e-06 	0.000608356
47.375 	6.20933e-06 	8.43435e-07 	0.000607679
47.5 	7.03152e-06 	-5.97266e-07 	0.000667053
47.5625 	6.09892e-06 	9.29011e-07 	0.000640507
47.625 	3.18434e-06 	2.5328e-07 	0.000628607
47.6875 	4.29059e-06 	6.257e-07 	0.000633786
47.8125 	7.94247e-06 	-1.24845e-06 	0.000566525
48.0625 	5.63012e-06 	1.65092e-06 	0.000610856
48.1875 	7.50303e-06 	8.61327e-07 	0.000614093
48.25 	7.57952e-06 	3.58981e-06 	0.000643746
48.3125 	7.26824e-06 	-9.87949e-07 	0.00063751
48.4375 	4.7546e-06 	-1.95728e-06 	0.000663406
48.5625 	7.52833e-06 	-1.04261e-06 	0.000685131
48.75 	4.87833e-06 	-1.21698e-06 	0.000743035
48.8125 	6.62176e-06 	-2.343e-06 	0.000746477
48.9375 	7.63564e-06 	3.58631e-06 	0.000789051
49.0 	2.68767e-06 	5.31024e-07 	0.000781392
49.125 	4.27945e-06 	4.87422e-07 	0.000791194
49.25 	6.54533e-06 	2.774e-06 	0.000784484
49.3125 	5.0709e-06 	-9.1145e-07 	0.000785441
49.375 	4.81889e-06 	-9.17999e-07 	0.000794856
49.4375 	7.29166e-06 	1.15249e-06 	0.000758121
49.5 	3.26224e-06 	-1.69061e-07 	0.000779325
49.5625 	5.47916e-06 	1.21416e-06 	0.000796941
49.6875 	6.2839e-06 	3.67816e-07 	0.000799392
49.75 	6.50837e-06 	2.23238e-07 	0.000804673
50.0625 	6.39917e-06 	2.36188e-06 	0.000813478
50.25 	7.15189e-06 	2.40427e-06 	0.000846403
50.3125 	3.96103e-06 	-7.36101e-07 	0.000855213
50.375 	8.03577e-06 	1.3557e-06 	0.000888734
50.4375 	7.70126e-06 	-9.38067e-07 	0.000929185
50.5625 	7.71971e-06 	-1.90926e-06 	0.000918534
50.625 	7.98263e-06 	2.51425e-06 	0.000923185
50.75 	6.88874e-06 	-1.39501e-06 	0.000892096
50.8125 	6.06198e-06 	3.12622e-07 	0.000897005
50.875 	6.51697e-06 	1.22631e-07 	0.000893127
50.9375 	6.0977e-06 	1.79228e-06 	0.000892233
51.0 	7.54817e-06 	-3.61881e-06 	0.000922306
51.125 	3.47693e-06 	7.88337e-07 	0.000925865
51.1875 	6.22733e-06 	2.00811e-06 	0.00091776
51.25 	7.9417e-06 	-1.80772e-06 	0.00091799
51.3125 	3.10547e-06 	6.43609e-07 	0.000926057
51.375 	7.31834e-06 	8.74588e-07 	0.000917957
51.4375 	4.32323e-06 	3.35286e-07 	0.000909143
51.5 	6.98472e-06 	-3.28921e-06 	0.00091498
51.625 	7.12853e-06 	-1.67878e-06 	0.000930158
51.6875 	8.0114e-06 	9.10759e-07 	0.000950334
51.8125 	8.0135e-06 	1.8995e-06 	0.000964299
52.0 	6.41564e-06 	-2.84868e-08 	0.000997164
52.0625 	5.05055e-06 	-1.05633e-06 	0.00100595
52.1875 	7.15151e-06 	-3.40221e-06 	0.00100378
52.3125 	7.97263e-06 	-3.77161e-06 	0.00102359
52.375 	4.21004e-06 	7.2159e-07 	0.00099327
52.5 	6.19786e-06 	1.87338e-06 	0.000995947
52.625 	3.89279e-06 	9.70259e-07 	0.00103902
52.75 	7.09611e-06 	2.32331e-06 	0.0010576
52.8125 	7.97616e-06 	-2.29041e-06 	0.00109562
52.875 	8.16391e-06 	6.19396e-07 	0.00106594
52.9375 	5.335e-06 	1.30166e-06 	0.00105861
53.1875 	7.25175e-06 	-2.56955e-06 	0.000986199
53.25 	4.9373e-06 	-3.34147e-07 	0.000993271
53.3125 	4.44757e-06 	-7.81207e-07 	0.000986521
53.5 	4.56415e-06 	-6.98779e-07 	0.000991539
53.5625 	3.73205e-06 	-2.67596e-07 	0.00101814
53.625 	6.64341e-06 	3.14909e-06 	0.000997792
53.6875 	4.62286e-06 	1.7061e-06 	0.000995701
53.75 	8.0515e-06 	-2.37317e-06 	0.00104481
53.8125 	2.5468e-06 	5.33556e-07 	0.00101336
53.875 	4.23123e-06 	8.24551e-07 	0.000997897
54.0 	4.4832e-06 	1.60537e-06 	0.00101927
54.0625 	7.98e-06 	1.53627e-06 	0.000977573
54.1875 	3.57479e-06 	3.96063e-07 	0.000991597
54.25 	8.04004e-06 	6.52964e-07 	0.0010398
54.3125 	6.83334e-06 	-1.90543e-06 	0.0009711
54.375 	5.79732e-06 	-1.52243e-06 	0.000971044
54.4375 	5.71345e-06 	1.71354e-06 	0.000972088
54.6875 	8.11536e-06 	9.81159e-07 	0.000971736
54.8125 	6.55429e-06 	-2.13972e-06 	0.000940608
54.875 	5.95103e-06 	-1.8479e-06 	0.000996957
54.9375 	7.87858e-06 	-3.75575e-06 	0.000979811
55.0 	7.42932e-06 	-1.73498e-06 	0.000946064
55.125 	3.44919e-06 	-1.14819e-06 	0.000929057
55.3125 	5.31878e-06 	-9.78029e-07 	0.000950381
55.4375 	7.6616e-06 	1.71597e-06 	0.00100059
55.5 	8.10886e-06 	1.69357e-06 	0.000998992
55.6875 	7.32682e-06 	3.50739e-06 	0.00102891
55.75 	6.08174e-06 	-2.38205e-06 	0.00101762
55.875 	4.46839e-06 	-3.46574e-07 	0.00100753
55.9375 	6.78354e-06 	3.1981e-06 	0.00101972
56.0 	6.76388e-06 	1.69881e-06 	0.00103049
56.0625 	7.49663e-06 	1.7898e-06 	0.00103668
56.3125 	7.97633e-06 	1.89596e-06 	0.00104718
56.375 	7.99661e-06 	3.15771e-06 	0.00111633
56.4375 	4.27148e-06 	1.40643e-06 	0.00111357
56.5625 	6.62809e-06 	2.12734e-06 	0.00114845
56.6875 	4.5404e-06 	1.77933e-06 	0.00110627
56.75 	6.70348e-06 	1.68434e-06 	0.00112209
56.8125 	7.37101e-06 	3.47954e-06 	0.00115876
56.9375 	7.71819e-06 	6.32696e-07 	0.00117788
57.0 	3.67303e-06 	7.67827e-07 	0.0011706
57.0625 	3.74697e-06 	8.80132e-07 	0.00116986
57.1875 	3.44814e-06 	-8.02775e-07 	0.00123096
57.25 	6.19988e-06 	9.17919e-07 	0.00124158
57.3125 	8.10676e-06 	-2.86776e-06 	0.00126832
57.4375 	3.89078e-06 	-1.08877e-06 	0.00128298
57.625 	2.59624e-06 	2.13927e-07 	0.00135528
57.6875 	7.36427e-06 	3.50459e-06 	0.00134734
57.75 	5.46521e-06 	7.33145e-07 	0.00130749
57.8125 	2.67007e-06 	-5.71811e-07 	0.00133356
58.0 	6.91142e-06 	5.38794e-07 	0.00135386
58.0625 	6.69338e-06 	1.44893e-06 	0.00135161
58.125 	7.5354e-06 	-3.74562e-06 	0.00133237
58.1875 	8.13631e-06 	3.92598e-06 	0.00134524
58.25 	7.44318e-06 	-3.05499e-07 	0.00134583
58.3125 	8.04083e-06 	-1.62299e-06 	0.00132316
58.4375 	6.29168e-06 	1.77594e-06 	0.00128462
58.5625 	5.71797e-06 	6.51242e-07 	0.00130584
58.6875 	5.6365e-06 	4.77626e-07 	0.0013441
58.8125 	7.01544e-06 	-5.71234e-07 	0.0013465
58.875 	2.3979e-06 	-4.26903e-07 	0.00129233
58.9375 	4.9987e-06 	1.07617e-06 	0.00126357
59.0 	8.09053e-06 	-3.45487e-06 	0.00126473
59.125 	5.44903e-06 	-9.00472e-07 	0.00130272
59.25 	3.28634e-06 	-8.12891e-07 	0.00131772
59.3125 	4.78636e-06 	7.63595e-07 	0.00129629
59.375 	4.27925e-06 	8.48655e-07 	0.00131096
59.5 	7.72659e-06 	-1.38952e-06 	0.00130462
59.6875 	4.78594e-06 	-5.20729e-07 	0.00132452
59.8125 	4.68098e-06 	2.13084e-07 	0.00129065
59.875 	3.53138e-06 	4.74888e-07 	0.00133519
59.9375 	7.83869e-06 	8.71038e-07 	0.00135056
60.125 	5.44823e-06 	3.01943e-07 	0.00136071
60.375 	8.10555e-06 	2.47968e-06 	0.00135088
60.4375 	6.82421e-06 	3.2626e-06 	0.00131368
60.5625 	7.13065e-06 	-1.30749e-06 	0.00138964
60.625 	5.34658e-06 	1.15411e-06 	0.00137333
60.875 	7.48572e-06 	3.58098e-06 	0.00142062
61.0 	6.73281e-06 	-9.23882e-07 	0.0014384
61.125 	6.76579e-06 	6.39574e-07 	0.00145243
61.1875 	4.47608e-06 	-6.96334e-07 	0.00142655
61.25 	7.31466e-06 	3.53479e-06 	0.00146036
61.4375 	6.28526e-06 	-2.09766e-06 	0.00144843
61.5 	7.4218e-06 	1.9255e-06 	0.00148493
61.625 	3.54864e-06 	-5.14823e-07 	0.00146721
61.6875 	6.44159e-06 	1.59557e-06 	0.00146448
61.8125 	7.86109e-06 	9.28471e-07 	0.00143844
61.9375 	7.63164e-06 	-8.58378e-07 	0.00142801
62.125 	3.42892e-06 	-6.91237e-07 	0.00145053
62.1875 	6.41246e-06 	-3.04329e-06 	0.0014457
62.25 	5.82531e-06 	-1.96627e-06 	0.00144444
62.375 	5.02497e-06 	-1.99926e-06 	0.0014652
62.5 	7.51744e-06 	-2.7978e-06 	0.00147049
62.5625 	6.79777e-06 	-7.00362e-07 	0.0014871
62.75 	5.98687e-06 	-1.81302e-06 	0.00146498
62.875 	3.79377e-06 	-6.71115e-07 	0.00145952
62.9375 	3.94257e-06 	-7.84004e-07 	0.00145794
63.0 	3.03992e-06 	-6.0214e-07 	0.0014191
63.25 	8.09984e-06 	3.85713e-06 	0.00144251
63.4375 	8.17053e-06 	2.16254e-06 	0.00142544
63.5625 	8.06091e-06 	1.03318e-06 	0.00144259
63.8125 	5.43491e-06 	-1.52485e-06 	0.00145705
63.9375 	3.84154e-06 	6.90801e-07 	0.0014553
64.0 	6.63823e-06 	3.12912e-06 	0.00146479
64.25 	5.62976e-06 	2.06272e-06 	0.00149565
64.4375 	6.14646e-06 	1.32682e-06 	0.00151942
64.5625 	6.16888e-06 	1.52922e-07 	0.00153128
64.6875 	8.19516e-06 	9.72454e-07 	0.00151311
64.75 	8.06454e-06 	2.15047e-06 	0.00149647
64.8125 	7.54217e-06 	-3.06957e-06 	0.00145217
64.875 	5.65776e-06 	-1.03011e-06 	0.00146808
64.9375 	7.83048e-06 	-2.99375e-06 	0.00147459
65.0 	5.95505e-06 	2.80966e-06 	0.00147276
65.0625 	5.81021e-06 	1.71706e-06 	0.0014982
65.125 	6.97813e-06 	-3.31431e-06 	0.00150564
65.5 	4.24792e-06 	-4.82549e-07 	0.00151974
65.625 	7.76997e-06 	-3.10774e-06 	0.00154161
65.8125 	6.47084e-06 	-2.61447e-06 	0.00153106
65.9375 	4.50863e-06 	-5.99514e-07 	0.00149085
66.0 	4.54586e-06 	1.5109e-06 	0.0015315
66.0625 	3.46699e-06 	9.647e-07 	0.00152781
66.3125 	2.47867e-06 	2.65892e-07 	0.00155448
66.5 	7.92636e-06 	-4.28541e-07 	0.00155454
66.75 	5.16414e-06 	2.31386e-06 	0.00160647
66.8125 	7.65033e-06 	2.30269e-06 	0.00157578
66.875 	6.3128e-06 	-5.72198e-07 	0.00155376
66.9375 	4.59334e-06 	-9.52662e-07 	0.00158377
67.25 	4.96282e-06 	-9.04698e-07 	0.00164505
67.375 	6.12057e-06 	2.82398e-06 	0.00169424
67.4375 	6.22789e-06 	1.94202e-06 	0.00167349
67.5 	3.82013e-06 	8.84137e-07 	0.00167395
67.8125 	3.30925e-06 	5.55209e-07 	0.00166913
67.875 	6.87136e-06 	-3.32836e-06 	0.00164248
67.9375 	7.55223e-06 	-1.15196e-06 	0.00164447
68.0 	4.38233e-06 	-4.75584e-07 	0.00164672
68.0625 	2.68638e-06 	3.87853e-07 	0.00161037
68.125 	6.18227e-06 	-9.57299e-07 	0.00161181
68.1875 	6.89913e-06 	1.20866e-07 	0.00161489
68.3125 	7.57175e-06 	1.74402e-06 	0.00162349
68.375 	4.28251e-06 	-5.09634e-07 	0.00161089
68.4375 	4.32815e-06 	-6.9907e-07 	0.00158085
68.5625 	7.60674e-06 	4.52551e-07 	0.00156869
68.6875 	6.15946e-06 	-1.60556e-06 	0.00158298
68.75 	5.78845e-06 	7.89139e-07 	0.00152981
68.8125 	6.20926e-06 	1.91842e-06 	0.00156782
68.9375 	6.06213e-06 	-6.92681e-07 	0.00155395
69.125 	4.36436e-06 	-1.11545e-06 	0.00153452
69.1875 	5.75735e-06 	2.47753e-06 	0.00150963
69.25 	4.21825e-06 	7.6188e-07 	0.001509
69.3125 	4.91734e-06 	-9.13756e-07 	0.00152546
69.4375 	5.77054e-06 	1.79398e-06 	0.00153238
69.5 	5.35816e-06 	-1.54293e-06 	0.00152197
69.75 	7.67235e-06 	1.50876e-06 	0.00151997
69.8125 	7.37749e-06 	-7.96054e-07 	0.00150567
69.875 	6.84631e-06 	-1.34948e-06 	0.00152532
69.9375 	7.29753e-06 	-3.22991e-06 	0.00150159
