# time 	Local 	Global 	Cumulative
0.333274 	4.93578e-06 	7.46821e-07 	9.38383e-06
0.642226 	4.55782e-06 	1.22103e-06 	2.23279e-05
0.766734 	4.31772e-06 	3.65409e-07 	4.78027e-06
0.828988 	3.60583e-06 	1.56928e-06 	1.66308e-05
1.26477 	2.83261e-06 	-1.16017e-07 	5.89777e-06
1.38927 	3.7756e-06 	4.86914e-07 	-2.14436e-05
1.45153 	5.881e-06 	-2.91397e-06 	-5.24033e-05
1.51378 	4.50731e-06 	-5.73547e-07 	-2.85408e-05
1.7628 	5.66033e-06 	2.69767e-06 	4.93745e-05
1.8873 	3.37764e-06 	-4.89984e-07 	7.09833e-05
1.94956 	5.09831e-06 	-2.55804e-06 	5.9327e-05
2.19857 	5.92534e-06 	-5.31522e-07 	8.166e-05
2.26083 	2.70378e-06 	3.5424e-09 	6.58913e-05
2.32308 	3.58066e-06 	-4.88443e-07 	7.64168e-05
2.38534 	3.84786e-06 	-1.01887e-06 	0.000109794
2.44759 	5.29245e-06 	-1.03362e-06 	0.000157941
2.63435 	5.64939e-06 	-1.27933e-06 	0.000164036
2.69661 	7.27421e-06 	-2.30489e-06 	0.000202901
2.88337 	5.8378e-06 	3.0566e-06 	0.000258438
2.94562 	3.62594e-06 	-7.60374e-07 	0.000236278
3.07013 	4.98812e-06 	2.33349e-06 	0.000220715
3.31914 	8.02639e-06 	2.97808e-06 	0.000239436
3.3814 	5.50036e-06 	1.6399e-06 	0.000258945
3.44365 	4.94348e-06 	-2.52104e-06 	0.000248498
3.69267 	4.93947e-06 	1.21481e-07 	0.000250046
3.75492 	4.73589e-06 	1.31091e-06 	0.000240192
3.87943 	4.7191e-06 	1.37514e-06 	0.000194785
4.06619 	4.58229e-06 	-1.57398e-06 	0.000214424
4.12845 	7.94445e-06 	1.08314e-06 	0.000234453
4.1907 	3.72537e-06 	3.8065e-07 	0.000250022
4.25295 	6.30444e-06 	-1.55072e-06 	0.000229005
4.31521 	3.89768e-06 	8.94262e-07 	0.000222536
4.50197 	7.98382e-06 	-9.02771e-07 	0.000240744
4.56422 	6.39965e-06 	-1.36716e-06 	0.000225008
4.62648 	4.34803e-06 	-7.58012e-07 	0.000227058
4.68873 	4.88265e-06 	2.38418e-06 	0.000202085
4.93775 	6.45529e-06 	-1.98069e-06 	0.000218486
5.0 	8.07867e-06 	2.26165e-06 	0.000222986
5.0625 	4.28364e-06 	-1.88438e-06 	0.000205303
5.125 	6.3072e-06 	-2.52721e-08 	0.000208032
5.25 	3.49353e-06 	5.53122e-07 	0.000245469
5.375 	7.3021e-06 	-3.47159e-06 	0.000260817
5.5 	7.9034e-06 	-2.25644e-06 	0.000242479
5.5625 	3.84303e-06 	1.64064e-06 	0.000299453
5.625 	5.9685e-06 	3.01815e-06 	0.000324253
5.6875 	3.25624e-06 	-5.59065e-07 	0.000299188
5.8125 	3.37282e-06 	-4.87021e-07 	0.00029683
5.875 	3.64305e-06 	8.0157e-07 	0.000278163
5.9375 	8.18822e-06 	-3.44843e-06 	0.000305396
6.0 	6.64958e-06 	1.30546e-06 	0.00030708
6.1875 	7.64424e-06 	1.8439e-06 	0.000353018
6.25 	6.7436e-06 	8.33832e-07 	0.000373097
6.4375 	8.16501e-06 	-1.23188e-06 	0.000376139
6.75 	5.20313e-06 	-1.26271e-06 	0.000345629
6.8125 	6.46394e-06 	-1.98189e-06 	0.000327972
6.9375 	8.08575e-06 	2.86273e-06 	0.000309521
7.1875 	6.97302e-06 	2.03781e-06 	0.000309732
7.5625 	3.0202e-06 	-1.62644e-07 	0.000315941
7.6875 	5.27453e-06 	-1.39177e-06 	0.000353872
7.8125 	6.10317e-06 	-1.63045e-06 	0.000360483
7.9375 	6.32232e-06 	-1.53593e-06 	0.000383013
8.0 	3.41926e-06 	-4.81526e-07 	0.000349618
8.0625 	6.72505e-06 	-1.34933e-06 	0.000350866
8.125 	6.9164e-06 	-2.92695e-06 	0.000370861
8.4375 	6.43745e-06 	-1.35955e-06 	0.000301537
8.5 	4.22249e-06 	1.17501e-06 	0.000280199
8.5625 	4.21716e-06 	1.60649e-06 	0.000254908
8.8125 	3.94187e-06 	9.79733e-07 	0.000221713
8.9375 	4.81985e-06 	2.43499e-06 	0.000227253
9.0 	2.85459e-06 	-6.18014e-07 	0.000228278
9.1875 	5.04743e-06 	1.57094e-06 	0.000229547
9.25 	3.18505e-06 	4.06144e-07 	0.000258763
9.3125 	4.75717e-06 	1.02263e-06 	0.000237637
9.375 	3.43927e-06 	-5.02417e-07 	0.000222289
9.4375 	4.64331e-06 	-1.27742e-06 	0.000182772
9.5625 	6.4288e-06 	-1.25605e-06 	0.00017111
9.625 	7.19688e-06 	3.3717e-06 	0.000177164
9.6875 	8.28884e-06 	1.50422e-06 	0.000195092
9.8125 	4.2682e-06 	-5.21974e-07 	0.000217769
9.9375 	7.28445e-06 	-1.76339e-06 	0.000258587
10.0 	5.44225e-06 	2.40778e-06 	0.000220768
10.3125 	7.71509e-06 	2.18283e-06 	0.000217303
10.625 	4.3552e-06 	1.13815e-06 	0.000213197
10.6875 	7.99571e-06 	-1.18169e-06 	0.000198408
10.75 	5.85571e-06 	-1.37833e-06 	0.000205334
10.8125 	7.15836e-06 	-8.98207e-07 	0.000179328
10.875 	6.14068e-06 	-8.98549e-07 	0.000208982
11.0 	6.18455e-06 	1.81084e-06 	0.000244901
11.0625 	7.24736e-06 	1.43076e-06 	0.000231117
11.1875 	4.33156e-06 	-9.52713e-07 	0.00024622
11.6875 	7.46227e-06 	-1.84587e-06 	0.000253002
11.75 	3.92833e-06 	-7.21402e-07 	0.00027786
11.8125 	7.46714e-06 	3.81932e-06 	0.000292373
11.9375 	3.56829e-06 	-9.59224e-07 	0.000301874
12.0 	6.70277e-06 	1.71225e-06 	0.0002572
12.1875 	7.86723e-06 	-3.45136e-06 	0.000210555
12.3125 	4.27686e-06 	8.69181e-07 	0.00024937
12.375 	6.06948e-06 	2.01154e-06 	0.000231379
12.625 	6.35423e-06 	1.57186e-06 	0.000230133
12.6875 	5.01471e-06 	1.18305e-06 	0.000253705
12.8125 	7.5519e-06 	2.42972e-06 	0.000219028
12.875 	4.58507e-06 	8.0052e-07 	0.000209881
13.0 	4.90556e-06 	7.69909e-07 	0.000159763
13.0625 	7.90881e-06 	-1.57369e-06 	0.000184338
13.1875 	4.53204e-06 	1.73525e-06 	0.000165301
13.25 	5.46034e-06 	1.6855e-06 	0.000172652
13.5625 	4.25685e-06 	9.68036e-07 	0.000196221
13.625 	5.12901e-06 	1.21558e-06 	0.000207701
13.6875 	5.17543e-06 	-1.22383e-06 	0.000251246
14.0625 	4.86671e-06 	1.1541e-06 	0.000253755
14.125 	7.23689e-06 	-1.69224e-06 	0.000279035
14.1875 	7.11564e-06 	2.10192e-06 	0.000304067
14.3125 	3.29407e-06 	-8.38978e-07 	0.000284582
14.375 	2.25164e-06 	-2.72333e-07 	0.000270926
14.4375 	3.74749e-06 	9.95992e-07 	0.000270164
14.5 	4.75944e-06 	7.12606e-07 	0.000243273
14.625 	7.59604e-06 	9.49734e-07 	0.000235199
14.6875 	5.91278e-06 	-1.61621e-06 	0.000197244
14.75 	5.14465e-06 	-2.44077e-06 	0.000201264
14.8125 	7.34346e-06 	-1.16666e-06 	0.000210841
14.9375 	5.32612e-06 	1.53632e-06 	0.000197256
15.0 	4.50203e-06 	8.96151e-07 	0.000208452
15.1875 	4.50811e-06 	-1.19712e-06 	0.000212539
15.25 	6.51729e-06 	-5.59071e-07 	0.000198317
15.3125 	5.73168e-06 	2.4271e-06 	0.000168134
15.375 	6.98126e-06 	-3.56261e-06 	0.000124038
15.4375 	3.37349e-06 	5.93606e-07 	0.000144893
15.5 	5.42045e-06 	7.31878e-07 	0.000143253
15.8125 	3.92888e-06 	1.37559e-06 	0.000202761
15.9375 	6.57711e-06 	-1.29542e-06 	0.000238817
16.0 	7.83933e-06 	-2.42019e-06 	0.00026736
16.0625 	6.98407e-06 	1.54596e-06 	0.000308367
16.125 	3.5282e-06 	-5.24416e-07 	0.000311061
16.1875 	3.83206e-06 	-6.8223e-07 	0.000286195
16.25 	7.95433e-06 	2.2025e-06 	0.000279624
16.375 	6.58364e-06 	3.13823e-06 	0.000257031
16.5 	5.06062e-06 	-1.16725e-06 	0.00025251
16.625 	8.24676e-06 	-3.03602e-06 	0.000225688
16.8125 	5.85904e-06 	-1.34623e-06 	0.000252286
16.9375 	6.82538e-06 	1.86272e-06 	0.000283953
17.25 	5.54941e-06 	-1.24498e-06 	0.000330108
17.3125 	4.22079e-06 	5.62581e-07 	0.000317647
17.375 	4.89701e-06 	-1.20261e-06 	0.000334649
17.4375 	5.90343e-06 	1.59027e-06 	0.000311528
17.5625 	5.35926e-06 	-1.02695e-06 	0.000292746
17.6875 	5.33999e-06 	-2.57271e-06 	0.000329985
18.0 	7.60188e-06 	2.25019e-07 	0.000375834
18.0625 	6.14695e-06 	-1.6034e-06 	0.000340163
18.1875 	5.67973e-06 	2.03491e-06 	0.000303826
18.25 	5.53952e-06 	2.26252e-06 	0.000327573
18.375 	5.17436e-06 	8.60266e-07 	0.000326028
18.4375 	7.17003e-06 	2.68219e-06 	0.000327552
18.5625 	6.28764e-06 	-7.62382e-07 	0.000298248
18.625 	4.02058e-06 	-9.54678e-07 	0.000351053
18.8125 	4.27906e-06 	8.08534e-07 	0.000367667
18.875 	8.07682e-06 	5.32254e-07 	0.000381429
18.9375 	3.5061e-06 	-4.58482e-07 	0.000371312
19.125 	5.15292e-06 	-1.56762e-06 	0.000392331
19.4375 	3.78051e-06 	-5.72718e-07 	0.00041381
19.5 	5.12182e-06 	1.69563e-06 	0.00038938
19.625 	5.65809e-06 	-6.94871e-07 	0.000399956
19.6875 	4.49804e-06 	9.22912e-07 	0.000411718
19.75 	4.86664e-06 	1.05313e-06 	0.000429514
19.9375 	4.27703e-06 	-1.09998e-06 	0.000362262
20.125 	7.49435e-06 	-2.25253e-06 	0.000392003
20.1875 	5.32257e-06 	-7.5236e-07 	0.000410128
20.375 	8.02572e-06 	-3.80187e-06 	0.000400554
20.4375 	7.82211e-06 	-1.20341e-06 	0.000435882
20.5 	5.04703e-06 	-1.05911e-06 	0.000436749
20.625 	7.35521e-06 	-9.78559e-07 	0.000417133
20.6875 	4.05128e-06 	9.53165e-07 	0.000420243
20.75 	5.47533e-06 	1.56982e-06 	0.000333987
21.0 	4.88649e-06 	5.7039e-07 	0.000392358
21.0625 	4.19956e-06 	-1.23828e-06 	0.000361149
21.1875 	5.09842e-06 	-1.35431e-06 	0.000329211
21.3125 	7.59285e-06 	1.78929e-06 	0.000313173
21.5625 	4.72269e-06 	8.93985e-07 	0.000271189
21.75 	5.10428e-06 	-1.11385e-06 	0.000218169
21.8125 	4.80676e-06 	-1.70324e-06 	0.000221949
21.875 	6.13297e-06 	6.99502e-07 	0.00017651
21.9375 	4.11064e-06 	-8.4422e-07 	0.00015675
22.1875 	4.5725e-06 	7.32172e-07 	0.000159631
22.25 	6.21289e-06 	2.50407e-06 	0.000166635
22.3125 	4.72424e-06 	1.16957e-06 	0.000164478
22.9375 	6.87387e-06 	-1.80594e-06 	0.00015931
23.0 	4.39083e-06 	-1.10214e-06 	0.000151889
23.125 	7.90965e-06 	-2.65846e-06 	0.000153965
23.1875 	3.83945e-06 	-6.78236e-07 	0.00014086
23.3125 	2.87968e-06 	1.04958e-07 	0.000172904
23.375 	4.64777e-06 	1.22474e-06 	0.000196904
23.4375 	4.22863e-06 	1.01558e-06 	0.000218714
23.6875 	6.71532e-06 	-5.50714e-08 	0.000210499
23.8125 	6.23555e-06 	-1.3306e-06 	0.000183455
24.0 	5.36867e-06 	3.56052e-07 	0.00017956
24.0625 	5.07983e-06 	1.1754e-06 	0.000188466
24.3125 	3.00153e-06 	5.84196e-07 	0.000258932
24.375 	5.04721e-06 	1.0406e-06 	0.000268777
24.4375 	7.17739e-06 	1.75746e-06 	0.000264247
24.5625 	5.267e-06 	-1.19136e-06 	0.000217731
24.6875 	4.99506e-06 	1.18345e-06 	0.000245583
24.75 	7.72805e-06 	2.11373e-06 	0.000206753
24.8125 	7.46385e-06 	1.95593e-06 	0.000239552
25.0 	4.00228e-06 	5.12966e-07 	0.000249377
25.0625 	6.57476e-06 	1.98173e-06 	0.000273954
25.125 	6.28259e-06 	1.77076e-06 	0.000280758
25.25 	3.64639e-06 	-5.96462e-07 	0.000248649
25.3125 	7.53879e-06 	3.83116e-06 	0.00030685
25.625 	7.3798e-06 	-1.82207e-06 	0.000368142
25.6875 	3.56857e-06 	-1.54818e-06 	0.00038193
25.75 	8.20645e-06 	1.65758e-06 	0.000409743
25.8125 	7.32092e-06 	4.04046e-07 	0.000415975
26.0 	5.42702e-06 	1.02565e-06 	0.000435132
26.125 	5.32231e-06 	1.21597e-06 	0.000391146
26.25 	4.44553e-06 	7.22169e-07 	0.00037521
26.375 	7.24001e-06 	2.10493e-06 	0.000358964
26.5 	5.03406e-06 	-6.70685e-07 	0.000367573
26.625 	7.97526e-06 	-1.36346e-06 	0.000320415
26.6875 	5.31096e-06 	7.7093e-07 	0.000310127
26.875 	4.89808e-06 	-9.00494e-07 	0.000330898
26.9375 	6.39702e-06 	1.19164e-06 	0.000368198
27.0 	4.54479e-06 	3.42678e-07 	0.00038236
27.25 	5.32186e-06 	1.38788e-06 	0.000412166
27.3125 	4.20888e-06 	1.68153e-06 	0.000407927
27.625 	6.01075e-06 	-2.46807e-06 	0.000331402
27.75 	6.69439e-06 	2.23782e-06 	0.000347649
28.0 	3.56567e-06 	-4.50314e-07 	0.000360422
28.0625 	5.61231e-06 	7.252e-07 	0.000376698
28.125 	3.74997e-06 	9.20989e-07 	0.000360044
28.3125 	7.21329e-06 	1.04888e-06 	0.000357162
28.5 	6.92448e-06 	-6.93596e-07 	0.000319354
28.6875 	6.30827e-06 	1.77561e-06 	0.000323436
28.8125 	6.72333e-06 	3.22863e-06 	0.000340556
28.875 	4.75997e-06 	-6.77036e-07 	0.000354351
29.0 	7.13154e-06 	1.55542e-06 	0.000379414
29.0625 	5.14252e-06 	6.12192e-07 	0.000370914
29.125 	5.53232e-06 	-1.21156e-06 	0.000358526
29.1875 	5.55983e-06 	-1.52431e-06 	0.000326511
29.25 	7.569e-06 	-1.74609e-06 	0.000304383
29.375 	7.90773e-06 	-9.41434e-07 	0.00031299
29.4375 	5.61106e-06 	1.21342e-06 	0.000319564
29.625 	7.33638e-06 	1.05662e-06 	0.000282296
29.6875 	5.09575e-06 	-7.71401e-07 	0.000237891
29.75 	7.61051e-06 	-1.35067e-06 	0.000230063
29.9375 	5.07366e-06 	3.5787e-07 	0.000236646
30.125 	7.05778e-06 	2.99385e-07 	0.000262735
30.25 	5.50812e-06 	1.24131e-06 	0.000276361
30.3125 	7.80869e-06 	3.3983e-06 	0.000299379
30.375 	7.29282e-06 	2.21875e-06 	0.000262331
30.4375 	4.34032e-06 	9.66021e-07 	0.000290384
30.5 	7.01406e-06 	2.36757e-06 	0.000291392
30.5625 	5.86442e-06 	1.93396e-06 	0.000263602
30.8125 	4.99666e-06 	-1.0655e-06 	0.000275814
30.9375 	4.26828e-06 	9.42171e-07 	0.000262905
31.1875 	3.55048e-06 	7.39874e-07 	0.000281725
31.25 	3.44563e-06 	-4.54372e-07 	0.000274226
31.375 	4.20455e-06 	-5.32195e-07 	0.000264126
31.625 	7.33812e-06 	1.81352e-06 	0.000262304
31.75 	6.36002e-06 	1.32971e-06 	0.000299017
31.8125 	5.86517e-06 	1.78237e-06 	0.000317475
31.875 	3.4018e-06 	-8.4139e-08 	0.000318895
32.0 	7.83651e-06 	2.92972e-06 	0.000351272
32.125 	5.77408e-06 	-1.44135e-06 	0.000387407
32.1875 	7.7239e-06 	1.76187e-06 	0.000374374
32.25 	3.35989e-06 	-5.70311e-07 	0.000366295
32.3125 	7.79408e-06 	-2.57887e-06 	0.000365887
32.4375 	4.70415e-06 	-1.06765e-06 	0.0003428
32.5 	7.19664e-06 	-1.47994e-06 	0.000324059
32.625 	3.87404e-06 	-1.20292e-06 	0.000332541
32.6875 	3.91855e-06 	-4.29845e-07 	0.000348096
32.75 	5.54897e-06 	1.10436e-06 	0.000372099
32.8125 	7.56676e-06 	5.11144e-07 	0.00041821
32.875 	4.23401e-06 	6.39944e-07 	0.000436725
33.0 	4.68401e-06 	-1.37656e-06 	0.000443503
33.0625 	5.29691e-06 	-6.6903e-07 	0.000479121
33.125 	5.92933e-06 	-6.97098e-07 	0.000482848
33.3125 	7.16749e-06 	-1.61423e-06 	0.000445681
33.375 	4.63266e-06 	-7.49583e-07 	0.000423716
33.4375 	3.78437e-06 	-7.4136e-07 	0.000457984
33.625 	7.37387e-06 	1.86539e-06 	0.000440073
33.6875 	3.95275e-06 	1.11465e-06 	0.000435377
33.875 	4.31094e-06 	1.03012e-06 	0.000402829
33.9375 	5.53007e-06 	1.32885e-06 	0.000442856
34.125 	4.10476e-06 	-8.70238e-07 	0.000434024
34.1875 	7.33723e-06 	3.70546e-06 	0.000479669
34.25 	6.16059e-06 	1.08567e-06 	0.000503706
34.3125 	6.52364e-06 	1.82351e-06 	0.000488324
34.375 	5.81922e-06 	-2.24015e-06 	0.000501536
34.5 	6.50844e-06 	-1.50254e-06 	0.000517238
34.5625 	7.83404e-06 	1.06575e-06 	0.000494044
34.625 	6.26717e-06 	-1.35004e-06 	0.000491626
34.6875 	4.14073e-06 	-1.34102e-06 	0.00046621
34.875 	4.88028e-06 	9.35244e-07 	0.00044009
34.9375 	6.04352e-06 	-1.06378e-06 	0.000414978
35.0625 	2.76969e-06 	-7.89401e-08 	0.000394006
35.125 	4.85229e-06 	-1.95183e-06 	0.000382237
35.25 	6.66805e-06 	-1.21441e-06 	0.000423063
35.3125 	5.85892e-06 	1.19851e-06 	0.000404018
35.375 	5.36267e-06 	-1.39298e-06 	0.000391035
35.625 	5.59379e-06 	-1.74656e-06 	0.000409329
35.6875 	5.00441e-06 	-1.11423e-06 	0.000396033
35.75 	6.00578e-06 	7.81171e-07 	0.000379771
35.8125 	4.64212e-06 	8.65386e-07 	0.000391372
35.875 	7.55111e-06 	2.56987e-06 	0.000416097
35.9375 	6.59159e-06 	-1.20372e-06 	0.000459671
36.0 	7.97953e-06 	3.14188e-06 	0.000497734
36.125 	6.53672e-06 	2.2123e-06 	0.000500796
36.25 	7.56201e-06 	5.7842e-07 	0.000511352
36.4375 	5.78792e-06 	-1.11556e-06 	0.00047915
36.5 	6.15572e-06 	1.8958e-06 	0.000515762
36.8125 	5.83753e-06 	-1.78217e-06 	0.000489138
36.875 	6.53688e-06 	-1.68963e-06 	0.000468234
37.125 	7.23503e-06 	5.58999e-07 	0.000507815
37.1875 	7.52298e-06 	-1.1622e-06 	0.000510707
37.3125 	6.30866e-06 	1.74114e-06 	0.000510527
37.4375 	3.49089e-06 	3.32451e-07 	0.000451462
37.5 	4.16581e-06 	5.45341e-07 	0.000494021
37.5625 	5.78856e-06 	-1.70747e-06 	0.000530726
37.75 	4.90047e-06 	-1.26366e-06 	0.000535464
37.9375 	5.35486e-06 	1.23366e-06 	0.000571071
38.0 	6.22814e-06 	-9.61906e-07 	0.000567578
38.0625 	4.36946e-06 	2.07275e-06 	0.000605532
38.125 	5.65442e-06 	-5.08478e-07 	0.000608224
38.25 	7.2278e-06 	5.94385e-07 	0.000641966
38.3125 	4.27136e-06 	-6.00396e-07 	0.000654005
38.4375 	5.98239e-06 	1.32262e-06 	0.000654736
38.5625 	3.93776e-06 	1.00219e-06 	0.00065596
38.6875 	4.91046e-06 	-1.98059e-06 	0.00067038
38.8125 	7.44182e-06 	-1.12105e-06 	0.000697647
38.875 	5.37623e-06 	-1.05065e-06 	0.000695778
38.9375 	7.56664e-06 	-2.43661e-06 	0.000676992
39.0 	5.68582e-06 	-2.79079e-06 	0.000648883
39.0625 	4.30666e-06 	-1.04772e-06 	0.000646811
39.1875 	4.40978e-06 	-1.11517e-06 	0.000570979
39.25 	8.02315e-06 	-2.70372e-06 	0.000607145
39.3125 	3.74683e-06 	-7.07774e-07 	0.000612728
39.5625 	7.89637e-06 	-1.27255e-06 	0.000597871
39.625 	5.37554e-06 	-1.6621e-06 	0.000563825
39.6875 	6.96095e-06 	-1.91121e-06 	0.00053672
39.75 	4.25733e-06 	-1.2841e-06 	0.000536171
39.875 	5.86167e-06 	-1.77104e-06 	0.000516059
39.9375 	3.5536e-06 	4.96783e-07 	0.000574021
40.0 	3.9989e-06 	-5.00382e-07 	0.000595117
40.125 	6.24679e-06 	2.74737e-06 	0.000582682
40.25 	3.98898e-06 	-5.24064e-07 	0.000575628
40.3125 	6.50331e-06 	1.70994e-06 	0.000560037
40.4375 	7.88237e-06 	-1.19413e-06 	0.00059286
40.5 	3.62211e-06 	8.09976e-07 	0.000589775
40.5625 	3.74959e-06 	5.80715e-07 	0.000542863
40.625 	4.22048e-06 	1.41394e-06 	0.000525395
40.8125 	3.97735e-06 	-5.91339e-08 	0.000571985
40.9375 	6.14953e-06 	-9.90493e-07 	0.000568706
41.125 	4.19659e-06 	-1.91616e-06 	0.000512747
41.1875 	6.0515e-06 	-3.10967e-06 	0.000537431
41.25 	4.62767e-06 	-8.60792e-07 	0.000503849
41.3125 	4.75151e-06 	9.31871e-07 	0.000473963
41.4375 	3.02258e-06 	-2.28172e-07 	0.000477719
41.5 	6.51327e-06 	-1.17038e-06 	0.000489554
41.6875 	7.40218e-06 	2.28632e-06 	0.000471305
41.8125 	7.87434e-06 	-3.21416e-06 	0.000511151
41.9375 	2.88439e-06 	-5.54701e-07 	0.000543065
42.0 	4.42999e-06 	-8.80856e-07 	0.000551317
42.25 	6.38739e-06 	5.2821e-07 	0.000567491
42.5 	5.94379e-06 	-1.21393e-06 	0.000551736
42.6875 	6.0483e-06 	1.28171e-06 	0.000560809
42.8125 	5.79122e-06 	-2.81576e-06 	0.00055632
42.875 	3.37092e-06 	7.17963e-07 	0.000589036
42.9375 	7.49924e-06 	2.29097e-06 	0.000567969
43.0 	6.0341e-06 	2.10892e-06 	0.000575562
43.0625 	3.93292e-06 	-1.00758e-06 	0.000572706
43.1875 	6.35776e-06 	2.75035e-06 	0.000570772
43.3125 	5.48355e-06 	-1.55368e-06 	0.000549074
43.375 	5.08406e-06 	1.25225e-06 	0.000540662
43.9375 	7.45479e-06 	-2.74173e-06 	0.000600305
44.0 	4.15499e-06 	-1.20318e-06 	0.000606203
44.125 	4.12336e-06 	-1.88412e-06 	0.00060222
44.25 	4.45647e-06 	-1.38442e-06 	0.000622005
44.3125 	5.63795e-06 	-2.09411e-06 	0.000626583
44.4375 	3.70939e-06 	-1.2501e-06 	0.000659405
44.5625 	6.48678e-06 	-1.90695e-06 	0.000675438
44.6875 	5.00436e-06 	4.59912e-07 	0.00067316
44.8125 	5.10119e-06 	-1.10538e-06 	0.000648497
44.875 	3.3058e-06 	6.55338e-07 	0.000689773
44.9375 	6.29201e-06 	-1.76759e-06 	0.000716994
45.0 	6.28398e-06 	1.57549e-06 	0.000721224
45.1875 	7.21991e-06 	-1.27175e-06 	0.000700874
45.3125 	5.73589e-06 	-4.39709e-07 	0.000676384
45.5 	8.04399e-06 	1.41882e-06 	0.000627491
45.625 	7.63105e-06 	2.77229e-06 	0.000613138
45.6875 	7.9159e-06 	-2.09977e-06 	0.000619057
45.75 	4.79393e-06 	6.83152e-07 	0.000663192
46.0 	6.76981e-06 	1.97951e-06 	0.000636336
46.0625 	4.54631e-06 	8.98135e-07 	0.000631499
46.3125 	5.96686e-06 	1.64549e-06 	0.000619586
46.5625 	6.89776e-06 	6.56686e-07 	0.00065572
46.625 	7.95737e-06 	-2.18631e-06 	0.00066132
46.6875 	7.02848e-06 	-1.4058e-06 	0.000699292
46.75 	3.5456e-06 	-6.17788e-07 	0.000647786
47.0 	6.90729e-06 	2.01879e-06 	0.000624395
47.0625 	3.31584e-06 	3.06339e-07 	0.000630258
47.125 	4.86794e-06 	-8.39727e-07 	0.000606556
47.25 	5.41296e-06 	9.32596e-07 	0.000621368
47.375 	4.03079e-06 	-9.09858e-07 	0.000622234
47.5 	5.11951e-06 	9.45607e-07 	0.000669748
47.5625 	5.89911e-06 	-1.66792e-06 	0.000636279
47.625 	7.56663e-06 	-1.17302e-06 	0.000636188
47.8125 	3.25724e-06 	3.66119e-07 	0.00055939
48.0625 	7.46565e-06 	-2.77373e-07 	0.000602223
48.1875 	4.56795e-06 	-9.06813e-07 	0.000604109
48.25 	7.59816e-06 	1.15524e-06 	0.000649911
48.3125 	5.09665e-06 	6.46986e-07 	0.000634778
48.4375 	7.61652e-06 	-1.9273e-06 	0.000652008
48.5625 	7.76727e-06 	2.12854e-06 	0.000689858
48.75 	8.13748e-06 	8.98715e-07 	0.000731289
48.8125 	7.8386e-06 	-2.43174e-06 	0.000740396
48.9375 	6.61574e-06 	-1.34128e-06 	0.000781404
49.0 	4.30599e-06 	-1.26698e-06 	0.000787693
49.3125 	6.1492e-06 	1.38356e-06 	0.000779185
49.375 	6.37651e-06 	1.46929e-06 	0.00078641
49.4375 	3.64567e-06 	4.38614e-07 	0.000754864
49.5625 	4.82326e-06 	-1.1351e-06 	0.000791569
49.6875 	4.07036e-06 	-1.16408e-06 	0.000803616
49.75 	5.71133e-06 	-1.37579e-06 	0.000798054
50.0625 	8.20454e-06 	-1.12957e-06 	0.000812008
50.25 	3.32145e-06 	8.88019e-07 	0.00084918
50.3125 	3.80805e-06 	4.79392e-07 	0.000851298
50.375 	7.06651e-06 	-2.50085e-06 	0.000913753
50.4375 	5.33574e-06 	1.28748e-06 	0.000926432
50.5625 	4.23136e-06 	-7.29352e-07 	0.000923472
50.625 	4.02577e-06 	-7.40631e-07 	0.000914736
50.75 	4.73332e-06 	-9.39969e-07 	0.00090467
50.8125 	8.12173e-06 	-2.96133e-06 	0.0009153
50.875 	5.22629e-06 	1.35951e-06 	0.000884949
50.9375 	3.8914e-06 	-8.50697e-07 	0.000895655
51.0 	3.60632e-06 	-4.76026e-07 	0.000920609
51.125 	5.01717e-06 	1.22198e-06 	0.000928177
51.1875 	6.43638e-06 	-3.11747e-06 	0.000921486
51.25 	4.72222e-06 	-1.1683e-06 	0.000910011
51.375 	5.44902e-06 	2.62634e-06 	0.000927408
51.4375 	2.05363e-06 	6.88829e-08 	0.000910283
51.5 	5.95555e-06 	-1.46125e-06 	0.000921944
51.625 	4.91648e-06 	6.74283e-07 	0.000938487
51.8125 	4.3778e-06 	1.12465e-06 	0.000983171
52.0625 	4.55651e-06 	9.41271e-07 	0.000996612
52.1875 	3.87742e-06 	1.16505e-06 	0.00101611
52.3125 	6.653e-06 	-9.30845e-07 	0.00101728
52.5 	7.50258e-06 	2.00855e-06 	0.00100923
52.75 	6.54148e-06 	-8.69323e-07 	0.00105836
52.8125 	4.47711e-06 	-6.73393e-07 	0.0010897
52.9375 	7.83936e-06 	2.63677e-06 	0.00105054
53.1875 	4.01542e-06 	1.20336e-06 	0.000980054
53.25 	3.16803e-06 	-7.09578e-07 	0.000984841
53.5 	7.19995e-06 	2.6947e-06 	0.00101038
53.5625 	5.66101e-06 	1.55184e-06 	0.00100617
53.625 	3.49939e-06 	4.26636e-07 	0.000983486
53.6875 	5.59938e-06 	9.37497e-07 	0.00101944
53.75 	4.163e-06 	8.83397e-07 	0.00103094
53.875 	4.51419e-06 	-3.5956e-08 	0.00100547
54.0 	4.20899e-06 	-6.20772e-07 	0.00101598
54.0625 	4.1401e-06 	-5.72917e-07 	0.000968933
54.1875 	6.05838e-06 	-2.75133e-06 	0.000978884
54.25 	5.52573e-06 	9.01269e-07 	0.00103934
54.3125 	5.17113e-06 	-1.08044e-06 	0.000965154
54.375 	4.62012e-06 	1.63843e-06 	0.00098638
54.4375 	5.69936e-06 	2.16907e-06 	0.000968336
54.6875 	4.63602e-06 	-1.20533e-06 	0.000952101
54.8125 	7.26236e-06 	2.04319e-06 	0.000936374
54.875 	4.94039e-06 	6.51058e-07 	0.00099867
54.9375 	5.28272e-06 	-1.19431e-06 	0.00096535
55.0 	6.83975e-06 	1.05478e-06 	0.000958932
55.3125 	7.89501e-06 	-2.24712e-06 	0.00095475
55.4375 	6.39794e-06 	1.06541e-06 	0.00100421
55.5 	3.75202e-06 	4.58568e-07 	0.000994878
55.75 	3.47057e-06 	-4.88974e-07 	0.00102229
55.9375 	4.20632e-06 	-1.05856e-06 	0.00102898
56.0 	5.506e-06 	2.3425e-06 	0.0010237
56.0625 	4.32207e-06 	-1.05619e-06 	0.00102805
56.3125 	6.03811e-06 	1.50918e-06 	0.00106241
56.375 	4.32746e-06 	7.51384e-08 	0.00111431
56.4375 	5.39231e-06 	1.23602e-06 	0.00111336
56.5625 	7.77762e-06 	-1.65412e-06 	0.00114128
56.6875 	6.60006e-06 	1.06695e-06 	0.00113317
56.75 	4.84465e-06 	-1.27187e-06 	0.00112778
56.8125 	3.36656e-06 	-4.94665e-08 	0.00115194
57.0 	7.74433e-06 	7.84956e-07 	0.00115534
57.0625 	7.17156e-06 	1.92603e-06 	0.00118991
57.1875 	3.91571e-06 	-1.03929e-06 	0.00123795
57.25 	7.6942e-06 	2.25237e-06 	0.0012713
57.3125 	4.90538e-06 	6.38835e-07 	0.00128909
57.4375 	5.66804e-06 	-1.21301e-06 	0.00127558
57.6875 	3.35623e-06 	-5.27369e-07 	0.00134442
57.8125 	4.25853e-06 	-6.51959e-07 	0.00133246
58.125 	6.90046e-06 	-1.54408e-06 	0.00133637
58.1875 	6.38079e-06 	-1.30232e-06 	0.00134495
58.25 	4.29383e-06 	1.89475e-07 	0.00133003
58.3125 	3.71592e-06 	9.4675e-07 	0.00132964
58.4375 	7.08545e-06 	1.64746e-06 	0.00129753
58.5625 	4.16113e-06 	-5.99239e-07 	0.00130528
58.8125 	4.36407e-06 	-1.89172e-06 	0.00132534
58.875 	4.87557e-06 	1.00999e-06 	0.00129191
59.0 	6.34307e-06 	2.35048e-06 	0.00128034
59.125 	5.56102e-06 	-2.51644e-06 	0.00129621
59.25 	6.07927e-06 	1.29526e-06 	0.00131441
59.3125 	3.49143e-06 	2.61179e-07 	0.00129384
59.375 	6.13927e-06 	8.61838e-07 	0.00130641
59.5 	7.61354e-06 	-1.09321e-07 	0.00130197
59.6875 	4.8538e-06 	2.16978e-06 	0.00132531
59.8125 	4.87296e-06 	1.15318e-06 	0.001296
59.9375 	6.01769e-06 	1.47063e-06 	0.00134671
60.375 	7.9904e-06 	-3.79772e-07 	0.00136135
60.4375 	7.89846e-06 	-2.01963e-06 	0.00131733
60.5625 	4.74798e-06 	2.4048e-06 	0.00137763
60.625 	5.05712e-06 	1.26866e-06 	0.00138258
60.875 	5.75402e-06 	-1.7216e-06 	0.00140147
61.0 	6.81854e-06 	-1.9139e-06 	0.00143235
61.125 	5.96574e-06 	-1.29738e-06 	0.00147663
61.4375 	7.79821e-06 	-1.14747e-06 	0.00144945
61.625 	4.92936e-06 	1.26041e-06 	0.00145954
61.6875 	2.47951e-06 	-5.57603e-07 	0.00146427
61.8125 	6.63693e-06 	1.03965e-06 	0.00143094
61.9375 	3.9319e-06 	6.96816e-07 	0.0014503
62.1875 	4.63074e-06 	1.16057e-06 	0.00145451
62.25 	3.71253e-06 	-5.02487e-07 	0.00143474
62.375 	4.44863e-06 	-7.76703e-07 	0.00146522
62.5 	5.19425e-06 	-7.7545e-07 	0.00147437
62.5625 	5.92848e-06 	-1.28005e-06 	0.00147913
62.875 	3.54697e-06 	5.31195e-07 	0.00146948
62.9375 	3.35901e-06 	1.19164e-06 	0.00144639
63.0 	7.17005e-06 	-1.30983e-06 	0.00142001
63.25 	4.22394e-06 	-5.87815e-07 	0.00142877
63.4375 	4.72666e-06 	2.78519e-07 	0.00141913
63.5625 	4.82715e-06 	-1.20487e-06 	0.00144953
63.8125 	4.30626e-06 	-5.38865e-07 	0.00146061
63.9375 	5.25411e-06 	1.39522e-06 	0.00145282
64.0 	7.45477e-06 	1.64373e-06 	0.0014631
64.25 	4.24886e-06 	9.49009e-07 	0.00149336
64.4375 	5.27637e-06 	2.40801e-06 	0.00152528
64.5625 	7.71804e-06 	-2.50858e-06 	0.00152694
64.6875 	5.92208e-06 	-2.16862e-06 	0.00150447
64.75 	6.78172e-06 	-2.03117e-06 	0.00148232
64.8125 	5.66247e-06 	-1.98383e-07 	0.00145451
64.875 	4.74878e-06 	8.50171e-07 	0.00147993
64.9375 	6.71471e-06 	4.16865e-07 	0.00145995
65.0 	3.6294e-06 	9.96194e-07 	0.00146044
65.0625 	4.3383e-06 	-1.10197e-06 	0.00151508
65.125 	4.05705e-06 	1.0462e-06 	0.00151562
65.625 	3.80916e-06 	9.20173e-07 	0.00155806
65.8125 	8.06575e-06 	-2.79018e-06 	0.0015028
65.9375 	6.61056e-06 	1.68934e-06 	0.00149737
66.0 	5.06398e-06 	-1.22178e-06 	0.00153654
66.0625 	6.74286e-06 	1.09668e-06 	0.00154127
66.3125 	6.0181e-06 	1.25283e-06 	0.00155813
66.5 	5.30945e-06 	-1.1091e-06 	0.00155398
66.75 	4.67618e-06 	-9.91689e-07 	0.00160356
66.8125 	4.67135e-06 	1.11676e-06 	0.00156831
66.9375 	4.96019e-06 	9.36107e-07 	0.00157494
67.25 	6.09675e-06 	2.82659e-06 	0.00165712
67.4375 	6.22743e-06 	8.88133e-07 	0.00168233
67.5 	3.93587e-06 	-5.31253e-07 	0.00169265
67.8125 	7.70602e-06 	3.09367e-07 	0.00165973
67.875 	6.71391e-06 	1.79057e-06 	0.00165035
67.9375 	8.02107e-06 	-3.98696e-06 	0.00165014
68.0 	5.72698e-06 	1.36534e-06 	0.00164128
68.125 	5.08648e-06 	-1.22517e-06 	0.00161132
68.1875 	7.27269e-06 	9.31136e-07 	0.00162134
68.3125 	4.77345e-06 	-1.18e-06 	0.00161037
68.375 	5.53693e-06 	1.09394e-06 	0.00159407
68.4375 	5.4648e-06 	-2.53685e-06 	0.00156891
68.5625 	5.01131e-06 	9.84239e-07 	0.00157095
68.6875 	5.40791e-06 	1.40317e-06 	0.00157031
68.75 	5.4837e-06 	-1.24427e-06 	0.00153793
68.8125 	5.05988e-06 	1.20768e-06 	0.00156354
68.9375 	6.37149e-06 	3.25303e-07 	0.00155536
69.125 	6.32628e-06 	-9.93035e-07 	0.00153337
69.1875 	4.53519e-06 	-6.31569e-07 	0.0015148
69.25 	6.9311e-06 	1.53761e-06 	0.00151566
69.3125 	7.50532e-06 	1.29742e-06 	0.00151898
69.4375 	6.56359e-06 	2.36204e-06 	0.00153359
69.5 	4.20884e-06 	6.53719e-07 	0.00151471
69.75 	4.43213e-06 	1.24496e-06 	0.00151888
69.8125 	6.53827e-06 	1.98515e-06 	0.00151595
69.875 	6.17588e-06 	6.77516e-07 	0.00154789
69.9375 	6.04723e-06 	-1.82919e-06 	0.00151636
