# time 	Local 	Global 	Cumulative
0.333274 	5.50934e-06 	7.15053e-07 	4.69101e-06
0.579973 	4.10328e-06 	-5.46701e-07 	1.44688e-05
0.642226 	7.05324e-06 	-3.43803e-07 	1.58836e-05
0.70448 	3.6411e-06 	-4.01865e-07 	1.34858e-05
0.766734 	3.5065e-06 	7.2817e-07 	3.08869e-05
0.828988 	5.17825e-06 	-1.01919e-06 	-3.35052e-06
1.01575 	5.82533e-06 	2.90001e-06 	-4.81557e-06
1.078 	5.12024e-06 	5.71356e-07 	-1.93883e-05
1.20251 	4.84772e-06 	-2.91302e-07 	-2.04075e-05
1.26477 	3.45439e-06 	7.6747e-07 	-1.18175e-05
1.38927 	2.8009e-06 	6.51885e-07 	-8.12098e-06
1.45153 	7.83016e-06 	2.13959e-06 	-2.64873e-05
1.51378 	7.41631e-06 	-2.84854e-06 	-4.56587e-05
1.57604 	2.82832e-06 	-9.54634e-08 	-3.32429e-05
1.7628 	7.46077e-06 	2.77072e-06 	2.49112e-05
1.8873 	6.70144e-06 	-1.52698e-06 	5.14048e-05
1.94956 	3.27542e-06 	-2.64985e-07 	7.2571e-05
2.07407 	5.72178e-06 	-1.24749e-06 	8.72251e-05
2.19857 	3.27639e-06 	7.6856e-07 	8.12447e-05
2.26083 	6.14964e-06 	-1.77742e-06 	6.10648e-05
2.32308 	5.7679e-06 	-1.68735e-06 	6.84629e-05
2.38534 	3.0549e-06 	8.74577e-07 	9.5197e-05
2.44759 	5.35331e-06 	-5.8712e-07 	0.000152272
2.63435 	5.5415e-06 	-2.05681e-06 	0.000175265
2.69661 	7.67939e-06 	-2.21665e-06 	0.000208259
2.88337 	7.98609e-06 	3.75806e-06 	0.000224341
2.94562 	5.76059e-06 	-1.64146e-06 	0.000249859
3.07013 	5.70003e-06 	1.70323e-06 	0.000221106
3.13238 	6.31774e-06 	2.04969e-06 	0.000236354
3.19464 	8.09997e-06 	3.90503e-06 	0.000242891
3.25689 	6.92389e-06 	2.90993e-06 	0.000257511
3.31914 	6.48915e-06 	-2.20102e-06 	0.000263228
3.3814 	2.6869e-06 	3.07842e-07 	0.000242977
3.44365 	6.13621e-06 	-1.57874e-06 	0.000253093
3.50591 	6.51973e-06 	1.89915e-06 	0.000243289
3.56816 	6.68016e-06 	-2.91894e-06 	0.000250635
3.69267 	5.5043e-06 	-2.10995e-06 	0.000249935
3.75492 	5.31596e-06 	5.15674e-07 	0.000245627
3.81718 	7.46833e-06 	-2.57607e-06 	0.000232667
3.87943 	7.90421e-06 	1.98314e-06 	0.000229876
4.00394 	4.87063e-06 	-2.00114e-07 	0.000206965
4.06619 	4.50288e-06 	7.97663e-07 	0.000211268
4.12845 	6.69049e-06 	-1.84997e-06 	0.000243385
4.1907 	6.77771e-06 	3.22725e-06 	0.000256047
4.25295 	6.12724e-06 	2.34656e-06 	0.000240315
4.31521 	6.36057e-06 	-4.7543e-07 	0.000215767
4.37746 	6.52619e-06 	7.59732e-07 	0.00023407
4.50197 	6.56662e-06 	-7.11364e-07 	0.000250287
4.56422 	5.15309e-06 	-1.51468e-06 	0.000237246
4.62648 	5.98264e-06 	-6.76522e-07 	0.0002436
4.68873 	5.76016e-06 	-9.89298e-07 	0.000202008
4.75098 	6.71827e-06 	-3.4293e-07 	0.000179155
4.81324 	7.39291e-06 	-3.6298e-06 	0.000182901
4.87549 	7.62997e-06 	3.58677e-06 	0.000197595
4.93775 	6.65725e-06 	1.64182e-06 	0.000201626
5.0 	6.12525e-06 	-2.09805e-06 	0.000236369
5.0625 	6.08289e-06 	1.68216e-06 	0.000232767
5.125 	7.05257e-06 	-1.3703e-06 	0.000209776
5.25 	2.77508e-06 	2.98576e-07 	0.000235573
5.3125 	2.89351e-06 	5.67993e-07 	0.000248298
5.375 	3.30981e-06 	-1.10344e-06 	0.000257626
5.5 	6.34838e-06 	-3.0399e-06 	0.000239649
5.5625 	5.46241e-06 	-1.52475e-06 	0.00026505
5.625 	4.4688e-06 	-8.6267e-07 	0.000313058
5.6875 	2.68033e-06 	-3.12631e-07 	0.00031029
5.75 	3.92044e-06 	1.07897e-06 	0.000292315
5.8125 	6.53993e-06 	-3.08715e-06 	0.000266384
5.875 	3.75458e-06 	-8.74815e-07 	0.000294519
5.9375 	7.60915e-06 	1.54956e-07 	0.000297425
6.0 	2.85868e-06 	4.49824e-07 	0.000301709
6.125 	5.10055e-06 	8.96967e-07 	0.00035174
6.1875 	4.17171e-06 	-1.34096e-06 	0.000356696
6.25 	7.86968e-06 	2.41243e-06 	0.000376566
6.3125 	5.03089e-06 	3.62276e-07 	0.000378736
6.4375 	4.93842e-06 	9.83491e-07 	0.000388915
6.6875 	2.90194e-06 	-9.06486e-07 	0.000361561
6.75 	6.76516e-06 	2.04298e-06 	0.000353263
6.8125 	7.15203e-06 	1.90378e-06 	0.000338724
6.9375 	3.56522e-06 	1.09812e-06 	0.000301724
7.0 	6.00541e-06 	1.87566e-06 	0.000303169
7.0625 	8.07886e-06 	1.05446e-06 	0.000287432
7.125 	5.17032e-06 	1.12984e-06 	0.00028675
7.1875 	6.25709e-06 	-2.27252e-06 	0.000295127
7.25 	7.50331e-06 	-1.67974e-06 	0.000306114
7.4375 	7.30972e-06 	2.1655e-06 	0.000282036
7.5625 	6.52442e-06 	3.04294e-06 	0.000312125
7.625 	6.64956e-06 	-3.05185e-06 	0.000328671
7.6875 	5.19705e-06 	-1.32535e-06 	0.000354013
7.8125 	5.33258e-06 	-1.71641e-06 	0.000374835
7.9375 	7.08118e-06 	3.43663e-06 	0.00037419
8.0 	6.35512e-06 	2.24768e-06 	0.000392967
8.0625 	8.12699e-06 	3.12284e-06 	0.000346968
8.125 	5.46284e-06 	1.49777e-06 	0.000366412
8.25 	5.31199e-06 	-2.45599e-06 	0.000351144
8.3125 	5.94982e-06 	-1.05251e-07 	0.000332602
8.375 	6.10726e-06 	-3.82173e-07 	0.000337285
8.4375 	6.91904e-06 	-1.97928e-06 	0.00033342
8.5 	8.10882e-06 	-1.34095e-06 	0.000298039
8.5625 	5.55392e-06 	1.63608e-06 	0.000276917
8.8125 	6.473e-06 	1.48032e-06 	0.000232123
8.9375 	6.90418e-06 	-1.49986e-06 	0.00020328
9.0 	5.28001e-06 	-1.32116e-06 	0.000244383
9.0625 	7.90246e-06 	3.76119e-06 	0.000216843
9.125 	2.88051e-06 	-3.33368e-07 	0.000229852
9.1875 	7.90797e-06 	-2.09831e-06 	0.000222602
9.25 	6.91157e-06 	5.1592e-07 	0.00025332
9.3125 	7.36719e-06 	-8.9599e-07 	0.000245072
9.375 	7.49429e-06 	1.78686e-06 	0.000247577
9.4375 	6.49658e-06 	-1.7704e-06 	0.000203038
9.5625 	7.23523e-06 	3.50237e-06 	0.000167026
9.625 	5.57602e-06 	1.3942e-06 	0.000176043
9.6875 	4.86391e-06 	9.61402e-07 	0.000193009
9.8125 	6.35341e-06 	1.99647e-06 	0.000207395
9.875 	5.73071e-06 	-1.76948e-06 	0.000215043
9.9375 	7.93149e-06 	-3.72491e-06 	0.000246773
10.0 	4.55925e-06 	2.49743e-07 	0.000231537
10.0625 	8.1063e-06 	3.71309e-07 	0.000213345
10.1875 	6.94071e-06 	-1.13855e-06 	0.000200212
10.3125 	6.38491e-06 	2.05835e-06 	0.000211692
10.375 	4.6507e-06 	1.92252e-06 	0.000206428
10.5625 	4.96214e-06 	1.03885e-06 	0.000207673
10.625 	8.06098e-06 	3.23569e-06 	0.000226797
10.6875 	2.50649e-06 	3.4032e-07 	0.00019989
10.75 	7.58529e-06 	-1.84773e-06 	0.00018358
10.8125 	6.58489e-06 	3.25062e-06 	0.00019247
10.875 	6.00587e-06 	1.32325e-06 	0.000196381
11.0 	7.94885e-06 	8.2018e-07 	0.000234068
11.0625 	8.01189e-06 	1.61159e-06 	0.000242185
11.1875 	7.30696e-06 	1.84328e-06 	0.000234869
11.375 	4.73201e-06 	1.98227e-06 	0.000275964
11.4375 	7.60359e-06 	-3.68334e-06 	0.000263598
11.5625 	5.06455e-06 	1.15714e-06 	0.000279805
11.625 	3.71497e-06 	8.16111e-07 	0.000279911
11.6875 	7.00972e-06 	-3.22138e-06 	0.000272106
11.75 	5.94169e-06 	2.38432e-06 	0.000266113
11.8125 	4.99561e-06 	-2.07751e-06 	0.000287268
11.875 	7.37013e-06 	-6.13048e-07 	0.000288093
11.9375 	5.22919e-06 	-2.32082e-06 	0.000292062
12.0 	3.92321e-06 	4.35911e-07 	0.000294456
12.0625 	3.95623e-06 	-1.17095e-06 	0.000248607
12.125 	6.44743e-06 	-2.53803e-06 	0.000212069
12.1875 	7.31869e-06 	-7.72442e-07 	0.000223242
12.25 	8.03434e-06 	2.96463e-06 	0.000241886
12.3125 	6.69979e-06 	2.43451e-06 	0.000229358
12.375 	3.30466e-06 	-6.26514e-07 	0.000249274
12.5625 	7.97177e-06 	-2.74305e-06 	0.000217276
12.625 	6.46238e-06 	2.16297e-06 	0.000218418
12.6875 	7.07024e-06 	3.21758e-06 	0.000225522
12.75 	3.55317e-06 	-4.49112e-08 	0.000242371
12.8125 	7.30378e-06 	-1.2128e-06 	0.000232591
12.875 	7.55605e-06 	-2.40362e-06 	0.000221273
13.0 	6.16566e-06 	-5.62112e-07 	0.000185757
13.0625 	6.65292e-06 	2.30325e-06 	0.00016602
13.125 	2.68357e-06 	-1.70347e-08 	0.000193232
13.1875 	7.28869e-06 	-1.59131e-06 	0.000165265
13.25 	3.83669e-06 	1.19702e-06 	0.000147314
13.375 	4.25716e-06 	-7.72211e-07 	0.000174033
13.4375 	6.06285e-06 	1.70821e-06 	0.000159283
13.5 	6.90682e-06 	-3.2735e-06 	0.000167782
13.5625 	7.26532e-06 	-3.52776e-06 	0.000180206
13.625 	5.10294e-06 	-4.63459e-07 	0.000204806
13.6875 	7.2129e-06 	1.60337e-06 	0.000226022
14.0 	6.92732e-06 	1.68865e-06 	0.000257133
14.0625 	7.13926e-06 	-5.22721e-07 	0.000258954
14.125 	3.58976e-06 	-2.46918e-07 	0.000246864
14.1875 	5.39577e-06 	-1.78954e-06 	0.000295843
14.3125 	7.68182e-06 	5.65517e-07 	0.000307405
14.375 	5.21501e-06 	3.82429e-07 	0.000280219
14.4375 	2.35126e-06 	3.73512e-07 	0.00028498
14.5 	8.10306e-06 	-1.11827e-06 	0.000238445
14.625 	6.89616e-06 	3.29277e-06 	0.000250579
14.6875 	3.48699e-06 	4.66741e-07 	0.000216084
14.75 	7.212e-06 	3.48086e-06 	0.000206622
14.8125 	5.91199e-06 	-9.22738e-07 	0.000205009
14.875 	3.70068e-06 	-7.17632e-07 	0.000196698
14.9375 	3.54575e-06 	9.86771e-07 	0.000203358
15.0 	7.07808e-06 	2.3167e-06 	0.000203915
15.1875 	3.47615e-06 	-6.34917e-07 	0.000211869
15.25 	6.81059e-06 	2.8265e-06 	0.000188891
15.3125 	5.78468e-06 	2.52209e-06 	0.00018854
15.375 	6.48749e-06 	2.65449e-06 	0.000154461
15.4375 	6.28422e-06 	2.04771e-06 	0.0001445
15.5 	4.72447e-06 	1.69749e-06 	0.000137162
15.5625 	7.97489e-06 	2.29522e-06 	0.000127058
15.75 	7.46834e-06 	1.30811e-06 	0.000152092
15.8125 	6.16513e-06 	2.03174e-06 	0.000204572
15.875 	3.60287e-06 	1.10702e-06 	0.000220135
15.9375 	4.33502e-06 	1.33092e-06 	0.000216921
16.0 	6.90159e-06 	-2.29945e-06 	0.000239188
16.0625 	6.90297e-06 	3.31488e-06 	0.000288815
16.125 	7.72183e-06 	3.44674e-06 	0.000322351
16.1875 	6.59493e-06 	1.10456e-06 	0.0003181
16.25 	3.45743e-06 	5.57089e-07 	0.000286532
16.3125 	6.43646e-06 	2.08609e-06 	0.000255997
16.375 	3.73333e-06 	-1.23828e-06 	0.000272548
16.4375 	7.2963e-06 	-1.40448e-06 	0.000282375
16.5 	4.44284e-06 	-8.57912e-07 	0.000276037
16.625 	5.96671e-06 	-1.87088e-06 	0.000242433
16.6875 	3.27768e-06 	5.58163e-07 	0.00024048
16.75 	5.21594e-06 	-1.47941e-06 	0.000237803
16.8125 	7.01293e-06 	2.06544e-07 	0.000246181
16.875 	7.17691e-06 	2.28963e-06 	0.000256778
16.9375 	4.0457e-06 	1.27425e-07 	0.000285654
17.25 	5.96446e-06 	9.147e-07 	0.000319829
17.3125 	7.33445e-06 	-3.29951e-06 	0.000307675
17.375 	7.89552e-06 	-1.13545e-06 	0.00032955
17.4375 	8.06515e-06 	2.22264e-06 	0.000318953
17.5 	8.01657e-06 	-3.96775e-06 	0.000305124
17.5625 	7.10551e-06 	2.44475e-06 	0.00029014
17.625 	3.9811e-06 	7.90385e-07 	0.000301568
17.6875 	5.72107e-06 	-9.68007e-07 	0.000333577
17.75 	5.91461e-06 	1.60312e-06 	0.00032938
17.8125 	5.7805e-06 	1.92758e-06 	0.000325971
18.0 	7.56033e-06 	-9.87488e-07 	0.000354219
18.0625 	4.01604e-06 	-5.70121e-07 	0.000366414
18.125 	4.9966e-06 	-1.44e-06 	0.0003573
18.1875 	7.09492e-06 	2.67834e-06 	0.000356117
18.25 	5.69389e-06 	1.69044e-06 	0.000316467
18.3125 	6.48855e-06 	4.9569e-07 	0.000324133
18.375 	5.79955e-06 	-1.47943e-06 	0.000306003
18.4375 	7.85418e-06 	2.40855e-06 	0.000321447
18.5 	4.9309e-06 	-1.8316e-06 	0.000321702
18.5625 	4.97767e-06 	1.97052e-06 	0.000331138
18.625 	7.83855e-06 	3.95715e-06 	0.000317186
18.75 	4.60269e-06 	-6.86265e-07 	0.000355435
18.8125 	7.25802e-06 	-9.21655e-07 	0.000359405
18.875 	6.63626e-06 	-1.72634e-06 	0.000383876
18.9375 	4.70336e-06 	1.80116e-06 	0.000378464
19.125 	7.93239e-06 	-1.07242e-06 	0.000365408
19.25 	2.92589e-06 	8.53867e-07 	0.000356065
19.3125 	4.90714e-06 	-4.93293e-07 	0.000376202
19.375 	3.24987e-06 	9.1222e-07 	0.000390127
19.4375 	5.85987e-06 	2.74501e-06 	0.000411368
19.5 	8.03205e-06 	-8.31407e-07 	0.000393787
19.625 	6.96131e-06 	-5.82247e-07 	0.000420717
19.6875 	5.81286e-06 	4.5149e-07 	0.00039455
19.75 	6.67145e-06 	4.16391e-07 	0.000428312
19.9375 	6.46067e-06 	-1.78623e-06 	0.000374972
20.0 	6.1087e-06 	-2.28902e-06 	0.000373128
20.0625 	4.12006e-06 	8.063e-07 	0.000406091
20.125 	6.4916e-06 	1.28365e-06 	0.000396009
20.1875 	2.80185e-06 	2.96364e-07 	0.000401795
20.25 	6.44582e-06 	2.03172e-06 	0.000401789
20.3125 	6.02033e-06 	-1.94678e-06 	0.00039121
20.375 	5.46087e-06 	-6.5014e-07 	0.000395406
20.4375 	7.72164e-06 	-1.67601e-06 	0.000439897
20.5 	5.4585e-06 	1.502e-06 	0.000465671
20.5625 	7.50499e-06 	3.55733e-06 	0.000444493
20.625 	7.7486e-06 	1.52955e-06 	0.000422249
20.6875 	7.4348e-06 	-1.03511e-06 	0.00040713
20.75 	7.38786e-06 	-3.52477e-06 	0.000362318
20.8125 	7.95297e-06 	-3.38543e-06 	0.000357941
20.875 	7.31652e-06 	5.03846e-07 	0.000368092
21.0 	6.55439e-06 	-2.84819e-07 	0.0003866
21.0625 	3.1953e-06 	-4.5141e-07 	0.000371332
21.1875 	7.39115e-06 	-3.56886e-06 	0.000341278
21.3125 	8.02709e-06 	-2.63861e-06 	0.000281584
21.375 	6.17079e-06 	2.80381e-07 	0.000288737
21.4375 	7.05811e-06 	-3.33597e-06 	0.000273958
21.5625 	6.01357e-06 	2.48051e-06 	0.00027244
21.625 	6.78835e-06 	-2.74513e-06 	0.00026213
21.6875 	7.55e-06 	-3.5756e-06 	0.000255205
21.75 	6.82561e-06 	-1.4939e-06 	0.000249516
21.8125 	7.42433e-06 	-1.31518e-06 	0.000237528
21.875 	4.78243e-06 	6.12771e-07 	0.00017741
21.9375 	2.88744e-06 	2.33417e-07 	0.000170197
22.0 	7.8593e-06 	-2.14212e-06 	0.000164615
22.125 	4.68431e-06 	8.66245e-07 	0.000162801
22.1875 	3.65799e-06 	-7.73308e-07 	0.000144707
22.25 	7.0349e-06 	-7.19793e-07 	0.000160139
22.3125 	3.02861e-06 	5.70318e-07 	0.000181511
22.375 	6.09524e-06 	1.66723e-06 	0.000174104
22.625 	7.77293e-06 	-1.30518e-06 	0.000195402
22.6875 	5.54536e-06 	-5.1762e-07 	0.000191911
22.75 	3.12792e-06 	2.90786e-07 	0.00018107
22.8125 	5.54831e-06 	-6.08887e-07 	0.000180303
22.9375 	5.60038e-06 	-1.68651e-06 	0.000169726
23.0 	2.98091e-06 	3.64379e-07 	0.000143979
23.0625 	5.94013e-06 	-1.80748e-06 	0.000142325
23.125 	4.72978e-06 	7.23277e-07 	0.000149977
23.1875 	7.81044e-06 	3.12425e-06 	0.000145152
23.3125 	6.44135e-06 	-1.66546e-06 	0.000165189
23.375 	5.7192e-06 	1.63522e-06 	0.000184989
23.4375 	3.97e-06 	3.36494e-07 	0.000211505
23.5625 	2.56522e-06 	2.50117e-07 	0.00021089
23.6875 	6.21275e-06 	-1.99193e-06 	0.000224463
23.75 	6.70762e-06 	-7.84361e-07 	0.000218123
23.8125 	6.23574e-06 	-3.07863e-06 	0.000223275
23.875 	4.10813e-06 	3.2289e-07 	0.000152731
23.9375 	6.70494e-06 	-8.64677e-07 	0.000137721
24.0 	7.40387e-06 	3.50874e-06 	0.000151068
24.0625 	5.6683e-06 	1.78605e-06 	0.00018801
24.125 	7.17373e-06 	3.41129e-06 	0.000210271
24.1875 	6.35833e-06 	1.06117e-06 	0.000227558
24.3125 	7.35854e-06 	-8.29748e-07 	0.000237996
24.375 	5.55995e-06 	1.3448e-06 	0.000252848
24.4375 	6.96987e-06 	-9.724e-07 	0.000269006
24.5 	2.51683e-06 	-2.89229e-07 	0.000270771
24.5625 	7.35887e-06 	1.00448e-06 	0.000249701
24.625 	6.61013e-06 	-7.74599e-07 	0.000224231
24.6875 	5.34723e-06 	5.07053e-07 	0.000229802
24.75 	7.30563e-06 	3.52123e-06 	0.000239788
24.8125 	5.7017e-06 	-5.51621e-07 	0.000218785
25.0 	6.78638e-06 	4.84721e-07 	0.000251161
25.0625 	6.00994e-06 	-2.13001e-06 	0.000253304
25.125 	6.2796e-06 	1.37471e-06 	0.000308745
25.25 	7.61093e-06 	-6.51939e-07 	0.000275656
25.3125 	4.80938e-06 	-3.67695e-07 	0.000266367
25.5 	6.01707e-06 	2.13387e-06 	0.000320733
25.5625 	5.51228e-06 	-3.05706e-08 	0.000356917
25.625 	7.36519e-06 	3.44972e-06 	0.000356352
25.6875 	4.64452e-06 	1.81567e-06 	0.000355106
25.75 	5.59469e-06 	-1.46923e-06 	0.000380135
25.8125 	6.29024e-06 	1.09744e-06 	0.000413049
25.875 	7.53422e-06 	-1.36516e-06 	0.000409286
25.9375 	5.92738e-06 	2.08767e-06 	0.000409084
26.0 	6.02173e-06 	1.09264e-06 	0.000424073
26.0625 	4.40991e-06 	-7.77083e-07 	0.000399989
26.125 	5.15045e-06 	-1.29274e-06 	0.000394142
26.25 	7.87148e-06 	3.25647e-06 	0.000392964
26.3125 	6.08641e-06 	-1.27021e-06 	0.000350371
26.375 	5.51628e-06 	4.99912e-07 	0.000364682
26.4375 	3.95641e-06 	-9.75954e-07 	0.000365723
26.5 	4.63593e-06 	1.13359e-06 	0.000382095
26.5625 	8.1392e-06 	1.64549e-06 	0.000348347
26.625 	7.60575e-06 	-2.20523e-06 	0.000339062
26.6875 	5.53701e-06 	2.33854e-06 	0.000299796
26.875 	7.54649e-06 	-2.43483e-06 	0.000316703
26.9375 	6.2364e-06 	-1.41324e-06 	0.000355893
27.0 	3.71116e-06 	-1.18521e-06 	0.000374843
27.0625 	6.39268e-06 	-6.50121e-07 	0.000383648
27.25 	8.03496e-06 	1.6593e-06 	0.000395972
27.3125 	5.24074e-06 	-1.66695e-06 	0.000403632
27.375 	5.75286e-06 	2.53817e-06 	0.000384701
27.5 	5.82563e-06 	-1.36056e-06 	0.00040086
27.5625 	6.52716e-06 	-2.535e-06 	0.000368971
27.625 	7.15991e-06 	3.02741e-06 	0.000370998
27.6875 	8.19044e-06 	3.49312e-06 	0.000332206
27.75 	6.87537e-06 	2.54158e-06 	0.000335993
27.8125 	5.94445e-06 	2.38531e-06 	0.000351578
27.875 	5.52344e-06 	-1.79068e-06 	0.000374831
28.0 	5.6712e-06 	1.52858e-06 	0.000383005
28.0625 	5.77997e-06 	-4.25539e-07 	0.000347677
28.125 	7.07413e-06 	-2.92723e-07 	0.000362836
28.3125 	6.94477e-06 	-3.43839e-06 	0.000370248
28.375 	6.45246e-06 	-3.0969e-06 	0.000328579
28.4375 	4.71561e-06 	-9.82134e-07 	0.000356966
28.5 	6.03063e-06 	-2.78056e-06 	0.000344422
28.625 	5.81731e-06 	-2.21746e-06 	0.000304696
28.6875 	7.8701e-06 	-2.30238e-06 	0.000326705
28.8125 	7.68683e-06 	4.11031e-06 	0.000340552
28.875 	7.84236e-06 	-1.58216e-06 	0.000341679
28.9375 	6.42635e-06 	2.2642e-06 	0.000368724
29.0 	6.15885e-06 	2.45238e-06 	0.000374517
29.0625 	7.14583e-06 	-3.44419e-06 	0.000355418
29.125 	6.41012e-06 	-5.49613e-07 	0.000380115
29.1875 	6.2654e-06 	2.07508e-06 	0.000347886
29.25 	3.69118e-06 	-6.04651e-07 	0.000313477
29.3125 	7.64636e-06 	7.52727e-07 	0.000285094
29.375 	6.06055e-06 	-2.47495e-06 	0.000303812
29.4375 	8.20048e-06 	2.11024e-06 	0.000310571
29.5 	7.97718e-06 	-2.62422e-06 	0.000299417
29.5625 	6.97699e-06 	-1.81266e-06 	0.000282334
29.625 	4.34197e-06 	-2.18085e-08 	0.000273852
29.6875 	5.31309e-06 	9.23168e-07 	0.000262365
29.75 	7.79055e-06 	3.80051e-06 	0.000243386
29.875 	5.2616e-06 	8.44991e-07 	0.000228476
29.9375 	3.80387e-06 	-6.68251e-07 	0.000230508
30.0 	6.80285e-06 	1.93251e-06 	0.000257733
30.125 	5.93377e-06 	2.33485e-06 	0.000265248
30.1875 	4.33576e-06 	8.80198e-07 	0.000274076
30.25 	4.51898e-06 	-5.26544e-07 	0.000279981
30.3125 	7.27874e-06 	-3.39676e-06 	0.000298996
30.375 	7.77802e-06 	3.37072e-06 	0.00029464
30.4375 	7.67425e-06 	-3.6568e-06 	0.000275686
30.5 	3.87251e-06 	-5.93816e-07 	0.000296745
30.5625 	2.81064e-06 	-6.30806e-07 	0.00029408
30.6875 	7.40578e-06 	-3.52255e-06 	0.000249994
30.75 	6.32912e-06 	2.02211e-06 	0.000247373
30.8125 	4.32476e-06 	5.19112e-07 	0.000238025
30.9375 	7.1768e-06 	-2.2648e-06 	0.000264552
31.0 	6.39831e-06 	1.50289e-06 	0.000249207
31.125 	6.78804e-06 	-1.51602e-06 	0.000235262
31.1875 	5.28283e-06 	-8.86185e-07 	0.00024133
31.25 	7.47177e-06 	-3.56037e-06 	0.000272074
31.3125 	6.16683e-06 	-2.05442e-06 	0.000280448
31.375 	5.53522e-06 	-2.20143e-07 	0.0002624
31.5 	7.94677e-06 	-1.82643e-06 	0.00026898
31.5625 	2.71356e-06 	4.53964e-07 	0.000272998
31.625 	5.93545e-06 	1.77644e-06 	0.000263584
31.6875 	4.8121e-06 	4.57748e-07 	0.000272626
31.75 	5.96035e-06 	-1.31656e-06 	0.000276913
31.8125 	8.03785e-06 	-3.88073e-06 	0.000307939
31.875 	6.26861e-06 	2.03497e-06 	0.000308061
31.9375 	6.54667e-06 	9.50844e-07 	0.000329399
32.0 	7.60796e-06 	-2.74199e-06 	0.000342701
32.0625 	3.85238e-06 	-9.81689e-07 	0.000385667
32.125 	7.83235e-06 	-1.60933e-06 	0.000398583
32.1875 	5.68523e-06 	-1.45309e-06 	0.000389837
32.25 	8.13352e-06 	-2.14974e-06 	0.00037553
32.3125 	6.07863e-06 	-2.36772e-06 	0.000380624
32.4375 	6.61745e-06 	-3.19783e-06 	0.000329478
32.5 	7.67421e-06 	-2.32472e-06 	0.000324105
32.625 	7.81305e-06 	2.77327e-06 	0.000328426
32.6875 	4.62191e-06 	-1.1763e-06 	0.000359159
32.75 	7.46788e-06 	-1.24897e-06 	0.000370387
32.8125 	8.06837e-06 	1.50498e-06 	0.000390112
32.875 	6.46101e-06 	-2.59975e-06 	0.000435646
32.9375 	8.09937e-06 	-3.87703e-06 	0.000438456
33.0 	2.79347e-06 	4.97275e-07 	0.000433447
33.0625 	7.89091e-06 	-7.08992e-07 	0.000446559
33.125 	4.67589e-06 	1.36039e-07 	0.000503727
33.1875 	7.45934e-06 	-2.13167e-06 	0.000448713
33.25 	6.93849e-06 	6.17124e-07 	0.000438778
33.3125 	6.14897e-06 	3.70261e-07 	0.00044858
33.375 	6.75252e-06 	2.63559e-06 	0.000430692
33.4375 	6.14029e-06 	1.8752e-06 	0.000434781
33.5 	7.02224e-06 	1.09429e-06 	0.000465933
33.625 	7.03537e-06 	1.81004e-06 	0.000463555
33.6875 	8.08672e-06 	1.65476e-06 	0.000427129
33.75 	6.14892e-06 	-1.18564e-06 	0.000433398
33.875 	8.02718e-06 	-1.77616e-06 	0.000410215
33.9375 	5.48165e-06 	1.25639e-06 	0.000419166
34.0625 	7.68692e-06 	1.43791e-06 	0.000448095
34.125 	5.31964e-06 	1.80249e-06 	0.000451501
34.1875 	6.80517e-06 	1.04847e-06 	0.000450846
34.25 	3.15074e-06 	7.13184e-07 	0.000484829
34.3125 	6.3097e-06 	2.05141e-06 	0.000503933
34.375 	7.98845e-06 	1.98954e-06 	0.000505137
34.4375 	7.64221e-06 	3.68821e-06 	0.000507682
34.5 	7.03596e-06 	7.80792e-07 	0.00051565
34.5625 	5.59139e-06 	-2.24893e-06 	0.00050936
34.625 	7.20068e-06 	4.81182e-07 	0.000502134
34.6875 	6.19614e-06 	2.67419e-06 	0.00046085
34.75 	5.57105e-06 	-1.15785e-06 	0.000442762
34.875 	7.43065e-06 	-1.16836e-07 	0.00043947
34.9375 	5.72178e-06 	-1.9673e-06 	0.000417281
35.0625 	5.89935e-06 	1.03483e-06 	0.000399559
35.125 	5.13384e-06 	1.14822e-06 	0.000378998
35.25 	7.66363e-06 	-2.50318e-08 	0.000393724
35.3125 	6.30306e-06 	2.40407e-06 	0.000419442
35.375 	7.91698e-06 	1.92926e-06 	0.000389029
35.5625 	5.12431e-06 	1.84046e-06 	0.00039224
35.625 	5.6016e-06 	2.20429e-06 	0.000405294
35.6875 	7.1542e-06 	3.4014e-06 	0.000375164
35.75 	6.39745e-06 	2.45485e-06 	0.000389335
35.8125 	7.28127e-06 	-3.86509e-07 	0.000366618
35.875 	6.18611e-06 	1.91675e-06 	0.000399139
35.9375 	7.68609e-06 	1.71635e-06 	0.000462825
36.0 	7.12882e-06 	3.34075e-06 	0.000465417
36.125 	4.05798e-06 	1.62459e-06 	0.000500207
36.25 	7.5716e-06 	8.81018e-07 	0.000509922
36.4375 	7.66618e-06 	-5.35223e-07 	0.000514997
36.5 	4.36347e-06 	-6.66096e-07 	0.00050314
36.5625 	5.46012e-06 	-2.37276e-06 	0.000475606
36.625 	4.47869e-06 	-1.08927e-07 	0.00047899
36.6875 	3.49833e-06 	-9.32764e-07 	0.000469514
36.8125 	7.67787e-06 	3.25777e-06 	0.000467076
36.875 	6.48907e-06 	1.35084e-06 	0.000481412
36.9375 	6.58508e-06 	-2.15864e-06 	0.000475742
37.0625 	4.54991e-06 	8.09709e-07 	0.000486823
37.125 	7.83296e-06 	-3.65682e-06 	0.000512667
37.1875 	7.59731e-06 	1.24337e-06 	0.000497152
37.25 	5.53479e-06 	1.57001e-06 	0.000499964
37.3125 	6.56213e-06 	2.04108e-06 	0.000486864
37.375 	4.5544e-06 	-1.10301e-06 	0.000508562
37.4375 	8.07622e-06 	-3.90455e-06 	0.000484995
37.5 	5.98296e-06 	-1.43638e-06 	0.000487523
37.5625 	7.95088e-06 	3.07697e-06 	0.000530209
37.625 	7.28477e-06 	1.63275e-06 	0.000524861
37.75 	7.18865e-06 	3.50362e-06 	0.000526618
37.8125 	6.91722e-06 	-2.59562e-06 	0.000546687
37.875 	4.01766e-06 	5.99007e-07 	0.000543316
37.9375 	6.16188e-06 	1.95812e-06 	0.000556327
38.0 	7.98035e-06 	3.7707e-06 	0.000568601
38.0625 	5.35387e-06 	3.22619e-07 	0.000590046
38.125 	4.88489e-06 	-1.32224e-06 	0.00060904
38.1875 	2.79012e-06 	3.16396e-07 	0.000630744
38.25 	5.10296e-06 	2.34185e-07 	0.000628045
38.3125 	7.96434e-06 	-2.48679e-06 	0.000643152
38.375 	6.84993e-06 	-3.2755e-06 	0.000639524
38.4375 	5.42418e-06 	-8.85513e-07 	0.000652227
38.5625 	6.71365e-06 	-3.19163e-06 	0.000669195
38.6875 	3.77449e-06 	-6.92957e-07 	0.000679909
38.8125 	4.84189e-06 	1.01808e-06 	0.000684671
38.875 	6.28269e-06 	8.61032e-07 	0.00069499
38.9375 	4.03895e-06 	-3.00449e-07 	0.000684612
39.0 	7.68285e-06 	1.6961e-06 	0.000648335
39.0625 	7.66481e-06 	-1.3849e-06 	0.000643817
39.125 	6.9281e-06 	-5.73804e-07 	0.000614933
39.1875 	7.8834e-06 	4.36545e-07 	0.000569668
39.25 	2.39791e-06 	2.50292e-07 	0.000587948
39.3125 	6.23152e-06 	8.99161e-07 	0.000611402
39.5 	2.95982e-06 	8.62016e-07 	0.000613564
39.5625 	7.68085e-06 	2.22483e-06 	0.000605176
39.625 	7.19942e-06 	1.05471e-06 	0.000587937
39.6875 	5.2356e-06 	-1.07964e-06 	0.000549506
39.75 	5.28388e-06 	-1.89962e-06 	0.000522141
39.8125 	6.63705e-06 	-3.19303e-06 	0.000507461
39.875 	5.53594e-06 	2.19177e-06 	0.000523493
39.9375 	5.56792e-06 	1.58684e-06 	0.000551449
40.0 	7.41902e-06 	1.99419e-06 	0.000595333
40.125 	6.66209e-06 	-1.8212e-06 	0.000591995
40.25 	5.03808e-06 	1.05595e-06 	0.000595332
40.3125 	4.8611e-06 	-5.0472e-07 	0.00056037
40.4375 	7.4184e-06 	2.03405e-07 	0.000578437
40.5 	4.25899e-06 	9.20444e-07 	0.000583995
40.5625 	4.30086e-06 	-4.93591e-07 	0.000542278
40.625 	2.40806e-06 	-1.08174e-07 	0.000529985
40.8125 	7.46782e-06 	1.09155e-06 	0.000530975
40.9375 	6.21342e-06 	-2.81448e-06 	0.000570063
41.0 	7.05188e-06 	3.33501e-07 	0.000564862
41.125 	6.98482e-06 	-3.32345e-06 	0.000548947
41.1875 	3.06102e-06 	3.43595e-07 	0.000526483
41.25 	7.75961e-06 	3.22438e-06 	0.00050987
41.3125 	4.52134e-06 	1.83076e-06 	0.00047399
41.4375 	7.27473e-06 	-9.07508e-07 	0.000471151
41.5 	6.22926e-06 	-3.93189e-07 	0.000495593
41.5625 	7.73094e-06 	-4.44474e-07 	0.000487105
41.625 	5.4172e-06 	2.24346e-06 	0.000463009
41.6875 	7.16028e-06 	4.73931e-07 	0.000464739
41.8125 	4.88576e-06 	9.29176e-07 	0.000492877
41.875 	5.26239e-06 	-1.97468e-06 	0.00052968
41.9375 	7.37225e-06 	-3.13594e-06 	0.000544373
42.0 	3.60232e-06 	-9.23708e-07 	0.000526715
42.125 	7.89842e-06 	-2.046e-06 	0.000558804
42.25 	6.14124e-06 	2.45359e-06 	0.000561974
42.375 	7.89363e-06 	-3.75929e-06 	0.000534177
42.5 	5.44117e-06 	1.50369e-06 	0.000565567
42.6875 	6.23398e-06 	2.20437e-06 	0.000557362
42.8125 	6.65956e-06 	2.90038e-06 	0.000553079
42.875 	3.54893e-06 	-7.4999e-07 	0.000571737
42.9375 	6.22759e-06 	-4.06345e-07 	0.000593138
43.0 	4.26685e-06 	-4.49712e-07 	0.000576378
43.0625 	8.08047e-06 	-7.88375e-08 	0.000566553
43.125 	5.88772e-06 	-1.86181e-06 	0.000565145
43.1875 	6.52062e-06 	-2.96728e-06 	0.00054991
43.3125 	6.91365e-06 	1.31378e-06 	0.000558628
43.375 	4.44647e-06 	2.4325e-07 	0.000544533
43.4375 	3.98447e-06 	3.71143e-08 	0.000560492
43.5625 	2.44013e-06 	2.96889e-07 	0.000551107
43.6875 	4.79955e-06 	-5.50888e-07 	0.000566159
43.75 	7.82989e-06 	-3.60954e-06 	0.00056975
43.8125 	5.65829e-06 	-1.72437e-06 	0.000570648
43.875 	3.71438e-06 	-4.44987e-07 	0.000597537
43.9375 	6.03626e-06 	-1.81126e-06 	0.000615401
44.0 	5.81294e-06 	-5.80191e-09 	0.000591351
44.0625 	5.45237e-06 	4.23834e-07 	0.000594257
44.125 	7.32581e-06 	1.07414e-06 	0.000608893
44.1875 	7.24944e-06 	1.54103e-06 	0.000626429
44.25 	6.60823e-06 	-2.97696e-07 	0.000619742
44.3125 	6.50041e-06 	2.19662e-06 	0.000634344
44.375 	7.95863e-06 	1.751e-06 	0.000624062
44.4375 	7.10939e-06 	-1.32109e-06 	0.000653635
44.5 	7.26564e-06 	1.10475e-06 	0.000652822
44.5625 	3.82223e-06 	-3.16466e-07 	0.000639044
44.625 	6.68903e-06 	1.81419e-06 	0.00067036
44.6875 	4.49674e-06 	-2.21411e-07 	0.000663146
44.75 	7.51424e-06 	-3.5907e-06 	0.000640588
44.8125 	3.85722e-06 	8.86111e-07 	0.000653446
44.875 	7.03902e-06 	-3.44128e-06 	0.000677787
44.9375 	7.87584e-06 	3.5433e-06 	0.000720487
45.0 	5.46688e-06 	-4.50809e-07 	0.000719081
45.0625 	6.54131e-06 	2.66276e-06 	0.00071873
45.1875 	7.07793e-06 	9.85125e-07 	0.000719296
45.3125 	5.1782e-06 	-2.03014e-06 	0.000710484
45.375 	5.47901e-06 	1.54825e-06 	0.000649728
45.5 	3.17011e-06 	-5.81043e-07 	0.000616087
45.5625 	7.39173e-06 	-3.56886e-06 	0.000628559
45.625 	6.09823e-06 	-2.18296e-06 	0.000644875
45.6875 	4.47453e-06 	-1.62123e-06 	0.000617155
45.75 	6.80266e-06 	-1.6157e-06 	0.000643648
45.875 	6.69452e-06 	-3.13244e-06 	0.00062854
45.9375 	7.16788e-06 	-1.71705e-07 	0.000671642
46.0 	4.72605e-06 	1.51727e-06 	0.00065237
46.0625 	3.67045e-06 	1.18225e-06 	0.000639653
46.125 	7.66526e-06 	-3.24717e-06 	0.000618937
46.3125 	7.27277e-06 	-8.33814e-07 	0.000619166
46.375 	6.98156e-06 	2.78487e-06 	0.000619283
46.5625 	4.00712e-06 	-1.49459e-06 	0.000627896
46.625 	8.08804e-06 	-2.06417e-06 	0.000654395
46.6875 	7.56747e-06 	-4.97207e-07 	0.000670273
46.75 	4.64561e-06 	-4.24267e-07 	0.000662164
46.8125 	7.41808e-06 	1.42819e-06 	0.00065015
46.875 	6.01836e-06 	7.86659e-07 	0.000644047
47.0 	7.6959e-06 	3.46758e-06 	0.000619621
47.0625 	7.69186e-06 	-4.46929e-07 	0.000638764
47.125 	2.72833e-06 	3.39451e-07 	0.000624115
47.1875 	7.79143e-06 	-1.46923e-06 	0.000622345
47.25 	6.49714e-06 	2.58088e-06 	0.000624075
47.3125 	7.58153e-06 	-3.44147e-06 	0.00064162
47.375 	7.98236e-06 	-1.49687e-06 	0.000632731
47.5 	6.95148e-06 	1.09127e-06 	0.000659838
47.5625 	6.56878e-06 	-2.08693e-06 	0.000647219
47.625 	7.20996e-06 	1.16613e-06 	0.000636753
47.6875 	4.17554e-06 	-4.57747e-08 	0.000651167
47.8125 	6.52962e-06 	1.25431e-06 	0.000612893
47.875 	6.898e-06 	1.51061e-06 	0.000556274
48.0 	5.02367e-06 	1.93713e-06 	0.00056196
48.0625 	6.19648e-06 	1.43148e-06 	0.000585627
48.1875 	2.92696e-06 	-5.57498e-07 	0.000613557
48.25 	7.80914e-06 	2.97569e-06 	0.000611995
48.3125 	5.40193e-06 	1.52459e-06 	0.000629951
48.375 	4.25302e-06 	-5.52018e-07 	0.000644446
48.4375 	7.85847e-06 	9.75676e-07 	0.000645607
48.5 	7.66881e-06 	9.42313e-07 	0.000662941
48.5625 	5.54278e-06 	1.68205e-06 	0.000654944
48.75 	6.07461e-06 	-3.79673e-07 	0.000709379
48.8125 	8.12881e-06 	-3.98237e-06 	0.00073432
48.9375 	5.45375e-06 	1.55735e-06 	0.000774533
49.0 	6.24285e-06 	-1.49938e-06 	0.000770106
49.125 	6.66344e-06 	2.99745e-06 	0.000791153
49.1875 	7.21313e-06 	1.31816e-06 	0.000800837
49.25 	8.08859e-06 	-1.28787e-06 	0.000776804
49.3125 	3.58576e-06 	2.36037e-07 	0.000783393
49.375 	8.07614e-06 	2.88691e-07 	0.000781471
49.4375 	6.45356e-06 	3.96518e-07 	0.000772411
49.5 	3.62042e-06 	5.61303e-07 	0.000761798
49.5625 	7.16384e-06 	-1.17288e-06 	0.000789745
49.625 	6.83015e-06 	-2.64669e-06 	0.000784984
49.6875 	6.89272e-06 	-2.71405e-06 	0.000812487
49.75 	7.13975e-06 	-1.10237e-06 	0.000820545
50.0625 	6.694e-06 	1.32165e-06 	0.000810571
50.125 	7.51357e-06 	-4.04375e-06 	0.000808567
50.25 	7.08442e-06 	6.61044e-07 	0.000828361
50.3125 	6.96827e-06 	-3.32831e-06 	0.000862575
50.375 	4.97587e-06 	9.56283e-07 	0.000880827
50.4375 	7.8281e-06 	-3.58055e-07 	0.000927526
50.5 	2.86199e-06 	-8.13483e-07 	0.000920174
50.5625 	7.57915e-06 	2.60273e-06 	0.000918056
50.625 	5.54626e-06 	-1.74802e-06 	0.000922744
50.75 	3.91439e-06 	9.44572e-07 	0.000896887
50.8125 	6.0396e-06 	1.60698e-06 	0.00089361
50.875 	6.44744e-06 	3.15658e-06 	0.000906089
50.9375 	7.21376e-06 	1.41798e-06 	0.000886443
51.0 	7.12298e-06 	2.47155e-06 	0.00090762
51.0625 	5.25425e-06 	1.30077e-06 	0.000922627
51.125 	4.36028e-06 	-6.19289e-07 	0.000929791
51.1875 	5.64717e-06 	1.50504e-06 	0.000910127
51.25 	6.13905e-06 	9.81534e-07 	0.000921583
51.3125 	7.42502e-06 	-3.54051e-06 	0.00092991
51.375 	7.88857e-06 	1.10451e-06 	0.000924878
51.4375 	7.63701e-06 	-3.86754e-07 	0.000918633
51.5 	7.19085e-06 	6.39369e-07 	0.00091954
51.5625 	5.80713e-06 	-2.70005e-06 	0.000916258
51.625 	6.16778e-06 	1.73679e-06 	0.000925396
51.6875 	5.20015e-06 	2.11288e-06 	0.000953157
51.8125 	4.93095e-06 	8.86345e-07 	0.00096897
51.875 	7.87863e-06 	1.22807e-06 	0.00100418
52.0 	7.90982e-06 	3.92759e-06 	0.00101619
52.0625 	7.38099e-06 	7.06704e-07 	0.00100507
52.1875 	7.86813e-06 	2.30103e-06 	0.00101353
52.3125 	6.39442e-06 	2.65608e-06 	0.00101293
52.375 	5.93015e-06 	-1.76319e-06 	0.000996819
52.4375 	7.84449e-06 	3.60903e-06 	0.00100848
52.5 	8.1355e-06 	-5.95121e-07 	0.00100199
52.5625 	3.93709e-06 	1.05707e-06 	0.0010226
52.625 	8.14184e-06 	2.44524e-06 	0.00104431
52.6875 	7.00423e-06 	1.05475e-06 	0.00104291
52.75 	7.98011e-06 	-1.78908e-06 	0.00106443
52.8125 	2.72837e-06 	1.99529e-07 	0.00109567
52.875 	3.6106e-06 	1.05104e-06 	0.00107126
52.9375 	6.50743e-06 	-1.87099e-06 	0.00105398
53.0 	5.23625e-06 	-1.26616e-06 	0.0010152
53.125 	5.98474e-06 	-1.91358e-06 	0.00102437
53.1875 	4.99767e-06 	1.21362e-06 	0.000997043
53.25 	5.03666e-06 	1.08628e-06 	0.000982974
53.3125 	5.60063e-06 	1.39655e-06 	0.000990894
53.375 	7.48291e-06 	-1.10045e-06 	0.000991465
53.5 	3.9939e-06 	1.06976e-06 	0.000990363
53.5625 	6.27532e-06 	1.98362e-06 	0.00102366
53.625 	8.25346e-06 	3.00755e-06 	0.00100673
53.6875 	5.10982e-06 	9.99468e-08 	0.000990678
53.75 	5.22074e-06 	-1.00354e-06 	0.00103358
53.8125 	5.33003e-06 	-2.16276e-06 	0.00101418
53.875 	6.01352e-06 	5.12993e-07 	0.00101217
53.9375 	4.82431e-06 	1.26515e-07 	0.00102177
54.0 	7.9909e-06 	-3.93483e-06 	0.00101321
54.0625 	7.40711e-06 	1.17162e-06 	0.000982194
54.1875 	6.68813e-06 	7.50321e-07 	0.000988753
54.25 	4.41223e-06 	6.21613e-07 	0.00102325
54.3125 	5.59243e-06 	1.30883e-06 	0.000992126
54.375 	2.70602e-06 	4.85943e-07 	0.000950522
54.4375 	5.59536e-06 	1.76662e-06 	0.000975932
54.6875 	5.85652e-06 	-8.53894e-07 	0.000979095
54.8125 	7.42798e-06 	-3.59993e-06 	0.000938312
54.875 	7.46339e-06 	2.43384e-06 	0.000979992
54.9375 	7.25653e-06 	-2.39958e-06 	0.000991139
55.0 	7.87802e-06 	1.57648e-06 	0.000953303
55.0625 	6.3117e-06 	1.26228e-06 	0.000955388
55.125 	6.93889e-06 	-3.30633e-06 	0.00094157
55.1875 	5.06934e-06 	4.55775e-07 	0.000946608
55.3125 	3.94518e-06 	6.36675e-07 	0.000943384
55.4375 	5.916e-06 	1.59604e-06 	0.000982495
55.5 	4.24428e-06 	-4.33573e-07 	0.000989777
55.625 	2.8443e-06 	6.38903e-07 	0.000988593
55.6875 	5.59323e-06 	1.07796e-06 	0.00101837
55.75 	7.08127e-06 	2.21295e-06 	0.00102896
55.8125 	6.87601e-06 	-3.08084e-06 	0.00100322
55.875 	3.86334e-06 	9.36954e-07 	0.00100254
55.9375 	6.54786e-06 	1.51742e-06 	0.0010191
56.0 	4.76837e-06 	8.28319e-07 	0.00101502
56.0625 	6.95658e-06 	3.3541e-06 	0.00102696
56.1875 	7.38653e-06 	1.58814e-06 	0.00104022
56.3125 	6.79483e-06 	-2.18101e-06 	0.00104463
56.375 	7.18502e-06 	-2.22087e-06 	0.00111153
56.4375 	5.93986e-06 	8.94949e-07 	0.00111452
56.5625 	6.9433e-06 	1.29252e-06 	0.00113932
56.6875 	6.84898e-06 	5.72955e-07 	0.0011335
56.75 	7.29461e-06 	-1.45577e-06 	0.00110988
56.8125 	4.89564e-06 	-4.0336e-07 	0.00113547
56.9375 	8.08518e-06 	2.75966e-06 	0.00118546
57.0 	5.43709e-06 	2.38834e-06 	0.00118494
57.0625 	4.80665e-06 	-2.03786e-06 	0.00118971
57.1875 	7.59386e-06 	-3.60563e-06 	0.00122473
57.25 	3.36825e-06 	-5.44445e-07 	0.00122867
57.3125 	6.99855e-06 	-6.57639e-07 	0.00126783
57.375 	5.10702e-06 	1.14845e-06 	0.00129378
57.4375 	4.19226e-06 	6.96265e-07 	0.00130895
57.5 	7.41357e-06 	-1.21466e-06 	0.00131163
57.5625 	6.29421e-06 	-2.92896e-06 	0.00132554
57.625 	8.14532e-06 	3.89841e-06 	0.00135504
57.6875 	6.07264e-06 	2.42024e-06 	0.0013477
57.75 	5.1175e-06 	2.43043e-06 	0.00132209
57.8125 	5.76107e-06 	-5.93576e-07 	0.00132947
58.0 	3.58128e-06 	-1.1313e-06 	0.0013619
58.0625 	6.45834e-06 	1.59517e-06 	0.00135414
58.125 	6.84462e-06 	-3.24622e-06 	0.00134048
58.1875 	5.45617e-06 	1.67017e-06 	0.00133698
58.25 	6.93426e-06 	-3.15209e-06 	0.00135212
58.3125 	5.5998e-06 	-1.37786e-06 	0.00132676
58.4375 	7.51976e-06 	6.45155e-07 	0.00130075
58.5625 	5.93387e-06 	2.10164e-06 	0.00130116
58.625 	5.87622e-06 	1.87289e-06 	0.00133767
58.6875 	4.95154e-06 	1.02291e-06 	0.00135169
58.8125 	7.38473e-06 	1.13248e-06 	0.00133879
58.875 	7.47994e-06 	-2.47318e-06 	0.00130209
58.9375 	6.34115e-06 	-1.65004e-06 	0.00130282
59.0 	5.50077e-06 	1.62644e-06 	0.00127447
59.125 	2.89103e-06 	-7.39395e-07 	0.00129319
59.25 	7.58108e-06 	-3.63335e-06 	0.00131671
59.3125 	7.65335e-06 	3.62239e-06 	0.00133337
59.375 	4.83456e-06 	1.06967e-06 	0.00131098
59.4375 	5.45589e-06 	-3.0038e-07 	0.00129251
59.5 	7.85767e-06 	-2.16162e-06 	0.00130997
59.5625 	6.46102e-06 	1.50451e-06 	0.00131771
59.6875 	7.95749e-06 	3.58075e-06 	0.00131686
59.8125 	6.19242e-06 	2.40212e-06 	0.0012698
59.875 	4.87641e-06 	8.3944e-07 	0.00132282
59.9375 	6.09436e-06 	-1.87532e-06 	0.00135983
60.0 	6.24307e-06 	-2.24134e-06 	0.00134051
60.0625 	6.26207e-06 	2.0788e-06 	0.00133189
60.125 	6.04462e-06 	-1.01161e-06 	0.00135536
60.375 	5.78054e-06 	1.84679e-06 	0.0013344
60.4375 	7.54207e-06 	3.50482e-06 	0.00134224
60.5 	4.23709e-06 	-2.98748e-07 	0.00136881
60.5625 	8.18301e-06 	-9.75022e-07 	0.00136854
60.625 	7.19453e-06 	-5.01283e-07 	0.0013541
60.6875 	7.02195e-06 	-6.26545e-07 	0.00135864
60.75 	6.02819e-06 	-2.77369e-06 	0.0013293
60.8125 	5.94183e-06 	2.27717e-06 	0.00137494
60.875 	5.96845e-06 	2.38608e-06 	0.00141674
60.9375 	3.55404e-06 	-5.94769e-08 	0.00141415
61.0 	4.68092e-06 	1.03313e-06 	0.00142475
61.125 	3.62875e-06 	-9.84104e-08 	0.00143458
61.1875 	3.83654e-06 	6.3602e-07 	0.00143422
61.25 	7.81458e-06 	1.39115e-06 	0.00144561
61.3125 	7.81273e-06 	-5.90963e-07 	0.00146256
61.375 	7.42993e-06 	-3.49189e-06 	0.0014508
61.4375 	3.65027e-06 	-1.33342e-06 	0.00147237
61.5 	8.08262e-06 	-2.63302e-06 	0.00146809
61.625 	8.14414e-06 	3.85798e-06 	0.00145537
61.6875 	7.90502e-06 	3.86218e-06 	0.00145608
61.8125 	7.37988e-06 	-2.34323e-07 	0.00143892
61.875 	5.51151e-06 	-1.61435e-06 	0.00142751
61.9375 	3.65937e-06 	-8.21758e-07 	0.00138958
62.0 	8.08323e-06 	3.78354e-06 	0.00144803
62.125 	3.6673e-06 	-6.68963e-07 	0.00144258
62.1875 	7.45137e-06 	2.89257e-06 	0.00144766
62.25 	5.34819e-06 	1.0125e-06 	0.00144361
62.3125 	6.7108e-06 	-2.18288e-07 	0.00141868
62.375 	6.64427e-06 	7.33215e-07 	0.00145462
62.5 	5.79788e-06 	-1.45242e-06 	0.00148176
62.5625 	5.14498e-06 	2.03995e-06 	0.0014894
62.6875 	5.07263e-06 	9.20736e-07 	0.00147862
62.75 	7.2609e-06 	-9.75489e-07 	0.00146925
62.875 	3.18063e-06 	-1.22872e-06 	0.00145774
62.9375 	6.86688e-06 	1.30879e-06 	0.00146432
63.0 	7.61639e-06 	-3.62204e-06 	0.00142239
63.125 	3.24284e-06 	-1.79187e-07 	0.00143207
63.25 	6.1879e-06 	2.74705e-06 	0.00143931
63.375 	6.56436e-06 	-1.94407e-06 	0.00141636
63.4375 	2.52991e-06 	-6.00055e-08 	0.00141585
63.5625 	7.95538e-06 	-1.53067e-06 	0.00140922
63.625 	8.07492e-06 	-1.79765e-06 	0.00146058
63.8125 	7.41231e-06 	1.07564e-06 	0.00145825
63.9375 	7.28717e-06 	-2.93512e-06 	0.00146275
64.0 	5.6003e-06 	1.01989e-06 	0.00144566
64.0625 	7.54331e-06 	1.46623e-06 	0.00148182
64.25 	7.92434e-06 	-1.04597e-06 	0.00147521
64.3125 	7.7526e-06 	8.97919e-07 	0.00148977
64.4375 	8.07948e-06 	-6.00142e-07 	0.00149749
64.5625 	3.5786e-06 	-8.74489e-07 	0.00152695
64.6875 	7.27092e-06 	1.6596e-06 	0.0015272
64.75 	5.96924e-06 	1.62967e-06 	0.00151553
64.8125 	7.79793e-06 	-3.61644e-06 	0.00146956
64.875 	7.28881e-06 	4.61137e-07 	0.00145569
64.9375 	6.36222e-06 	6.77808e-07 	0.00148704
65.0 	4.46039e-06 	-1.02611e-06 	0.00146438
65.0625 	5.11385e-06 	-2.20081e-06 	0.00147712
65.125 	5.88658e-06 	-1.83242e-06 	0.0015182
65.25 	6.13393e-06 	-2.54525e-06 	0.00152969
65.5 	4.63668e-06 	-1.78584e-06 	0.00154366
65.625 	5.94959e-06 	2.25434e-06 	0.00152825
65.6875 	7.1112e-06 	-2.20492e-06 	0.00156588
65.75 	7.96515e-06 	1.67616e-06 	0.00156342
65.8125 	5.44601e-06 	-7.09404e-07 	0.00153013
65.9375 	7.03884e-06 	8.85446e-07 	0.00150107
66.0 	7.86837e-06 	3.66815e-06 	0.00151249
66.0625 	8.02382e-06 	-3.89827e-06 	0.00154323
66.1875 	5.07939e-06 	3.80066e-07 	0.00155146
66.25 	5.41424e-06 	2.72894e-07 	0.00155111
66.3125 	2.91609e-06 	-6.26043e-07 	0.00152254
66.375 	7.23609e-06 	1.26017e-06 	0.00157133
66.4375 	6.35778e-06 	3.03996e-06 	0.00155463
66.5 	4.91797e-06 	2.69888e-06 	0.00155886
66.625 	5.31142e-06 	-2.90019e-07 	0.00157694
66.75 	4.75703e-06 	7.94357e-07 	0.00158535
66.8125 	7.63542e-06 	-2.32822e-06 	0.00160651
66.875 	7.96236e-06 	-3.73223e-06 	0.00153739
66.9375 	6.50042e-06 	-2.99055e-06 	0.00156401
67.0 	4.7902e-06 	2.00242e-06 	0.00162684
67.125 	5.27927e-06 	-1.96244e-06 	0.0016383
67.1875 	7.25035e-06 	-1.21619e-06 	0.00162397
67.25 	3.36727e-06 	-7.14625e-07 	0.0016278
67.3125 	3.91465e-06 	-1.03134e-06 	0.00166022
67.375 	6.40273e-06 	-2.16004e-06 	0.00167748
67.4375 	6.72055e-06 	-2.89186e-06 	0.00165796
67.5 	5.53267e-06 	2.82896e-07 	0.00168306
67.5625 	6.33908e-06 	2.03517e-06 	0.00169876
67.8125 	5.97645e-06 	6.31029e-07 	0.00169037
67.875 	7.37981e-06 	3.64118e-06 	0.00165625
67.9375 	5.28447e-06 	1.24049e-06 	0.00164379
68.0 	3.26197e-06 	4.64114e-07 	0.00163368
68.0625 	6.94992e-06 	2.82276e-06 	0.0016331
68.125 	6.79933e-06 	1.92228e-07 	0.0016057
68.1875 	5.15486e-06 	1.46737e-06 	0.00161122
68.25 	5.83453e-06 	1.96673e-06 	0.00161975
68.3125 	5.42744e-06 	5.6342e-07 	0.0016292
68.375 	2.90758e-06 	6.50281e-07 	0.00161198
68.4375 	7.40851e-06 	-1.49986e-07 	0.00157649
68.5 	6.28982e-06 	-3.96201e-07 	0.00156773
68.5625 	6.6137e-06 	8.93736e-07 	0.00156593
68.625 	7.21697e-06 	-1.98361e-07 	0.00158934
68.6875 	4.0132e-06 	-4.71861e-07 	0.0015732
68.75 	4.91369e-06 	9.74418e-07 	0.00155026
68.8125 	6.86923e-06 	-1.18333e-06 	0.00153808
68.875 	6.2423e-06 	1.31901e-06 	0.0015566
68.9375 	7.64352e-06 	-8.85931e-07 	0.0015487
69.0625 	6.85823e-06 	-1.02144e-06 	0.00153404
69.125 	7.57346e-06 	-3.173e-06 	0.00153913
69.1875 	5.83987e-06 	2.5596e-07 	0.0015094
69.25 	6.31715e-06 	-2.27232e-06 	0.00150766
69.3125 	3.19404e-06 	-6.03568e-07 	0.00153123
69.4375 	5.69228e-06 	-1.47644e-06 	0.00151938
69.5 	8.03297e-06 	2.83675e-06 	0.00155225
69.625 	3.06271e-06 	-8.32749e-07 	0.00150716
69.75 	7.74533e-06 	-2.46706e-06 	0.00150883
69.8125 	8.03782e-06 	-1.4063e-06 	0.00150048
69.875 	6.96727e-06 	-1.00384e-06 	0.00150757
69.9375 	5.0395e-06 	2.79094e-07 	0.00152136
