# time 	Local 	Global 	Cumulative
0.333274 	4.33508e-06 	-1.4375e-06 	7.09108e-06
0.579973 	7.87988e-06 	2.62466e-06 	2.23686e-05
0.642226 	4.26303e-06 	-1.21953e-06 	2.94784e-05
0.766734 	4.40421e-06 	1.52595e-06 	2.04468e-06
0.828988 	4.80282e-06 	-1.53885e-06 	8.93579e-06
1.26477 	4.4595e-06 	1.18052e-06 	7.68263e-06
1.38927 	3.75979e-06 	-5.72974e-07 	-2.19616e-05
1.45153 	4.97799e-06 	-1.51452e-06 	-4.60114e-05
1.51378 	3.58915e-06 	8.76853e-07 	-3.00513e-05
1.7628 	6.88167e-06 	2.02166e-06 	4.91484e-05
1.8873 	4.47847e-06 	-1.48905e-06 	7.27428e-05
1.94956 	5.72365e-06 	1.48501e-06 	7.2001e-05
2.19857 	7.7766e-06 	-1.16406e-06 	8.04919e-05
2.26083 	8.14278e-06 	3.04333e-06 	7.16905e-05
2.32308 	3.89036e-06 	9.75704e-07 	8.4485e-05
2.38534 	5.62064e-06 	-1.61212e-06 	0.000101474
2.44759 	8.12304e-06 	2.55672e-06 	0.000157491
2.63435 	5.6192e-06 	-1.11248e-06 	0.0001697
2.69661 	4.87919e-06 	-1.6575e-06 	0.00021656
2.88337 	5.58687e-06 	-2.38341e-07 	0.000250833
2.94562 	5.18308e-06 	1.34917e-06 	0.000240579
3.07013 	3.96989e-06 	1.03704e-06 	0.000216232
3.25689 	6.69558e-06 	-6.23657e-07 	0.000257431
3.31914 	7.12079e-06 	-1.75542e-06 	0.000227603
3.3814 	4.59189e-06 	-1.41482e-06 	0.00026688
3.44365 	7.64411e-06 	3.0915e-06 	0.000244464
3.69267 	4.1882e-06 	-6.47767e-07 	0.000244888
3.75492 	6.49775e-06 	-3.12623e-06 	0.000237431
3.87943 	7.63134e-06 	1.32277e-06 	0.000191796
4.06619 	5.67218e-06 	-7.83357e-07 	0.000204344
4.12845 	6.56244e-06 	-7.0616e-07 	0.000231439
4.1907 	7.86427e-06 	2.75347e-06 	0.000253635
4.25295 	5.30612e-06 	-1.87981e-06 	0.000230393
4.31521 	5.2836e-06 	-2.53996e-06 	0.000224375
4.37746 	6.49843e-06 	-2.65827e-06 	0.000228304
4.50197 	4.50554e-06 	-3.54963e-07 	0.000254934
4.56422 	5.57049e-06 	1.22488e-06 	0.000229115
4.62648 	5.9626e-06 	-2.62492e-06 	0.000223762
4.68873 	5.73562e-06 	1.90705e-06 	0.000201554
4.93775 	6.0645e-06 	-2.28308e-06 	0.000221239
5.0 	8.42101e-06 	-1.72577e-06 	0.000226797
5.0625 	6.36651e-06 	3.15549e-06 	0.000210754
5.125 	5.33401e-06 	-1.8612e-06 	0.00020997
5.25 	4.74818e-06 	7.45902e-07 	0.000231745
5.375 	6.6681e-06 	-1.73384e-06 	0.000270321
5.5 	4.87109e-06 	1.34942e-06 	0.00024045
5.5625 	7.72835e-06 	3.24047e-06 	0.000300312
5.625 	5.51345e-06 	-1.72364e-06 	0.000312878
5.6875 	4.04977e-06 	-1.0928e-06 	0.000300116
5.8125 	4.39695e-06 	-1.16122e-06 	0.000287127
5.875 	4.37686e-06 	-6.43533e-07 	0.000282626
5.9375 	5.09723e-06 	1.41994e-06 	0.000296233
6.0 	4.3935e-06 	1.17581e-06 	0.000304951
6.1875 	5.19674e-06 	1.39301e-06 	0.000363123
6.25 	5.2728e-06 	1.46821e-06 	0.000369187
6.4375 	7.54376e-06 	1.38863e-06 	0.00038538
6.75 	5.44845e-06 	-1.69162e-06 	0.000353338
6.8125 	5.25922e-06 	-1.76692e-06 	0.00034266
6.9375 	7.45497e-06 	-1.33623e-06 	0.000305625
7.1875 	5.65151e-06 	2.699e-06 	0.000297703
7.5625 	4.48298e-06 	1.22735e-06 	0.000310521
7.6875 	8.20532e-06 	2.20798e-06 	0.00035416
7.8125 	5.46096e-06 	-1.42435e-06 	0.00036654
7.9375 	5.08363e-06 	2.47331e-06 	0.00038764
8.0 	5.26621e-06 	-1.77119e-06 	0.000364566
8.0625 	5.18691e-06 	-1.59676e-06 	0.000368574
8.125 	3.96311e-06 	8.38463e-07 	0.000369066
8.4375 	5.72018e-06 	-1.79983e-06 	0.000307337
8.5 	4.87116e-06 	-1.6658e-06 	0.000281569
8.5625 	3.08274e-06 	-1.69501e-07 	0.000253642
8.8125 	5.23683e-06 	-1.45341e-06 	0.000218913
8.9375 	6.14999e-06 	2.33106e-06 	0.000219372
9.0 	6.1876e-06 	-2.11148e-06 	0.000221914
9.1875 	4.13913e-06 	1.65502e-06 	0.000226666
9.25 	7.85184e-06 	3.22393e-06 	0.000255075
9.3125 	6.14482e-06 	-1.38728e-06 	0.000233836
9.375 	7.95406e-06 	1.00252e-06 	0.000237791
9.4375 	5.62909e-06 	-2.25349e-06 	0.000182971
9.5625 	4.93777e-06 	-1.69688e-06 	0.000169993
9.625 	7.63242e-06 	2.61903e-06 	0.000178364
9.6875 	7.5592e-06 	3.05905e-06 	0.00019359
9.8125 	7.05225e-06 	2.24934e-06 	0.000209295
9.9375 	5.75664e-06 	-1.7141e-06 	0.000246633
10.0 	4.31441e-06 	8.11781e-07 	0.000227682
10.1875 	4.24946e-06 	-3.48334e-07 	0.000206166
10.3125 	5.04839e-06 	-1.71231e-06 	0.000215424
10.625 	6.96603e-06 	2.03397e-06 	0.00021118
10.6875 	5.17865e-06 	1.53775e-06 	0.000204741
10.75 	8.11261e-06 	-1.3337e-06 	0.000205665
10.8125 	5.27083e-06 	1.69409e-06 	0.000174879
10.875 	5.38446e-06 	1.79159e-06 	0.000204839
11.0 	4.54477e-06 	1.03719e-06 	0.000237768
11.0625 	4.61526e-06 	-1.22838e-06 	0.000223977
11.1875 	7.84078e-06 	-2.19027e-06 	0.000245157
11.6875 	2.13045e-06 	1.20639e-07 	0.000259283
11.75 	5.39933e-06 	1.66764e-06 	0.000270441
11.8125 	4.88128e-06 	1.54504e-06 	0.000285801
11.9375 	5.69399e-06 	-2.73268e-06 	0.000297562
12.0 	8.08181e-06 	-1.52895e-06 	0.000263342
12.0625 	5.67282e-06 	1.73925e-06 	0.000218875
12.1875 	4.64123e-06 	1.37482e-06 	0.000212291
12.3125 	8.25024e-06 	2.0366e-06 	0.000248166
12.375 	7.92993e-06 	-4.06263e-06 	0.000234129
12.625 	4.77344e-06 	-1.68401e-06 	0.000235539
12.6875 	5.10952e-06 	1.35325e-06 	0.000246207
12.8125 	5.23036e-06 	-1.48404e-06 	0.000224758
12.875 	5.19579e-06 	1.79736e-06 	0.000200732
13.0 	6.94073e-06 	1.59197e-06 	0.000152585
13.0625 	4.47213e-06 	1.28854e-06 	0.000174343
13.1875 	4.83506e-06 	-1.73206e-06 	0.000164735
13.25 	7.62162e-06 	1.91581e-06 	0.000167694
13.375 	7.91383e-06 	2.82638e-06 	0.000168185
13.5625 	4.16766e-06 	-5.99965e-07 	0.000186475
13.625 	3.86231e-06 	3.08593e-07 	0.00020082
13.6875 	7.73743e-06 	2.91757e-06 	0.000241379
14.0625 	7.59778e-06 	1.36361e-06 	0.000266318
14.125 	7.32628e-06 	-1.20375e-06 	0.000269041
14.1875 	5.6253e-06 	-2.83356e-06 	0.000300665
14.3125 	6.48553e-06 	-2.27553e-06 	0.000283826
14.375 	5.83641e-06 	-1.59775e-06 	0.000277302
14.4375 	3.90044e-06 	-1.17729e-06 	0.000279324
14.5 	7.39951e-06 	3.01318e-06 	0.000233056
14.625 	3.35604e-06 	-3.40617e-07 	0.000242133
14.6875 	4.57382e-06 	1.34885e-06 	0.000209647
14.75 	7.64905e-06 	-2.56004e-06 	0.00019324
14.8125 	8.14473e-06 	2.42456e-06 	0.000217014
14.9375 	4.43685e-06 	-1.46806e-06 	0.000201559
15.0 	7.31229e-06 	-2.09773e-06 	0.000217278
15.1875 	8.05613e-06 	-2.74777e-06 	0.000212555
15.25 	5.68263e-06 	2.72674e-06 	0.000204864
15.3125 	4.82963e-06 	-1.25122e-06 	0.000176007
15.375 	6.75247e-06 	-2.59256e-06 	0.000130916
15.4375 	8.31889e-06 	-1.67826e-06 	0.000138731
15.5 	7.89108e-06 	-3.23113e-06 	0.000163144
15.8125 	5.88483e-06 	-2.2885e-06 	0.000200845
15.9375 	6.41896e-06 	-2.9781e-06 	0.000238679
16.0 	4.50012e-06 	1.60775e-06 	0.00026235
16.0625 	6.43507e-06 	-9.51564e-07 	0.000294003
16.125 	5.34301e-06 	2.59284e-06 	0.000324031
16.1875 	7.51412e-06 	-2.9978e-06 	0.000293862
16.25 	4.80452e-06 	1.24481e-06 	0.000271257
16.3125 	7.04121e-06 	-7.77642e-07 	0.000256511
16.375 	6.11566e-06 	-3.10911e-06 	0.000258295
16.5 	4.85609e-06 	-1.66985e-06 	0.000260462
16.625 	4.43126e-06 	1.57525e-06 	0.000232454
16.8125 	4.55224e-06 	1.09517e-06 	0.000261854
16.9375 	4.81574e-06 	-1.38373e-06 	0.000285213
17.25 	6.14531e-06 	-4.29896e-07 	0.000322982
17.3125 	7.30392e-06 	2.0209e-06 	0.000308339
17.375 	6.45095e-06 	1.19846e-06 	0.000338753
17.4375 	7.99214e-06 	2.87611e-06 	0.000312634
17.5625 	5.59606e-06 	-2.8169e-06 	0.000291509
17.6875 	7.12299e-06 	3.51652e-06 	0.000330691
18.0 	5.38811e-06 	-2.73745e-06 	0.000370378
18.0625 	5.40341e-06 	6.81124e-07 	0.000347039
18.1875 	4.78479e-06 	-1.95614e-06 	0.000302666
18.25 	6.09533e-06 	2.17699e-06 	0.000328232
18.375 	5.71657e-06 	2.7219e-06 	0.000328696
18.4375 	5.42853e-06 	-6.26623e-07 	0.000328553
18.5625 	5.38492e-06 	-1.71265e-06 	0.000295947
18.625 	7.37958e-06 	-1.01476e-06 	0.000337031
18.8125 	4.4139e-06 	1.45382e-06 	0.00035581
18.875 	3.26704e-06 	-3.7082e-07 	0.000383843
18.9375 	5.91241e-06 	-1.12794e-06 	0.000371973
19.125 	8.35859e-06 	3.00841e-06 	0.00038366
19.4375 	6.78123e-06 	-8.61453e-07 	0.000410648
19.5 	6.76786e-06 	1.19794e-06 	0.000394309
19.625 	4.30354e-06 	-7.54521e-07 	0.000408931
19.6875 	5.41674e-06 	1.66403e-06 	0.000412724
19.75 	6.84622e-06 	5.84508e-07 	0.000434397
19.9375 	5.33536e-06 	-1.56925e-06 	0.000356854
20.125 	5.95551e-06 	-1.72095e-06 	0.000386325
20.1875 	6.16399e-06 	2.27546e-06 	0.000403884
20.375 	5.54172e-06 	-1.00628e-06 	0.00040852
20.4375 	5.72995e-06 	1.95306e-06 	0.000427378
20.5 	3.91239e-06 	9.64758e-07 	0.000448321
20.625 	5.49753e-06 	-1.58127e-06 	0.000422828
20.6875 	5.29373e-06 	1.52553e-06 	0.000431531
20.75 	6.72671e-06 	1.29945e-06 	0.000336445
21.0 	4.54171e-06 	-6.67491e-07 	0.000391593
21.0625 	6.01154e-06 	1.52393e-06 	0.000362261
21.1875 	7.95566e-06 	-3.04323e-06 	0.000326976
21.3125 	7.39152e-06 	2.71978e-06 	0.000299498
21.5625 	7.19874e-06 	2.9014e-06 	0.000275313
21.75 	6.66282e-06 	-3.03978e-06 	0.000219665
21.8125 	7.70426e-06 	1.9326e-06 	0.000219682
21.875 	5.31216e-06 	1.80317e-06 	0.000176101
21.9375 	5.45506e-06 	-2.62251e-06 	0.000162435
22.1875 	5.83326e-06 	-2.00646e-06 	0.00016822
22.25 	6.95743e-06 	-2.45659e-06 	0.000162796
22.3125 	4.46458e-06 	-1.19107e-06 	0.000169146
22.9375 	7.52385e-06 	-5.35866e-07 	0.000171883
23.0 	6.22608e-06 	-2.49997e-06 	0.000143391
23.125 	4.44415e-06 	-8.77151e-07 	0.000153618
23.1875 	7.29638e-06 	2.3389e-06 	0.000133346
23.3125 	5.54128e-06 	2.06617e-06 	0.000171341
23.375 	5.42933e-06 	1.72645e-06 	0.00018979
23.4375 	6.67956e-06 	2.23947e-06 	0.000222696
23.6875 	7.97759e-06 	-1.14871e-06 	0.00020912
23.8125 	7.38051e-06 	-2.99289e-06 	0.000190022
24.0 	6.51314e-06 	2.27617e-06 	0.000180103
24.0625 	3.53577e-06 	7.16946e-07 	0.000199507
24.3125 	5.3848e-06 	2.60342e-06 	0.000252797
24.375 	8.3972e-06 	2.9417e-06 	0.000269369
24.4375 	7.62326e-06 	-2.58921e-06 	0.000251202
24.5625 	6.2637e-06 	2.54845e-06 	0.000223244
24.6875 	7.96573e-06 	3.09776e-06 	0.000251221
24.75 	5.17204e-06 	-1.73416e-06 	0.000219237
24.8125 	7.37893e-06 	2.21245e-06 	0.000232864
25.0 	7.39388e-06 	9.29083e-07 	0.000245804
25.0625 	4.8915e-06 	-2.00124e-06 	0.000264872
25.125 	5.44427e-06 	-2.64806e-06 	0.00028138
25.25 	4.35929e-06 	1.17744e-06 	0.000246163
25.3125 	6.33134e-06 	1.38277e-06 	0.000284869
25.625 	4.44927e-06 	-1.54241e-06 	0.000366764
25.6875 	4.8301e-06 	1.49776e-06 	0.000376115
25.75 	3.27682e-06 	-1.44504e-07 	0.000407506
25.8125 	6.1691e-06 	2.14539e-07 	0.000415646
26.0 	7.89092e-06 	2.45154e-06 	0.000432687
26.125 	4.95424e-06 	1.24132e-06 	0.0003981
26.25 	3.21346e-06 	3.74319e-07 	0.000373833
26.375 	7.14401e-06 	-2.46835e-06 	0.000367216
26.5 	5.26779e-06 	-1.47163e-06 	0.000371279
26.5625 	7.75336e-06 	3.75399e-06 	0.000366008
26.625 	7.86665e-06 	2.14481e-06 	0.000334449
26.6875 	5.56582e-06 	1.86577e-06 	0.000312553
26.875 	7.79503e-06 	-2.88206e-06 	0.000339966
26.9375 	4.71302e-06 	-1.32906e-06 	0.000364028
27.0 	7.97419e-06 	1.30959e-06 	0.000381721
27.25 	5.13506e-06 	1.40023e-06 	0.000399805
27.3125 	6.62735e-06 	-2.36543e-06 	0.000408676
27.625 	5.38835e-06 	2.61332e-06 	0.000333842
27.75 	6.66792e-06 	1.37898e-06 	0.000347966
28.0 	5.66491e-06 	1.71158e-06 	0.000366362
28.0625 	6.89484e-06 	5.41755e-07 	0.00037374
28.125 	5.10907e-06 	-1.73612e-06 	0.000351391
28.3125 	5.07482e-06 	-2.54307e-06 	0.000363025
28.5 	5.00554e-06 	-1.67069e-06 	0.000320949
28.625 	4.18551e-06 	-9.07742e-07 	0.000319108
28.6875 	7.92821e-06 	2.17755e-06 	0.000315654
28.8125 	7.02593e-06 	-5.70145e-07 	0.000332324
28.875 	6.37465e-06 	1.76283e-06 	0.000357957
29.0 	4.97129e-06 	1.05532e-06 	0.000378165
29.0625 	5.90562e-06 	-2.31096e-06 	0.00037044
29.125 	7.55211e-06 	-2.99029e-06 	0.000360094
29.1875 	6.43041e-06 	-2.3451e-06 	0.000341405
29.25 	7.95838e-06 	2.78553e-06 	0.000320787
29.375 	4.10583e-06 	-1.25863e-06 	0.000318296
29.4375 	7.71349e-06 	-2.92765e-06 	0.00031615
29.625 	4.53066e-06 	-1.42213e-06 	0.000281795
29.6875 	7.96548e-06 	-1.30958e-06 	0.000241899
29.75 	5.20994e-06 	2.00226e-06 	0.000231398
29.9375 	4.65254e-06 	-1.38997e-06 	0.000231822
30.125 	7.51333e-06 	1.63449e-06 	0.00026152
30.25 	4.11325e-06 	6.87467e-07 	0.000273116
30.3125 	4.37758e-06 	-9.39799e-07 	0.000299029
30.375 	6.63058e-06 	-3.42103e-06 	0.000263542
30.4375 	6.09926e-06 	-3.04296e-06 	0.000284364
30.5 	6.56396e-06 	8.06036e-07 	0.000289378
30.5625 	5.46934e-06 	-2.53129e-06 	0.000261709
30.8125 	5.08753e-06 	-1.73587e-06 	0.000274366
30.9375 	4.85135e-06 	-1.69651e-06 	0.00026636
31.1875 	4.37235e-06 	1.22058e-06 	0.000267129
31.25 	7.44397e-06 	3.47763e-06 	0.000276509
31.375 	6.47246e-06 	2.41524e-06 	0.000265312
31.625 	5.95879e-06 	1.20931e-06 	0.000253726
31.75 	3.83163e-06 	-1.02132e-06 	0.000287083
31.8125 	4.80379e-06 	1.31642e-06 	0.000311092
31.875 	2.70887e-06 	7.92042e-08 	0.000309559
32.0 	5.55468e-06 	-1.65177e-06 	0.000342433
32.125 	4.76586e-06 	-1.99637e-06 	0.000396625
32.1875 	6.0875e-06 	-6.33537e-09 	0.00036807
32.25 	6.54543e-06 	1.03701e-06 	0.000363122
32.3125 	5.13978e-06 	-1.37924e-06 	0.000379166
32.4375 	7.83692e-06 	2.39864e-06 	0.000351523
32.5 	4.10889e-06 	1.19671e-06 	0.000330416
32.625 	6.40907e-06 	5.22391e-07 	0.000328008
32.6875 	3.926e-06 	1.6065e-06 	0.00034888
32.75 	5.7788e-06 	2.78845e-06 	0.000371479
32.8125 	5.9615e-06 	8.78953e-07 	0.000420013
32.875 	4.85905e-06 	1.35921e-06 	0.000437019
33.0 	7.12321e-06 	-1.78305e-06 	0.000440639
33.0625 	4.6534e-06 	-1.44792e-06 	0.000483569
33.125 	5.25257e-06 	-2.36509e-06 	0.000489063
33.1875 	4.95249e-06 	-6.36939e-07 	0.000422279
33.3125 	4.59224e-06 	1.49493e-06 	0.000440619
33.375 	5.26053e-06 	1.68237e-06 	0.000430733
33.4375 	3.90844e-06 	-6.45887e-07 	0.000454832
33.625 	5.01321e-06 	1.32942e-06 	0.000445541
33.6875 	7.2592e-06 	2.89564e-06 	0.000427212
33.875 	6.875e-06 	-2.14555e-06 	0.000393756
33.9375 	5.60358e-06 	2.83044e-06 	0.000434098
34.125 	6.29119e-06 	-1.62503e-06 	0.000444892
34.1875 	4.13468e-06 	-1.15475e-06 	0.000471098
34.25 	5.33427e-06 	-2.58868e-06 	0.00050267
34.3125 	4.38572e-06 	-1.00069e-06 	0.000494894
34.375 	6.73739e-06 	-1.24747e-06 	0.000501199
34.5 	5.03206e-06 	1.47978e-06 	0.000503517
34.5625 	7.92088e-06 	-3.5706e-06 	0.000497137
34.625 	5.50027e-06 	-2.69314e-06 	0.000500659
34.6875 	4.89545e-06 	-1.62083e-06 	0.000463674
34.875 	6.97421e-06 	-2.14823e-06 	0.000438047
34.9375 	3.14037e-06 	-2.47038e-07 	0.000423752
35.0625 	7.23708e-06 	2.4755e-06 	0.000391408
35.125 	7.19509e-06 	-1.4872e-06 	0.000384677
35.25 	7.90372e-06 	2.80298e-06 	0.000426596
35.3125 	4.36079e-06 	-1.14026e-06 	0.000409401
35.375 	5.60016e-06 	-1.88612e-06 	0.00039101
35.625 	4.90909e-06 	-2.21814e-06 	0.000411662
35.6875 	7.43452e-06 	2.71284e-06 	0.000393654
35.75 	5.57563e-06 	-1.85793e-06 	0.000382785
35.8125 	5.34459e-06 	-1.44903e-06 	0.000385434
35.875 	4.00304e-06 	-4.77886e-07 	0.000407212
35.9375 	8.00731e-06 	-3.13496e-06 	0.000458259
36.0 	5.14875e-06 	-2.33173e-06 	0.000479719
36.125 	5.5836e-06 	-1.97852e-06 	0.000515832
36.25 	5.35103e-06 	1.29247e-06 	0.000510443
36.4375 	8.11762e-06 	-1.53449e-06 	0.000485836
36.5 	3.77365e-06 	5.56873e-07 	0.000516654
36.8125 	6.48772e-06 	4.85631e-07 	0.000492897
36.875 	3.21565e-06 	-1.5649e-06 	0.000465502
37.125 	4.50943e-06 	-1.17274e-06 	0.000510631
37.1875 	4.86371e-06 	7.01887e-07 	0.000497099
37.3125 	5.75988e-06 	2.30108e-06 	0.000502512
37.4375 	2.762e-06 	3.94285e-07 	0.000461125
37.5 	5.27011e-06 	2.60353e-06 	0.000491453
37.5625 	6.06497e-06 	-2.96672e-06 	0.000535069
37.75 	3.74848e-06 	7.37743e-07 	0.000536799
37.9375 	6.24833e-06 	-3.07241e-06 	0.000567482
38.0 	5.23935e-06 	-1.43971e-06 	0.000569579
38.0625 	5.96264e-06 	8.69173e-07 	0.000612856
38.125 	6.24819e-06 	-2.58519e-06 	0.000610888
38.25 	8.03744e-06 	3.0082e-06 	0.000634383
38.3125 	3.65416e-06 	8.55346e-07 	0.000654112
38.4375 	6.69232e-06 	-2.24292e-06 	0.000651482
38.5625 	6.91493e-06 	9.46527e-07 	0.000666306
38.6875 	5.1571e-06 	-1.62053e-06 	0.00067733
38.8125 	5.61063e-06 	2.70016e-06 	0.000695877
38.875 	6.42808e-06 	1.63953e-06 	0.00070055
38.9375 	4.72666e-06 	-1.28294e-06 	0.000689411
39.0 	3.89213e-06 	5.47382e-07 	0.000654384
39.0625 	5.13508e-06 	-1.3939e-06 	0.000641181
39.1875 	4.88105e-06 	1.1619e-06 	0.000570912
39.25 	7.22249e-06 	-1.31591e-06 	0.000604337
39.3125 	4.60512e-06 	1.15765e-06 	0.000610778
39.5625 	5.17446e-06 	1.66608e-06 	0.000607661
39.625 	5.68961e-06 	-2.96115e-06 	0.000558279
39.6875 	4.3472e-06 	-1.15243e-06 	0.000540219
39.75 	5.77469e-06 	-1.29801e-06 	0.000533706
39.875 	4.93038e-06 	-1.60755e-06 	0.000512058
39.9375 	4.34637e-06 	1.5174e-06 	0.000582333
40.0 	7.63133e-06 	-1.171e-06 	0.00059752
40.125 	6.92082e-06 	3.60268e-06 	0.000588298
40.25 	7.02086e-06 	-1.61833e-06 	0.000579565
40.3125 	5.84048e-06 	2.25777e-06 	0.000561879
40.4375 	5.5702e-06 	-1.90716e-06 	0.000590346
40.5 	7.36379e-06 	4.45581e-07 	0.000588434
40.5625 	5.41591e-06 	1.19592e-06 	0.0005473
40.625 	4.9541e-06 	-1.2637e-06 	0.00052371
40.8125 	6.88528e-06 	-1.94648e-06 	0.000563942
40.9375 	7.03483e-06 	2.30866e-06 	0.000569145
41.125 	3.56681e-06 	2.46266e-07 	0.000518996
41.1875 	5.23247e-06 	-1.51338e-06 	0.000533823
41.25 	7.79239e-06 	-3.08644e-06 	0.000498949
41.3125 	8.14733e-06 	3.02777e-06 	0.000472736
41.4375 	4.57179e-06 	-1.30752e-06 	0.000482549
41.5 	5.75981e-06 	-1.74656e-06 	0.000496607
41.6875 	4.5874e-06 	-1.23822e-06 	0.000471847
41.8125 	5.59838e-06 	2.00249e-06 	0.000511411
41.9375 	7.18566e-06 	-2.64406e-06 	0.000547328
42.0 	6.2824e-06 	2.02688e-06 	0.000542298
42.25 	7.75299e-06 	-2.36449e-06 	0.000567959
42.5 	6.88325e-06 	2.29446e-06 	0.000556228
42.6875 	4.70344e-06 	-1.92591e-06 	0.000554121
42.8125 	5.50148e-06 	2.70955e-06 	0.000566519
42.875 	6.57431e-06 	-2.00806e-06 	0.000575636
42.9375 	4.59441e-06 	-1.60532e-06 	0.000569137
43.0 	4.41009e-06 	-7.17992e-07 	0.000569468
43.0625 	7.28924e-06 	1.2735e-06 	0.000573168
43.1875 	7.67966e-06 	-2.86445e-06 	0.000572898
43.3125 	4.62093e-06 	9.48474e-07 	0.000541094
43.375 	7.88474e-06 	1.40471e-06 	0.000531725
43.6875 	4.89253e-06 	-3.64207e-07 	0.000550602
43.9375 	5.21894e-06 	1.59453e-06 	0.000603854
44.0 	5.58117e-06 	-2.75324e-06 	0.000607225
44.125 	8.19633e-06 	2.65833e-06 	0.000615096
44.1875 	6.23402e-06 	2.35891e-07 	0.000626099
44.25 	5.07995e-06 	-1.53133e-06 	0.000625919
44.3125 	5.15033e-06 	-1.16514e-06 	0.000630878
44.4375 	4.86991e-06 	-1.35253e-06 	0.00065037
44.5625 	5.18608e-06 	2.25391e-07 	0.00066982
44.6875 	5.93617e-06 	-2.88219e-06 	0.000669311
44.8125 	6.57269e-06 	2.41802e-06 	0.000650417
44.875 	6.46436e-06 	-2.39165e-06 	0.000679986
44.9375 	6.22169e-06 	-1.06007e-06 	0.00071283
45.0 	7.55154e-06 	-1.01673e-06 	0.000719205
45.1875 	5.13506e-06 	-1.42558e-06 	0.000708582
45.3125 	4.80753e-06 	1.41605e-06 	0.00068048
45.5 	8.03115e-06 	2.67203e-06 	0.000619604
45.625 	5.89552e-06 	-1.94986e-06 	0.000627046
45.6875 	5.95533e-06 	2.27605e-06 	0.00062327
45.75 	4.40919e-06 	-8.27763e-07 	0.000658776
46.0 	6.05665e-06 	-1.87863e-06 	0.000645001
46.0625 	4.92162e-06 	-1.30913e-06 	0.000634211
46.3125 	5.22312e-06 	-3.16816e-07 	0.000612393
46.5625 	5.97009e-06 	1.95377e-06 	0.000648701
46.625 	3.84701e-06 	1.10779e-06 	0.000661625
46.6875 	7.09193e-06 	1.93465e-06 	0.000693382
46.75 	5.17254e-06 	-1.88918e-06 	0.000645395
46.875 	4.70632e-06 	-1.221e-06 	0.00064108
47.0 	4.12821e-06 	9.55092e-07 	0.000611497
47.0625 	6.05016e-06 	2.27455e-06 	0.000628134
47.125 	5.28837e-06 	-2.62224e-06 	0.000614557
47.1875 	4.86514e-06 	-9.58747e-07 	0.000615173
47.25 	7.47445e-06 	-9.40491e-07 	0.000610893
47.375 	4.55197e-06 	1.40095e-06 	0.000606815
47.5 	5.48806e-06 	6.10804e-07 	0.000672558
47.5625 	5.05382e-06 	-1.82216e-06 	0.000634862
47.625 	8.14533e-06 	-1.29621e-06 	0.000630645
47.8125 	4.33415e-06 	1.10377e-06 	0.00055139
48.0625 	4.3545e-06 	9.18146e-07 	0.000603551
48.1875 	3.17426e-06 	3.41104e-07 	0.00061053
48.25 	4.45115e-06 	1.2338e-06 	0.000650926
48.3125 	5.90462e-06 	-1.92392e-06 	0.000639967
48.4375 	6.10411e-06 	-6.4622e-07 	0.000654191
48.5625 	5.31799e-06 	-1.85383e-06 	0.000695368
48.75 	5.17475e-06 	-2.18558e-06 	0.000738698
48.8125 	5.20747e-06 	1.21905e-06 	0.0007403
48.9375 	5.20658e-06 	1.53426e-06 	0.000796049
49.0 	4.97054e-06 	-1.18188e-06 	0.000785538
49.3125 	5.68968e-06 	2.74646e-06 	0.000777224
49.375 	6.8728e-06 	2.05611e-06 	0.000778799
49.4375 	6.37665e-06 	1.12549e-06 	0.000758665
49.5625 	6.75844e-06 	-1.33839e-06 	0.000784038
49.6875 	5.5212e-06 	-2.75908e-06 	0.000800726
49.75 	6.78981e-06 	3.5377e-06 	0.00080882
50.0625 	5.56901e-06 	1.73007e-06 	0.000818532
50.25 	4.59453e-06 	-8.60448e-07 	0.000845352
50.3125 	5.29101e-06 	-1.41549e-06 	0.000841337
50.375 	5.27646e-06 	2.08037e-06 	0.000904288
50.4375 	8.0137e-06 	-2.11249e-06 	0.000930889
50.5625 	4.98084e-06 	2.55718e-06 	0.000932393
50.625 	5.4067e-06 	1.44397e-06 	0.000927088
50.75 	8.22154e-06 	3.11286e-06 	0.000885768
50.8125 	7.13175e-06 	-1.63763e-06 	0.000914114
50.875 	4.70042e-06 	1.81227e-06 	0.000897223
50.9375 	5.52308e-06 	2.71197e-06 	0.000897955
51.0 	6.4667e-06 	-1.50435e-06 	0.000920343
51.125 	6.58712e-06 	2.3174e-06 	0.00092982
51.1875 	5.39665e-06 	-2.60701e-06 	0.000923824
51.25 	5.1566e-06 	-1.05942e-06 	0.000916015
51.375 	8.26997e-06 	7.42539e-07 	0.000924119
51.4375 	6.89605e-06 	2.39449e-06 	0.000904633
51.5 	4.15794e-06 	-1.3073e-06 	0.000919667
51.625 	5.23921e-06 	1.42103e-06 	0.000925397
51.8125 	7.50394e-06 	-2.52659e-06 	0.000969195
52.0625 	5.40009e-06 	-1.92699e-06 	0.00100578
52.1875 	5.95138e-06 	2.92082e-06 	0.00101329
52.3125 	4.412e-06 	8.41298e-07 	0.00103015
52.5 	6.77288e-06 	4.46516e-07 	0.00100394
52.625 	5.42869e-06 	3.06848e-07 	0.00104061
52.75 	5.96e-06 	-1.80098e-06 	0.00106208
52.8125 	4.53191e-06 	7.01116e-07 	0.00108391
52.9375 	7.27349e-06 	-2.22113e-06 	0.00104455
53.1875 	4.10732e-06 	8.3754e-07 	0.000980934
53.25 	6.20546e-06 	1.05945e-06 	0.000988668
53.3125 	5.2817e-06 	1.81848e-06 	0.000988025
53.5 	7.75234e-06 	2.88382e-06 	0.00099117
53.5625 	7.22108e-06 	-2.65697e-06 	0.00100646
53.625 	4.65235e-06 	-9.90808e-07 	0.000997047
53.6875 	4.57798e-06 	-7.94872e-07 	0.00101911
53.75 	4.24026e-06 	-1.20431e-06 	0.00103368
53.875 	8.13256e-06 	2.51948e-06 	0.00101091
54.0 	7.82291e-06 	2.07056e-06 	0.00102054
54.0625 	7.20468e-06 	-1.72389e-06 	0.000969287
54.1875 	3.09662e-06 	-1.19757e-06 	0.000977812
54.25 	5.67353e-06 	-1.70992e-06 	0.00103931
54.3125 	4.96113e-06 	-1.74506e-06 	0.000968061
54.375 	3.90914e-06 	-6.57496e-07 	0.000986675
54.4375 	7.37252e-06 	2.48098e-06 	0.000971164
54.6875 	4.68077e-06 	1.013e-06 	0.000962379
54.8125 	6.52117e-06 	-4.73606e-07 	0.000926686
54.875 	5.72546e-06 	-2.81221e-06 	0.00100956
54.9375 	3.12639e-06 	-2.77992e-07 	0.00097236
55.0 	8.0265e-06 	2.41923e-06 	0.00095667
55.125 	6.20636e-06 	3.00419e-06 	0.000946384
55.3125 	4.92563e-06 	-1.67484e-06 	0.000958413
55.4375 	5.73069e-06 	4.09772e-07 	0.00100244
55.5 	8.1317e-06 	-8.73976e-07 	0.000988524
55.6875 	2.80604e-06 	2.3119e-07 	0.00102462
55.75 	6.59077e-06 	2.67302e-06 	0.00102546
55.875 	7.8854e-06 	2.29076e-06 	0.00102482
55.9375 	5.22574e-06 	-1.62989e-06 	0.00102525
56.0 	5.58976e-06 	1.00601e-06 	0.00103153
56.0625 	4.91069e-06 	1.39878e-06 	0.00103381
56.3125 	7.13538e-06 	3.04001e-06 	0.00105717
56.375 	6.35569e-06 	2.43927e-06 	0.00111469
56.4375 	5.14137e-06 	2.09679e-06 	0.00110743
56.5625 	5.15485e-06 	-2.28947e-06 	0.00114247
56.6875 	5.35874e-06 	-5.83574e-07 	0.00112368
56.75 	7.45538e-06 	1.5997e-06 	0.00112496
56.8125 	4.48185e-06 	-2.04074e-06 	0.00115403
57.0 	5.20538e-06 	-1.5086e-06 	0.00116411
57.0625 	4.63051e-06 	1.03229e-06 	0.00118343
57.1875 	5.49562e-06 	-2.01607e-06 	0.00122628
57.25 	6.84363e-06 	1.50963e-06 	0.00125961
57.3125 	7.05539e-06 	3.26334e-06 	0.00129019
57.4375 	4.06565e-06 	-1.23776e-06 	0.00127521
57.6875 	6.62064e-06 	1.84498e-06 	0.00134737
57.8125 	4.75537e-06 	-1.71374e-06 	0.00133213
58.0 	4.15588e-06 	-6.77472e-07 	0.00135609
58.125 	5.84426e-06 	-2.90161e-06 	0.00133029
58.1875 	5.94814e-06 	1.90909e-06 	0.00133997
58.25 	7.94823e-06 	-1.98175e-06 	0.00133465
58.3125 	4.61081e-06 	-1.49939e-06 	0.00133023
58.4375 	7.9102e-06 	2.8576e-06 	0.00129285
58.5625 	7.8338e-06 	-1.50329e-06 	0.00130081
58.6875 	3.4739e-06 	-5.53997e-07 	0.00134567
58.8125 	7.17867e-06 	-1.11801e-06 	0.0013301
58.875 	7.28435e-06 	1.38661e-06 	0.00128863
58.9375 	6.6725e-06 	-4.00954e-07 	0.00125328
59.0 	3.43511e-06 	4.24309e-07 	0.00128276
59.125 	6.07871e-06 	1.4894e-06 	0.00130226
59.25 	5.16274e-06 	-1.46079e-06 	0.00131173
59.3125 	4.44624e-06 	1.3466e-06 	0.00128618
59.375 	6.7362e-06 	2.28341e-06 	0.00130722
59.5 	7.44785e-06 	-2.53839e-06 	0.0013042
59.6875 	5.24019e-06 	1.68006e-06 	0.0013191
59.8125 	5.01391e-06 	1.37568e-06 	0.00128855
59.875 	7.39427e-06 	2.45196e-06 	0.00133121
59.9375 	7.43239e-06 	2.7638e-06 	0.00134939
60.375 	3.74007e-06 	-1.05961e-06 	0.00135617
60.4375 	4.64794e-06 	1.3064e-06 	0.00131624
60.5625 	7.83559e-06 	1.27518e-06 	0.00137927
60.625 	2.7027e-06 	3.16246e-07 	0.00137968
60.875 	3.74132e-06 	-1.59374e-06 	0.00140759
61.0 	4.16025e-06 	1.34524e-06 	0.00143901
61.125 	7.74047e-06 	2.68595e-06 	0.00147921
61.25 	4.74864e-06 	1.23548e-06 	0.00146296
61.4375 	7.15241e-06 	3.53098e-06 	0.00145336
61.5 	5.33144e-06 	-2.05441e-06 	0.00148269
61.625 	4.00923e-06 	-1.22968e-06 	0.00145886
61.6875 	7.68187e-06 	-1.99673e-06 	0.00147687
61.8125 	5.75117e-06 	-1.614e-06 	0.00143527
61.9375 	6.52108e-06 	-2.75337e-06 	0.00143988
62.1875 	7.30151e-06 	-7.42055e-07 	0.00145081
62.25 	1.95823e-06 	6.05224e-08 	0.00144029
62.375 	7.36048e-06 	1.92903e-06 	0.00145681
62.5 	8.13147e-06 	-1.01503e-06 	0.00147007
62.5625 	4.87162e-06 	-1.61469e-06 	0.00148226
62.875 	5.27041e-06 	1.36417e-06 	0.00145443
62.9375 	5.87341e-06 	1.15692e-06 	0.00145017
63.0 	3.17475e-06 	2.80314e-07 	0.00141583
63.25 	4.42172e-06 	9.00426e-07 	0.0014256
63.4375 	5.29411e-06 	-4.78084e-07 	0.00142681
63.5625 	5.01054e-06 	1.67808e-06 	0.00144727
63.8125 	6.7307e-06 	-1.70757e-06 	0.00145772
63.9375 	8.03748e-06 	-1.31188e-06 	0.00144143
64.0 	4.73178e-06 	1.32089e-06 	0.0014634
64.25 	8.0744e-06 	-3.04414e-06 	0.00148862
64.4375 	4.17146e-06 	5.61235e-07 	0.00152212
64.5625 	4.51461e-06 	1.90055e-06 	0.0015275
64.6875 	4.46894e-06 	-1.07985e-06 	0.00151679
64.75 	5.38435e-06 	-1.6019e-06 	0.00149087
64.8125 	4.83858e-06 	-1.4891e-06 	0.00145268
64.875 	5.00644e-06 	1.55315e-06 	0.00147221
64.9375 	4.60947e-06 	-4.85373e-07 	0.00146551
65.0 	7.99969e-06 	-1.95991e-06 	0.00146801
65.0625 	4.78694e-06 	1.37525e-06 	0.00150541
65.125 	5.65803e-06 	-1.84727e-06 	0.00151898
65.625 	4.15803e-06 	5.06036e-07 	0.00155547
65.8125 	4.55186e-06 	-1.26924e-06 	0.00151277
65.9375 	6.77249e-06 	1.15573e-06 	0.00149583
66.0 	5.836e-06 	-7.34582e-07 	0.00153549
66.0625 	4.66476e-06 	-2.28352e-06 	0.00153089
66.3125 	5.08587e-06 	1.505e-06 	0.00156237
66.5 	7.66127e-06 	7.04536e-07 	0.00155142
66.75 	8.03605e-06 	-3.59839e-07 	0.00160159
66.8125 	4.64376e-06 	-1.42618e-06 	0.0015708
66.875 	3.49353e-06 	3.81082e-07 	0.00156407
66.9375 	4.38013e-06 	1.18596e-06 	0.00157542
67.25 	5.1253e-06 	1.76325e-06 	0.00165756
67.375 	5.22402e-06 	-1.75763e-06 	0.00167965
67.4375 	6.02067e-06 	6.05177e-07 	0.001676
67.5 	4.77376e-06 	6.22532e-07 	0.00168021
67.8125 	8.36352e-06 	3.07051e-06 	0.0016598
67.875 	6.14104e-06 	3.0442e-06 	0.00165281
67.9375 	4.68365e-06 	1.58303e-06 	0.00164813
68.0 	6.97776e-06 	-1.43413e-06 	0.00164649
68.125 	2.8189e-06 	-5.5486e-08 	0.00161795
68.1875 	5.18379e-06 	6.65228e-07 	0.00161344
68.3125 	5.78977e-06 	-2.82642e-06 	0.00160826
68.375 	5.0531e-06 	1.41554e-06 	0.00159608
68.4375 	6.84556e-06 	-1.95791e-06 	0.00157473
68.5625 	6.44646e-06 	-2.4064e-06 	0.00156305
68.6875 	5.48689e-06 	-2.64171e-06 	0.0015752
68.75 	4.68544e-06 	-2.02498e-06 	0.00153577
68.8125 	8.16089e-06 	-2.75655e-06 	0.0015601
68.9375 	4.948e-06 	-1.47506e-06 	0.00155449
69.125 	6.18997e-06 	1.26251e-06 	0.00153551
69.1875 	5.73412e-06 	-7.90981e-07 	0.00151472
69.25 	8.00337e-06 	-2.34949e-06 	0.00151305
69.3125 	5.79415e-06 	1.92767e-06 	0.00151963
69.4375 	5.26226e-06 	-2.61528e-06 	0.00152609
69.5 	5.7468e-06 	-2.73908e-06 	0.00151034
69.75 	8.08694e-06 	3.12428e-06 	0.00151962
69.8125 	5.20019e-06 	2.56074e-06 	0.00151191
69.875 	6.53541e-06 	2.64101e-06 	0.00154286
69.9375 	7.08783e-06 	1.35251e-06 	0.00151337
