# time 	Local 	Global 	Cumulative
0.333274 	3.49748e-06 	-9.10451e-07 	-8.08578e-07
0.579973 	5.3661e-06 	9.40328e-07 	1.10572e-05
0.642226 	4.14323e-06 	1.08797e-06 	1.03045e-05
0.70448 	5.07995e-06 	-9.53954e-07 	2.45014e-05
0.766734 	7.87335e-06 	-2.02412e-06 	5.8173e-06
0.828988 	5.97617e-06 	1.8082e-06 	3.00659e-05
1.01575 	4.45066e-06 	1.02314e-06 	-2.81101e-06
1.26477 	5.41091e-06 	-3.60697e-07 	-1.08401e-05
1.38927 	7.03054e-06 	-7.59108e-07 	-9.37317e-06
1.45153 	4.92611e-06 	1.20126e-06 	-2.47881e-05
1.51378 	7.2047e-06 	2.56858e-06 	-5.17249e-05
1.7628 	3.23186e-06 	4.49929e-07 	4.16945e-05
1.8873 	4.00059e-06 	-8.4031e-07 	6.93723e-05
1.94956 	4.23954e-06 	-9.04766e-07 	6.63424e-05
2.07407 	6.27782e-06 	4.36075e-08 	0.000115626
2.19857 	7.9193e-06 	1.53469e-06 	7.71602e-05
2.26083 	7.70631e-06 	-2.03309e-06 	7.83943e-05
2.32308 	7.0512e-06 	1.16983e-06 	7.27052e-05
2.38534 	7.47763e-06 	-1.06515e-06 	9.76106e-05
2.44759 	4.6762e-06 	2.3085e-06 	0.000151055
2.63435 	5.18875e-06 	-1.21191e-06 	0.000169582
2.69661 	6.36533e-06 	-2.21247e-06 	0.000213867
2.88337 	4.26315e-06 	-1.03527e-06 	0.000235234
2.94562 	5.69922e-06 	1.76801e-06 	0.000242864
3.07013 	6.00147e-06 	-1.27045e-06 	0.000221864
3.19464 	4.8516e-06 	5.93545e-07 	0.000222853
3.25689 	3.56361e-06 	3.79645e-07 	0.000249946
3.31914 	5.33011e-06 	-1.17963e-06 	0.00023901
3.3814 	4.12513e-06 	-1.15989e-06 	0.000278574
3.44365 	5.07401e-06 	-2.43575e-06 	0.00025113
3.50591 	3.28399e-06 	2.96827e-07 	0.000245913
3.69267 	7.95197e-06 	-2.34612e-06 	0.00023434
3.75492 	4.34895e-06 	1.22665e-06 	0.000242977
3.87943 	5.01591e-06 	1.4589e-06 	0.000204342
4.00394 	5.46517e-06 	9.36974e-07 	0.000206703
4.06619 	3.62845e-06 	6.63928e-07 	0.000196637
4.12845 	4.6197e-06 	2.06843e-06 	0.00022776
4.1907 	5.51798e-06 	-1.3001e-06 	0.000253507
4.25295 	5.18154e-06 	1.21167e-06 	0.000249554
4.31521 	5.21856e-06 	-1.1287e-06 	0.000228645
4.37746 	4.19525e-06 	-1.11962e-06 	0.00023154
4.50197 	5.27353e-06 	2.13285e-07 	0.000251589
4.56422 	7.87524e-06 	7.13388e-07 	0.000245805
4.62648 	4.07862e-06 	-1.03108e-06 	0.000233484
4.68873 	5.65733e-06 	-2.74435e-06 	0.000209771
4.93775 	4.97918e-06 	2.39434e-06 	0.000216021
5.0 	7.41249e-06 	-2.28515e-06 	0.000232072
5.0625 	4.40313e-06 	-1.91561e-06 	0.000215387
5.125 	6.12672e-06 	1.65098e-06 	0.000210885
5.25 	6.90243e-06 	-3.3116e-06 	0.00023396
5.375 	7.73552e-06 	1.39062e-06 	0.000276967
5.5 	7.73433e-06 	-2.15078e-06 	0.000241754
5.5625 	6.31671e-06 	2.56549e-06 	0.000277668
5.625 	4.5451e-06 	-1.1377e-06 	0.00030576
5.6875 	7.68846e-06 	-2.44982e-06 	0.000292844
5.8125 	4.72743e-06 	7.88365e-07 	0.000283217
5.875 	5.58974e-06 	2.39351e-06 	0.000289347
5.9375 	3.25783e-06 	-3.35535e-07 	0.000305369
6.0 	7.26341e-06 	2.46521e-06 	0.000302894
6.1875 	4.41201e-06 	1.45239e-06 	0.000359134
6.25 	4.41442e-06 	1.59671e-06 	0.000370237
6.4375 	4.64953e-06 	7.47204e-07 	0.000386689
6.75 	3.59459e-06 	3.88878e-07 	0.00035158
6.8125 	5.62325e-06 	1.54241e-06 	0.000329131
6.9375 	4.9966e-06 	-4.33531e-07 	0.000309655
7.125 	6.41194e-06 	-2.78675e-06 	0.000304032
7.1875 	3.30159e-06 	-9.433e-07 	0.000301767
7.25 	7.7015e-06 	2.24048e-06 	0.000290746
7.4375 	4.80521e-06 	1.07991e-06 	0.000285222
7.5625 	6.33515e-06 	1.68479e-06 	0.000306598
7.625 	4.14173e-06 	-4.11974e-07 	0.00034058
7.6875 	6.0765e-06 	-1.09136e-06 	0.00035544
7.8125 	5.35286e-06 	-8.23744e-07 	0.000373364
7.9375 	6.80228e-06 	1.13522e-06 	0.000369002
8.0 	4.92024e-06 	-1.73592e-06 	0.000377418
8.0625 	6.47525e-06 	2.08769e-06 	0.000355169
8.125 	6.21466e-06 	-1.8311e-06 	0.000357773
8.25 	5.08672e-06 	1.28127e-06 	0.000355882
8.3125 	3.53593e-06 	6.04328e-07 	0.000316592
8.4375 	6.50676e-06 	1.25455e-06 	0.000314221
8.5 	4.27833e-06 	7.54766e-07 	0.000282721
8.5625 	7.22833e-06 	1.69867e-06 	0.00025966
8.8125 	6.02644e-06 	3.10275e-06 	0.000233394
8.9375 	5.24435e-06 	1.32375e-06 	0.000201022
9.0 	6.91292e-06 	-2.32111e-06 	0.000244717
9.1875 	7.70453e-06 	2.60539e-06 	0.000220005
9.25 	4.54262e-06 	-1.7597e-06 	0.000260314
9.3125 	4.01019e-06 	-8.3017e-07 	0.000240289
9.375 	4.63374e-06 	7.75065e-07 	0.000233824
9.4375 	4.01702e-06 	5.9422e-07 	0.000197572
9.5625 	3.08825e-06 	-9.41535e-07 	0.000179552
9.625 	5.50695e-06 	1.78324e-06 	0.000172064
9.6875 	4.9867e-06 	1.15152e-06 	0.000196542
9.8125 	7.50766e-06 	1.37396e-06 	0.000210864
9.9375 	4.71294e-06 	-8.13262e-07 	0.00024772
10.0 	7.61605e-06 	2.23227e-06 	0.00023261
10.1875 	5.05127e-06 	1.27908e-06 	0.000210047
10.3125 	5.75336e-06 	-1.58447e-06 	0.000208235
10.625 	6.2386e-06 	2.51356e-06 	0.000223751
10.6875 	8.08184e-06 	1.97508e-06 	0.000194062
10.75 	3.53338e-06 	4.58108e-07 	0.000202182
10.8125 	4.7542e-06 	1.62664e-06 	0.000182385
10.875 	7.10854e-06 	-2.45986e-06 	0.000195442
11.0 	7.97847e-06 	1.95978e-06 	0.0002338
11.0625 	4.95119e-06 	1.12958e-06 	0.000240157
11.1875 	6.00947e-06 	-1.60228e-06 	0.000233833
11.6875 	5.01607e-06 	1.64588e-06 	0.00026365
11.75 	3.93261e-06 	1.06523e-06 	0.00026656
11.8125 	3.82665e-06 	-6.31213e-07 	0.000270129
11.875 	6.52715e-06 	-2.03904e-06 	0.000270524
11.9375 	5.64577e-06 	4.34207e-07 	0.00029256
12.0 	4.22575e-06 	-4.93577e-07 	0.000260355
12.0625 	3.76303e-06 	5.14265e-07 	0.000235931
12.1875 	6.6227e-06 	2.33613e-06 	0.000218322
12.3125 	4.91428e-06 	1.09111e-06 	0.000254437
12.375 	7.19571e-06 	2.03485e-06 	0.00023342
12.625 	7.7613e-06 	-2.00325e-06 	0.000229043
12.6875 	5.94716e-06 	1.74975e-06 	0.000243088
12.8125 	5.59636e-06 	-3.75783e-07 	0.000225376
12.875 	7.40478e-06 	2.8173e-06 	0.000204575
13.0 	4.02373e-06 	5.35712e-07 	0.00017097
13.0625 	6.71984e-06 	-2.29056e-06 	0.000164488
13.1875 	6.06728e-06 	-2.73947e-06 	0.000164944
13.25 	7.41932e-06 	2.01659e-06 	0.0001572
13.375 	7.99195e-06 	-1.22497e-06 	0.000170152
13.4375 	3.66388e-06 	8.12403e-07 	0.00015433
13.5625 	4.20213e-06 	-1.11238e-06 	0.000184251
13.625 	5.58055e-06 	-1.20111e-06 	0.000212121
13.6875 	5.77525e-06 	-1.38928e-06 	0.000233931
14.0 	6.73903e-06 	1.77993e-06 	0.00024804
14.0625 	7.57419e-06 	2.70998e-06 	0.000263761
14.125 	3.7679e-06 	9.40465e-07 	0.000254918
14.1875 	3.46725e-06 	-1.19257e-06 	0.000310539
14.3125 	5.54718e-06 	2.62484e-06 	0.000292125
14.375 	6.66581e-06 	-3.86347e-07 	0.000284254
14.4375 	4.51925e-06 	9.77551e-07 	0.000285675
14.5 	3.372e-06 	4.30833e-07 	0.000236105
14.625 	5.2675e-06 	1.27197e-06 	0.000250813
14.6875 	4.30056e-06 	8.74638e-07 	0.000209153
14.75 	3.33837e-06 	-6.14233e-07 	0.000185514
14.8125 	3.92008e-06 	-1.08586e-06 	0.000203635
14.9375 	5.42487e-06 	-2.04541e-06 	0.000206423
15.0 	7.4684e-06 	2.30507e-06 	0.000220348
15.1875 	8.21304e-06 	9.57956e-07 	0.000215571
15.25 	5.68119e-06 	-5.39137e-07 	0.00019758
15.3125 	6.81955e-06 	1.4719e-06 	0.000190617
15.375 	6.76913e-06 	7.75508e-07 	0.000131803
15.4375 	5.2573e-06 	1.1873e-06 	0.000149019
15.5 	4.99327e-06 	7.65739e-07 	0.000162013
15.75 	3.63215e-06 	-7.70229e-07 	0.000166242
15.8125 	5.55822e-06 	9.88601e-07 	0.000211634
15.875 	7.18992e-06 	-1.17162e-06 	0.00021841
15.9375 	4.9061e-06 	2.17255e-06 	0.000246012
16.0 	2.89821e-06 	4.38453e-07 	0.000260476
16.0625 	7.97489e-06 	3.06573e-06 	0.000294593
16.125 	4.13183e-06 	4.54413e-07 	0.000340013
16.1875 	7.56278e-06 	-3.8774e-06 	0.000302706
16.25 	5.7623e-06 	1.38995e-06 	0.000276511
16.3125 	5.6261e-06 	1.26617e-06 	0.000257076
16.375 	7.34464e-06 	2.85563e-06 	0.000255662
16.5 	6.07557e-06 	-2.39947e-06 	0.000271794
16.625 	4.61756e-06 	-1.75236e-06 	0.00022358
16.8125 	4.76272e-06 	1.19336e-06 	0.000246451
16.9375 	7.25632e-06 	3.65657e-06 	0.000302774
17.25 	5.9484e-06 	-1.49057e-06 	0.000312782
17.3125 	4.66411e-06 	8.72031e-07 	0.000298901
17.375 	4.742e-06 	-1.0208e-06 	0.000331594
17.4375 	4.34819e-06 	-6.12407e-07 	0.000316001
17.5625 	6.76816e-06 	1.50339e-06 	0.000287554
17.625 	6.16335e-06 	-9.80839e-07 	0.00030931
17.6875 	4.58382e-06 	1.04572e-06 	0.000325557
18.0 	7.00205e-06 	2.31971e-06 	0.000368981
18.0625 	6.9709e-06 	2.21285e-06 	0.000362647
18.1875 	4.14416e-06 	-8.62877e-07 	0.000331386
18.25 	7.11878e-06 	1.53168e-06 	0.00032311
18.375 	5.18503e-06 	8.2623e-07 	0.000329574
18.4375 	7.33763e-06 	-1.22799e-06 	0.000332364
18.5625 	4.2621e-06 	-1.41483e-06 	0.000302776
18.625 	3.68172e-06 	6.63241e-07 	0.000325831
18.8125 	4.93799e-06 	-9.54908e-07 	0.000351169
18.875 	4.98854e-06 	-2.40367e-06 	0.000397549
18.9375 	4.29266e-06 	-1.56274e-06 	0.000363071
19.125 	3.85159e-06 	5.42711e-07 	0.000386841
19.4375 	8.05351e-06 	-3.94462e-07 	0.000416837
19.5 	3.55079e-06 	-4.34671e-07 	0.000396351
19.625 	4.06225e-06 	-3.39816e-07 	0.000406636
19.6875 	5.61856e-06 	1.38472e-06 	0.000409686
19.75 	7.24102e-06 	-3.24189e-06 	0.000431942
19.9375 	6.4988e-06 	9.18231e-07 	0.000367212
20.0 	7.88278e-06 	2.1237e-06 	0.000369139
20.0625 	5.67991e-06 	-6.60286e-07 	0.000397493
20.125 	6.29139e-06 	1.94698e-06 	0.000400316
20.1875 	7.73215e-06 	9.75884e-07 	0.000400946
20.375 	3.54345e-06 	-2.24691e-07 	0.00039857
20.4375 	5.99417e-06 	-1.38895e-06 	0.000430812
20.5 	6.18064e-06 	1.01238e-06 	0.000454899
20.5625 	3.63866e-06 	-8.01738e-07 	0.00043186
20.625 	3.57278e-06 	-7.8772e-07 	0.000409371
20.6875 	8.04746e-06 	-3.00169e-06 	0.000416864
20.75 	2.37795e-06 	-3.98856e-07 	0.00035432
21.0 	5.75005e-06 	-2.23115e-06 	0.000409994
21.0625 	4.67432e-06 	-9.0831e-07 	0.00037444
21.1875 	5.5707e-06 	-1.15614e-06 	0.000335405
21.3125 	3.79713e-06 	-9.81696e-07 	0.000284723
21.5625 	4.85511e-06 	7.40177e-07 	0.00027339
21.625 	7.65442e-06 	-7.35786e-07 	0.00025949
21.75 	5.87448e-06 	2.77672e-07 	0.000223685
21.8125 	4.2015e-06 	4.83869e-07 	0.000227125
21.875 	5.03973e-06 	2.54262e-06 	0.000173734
21.9375 	5.23793e-06 	-7.91783e-07 	0.000158019
22.125 	4.29604e-06 	-7.61644e-07 	0.000157302
22.1875 	3.96619e-06 	-9.15282e-07 	0.000154835
22.25 	7.27422e-06 	2.01921e-06 	0.000153689
22.3125 	7.71619e-06 	-2.32836e-06 	0.000174323
22.375 	4.95703e-06 	6.59093e-07 	0.000174357
22.8125 	3.00259e-06 	-1.59969e-07 	0.000184853
22.9375 	6.91689e-06 	-8.48206e-07 	0.0001721
23.0 	4.83578e-06 	-2.2561e-06 	0.000144267
23.125 	5.73424e-06 	1.3671e-06 	0.000160159
23.1875 	7.47601e-06 	-1.98876e-06 	0.00014135
23.3125 	5.313e-06 	7.50541e-07 	0.000167513
23.375 	3.69247e-06 	-1.09838e-06 	0.000189415
23.4375 	6.06415e-06 	-1.57868e-06 	0.00021431
23.6875 	3.3371e-06 	2.81846e-07 	0.000221947
23.8125 	8.15832e-06 	-2.84223e-06 	0.000215026
23.875 	6.35267e-06 	2.94843e-07 	0.000137223
24.0 	7.40763e-06 	1.55739e-06 	0.000162793
24.0625 	7.59815e-06 	1.49444e-06 	0.000207103
24.3125 	4.08641e-06 	6.19953e-07 	0.000240522
24.375 	4.66857e-06 	-1.23261e-06 	0.000242572
24.4375 	7.58892e-06 	-2.61264e-06 	0.000257107
24.5625 	4.85425e-06 	-1.05153e-06 	0.000227138
24.625 	7.50432e-06 	-1.34597e-07 	0.000230403
24.6875 	2.76502e-06 	-5.71093e-07 	0.000235575
24.75 	6.11725e-06 	1.2039e-06 	0.000227862
24.8125 	4.12327e-06 	8.23684e-07 	0.000232172
25.0 	7.58932e-06 	-7.87584e-07 	0.000248728
25.0625 	6.14074e-06 	1.47778e-06 	0.000259706
25.125 	3.42956e-06 	8.74011e-07 	0.000295661
25.25 	5.52258e-06 	2.74259e-06 	0.000266745
25.3125 	5.8645e-06 	-1.97939e-06 	0.000262802
25.625 	5.60736e-06 	2.36306e-06 	0.000357557
25.6875 	4.72919e-06 	1.18071e-06 	0.000374678
25.75 	5.42756e-06 	-7.19798e-07 	0.000405421
25.8125 	5.26742e-06 	-1.44329e-06 	0.000419758
26.0 	6.13947e-06 	-1.70583e-06 	0.00042955
26.125 	4.88367e-06 	-1.87374e-06 	0.000390665
26.25 	5.76215e-06 	-1.4456e-06 	0.00038403
26.3125 	5.66655e-06 	-2.2619e-06 	0.000351701
26.375 	2.61494e-06 	-7.04846e-08 	0.000369162
26.5 	6.36632e-06 	1.90454e-06 	0.000376019
26.5625 	4.99597e-06 	1.17812e-06 	0.000357749
26.625 	3.70142e-06 	-5.78476e-07 	0.000350843
26.6875 	6.42428e-06 	-3.2549e-06 	0.000319713
26.875 	8.21158e-06 	1.80588e-06 	0.000316734
26.9375 	4.57331e-06 	-1.56972e-06 	0.000374872
27.0 	4.73515e-06 	-1.13776e-06 	0.00039122
27.25 	6.30949e-06 	-1.48617e-06 	0.000392055
27.3125 	6.56862e-06 	-1.88667e-06 	0.00041628
27.375 	5.97478e-06 	9.60436e-07 	0.000398668
27.5 	3.97696e-06 	1.11449e-07 	0.00038094
27.625 	7.44168e-06 	2.93129e-06 	0.000336455
27.6875 	5.23746e-06 	-1.0661e-06 	0.000311143
27.75 	5.31884e-06 	9.91989e-07 	0.0003484
27.8125 	3.88809e-06 	7.87177e-07 	0.000345834
28.0 	4.96258e-06 	-1.11015e-06 	0.000372472
28.0625 	4.14233e-06 	1.82796e-06 	0.000378677
28.125 	5.36586e-06 	1.49634e-06 	0.000350546
28.3125 	7.87683e-06 	2.8216e-06 	0.00037506
28.4375 	6.17594e-06 	-2.97454e-06 	0.000339131
28.5 	5.8928e-06 	1.12334e-06 	0.000327868
28.625 	6.89634e-06 	-1.81811e-06 	0.000318946
28.6875 	7.32662e-06 	-1.21048e-06 	0.000322035
28.8125 	5.24698e-06 	2.41258e-06 	0.000343235
28.875 	6.37922e-06 	1.05334e-06 	0.000348886
28.9375 	4.35657e-06 	1.40017e-06 	0.000381281
29.0 	4.09973e-06 	6.22693e-07 	0.000370504
29.0625 	8.056e-06 	-3.1207e-06 	0.000367497
29.125 	5.35068e-06 	1.4042e-06 	0.000373624
29.1875 	5.63644e-06 	2.71664e-06 	0.000337005
29.25 	3.46129e-06 	4.94028e-07 	0.000321116
29.375 	4.4788e-06 	-1.03687e-06 	0.000297028
29.4375 	7.37229e-06 	-4.82425e-07 	0.000325574
29.5 	6.19071e-06 	-1.18014e-06 	0.00029339
29.625 	5.59798e-06 	-6.96059e-07 	0.000275637
29.6875 	7.58254e-06 	2.23125e-06 	0.000244761
29.75 	3.30124e-06 	-3.31979e-07 	0.000245899
29.9375 	5.88242e-06 	-1.22522e-06 	0.000241534
30.125 	6.72055e-06 	-2.09724e-06 	0.000245723
30.1875 	4.6185e-06 	1.00471e-06 	0.00029423
30.25 	6.27654e-06 	2.10834e-06 	0.000271155
30.3125 	5.44163e-06 	1.39853e-06 	0.000295829
30.375 	5.0956e-06 	-8.08416e-07 	0.000281001
30.4375 	7.40884e-06 	1.29329e-06 	0.000284983
30.5 	4.518e-06 	5.05741e-07 	0.000288553
30.5625 	7.68946e-06 	9.61118e-07 	0.000279444
30.6875 	4.6513e-06 	1.26948e-06 	0.000261024
30.8125 	3.54891e-06 	7.32728e-07 	0.000258066
30.9375 	4.32413e-06 	-7.82733e-07 	0.000279303
31.1875 	4.44097e-06 	1.14896e-06 	0.000252686
31.25 	3.81818e-06 	6.46697e-07 	0.000269444
31.375 	3.78512e-06 	3.3241e-07 	0.00025037
31.5 	8.02994e-06 	-3.08235e-06 	0.000259555
31.625 	4.58287e-06 	-1.76867e-06 	0.00025336
31.75 	4.23363e-06 	7.85166e-07 	0.000289223
31.8125 	7.41798e-06 	-2.1814e-06 	0.000301172
31.875 	7.15064e-06 	-1.98835e-06 	0.0003139
32.0 	4.34864e-06 	1.01394e-06 	0.000326958
32.125 	4.13911e-06 	1.14438e-06 	0.000397343
32.1875 	4.17489e-06 	7.29086e-07 	0.000371906
32.25 	4.22539e-06 	8.27625e-07 	0.00036737
32.3125 	4.93307e-06 	-1.03114e-06 	0.000376645
32.4375 	6.4358e-06 	-1.28489e-06 	0.000351016
32.5 	7.11558e-06 	2.03835e-06 	0.000316151
32.625 	6.34666e-06 	2.05876e-06 	0.000318193
32.6875 	3.42143e-06 	7.90552e-07 	0.000366084
32.75 	3.48849e-06 	-4.67631e-07 	0.000358962
32.8125 	5.30763e-06 	-1.12642e-06 	0.000412335
32.875 	4.29584e-06 	-1.06143e-06 	0.000432937
33.0 	7.7312e-06 	1.85859e-06 	0.000446787
33.0625 	5.30155e-06 	1.45387e-06 	0.00047912
33.125 	3.64085e-06 	8.04347e-07 	0.000512811
33.1875 	4.1233e-06 	-9.08437e-07 	0.000434335
33.25 	4.32209e-06 	-1.31493e-06 	0.000435982
33.3125 	5.31405e-06 	1.28366e-06 	0.000440298
33.375 	4.16861e-06 	1.23645e-06 	0.000425474
33.4375 	7.93933e-06 	2.8684e-06 	0.000451084
33.625 	6.77933e-06 	1.53179e-06 	0.000459134
33.6875 	4.81016e-06 	-8.83528e-07 	0.000430457
33.75 	6.26725e-06 	1.96771e-06 	0.000434443
33.875 	4.38781e-06 	1.06517e-06 	0.000411252
33.9375 	3.31866e-06 	5.06123e-07 	0.000427149
34.0625 	4.90518e-06 	2.21641e-06 	0.000445501
34.125 	7.17887e-06 	-1.44083e-06 	0.000449612
34.1875 	5.3988e-06 	1.41519e-06 	0.000449525
34.25 	5.08306e-06 	-1.19488e-06 	0.000494312
34.3125 	5.00884e-06 	2.47366e-06 	0.00051881
34.375 	3.31051e-06 	6.59215e-07 	0.000488716
34.4375 	4.8262e-06 	-9.9739e-07 	0.000511187
34.5 	6.1981e-06 	-1.37589e-06 	0.000505708
34.5625 	4.92814e-06 	2.2488e-06 	0.000503358
34.625 	6.48459e-06 	2.60836e-06 	0.000501158
34.6875 	4.21161e-06 	7.08059e-07 	0.000476013
34.875 	3.49967e-06 	6.08526e-07 	0.000440374
34.9375 	3.58812e-06 	1.54048e-06 	0.000426331
35.0625 	6.08371e-06 	2.60786e-07 	0.000405216
35.125 	4.2504e-06 	-3.59887e-07 	0.00037747
35.25 	6.78122e-06 	3.77851e-07 	0.000414587
35.3125 	5.024e-06 	9.57341e-07 	0.000419795
35.375 	6.94231e-06 	2.23895e-06 	0.000400079
35.625 	5.68069e-06 	2.67122e-06 	0.000401692
35.6875 	4.95326e-06 	-2.17185e-06 	0.000378036
35.75 	4.21611e-06 	-3.34548e-07 	0.000381457
35.8125 	7.34287e-06 	8.54591e-07 	0.000381998
35.875 	5.01624e-06 	7.1739e-07 	0.000387945
35.9375 	6.32697e-06 	-1.5632e-06 	0.000455988
36.0 	2.55651e-06 	-4.3336e-07 	0.000472245
36.125 	5.63586e-06 	8.57243e-07 	0.000516712
36.25 	7.06243e-06 	-1.75782e-06 	0.000496137
36.4375 	3.91341e-06 	1.10968e-06 	0.000492937
36.5 	7.45085e-06 	-7.58596e-07 	0.000513442
36.625 	7.67831e-06 	-2.39274e-06 	0.000462464
36.8125 	5.05688e-06 	-1.33991e-06 	0.000483658
36.875 	4.20403e-06 	1.33555e-06 	0.000477164
37.125 	5.37632e-06 	-1.06908e-06 	0.000512124
37.1875 	7.01659e-06 	-2.15118e-06 	0.00048933
37.3125 	5.54283e-06 	1.16841e-06 	0.000492352
37.375 	5.29977e-06 	-1.15857e-06 	0.000498557
37.4375 	6.71815e-06 	2.7911e-06 	0.000469526
37.5 	6.43735e-06 	1.34711e-06 	0.000477606
37.5625 	4.1086e-06 	-5.81792e-07 	0.000516779
37.75 	7.48486e-06 	1.9154e-06 	0.000529786
37.9375 	7.50008e-06 	2.45989e-06 	0.000569426
38.0 	6.3794e-06 	5.83737e-07 	0.000572284
38.0625 	6.001e-06 	1.32489e-06 	0.000603934
38.125 	7.36178e-06 	2.07287e-06 	0.000614325
38.25 	6.53681e-06 	1.92249e-06 	0.000620999
38.3125 	4.74509e-06 	-7.43221e-07 	0.00065918
38.4375 	5.90619e-06 	1.31392e-06 	0.000654923
38.5625 	6.67173e-06 	-2.14542e-06 	0.000657113
38.6875 	4.81113e-06 	1.28518e-06 	0.000689844
38.8125 	7.78248e-06 	-1.16203e-06 	0.000685849
38.875 	3.22749e-06 	-8.70292e-07 	0.000691373
38.9375 	3.25712e-06 	3.39449e-07 	0.000684531
39.0 	3.15435e-06 	7.25697e-07 	0.000653301
39.0625 	5.4167e-06 	-2.6176e-06 	0.000652702
39.125 	6.78012e-06 	-1.67032e-06 	0.000603645
39.1875 	5.41708e-06 	-1.33786e-06 	0.000563935
39.25 	7.89306e-06 	2.16334e-06 	0.00059697
39.3125 	4.42128e-06 	-2.11512e-06 	0.000608003
39.5625 	5.76676e-06 	1.94568e-06 	0.000612971
39.625 	5.50661e-06 	2.73959e-06 	0.00055844
39.6875 	4.25885e-06 	8.40307e-07 	0.000543102
39.75 	6.93704e-06 	-9.18025e-08 	0.000535782
39.875 	6.56072e-06 	-1.30851e-06 	0.000514828
39.9375 	3.76987e-06 	-5.82535e-07 	0.000563864
40.0 	6.45919e-06 	1.44865e-06 	0.000590177
40.125 	4.73171e-06 	-1.60053e-07 	0.000596172
40.25 	5.31991e-06 	-1.48613e-06 	0.000601401
40.3125 	6.11217e-06 	1.37615e-06 	0.000556175
40.4375 	4.12128e-06 	-8.00318e-07 	0.000587211
40.5 	6.26057e-06 	-2.72272e-06 	0.000582709
40.5625 	6.2795e-06 	1.64485e-06 	0.000548843
40.625 	6.06431e-06 	1.69954e-06 	0.000523905
40.8125 	4.02187e-06 	-1.29817e-06 	0.000554636
40.9375 	5.27056e-06 	-1.14809e-06 	0.000568905
41.125 	6.43308e-06 	2.18574e-06 	0.000532289
41.1875 	5.20005e-06 	-7.02998e-07 	0.000527682
41.25 	4.8115e-06 	7.81543e-07 	0.000504023
41.3125 	6.30595e-06 	2.55482e-06 	0.000489999
41.4375 	6.62267e-06 	-2.04775e-06 	0.000481596
41.5 	4.02129e-06 	-1.19642e-06 	0.000503135
41.6875 	7.16032e-06 	-2.16575e-06 	0.000457623
41.8125 	6.36858e-06 	5.26793e-07 	0.000495367
41.875 	5.58102e-06 	-5.10862e-07 	0.000531764
41.9375 	4.52314e-06 	1.98986e-06 	0.000534817
42.0 	7.82885e-06 	-2.27853e-06 	0.000539438
42.25 	7.25182e-06 	2.35685e-06 	0.000562117
42.5 	4.82993e-06 	1.34329e-06 	0.00055681
42.6875 	4.4037e-06 	1.00232e-06 	0.000563491
42.8125 	7.99538e-06 	-1.52317e-06 	0.000564793
42.875 	5.81101e-06 	-1.32358e-06 	0.000573849
42.9375 	5.81026e-06 	2.68542e-06 	0.000597216
43.0 	4.85891e-06 	-1.61047e-06 	0.000577802
43.0625 	5.60846e-06 	-2.76321e-06 	0.000557022
43.1875 	5.59156e-06 	2.64711e-06 	0.000559197
43.3125 	6.61553e-06 	2.11836e-06 	0.000547131
43.375 	5.57883e-06 	-4.23231e-07 	0.000543508
43.6875 	4.0072e-06 	1.12037e-06 	0.000559698
43.8125 	4.32905e-06 	-1.03676e-06 	0.000572176
43.9375 	8.01342e-06 	2.21108e-06 	0.000615205
44.0 	4.66438e-06 	5.38857e-07 	0.000614863
44.0625 	3.83882e-06 	-4.78697e-07 	0.00059893
44.125 	3.74644e-06 	-1.1596e-06 	0.00060587
44.1875 	5.86097e-06 	-7.76512e-07 	0.00061903
44.25 	3.2811e-06 	6.16023e-07 	0.000611417
44.3125 	6.08089e-06 	-2.85543e-06 	0.000634169
44.375 	4.70383e-06 	-1.58447e-06 	0.000642273
44.4375 	4.90583e-06 	-7.98565e-07 	0.000646646
44.5625 	7.85059e-06 	2.01837e-06 	0.000669109
44.6875 	4.17844e-06 	7.93741e-07 	0.000675402
44.75 	6.20405e-06 	1.15694e-06 	0.000653551
44.8125 	7.13623e-06 	1.31625e-06 	0.000657307
44.875 	3.36561e-06 	-5.73185e-07 	0.000680387
44.9375 	7.90281e-06 	2.26779e-06 	0.000713505
45.0 	4.46938e-06 	-1.05515e-06 	0.000719032
45.0625 	2.37451e-06 	-3.39819e-07 	0.000696399
45.1875 	8.01058e-06 	-1.96579e-06 	0.000714011
45.3125 	3.78052e-06 	-8.53721e-07 	0.000691395
45.5 	7.85497e-06 	1.12487e-06 	0.000620526
45.625 	5.24563e-06 	1.22821e-06 	0.000635214
45.6875 	7.20441e-06 	-2.77431e-06 	0.000612671
45.75 	4.99068e-06 	-3.93615e-07 	0.000643909
45.9375 	3.59229e-06 	-2.81837e-07 	0.000667983
46.0 	5.36422e-06 	-2.31575e-06 	0.00064742
46.0625 	4.2883e-06 	-2.03598e-06 	0.000623521
46.3125 	5.82066e-06 	-2.10315e-06 	0.000632518
46.5625 	8.25565e-06 	9.62412e-07 	0.000640189
46.625 	5.55201e-06 	-1.7343e-06 	0.000663683
46.6875 	6.30585e-06 	-2.97981e-06 	0.00066689
46.75 	7.7011e-06 	5.29532e-07 	0.00066609
46.875 	3.52172e-06 	6.22473e-07 	0.000643615
47.0 	4.22277e-06 	-8.36937e-07 	0.000611476
47.0625 	5.46114e-06 	1.75669e-06 	0.000631328
47.125 	5.95484e-06 	-6.32463e-07 	0.000616352
47.1875 	6.913e-06 	5.90074e-07 	0.000626463
47.25 	7.21381e-06 	2.57228e-06 	0.000609243
47.375 	5.0684e-06 	1.28919e-06 	0.000619989
47.5 	3.85115e-06 	-6.9201e-07 	0.000668792
47.5625 	7.08342e-06 	7.80249e-07 	0.000638804
47.625 	4.14134e-06 	5.79805e-07 	0.00063685
47.6875 	5.83542e-06 	-1.46006e-06 	0.000636682
47.8125 	5.64626e-06 	1.39574e-06 	0.000566619
48.0625 	4.90235e-06 	1.28609e-06 	0.000608382
48.1875 	6.80789e-06 	-2.35067e-06 	0.000612091
48.25 	5.71793e-06 	1.65859e-06 	0.000642223
48.3125 	4.84871e-06 	9.05593e-07 	0.000640884
48.4375 	7.73621e-06 	-6.07092e-07 	0.000654545
48.5625 	3.24156e-06 	-4.2776e-07 	0.00068432
48.75 	4.65417e-06 	1.66421e-06 	0.000735955
48.8125 	6.56724e-06 	2.29522e-06 	0.000750518
48.9375 	5.01572e-06 	-1.24913e-06 	0.000785925
49.0 	5.13424e-06 	1.53909e-06 	0.000773805
49.125 	4.00471e-06 	-9.47939e-07 	0.000792647
49.25 	5.01118e-06 	1.3566e-06 	0.000791555
49.3125 	3.63799e-06 	-8.37326e-07 	0.000776247
49.375 	7.24168e-06 	2.29555e-06 	0.00079395
49.4375 	6.33016e-06 	-2.16065e-06 	0.000766099
49.5 	5.72195e-06 	1.44821e-06 	0.000776991
49.5625 	7.2326e-06 	2.8164e-06 	0.000791778
49.625 	4.40305e-06 	-9.37631e-07 	0.000800467
49.6875 	5.85723e-06 	1.28761e-06 	0.000805013
49.75 	5.41636e-06 	-1.04795e-06 	0.00080122
50.0625 	3.91816e-06 	9.91599e-07 	0.000804038
50.25 	3.85391e-06 	6.38536e-07 	0.000834407
50.3125 	7.53633e-06 	2.98958e-06 	0.000858476
50.375 	7.75427e-06 	1.92013e-06 	0.000894569
50.4375 	6.93052e-06 	-1.05084e-06 	0.000928528
50.5625 	5.84832e-06 	3.08618e-06 	0.000912427
50.625 	5.93091e-06 	1.88407e-06 	0.000929354
50.75 	3.94545e-06 	6.35819e-07 	0.000897478
50.8125 	3.77159e-06 	6.84259e-07 	0.000896248
50.875 	4.82661e-06 	1.5242e-06 	0.000895884
50.9375 	6.53933e-06 	-1.23244e-07 	0.000897189
51.0 	4.22793e-06 	-1.03986e-06 	0.000922081
51.125 	5.33364e-06 	-1.51824e-06 	0.000922119
51.1875 	5.28258e-06 	1.25903e-06 	0.000920605
51.25 	5.51442e-06 	1.4948e-06 	0.00092415
51.3125 	7.31624e-06 	-1.87264e-06 	0.000934412
51.375 	7.83974e-06 	-3.22357e-06 	0.000921573
51.4375 	5.83211e-06 	-1.39626e-06 	0.00091421
51.5 	6.63929e-06 	-2.49069e-06 	0.000913586
51.625 	7.65249e-06 	-1.22266e-06 	0.000932296
51.6875 	4.96528e-06 	2.46957e-06 	0.000959317
51.8125 	2.86978e-06 	-2.86921e-07 	0.000963128
51.875 	7.28319e-06 	8.17218e-07 	0.00100321
52.0 	7.05818e-06 	-3.38054e-06 	0.00100323
52.0625 	6.65125e-06 	-1.25709e-06 	0.000996444
52.1875 	5.1461e-06 	1.38601e-06 	0.00100616
52.3125 	4.14262e-06 	1.95795e-06 	0.00103594
52.375 	5.3404e-06 	-1.33329e-06 	0.000987993
52.5 	5.77563e-06 	1.73335e-06 	0.00100307
52.625 	7.74947e-06 	-1.3804e-06 	0.0010375
52.75 	5.54276e-06 	-1.56225e-06 	0.00105525
52.8125 	5.73294e-06 	2.95963e-06 	0.00108436
52.875 	7.2494e-06 	-3.54818e-06 	0.00106657
52.9375 	3.90042e-06 	-9.0267e-07 	0.00105601
53.125 	7.28601e-06 	-4.27173e-07 	0.00101239
53.1875 	5.11197e-06 	8.61739e-07 	0.00100013
53.25 	4.83912e-06 	1.44237e-06 	0.00100082
53.3125 	4.91667e-06 	-4.81886e-07 	0.00097727
53.5 	7.71619e-06 	-3.01811e-06 	0.000985799
53.5625 	5.09004e-06 	1.48252e-06 	0.00102473
53.625 	3.98109e-06 	1.10904e-06 	0.000996813
53.6875 	5.84757e-06 	1.93457e-06 	0.000992908
53.75 	3.31767e-06 	-5.18546e-07 	0.00105299
53.8125 	6.79965e-06 	-8.43683e-07 	0.00101091
53.875 	5.04891e-06 	2.22579e-06 	0.000999764
54.0 	6.74092e-06 	2.59796e-06 	0.00100749
54.0625 	4.52408e-06 	1.1899e-06 	0.000976453
54.1875 	3.86082e-06 	9.97954e-07 	0.000987408
54.25 	8.09734e-06 	1.28116e-06 	0.00103692
54.3125 	8.03468e-06 	-3.38625e-06 	0.000977885
54.375 	6.21332e-06 	2.46247e-06 	0.000959772
54.4375 	7.8067e-06 	-1.85146e-06 	0.000954494
54.6875 	3.59042e-06 	-8.4128e-07 	0.000976265
54.8125 	4.79997e-06 	-1.58036e-06 	0.000942816
54.875 	4.4073e-06 	-1.28213e-06 	0.000993379
54.9375 	5.56797e-06 	1.35114e-06 	0.000977314
55.0 	5.09443e-06 	8.99856e-07 	0.000949187
55.0625 	5.9289e-06 	2.12194e-06 	0.000961659
55.125 	4.10607e-06 	-5.55036e-07 	0.000927836
55.3125 	6.30731e-06 	-1.64238e-06 	0.000951942
55.4375 	2.71084e-06 	2.84806e-07 	0.00099929
55.5 	8.25815e-06 	1.72199e-06 	0.000999091
55.6875 	7.35523e-06 	-1.81728e-06 	0.00102291
55.75 	3.48988e-06 	-3.99087e-07 	0.0010192
55.875 	5.91457e-06 	1.8469e-06 	0.00100461
55.9375 	4.44034e-06 	-1.09263e-06 	0.00101074
56.0 	7.48657e-06 	-2.22313e-06 	0.00103538
56.0625 	6.94713e-06 	-1.58022e-06 	0.00103385
56.3125 	6.92576e-06 	2.16019e-06 	0.00104638
56.375 	4.63972e-06 	-2.12332e-07 	0.00110874
56.4375 	4.61985e-06 	-1.08075e-06 	0.00111586
56.5625 	5.75166e-06 	-2.07031e-06 	0.00114173
56.6875 	4.411e-06 	-2.0499e-06 	0.00111321
56.75 	7.68424e-06 	-2.01551e-06 	0.00112319
56.8125 	3.51126e-06 	-5.03492e-07 	0.0011503
56.9375 	6.30105e-06 	-1.65134e-06 	0.00117783
57.0 	5.079e-06 	-7.52748e-07 	0.00116912
57.0625 	7.15602e-06 	-2.05281e-06 	0.00117835
57.1875 	5.47317e-06 	2.29807e-06 	0.00122921
57.25 	3.03347e-06 	-5.7434e-07 	0.00123823
57.3125 	6.47261e-06 	-1.73009e-06 	0.00126856
57.375 	2.57895e-06 	2.44288e-07 	0.00130754
57.4375 	4.88351e-06 	1.21329e-06 	0.00127741
57.625 	4.90462e-06 	-1.06596e-06 	0.00135585
57.6875 	4.59407e-06 	9.87081e-07 	0.00134644
57.75 	6.91785e-06 	-2.35575e-06 	0.00130411
57.8125 	4.71211e-06 	-1.15308e-06 	0.00133769
58.0 	7.79306e-06 	-3.20195e-06 	0.0013586
58.0625 	5.30282e-06 	-1.26199e-06 	0.00134799
58.125 	7.71794e-06 	-2.65832e-06 	0.00133273
58.1875 	8.03933e-06 	2.95449e-06 	0.00134239
58.25 	3.30145e-06 	8.13703e-07 	0.00134131
58.3125 	7.67265e-06 	2.00522e-06 	0.00131731
58.4375 	6.17493e-06 	-1.20834e-06 	0.00128813
58.5625 	7.7237e-06 	-2.1145e-06 	0.00130709
58.6875 	2.92646e-06 	7.53685e-08 	0.0013437
58.8125 	4.80579e-06 	8.79341e-07 	0.00134009
58.875 	3.69847e-06 	-1.18061e-06 	0.00128466
58.9375 	7.998e-06 	-1.67948e-06 	0.00127858
59.0 	5.86132e-06 	-1.63585e-06 	0.0012671
59.125 	5.38067e-06 	-1.03996e-06 	0.00130024
59.25 	6.66689e-06 	9.98593e-07 	0.00131714
59.3125 	6.99099e-06 	-2.07737e-06 	0.0013057
59.375 	6.23558e-06 	1.24028e-07 	0.00131541
59.4375 	5.5468e-06 	-1.30237e-06 	0.00129665
59.5 	6.84331e-06 	-4.43109e-07 	0.00131295
59.6875 	8.14284e-06 	1.56322e-06 	0.00133325
59.8125 	7.28865e-06 	2.05176e-06 	0.00127793
59.875 	8.06604e-06 	-2.67167e-06 	0.00133248
59.9375 	4.39979e-06 	-1.58158e-06 	0.00135314
60.125 	3.40638e-06 	1.01402e-06 	0.00135934
60.375 	6.81789e-06 	-3.31709e-06 	0.00133624
60.4375 	3.86512e-06 	-5.09922e-07 	0.00131501
60.5625 	5.32267e-06 	1.43366e-06 	0.00139486
60.625 	7.08256e-06 	2.47128e-06 	0.00136712
60.75 	7.50492e-06 	-2.91251e-07 	0.00134459
60.8125 	4.18457e-06 	-1.06399e-06 	0.00139229
60.875 	5.59794e-06 	1.62651e-06 	0.00142174
61.0 	4.95267e-06 	1.7968e-06 	0.00142987
61.125 	3.82765e-06 	-1.16645e-06 	0.00145135
61.1875 	5.32929e-06 	-1.13238e-06 	0.0014298
61.25 	6.06211e-06 	-1.26702e-06 	0.0014477
61.3125 	3.94527e-06 	9.16928e-07 	0.00146398
61.4375 	7.00281e-06 	1.82127e-06 	0.00145722
61.5 	4.86492e-06 	-2.12936e-06 	0.00148077
61.625 	4.54649e-06 	9.02185e-07 	0.00145645
61.6875 	8.23953e-06 	2.09534e-06 	0.00146258
61.8125 	5.19804e-06 	2.14347e-06 	0.00143984
61.875 	8.03022e-06 	-1.33236e-06 	0.00140434
61.9375 	2.76136e-06 	3.45487e-07 	0.00142156
62.0 	7.44668e-06 	-1.40105e-07 	0.00144303
62.125 	3.65467e-06 	-8.64933e-07 	0.00144591
62.1875 	6.92002e-06 	-1.30959e-06 	0.001445
62.25 	4.78482e-06 	-9.84559e-07 	0.0014515
62.375 	7.74992e-06 	1.86409e-06 	0.00145842
62.5 	4.2689e-06 	-9.93031e-07 	0.00148327
62.5625 	6.99158e-06 	1.84091e-06 	0.00149004
62.75 	3.34413e-06 	7.95467e-07 	0.00147033
62.875 	5.1439e-06 	1.22452e-06 	0.00145384
62.9375 	7.45668e-06 	-3.5234e-06 	0.00145703
63.0 	2.59409e-06 	1.36365e-07 	0.00141904
63.125 	5.81201e-06 	1.39674e-07 	0.00142736
63.25 	6.66637e-06 	2.6704e-06 	0.00143558
63.4375 	3.04841e-06 	6.03964e-07 	0.00142239
63.5625 	5.01266e-06 	-1.32573e-06 	0.00143984
63.8125 	4.26841e-06 	-3.41278e-07 	0.00146233
63.9375 	7.99142e-06 	1.1882e-06 	0.00146249
64.0 	8.16105e-06 	2.25072e-06 	0.00146582
64.0625 	6.30648e-06 	1.43229e-06 	0.00147619
64.25 	3.9901e-06 	-1.13745e-06 	0.00147907
64.4375 	8.05222e-06 	2.2314e-06 	0.00150896
64.5625 	5.91615e-06 	1.54515e-06 	0.00153029
64.6875 	6.24249e-06 	3.24517e-07 	0.0015203
64.75 	4.1112e-06 	-8.80319e-08 	0.00149511
64.8125 	4.97531e-06 	-1.12377e-06 	0.00145482
64.875 	4.87508e-06 	9.74491e-07 	0.00146939
64.9375 	4.62676e-06 	-1.16615e-06 	0.0014752
65.0 	4.42403e-06 	-1.51605e-06 	0.00147285
65.0625 	5.51695e-06 	1.43368e-06 	0.00148985
65.125 	3.34424e-06 	-2.72514e-07 	0.00150305
65.25 	5.99433e-06 	-4.55345e-07 	0.00153246
65.5 	3.45484e-06 	-8.10043e-07 	0.00152112
65.625 	4.72129e-06 	-1.02611e-06 	0.00154543
65.8125 	5.66403e-06 	1.23489e-06 	0.00152567
65.9375 	4.74155e-06 	2.32009e-06 	0.00150752
66.0 	7.66745e-06 	3.7356e-06 	0.00152076
66.0625 	8.02703e-06 	-2.65345e-06 	0.00152197
66.25 	3.3019e-06 	-2.54062e-07 	0.00152722
66.3125 	6.73466e-06 	1.30776e-06 	0.00154931
66.5 	3.83008e-06 	4.36814e-07 	0.00155409
66.75 	4.87809e-06 	6.09912e-07 	0.00159845
66.8125 	6.1343e-06 	-3.17884e-06 	0.00158233
66.875 	5.90798e-06 	1.57209e-06 	0.00155126
66.9375 	4.82601e-06 	2.12897e-08 	0.00158113
67.0 	3.90226e-06 	-1.04748e-06 	0.0016366
67.25 	7.51273e-06 	5.85091e-07 	0.00164585
67.375 	4.75595e-06 	2.32902e-06 	0.00169376
67.4375 	6.41114e-06 	1.9436e-06 	0.00167504
67.5 	4.85005e-06 	8.22571e-07 	0.00168003
67.8125 	7.7093e-06 	2.88282e-06 	0.00168074
67.875 	7.42645e-06 	-1.16427e-06 	0.00163818
67.9375 	5.36508e-06 	1.27987e-06 	0.00165357
68.0 	7.7127e-06 	-1.97621e-06 	0.00164108
68.0625 	4.40441e-06 	1.20128e-06 	0.00161374
68.125 	6.63644e-06 	-1.17349e-06 	0.00160079
68.1875 	5.10492e-06 	1.08273e-06 	0.00161745
68.3125 	5.65146e-06 	-1.59325e-06 	0.00162759
68.375 	7.80038e-06 	-2.39999e-06 	0.00161564
68.4375 	5.20206e-06 	2.40024e-06 	0.00159096
68.5625 	3.73183e-06 	4.83253e-07 	0.00156432
68.625 	7.57561e-06 	2.60942e-06 	0.00158078
68.6875 	8.03607e-06 	3.00477e-06 	0.00158298
68.75 	3.37024e-06 	-5.69479e-07 	0.00153447
68.8125 	4.85278e-06 	8.21882e-07 	0.00155891
68.9375 	5.63731e-06 	-9.8519e-07 	0.00155099
69.125 	4.81487e-06 	6.80363e-07 	0.00153273
69.1875 	5.5664e-06 	1.14053e-06 	0.00151764
69.25 	7.34968e-06 	-2.54612e-06 	0.00151731
69.3125 	6.93424e-06 	2.0605e-06 	0.00152514
69.4375 	6.39742e-06 	5.75754e-07 	0.00153868
69.5 	4.59012e-06 	1.60587e-06 	0.00153466
69.75 	4.11031e-06 	9.46329e-07 	0.00150705
69.8125 	5.67232e-06 	-9.22253e-07 	0.00151279
69.875 	3.60985e-06 	-8.29101e-07 	0.00152296
69.9375 	4.19674e-06 	4.13362e-07 	0.00150923
