# time 	Initial 	Final 	Iterations
0.333274 	0.000108693 	6.57451e-05 	1
0.579973 	9.5687e-05 	9.5687e-05 	0
0.642226 	6.63991e-05 	6.63991e-05 	0
0.70448 	7.41169e-05 	7.41169e-05 	0
0.766734 	9.87736e-05 	9.87736e-05 	0
0.828988 	9.07177e-05 	9.07177e-05 	0
1.01575 	9.52489e-05 	9.52489e-05 	0
1.078 	5.4306e-05 	5.4306e-05 	0
1.20251 	9.78669e-05 	9.78669e-05 	0
1.26477 	6.72531e-05 	6.72531e-05 	0
1.38927 	8.45809e-05 	8.45809e-05 	0
1.45153 	0.000103799 	6.4245e-05 	1
1.51378 	0.000143275 	6.53722e-05 	1
1.57604 	5.66513e-05 	5.66513e-05 	0
1.7628 	0.000144098 	6.07212e-05 	1
1.8873 	9.66935e-05 	9.66935e-05 	0
1.94956 	0.000113136 	5.28527e-05 	1
2.07407 	9.68856e-05 	9.68856e-05 	0
2.19857 	9.21363e-05 	9.21363e-05 	0
2.26083 	0.000123176 	7.26086e-05 	1
2.32308 	0.000119957 	6.67983e-05 	1
2.38534 	0.000116672 	5.48635e-05 	1
2.44759 	7.76611e-05 	7.76611e-05 	0
2.63435 	0.000117818 	6.30552e-05 	1
2.69661 	9.05324e-05 	9.05324e-05 	0
2.88337 	0.000129313 	7.53658e-05 	1
2.94562 	0.000109428 	5.49255e-05 	1
3.07013 	9.49996e-05 	9.49996e-05 	0
3.13238 	0.000102241 	6.17259e-05 	1
3.19464 	9.6261e-05 	9.6261e-05 	0
3.25689 	0.000133432 	6.54119e-05 	1
3.31914 	8.97838e-05 	8.97838e-05 	0
3.3814 	0.000119227 	4.40001e-05 	1
3.44365 	0.000107276 	6.36979e-05 	1
3.50591 	0.000111703 	5.80192e-05 	1
3.56816 	6.31921e-05 	6.31921e-05 	0
3.69267 	0.000126839 	6.2775e-05 	1
3.75492 	8.98808e-05 	8.98808e-05 	0
3.81718 	0.000126114 	7.67705e-05 	1
3.87943 	0.000116172 	4.84533e-05 	1
4.00394 	9.51063e-05 	9.51063e-05 	0
4.06619 	9.36355e-05 	9.36355e-05 	0
4.12845 	0.000101795 	5.00028e-05 	1
4.1907 	9.50594e-05 	9.50594e-05 	0
4.25295 	0.000139099 	6.54361e-05 	1
4.31521 	7.51298e-05 	7.51298e-05 	0
4.37746 	9.21936e-05 	9.21936e-05 	0
4.50197 	7.77681e-05 	7.77681e-05 	0
4.56422 	8.46237e-05 	8.46237e-05 	0
4.62648 	0.000103072 	6.64719e-05 	1
4.68873 	0.000118735 	6.51434e-05 	1
4.75098 	9.88083e-05 	9.88083e-05 	0
4.81324 	0.000114647 	6.31343e-05 	1
4.87549 	0.000109688 	5.66986e-05 	1
4.93775 	0.000102646 	6.26215e-05 	1
5.0 	0.000115873 	6.41229e-05 	1
5.0625 	0.000101812 	5.85502e-05 	1
5.125 	0.000104755 	5.53577e-05 	1
5.25 	7.79884e-05 	7.79884e-05 	0
5.3125 	5.48803e-05 	5.48803e-05 	0
5.375 	7.23603e-05 	7.23603e-05 	0
5.5 	8.52961e-05 	8.52961e-05 	0
5.5625 	8.0297e-05 	8.0297e-05 	0
5.625 	7.74542e-05 	7.74542e-05 	0
5.6875 	7.96384e-05 	7.96384e-05 	0
5.75 	5.86323e-05 	5.86323e-05 	0
5.8125 	9.47464e-05 	9.47464e-05 	0
5.875 	5.63236e-05 	5.63236e-05 	0
5.9375 	9.21835e-05 	9.21835e-05 	0
6.0 	0.000110951 	3.37857e-05 	1
6.125 	5.71643e-05 	5.71643e-05 	0
6.1875 	9.44407e-05 	9.44407e-05 	0
6.25 	0.000126877 	5.53682e-05 	1
6.3125 	9.21203e-05 	9.21203e-05 	0
6.4375 	3.49547e-05 	3.49547e-05 	0
6.6875 	9.10574e-05 	9.10574e-05 	0
6.75 	0.000125272 	7.25904e-05 	1
6.8125 	8.32093e-05 	8.32093e-05 	0
6.9375 	6.52505e-05 	6.52505e-05 	0
7.0 	8.81496e-05 	8.81496e-05 	0
7.0625 	8.50042e-05 	8.50042e-05 	0
7.125 	0.000117034 	6.42065e-05 	1
7.1875 	0.0001023 	5.05663e-05 	1
7.25 	0.00010717 	5.52491e-05 	1
7.4375 	7.53906e-05 	7.53906e-05 	0
7.5625 	9.94192e-05 	9.94192e-05 	0
7.625 	0.000126019 	6.46984e-05 	1
7.6875 	8.98922e-05 	8.98922e-05 	0
7.8125 	8.574e-05 	8.574e-05 	0
7.9375 	0.000124576 	5.99766e-05 	1
8.0 	0.000115044 	3.51077e-05 	1
8.0625 	9.72634e-05 	9.72634e-05 	0
8.125 	0.00011034 	6.58155e-05 	1
8.25 	0.000108952 	6.01478e-05 	1
8.3125 	6.44803e-05 	6.44803e-05 	0
8.375 	8.05168e-05 	8.05168e-05 	0
8.4375 	0.000116684 	5.60845e-05 	1
8.5 	0.000126556 	5.91302e-05 	1
8.5625 	0.000144473 	6.43781e-05 	1
8.8125 	0.000108942 	5.25373e-05 	1
8.9375 	0.000106128 	5.233e-05 	1
9.0 	0.000145731 	6.28854e-05 	1
9.0625 	0.000121933 	5.97526e-05 	1
9.125 	0.000101017 	3.72263e-05 	1
9.1875 	0.00012965 	8.04391e-05 	1
9.25 	8.73022e-05 	8.73022e-05 	0
9.3125 	0.000118783 	6.39933e-05 	1
9.375 	0.000117256 	7.53448e-05 	1
9.4375 	0.000110059 	5.32236e-05 	1
9.5625 	0.000113489 	6.08334e-05 	1
9.625 	9.3784e-05 	9.3784e-05 	0
9.6875 	0.000102174 	5.08881e-05 	1
9.8125 	0.000103989 	6.52736e-05 	1
9.875 	9.61373e-05 	9.61373e-05 	0
9.9375 	0.000114707 	5.60729e-05 	1
10.0 	5.77198e-05 	5.77198e-05 	0
10.0625 	4.91019e-05 	4.91019e-05 	0
10.1875 	7.35078e-05 	7.35078e-05 	0
10.3125 	0.000105796 	6.18091e-05 	1
10.375 	0.000108728 	5.43516e-05 	1
10.5625 	7.67929e-05 	7.67929e-05 	0
10.625 	0.000101256 	5.4143e-05 	1
10.6875 	5.42754e-05 	5.42754e-05 	0
10.75 	0.000125194 	6.21088e-05 	1
10.8125 	0.000116367 	6.06392e-05 	1
10.875 	8.74043e-05 	8.74043e-05 	0
11.0 	0.000126479 	5.3353e-05 	1
11.0625 	9.95408e-05 	9.95408e-05 	0
11.1875 	0.000145541 	7.99065e-05 	1
11.375 	0.000108878 	7.24563e-05 	1
11.4375 	0.000103841 	5.26284e-05 	1
11.5625 	0.000107279 	5.75611e-05 	1
11.625 	7.90929e-05 	7.90929e-05 	0
11.6875 	0.000123749 	7.05767e-05 	1
11.75 	0.000120925 	3.64387e-05 	1
11.8125 	0.000124057 	5.82367e-05 	1
11.875 	9.74401e-05 	9.74401e-05 	0
11.9375 	0.000100397 	5.38892e-05 	1
12.0 	0.000104939 	6.70712e-05 	1
12.0625 	7.74831e-05 	7.74831e-05 	0
12.125 	9.52307e-05 	9.52307e-05 	0
12.1875 	0.000114525 	5.85971e-05 	1
12.25 	7.97598e-05 	7.97598e-05 	0
12.3125 	4.43769e-05 	4.43769e-05 	0
12.375 	5.56372e-05 	5.56372e-05 	0
12.5625 	7.65394e-05 	7.65394e-05 	0
12.625 	0.000114817 	6.09355e-05 	1
12.6875 	0.000104442 	5.64805e-05 	1
12.75 	7.23992e-05 	7.23992e-05 	0
12.8125 	4.25008e-05 	4.25008e-05 	0
12.875 	0.000118871 	7.16694e-05 	1
13.0 	0.000103298 	6.39591e-05 	1
13.0625 	8.79982e-05 	8.79982e-05 	0
13.125 	8.78109e-05 	8.78109e-05 	0
13.1875 	0.000108653 	5.95734e-05 	1
13.25 	8.94769e-05 	8.94769e-05 	0
13.375 	6.22664e-05 	6.22664e-05 	0
13.4375 	8.44974e-05 	8.44974e-05 	0
13.5 	9.99552e-05 	9.99552e-05 	0
13.5625 	8.12788e-05 	8.12788e-05 	0
13.625 	8.06766e-05 	8.06766e-05 	0
13.6875 	0.000122414 	6.12127e-05 	1
14.0 	0.000119113 	5.75247e-05 	1
14.0625 	0.000105189 	6.84067e-05 	1
14.125 	7.25267e-05 	7.25267e-05 	0
14.1875 	0.00011267 	5.69691e-05 	1
14.3125 	9.32033e-05 	9.32033e-05 	0
14.375 	7.93097e-05 	7.93097e-05 	0
14.4375 	6.1548e-05 	6.1548e-05 	0
14.5 	6.97516e-05 	6.97516e-05 	0
14.625 	0.000111941 	5.86049e-05 	1
14.6875 	7.88087e-05 	7.88087e-05 	0
14.75 	0.000120233 	5.90789e-05 	1
14.8125 	0.000119214 	6.7188e-05 	1
14.875 	6.28318e-05 	6.28318e-05 	0
14.9375 	0.000100844 	4.27552e-05 	1
15.0 	9.62231e-05 	9.62231e-05 	0
15.1875 	8.66644e-05 	8.66644e-05 	0
15.25 	0.000117527 	6.22572e-05 	1
15.3125 	0.000123064 	3.69915e-05 	1
15.375 	0.000101006 	5.08658e-05 	1
15.4375 	0.000140741 	7.27733e-05 	1
15.5 	7.95072e-05 	7.95072e-05 	0
15.5625 	0.000104605 	2.50471e-05 	1
15.75 	0.000113567 	7.87449e-05 	1
15.8125 	0.00011998 	5.83826e-05 	1
15.875 	8.56764e-05 	8.56764e-05 	0
15.9375 	8.04789e-05 	8.04789e-05 	0
16.0 	0.000109931 	5.47149e-05 	1
16.0625 	9.07035e-05 	9.07035e-05 	0
16.125 	0.000126565 	6.46783e-05 	1
16.1875 	6.51902e-05 	6.51902e-05 	0
16.25 	9.93994e-05 	9.93994e-05 	0
16.3125 	0.000129886 	4.48881e-05 	1
16.375 	6.77004e-05 	6.77004e-05 	0
16.4375 	0.00010845 	6.95728e-05 	1
16.5 	7.18872e-05 	7.18872e-05 	0
16.625 	0.000112349 	5.72282e-05 	1
16.6875 	8.89927e-05 	8.89927e-05 	0
16.75 	9.1348e-05 	9.1348e-05 	0
16.8125 	0.000111292 	3.74143e-05 	1
16.875 	0.000136364 	6.1123e-05 	1
16.9375 	5.68233e-05 	5.68233e-05 	0
17.25 	0.000113605 	5.669e-05 	1
17.3125 	0.000112765 	5.91679e-05 	1
17.375 	9.5712e-05 	9.5712e-05 	0
17.4375 	0.000137255 	6.22266e-05 	1
17.5 	0.000105018 	5.80504e-05 	1
17.5625 	0.000128512 	6.96754e-05 	1
17.625 	9.3341e-05 	9.3341e-05 	0
17.6875 	9.20024e-05 	9.20024e-05 	0
17.75 	9.76466e-05 	9.76466e-05 	0
17.8125 	0.000128931 	7.32069e-05 	1
18.0 	7.08977e-05 	7.08977e-05 	0
18.0625 	9.76044e-05 	9.76044e-05 	0
18.125 	9.9758e-05 	9.9758e-05 	0
18.1875 	0.000117207 	5.72122e-05 	1
18.25 	0.000128068 	5.82604e-05 	1
18.3125 	5.47304e-05 	5.47304e-05 	0
18.375 	8.2672e-05 	8.2672e-05 	0
18.4375 	0.000108661 	6.62697e-05 	1
18.5 	8.83493e-05 	8.83493e-05 	0
18.5625 	0.000127413 	6.22701e-05 	1
18.625 	0.000118787 	6.8618e-05 	1
18.75 	0.000103528 	3.76663e-05 	1
18.8125 	0.000108512 	4.94886e-05 	1
18.875 	0.000108399 	5.13886e-05 	1
18.9375 	0.000130771 	7.81973e-05 	1
19.125 	9.95355e-05 	9.95355e-05 	0
19.25 	0.000106535 	4.85973e-05 	1
19.375 	8.48427e-05 	8.48427e-05 	0
19.4375 	8.71199e-05 	8.71199e-05 	0
19.5 	5.75032e-05 	5.75032e-05 	0
19.625 	0.000123346 	4.99131e-05 	1
19.6875 	0.000100956 	5.30128e-05 	1
19.75 	9.65403e-05 	9.65403e-05 	0
19.9375 	0.000143014 	5.59273e-05 	1
20.0 	0.000117517 	7.41906e-05 	1
20.0625 	7.3782e-05 	7.3782e-05 	0
20.125 	8.09191e-05 	8.09191e-05 	0
20.1875 	0.000107494 	2.67324e-05 	1
20.25 	8.4646e-05 	8.4646e-05 	0
20.3125 	0.000108296 	5.52386e-05 	1
20.375 	6.55014e-05 	6.55014e-05 	0
20.4375 	0.000101514 	5.16592e-05 	1
20.5 	0.000109935 	6.63829e-05 	1
20.5625 	0.000113295 	5.71443e-05 	1
20.625 	0.000112151 	5.43848e-05 	1
20.6875 	7.41034e-05 	7.41034e-05 	0
20.75 	0.000126374 	6.27224e-05 	1
20.8125 	0.000107747 	6.60843e-05 	1
20.875 	8.80444e-05 	8.80444e-05 	0
21.0 	9.36172e-05 	9.36172e-05 	0
21.0625 	7.57737e-05 	7.57737e-05 	0
21.1875 	0.000105155 	5.61735e-05 	1
21.3125 	0.000122016 	7.49938e-05 	1
21.375 	4.58033e-05 	4.58033e-05 	0
21.4375 	9.53077e-05 	9.53077e-05 	0
21.5625 	0.000135522 	6.95979e-05 	1
21.625 	9.39758e-05 	9.39758e-05 	0
21.6875 	0.000118191 	5.9775e-05 	1
21.75 	0.000101993 	5.25356e-05 	1
21.8125 	9.82486e-05 	9.82486e-05 	0
21.875 	9.23357e-05 	9.23357e-05 	0
21.9375 	0.000114844 	5.70889e-05 	1
22.0 	0.000113165 	5.76631e-05 	1
22.125 	7.01381e-05 	7.01381e-05 	0
22.1875 	8.82795e-05 	8.82795e-05 	0
22.25 	9.10249e-05 	9.10249e-05 	0
22.3125 	6.42779e-05 	6.42779e-05 	0
22.375 	9.64753e-05 	9.64753e-05 	0
22.625 	0.00012495 	5.71952e-05 	1
22.6875 	9.83787e-05 	9.83787e-05 	0
22.75 	7.70002e-05 	7.70002e-05 	0
22.8125 	0.000111967 	5.71568e-05 	1
22.9375 	6.81736e-05 	6.81736e-05 	0
23.0 	8.92606e-05 	8.92606e-05 	0
23.0625 	0.000102109 	5.73719e-05 	1
23.125 	9.85576e-05 	9.85576e-05 	0
23.1875 	0.000107325 	9.15855e-05 	1
23.3125 	0.000116204 	4.50753e-05 	1
23.375 	8.05608e-05 	8.05608e-05 	0
23.4375 	6.36797e-05 	6.36797e-05 	0
23.5625 	3.67682e-05 	3.67682e-05 	0
23.6875 	0.000115516 	7.32713e-05 	1
23.75 	0.000104088 	5.55569e-05 	1
23.8125 	8.9327e-05 	8.9327e-05 	0
23.875 	9.13892e-05 	9.13892e-05 	0
23.9375 	0.000116227 	6.51641e-05 	1
24.0 	0.000113271 	5.7009e-05 	1
24.0625 	0.000158635 	6.14825e-05 	1
24.125 	9.65987e-05 	9.65987e-05 	0
24.1875 	0.000102429 	5.11857e-05 	1
24.3125 	7.46184e-05 	7.46184e-05 	0
24.375 	5.99506e-05 	5.99506e-05 	0
24.4375 	5.26968e-05 	5.26968e-05 	0
24.5 	4.39941e-05 	4.39941e-05 	0
24.5625 	0.000122329 	8.60726e-05 	1
24.625 	6.66753e-05 	6.66753e-05 	0
24.6875 	0.000101999 	4.71638e-05 	1
24.75 	0.000109 	5.30106e-05 	1
24.8125 	6.48607e-05 	6.48607e-05 	0
25.0 	6.39953e-05 	6.39953e-05 	0
25.0625 	0.000121878 	4.24593e-05 	1
25.125 	0.000104865 	5.0936e-05 	1
25.25 	5.70956e-05 	5.70956e-05 	0
25.3125 	9.75932e-05 	9.75932e-05 	0
25.5 	5.92957e-05 	5.92957e-05 	0
25.625 	9.4562e-05 	9.4562e-05 	0
25.6875 	0.000122087 	5.77108e-05 	1
25.75 	0.000147652 	5.73876e-05 	1
25.8125 	0.000119982 	5.0281e-05 	1
25.875 	9.13884e-05 	9.13884e-05 	0
25.9375 	0.000100981 	6.17134e-05 	1
26.0 	0.000110017 	5.87803e-05 	1
26.0625 	6.9466e-05 	6.9466e-05 	0
26.125 	0.000103096 	6.22004e-05 	1
26.25 	0.000136529 	7.27896e-05 	1
26.3125 	0.000116906 	6.39259e-05 	1
26.375 	5.82228e-05 	5.82228e-05 	0
26.4375 	8.7026e-05 	8.7026e-05 	0
26.5 	8.44756e-05 	8.44756e-05 	0
26.5625 	0.000105522 	6.75596e-05 	1
26.625 	9.71437e-05 	9.71437e-05 	0
26.6875 	0.000147889 	7.09035e-05 	1
26.875 	0.000128743 	6.96689e-05 	1
26.9375 	9.93192e-05 	9.93192e-05 	0
27.0 	8.62661e-05 	8.62661e-05 	0
27.25 	0.000113094 	5.27123e-05 	1
27.3125 	8.96658e-05 	8.96658e-05 	0
27.375 	9.57542e-05 	9.57542e-05 	0
27.5 	9.3489e-05 	9.3489e-05 	0
27.5625 	0.000103797 	5.59966e-05 	1
27.625 	9.72631e-05 	9.72631e-05 	0
27.6875 	0.00011577 	5.39951e-05 	1
27.75 	0.00011682 	7.65604e-05 	1
27.8125 	0.000130959 	7.20026e-05 	1
27.875 	0.000133199 	6.32773e-05 	1
28.0 	0.000130017 	6.3795e-05 	1
28.0625 	5.23381e-05 	5.23381e-05 	0
28.125 	0.000113196 	5.12952e-05 	1
28.3125 	9.25269e-05 	9.25269e-05 	0
28.375 	6.81203e-05 	6.81203e-05 	0
28.4375 	0.000134323 	9.24072e-05 	1
28.5 	6.99043e-05 	6.99043e-05 	0
28.625 	7.29857e-05 	7.29857e-05 	0
28.6875 	0.000120424 	6.77937e-05 	1
28.8125 	9.00911e-05 	9.00911e-05 	0
28.875 	0.000119703 	6.23028e-05 	1
28.9375 	0.000142355 	6.64475e-05 	1
29.0 	0.000124163 	5.86385e-05 	1
29.0625 	9.34867e-05 	9.34867e-05 	0
29.125 	6.14768e-05 	6.14768e-05 	0
29.1875 	0.00014996 	7.03986e-05 	1
29.25 	8.24186e-05 	8.24186e-05 	0
29.3125 	5.23816e-05 	5.23816e-05 	0
29.375 	0.000116311 	6.36956e-05 	1
29.4375 	0.000140317 	6.57859e-05 	1
29.5 	0.000124739 	7.58215e-05 	1
29.5625 	0.000120543 	8.65369e-05 	1
29.625 	8.10248e-05 	8.10248e-05 	0
29.6875 	7.65067e-05 	7.65067e-05 	0
29.75 	9.86839e-05 	9.86839e-05 	0
29.875 	0.000116991 	7.5701e-05 	1
29.9375 	8.21225e-05 	8.21225e-05 	0
30.0 	7.19538e-05 	7.19538e-05 	0
30.125 	0.000129138 	5.81178e-05 	1
30.1875 	0.000101112 	6.31623e-05 	1
30.25 	3.37468e-05 	3.37468e-05 	0
30.3125 	0.000111321 	7.24724e-05 	1
30.375 	0.000107558 	6.86218e-05 	1
30.4375 	0.00012014 	6.25133e-05 	1
30.5 	9.99114e-05 	9.99114e-05 	0
30.5625 	7.64082e-05 	7.64082e-05 	0
30.6875 	0.000106158 	4.73751e-05 	1
30.75 	0.000109417 	5.89645e-05 	1
30.8125 	9.53465e-05 	9.53465e-05 	0
30.9375 	0.000100921 	4.33914e-05 	1
31.0 	0.000118245 	5.37516e-05 	1
31.125 	8.04372e-05 	8.04372e-05 	0
31.1875 	9.81127e-05 	9.81127e-05 	0
31.25 	0.000110585 	5.61651e-05 	1
31.3125 	7.29708e-05 	7.29708e-05 	0
31.375 	6.92408e-05 	6.92408e-05 	0
31.5 	8.20405e-05 	8.20405e-05 	0
31.5625 	0.000102897 	4.01274e-05 	1
31.625 	7.15221e-05 	7.15221e-05 	0
31.6875 	0.000117412 	3.327e-05 	1
31.75 	0.000115171 	7.12329e-05 	1
31.8125 	0.000100795 	8.25304e-05 	1
31.875 	0.000106085 	7.45504e-05 	1
31.9375 	0.000145013 	5.97724e-05 	1
32.0 	0.000125237 	7.92397e-05 	1
32.0625 	7.49409e-05 	7.49409e-05 	0
32.125 	0.000110746 	7.01704e-05 	1
32.1875 	0.000106072 	5.57851e-05 	1
32.25 	0.000107213 	4.99535e-05 	1
32.3125 	0.000117989 	6.54302e-05 	1
32.4375 	7.635e-05 	7.635e-05 	0
32.5 	0.000126143 	5.18222e-05 	1
32.625 	0.000112401 	7.07402e-05 	1
32.6875 	0.000108169 	6.12983e-05 	1
32.75 	0.000112378 	5.88223e-05 	1
32.8125 	0.000100408 	5.98765e-05 	1
32.875 	0.000100108 	4.41002e-05 	1
32.9375 	0.000101721 	4.24164e-05 	1
33.0 	9.13991e-05 	9.13991e-05 	0
33.0625 	0.000113165 	7.09328e-05 	1
33.125 	8.21177e-05 	8.21177e-05 	0
33.1875 	0.000117134 	4.9762e-05 	1
33.25 	0.000103118 	7.34601e-05 	1
33.3125 	8.70763e-05 	8.70763e-05 	0
33.375 	0.00010453 	5.70241e-05 	1
33.4375 	9.66145e-05 	9.66145e-05 	0
33.625 	9.2283e-05 	9.2283e-05 	0
33.6875 	0.000120125 	7.95944e-05 	1
33.75 	0.000109585 	6.17362e-05 	1
33.875 	9.2343e-05 	9.2343e-05 	0
33.9375 	8.95771e-05 	8.95771e-05 	0
34.0625 	9.89058e-05 	9.89058e-05 	0
34.125 	0.000113945 	6.49542e-05 	1
34.1875 	0.000113357 	6.23585e-05 	1
34.25 	0.000106202 	4.67115e-05 	1
34.3125 	8.84953e-05 	8.84953e-05 	0
34.375 	0.000123601 	6.48652e-05 	1
34.4375 	0.000102005 	3.79343e-05 	1
34.5 	8.15266e-05 	8.15266e-05 	0
34.5625 	0.00010814 	6.3805e-05 	1
34.625 	6.01352e-05 	6.01352e-05 	0
34.6875 	0.000115445 	6.04989e-05 	1
34.75 	8.49612e-05 	8.49612e-05 	0
34.875 	0.000110167 	4.3179e-05 	1
34.9375 	0.000116889 	6.86957e-05 	1
35.0625 	9.88483e-05 	9.88483e-05 	0
35.125 	9.17174e-05 	9.17174e-05 	0
35.25 	0.000110385 	2.75571e-05 	1
35.3125 	6.36558e-05 	6.36558e-05 	0
35.375 	0.000154532 	7.92278e-05 	1
35.5625 	9.47032e-05 	9.47032e-05 	0
35.625 	0.00012743 	6.75661e-05 	1
35.6875 	0.000104829 	3.58423e-05 	1
35.75 	0.000124291 	5.74578e-05 	1
35.8125 	5.38997e-05 	5.38997e-05 	0
35.875 	0.000140637 	6.78089e-05 	1
35.9375 	7.04798e-05 	7.04798e-05 	0
36.0 	0.00010661 	4.07942e-05 	1
36.125 	0.000137052 	6.99269e-05 	1
36.25 	5.31491e-05 	5.31491e-05 	0
36.4375 	4.55001e-05 	4.55001e-05 	0
36.5 	0.000105367 	5.64507e-05 	1
36.5625 	0.000119371 	7.63712e-05 	1
36.625 	3.81766e-05 	3.81766e-05 	0
36.6875 	8.45134e-05 	8.45134e-05 	0
36.8125 	0.000141816 	6.64962e-05 	1
36.875 	8.76564e-05 	8.76564e-05 	0
36.9375 	6.93413e-05 	6.93413e-05 	0
37.0625 	8.18202e-05 	8.18202e-05 	0
37.125 	0.000101865 	5.47471e-05 	1
37.1875 	0.000138356 	7.01756e-05 	1
37.25 	0.000112276 	5.21612e-05 	1
37.3125 	0.000135626 	6.53841e-05 	1
37.375 	0.000111497 	4.4477e-05 	1
37.4375 	0.000110309 	5.49862e-05 	1
37.5 	0.000100432 	5.19474e-05 	1
37.5625 	0.000127227 	5.92039e-05 	1
37.625 	0.000123719 	4.98343e-05 	1
37.75 	8.31127e-05 	8.31127e-05 	0
37.8125 	9.60157e-05 	9.60157e-05 	0
37.875 	8.47523e-05 	8.47523e-05 	0
37.9375 	0.000119529 	6.19425e-05 	1
38.0 	0.000105657 	5.63432e-05 	1
38.0625 	9.70637e-05 	9.70637e-05 	0
38.125 	7.09718e-05 	7.09718e-05 	0
38.1875 	7.12214e-05 	7.12214e-05 	0
38.25 	7.01727e-05 	7.01727e-05 	0
38.3125 	0.000109279 	3.69279e-05 	1
38.375 	0.000100436 	4.60269e-05 	1
38.4375 	0.000112439 	6.22749e-05 	1
38.5625 	8.84935e-05 	8.84935e-05 	0
38.6875 	8.20472e-05 	8.20472e-05 	0
38.8125 	0.000110591 	7.33525e-05 	1
38.875 	0.000110603 	7.21362e-05 	1
38.9375 	7.39523e-05 	7.39523e-05 	0
39.0 	7.51695e-05 	7.51695e-05 	0
39.0625 	0.000102057 	4.67589e-05 	1
39.125 	7.40845e-05 	7.40845e-05 	0
39.1875 	0.00014305 	6.58667e-05 	1
39.25 	8.99955e-05 	8.99955e-05 	0
39.3125 	9.75546e-05 	9.75546e-05 	0
39.5 	0.000106345 	4.56809e-05 	1
39.5625 	0.000102275 	5.86288e-05 	1
39.625 	0.000122889 	6.23371e-05 	1
39.6875 	8.17172e-05 	8.17172e-05 	0
39.75 	9.94219e-05 	9.94219e-05 	0
39.8125 	8.1817e-05 	8.1817e-05 	0
39.875 	7.83653e-05 	7.83653e-05 	0
39.9375 	0.000131753 	6.76609e-05 	1
40.0 	0.000112382 	6.25299e-05 	1
40.125 	9.84344e-05 	9.84344e-05 	0
40.25 	9.74397e-05 	9.74397e-05 	0
40.3125 	7.50375e-05 	7.50375e-05 	0
40.4375 	6.91932e-05 	6.91932e-05 	0
40.5 	8.13995e-05 	8.13995e-05 	0
40.5625 	5.031e-05 	5.031e-05 	0
40.625 	9.68741e-05 	9.68741e-05 	0
40.8125 	9.62557e-05 	9.62557e-05 	0
40.9375 	7.20406e-05 	7.20406e-05 	0
41.125 	0.000108857 	5.62646e-05 	1
41.1875 	7.27574e-05 	7.27574e-05 	0
41.25 	0.000128842 	6.70917e-05 	1
41.3125 	9.63552e-05 	9.63552e-05 	0
41.4375 	8.53754e-05 	8.53754e-05 	0
41.5 	3.25574e-05 	3.25574e-05 	0
41.5625 	0.000136244 	5.70374e-05 	1
41.625 	0.000147965 	7.01908e-05 	1
41.6875 	9.70488e-05 	9.70488e-05 	0
41.8125 	0.000109903 	6.68821e-05 	1
41.875 	0.000129209 	6.46619e-05 	1
41.9375 	0.000108307 	7.83296e-05 	1
42.0 	0.000109008 	4.18412e-05 	1
42.125 	0.000137341 	5.46241e-05 	1
42.25 	0.000124109 	5.11277e-05 	1
42.375 	0.000122178 	6.30008e-05 	1
42.5 	0.000119533 	5.54708e-05 	1
42.6875 	8.45101e-05 	8.45101e-05 	0
42.8125 	0.000135888 	7.03915e-05 	1
42.875 	7.92675e-05 	7.92675e-05 	0
42.9375 	8.54199e-05 	8.54199e-05 	0
43.0 	9.64298e-05 	9.64298e-05 	0
43.0625 	8.30662e-05 	8.30662e-05 	0
43.125 	0.00016324 	8.37364e-05 	1
43.1875 	9.94928e-05 	9.94928e-05 	0
43.3125 	0.000110055 	7.44011e-05 	1
43.375 	7.48163e-05 	7.48163e-05 	0
43.5625 	4.75337e-05 	4.75337e-05 	0
43.6875 	7.27501e-05 	7.27501e-05 	0
43.75 	0.000105276 	5.74373e-05 	1
43.8125 	0.000143663 	7.1953e-05 	1
43.875 	0.000111255 	5.55695e-05 	1
43.9375 	0.000113822 	5.72002e-05 	1
44.0 	4.90416e-05 	4.90416e-05 	0
44.0625 	7.83882e-05 	7.83882e-05 	0
44.125 	9.10379e-05 	9.10379e-05 	0
44.1875 	0.000118505 	6.35815e-05 	1
44.25 	7.36368e-05 	7.36368e-05 	0
44.3125 	0.000122398 	6.32284e-05 	1
44.375 	0.000111087 	6.37645e-05 	1
44.4375 	0.000138007 	5.92363e-05 	1
44.5 	0.00014933 	7.22338e-05 	1
44.5625 	9.90998e-05 	9.90998e-05 	0
44.625 	0.000121527 	6.86759e-05 	1
44.6875 	6.39823e-05 	6.39823e-05 	0
44.75 	9.18046e-05 	9.18046e-05 	0
44.8125 	6.13639e-05 	6.13639e-05 	0
44.875 	0.000130399 	6.67743e-05 	1
44.9375 	0.000128659 	6.89515e-05 	1
45.0 	5.72626e-05 	5.72626e-05 	0
45.0625 	0.00012425 	4.9606e-05 	1
45.1875 	0.000108048 	5.59462e-05 	1
45.3125 	7.21078e-05 	7.21078e-05 	0
45.375 	0.000108865 	5.50972e-05 	1
45.5 	8.81274e-05 	8.81274e-05 	0
45.5625 	9.5686e-05 	9.5686e-05 	0
45.625 	0.000116696 	6.11356e-05 	1
45.6875 	0.000102508 	5.26887e-05 	1
45.75 	0.000125766 	6.08139e-05 	1
45.875 	8.50701e-05 	8.50701e-05 	0
45.9375 	0.000120687 	5.34749e-05 	1
46.0 	5.22514e-05 	5.22514e-05 	0
46.0625 	0.000102374 	6.18562e-05 	1
46.125 	0.000125042 	6.02603e-05 	1
46.3125 	8.11943e-05 	8.11943e-05 	0
46.375 	0.000131152 	6.25731e-05 	1
46.5625 	0.00012624 	6.3757e-05 	1
46.625 	0.000119256 	8.0212e-05 	1
46.6875 	0.000118355 	4.51677e-05 	1
46.75 	7.3493e-05 	7.3493e-05 	0
46.8125 	0.000121653 	6.38819e-05 	1
46.875 	7.89322e-05 	7.89322e-05 	0
47.0 	0.000115028 	7.13417e-05 	1
47.0625 	8.88366e-05 	8.88366e-05 	0
47.125 	7.00006e-05 	7.00006e-05 	0
47.1875 	0.000119655 	4.12635e-05 	1
47.25 	0.000111061 	5.37439e-05 	1
47.3125 	8.38346e-05 	8.38346e-05 	0
47.375 	0.0001007 	4.65284e-05 	1
47.5 	0.000120225 	7.06842e-05 	1
47.5625 	0.00014399 	7.46924e-05 	1
47.625 	8.9791e-05 	8.9791e-05 	0
47.6875 	0.000112244 	6.49874e-05 	1
47.8125 	0.000111117 	5.747e-05 	1
47.875 	0.00011404 	4.90444e-05 	1
48.0 	5.03173e-05 	5.03173e-05 	0
48.0625 	0.000122708 	5.87555e-05 	1
48.1875 	8.07197e-05 	8.07197e-05 	0
48.25 	9.05125e-05 	9.05125e-05 	0
48.3125 	0.000103816 	6.3443e-05 	1
48.375 	8.50578e-05 	8.50578e-05 	0
48.4375 	0.000126726 	3.48393e-05 	1
48.5 	0.000122522 	7.07686e-05 	1
48.5625 	0.000115943 	6.18955e-05 	1
48.75 	9.31906e-05 	9.31906e-05 	0
48.8125 	9.05462e-05 	9.05462e-05 	0
48.9375 	6.38728e-05 	6.38728e-05 	0
49.0 	9.96757e-05 	9.96757e-05 	0
49.125 	0.000116732 	5.92652e-05 	1
49.1875 	7.76184e-05 	7.76184e-05 	0
49.25 	0.000116794 	7.07243e-05 	1
49.3125 	7.49108e-05 	7.49108e-05 	0
49.375 	7.80363e-05 	7.80363e-05 	0
49.4375 	5.6115e-05 	5.6115e-05 	0
49.5 	8.4029e-05 	8.4029e-05 	0
49.5625 	7.86145e-05 	7.86145e-05 	0
49.625 	6.95809e-05 	6.95809e-05 	0
49.6875 	0.000121179 	7.24107e-05 	1
49.75 	6.37758e-05 	6.37758e-05 	0
50.0625 	0.000101555 	4.66866e-05 	1
50.125 	9.02103e-05 	9.02103e-05 	0
50.25 	8.73749e-05 	8.73749e-05 	0
50.3125 	0.00011672 	6.10918e-05 	1
50.375 	5.74085e-05 	5.74085e-05 	0
50.4375 	7.79288e-05 	7.79288e-05 	0
50.5 	0.000100092 	4.16402e-05 	1
50.5625 	9.2088e-05 	9.2088e-05 	0
50.625 	9.16054e-05 	9.16054e-05 	0
50.75 	6.60468e-05 	6.60468e-05 	0
50.8125 	0.000116443 	7.99599e-05 	1
50.875 	0.000107047 	5.66192e-05 	1
50.9375 	5.79069e-05 	5.79069e-05 	0
51.0 	8.76035e-05 	8.76035e-05 	0
51.0625 	6.88492e-05 	6.88492e-05 	0
51.125 	8.14107e-05 	8.14107e-05 	0
51.1875 	0.000100513 	6.33332e-05 	1
51.25 	8.95902e-05 	8.95902e-05 	0
51.3125 	0.000111981 	5.56033e-05 	1
51.375 	0.000114108 	5.07828e-05 	1
51.4375 	8.72127e-05 	8.72127e-05 	0
51.5 	6.62263e-05 	6.62263e-05 	0
51.5625 	6.48252e-05 	6.48252e-05 	0
51.625 	0.00010289 	5.80063e-05 	1
51.6875 	0.000118391 	5.94666e-05 	1
51.8125 	9.17922e-05 	9.17922e-05 	0
51.875 	8.01662e-05 	8.01662e-05 	0
52.0 	6.765e-05 	6.765e-05 	0
52.0625 	7.08094e-05 	7.08094e-05 	0
52.1875 	7.03436e-05 	7.03436e-05 	0
52.3125 	0.00012755 	5.87815e-05 	1
52.375 	0.00013037 	6.83684e-05 	1
52.4375 	8.81648e-05 	8.81648e-05 	0
52.5 	6.32329e-05 	6.32329e-05 	0
52.5625 	9.45803e-05 	9.45803e-05 	0
52.625 	6.52129e-05 	6.52129e-05 	0
52.6875 	9.77392e-05 	9.77392e-05 	0
52.75 	0.000101543 	7.70254e-05 	1
52.8125 	8.00336e-05 	8.00336e-05 	0
52.875 	7.98694e-05 	7.98694e-05 	0
52.9375 	9.847e-05 	9.847e-05 	0
53.0 	6.4279e-05 	6.4279e-05 	0
53.125 	0.000105313 	4.95653e-05 	1
53.1875 	0.000114136 	5.20049e-05 	1
53.25 	8.13691e-05 	8.13691e-05 	0
53.3125 	7.26147e-05 	7.26147e-05 	0
53.375 	0.000115721 	5.88762e-05 	1
53.5 	4.78743e-05 	4.78743e-05 	0
53.5625 	0.00011182 	7.33954e-05 	1
53.625 	0.000128946 	6.15506e-05 	1
53.6875 	9.14088e-05 	9.14088e-05 	0
53.75 	0.000107173 	5.12126e-05 	1
53.8125 	0.000127874 	6.14197e-05 	1
53.875 	7.8221e-05 	7.8221e-05 	0
53.9375 	5.40935e-05 	5.40935e-05 	0
54.0 	9.84943e-05 	9.84943e-05 	0
54.0625 	9.81264e-05 	9.81264e-05 	0
54.1875 	6.43907e-05 	6.43907e-05 	0
54.25 	8.78759e-05 	8.78759e-05 	0
54.3125 	9.79995e-05 	9.79995e-05 	0
54.375 	8.90684e-05 	8.90684e-05 	0
54.4375 	6.14559e-05 	6.14559e-05 	0
54.6875 	0.000110493 	8.33243e-05 	1
54.8125 	0.00012252 	5.92992e-05 	1
54.875 	5.15026e-05 	5.15026e-05 	0
54.9375 	0.000103481 	5.12078e-05 	1
55.0 	0.000123319 	5.7309e-05 	1
55.0625 	7.27719e-05 	7.27719e-05 	0
55.125 	0.000103666 	5.2671e-05 	1
55.1875 	5.71977e-05 	5.71977e-05 	0
55.3125 	8.86225e-05 	8.86225e-05 	0
55.4375 	9.34076e-05 	9.34076e-05 	0
55.5 	5.21905e-05 	5.21905e-05 	0
55.625 	6.74586e-05 	6.74586e-05 	0
55.6875 	8.52507e-05 	8.52507e-05 	0
55.75 	0.000105965 	6.81765e-05 	1
55.8125 	9.88639e-05 	9.88639e-05 	0
55.875 	7.32269e-05 	7.32269e-05 	0
55.9375 	0.000110213 	5.91309e-05 	1
56.0 	8.2948e-05 	8.2948e-05 	0
56.0625 	0.000105038 	4.83209e-05 	1
56.1875 	0.000127449 	6.31591e-05 	1
56.3125 	0.000107071 	7.68573e-05 	1
56.375 	9.37662e-05 	9.37662e-05 	0
56.4375 	0.00010353 	4.60099e-05 	1
56.5625 	0.000119402 	5.89023e-05 	1
56.6875 	0.000101338 	6.81763e-05 	1
56.75 	0.00011245 	5.83832e-05 	1
56.8125 	9.26519e-05 	9.26519e-05 	0
56.9375 	9.54251e-05 	9.54251e-05 	0
57.0 	0.000117038 	5.62393e-05 	1
57.0625 	9.61619e-05 	9.61619e-05 	0
57.1875 	0.0001111 	5.68403e-05 	1
57.25 	7.30166e-05 	7.30166e-05 	0
57.3125 	0.00010707 	5.28137e-05 	1
57.375 	0.000104829 	5.80617e-05 	1
57.4375 	9.59478e-05 	9.59478e-05 	0
57.5 	8.35951e-05 	8.35951e-05 	0
57.5625 	9.16736e-05 	9.16736e-05 	0
57.625 	0.000115885 	5.50444e-05 	1
57.6875 	0.000140549 	7.13322e-05 	1
57.75 	9.10668e-05 	9.10668e-05 	0
57.8125 	0.000105799 	6.8364e-05 	1
58.0 	9.14623e-05 	9.14623e-05 	0
58.0625 	0.000142544 	5.66249e-05 	1
58.125 	9.07922e-05 	9.07922e-05 	0
58.1875 	0.000156922 	7.11948e-05 	1
58.25 	0.000115045 	5.70819e-05 	1
58.3125 	9.32224e-05 	9.32224e-05 	0
58.4375 	6.81898e-05 	6.81898e-05 	0
58.5625 	0.000116121 	6.47312e-05 	1
58.625 	0.00014386 	6.85807e-05 	1
58.6875 	9.94677e-05 	9.94677e-05 	0
58.8125 	0.000123005 	6.45821e-05 	1
58.875 	0.000108234 	5.01712e-05 	1
58.9375 	9.91565e-05 	9.91565e-05 	0
59.0 	0.000147907 	6.59463e-05 	1
59.125 	9.16365e-05 	9.16365e-05 	0
59.25 	0.000107468 	5.50579e-05 	1
59.3125 	0.00010045 	5.94197e-05 	1
59.375 	0.000110797 	4.6808e-05 	1
59.4375 	5.96327e-05 	5.96327e-05 	0
59.5 	0.000143163 	5.21225e-05 	1
59.5625 	9.72646e-05 	9.72646e-05 	0
59.6875 	0.000116051 	5.76735e-05 	1
59.8125 	0.000130725 	5.88835e-05 	1
59.875 	5.89647e-05 	5.89647e-05 	0
59.9375 	0.000137318 	7.49571e-05 	1
60.0 	0.000139653 	7.03775e-05 	1
60.0625 	0.000120508 	5.78823e-05 	1
60.125 	9.82933e-05 	9.82933e-05 	0
60.375 	0.000158016 	6.44719e-05 	1
60.4375 	9.66515e-05 	9.66515e-05 	0
60.5 	9.96805e-05 	9.96805e-05 	0
60.5625 	9.87202e-05 	9.87202e-05 	0
60.625 	9.50492e-05 	9.50492e-05 	0
60.6875 	5.27065e-05 	5.27065e-05 	0
60.75 	8.21464e-05 	8.21464e-05 	0
60.8125 	0.000128271 	5.96681e-05 	1
60.875 	0.000128909 	5.87462e-05 	1
60.9375 	0.000106943 	7.92869e-05 	1
61.0 	0.000101489 	5.90792e-05 	1
61.125 	8.34167e-05 	8.34167e-05 	0
61.1875 	8.35073e-05 	8.35073e-05 	0
61.25 	5.21627e-05 	5.21627e-05 	0
61.3125 	8.13322e-05 	8.13322e-05 	0
61.375 	8.25888e-05 	8.25888e-05 	0
61.4375 	0.000102604 	5.05029e-05 	1
61.5 	9.91508e-05 	9.91508e-05 	0
61.625 	0.000116168 	6.34717e-05 	1
61.6875 	0.000123903 	6.78318e-05 	1
61.8125 	4.28757e-05 	4.28757e-05 	0
61.875 	7.9856e-05 	7.9856e-05 	0
61.9375 	0.000110378 	2.09087e-05 	1
62.0 	7.14252e-05 	7.14252e-05 	0
62.125 	0.000109663 	6.29437e-05 	1
62.1875 	0.00011483 	6.48265e-05 	1
62.25 	7.38282e-05 	7.38282e-05 	0
62.3125 	8.55413e-05 	8.55413e-05 	0
62.375 	6.44814e-05 	6.44814e-05 	0
62.5 	9.29554e-05 	9.29554e-05 	0
62.5625 	0.000135434 	6.01705e-05 	1
62.6875 	9.02984e-05 	9.02984e-05 	0
62.75 	0.000115387 	5.88762e-05 	1
62.875 	7.42314e-05 	7.42314e-05 	0
62.9375 	8.94403e-05 	8.94403e-05 	0
63.0 	0.000109061 	4.56589e-05 	1
63.125 	7.34104e-05 	7.34104e-05 	0
63.25 	0.000105321 	5.24613e-05 	1
63.375 	6.67008e-05 	6.67008e-05 	0
63.4375 	9.22989e-05 	9.22989e-05 	0
63.5625 	0.000100257 	5.26404e-05 	1
63.625 	0.000128681 	7.57513e-05 	1
63.8125 	0.000101356 	4.82432e-05 	1
63.9375 	0.000102484 	6.0886e-05 	1
64.0 	7.44675e-05 	7.44675e-05 	0
64.0625 	6.82129e-05 	6.82129e-05 	0
64.25 	7.11412e-05 	7.11412e-05 	0
64.3125 	0.00012326 	6.12172e-05 	1
64.4375 	6.94646e-05 	6.94646e-05 	0
64.5625 	7.30389e-05 	7.30389e-05 	0
64.6875 	0.000127438 	5.04569e-05 	1
64.75 	9.42895e-05 	9.42895e-05 	0
64.8125 	0.000113369 	5.321e-05 	1
64.875 	6.27655e-05 	6.27655e-05 	0
64.9375 	7.51774e-05 	7.51774e-05 	0
65.0 	8.88144e-05 	8.88144e-05 	0
65.0625 	0.000106336 	7.17566e-05 	1
65.125 	0.000111728 	5.71138e-05 	1
65.25 	0.000114124 	5.89159e-05 	1
65.5 	0.000111753 	5.48324e-05 	1
65.625 	8.33032e-05 	8.33032e-05 	0
65.6875 	0.000142409 	5.67528e-05 	1
65.75 	8.29989e-05 	8.29989e-05 	0
65.8125 	0.000117357 	6.66944e-05 	1
65.9375 	0.000119449 	6.0751e-05 	1
66.0 	6.62122e-05 	6.62122e-05 	0
66.0625 	9.65345e-05 	9.65345e-05 	0
66.1875 	7.79725e-05 	7.79725e-05 	0
66.25 	0.000116777 	8.87009e-05 	1
66.3125 	7.44487e-05 	7.44487e-05 	0
66.375 	8.79204e-05 	8.79204e-05 	0
66.4375 	0.000116575 	5.84032e-05 	1
66.5 	0.000139633 	6.16338e-05 	1
66.625 	7.28847e-05 	7.28847e-05 	0
66.75 	4.12161e-05 	4.12161e-05 	0
66.8125 	0.000106525 	4.86271e-05 	1
66.875 	0.000115908 	5.44238e-05 	1
66.9375 	9.26139e-05 	9.26139e-05 	0
67.0 	9.75318e-05 	9.75318e-05 	0
67.125 	9.92273e-05 	9.92273e-05 	0
67.1875 	7.62464e-05 	7.62464e-05 	0
67.25 	5.80694e-05 	5.80694e-05 	0
67.3125 	7.03798e-05 	7.03798e-05 	0
67.375 	0.000108603 	5.74055e-05 	1
67.4375 	0.000108307 	6.91404e-05 	1
67.5 	9.4968e-05 	9.4968e-05 	0
67.5625 	0.000120979 	7.37016e-05 	1
67.8125 	8.81927e-05 	8.81927e-05 	0
67.875 	0.000106546 	5.30604e-05 	1
67.9375 	6.29799e-05 	6.29799e-05 	0
68.0 	6.74562e-05 	6.74562e-05 	0
68.0625 	9.36603e-05 	9.36603e-05 	0
68.125 	5.9913e-05 	5.9913e-05 	0
68.1875 	7.07795e-05 	7.07795e-05 	0
68.25 	7.16117e-05 	7.16117e-05 	0
68.3125 	9.47963e-05 	9.47963e-05 	0
68.375 	6.75474e-05 	6.75474e-05 	0
68.4375 	0.000109032 	4.14443e-05 	1
68.5 	7.89833e-05 	7.89833e-05 	0
68.5625 	6.09763e-05 	6.09763e-05 	0
68.625 	9.99082e-05 	9.99082e-05 	0
68.6875 	0.00010548 	6.7071e-05 	1
68.75 	9.68095e-05 	9.68095e-05 	0
68.8125 	8.25412e-05 	8.25412e-05 	0
68.875 	7.47234e-05 	7.47234e-05 	0
68.9375 	9.2988e-05 	9.2988e-05 	0
69.0625 	0.000103311 	5.18076e-05 	1
69.125 	0.000114861 	6.56934e-05 	1
69.1875 	9.22698e-05 	9.22698e-05 	0
69.25 	9.0517e-05 	9.0517e-05 	0
69.3125 	8.80064e-05 	8.80064e-05 	0
69.4375 	6.88119e-05 	6.88119e-05 	0
69.5 	0.000105518 	5.02145e-05 	1
69.625 	8.80218e-05 	8.80218e-05 	0
69.75 	0.000130684 	6.12285e-05 	1
69.8125 	9.31904e-05 	9.31904e-05 	0
69.875 	7.95339e-05 	7.95339e-05 	0
69.9375 	8.02426e-05 	8.02426e-05 	0
