# time 	Initial 	Final 	Iterations
1.2e-06 	7.15864e-05 	7.15864e-05 	0
2.64e-06 	9.99862e-05 	9.99862e-05 	0
4.368e-06 	4.21376e-05 	4.21376e-05 	0
6.4416e-06 	7.87797e-05 	7.87797e-05 	0
8.92992e-06 	9.25464e-05 	9.25464e-05 	0
1.19159e-05 	7.24534e-05 	7.24534e-05 	0
1.54991e-05 	7.1245e-05 	7.1245e-05 	0
1.97989e-05 	7.00922e-05 	7.00922e-05 	0
2.49587e-05 	4.36777e-05 	4.36777e-05 	0
3.11504e-05 	7.19513e-05 	7.19513e-05 	0
3.85805e-05 	8.22503e-05 	8.22503e-05 	0
4.74965e-05 	7.81097e-05 	7.81097e-05 	0
5.81958e-05 	7.70315e-05 	7.70315e-05 	0
7.1035e-05 	9.285e-05 	9.285e-05 	0
8.6442e-05 	7.58047e-05 	7.58047e-05 	0
0.00010493 	6.23131e-05 	6.23131e-05 	0
0.000127116 	6.9998e-05 	6.9998e-05 	0
0.00015374 	8.91019e-05 	8.91019e-05 	0
0.000185688 	8.38257e-05 	8.38257e-05 	0
0.000224025 	8.83219e-05 	8.83219e-05 	0
0.00027003 	2.74322e-05 	2.74322e-05 	0
0.000325236 	3.02646e-05 	3.02646e-05 	0
0.000391483 	2.16172e-05 	2.16172e-05 	0
0.00047098 	6.51051e-05 	6.51051e-05 	0
0.000566376 	4.58776e-05 	4.58776e-05 	0
0.00068085 	4.63517e-05 	4.63517e-05 	0
0.000818221 	4.26976e-05 	4.26976e-05 	0
0.000983063 	4.19671e-05 	4.19671e-05 	0
0.00118087 	4.56853e-05 	4.56853e-05 	0
0.00141824 	4.18662e-05 	4.18662e-05 	0
0.0017031 	4.13307e-05 	4.13307e-05 	0
0.00204491 	5.47754e-05 	5.47754e-05 	0
0.00245508 	5.64902e-05 	5.64902e-05 	0
0.0029473 	5.16733e-05 	5.16733e-05 	0
0.00353797 	5.76704e-05 	5.76704e-05 	0
0.00424679 	6.77738e-05 	6.77738e-05 	0
0.00509742 	9.73681e-05 	9.73681e-05 	0
0.00611825 	9.00798e-05 	9.00798e-05 	0
0.00734314 	8.3135e-05 	8.3135e-05 	0
0.00881286 	4.95897e-05 	4.95897e-05 	0
0.0105765 	5.29102e-05 	5.29102e-05 	0
0.0126925 	4.21314e-05 	4.21314e-05 	0
0.0152319 	5.03285e-05 	5.03285e-05 	0
0.0182788 	9.94704e-05 	9.94704e-05 	0
0.0219337 	6.68351e-05 	6.68351e-05 	0
0.0263197 	4.46098e-05 	4.46098e-05 	0
0.0315829 	6.02113e-05 	6.02113e-05 	0
0.037896 	2.37724e-05 	2.37724e-05 	0
0.0454717 	2.49815e-05 	2.49815e-05 	0
0.0545626 	3.46228e-05 	3.46228e-05 	0
0.0654797 	2.49073e-05 	2.49073e-05 	0
0.0785686 	3.26193e-05 	3.26193e-05 	0
0.094292 	5.89146e-05 	5.89146e-05 	0
0.11316 	6.55372e-05 	6.55372e-05 	0
0.135784 	8.97223e-05 	8.97223e-05 	0
0.162959 	0.000121777 	1.61843e-05 	1
0.195641 	0.000154828 	2.82878e-05 	1
0.235021 	0.000173718 	2.42919e-05 	1
0.280839 	0.000225727 	4.35014e-05 	1
0.333274 	0.000315872 	3.42691e-05 	1
0.392346 	0.000427197 	5.4187e-05 	1
0.455465 	0.000461997 	2.47517e-05 	1
0.517719 	0.000443846 	2.32495e-05 	1
0.579973 	0.000400512 	2.41067e-05 	1
0.642226 	0.000359396 	4.44396e-05 	1
0.70448 	0.000325325 	8.44067e-05 	1
0.766734 	0.000244923 	4.4543e-05 	1
0.828988 	0.000181334 	2.62924e-05 	1
0.891242 	0.000160683 	4.00711e-05 	1
0.953496 	0.000128781 	2.16358e-05 	1
1.01575 	0.000106302 	3.8792e-05 	1
1.078 	0.000110432 	2.49087e-05 	1
1.14026 	7.67427e-05 	7.67427e-05 	0
1.20251 	0.000124976 	2.90615e-05 	1
1.26477 	0.000123592 	3.01446e-05 	1
1.32702 	8.06213e-05 	8.06213e-05 	0
1.38927 	8.87383e-05 	8.87383e-05 	0
1.45153 	9.81039e-05 	9.81039e-05 	0
1.51378 	0.000110472 	9.94834e-05 	1
1.57604 	7.4531e-05 	7.4531e-05 	0
1.63829 	8.25421e-05 	8.25421e-05 	0
1.70054 	8.94445e-05 	8.94445e-05 	0
1.7628 	0.000105309 	7.87927e-05 	1
1.82505 	6.80366e-05 	6.80366e-05 	0
1.8873 	6.93674e-05 	6.93674e-05 	0
1.94956 	7.93944e-05 	7.93944e-05 	0
2.01181 	0.000103271 	7.89875e-05 	1
2.07407 	0.000121529 	7.42624e-05 	1
2.13632 	0.000148833 	4.03527e-05 	1
2.19857 	0.000103229 	2.98615e-05 	1
2.26083 	8.96905e-05 	8.96905e-05 	0
2.32308 	8.67817e-05 	8.67817e-05 	0
2.38534 	0.00012181 	6.8935e-05 	1
2.44759 	9.6842e-05 	9.6842e-05 	0
2.50984 	0.000107364 	6.87466e-05 	2
2.5721 	0.000102791 	4.38851e-05 	1
2.63435 	0.000101091 	8.36994e-05 	1
2.69661 	0.000127606 	9.43416e-05 	1
2.75886 	0.000123372 	5.94587e-05 	1
2.82111 	0.000141694 	4.4328e-05 	1
2.88337 	8.81929e-05 	8.81929e-05 	0
2.94562 	0.000106652 	7.00903e-05 	2
3.00787 	0.000110129 	5.42673e-05 	1
3.07013 	9.23722e-05 	9.23722e-05 	0
3.13238 	9.12534e-05 	9.12534e-05 	0
3.19464 	0.000116884 	7.75395e-05 	1
3.25689 	0.000135931 	3.78699e-05 	1
3.31914 	7.8538e-05 	7.8538e-05 	0
3.3814 	8.65284e-05 	8.65284e-05 	0
3.44365 	0.0001412 	8.09218e-05 	1
3.50591 	0.000125489 	3.29638e-05 	1
3.56816 	8.35755e-05 	8.35755e-05 	0
3.63041 	9.5601e-05 	9.5601e-05 	0
3.69267 	0.000127955 	6.78533e-05 	1
3.75492 	9.63317e-05 	9.63317e-05 	0
3.81718 	9.38988e-05 	9.38988e-05 	0
3.87943 	0.000144701 	5.59564e-05 	1
3.94168 	7.73185e-05 	7.73185e-05 	0
4.00394 	7.69828e-05 	7.69828e-05 	0
4.06619 	5.92584e-05 	5.92584e-05 	0
4.12845 	7.06104e-05 	7.06104e-05 	0
4.1907 	8.95555e-05 	8.95555e-05 	0
4.25295 	0.000131489 	3.99202e-05 	1
4.31521 	0.00011695 	7.0246e-05 	1
4.37746 	0.000102252 	8.89747e-05 	1
4.43971 	0.000143677 	3.64486e-05 	1
4.50197 	8.19262e-05 	8.19262e-05 	0
4.56422 	7.62032e-05 	7.62032e-05 	0
4.62648 	9.7345e-05 	9.7345e-05 	0
4.68873 	5.60867e-05 	5.60867e-05 	0
4.75098 	0.000113127 	7.098e-05 	2
4.81324 	0.000109177 	7.78379e-05 	1
4.87549 	0.000107968 	8.33764e-05 	1
4.93775 	6.95883e-05 	6.95883e-05 	0
5.0 	0.000105571 	8.01215e-05 	1
5.0625 	0.000111579 	6.3353e-05 	1
5.125 	4.66038e-05 	4.66038e-05 	0
5.1875 	7.78049e-05 	7.78049e-05 	0
5.25 	0.000110083 	6.49693e-05 	1
5.3125 	0.000101576 	6.59402e-05 	1
5.375 	8.00237e-05 	8.00237e-05 	0
5.4375 	8.80545e-05 	8.80545e-05 	0
5.5 	9.76916e-05 	9.76916e-05 	0
5.5625 	6.26127e-05 	6.26127e-05 	0
5.625 	6.67541e-05 	6.67541e-05 	0
5.6875 	6.99436e-05 	6.99436e-05 	0
5.75 	9.91728e-05 	9.91728e-05 	0
5.8125 	0.000115654 	8.53702e-05 	1
5.875 	0.000107692 	6.97906e-05 	1
5.9375 	0.00013333 	3.75979e-05 	1
6.0 	0.000124989 	6.97675e-05 	2
6.0625 	0.000110424 	4.06489e-05 	1
6.125 	7.07525e-05 	7.07525e-05 	0
6.1875 	0.00013073 	6.53923e-05 	1
6.25 	6.73445e-05 	6.73445e-05 	0
6.3125 	8.26354e-05 	8.26354e-05 	0
6.375 	9.17598e-05 	9.17598e-05 	0
6.4375 	6.41838e-05 	6.41838e-05 	0
6.5 	5.3625e-05 	5.3625e-05 	0
6.5625 	8.4435e-05 	8.4435e-05 	0
6.625 	8.69845e-05 	8.69845e-05 	0
6.6875 	9.20281e-05 	9.20281e-05 	0
6.75 	0.000109472 	8.13995e-05 	1
6.8125 	8.46989e-05 	8.46989e-05 	0
6.875 	8.76048e-05 	8.76048e-05 	0
6.9375 	8.52513e-05 	8.52513e-05 	0
7.0 	0.000126308 	3.98029e-05 	1
7.0625 	7.48772e-05 	7.48772e-05 	0
7.125 	8.40883e-05 	8.40883e-05 	0
7.1875 	0.00013863 	9.78418e-05 	1
7.25 	6.06348e-05 	6.06348e-05 	0
7.3125 	8.01928e-05 	8.01928e-05 	0
7.375 	7.41916e-05 	7.41916e-05 	0
7.4375 	8.82802e-05 	8.82802e-05 	0
7.5 	9.28713e-05 	9.28713e-05 	0
7.5625 	9.76689e-05 	9.76689e-05 	0
7.625 	0.000100715 	7.34928e-05 	1
7.6875 	0.000119166 	9.90266e-05 	1
7.75 	0.000118972 	3.71151e-05 	1
7.8125 	5.86046e-05 	5.86046e-05 	0
7.875 	8.55397e-05 	8.55397e-05 	0
7.9375 	5.33519e-05 	5.33519e-05 	0
8.0 	0.000102205 	6.44614e-05 	1
8.0625 	0.000108576 	7.3082e-05 	1
8.125 	0.000121872 	7.36253e-05 	1
8.1875 	0.000116394 	6.13465e-05 	1
8.25 	0.00010296 	8.94137e-05 	1
8.3125 	9.72581e-05 	9.72581e-05 	0
8.375 	0.000136889 	4.97801e-05 	1
8.4375 	7.71728e-05 	7.71728e-05 	0
8.5 	5.11104e-05 	5.11104e-05 	0
8.5625 	9.66956e-05 	9.66956e-05 	0
8.625 	0.000140176 	3.7846e-05 	1
8.6875 	5.0629e-05 	5.0629e-05 	0
8.75 	5.95156e-05 	5.95156e-05 	0
8.8125 	8.71473e-05 	8.71473e-05 	0
8.875 	0.000109346 	6.87407e-05 	1
8.9375 	0.000102615 	7.80001e-05 	1
9.0 	7.51273e-05 	7.51273e-05 	0
9.0625 	8.48445e-05 	8.48445e-05 	0
9.125 	9.50259e-05 	9.50259e-05 	0
9.1875 	0.000104631 	8.40179e-05 	1
9.25 	0.000100558 	5.60025e-05 	1
9.3125 	0.000111369 	2.75756e-05 	1
9.375 	0.000118457 	8.82315e-05 	1
9.4375 	8.20546e-05 	8.20546e-05 	0
9.5 	0.000139107 	4.29755e-05 	1
9.5625 	0.000107965 	7.32036e-05 	1
9.625 	6.72441e-05 	6.72441e-05 	0
9.6875 	8.78813e-05 	8.78813e-05 	0
9.75 	0.000114317 	6.71498e-05 	2
9.8125 	0.00010642 	9.63205e-05 	1
9.875 	9.52557e-05 	9.52557e-05 	0
9.9375 	9.54979e-05 	9.54979e-05 	0
10.0 	7.37092e-05 	7.37092e-05 	0
10.0625 	8.36238e-05 	8.36238e-05 	0
10.125 	6.11004e-05 	6.11004e-05 	0
10.1875 	9.72138e-05 	9.72138e-05 	0
10.25 	8.31756e-05 	8.31756e-05 	0
10.3125 	0.000104648 	3.30398e-05 	1
10.375 	8.02982e-05 	8.02982e-05 	0
10.4375 	9.85036e-05 	9.85036e-05 	0
10.5 	5.56548e-05 	5.56548e-05 	0
10.5625 	8.63052e-05 	8.63052e-05 	0
10.625 	0.000109027 	8.20649e-05 	1
10.6875 	0.000122209 	5.76006e-05 	1
10.75 	0.000103705 	3.43339e-05 	1
10.8125 	0.000127305 	5.20916e-05 	1
10.875 	0.000116074 	3.36425e-05 	1
10.9375 	9.18371e-05 	9.18371e-05 	0
11.0 	0.000126736 	9.61825e-05 	1
11.0625 	0.000102833 	3.60009e-05 	1
11.125 	5.40439e-05 	5.40439e-05 	0
11.1875 	8.87127e-05 	8.87127e-05 	0
11.25 	5.69854e-05 	5.69854e-05 	0
11.3125 	8.48244e-05 	8.48244e-05 	0
11.375 	0.000108409 	7.21397e-05 	1
11.4375 	9.42228e-05 	9.42228e-05 	0
11.5 	7.94491e-05 	7.94491e-05 	0
11.5625 	0.000124861 	3.95733e-05 	1
11.625 	0.00015488 	7.3459e-05 	1
11.6875 	0.000113203 	2.90418e-05 	1
11.75 	8.84904e-05 	8.84904e-05 	0
11.8125 	7.9676e-05 	7.9676e-05 	0
11.875 	6.89378e-05 	6.89378e-05 	0
11.9375 	0.000108198 	7.01421e-05 	1
12.0 	9.59561e-05 	9.59561e-05 	0
12.0625 	0.000108027 	3.18605e-05 	1
12.125 	8.45362e-05 	8.45362e-05 	0
12.1875 	7.42813e-05 	7.42813e-05 	0
12.25 	6.45104e-05 	6.45104e-05 	0
12.3125 	8.86247e-05 	8.86247e-05 	0
12.375 	0.000115362 	4.23729e-05 	1
12.4375 	7.18008e-05 	7.18008e-05 	0
12.5 	8.99696e-05 	8.99696e-05 	0
12.5625 	8.38254e-05 	8.38254e-05 	0
12.625 	9.94668e-05 	9.94668e-05 	0
12.6875 	0.000122419 	8.75388e-05 	1
12.75 	5.77847e-05 	5.77847e-05 	0
12.8125 	0.000100498 	9.07903e-05 	1
12.875 	9.40231e-05 	9.40231e-05 	0
12.9375 	9.12627e-05 	9.12627e-05 	0
13.0 	9.62448e-05 	9.62448e-05 	0
13.0625 	9.99593e-05 	9.99593e-05 	0
13.125 	8.36314e-05 	8.36314e-05 	0
13.1875 	0.000117413 	9.29241e-05 	1
13.25 	6.592e-05 	6.592e-05 	0
13.3125 	0.000102209 	6.20948e-05 	1
13.375 	0.000111293 	5.77429e-05 	1
13.4375 	8.18776e-05 	8.18776e-05 	0
13.5 	9.97571e-05 	9.97571e-05 	0
13.5625 	0.000111422 	8.32425e-05 	1
13.625 	0.00015304 	3.87974e-05 	1
13.6875 	7.67291e-05 	7.67291e-05 	0
13.75 	0.000107695 	8.24326e-05 	1
13.8125 	9.7281e-05 	9.7281e-05 	0
13.875 	4.40094e-05 	4.40094e-05 	0
13.9375 	3.97059e-05 	3.97059e-05 	0
14.0 	0.000117115 	5.80781e-05 	1
14.0625 	0.000105967 	8.19012e-05 	1
14.125 	9.39991e-05 	9.39991e-05 	0
14.1875 	7.09872e-05 	7.09872e-05 	0
14.25 	7.84858e-05 	7.84858e-05 	0
14.3125 	0.000117014 	9.1282e-05 	1
14.375 	9.09226e-05 	9.09226e-05 	0
14.4375 	9.49127e-05 	9.49127e-05 	0
14.5 	9.26849e-05 	9.26849e-05 	0
14.5625 	0.000116792 	3.35177e-05 	1
14.625 	0.000115718 	8.22767e-05 	1
14.6875 	0.000111271 	9.24773e-05 	1
14.75 	8.33713e-05 	8.33713e-05 	0
14.8125 	9.30801e-05 	9.30801e-05 	0
14.875 	9.6081e-05 	9.6081e-05 	0
14.9375 	0.000110964 	3.56621e-05 	1
15.0 	8.45209e-05 	8.45209e-05 	0
15.0625 	4.15966e-05 	4.15966e-05 	0
15.125 	5.01723e-05 	5.01723e-05 	0
15.1875 	6.94964e-05 	6.94964e-05 	0
15.25 	8.37782e-05 	8.37782e-05 	0
15.3125 	7.57876e-05 	7.57876e-05 	0
15.375 	7.03659e-05 	7.03659e-05 	0
15.4375 	0.00010487 	9.70052e-05 	1
15.5 	9.80892e-05 	9.80892e-05 	0
15.5625 	0.000100532 	5.20195e-05 	1
15.625 	8.63188e-05 	8.63188e-05 	0
15.6875 	0.000114522 	8.08872e-05 	2
15.75 	7.95275e-05 	7.95275e-05 	0
15.8125 	7.9294e-05 	7.9294e-05 	0
15.875 	0.000109191 	2.44752e-05 	1
15.9375 	0.000104301 	6.42048e-05 	1
16.0 	0.000108827 	7.09238e-05 	1
16.0625 	0.000104691 	6.1754e-05 	2
16.125 	0.000129638 	6.9835e-05 	1
16.1875 	7.61612e-05 	7.61612e-05 	0
16.25 	8.95737e-05 	8.95737e-05 	0
16.3125 	6.14104e-05 	6.14104e-05 	0
16.375 	8.24068e-05 	8.24068e-05 	0
16.4375 	0.000111889 	4.04717e-05 	1
16.5 	0.000149822 	4.08304e-05 	1
16.5625 	8.07193e-05 	8.07193e-05 	0
16.625 	0.00010687 	2.89811e-05 	1
16.6875 	0.000119901 	8.47986e-05 	1
16.75 	0.000121119 	9.45902e-05 	1
16.8125 	6.89188e-05 	6.89188e-05 	0
16.875 	7.732e-05 	7.732e-05 	0
16.9375 	0.000103014 	9.15016e-05 	1
17.0 	0.000120109 	7.31642e-05 	1
17.0625 	0.000101616 	9.42038e-05 	1
17.125 	8.29894e-05 	8.29894e-05 	0
17.1875 	9.63203e-05 	9.63203e-05 	0
17.25 	8.63027e-05 	8.63027e-05 	0
17.3125 	0.000102071 	8.22929e-05 	1
17.375 	0.00011816 	5.36469e-05 	1
17.4375 	0.000121001 	2.93542e-05 	1
17.5 	0.000111485 	2.76935e-05 	1
17.5625 	0.000102586 	9.137e-05 	1
17.625 	0.00010425 	3.58902e-05 	1
17.6875 	0.000123302 	3.87089e-05 	1
17.75 	0.000116328 	9.06722e-05 	1
17.8125 	9.94347e-05 	9.94347e-05 	0
17.875 	5.10101e-05 	5.10101e-05 	0
17.9375 	7.85798e-05 	7.85798e-05 	0
18.0 	0.000100711 	6.07416e-05 	1
18.0625 	0.000138611 	9.65276e-05 	1
18.125 	7.04952e-05 	7.04952e-05 	0
18.1875 	0.000123541 	7.1757e-05 	2
18.25 	9.35876e-05 	9.35876e-05 	0
18.3125 	9.27533e-05 	9.27533e-05 	0
18.375 	0.000106577 	7.0636e-05 	1
18.4375 	0.000140497 	4.76542e-05 	1
18.5 	9.60203e-05 	9.60203e-05 	0
18.5625 	0.000104713 	5.84427e-05 	1
18.625 	0.000130789 	4.30836e-05 	1
18.6875 	0.000106322 	5.13651e-05 	1
18.75 	9.51601e-05 	9.51601e-05 	0
18.8125 	0.000100956 	7.8519e-05 	1
18.875 	0.000101433 	7.78362e-05 	1
18.9375 	7.95287e-05 	7.95287e-05 	0
19.0 	7.95391e-05 	7.95391e-05 	0
19.0625 	9.09937e-05 	9.09937e-05 	0
19.125 	9.3681e-05 	9.3681e-05 	0
19.1875 	0.000101662 	3.63608e-05 	1
19.25 	8.90142e-05 	8.90142e-05 	0
19.3125 	0.000117515 	8.63149e-05 	1
19.375 	9.53742e-05 	9.53742e-05 	0
19.4375 	8.9549e-05 	8.9549e-05 	0
19.5 	0.000106724 	8.95902e-05 	1
19.5625 	9.29852e-05 	9.29852e-05 	0
19.625 	9.70409e-05 	9.70409e-05 	0
19.6875 	0.000102239 	2.59396e-05 	1
19.75 	6.38612e-05 	6.38612e-05 	0
19.8125 	9.15712e-05 	9.15712e-05 	0
19.875 	9.73568e-05 	9.73568e-05 	0
19.9375 	5.96051e-05 	5.96051e-05 	0
20.0 	0.000103058 	8.04834e-05 	1
20.0625 	0.000106893 	4.47768e-05 	1
20.125 	0.000117564 	8.00793e-05 	1
20.1875 	8.87243e-05 	8.87243e-05 	0
20.25 	9.62114e-05 	9.62114e-05 	0
20.3125 	0.00012085 	6.40724e-05 	1
20.375 	0.000124262 	4.23635e-05 	1
20.4375 	0.000134686 	7.38386e-05 	1
20.5 	9.87224e-05 	9.87224e-05 	0
20.5625 	0.000102858 	8.59115e-05 	1
20.625 	8.36578e-05 	8.36578e-05 	0
20.6875 	0.000122307 	3.9186e-05 	1
20.75 	6.88706e-05 	6.88706e-05 	0
20.8125 	7.70962e-05 	7.70962e-05 	0
20.875 	9.36209e-05 	9.36209e-05 	0
20.9375 	0.000112453 	7.10405e-05 	1
21.0 	0.000126981 	7.0302e-05 	1
21.0625 	0.000115337 	3.07994e-05 	1
21.125 	0.000102106 	9.01824e-05 	1
21.1875 	9.79786e-05 	9.79786e-05 	0
21.25 	0.00012071 	8.75355e-05 	1
21.3125 	4.19181e-05 	4.19181e-05 	0
21.375 	0.000120005 	5.48277e-05 	1
21.4375 	9.92396e-05 	9.92396e-05 	0
21.5 	0.000123153 	4.90581e-05 	1
21.5625 	7.4233e-05 	7.4233e-05 	0
21.625 	0.000118126 	6.81372e-05 	1
21.6875 	0.000109728 	8.51583e-05 	1
21.75 	4.01058e-05 	4.01058e-05 	0
21.8125 	0.000109969 	6.79504e-05 	2
21.875 	0.000111415 	9.54841e-05 	1
21.9375 	9.13977e-05 	9.13977e-05 	0
22.0 	7.89983e-05 	7.89983e-05 	0
22.0625 	9.51338e-05 	9.51338e-05 	0
22.125 	9.74687e-05 	9.74687e-05 	0
22.1875 	0.000113295 	4.56008e-05 	1
22.25 	7.78962e-05 	7.78962e-05 	0
22.3125 	0.000113439 	6.9865e-05 	1
22.375 	0.000138041 	5.00144e-05 	1
22.4375 	8.16757e-05 	8.16757e-05 	0
22.5 	8.3394e-05 	8.3394e-05 	0
22.5625 	8.19842e-05 	8.19842e-05 	0
22.625 	8.72255e-05 	8.72255e-05 	0
22.6875 	0.000117765 	9.72888e-05 	1
22.75 	0.000105335 	3.71222e-05 	1
22.8125 	0.000108172 	6.10667e-05 	1
22.875 	0.000102911 	3.98464e-05 	1
22.9375 	9.49608e-05 	9.49608e-05 	0
23.0 	9.28253e-05 	9.28253e-05 	0
23.0625 	9.58096e-05 	9.58096e-05 	0
23.125 	7.38099e-05 	7.38099e-05 	0
23.1875 	0.000107277 	8.1567e-05 	1
23.25 	6.93122e-05 	6.93122e-05 	0
23.3125 	9.67311e-05 	9.67311e-05 	0
23.375 	0.000102516 	5.83068e-05 	1
23.4375 	0.000118786 	9.60595e-05 	1
23.5 	0.000135099 	4.46007e-05 	1
23.5625 	0.000107471 	5.73369e-05 	1
23.625 	8.50179e-05 	8.50179e-05 	0
23.6875 	8.56293e-05 	8.56293e-05 	0
23.75 	7.74309e-05 	7.74309e-05 	0
23.8125 	8.12833e-05 	8.12833e-05 	0
23.875 	7.8715e-05 	7.8715e-05 	0
23.9375 	7.03623e-05 	7.03623e-05 	0
24.0 	0.000120652 	7.18305e-05 	1
24.0625 	9.74188e-05 	9.74188e-05 	0
24.125 	9.22579e-05 	9.22579e-05 	0
24.1875 	0.000102573 	5.94496e-05 	1
24.25 	7.85841e-05 	7.85841e-05 	0
24.3125 	0.000105908 	6.38078e-05 	1
24.375 	9.09032e-05 	9.09032e-05 	0
24.4375 	0.000106465 	3.04155e-05 	1
24.5 	0.000108587 	7.94966e-05 	1
24.5625 	5.47466e-05 	5.47466e-05 	0
24.625 	9.68333e-05 	9.68333e-05 	0
24.6875 	6.87745e-05 	6.87745e-05 	0
24.75 	0.000113152 	9.61391e-05 	1
24.8125 	8.13684e-05 	8.13684e-05 	0
24.875 	8.49924e-05 	8.49924e-05 	0
24.9375 	0.000104679 	8.85828e-05 	1
25.0 	9.7211e-05 	9.7211e-05 	0
25.0625 	8.79843e-05 	8.79843e-05 	0
25.125 	0.000125828 	7.52487e-05 	1
25.1875 	9.89774e-05 	9.89774e-05 	0
25.25 	0.000102554 	5.98836e-05 	1
25.3125 	0.000111493 	7.38465e-05 	1
25.375 	0.000103635 	8.76618e-05 	1
25.4375 	7.25579e-05 	7.25579e-05 	0
25.5 	8.35808e-05 	8.35808e-05 	0
25.5625 	0.000100725 	6.74915e-05 	1
25.625 	8.96714e-05 	8.96714e-05 	0
25.6875 	9.30052e-05 	9.30052e-05 	0
25.75 	9.74968e-05 	9.74968e-05 	0
25.8125 	0.000130555 	7.65032e-05 	1
25.875 	0.000107557 	5.70195e-05 	2
25.9375 	5.55196e-05 	5.55196e-05 	0
26.0 	0.000122348 	7.80299e-05 	2
26.0625 	8.91112e-05 	8.91112e-05 	0
26.125 	0.000125438 	4.2275e-05 	1
26.1875 	9.47759e-05 	9.47759e-05 	0
26.25 	6.7162e-05 	6.7162e-05 	0
26.3125 	0.000105497 	7.26926e-05 	1
26.375 	3.43533e-05 	3.43533e-05 	0
26.4375 	5.37489e-05 	5.37489e-05 	0
26.5 	0.000108691 	8.13341e-05 	1
26.5625 	0.000118009 	9.28132e-05 	1
26.625 	6.72782e-05 	6.72782e-05 	0
26.6875 	0.000102136 	6.2476e-05 	1
26.75 	7.27943e-05 	7.27943e-05 	0
26.8125 	6.8017e-05 	6.8017e-05 	0
26.875 	6.06825e-05 	6.06825e-05 	0
26.9375 	0.000123548 	4.41049e-05 	1
27.0 	9.26657e-05 	9.26657e-05 	0
27.0625 	0.000108496 	5.14526e-05 	1
27.125 	9.87152e-05 	9.87152e-05 	0
27.1875 	5.72429e-05 	5.72429e-05 	0
27.25 	6.66296e-05 	6.66296e-05 	0
27.3125 	8.71536e-05 	8.71536e-05 	0
27.375 	0.000110232 	8.52017e-05 	1
27.4375 	9.85501e-05 	9.85501e-05 	0
27.5 	0.000116865 	7.2977e-05 	2
27.5625 	7.03091e-05 	7.03091e-05 	0
27.625 	0.00011398 	6.66433e-05 	2
27.6875 	5.73868e-05 	5.73868e-05 	0
27.75 	6.28688e-05 	6.28688e-05 	0
27.8125 	7.78597e-05 	7.78597e-05 	0
27.875 	9.60026e-05 	9.60026e-05 	0
27.9375 	6.76482e-05 	6.76482e-05 	0
28.0 	0.000106474 	6.09114e-05 	1
28.0625 	9.7268e-05 	9.7268e-05 	0
28.125 	0.000103926 	7.84832e-05 	1
28.1875 	8.88064e-05 	8.88064e-05 	0
28.25 	8.29417e-05 	8.29417e-05 	0
28.3125 	0.000110366 	5.73196e-05 	1
28.375 	0.00010171 	7.44255e-05 	1
28.4375 	7.27079e-05 	7.27079e-05 	0
28.5 	8.11333e-05 	8.11333e-05 	0
28.5625 	9.6919e-05 	9.6919e-05 	0
28.625 	0.000125315 	8.23007e-05 	1
28.6875 	8.56011e-05 	8.56011e-05 	0
28.75 	7.68813e-05 	7.68813e-05 	0
28.8125 	7.08457e-05 	7.08457e-05 	0
28.875 	8.45445e-05 	8.45445e-05 	0
28.9375 	0.000104076 	6.52576e-05 	1
29.0 	0.000117844 	7.45083e-05 	1
29.0625 	0.000117443 	3.22842e-05 	1
29.125 	6.65677e-05 	6.65677e-05 	0
29.1875 	0.000104407 	6.38004e-05 	1
29.25 	7.43083e-05 	7.43083e-05 	0
29.3125 	0.000121953 	9.08067e-05 	1
29.375 	9.77967e-05 	9.77967e-05 	0
29.4375 	0.000110753 	7.33634e-05 	1
29.5 	0.000112011 	8.18036e-05 	1
29.5625 	0.000130969 	8.93289e-05 	1
29.625 	8.48249e-05 	8.48249e-05 	0
29.6875 	0.000104842 	6.78371e-05 	1
29.75 	0.000122346 	9.21718e-05 	1
29.8125 	9.34442e-05 	9.34442e-05 	0
29.875 	9.82847e-05 	9.82847e-05 	0
29.9375 	0.000113127 	5.47518e-05 	1
30.0 	8.41206e-05 	8.41206e-05 	0
30.0625 	8.38165e-05 	8.38165e-05 	0
30.125 	7.56905e-05 	7.56905e-05 	0
30.1875 	0.000117068 	3.11381e-05 	1
30.25 	9.6121e-05 	9.6121e-05 	0
30.3125 	0.000116463 	7.32187e-05 	2
30.375 	0.000113222 	6.21609e-05 	2
30.4375 	0.000130111 	3.13786e-05 	1
30.5 	7.00531e-05 	7.00531e-05 	0
30.5625 	8.44917e-05 	8.44917e-05 	0
30.625 	9.82007e-05 	9.82007e-05 	0
30.6875 	7.11376e-05 	7.11376e-05 	0
30.75 	0.000111026 	6.10456e-05 	1
30.8125 	8.45282e-05 	8.45282e-05 	0
30.875 	0.000115123 	7.33115e-05 	1
30.9375 	8.32184e-05 	8.32184e-05 	0
31.0 	9.37574e-05 	9.37574e-05 	0
31.0625 	7.68474e-05 	7.68474e-05 	0
31.125 	7.56206e-05 	7.56206e-05 	0
31.1875 	0.000116503 	8.81041e-05 	1
31.25 	9.84156e-05 	9.84156e-05 	0
31.3125 	0.000110658 	4.0019e-05 	1
31.375 	0.000107757 	8.29247e-05 	1
31.4375 	9.98796e-05 	9.98796e-05 	0
31.5 	9.73667e-05 	9.73667e-05 	0
31.5625 	6.31053e-05 	6.31053e-05 	0
31.625 	8.06119e-05 	8.06119e-05 	0
31.6875 	0.000116448 	8.53689e-05 	1
31.75 	6.58441e-05 	6.58441e-05 	0
31.8125 	0.000120003 	2.96044e-05 	1
31.875 	9.07563e-05 	9.07563e-05 	0
31.9375 	0.000130467 	3.89573e-05 	1
32.0 	9.86793e-05 	9.86793e-05 	0
32.0625 	0.000129128 	7.11798e-05 	2
32.125 	5.62854e-05 	5.62854e-05 	0
32.1875 	8.55547e-05 	8.55547e-05 	0
32.25 	8.42117e-05 	8.42117e-05 	0
32.3125 	6.82799e-05 	6.82799e-05 	0
32.375 	0.000111486 	7.67611e-05 	1
32.4375 	0.000121706 	7.46347e-05 	1
32.5 	0.000137137 	4.55431e-05 	1
32.5625 	8.74079e-05 	8.74079e-05 	0
32.625 	8.54369e-05 	8.54369e-05 	0
32.6875 	8.72417e-05 	8.72417e-05 	0
32.75 	0.00013499 	3.74886e-05 	1
32.8125 	0.000111475 	7.86771e-05 	1
32.875 	0.000128695 	7.20285e-05 	1
32.9375 	0.000104364 	9.9429e-05 	1
33.0 	7.74474e-05 	7.74474e-05 	0
33.0625 	9.95795e-05 	9.95795e-05 	0
33.125 	7.57752e-05 	7.57752e-05 	0
33.1875 	0.000116935 	8.68413e-05 	1
33.25 	0.000102143 	3.83446e-05 	1
33.3125 	8.98192e-05 	8.98192e-05 	0
33.375 	9.51894e-05 	9.51894e-05 	0
33.4375 	8.06543e-05 	8.06543e-05 	0
33.5 	8.27263e-05 	8.27263e-05 	0
33.5625 	0.000107148 	4.56927e-05 	1
33.625 	7.84987e-05 	7.84987e-05 	0
33.6875 	8.68906e-05 	8.68906e-05 	0
33.75 	0.000101803 	6.06824e-05 	2
33.8125 	0.000117623 	6.90376e-05 	1
33.875 	0.000112705 	5.1027e-05 	1
33.9375 	9.75682e-05 	9.75682e-05 	0
34.0 	0.000139564 	4.20949e-05 	1
34.0625 	9.79304e-05 	9.79304e-05 	0
34.125 	9.30033e-05 	9.30033e-05 	0
34.1875 	0.000109798 	9.56632e-05 	1
34.25 	0.000106649 	9.04301e-05 	1
34.3125 	0.000115994 	6.2903e-05 	1
34.375 	0.00010008 	4.89954e-05 	1
34.4375 	8.42794e-05 	8.42794e-05 	0
34.5 	0.000108017 	5.09936e-05 	1
34.5625 	9.7073e-05 	9.7073e-05 	0
34.625 	0.000104163 	9.51452e-05 	1
34.6875 	8.78961e-05 	8.78961e-05 	0
34.75 	0.000103625 	6.76402e-05 	1
34.8125 	5.18658e-05 	5.18658e-05 	0
34.875 	0.000108148 	8.5996e-05 	1
34.9375 	0.000157732 	9.26146e-05 	1
35.0 	0.000110679 	6.66636e-05 	1
35.0625 	9.87538e-05 	9.87538e-05 	0
35.125 	0.000107908 	7.80366e-05 	1
35.1875 	0.000101804 	5.58129e-05 	1
35.25 	0.000173127 	5.08152e-05 	1
35.3125 	0.000108876 	7.95235e-05 	1
35.375 	0.000123036 	9.88867e-05 	1
35.4375 	8.96789e-05 	8.96789e-05 	0
35.5 	0.000116346 	3.63286e-05 	1
35.5625 	0.000116565 	7.95209e-05 	1
35.625 	8.95614e-05 	8.95614e-05 	0
35.6875 	0.000125588 	7.9954e-05 	1
35.75 	6.12266e-05 	6.12266e-05 	0
35.8125 	8.57066e-05 	8.57066e-05 	0
35.875 	9.71099e-05 	9.71099e-05 	0
35.9375 	9.66569e-05 	9.66569e-05 	0
36.0 	0.000108175 	5.2314e-05 	1
36.0625 	6.81821e-05 	6.81821e-05 	0
36.125 	8.52626e-05 	8.52626e-05 	0
36.1875 	0.000121611 	8.31854e-05 	1
36.25 	0.00011035 	7.16516e-05 	1
36.3125 	7.71711e-05 	7.71711e-05 	0
36.375 	6.15787e-05 	6.15787e-05 	0
36.4375 	9.18039e-05 	9.18039e-05 	0
36.5 	6.64476e-05 	6.64476e-05 	0
36.5625 	9.76951e-05 	9.76951e-05 	0
36.625 	0.000125848 	3.97771e-05 	1
36.6875 	0.000105141 	8.85839e-05 	1
36.75 	0.000104058 	9.31333e-05 	1
36.8125 	0.000114179 	7.16471e-05 	1
36.875 	0.000110155 	3.00739e-05 	1
36.9375 	9.17439e-05 	9.17439e-05 	0
37.0 	8.7955e-05 	8.7955e-05 	0
37.0625 	0.000126575 	5.70021e-05 	1
37.125 	0.000119244 	7.3208e-05 	2
37.1875 	7.54269e-05 	7.54269e-05 	0
37.25 	0.000147799 	3.09868e-05 	1
37.3125 	9.34816e-05 	9.34816e-05 	0
37.375 	6.25301e-05 	6.25301e-05 	0
37.4375 	0.000117527 	7.29913e-05 	1
37.5 	0.000136056 	8.05015e-05 	1
37.5625 	9.54096e-05 	9.54096e-05 	0
37.625 	0.000129405 	9.41123e-05 	1
37.6875 	7.49169e-05 	7.49169e-05 	0
37.75 	7.66787e-05 	7.66787e-05 	0
37.8125 	8.69122e-05 	8.69122e-05 	0
37.875 	6.75036e-05 	6.75036e-05 	0
37.9375 	0.000129793 	8.48697e-05 	1
38.0 	4.56202e-05 	4.56202e-05 	0
38.0625 	8.83538e-05 	8.83538e-05 	0
38.125 	0.000109987 	9.01839e-05 	1
38.1875 	5.14352e-05 	5.14352e-05 	0
38.25 	9.38299e-05 	9.38299e-05 	0
38.3125 	8.49134e-05 	8.49134e-05 	0
38.375 	6.57056e-05 	6.57056e-05 	0
38.4375 	7.24426e-05 	7.24426e-05 	0
38.5 	0.000108772 	6.56544e-05 	2
38.5625 	0.000109812 	7.67538e-05 	1
38.625 	4.49498e-05 	4.49498e-05 	0
38.6875 	0.000118011 	8.08072e-05 	1
38.75 	9.53381e-05 	9.53381e-05 	0
38.8125 	9.68514e-05 	9.68514e-05 	0
38.875 	6.62084e-05 	6.62084e-05 	0
38.9375 	9.9748e-05 	9.9748e-05 	0
39.0 	9.75349e-05 	9.75349e-05 	0
39.0625 	8.27378e-05 	8.27378e-05 	0
39.125 	0.000118915 	7.09253e-05 	1
39.1875 	9.32071e-05 	9.32071e-05 	0
39.25 	0.000133442 	4.21281e-05 	1
39.3125 	8.76784e-05 	8.76784e-05 	0
39.375 	8.48246e-05 	8.48246e-05 	0
39.4375 	0.000101293 	9.98251e-05 	1
39.5 	8.3461e-05 	8.3461e-05 	0
39.5625 	8.32821e-05 	8.32821e-05 	0
39.625 	0.000117521 	9.17564e-05 	1
39.6875 	8.5409e-05 	8.5409e-05 	0
39.75 	0.000105204 	8.11193e-05 	1
39.8125 	7.51054e-05 	7.51054e-05 	0
39.875 	9.69109e-05 	9.69109e-05 	0
39.9375 	7.50693e-05 	7.50693e-05 	0
40.0 	5.39248e-05 	5.39248e-05 	0
40.0625 	9.49093e-05 	9.49093e-05 	0
40.125 	7.9637e-05 	7.9637e-05 	0
40.1875 	9.23745e-05 	9.23745e-05 	0
40.25 	0.00011296 	5.20731e-05 	1
40.3125 	8.45499e-05 	8.45499e-05 	0
40.375 	0.000117827 	7.11275e-05 	1
40.4375 	0.000109097 	8.06045e-05 	1
40.5 	0.000112643 	7.56555e-05 	1
40.5625 	0.000111783 	7.84197e-05 	1
40.625 	0.000136756 	3.68161e-05 	1
40.6875 	8.6564e-05 	8.6564e-05 	0
40.75 	6.88877e-05 	6.88877e-05 	0
40.8125 	9.52851e-05 	9.52851e-05 	0
40.875 	8.80268e-05 	8.80268e-05 	0
40.9375 	0.000107888 	8.17831e-05 	2
41.0 	0.000103457 	9.17331e-05 	1
41.0625 	0.000105612 	7.3559e-05 	1
41.125 	0.000123362 	7.60763e-05 	2
41.1875 	0.000112194 	9.00615e-05 	1
41.25 	8.83789e-05 	8.83789e-05 	0
41.3125 	8.16873e-05 	8.16873e-05 	0
41.375 	0.000125707 	4.09965e-05 	1
41.4375 	0.000105166 	6.27812e-05 	1
41.5 	8.35739e-05 	8.35739e-05 	0
41.5625 	0.000102959 	8.27404e-05 	1
41.625 	8.50694e-05 	8.50694e-05 	0
41.6875 	8.554e-05 	8.554e-05 	0
41.75 	8.08704e-05 	8.08704e-05 	0
41.8125 	0.000111783 	7.18123e-05 	1
41.875 	0.00014095 	4.57054e-05 	1
41.9375 	0.000110435 	7.16961e-05 	1
42.0 	0.00010576 	3.34738e-05 	1
42.0625 	7.11181e-05 	7.11181e-05 	0
42.125 	6.83892e-05 	6.83892e-05 	0
42.1875 	5.92946e-05 	5.92946e-05 	0
42.25 	0.000105944 	6.17045e-05 	1
42.3125 	7.45511e-05 	7.45511e-05 	0
42.375 	8.25522e-05 	8.25522e-05 	0
42.4375 	0.00012383 	7.80321e-05 	2
42.5 	0.000109517 	8.32115e-05 	1
42.5625 	0.000103361 	5.32886e-05 	1
42.625 	0.000145778 	4.76208e-05 	1
42.6875 	8.48714e-05 	8.48714e-05 	0
42.75 	8.67601e-05 	8.67601e-05 	0
42.8125 	6.20804e-05 	6.20804e-05 	0
42.875 	0.000111304 	5.41553e-05 	1
42.9375 	0.000125045 	5.51466e-05 	1
43.0 	0.000114832 	9.7944e-05 	1
43.0625 	9.31869e-05 	9.31869e-05 	0
43.125 	8.81845e-05 	8.81845e-05 	0
43.1875 	0.000127846 	7.72638e-05 	1
43.25 	0.000109472 	9.82876e-05 	1
43.3125 	7.90906e-05 	7.90906e-05 	0
43.375 	0.000113476 	6.65667e-05 	1
43.4375 	9.88627e-05 	9.88627e-05 	0
43.5 	0.000110929 	2.92769e-05 	1
43.5625 	8.59265e-05 	8.59265e-05 	0
43.625 	9.85269e-05 	9.85269e-05 	0
43.6875 	9.29082e-05 	9.29082e-05 	0
43.75 	8.79734e-05 	8.79734e-05 	0
43.8125 	8.52478e-05 	8.52478e-05 	0
43.875 	0.000103213 	6.50022e-05 	1
43.9375 	0.000113187 	3.336e-05 	1
44.0 	8.74157e-05 	8.74157e-05 	0
44.0625 	8.129e-05 	8.129e-05 	0
44.125 	6.17766e-05 	6.17766e-05 	0
44.1875 	0.000106949 	6.25818e-05 	2
44.25 	0.000118126 	8.05835e-05 	1
44.3125 	0.00012806 	4.09144e-05 	1
44.375 	8.16279e-05 	8.16279e-05 	0
44.4375 	6.87632e-05 	6.87632e-05 	0
44.5 	0.000137846 	5.55793e-05 	1
44.5625 	0.000114863 	6.59061e-05 	1
44.625 	9.26894e-05 	9.26894e-05 	0
44.6875 	0.0001087 	9.30483e-05 	1
44.75 	0.000114826 	9.05537e-05 	1
44.8125 	7.80315e-05 	7.80315e-05 	0
44.875 	0.000135721 	7.39549e-05 	1
44.9375 	5.09245e-05 	5.09245e-05 	0
45.0 	7.95447e-05 	7.95447e-05 	0
45.0625 	0.000107862 	8.31504e-05 	1
45.125 	0.000124178 	9.25662e-05 	1
45.1875 	9.42444e-05 	9.42444e-05 	0
45.25 	0.000157061 	4.22544e-05 	1
45.3125 	9.00506e-05 	9.00506e-05 	0
45.375 	0.000146809 	4.78392e-05 	1
45.4375 	6.16309e-05 	6.16309e-05 	0
45.5 	0.00011348 	5.25333e-05 	1
45.5625 	0.000117888 	6.3822e-05 	1
45.625 	9.47474e-05 	9.47474e-05 	0
45.6875 	6.20571e-05 	6.20571e-05 	0
45.75 	0.000112868 	3.99762e-05 	1
45.8125 	7.61073e-05 	7.61073e-05 	0
45.875 	8.42843e-05 	8.42843e-05 	0
45.9375 	0.000100378 	5.81685e-05 	1
46.0 	8.95522e-05 	8.95522e-05 	0
46.0625 	0.000115745 	7.69705e-05 	1
46.125 	0.000132732 	4.65897e-05 	1
46.1875 	9.19668e-05 	9.19668e-05 	0
46.25 	0.000102127 	2.5876e-05 	1
46.3125 	9.69319e-05 	9.69319e-05 	0
46.375 	6.21996e-05 	6.21996e-05 	0
46.4375 	9.96373e-05 	9.96373e-05 	0
46.5 	0.000105013 	6.65314e-05 	1
46.5625 	0.00013825 	7.62769e-05 	1
46.625 	8.02622e-05 	8.02622e-05 	0
46.6875 	0.000110703 	6.02965e-05 	1
46.75 	0.000119847 	9.24816e-05 	1
46.8125 	0.000107457 	8.01865e-05 	1
46.875 	0.000109633 	8.1759e-05 	1
46.9375 	6.91865e-05 	6.91865e-05 	0
47.0 	0.000146993 	3.98654e-05 	1
47.0625 	9.39715e-05 	9.39715e-05 	0
47.125 	0.000108726 	7.94387e-05 	1
47.1875 	0.000116482 	7.56484e-05 	1
47.25 	0.000125178 	5.07797e-05 	1
47.3125 	9.23595e-05 	9.23595e-05 	0
47.375 	0.00011568 	9.82593e-05 	1
47.4375 	7.50633e-05 	7.50633e-05 	0
47.5 	0.000117915 	8.17489e-05 	1
47.5625 	0.00011858 	8.87659e-05 	1
47.625 	0.000102878 	5.89955e-05 	1
47.6875 	7.41773e-05 	7.41773e-05 	0
47.75 	9.34568e-05 	9.34568e-05 	0
47.8125 	9.60139e-05 	9.60139e-05 	0
47.875 	5.52913e-05 	5.52913e-05 	0
47.9375 	7.56808e-05 	7.56808e-05 	0
48.0 	9.79727e-05 	9.79727e-05 	0
48.0625 	0.000123549 	7.52003e-05 	1
48.125 	9.08572e-05 	9.08572e-05 	0
48.1875 	0.000139058 	3.98056e-05 	1
48.25 	0.000104454 	5.06896e-05 	1
48.3125 	9.13143e-05 	9.13143e-05 	0
48.375 	6.92492e-05 	6.92492e-05 	0
48.4375 	8.44223e-05 	8.44223e-05 	0
48.5 	0.000122839 	2.68411e-05 	1
48.5625 	0.000108678 	3.21379e-05 	1
48.625 	8.39894e-05 	8.39894e-05 	0
48.6875 	9.00522e-05 	9.00522e-05 	0
48.75 	0.000111419 	6.38007e-05 	1
48.8125 	9.70993e-05 	9.70993e-05 	0
48.875 	0.000149601 	4.0147e-05 	1
48.9375 	8.30381e-05 	8.30381e-05 	0
49.0 	8.64501e-05 	8.64501e-05 	0
49.0625 	0.000123079 	3.22125e-05 	1
49.125 	0.000101345 	3.84535e-05 	1
49.1875 	7.79048e-05 	7.79048e-05 	0
49.25 	8.30789e-05 	8.30789e-05 	0
49.3125 	9.30336e-05 	9.30336e-05 	0
49.375 	8.26353e-05 	8.26353e-05 	0
49.4375 	8.67042e-05 	8.67042e-05 	0
49.5 	0.000117047 	8.75739e-05 	1
49.5625 	5.23524e-05 	5.23524e-05 	0
49.625 	0.000107637 	3.5267e-05 	1
49.6875 	0.000100039 	7.46124e-05 	1
49.75 	0.000102542 	6.8426e-05 	1
49.8125 	4.73341e-05 	4.73341e-05 	0
49.875 	8.92953e-05 	8.92953e-05 	0
49.9375 	8.96145e-05 	8.96145e-05 	0
50.0 	0.000100957 	5.02805e-05 	1
50.0625 	0.000106893 	9.99656e-05 	1
50.125 	8.19116e-05 	8.19116e-05 	0
50.1875 	8.8573e-05 	8.8573e-05 	0
50.25 	9.2516e-05 	9.2516e-05 	0
50.3125 	6.90803e-05 	6.90803e-05 	0
50.375 	0.00013128 	3.11095e-05 	1
50.4375 	9.11595e-05 	9.11595e-05 	0
50.5 	9.90515e-05 	9.90515e-05 	0
50.5625 	9.17745e-05 	9.17745e-05 	0
50.625 	8.53595e-05 	8.53595e-05 	0
50.6875 	9.25671e-05 	9.25671e-05 	0
50.75 	0.000100348 	6.94237e-05 	1
50.8125 	0.000149218 	8.70517e-05 	1
50.875 	5.69949e-05 	5.69949e-05 	0
50.9375 	0.000115057 	7.305e-05 	1
51.0 	9.95988e-05 	9.95988e-05 	0
51.0625 	0.000117725 	8.37214e-05 	1
51.125 	8.83913e-05 	8.83913e-05 	0
51.1875 	0.000111486 	6.78811e-05 	1
51.25 	4.63037e-05 	4.63037e-05 	0
51.3125 	0.00012262 	8.84785e-05 	1
51.375 	0.000104599 	8.03837e-05 	1
51.4375 	0.000106775 	9.94546e-05 	1
51.5 	7.19891e-05 	7.19891e-05 	0
51.5625 	0.000120076 	8.80838e-05 	1
51.625 	7.26978e-05 	7.26978e-05 	0
51.6875 	0.000121837 	8.77515e-05 	1
51.75 	0.000119166 	6.79881e-05 	1
51.8125 	7.86239e-05 	7.86239e-05 	0
51.875 	7.99887e-05 	7.99887e-05 	0
51.9375 	9.07477e-05 	9.07477e-05 	0
52.0 	6.81368e-05 	6.81368e-05 	0
52.0625 	6.964e-05 	6.964e-05 	0
52.125 	5.7817e-05 	5.7817e-05 	0
52.1875 	0.000111504 	6.83694e-05 	1
52.25 	0.000105247 	5.72495e-05 	1
52.3125 	0.00012178 	8.56631e-05 	1
52.375 	0.000117207 	2.7795e-05 	1
52.4375 	0.000110589 	8.60434e-05 	1
52.5 	6.5832e-05 	6.5832e-05 	0
52.5625 	0.000127428 	9.70235e-05 	1
52.625 	7.35302e-05 	7.35302e-05 	0
52.6875 	9.02969e-05 	9.02969e-05 	0
52.75 	8.48671e-05 	8.48671e-05 	0
52.8125 	8.43904e-05 	8.43904e-05 	0
52.875 	9.04823e-05 	9.04823e-05 	0
52.9375 	0.000116902 	4.75036e-05 	1
53.0 	9.88664e-05 	9.88664e-05 	0
53.0625 	8.09013e-05 	8.09013e-05 	0
53.125 	6.85923e-05 	6.85923e-05 	0
53.1875 	8.89112e-05 	8.89112e-05 	0
53.25 	5.47904e-05 	5.47904e-05 	0
53.3125 	5.51719e-05 	5.51719e-05 	0
53.375 	0.000115826 	8.89489e-05 	1
53.4375 	0.000133847 	3.84436e-05 	1
53.5 	9.68772e-05 	9.68772e-05 	0
53.5625 	7.76126e-05 	7.76126e-05 	0
53.625 	0.000107658 	5.21864e-05 	1
53.6875 	0.000100031 	6.95168e-05 	1
53.75 	8.02854e-05 	8.02854e-05 	0
53.8125 	9.62139e-05 	9.62139e-05 	0
53.875 	7.30893e-05 	7.30893e-05 	0
53.9375 	5.76357e-05 	5.76357e-05 	0
54.0 	0.000109792 	5.91783e-05 	1
54.0625 	0.000133931 	7.794e-05 	1
54.125 	8.70151e-05 	8.70151e-05 	0
54.1875 	8.30062e-05 	8.30062e-05 	0
54.25 	8.10606e-05 	8.10606e-05 	0
54.3125 	0.000129215 	7.5493e-05 	2
54.375 	0.000113776 	6.78298e-05 	1
54.4375 	6.81604e-05 	6.81604e-05 	0
54.5 	7.93911e-05 	7.93911e-05 	0
54.5625 	0.000106669 	5.83533e-05 	1
54.625 	9.77909e-05 	9.77909e-05 	0
54.6875 	9.12769e-05 	9.12769e-05 	0
54.75 	6.27944e-05 	6.27944e-05 	0
54.8125 	9.19063e-05 	9.19063e-05 	0
54.875 	0.000127247 	3.94834e-05 	1
54.9375 	4.89606e-05 	4.89606e-05 	0
55.0 	0.000106104 	5.03493e-05 	1
55.0625 	9.47182e-05 	9.47182e-05 	0
55.125 	8.97531e-05 	8.97531e-05 	0
55.1875 	7.66552e-05 	7.66552e-05 	0
55.25 	9.55458e-05 	9.55458e-05 	0
55.3125 	0.000107791 	7.46249e-05 	1
55.375 	9.0474e-05 	9.0474e-05 	0
55.4375 	0.000127696 	7.29123e-05 	1
55.5 	0.000115326 	7.39621e-05 	1
55.5625 	0.000131427 	3.77904e-05 	1
55.625 	8.29631e-05 	8.29631e-05 	0
55.6875 	0.000101416 	4.80109e-05 	1
55.75 	9.15228e-05 	9.15228e-05 	0
55.8125 	0.00011405 	7.2531e-05 	1
55.875 	0.000105862 	7.52443e-05 	1
55.9375 	8.14079e-05 	8.14079e-05 	0
56.0 	0.000139687 	5.14866e-05 	1
56.0625 	8.22905e-05 	8.22905e-05 	0
56.125 	0.000130802 	9.17223e-05 	1
56.1875 	0.000102331 	7.63178e-05 	1
56.25 	9.10076e-05 	9.10076e-05 	0
56.3125 	8.83646e-05 	8.83646e-05 	0
56.375 	9.78913e-05 	9.78913e-05 	0
56.4375 	9.6967e-05 	9.6967e-05 	0
56.5 	9.9283e-05 	9.9283e-05 	0
56.5625 	9.42812e-05 	9.42812e-05 	0
56.625 	8.70211e-05 	8.70211e-05 	0
56.6875 	9.0314e-05 	9.0314e-05 	0
56.75 	9.71286e-05 	9.71286e-05 	0
56.8125 	8.68101e-05 	8.68101e-05 	0
56.875 	6.9149e-05 	6.9149e-05 	0
56.9375 	8.92745e-05 	8.92745e-05 	0
57.0 	8.50862e-05 	8.50862e-05 	0
57.0625 	0.000107291 	8.34664e-05 	1
57.125 	0.000108142 	6.49438e-05 	1
57.1875 	7.45117e-05 	7.45117e-05 	0
57.25 	9.83943e-05 	9.83943e-05 	0
57.3125 	8.65398e-05 	8.65398e-05 	0
57.375 	0.000104867 	9.38571e-05 	1
57.4375 	0.000105237 	8.47735e-05 	1
57.5 	7.12565e-05 	7.12565e-05 	0
57.5625 	9.18938e-05 	9.18938e-05 	0
57.625 	0.000115165 	4.78661e-05 	1
57.6875 	0.00011624 	7.45601e-05 	1
57.75 	0.000139241 	9.3538e-05 	1
57.8125 	0.000112321 	5.52029e-05 	1
57.875 	7.8183e-05 	7.8183e-05 	0
57.9375 	8.7269e-05 	8.7269e-05 	0
58.0 	9.91454e-05 	9.91454e-05 	0
58.0625 	9.52445e-05 	9.52445e-05 	0
58.125 	8.23601e-05 	8.23601e-05 	0
58.1875 	0.000116734 	5.626e-05 	1
58.25 	4.58789e-05 	4.58789e-05 	0
58.3125 	8.65503e-05 	8.65503e-05 	0
58.375 	8.70968e-05 	8.70968e-05 	0
58.4375 	9.83501e-05 	9.83501e-05 	0
58.5 	0.000121026 	8.74604e-05 	1
58.5625 	0.000106818 	6.63726e-05 	1
58.625 	0.000108781 	2.8754e-05 	1
58.6875 	9.73322e-05 	9.73322e-05 	0
58.75 	7.3981e-05 	7.3981e-05 	0
58.8125 	0.00012291 	4.30843e-05 	1
58.875 	0.000103696 	8.93982e-05 	1
58.9375 	6.08215e-05 	6.08215e-05 	0
59.0 	0.000106955 	5.92545e-05 	1
59.0625 	0.000126375 	4.01056e-05 	1
59.125 	0.000110252 	6.64708e-05 	1
59.1875 	7.14593e-05 	7.14593e-05 	0
59.25 	0.000146948 	6.9548e-05 	2
59.3125 	0.000110947 	9.7086e-05 	1
59.375 	8.33718e-05 	8.33718e-05 	0
59.4375 	8.59853e-05 	8.59853e-05 	0
59.5 	0.000101387 	3.23663e-05 	1
59.5625 	9.05461e-05 	9.05461e-05 	0
59.625 	6.27808e-05 	6.27808e-05 	0
59.6875 	0.0001132 	6.819e-05 	1
59.75 	5.2497e-05 	5.2497e-05 	0
59.8125 	0.000122967 	5.05452e-05 	1
59.875 	8.51569e-05 	8.51569e-05 	0
59.9375 	8.21e-05 	8.21e-05 	0
60.0 	9.14958e-05 	9.14958e-05 	0
60.0625 	0.000104862 	8.46006e-05 	1
60.125 	0.000103193 	8.20287e-05 	1
60.1875 	0.000100214 	5.106e-05 	1
60.25 	6.07341e-05 	6.07341e-05 	0
60.3125 	0.000101771 	7.49602e-05 	1
60.375 	0.000105792 	6.97041e-05 	1
60.4375 	7.94731e-05 	7.94731e-05 	0
60.5 	9.34254e-05 	9.34254e-05 	0
60.5625 	0.000106251 	3.71579e-05 	1
60.625 	0.000107272 	7.74913e-05 	1
60.6875 	8.43981e-05 	8.43981e-05 	0
60.75 	7.7136e-05 	7.7136e-05 	0
60.8125 	9.91459e-05 	9.91459e-05 	0
60.875 	9.87319e-05 	9.87319e-05 	0
60.9375 	9.56755e-05 	9.56755e-05 	0
61.0 	9.25622e-05 	9.25622e-05 	0
61.0625 	0.000104522 	6.97481e-05 	1
61.125 	9.96296e-05 	9.96296e-05 	0
61.1875 	9.51742e-05 	9.51742e-05 	0
61.25 	0.000121863 	7.09861e-05 	1
61.3125 	8.14709e-05 	8.14709e-05 	0
61.375 	9.93182e-05 	9.93182e-05 	0
61.4375 	8.62024e-05 	8.62024e-05 	0
61.5 	0.000120561 	4.92756e-05 	1
61.5625 	0.000134382 	3.90115e-05 	1
61.625 	9.14086e-05 	9.14086e-05 	0
61.6875 	8.19474e-05 	8.19474e-05 	0
61.75 	8.71281e-05 	8.71281e-05 	0
61.8125 	0.000117181 	9.16904e-05 	1
61.875 	0.000127299 	4.0283e-05 	1
61.9375 	9.18724e-05 	9.18724e-05 	0
62.0 	9.67287e-05 	9.67287e-05 	0
62.0625 	5.65716e-05 	5.65716e-05 	0
62.125 	9.82034e-05 	9.82034e-05 	0
62.1875 	6.68485e-05 	6.68485e-05 	0
62.25 	8.51189e-05 	8.51189e-05 	0
62.3125 	8.60916e-05 	8.60916e-05 	0
62.375 	6.84403e-05 	6.84403e-05 	0
62.4375 	8.90637e-05 	8.90637e-05 	0
62.5 	0.000116938 	9.44271e-05 	1
62.5625 	8.63928e-05 	8.63928e-05 	0
62.625 	7.55662e-05 	7.55662e-05 	0
62.6875 	0.000115052 	4.3473e-05 	1
62.75 	5.74005e-05 	5.74005e-05 	0
62.8125 	0.000114034 	4.74276e-05 	1
62.875 	9.62772e-05 	9.62772e-05 	0
62.9375 	0.00011222 	9.76663e-05 	1
63.0 	7.18064e-05 	7.18064e-05 	0
63.0625 	7.56151e-05 	7.56151e-05 	0
63.125 	0.000113705 	6.22479e-05 	1
63.1875 	8.71973e-05 	8.71973e-05 	0
63.25 	9.91964e-05 	9.91964e-05 	0
63.3125 	0.00010978 	2.93809e-05 	1
63.375 	9.22257e-05 	9.22257e-05 	0
63.4375 	0.000109223 	6.6163e-05 	1
63.5 	9.09727e-05 	9.09727e-05 	0
63.5625 	0.000106003 	6.25362e-05 	1
63.625 	8.59493e-05 	8.59493e-05 	0
63.6875 	7.25348e-05 	7.25348e-05 	0
63.75 	9.35658e-05 	9.35658e-05 	0
63.8125 	9.15124e-05 	9.15124e-05 	0
63.875 	0.000108553 	8.34499e-05 	1
63.9375 	8.74438e-05 	8.74438e-05 	0
64.0 	0.000102131 	6.65336e-05 	2
64.0625 	0.000128416 	5.08165e-05 	1
64.125 	9.4486e-05 	9.4486e-05 	0
64.1875 	0.00013306 	3.73394e-05 	1
64.25 	0.00012479 	8.41251e-05 	1
64.3125 	9.54928e-05 	9.54928e-05 	0
64.375 	0.000106928 	4.62682e-05 	1
64.4375 	0.000104592 	6.39964e-05 	1
64.5 	8.40327e-05 	8.40327e-05 	0
64.5625 	7.89203e-05 	7.89203e-05 	0
64.625 	8.15816e-05 	8.15816e-05 	0
64.6875 	6.65309e-05 	6.65309e-05 	0
64.75 	5.55889e-05 	5.55889e-05 	0
64.8125 	6.54793e-05 	6.54793e-05 	0
64.875 	0.000124929 	7.23355e-05 	2
64.9375 	0.000112286 	3.6521e-05 	1
65.0 	0.00012768 	4.2254e-05 	1
65.0625 	9.29466e-05 	9.29466e-05 	0
65.125 	0.000109043 	3.16912e-05 	1
65.1875 	0.000121961 	5.41364e-05 	1
65.25 	0.000106303 	6.16047e-05 	1
65.3125 	7.14313e-05 	7.14313e-05 	0
65.375 	9.30826e-05 	9.30826e-05 	0
65.4375 	0.00012726 	5.69507e-05 	1
65.5 	8.64694e-05 	8.64694e-05 	0
65.5625 	7.92409e-05 	7.92409e-05 	0
65.625 	8.74321e-05 	8.74321e-05 	0
65.6875 	9.2663e-05 	9.2663e-05 	0
65.75 	0.000111918 	5.69656e-05 	1
65.8125 	8.57679e-05 	8.57679e-05 	0
65.875 	0.000105965 	8.19339e-05 	1
65.9375 	6.62246e-05 	6.62246e-05 	0
66.0 	9.72645e-05 	9.72645e-05 	0
66.0625 	0.000107288 	6.65858e-05 	1
66.125 	9.23342e-05 	9.23342e-05 	0
66.1875 	9.50268e-05 	9.50268e-05 	0
66.25 	0.000109761 	7.24465e-05 	1
66.3125 	9.75018e-05 	9.75018e-05 	0
66.375 	0.000101893 	6.74997e-05 	1
66.4375 	7.85147e-05 	7.85147e-05 	0
66.5 	7.97172e-05 	7.97172e-05 	0
66.5625 	0.000124214 	4.20635e-05 	1
66.625 	9.4325e-05 	9.4325e-05 	0
66.6875 	5.91337e-05 	5.91337e-05 	0
66.75 	0.000112272 	5.72345e-05 	1
66.8125 	8.46794e-05 	8.46794e-05 	0
66.875 	9.94861e-05 	9.94861e-05 	0
66.9375 	0.000115059 	5.50669e-05 	1
67.0 	0.000153742 	4.73509e-05 	1
67.0625 	5.91415e-05 	5.91415e-05 	0
67.125 	7.14242e-05 	7.14242e-05 	0
67.1875 	8.95844e-05 	8.95844e-05 	0
67.25 	0.000112685 	4.23692e-05 	1
67.3125 	8.4827e-05 	8.4827e-05 	0
67.375 	0.000118636 	3.71823e-05 	1
67.4375 	7.75915e-05 	7.75915e-05 	0
67.5 	0.000122795 	3.4273e-05 	1
67.5625 	0.000150323 	3.97633e-05 	1
67.625 	0.000110175 	4.86863e-05 	1
67.6875 	7.68087e-05 	7.68087e-05 	0
67.75 	4.99021e-05 	4.99021e-05 	0
67.8125 	8.96718e-05 	8.96718e-05 	0
67.875 	0.000119299 	5.82946e-05 	1
67.9375 	0.00013127 	9.1973e-05 	1
68.0 	0.000101318 	8.95132e-05 	1
68.0625 	0.000101273 	8.82008e-05 	1
68.125 	9.53223e-05 	9.53223e-05 	0
68.1875 	0.000119567 	8.62601e-05 	1
68.25 	6.50297e-05 	6.50297e-05 	0
68.3125 	0.000110395 	9.70542e-05 	1
68.375 	8.57349e-05 	8.57349e-05 	0
68.4375 	8.67142e-05 	8.67142e-05 	0
68.5 	0.000108092 	2.43829e-05 	1
68.5625 	8.97986e-05 	8.97986e-05 	0
68.625 	0.000111368 	7.03531e-05 	1
68.6875 	0.00011742 	9.35972e-05 	1
68.75 	7.54359e-05 	7.54359e-05 	0
68.8125 	8.60761e-05 	8.60761e-05 	0
68.875 	8.97151e-05 	8.97151e-05 	0
68.9375 	0.000151058 	7.53447e-05 	1
69.0 	0.000119236 	8.96693e-05 	1
69.0625 	5.65779e-05 	5.65779e-05 	0
69.125 	9.46754e-05 	9.46754e-05 	0
69.1875 	0.000109245 	4.37775e-05 	1
69.25 	8.2517e-05 	8.2517e-05 	0
69.3125 	0.000123647 	7.74653e-05 	1
69.375 	0.000102199 	9.24164e-05 	1
69.4375 	0.000116244 	5.38542e-05 	1
69.5 	9.76717e-05 	9.76717e-05 	0
69.5625 	0.000114645 	9.11844e-05 	1
69.625 	0.000120291 	7.55389e-05 	1
69.6875 	5.64471e-05 	5.64471e-05 	0
69.75 	0.000102459 	7.34047e-05 	1
69.8125 	9.51019e-05 	9.51019e-05 	0
69.875 	0.000103648 	5.88471e-05 	1
69.9375 	7.63723e-05 	7.63723e-05 	0
70.0 	7.12999e-05 	7.12999e-05 	0
