# time 	Initial 	Final 	Iterations
0.333274 	9.77248e-05 	9.77248e-05 	0
0.392346 	6.9002e-05 	6.9002e-05 	0
0.579973 	0.000111868 	2.79804e-05 	1
0.642226 	0.000124836 	8.32076e-05 	1
0.70448 	8.2982e-05 	8.2982e-05 	0
0.766734 	0.000112361 	4.64489e-05 	1
0.828988 	0.000106751 	5.16651e-05 	1
0.953496 	0.000114856 	7.1926e-05 	1
1.01575 	0.000131648 	6.56756e-05 	1
1.078 	0.000103807 	7.58321e-05 	1
1.20251 	5.21154e-05 	5.21154e-05 	0
1.26477 	0.000104493 	8.38526e-05 	1
1.38927 	0.000117975 	4.10726e-05 	1
1.45153 	0.000131254 	5.34987e-05 	1
1.51378 	6.86675e-05 	6.86675e-05 	0
1.57604 	0.000105722 	7.50634e-05 	1
1.63829 	5.7368e-05 	5.7368e-05 	0
1.70054 	5.74732e-05 	5.74732e-05 	0
1.7628 	0.000148986 	4.05996e-05 	1
1.8873 	0.000109071 	7.29562e-05 	2
1.94956 	0.000112149 	3.71267e-05 	1
2.01181 	0.000140631 	7.40173e-05 	1
2.07407 	0.000114629 	9.46345e-05 	1
2.13632 	0.000117502 	9.23812e-05 	1
2.19857 	9.63833e-05 	9.63833e-05 	0
2.26083 	0.00010932 	3.8598e-05 	1
2.32308 	7.24981e-05 	7.24981e-05 	0
2.38534 	0.000107362 	6.31518e-05 	1
2.44759 	0.000115184 	5.22405e-05 	1
2.50984 	0.000114579 	9.9609e-05 	1
2.63435 	9.71716e-05 	9.71716e-05 	0
2.69661 	8.68791e-05 	8.68791e-05 	0
2.75886 	4.60157e-05 	4.60157e-05 	0
2.82111 	0.000148409 	5.58628e-05 	1
2.88337 	0.000141738 	5.73722e-05 	1
2.94562 	5.13819e-05 	5.13819e-05 	0
3.00787 	9.06979e-05 	9.06979e-05 	0
3.07013 	0.000109505 	8.17344e-05 	1
3.13238 	8.81902e-05 	8.81902e-05 	0
3.19464 	6.45972e-05 	6.45972e-05 	0
3.25689 	8.3899e-05 	8.3899e-05 	0
3.31914 	0.000101041 	6.25774e-05 	1
3.3814 	8.70874e-05 	8.70874e-05 	0
3.44365 	9.14809e-05 	9.14809e-05 	0
3.50591 	0.000118079 	4.87333e-05 	1
3.56816 	0.000135204 	7.52798e-05 	2
3.69267 	0.00012002 	9.04197e-05 	1
3.75492 	9.24633e-05 	9.24633e-05 	0
3.81718 	8.19054e-05 	8.19054e-05 	0
3.87943 	9.99238e-05 	9.99238e-05 	0
4.00394 	8.70158e-05 	8.70158e-05 	0
4.06619 	6.85753e-05 	6.85753e-05 	0
4.12845 	8.56183e-05 	8.56183e-05 	0
4.1907 	0.000117976 	3.21646e-05 	1
4.25295 	0.000106603 	8.12583e-05 	1
4.31521 	7.72812e-05 	7.72812e-05 	0
4.37746 	9.31519e-05 	9.31519e-05 	0
4.50197 	0.000103647 	8.37966e-05 	1
4.56422 	0.000133619 	8.02594e-05 	1
4.62648 	8.01325e-05 	8.01325e-05 	0
4.68873 	0.000107903 	5.14835e-05 	1
4.75098 	0.000134213 	3.95217e-05 	1
4.81324 	0.000110877 	5.35256e-05 	1
4.87549 	0.000115047 	3.64135e-05 	1
4.93775 	7.51438e-05 	7.51438e-05 	0
5.0 	0.000105114 	5.0554e-05 	1
5.0625 	0.000106949 	7.54035e-05 	1
5.125 	0.000121079 	6.48917e-05 	1
5.25 	9.96046e-05 	9.96046e-05 	0
5.3125 	0.000100811 	7.44711e-05 	1
5.375 	0.000104507 	9.00313e-05 	1
5.4375 	8.22964e-05 	8.22964e-05 	0
5.5 	9.51522e-05 	9.51522e-05 	0
5.5625 	6.5713e-05 	6.5713e-05 	0
5.625 	9.19614e-05 	9.19614e-05 	0
5.6875 	0.000118011 	7.36107e-05 	1
5.75 	0.000107121 	8.68457e-05 	1
5.8125 	7.44843e-05 	7.44843e-05 	0
5.875 	8.19118e-05 	8.19118e-05 	0
5.9375 	3.52722e-05 	3.52722e-05 	0
6.0 	7.48371e-05 	7.48371e-05 	0
6.125 	0.000117086 	3.95836e-05 	1
6.1875 	0.000120586 	4.20424e-05 	1
6.25 	8.93697e-05 	8.93697e-05 	0
6.3125 	0.000103555 	5.86921e-05 	1
6.375 	8.84217e-05 	8.84217e-05 	0
6.4375 	0.000111993 	5.11679e-05 	1
6.625 	0.000136315 	5.59761e-05 	1
6.6875 	9.91365e-05 	9.91365e-05 	0
6.75 	7.85431e-05 	7.85431e-05 	0
6.8125 	0.000114688 	7.5829e-05 	1
6.9375 	0.000146797 	4.14634e-05 	1
7.0 	8.49417e-05 	8.49417e-05 	0
7.0625 	8.26282e-05 	8.26282e-05 	0
7.125 	9.65519e-05 	9.65519e-05 	0
7.1875 	0.000107971 	7.4308e-05 	1
7.25 	9.04459e-05 	9.04459e-05 	0
7.4375 	0.000110218 	6.04746e-05 	1
7.5625 	0.000100291 	2.74122e-05 	1
7.625 	0.000124786 	8.36485e-05 	1
7.6875 	0.000119301 	7.48397e-05 	1
7.75 	3.81399e-05 	3.81399e-05 	0
7.8125 	9.92379e-05 	9.92379e-05 	0
7.875 	0.000106849 	5.0275e-05 	1
7.9375 	0.000123251 	8.7258e-05 	1
8.0 	8.6099e-05 	8.6099e-05 	0
8.0625 	0.000135561 	7.30163e-05 	2
8.125 	7.11526e-05 	7.11526e-05 	0
8.1875 	7.13579e-05 	7.13579e-05 	0
8.25 	9.76362e-05 	9.76362e-05 	0
8.3125 	8.30467e-05 	8.30467e-05 	0
8.375 	0.000135326 	4.22906e-05 	1
8.4375 	0.000109232 	9.75925e-05 	1
8.5 	8.08447e-05 	8.08447e-05 	0
8.5625 	9.98826e-05 	9.98826e-05 	0
8.625 	0.00011766 	7.06272e-05 	2
8.8125 	0.000107136 	5.2724e-05 	1
8.875 	0.000124242 	3.71832e-05 	1
8.9375 	0.000104255 	5.42034e-05 	1
9.0 	0.000110355 	6.60233e-05 	1
9.0625 	0.000108959 	3.49715e-05 	1
9.125 	0.000160808 	5.02372e-05 	1
9.1875 	8.55719e-05 	8.55719e-05 	0
9.25 	0.000103973 	8.66661e-05 	1
9.3125 	9.11819e-05 	9.11819e-05 	0
9.375 	0.000103592 	2.47513e-05 	1
9.4375 	0.000116523 	3.42571e-05 	1
9.5625 	0.000105483 	3.21484e-05 	1
9.625 	8.1732e-05 	8.1732e-05 	0
9.6875 	5.13001e-05 	5.13001e-05 	0
9.75 	0.000108047 	3.20349e-05 	1
9.8125 	7.6021e-05 	7.6021e-05 	0
9.875 	7.24061e-05 	7.24061e-05 	0
9.9375 	5.83553e-05 	5.83553e-05 	0
10.0 	0.000109207 	6.20756e-05 	1
10.0625 	0.000100506 	6.14034e-05 	1
10.125 	0.000115009 	7.3568e-05 	2
10.1875 	9.00684e-05 	9.00684e-05 	0
10.25 	8.8727e-05 	8.8727e-05 	0
10.3125 	9.53728e-05 	9.53728e-05 	0
10.375 	7.7727e-05 	7.7727e-05 	0
10.5 	8.76502e-05 	8.76502e-05 	0
10.5625 	0.000108031 	7.00766e-05 	1
10.625 	0.000124747 	8.66527e-05 	1
10.6875 	8.45352e-05 	8.45352e-05 	0
10.75 	0.000116852 	4.034e-05 	1
10.8125 	7.18635e-05 	7.18635e-05 	0
10.875 	9.61167e-05 	9.61167e-05 	0
10.9375 	7.83691e-05 	7.83691e-05 	0
11.0 	5.83227e-05 	5.83227e-05 	0
11.0625 	8.65993e-05 	8.65993e-05 	0
11.125 	0.000102276 	3.02429e-05 	1
11.1875 	0.000107215 	7.8664e-05 	1
11.25 	6.81876e-05 	6.81876e-05 	0
11.3125 	6.32582e-05 	6.32582e-05 	0
11.375 	0.000127921 	7.9543e-05 	1
11.4375 	9.57753e-05 	9.57753e-05 	0
11.5 	9.63907e-05 	9.63907e-05 	0
11.5625 	0.000134138 	6.40577e-05 	1
11.625 	8.99892e-05 	8.99892e-05 	0
11.6875 	0.000106299 	8.38974e-05 	1
11.75 	8.23868e-05 	8.23868e-05 	0
11.8125 	5.81771e-05 	5.81771e-05 	0
11.875 	8.74179e-05 	8.74179e-05 	0
11.9375 	0.00010554 	8.1852e-05 	1
12.0 	0.000116574 	5.55628e-05 	1
12.0625 	0.000123875 	4.41678e-05 	1
12.125 	7.12033e-05 	7.12033e-05 	0
12.1875 	0.000152444 	4.66595e-05 	1
12.25 	0.000114533 	8.13133e-05 	1
12.3125 	3.82431e-05 	3.82431e-05 	0
12.375 	0.000115691 	7.21861e-05 	1
12.4375 	9.29473e-05 	9.29473e-05 	0
12.5625 	0.000143403 	4.4936e-05 	1
12.625 	9.68643e-05 	9.68643e-05 	0
12.6875 	6.63947e-05 	6.63947e-05 	0
12.75 	9.08743e-05 	9.08743e-05 	0
12.8125 	8.48754e-05 	8.48754e-05 	0
12.875 	0.000111783 	8.25373e-05 	1
12.9375 	9.52371e-05 	9.52371e-05 	0
13.0 	9.30122e-05 	9.30122e-05 	0
13.0625 	0.000155383 	4.70081e-05 	1
13.125 	8.2013e-05 	8.2013e-05 	0
13.1875 	8.75596e-05 	8.75596e-05 	0
13.25 	0.000117258 	5.465e-05 	1
13.3125 	0.000110429 	7.36748e-05 	1
13.375 	7.33191e-05 	7.33191e-05 	0
13.4375 	0.00012789 	3.61351e-05 	1
13.5 	9.73274e-05 	9.73274e-05 	0
13.5625 	0.000113526 	9.42325e-05 	1
13.625 	0.000112404 	8.56971e-05 	1
13.6875 	0.000116482 	7.44121e-05 	1
13.8125 	7.57553e-05 	7.57553e-05 	0
14.0 	7.48088e-05 	7.48088e-05 	0
14.0625 	0.000103117 	4.52727e-05 	1
14.125 	0.000114339 	6.48968e-05 	1
14.1875 	0.000104408 	7.34114e-05 	1
14.25 	8.97977e-05 	8.97977e-05 	0
14.3125 	7.94975e-05 	7.94975e-05 	0
14.375 	0.00010661 	2.74537e-05 	1
14.4375 	0.00011 	3.56958e-05 	1
14.5 	9.03442e-05 	9.03442e-05 	0
14.5625 	7.95688e-05 	7.95688e-05 	0
14.625 	5.59451e-05 	5.59451e-05 	0
14.6875 	5.21241e-05 	5.21241e-05 	0
14.75 	9.70418e-05 	9.70418e-05 	0
14.8125 	6.94976e-05 	6.94976e-05 	0
14.875 	0.000105545 	7.72138e-05 	1
14.9375 	0.000102615 	9.59011e-05 	1
15.0 	9.37854e-05 	9.37854e-05 	0
15.0625 	4.07481e-05 	4.07481e-05 	0
15.1875 	6.31215e-05 	6.31215e-05 	0
15.25 	8.29426e-05 	8.29426e-05 	0
15.3125 	0.000121762 	7.50544e-05 	1
15.375 	0.000107863 	7.20798e-05 	1
15.4375 	6.89672e-05 	6.89672e-05 	0
15.5 	0.000117296 	5.44122e-05 	1
15.5625 	0.00011169 	8.19166e-05 	1
15.625 	0.000102289 	6.13844e-05 	2
15.75 	0.000107989 	7.56874e-05 	1
15.8125 	6.78925e-05 	6.78925e-05 	0
15.875 	0.000106632 	2.70817e-05 	1
15.9375 	8.35919e-05 	8.35919e-05 	0
16.0 	0.000131767 	2.81168e-05 	1
16.0625 	0.000109176 	9.90327e-05 	1
16.125 	0.000110828 	4.79661e-05 	1
16.1875 	0.000116215 	6.38912e-05 	1
16.25 	0.000105968 	6.18167e-05 	1
16.3125 	0.00011546 	4.68502e-05 	1
16.375 	9.91663e-05 	9.91663e-05 	0
16.4375 	0.000103165 	9.58118e-05 	1
16.5 	9.73394e-05 	9.73394e-05 	0
16.5625 	8.29006e-05 	8.29006e-05 	0
16.625 	7.5451e-05 	7.5451e-05 	0
16.6875 	6.61521e-05 	6.61521e-05 	0
16.75 	6.97429e-05 	6.97429e-05 	0
16.8125 	0.00011799 	7.24385e-05 	1
16.875 	7.66267e-05 	7.66267e-05 	0
16.9375 	0.000120175 	3.95949e-05 	1
17.0 	6.66978e-05 	6.66978e-05 	0
17.1875 	9.00852e-05 	9.00852e-05 	0
17.25 	7.86589e-05 	7.86589e-05 	0
17.3125 	7.8136e-05 	7.8136e-05 	0
17.375 	7.48354e-05 	7.48354e-05 	0
17.4375 	0.000104635 	8.37369e-05 	1
17.5 	0.000112314 	3.03049e-05 	1
17.5625 	0.000114377 	3.32706e-05 	1
17.625 	9.46311e-05 	9.46311e-05 	0
17.6875 	7.42412e-05 	7.42412e-05 	0
17.75 	6.63451e-05 	6.63451e-05 	0
17.8125 	0.000107442 	7.15198e-05 	2
17.875 	0.000102812 	2.43519e-05 	1
17.9375 	0.000109777 	9.52655e-05 	1
18.0 	0.000100174 	9.00218e-05 	2
18.0625 	0.000127022 	4.04019e-05 	1
18.125 	0.000117306 	9.58745e-05 	1
18.1875 	8.02087e-05 	8.02087e-05 	0
18.25 	0.000157185 	9.39928e-05 	1
18.3125 	9.62288e-05 	9.62288e-05 	0
18.375 	0.000136861 	2.73359e-05 	1
18.4375 	0.000111086 	7.94207e-05 	1
18.5 	0.00011949 	9.09341e-05 	1
18.5625 	9.42726e-05 	9.42726e-05 	0
18.625 	0.000106023 	3.78896e-05 	1
18.75 	8.90805e-05 	8.90805e-05 	0
18.8125 	4.87463e-05 	4.87463e-05 	0
18.875 	0.00010705 	9.7456e-05 	1
18.9375 	4.77182e-05 	4.77182e-05 	0
19.125 	7.29358e-05 	7.29358e-05 	0
19.25 	9.8931e-05 	9.8931e-05 	0
19.3125 	0.000106018 	7.89868e-05 	1
19.375 	0.000124839 	7.90512e-05 	2
19.4375 	9.93835e-05 	9.93835e-05 	0
19.5 	0.000109367 	9.52019e-05 	1
19.5625 	8.31912e-05 	8.31912e-05 	0
19.625 	0.000102351 	8.93417e-05 	1
19.6875 	0.000103218 	4.85452e-05 	1
19.75 	6.75472e-05 	6.75472e-05 	0
19.8125 	9.41767e-05 	9.41767e-05 	0
19.875 	0.000115244 	7.70284e-05 	1
19.9375 	0.000110179 	6.19152e-05 	1
20.0 	0.000138163 	4.2894e-05 	1
20.0625 	0.00011136 	9.37634e-05 	1
20.125 	9.40033e-05 	9.40033e-05 	0
20.1875 	0.00010662 	5.87159e-05 	1
20.25 	0.000134949 	5.23312e-05 	1
20.3125 	9.00542e-05 	9.00542e-05 	0
20.375 	9.45435e-05 	9.45435e-05 	0
20.4375 	6.86635e-05 	6.86635e-05 	0
20.5 	8.31389e-05 	8.31389e-05 	0
20.5625 	0.000110181 	4.56687e-05 	1
20.625 	0.000116782 	5.38234e-05 	1
20.6875 	8.18724e-05 	8.18724e-05 	0
20.75 	9.4577e-05 	9.4577e-05 	0
20.8125 	6.4793e-05 	6.4793e-05 	0
20.875 	0.000128571 	3.49065e-05 	1
20.9375 	7.68949e-05 	7.68949e-05 	0
21.0 	0.000124144 	3.30481e-05 	1
21.0625 	0.000123792 	7.41841e-05 	2
21.1875 	0.000101755 	6.85015e-05 	1
21.25 	7.00601e-05 	7.00601e-05 	0
21.3125 	9.81225e-05 	9.81225e-05 	0
21.375 	8.70886e-05 	8.70886e-05 	0
21.4375 	8.58239e-05 	8.58239e-05 	0
21.5 	6.66973e-05 	6.66973e-05 	0
21.5625 	8.32872e-05 	8.32872e-05 	0
21.625 	0.00012272 	3.62338e-05 	1
21.6875 	9.32571e-05 	9.32571e-05 	0
21.75 	9.32813e-05 	9.32813e-05 	0
21.8125 	0.000144714 	4.19864e-05 	1
21.875 	0.000113728 	7.30605e-05 	1
21.9375 	0.000129534 	7.73962e-05 	1
22.0 	0.000121215 	7.81118e-05 	1
22.0625 	7.25433e-05 	7.25433e-05 	0
22.125 	5.85367e-05 	5.85367e-05 	0
22.1875 	5.92817e-05 	5.92817e-05 	0
22.25 	0.000121078 	5.86319e-05 	1
22.3125 	0.000111866 	9.87e-05 	1
22.375 	7.99317e-05 	7.99317e-05 	0
22.4375 	8.16519e-05 	8.16519e-05 	0
22.5 	6.57084e-05 	6.57084e-05 	0
22.625 	0.000151731 	4.04239e-05 	1
22.6875 	0.000113326 	6.44116e-05 	1
22.75 	0.000121598 	7.97272e-05 	2
22.8125 	6.68851e-05 	6.68851e-05 	0
22.9375 	9.33826e-05 	9.33826e-05 	0
23.0 	0.000103644 	6.23665e-05 	1
23.0625 	0.000139599 	4.32534e-05 	1
23.125 	8.31684e-05 	8.31684e-05 	0
23.1875 	0.000117691 	3.79069e-05 	1
23.3125 	9.61421e-05 	9.61421e-05 	0
23.375 	9.0814e-05 	9.0814e-05 	0
23.4375 	8.655e-05 	8.655e-05 	0
23.5625 	0.000107971 	5.5125e-05 	1
23.6875 	0.000111722 	8.42018e-05 	1
23.75 	8.9184e-05 	8.9184e-05 	0
23.8125 	0.000122934 	2.93536e-05 	1
23.875 	6.57143e-05 	6.57143e-05 	0
23.9375 	9.73268e-05 	9.73268e-05 	0
24.0 	8.52772e-05 	8.52772e-05 	0
24.0625 	0.000106271 	7.84377e-05 	1
24.125 	0.000125075 	3.40379e-05 	1
24.1875 	0.000104843 	5.57282e-05 	1
24.25 	8.38393e-05 	8.38393e-05 	0
24.3125 	0.000111907 	8.04554e-05 	1
24.375 	0.000106331 	5.85084e-05 	1
24.4375 	9.32373e-05 	9.32373e-05 	0
24.5 	0.000141304 	3.76771e-05 	1
24.5625 	9.12051e-05 	9.12051e-05 	0
24.625 	0.000115527 	8.16135e-05 	1
24.6875 	0.000138356 	4.40992e-05 	1
24.75 	0.000128544 	3.11073e-05 	1
24.8125 	9.20027e-05 	9.20027e-05 	0
24.875 	5.57637e-05 	5.57637e-05 	0
24.9375 	0.000108728 	2.81258e-05 	1
25.0 	0.000118097 	8.96892e-05 	1
25.0625 	0.000157996 	5.29063e-05 	1
25.125 	0.000103712 	7.13245e-05 	1
25.25 	8.66669e-05 	8.66669e-05 	0
25.3125 	8.50731e-05 	8.50731e-05 	0
25.375 	9.12862e-05 	9.12862e-05 	0
25.4375 	9.18354e-05 	9.18354e-05 	0
25.5 	0.000119924 	9.81173e-05 	1
25.5625 	7.98791e-05 	7.98791e-05 	0
25.625 	9.30036e-05 	9.30036e-05 	0
25.6875 	6.84801e-05 	6.84801e-05 	0
25.75 	7.33288e-05 	7.33288e-05 	0
25.8125 	0.000123012 	8.13225e-05 	1
25.875 	9.9321e-05 	9.9321e-05 	0
25.9375 	9.40477e-05 	9.40477e-05 	0
26.0 	0.000100371 	8.33731e-05 	1
26.0625 	0.000124422 	3.92091e-05 	1
26.125 	7.19235e-05 	7.19235e-05 	0
26.1875 	8.42153e-05 	8.42153e-05 	0
26.25 	0.000104538 	6.6001e-05 	2
26.3125 	0.000114141 	7.85345e-05 	1
26.375 	0.000124768 	6.85618e-05 	1
26.4375 	9.3467e-05 	9.3467e-05 	0
26.5 	0.000121027 	4.12606e-05 	1
26.5625 	0.000113723 	9.92008e-05 	1
26.625 	7.06609e-05 	7.06609e-05 	0
26.6875 	7.18654e-05 	7.18654e-05 	0
26.875 	0.000100738 	9.09066e-05 	1
26.9375 	7.82402e-05 	7.82402e-05 	0
27.0 	0.000110527 	7.20735e-05 	1
27.0625 	0.000101022 	9.62737e-05 	1
27.125 	0.000106101 	5.50894e-05 	2
27.25 	9.53374e-05 	9.53374e-05 	0
27.3125 	0.000131413 	4.09628e-05 	1
27.375 	0.000112288 	6.88123e-05 	1
27.5 	0.000105405 	3.40776e-05 	1
27.5625 	0.000107719 	8.04158e-05 	1
27.625 	0.000112715 	6.65526e-05 	2
27.6875 	0.000128951 	4.03728e-05 	1
27.75 	0.000138816 	9.16139e-05 	1
27.8125 	0.000110644 	7.58766e-05 	2
27.875 	0.000112578 	7.15975e-05 	1
27.9375 	5.63681e-05 	5.63681e-05 	0
28.0 	9.68238e-05 	9.68238e-05 	0
28.0625 	8.67731e-05 	8.67731e-05 	0
28.125 	0.000101995 	8.58086e-05 	1
28.25 	0.000140626 	4.31111e-05 	1
28.3125 	8.47769e-05 	8.47769e-05 	0
28.375 	0.000104582 	8.58787e-05 	1
28.4375 	8.91676e-05 	8.91676e-05 	0
28.5 	0.000110288 	5.14299e-05 	1
28.625 	8.81509e-05 	8.81509e-05 	0
28.6875 	8.87967e-05 	8.87967e-05 	0
28.8125 	8.43259e-05 	8.43259e-05 	0
28.875 	9.75136e-05 	9.75136e-05 	0
28.9375 	0.000112529 	8.80054e-05 	1
29.0 	9.0213e-05 	9.0213e-05 	0
29.0625 	7.44311e-05 	7.44311e-05 	0
29.125 	5.49489e-05 	5.49489e-05 	0
29.1875 	7.87533e-05 	7.87533e-05 	0
29.25 	0.000120319 	8.10456e-05 	1
29.3125 	0.000119301 	9.72905e-05 	1
29.375 	6.82172e-05 	6.82172e-05 	0
29.4375 	9.56017e-05 	9.56017e-05 	0
29.5 	0.000130059 	5.95032e-05 	1
29.5625 	0.000119445 	7.13395e-05 	1
29.625 	0.000109523 	7.47106e-05 	1
29.6875 	9.94688e-05 	9.94688e-05 	0
29.75 	8.97012e-05 	8.97012e-05 	0
29.875 	0.000116465 	9.72482e-05 	1
29.9375 	0.000120976 	6.88137e-05 	1
30.0 	6.22746e-05 	6.22746e-05 	0
30.125 	9.47835e-05 	9.47835e-05 	0
30.1875 	9.5547e-05 	9.5547e-05 	0
30.25 	0.00015228 	7.59224e-05 	1
30.3125 	0.000104136 	7.68003e-05 	1
30.375 	8.64529e-05 	8.64529e-05 	0
30.4375 	0.00012558 	4.01214e-05 	1
30.5 	5.24326e-05 	5.24326e-05 	0
30.5625 	8.97203e-05 	8.97203e-05 	0
30.625 	0.000102088 	9.25231e-05 	1
30.6875 	8.46659e-05 	8.46659e-05 	0
30.75 	4.26073e-05 	4.26073e-05 	0
30.8125 	0.000135323 	6.08061e-05 	1
30.9375 	0.000123166 	8.87164e-05 	1
31.0 	0.000102847 	6.40781e-05 	1
31.125 	0.000113766 	6.97099e-05 	1
31.1875 	4.62111e-05 	4.62111e-05 	0
31.25 	0.000100606 	5.29686e-05 	1
31.3125 	0.000113951 	7.64306e-05 	2
31.375 	9.2559e-05 	9.2559e-05 	0
31.5 	6.341e-05 	6.341e-05 	0
31.5625 	9.43647e-05 	9.43647e-05 	0
31.625 	0.000106075 	5.69009e-05 	1
31.6875 	9.80939e-05 	9.80939e-05 	0
31.75 	8.87222e-05 	8.87222e-05 	0
31.8125 	8.93615e-05 	8.93615e-05 	0
31.875 	6.87294e-05 	6.87294e-05 	0
31.9375 	6.96777e-05 	6.96777e-05 	0
32.0 	5.69835e-05 	5.69835e-05 	0
32.0625 	9.99846e-05 	9.99846e-05 	0
32.125 	0.00012723 	4.01505e-05 	1
32.1875 	9.10274e-05 	9.10274e-05 	0
32.25 	7.87826e-05 	7.87826e-05 	0
32.3125 	9.30726e-05 	9.30726e-05 	0
32.375 	0.000112338 	7.52019e-05 	1
32.4375 	7.95833e-05 	7.95833e-05 	0
32.5 	0.000103861 	3.34933e-05 	1
32.625 	9.12613e-05 	9.12613e-05 	0
32.6875 	5.84105e-05 	5.84105e-05 	0
32.75 	0.000108318 	7.59989e-05 	1
32.8125 	8.64723e-05 	8.64723e-05 	0
32.875 	7.283e-05 	7.283e-05 	0
32.9375 	0.000136535 	7.91466e-05 	1
33.0 	5.85895e-05 	5.85895e-05 	0
33.0625 	6.42434e-05 	6.42434e-05 	0
33.125 	0.000103336 	5.35711e-05 	1
33.1875 	0.000117377 	7.27062e-05 	2
33.25 	9.48025e-05 	9.48025e-05 	0
33.3125 	6.68574e-05 	6.68574e-05 	0
33.375 	0.000114935 	7.41584e-05 	1
33.4375 	7.79945e-05 	7.79945e-05 	0
33.5 	9.45733e-05 	9.45733e-05 	0
33.625 	7.8844e-05 	7.8844e-05 	0
33.6875 	4.95471e-05 	4.95471e-05 	0
33.75 	0.000104175 	6.82788e-05 	1
33.8125 	9.83569e-05 	9.83569e-05 	0
33.875 	0.00014796 	3.58113e-05 	1
33.9375 	0.000127029 	5.51881e-05 	1
34.0 	6.15673e-05 	6.15673e-05 	0
34.0625 	9.86738e-05 	9.86738e-05 	0
34.125 	8.10343e-05 	8.10343e-05 	0
34.1875 	0.00010369 	7.42023e-05 	1
34.25 	9.39664e-05 	9.39664e-05 	0
34.3125 	0.000108293 	6.24022e-05 	1
34.375 	0.00012763 	8.47717e-05 	2
34.4375 	9.22147e-05 	9.22147e-05 	0
34.5 	0.000100851 	6.82631e-05 	1
34.5625 	0.00011263 	3.49695e-05 	1
34.625 	0.000106705 	8.40877e-05 	1
34.6875 	0.00010902 	5.75348e-05 	1
34.75 	8.75722e-05 	8.75722e-05 	0
34.875 	8.76393e-05 	8.76393e-05 	0
34.9375 	0.000117137 	2.48767e-05 	1
35.0 	0.000113123 	3.92411e-05 	1
35.0625 	0.000136284 	7.91729e-05 	1
35.125 	9.97897e-05 	9.97897e-05 	0
35.1875 	0.000108802 	7.83655e-05 	1
35.25 	9.75815e-05 	9.75815e-05 	0
35.3125 	0.000114055 	4.08027e-05 	1
35.375 	9.7786e-05 	9.7786e-05 	0
35.5625 	0.000112048 	6.44689e-05 	1
35.625 	0.000105472 	8.8435e-05 	1
35.6875 	0.000109766 	3.44143e-05 	1
35.75 	9.86768e-05 	9.86768e-05 	0
35.8125 	0.00010822 	7.28942e-05 	1
35.875 	9.82429e-05 	9.82429e-05 	0
35.9375 	0.000108759 	8.05392e-05 	1
36.0 	0.000111975 	8.47445e-05 	1
36.125 	6.96892e-05 	6.96892e-05 	0
36.25 	6.96984e-05 	6.96984e-05 	0
36.3125 	5.5161e-05 	5.5161e-05 	0
36.375 	8.4198e-05 	8.4198e-05 	0
36.4375 	9.17694e-05 	9.17694e-05 	0
36.5 	8.20683e-05 	8.20683e-05 	0
36.5625 	0.000103401 	8.89275e-05 	1
36.625 	7.88768e-05 	7.88768e-05 	0
36.6875 	0.000107587 	7.9296e-05 	1
36.75 	0.000115051 	8.21636e-05 	1
36.8125 	7.26096e-05 	7.26096e-05 	0
36.875 	0.000114181 	4.14071e-05 	1
36.9375 	8.26176e-05 	8.26176e-05 	0
37.0625 	0.000135089 	8.45792e-05 	1
37.125 	0.000118295 	8.79455e-05 	1
37.1875 	0.000108901 	6.42544e-05 	1
37.25 	9.56369e-05 	9.56369e-05 	0
37.3125 	9.54583e-05 	9.54583e-05 	0
37.375 	9.15502e-05 	9.15502e-05 	0
37.4375 	0.000103009 	4.63195e-05 	1
37.5 	9.77915e-05 	9.77915e-05 	0
37.5625 	9.6972e-05 	9.6972e-05 	0
37.625 	8.05493e-05 	8.05493e-05 	0
37.75 	4.95269e-05 	4.95269e-05 	0
37.8125 	0.000113991 	6.98585e-05 	1
37.875 	0.000100232 	8.49369e-05 	1
37.9375 	0.00011703 	7.19974e-05 	1
38.0 	0.000146687 	4.36745e-05 	1
38.0625 	0.000103407 	9.15837e-05 	1
38.125 	9.85154e-05 	9.85154e-05 	0
38.1875 	9.03944e-05 	9.03944e-05 	0
38.25 	0.000105454 	6.92513e-05 	1
38.3125 	9.55226e-05 	9.55226e-05 	0
38.375 	0.000150375 	4.13728e-05 	1
38.4375 	0.000115811 	7.0162e-05 	1
38.5625 	0.000111758 	5.90677e-05 	1
38.6875 	7.76713e-05 	7.76713e-05 	0
38.75 	0.000107903 	8.83048e-05 	1
38.8125 	8.11272e-05 	8.11272e-05 	0
38.875 	8.91173e-05 	8.91173e-05 	0
38.9375 	0.000105284 	5.77228e-05 	1
39.0 	8.69155e-05 	8.69155e-05 	0
39.0625 	0.000131214 	4.05648e-05 	1
39.125 	9.33509e-05 	9.33509e-05 	0
39.1875 	0.00010493 	5.22423e-05 	1
39.25 	6.71118e-05 	6.71118e-05 	0
39.3125 	0.000101365 	7.24139e-05 	1
39.375 	0.000110696 	5.84405e-05 	1
39.5 	0.000115204 	5.14016e-05 	1
39.5625 	0.000109846 	7.51475e-05 	1
39.625 	0.000113739 	7.51161e-05 	1
39.6875 	5.87484e-05 	5.87484e-05 	0
39.75 	5.78001e-05 	5.78001e-05 	0
39.8125 	7.70982e-05 	7.70982e-05 	0
39.875 	8.87418e-05 	8.87418e-05 	0
39.9375 	0.000104818 	8.98836e-05 	1
40.0 	9.92918e-05 	9.92918e-05 	0
40.0625 	0.000100166 	6.80425e-05 	1
40.125 	0.000122396 	7.74714e-05 	1
40.1875 	7.66696e-05 	7.66696e-05 	0
40.25 	0.000113525 	8.54578e-05 	1
40.3125 	6.72238e-05 	6.72238e-05 	0
40.4375 	7.76316e-05 	7.76316e-05 	0
40.5 	8.86597e-05 	8.86597e-05 	0
40.5625 	0.000163063 	4.99211e-05 	1
40.625 	0.000100914 	3.80034e-05 	1
40.8125 	5.03181e-05 	5.03181e-05 	0
40.875 	0.000111553 	8.12239e-05 	1
40.9375 	9.41703e-05 	9.41703e-05 	0
41.0 	0.000116984 	9.65856e-05 	1
41.0625 	8.80581e-05 	8.80581e-05 	0
41.125 	0.000105595 	8.08286e-05 	1
41.1875 	8.33456e-05 	8.33456e-05 	0
41.25 	0.000129011 	3.39973e-05 	1
41.3125 	5.01797e-05 	5.01797e-05 	0
41.375 	0.000118751 	3.21878e-05 	1
41.4375 	0.00013954 	3.99013e-05 	1
41.5 	0.00010207 	5.73844e-05 	1
41.5625 	9.72965e-05 	9.72965e-05 	0
41.625 	9.26066e-05 	9.26066e-05 	0
41.6875 	0.000125385 	7.39649e-05 	1
41.8125 	8.05129e-05 	8.05129e-05 	0
41.875 	0.000105027 	8.76007e-05 	1
41.9375 	8.74297e-05 	8.74297e-05 	0
42.0 	0.000134923 	4.40063e-05 	1
42.125 	0.000102815 	4.10904e-05 	1
42.25 	8.64391e-05 	8.64391e-05 	0
42.375 	5.80481e-05 	5.80481e-05 	0
42.4375 	9.52094e-05 	9.52094e-05 	0
42.5 	5.89297e-05 	5.89297e-05 	0
42.5625 	0.000130112 	8.50991e-05 	1
42.625 	0.000115573 	4.80183e-05 	1
42.6875 	7.55059e-05 	7.55059e-05 	0
42.75 	6.28038e-05 	6.28038e-05 	0
42.8125 	0.000118601 	5.68295e-05 	1
42.875 	0.000113914 	3.24385e-05 	1
42.9375 	0.000106193 	7.45482e-05 	1
43.0 	0.000131352 	3.70008e-05 	1
43.0625 	9.13583e-05 	9.13583e-05 	0
43.125 	8.66252e-05 	8.66252e-05 	0
43.1875 	0.000109369 	4.44693e-05 	1
43.3125 	0.000109623 	5.16711e-05 	1
43.375 	5.16636e-05 	5.16636e-05 	0
43.4375 	7.28366e-05 	7.28366e-05 	0
43.5625 	0.000130232 	7.66778e-05 	1
43.6875 	9.13807e-05 	9.13807e-05 	0
43.75 	0.000110159 	6.9875e-05 	1
43.8125 	9.68008e-05 	9.68008e-05 	0
43.875 	0.00012373 	8.276e-05 	1
43.9375 	7.19317e-05 	7.19317e-05 	0
44.0 	8.49791e-05 	8.49791e-05 	0
44.0625 	7.24232e-05 	7.24232e-05 	0
44.125 	0.000102207 	8.53815e-05 	1
44.1875 	0.000114445 	8.39268e-05 	1
44.25 	0.000105736 	8.51904e-05 	1
44.3125 	0.000117491 	6.67525e-05 	1
44.375 	9.60738e-05 	9.60738e-05 	0
44.4375 	8.99311e-05 	8.99311e-05 	0
44.5 	0.000114879 	8.02492e-05 	1
44.5625 	0.000115635 	6.26182e-05 	1
44.625 	0.00010872 	6.82256e-05 	2
44.6875 	0.00013325 	3.83433e-05 	1
44.75 	5.80169e-05 	5.80169e-05 	0
44.8125 	7.05162e-05 	7.05162e-05 	0
44.875 	8.7254e-05 	8.7254e-05 	0
44.9375 	8.72658e-05 	8.72658e-05 	0
45.0 	9.44951e-05 	9.44951e-05 	0
45.0625 	0.000103189 	8.1927e-05 	1
45.125 	8.35969e-05 	8.35969e-05 	0
45.1875 	9.86661e-05 	9.86661e-05 	0
45.25 	0.00011142 	6.70619e-05 	1
45.3125 	9.7904e-05 	9.7904e-05 	0
45.375 	9.75581e-05 	9.75581e-05 	0
45.5 	0.000124622 	8.4288e-05 	1
45.5625 	0.000108087 	7.58569e-05 	1
45.625 	8.02924e-05 	8.02924e-05 	0
45.6875 	9.63853e-05 	9.63853e-05 	0
45.75 	6.8566e-05 	6.8566e-05 	0
45.8125 	7.07525e-05 	7.07525e-05 	0
45.875 	0.000112536 	6.8339e-05 	1
45.9375 	9.53507e-05 	9.53507e-05 	0
46.0 	6.09239e-05 	6.09239e-05 	0
46.0625 	9.54484e-05 	9.54484e-05 	0
46.125 	0.000135356 	4.19365e-05 	1
46.3125 	8.37381e-05 	8.37381e-05 	0
46.375 	8.19749e-05 	8.19749e-05 	0
46.4375 	7.81697e-05 	7.81697e-05 	0
46.5 	0.000109634 	9.62841e-05 	1
46.5625 	0.000136685 	6.58274e-05 	1
46.625 	0.000128315 	4.04387e-05 	1
46.6875 	7.82826e-05 	7.82826e-05 	0
46.75 	0.000108832 	5.50579e-05 	1
46.8125 	8.58617e-05 	8.58617e-05 	0
46.875 	0.000109111 	7.84726e-05 	1
46.9375 	6.17889e-05 	6.17889e-05 	0
47.0 	0.000110949 	5.67262e-05 	1
47.0625 	8.48734e-05 	8.48734e-05 	0
47.125 	6.94996e-05 	6.94996e-05 	0
47.1875 	0.00010098 	8.37563e-05 	1
47.25 	0.000104279 	8.84974e-05 	1
47.3125 	9.86284e-05 	9.86284e-05 	0
47.375 	9.92677e-05 	9.92677e-05 	0
47.4375 	0.000116564 	9.79893e-05 	1
47.5 	0.000105975 	2.35127e-05 	1
47.5625 	8.46605e-05 	8.46605e-05 	0
47.625 	0.000114423 	5.51428e-05 	1
47.6875 	0.000118397 	6.93082e-05 	1
47.8125 	0.000122265 	6.82627e-05 	1
47.875 	0.000143528 	4.22402e-05 	1
48.0 	0.000118048 	6.75935e-05 	1
48.0625 	6.18564e-05 	6.18564e-05 	0
48.125 	8.51532e-05 	8.51532e-05 	0
48.1875 	7.25981e-05 	7.25981e-05 	0
48.25 	8.68374e-05 	8.68374e-05 	0
48.3125 	0.00011227 	8.30795e-05 	1
48.375 	6.40199e-05 	6.40199e-05 	0
48.4375 	0.000101246 	7.67472e-05 	1
48.5 	0.000133294 	4.7322e-05 	1
48.5625 	9.74131e-05 	9.74131e-05 	0
48.625 	9.21556e-05 	9.21556e-05 	0
48.75 	0.000119837 	9.28493e-05 	1
48.8125 	9.27794e-05 	9.27794e-05 	0
48.875 	5.21188e-05 	5.21188e-05 	0
48.9375 	9.25906e-05 	9.25906e-05 	0
49.0 	0.000125575 	3.85791e-05 	1
49.125 	9.81441e-05 	9.81441e-05 	0
49.1875 	0.000105201 	9.45442e-05 	1
49.25 	0.000100731 	7.62034e-05 	1
49.3125 	8.08631e-05 	8.08631e-05 	0
49.375 	0.000155123 	4.67388e-05 	1
49.4375 	7.50052e-05 	7.50052e-05 	0
49.5 	0.000104438 	6.70943e-05 	1
49.5625 	0.000120851 	7.5047e-05 	2
49.625 	0.000135085 	9.28788e-05 	1
49.6875 	7.55647e-05 	7.55647e-05 	0
49.75 	9.81101e-05 	9.81101e-05 	0
50.0625 	0.000106302 	4.40917e-05 	1
50.125 	0.000154519 	4.72612e-05 	1
50.25 	8.25565e-05 	8.25565e-05 	0
50.3125 	8.77814e-05 	8.77814e-05 	0
50.375 	7.77193e-05 	7.77193e-05 	0
50.4375 	0.00011648 	8.99874e-05 	1
50.5 	9.80438e-05 	9.80438e-05 	0
50.5625 	9.88909e-05 	9.88909e-05 	0
50.625 	8.07694e-05 	8.07694e-05 	0
50.75 	8.76611e-05 	8.76611e-05 	0
50.8125 	0.000125294 	3.05219e-05 	1
50.875 	9.60818e-05 	9.60818e-05 	0
50.9375 	0.000144546 	4.86623e-05 	1
51.0 	9.32446e-05 	9.32446e-05 	0
51.0625 	5.08667e-05 	5.08667e-05 	0
51.125 	0.000121295 	7.01787e-05 	1
51.1875 	0.000106255 	2.93269e-05 	1
51.25 	9.28659e-05 	9.28659e-05 	0
51.3125 	8.13367e-05 	8.13367e-05 	0
51.375 	4.76692e-05 	4.76692e-05 	0
51.4375 	0.000146673 	9.00331e-05 	1
51.5 	6.7457e-05 	6.7457e-05 	0
51.5625 	0.00011462 	6.74546e-05 	1
51.625 	0.000122954 	9.6844e-05 	1
51.6875 	8.05498e-05 	8.05498e-05 	0
51.75 	5.22551e-05 	5.22551e-05 	0
51.8125 	0.000139068 	4.22921e-05 	1
51.875 	9.90715e-05 	9.90715e-05 	0
52.0 	8.44611e-05 	8.44611e-05 	0
52.0625 	0.000112634 	7.09083e-05 	1
52.125 	9.41724e-05 	9.41724e-05 	0
52.1875 	9.84269e-05 	9.84269e-05 	0
52.25 	0.000176236 	2.94078e-05 	1
52.3125 	7.26157e-05 	7.26157e-05 	0
52.375 	6.78936e-05 	6.78936e-05 	0
52.4375 	7.49745e-05 	7.49745e-05 	0
52.5 	0.000109572 	2.37687e-05 	1
52.5625 	0.000104064 	7.09051e-05 	1
52.625 	9.45532e-05 	9.45532e-05 	0
52.6875 	0.000109666 	9.63313e-05 	1
52.75 	0.000112259 	6.20535e-05 	2
52.8125 	0.000124466 	6.26635e-05 	1
52.875 	9.44851e-05 	9.44851e-05 	0
52.9375 	9.83602e-05 	9.83602e-05 	0
53.0 	0.000110015 	3.59879e-05 	1
53.125 	0.000132349 	8.1216e-05 	1
53.1875 	7.02584e-05 	7.02584e-05 	0
53.25 	8.71336e-05 	8.71336e-05 	0
53.3125 	0.00012602 	4.27616e-05 	1
53.375 	0.000124521 	4.76832e-05 	1
53.5 	6.77662e-05 	6.77662e-05 	0
53.5625 	9.86559e-05 	9.86559e-05 	0
53.625 	9.99933e-05 	9.99933e-05 	0
53.6875 	9.31726e-05 	9.31726e-05 	0
53.75 	7.98317e-05 	7.98317e-05 	0
53.8125 	4.5107e-05 	4.5107e-05 	0
53.875 	4.51272e-05 	4.51272e-05 	0
53.9375 	0.000109828 	6.70396e-05 	1
54.0 	0.000101922 	3.60252e-05 	1
54.0625 	9.76656e-05 	9.76656e-05 	0
54.125 	0.00010986 	6.37442e-05 	1
54.1875 	8.15708e-05 	8.15708e-05 	0
54.25 	9.80156e-05 	9.80156e-05 	0
54.3125 	0.000119377 	6.70081e-05 	1
54.375 	0.000114047 	5.94766e-05 	1
54.4375 	0.0001365 	8.13876e-05 	1
54.5 	0.000113349 	8.68627e-05 	1
54.625 	8.8511e-05 	8.8511e-05 	0
54.6875 	5.1233e-05 	5.1233e-05 	0
54.8125 	9.13532e-05 	9.13532e-05 	0
54.875 	0.00011878 	4.39279e-05 	1
54.9375 	0.000116379 	7.02335e-05 	1
55.0 	0.000165829 	8.89694e-05 	1
55.0625 	9.30432e-05 	9.30432e-05 	0
55.125 	0.000110108 	8.57353e-05 	1
55.1875 	9.81854e-05 	9.81854e-05 	0
55.3125 	8.16945e-05 	8.16945e-05 	0
55.4375 	6.83835e-05 	6.83835e-05 	0
55.5 	0.000102117 	6.44829e-05 	1
55.5625 	6.37013e-05 	6.37013e-05 	0
55.625 	0.000123507 	8.69227e-05 	1
55.6875 	5.19438e-05 	5.19438e-05 	0
55.75 	8.51632e-05 	8.51632e-05 	0
55.8125 	9.9995e-05 	9.9995e-05 	0
55.875 	8.97281e-05 	8.97281e-05 	0
55.9375 	0.000110927 	4.90002e-05 	1
56.0 	0.000123789 	7.83273e-05 	2
56.0625 	8.28474e-05 	8.28474e-05 	0
56.125 	4.78108e-05 	4.78108e-05 	0
56.1875 	0.000115245 	7.49981e-05 	1
56.25 	8.62886e-05 	8.62886e-05 	0
56.3125 	5.49629e-05 	5.49629e-05 	0
56.375 	9.05652e-05 	9.05652e-05 	0
56.4375 	0.000107199 	8.93363e-05 	1
56.5 	8.18217e-05 	8.18217e-05 	0
56.5625 	0.00012677 	9.53248e-05 	1
56.625 	5.91241e-05 	5.91241e-05 	0
56.6875 	7.08729e-05 	7.08729e-05 	0
56.75 	9.30037e-05 	9.30037e-05 	0
56.8125 	8.16227e-05 	8.16227e-05 	0
56.875 	9.20829e-05 	9.20829e-05 	0
56.9375 	0.000121167 	4.70422e-05 	1
57.0 	9.73026e-05 	9.73026e-05 	0
57.0625 	8.37322e-05 	8.37322e-05 	0
57.125 	0.000107069 	6.33812e-05 	1
57.1875 	0.000129602 	4.42567e-05 	1
57.25 	5.83367e-05 	5.83367e-05 	0
57.3125 	0.000100797 	9.90329e-05 	1
57.375 	8.1273e-05 	8.1273e-05 	0
57.4375 	0.000123392 	8.70789e-05 	1
57.5 	0.000104469 	8.37252e-05 	1
57.5625 	5.40196e-05 	5.40196e-05 	0
57.625 	5.33557e-05 	5.33557e-05 	0
57.6875 	0.000122747 	4.4367e-05 	1
57.75 	0.000103818 	5.89028e-05 	1
57.8125 	8.47952e-05 	8.47952e-05 	0
57.9375 	0.000120856 	7.73739e-05 	1
58.0 	0.000112793 	3.27885e-05 	1
58.0625 	0.000108522 	3.08782e-05 	1
58.125 	8.18952e-05 	8.18952e-05 	0
58.1875 	8.039e-05 	8.039e-05 	0
58.25 	0.00012701 	9.04979e-05 	1
58.3125 	7.27329e-05 	7.27329e-05 	0
58.375 	9.05969e-05 	9.05969e-05 	0
58.4375 	7.47174e-05 	7.47174e-05 	0
58.5 	9.53204e-05 	9.53204e-05 	0
58.5625 	8.1693e-05 	8.1693e-05 	0
58.625 	0.000125854 	3.70865e-05 	1
58.6875 	8.1538e-05 	8.1538e-05 	0
58.8125 	7.43056e-05 	7.43056e-05 	0
58.875 	7.11927e-05 	7.11927e-05 	0
58.9375 	8.78327e-05 	8.78327e-05 	0
59.0 	6.01664e-05 	6.01664e-05 	0
59.0625 	0.000114384 	7.05102e-05 	2
59.125 	8.73289e-05 	8.73289e-05 	0
59.1875 	5.71578e-05 	5.71578e-05 	0
59.25 	7.31105e-05 	7.31105e-05 	0
59.3125 	9.93184e-05 	9.93184e-05 	0
59.375 	0.000142941 	7.2093e-05 	1
59.4375 	8.73545e-05 	8.73545e-05 	0
59.5 	0.000102656 	5.62343e-05 	1
59.5625 	9.62616e-05 	9.62616e-05 	0
59.6875 	8.39657e-05 	8.39657e-05 	0
59.8125 	0.000117886 	3.39116e-05 	1
59.875 	0.000101119 	3.1053e-05 	1
59.9375 	0.000126246 	5.4524e-05 	1
60.0 	0.000111487 	6.76992e-05 	1
60.0625 	0.000116077 	8.78863e-05 	1
60.125 	9.43355e-05 	9.43355e-05 	0
60.25 	0.000114558 	7.98614e-05 	1
60.3125 	5.77431e-05 	5.77431e-05 	0
60.375 	7.59189e-05 	7.59189e-05 	0
60.4375 	0.000108356 	6.66569e-05 	1
60.5 	0.000133988 	8.38025e-05 	1
60.5625 	0.000112682 	9.58711e-05 	1
60.625 	0.000125692 	9.58244e-05 	1
60.6875 	7.65098e-05 	7.65098e-05 	0
60.75 	8.46948e-05 	8.46948e-05 	0
60.8125 	6.32205e-05 	6.32205e-05 	0
60.875 	0.000115081 	8.18561e-05 	1
60.9375 	6.02888e-05 	6.02888e-05 	0
61.0 	0.00012629 	8.72841e-05 	1
61.0625 	0.000100327 	6.61258e-05 	1
61.125 	0.000115356 	3.24606e-05 	1
61.1875 	0.000137302 	4.15326e-05 	1
61.25 	0.000100429 	9.51814e-05 	1
61.3125 	7.84628e-05 	7.84628e-05 	0
61.375 	0.000124187 	8.04234e-05 	1
61.4375 	8.56142e-05 	8.56142e-05 	0
61.5 	0.000153579 	8.25135e-05 	1
61.625 	0.000112021 	3.34663e-05 	1
61.6875 	0.000104343 	6.87387e-05 	1
61.75 	0.000102779 	9.09613e-05 	1
61.8125 	8.88977e-05 	8.88977e-05 	0
61.875 	7.14721e-05 	7.14721e-05 	0
61.9375 	0.000112169 	8.69799e-05 	1
62.0 	0.000116146 	7.32567e-05 	1
62.125 	0.000133217 	4.56146e-05 	1
62.1875 	0.00011778 	8.69386e-05 	1
62.25 	0.000131094 	8.98359e-05 	1
62.3125 	0.000144397 	7.98344e-05 	1
62.375 	0.000115711 	9.76891e-05 	1
62.4375 	0.000104351 	6.5898e-05 	1
62.5 	0.00012921 	6.93934e-05 	2
62.5625 	8.75932e-05 	8.75932e-05 	0
62.6875 	6.47968e-05 	6.47968e-05 	0
62.75 	0.000122199 	7.49491e-05 	1
62.875 	9.94369e-05 	9.94369e-05 	0
62.9375 	0.000127646 	3.2935e-05 	1
63.0 	9.56132e-05 	9.56132e-05 	0
63.0625 	0.000110967 	3.33757e-05 	1
63.125 	7.71572e-05 	7.71572e-05 	0
63.1875 	6.73399e-05 	6.73399e-05 	0
63.25 	0.000113645 	3.20822e-05 	1
63.375 	0.000107565 	7.60374e-05 	1
63.4375 	0.000113594 	6.15569e-05 	1
63.5 	9.15283e-05 	9.15283e-05 	0
63.5625 	7.62786e-05 	7.62786e-05 	0
63.625 	6.69734e-05 	6.69734e-05 	0
63.8125 	8.90179e-05 	8.90179e-05 	0
63.875 	0.000152312 	6.13342e-05 	1
63.9375 	8.0666e-05 	8.0666e-05 	0
64.0 	0.000121183 	8.27993e-05 	1
64.0625 	7.44495e-05 	7.44495e-05 	0
64.125 	0.000113557 	7.08144e-05 	1
64.25 	7.48994e-05 	7.48994e-05 	0
64.3125 	0.000112744 	6.85557e-05 	1
64.4375 	7.59401e-05 	7.59401e-05 	0
64.5 	0.000116924 	7.29541e-05 	2
64.5625 	8.74463e-05 	8.74463e-05 	0
64.6875 	0.000109064 	6.672e-05 	2
64.75 	0.000111447 	6.3633e-05 	1
64.8125 	9.31235e-05 	9.31235e-05 	0
64.875 	0.000119474 	4.13161e-05 	1
64.9375 	0.000103148 	9.7643e-05 	1
65.0 	8.53769e-05 	8.53769e-05 	0
65.0625 	7.39106e-05 	7.39106e-05 	0
65.125 	8.92006e-05 	8.92006e-05 	0
65.1875 	9.18349e-05 	9.18349e-05 	0
65.25 	9.50697e-05 	9.50697e-05 	0
65.5 	7.93369e-05 	7.93369e-05 	0
65.625 	9.4389e-05 	9.4389e-05 	0
65.6875 	9.83445e-05 	9.83445e-05 	0
65.75 	0.000101763 	6.00135e-05 	1
65.8125 	0.000139205 	7.47936e-05 	1
65.875 	0.00011335 	5.67617e-05 	1
65.9375 	0.000112421 	8.42193e-05 	1
66.0 	0.000108636 	5.62944e-05 	1
66.0625 	0.00010738 	7.01281e-05 	1
66.125 	0.0001074 	5.92718e-05 	1
66.1875 	9.83523e-05 	9.83523e-05 	0
66.25 	9.99339e-05 	9.99339e-05 	0
66.3125 	7.60466e-05 	7.60466e-05 	0
66.375 	9.74972e-05 	9.74972e-05 	0
66.4375 	9.40486e-05 	9.40486e-05 	0
66.5 	0.000148429 	4.50664e-05 	1
66.5625 	0.00011625 	5.98104e-05 	1
66.625 	9.79112e-05 	9.79112e-05 	0
66.75 	0.000104061 	6.16973e-05 	1
66.8125 	8.36604e-05 	8.36604e-05 	0
66.875 	7.97453e-05 	7.97453e-05 	0
66.9375 	8.49583e-05 	8.49583e-05 	0
67.0 	9.9687e-05 	9.9687e-05 	0
67.125 	6.76501e-05 	6.76501e-05 	0
67.1875 	0.000109743 	3.96196e-05 	1
67.25 	7.67355e-05 	7.67355e-05 	0
67.3125 	8.43572e-05 	8.43572e-05 	0
67.375 	5.34904e-05 	5.34904e-05 	0
67.4375 	0.00010867 	5.79475e-05 	1
67.5 	0.000116325 	8.64116e-05 	1
67.5625 	8.02192e-05 	8.02192e-05 	0
67.625 	7.08756e-05 	7.08756e-05 	0
67.8125 	0.000102076 	9.696e-05 	1
67.875 	7.78803e-05 	7.78803e-05 	0
67.9375 	0.00013118 	7.28948e-05 	1
68.0 	0.000107221 	6.52522e-05 	1
68.0625 	9.833e-05 	9.833e-05 	0
68.125 	9.55362e-05 	9.55362e-05 	0
68.1875 	0.000102896 	4.69901e-05 	1
68.25 	0.000138119 	4.41742e-05 	1
68.3125 	8.3655e-05 	8.3655e-05 	0
68.375 	8.82542e-05 	8.82542e-05 	0
68.4375 	9.00937e-05 	9.00937e-05 	0
68.5 	4.98181e-05 	4.98181e-05 	0
68.5625 	0.000114244 	6.6505e-05 	1
68.625 	7.55537e-05 	7.55537e-05 	0
68.6875 	0.000123134 	3.86174e-05 	1
68.75 	9.30837e-05 	9.30837e-05 	0
68.8125 	7.77573e-05 	7.77573e-05 	0
68.875 	0.000104477 	5.50905e-05 	1
68.9375 	9.98194e-05 	9.98194e-05 	0
69.0 	9.47164e-05 	9.47164e-05 	0
69.0625 	9.3674e-05 	9.3674e-05 	0
69.125 	6.52519e-05 	6.52519e-05 	0
69.1875 	0.000125522 	7.17945e-05 	1
69.25 	0.00014928 	4.10166e-05 	1
69.3125 	0.000104308 	8.3761e-05 	1
69.375 	5.76471e-05 	5.76471e-05 	0
69.4375 	0.000111604 	3.04516e-05 	1
69.5 	0.000105761 	5.61913e-05 	1
69.5625 	0.000126994 	5.37213e-05 	1
69.625 	9.20839e-05 	9.20839e-05 	0
69.75 	0.000119223 	5.69448e-05 	1
69.8125 	0.00012261 	9.22408e-05 	1
69.875 	0.000116234 	7.47351e-05 	1
69.9375 	9.78598e-05 	9.78598e-05 	0
