# time 	Initial 	Final 	Iterations
1.2e-06 	1 	9.58297e-10 	1
2.64e-06 	0.374997 	5.8502e-10 	1
4.368e-06 	0.000767096 	2.85978e-12 	1
6.4416e-06 	0.000117743 	1.65941e-12 	1
8.92992e-06 	9.81256e-05 	1.89155e-12 	1
1.19159e-05 	9.01895e-05 	2.32183e-12 	1
1.54991e-05 	8.86505e-05 	3.00693e-12 	1
1.97989e-05 	9.05596e-05 	4.0414e-12 	1
2.49587e-05 	9.39935e-05 	5.59518e-12 	1
3.11504e-05 	0.00010155 	8.03947e-12 	1
3.85805e-05 	0.000112497 	1.20129e-11 	1
4.74965e-05 	0.000127359 	1.86799e-11 	1
5.81958e-05 	0.000145308 	2.95929e-11 	1
7.1035e-05 	0.000168747 	4.78571e-11 	1
8.6442e-05 	0.000194715 	7.71095e-11 	1
0.00010493 	0.000228985 	1.26892e-10 	1
0.000127116 	0.000270361 	2.10294e-10 	1
0.00015374 	0.000319546 	3.50233e-10 	1
0.000185688 	0.000377625 	5.84874e-10 	1
0.000224025 	0.00044847 	9.84679e-10 	1
0.00027003 	0.000529474 	1.65074e-09 	1
0.000325236 	0.000627046 	2.78246e-09 	1
0.000391483 	0.000743227 	4.69631e-09 	1
0.00047098 	0.000880123 	7.92509e-09 	1
0.000566376 	0.00103643 	1.33182e-08 	1
0.00068085 	0.00122391 	2.24271e-08 	1
0.000818221 	0.00143417 	3.74243e-08 	1
0.000983063 	0.00168428 	6.24848e-08 	1
0.00118087 	0.00194672 	1.02465e-07 	1
0.00141824 	0.00225667 	1.68132e-07 	1
0.0017031 	0.00259554 	2.73345e-07 	1
0.00204491 	0.00297663 	4.44171e-07 	1
0.00245508 	0.00343352 	7.16558e-07 	1
0.0029473 	0.00393694 	1.14461e-06 	1
0.00353797 	0.00447438 	1.80571e-06 	1
0.00424679 	0.00503828 	2.80639e-06 	1
0.00509742 	0.00561022 	4.28429e-06 	1
0.00611825 	0.00619397 	6.42761e-06 	1
0.00734314 	0.0067205 	9.38117e-06 	1
0.00881286 	0.00719768 	1.34862e-05 	1
0.0105765 	0.00765544 	1.92998e-05 	1
0.0126925 	0.00821333 	2.70076e-05 	1
0.0152319 	0.00875164 	3.81382e-05 	1
0.0182788 	0.00921085 	5.49067e-05 	1
0.0219337 	0.0095871 	7.88912e-05 	1
0.0263197 	0.0101108 	0.000110886 	1
0.0315829 	0.0106906 	0.000152602 	1
0.037896 	0.0111875 	0.000205485 	1
0.0454717 	0.0115674 	0.000275661 	1
0.0545626 	0.0118073 	0.000366423 	1
0.0654797 	0.012307 	0.000485183 	1
0.0785686 	0.0128573 	0.000628792 	1
0.094292 	0.0132654 	0.000811757 	1
0.11316 	0.0134592 	0.00105174 	1
0.135784 	0.0135313 	0.000163955 	1
0.162959 	0.0136774 	0.000234092 	1
0.195641 	0.0137103 	0.000328992 	1
0.235021 	0.0135447 	0.000454701 	1
0.280839 	0.0129008 	0.000557379 	1
0.333274 	0.0120194 	0.000659718 	1
0.392346 	0.0111773 	0.000755329 	1
0.455465 	0.00997998 	0.000764438 	1
0.517719 	0.0086375 	0.000648044 	1
0.579973 	0.00776415 	0.000576861 	1
0.642226 	0.00703 	0.000512965 	1
0.70448 	0.00625443 	0.000444437 	1
0.766734 	0.00568327 	0.000413184 	1
0.828988 	0.00495712 	0.000355233 	1
0.891242 	0.0041989 	0.000281647 	1
0.953496 	0.00363116 	0.000249259 	1
1.01575 	0.00302035 	0.000203564 	1
1.078 	0.00250485 	0.000168357 	1
1.14026 	0.00203814 	0.000128077 	1
1.20251 	0.00162169 	0.000104972 	1
1.26477 	0.00127998 	8.26308e-05 	1
1.32702 	0.00099013 	6.24403e-05 	1
1.38927 	0.000770208 	4.20432e-05 	1
1.45153 	0.000693266 	5.32843e-05 	1
1.51378 	0.000553512 	4.38444e-05 	1
1.57604 	0.000532473 	3.70379e-05 	1
1.63829 	0.000321784 	2.38894e-05 	1
1.70054 	0.000335095 	2.5665e-05 	1
1.7628 	0.00037422 	3.16757e-05 	1
1.82505 	0.000219272 	1.63233e-05 	1
1.8873 	0.000271072 	2.16436e-05 	1
1.94956 	0.000165088 	1.53535e-05 	1
2.01181 	0.000349087 	2.8477e-05 	1
2.07407 	0.000359416 	2.66538e-05 	1
2.13632 	0.000283246 	2.31195e-05 	1
2.19857 	0.000159754 	1.57565e-05 	1
2.26083 	0.000625719 	4.46805e-05 	1
2.32308 	0.00053437 	3.82883e-05 	1
2.38534 	0.00034891 	2.62097e-05 	1
2.44759 	0.000586417 	4.3692e-05 	1
2.50984 	0.000408751 	3.23383e-05 	1
2.5721 	0.000112156 	1.08382e-05 	1
2.63435 	0.000217506 	2.01367e-05 	1
2.69661 	0.000639675 	4.64933e-05 	1
2.75886 	0.000445085 	3.22451e-05 	1
2.82111 	0.000381989 	3.08669e-05 	1
2.88337 	0.000249089 	2.08477e-05 	1
2.94562 	0.0002084 	1.86032e-05 	1
3.00787 	0.000300456 	2.4365e-05 	1
3.07013 	0.000533774 	3.9335e-05 	1
3.13238 	0.000362061 	2.79577e-05 	1
3.19464 	0.000217446 	1.78919e-05 	1
3.25689 	0.000244137 	1.80066e-05 	1
3.31914 	0.000165878 	1.3478e-05 	1
3.3814 	0.000391812 	3.43518e-05 	1
3.44365 	0.000478298 	3.49333e-05 	1
3.50591 	0.000574153 	4.15404e-05 	1
3.56816 	0.00013794 	1.21381e-05 	1
3.63041 	0.000204605 	1.70803e-05 	1
3.69267 	0.000133869 	1.11253e-05 	2
3.75492 	0.000257128 	2.08067e-05 	1
3.81718 	0.000166428 	1.55204e-05 	1
3.87943 	0.000284336 	2.49049e-05 	1
3.94168 	9.35316e-05 	5.94536e-06 	2
4.00394 	0.000208095 	1.76783e-05 	1
4.06619 	0.000135049 	1.08476e-05 	1
4.12845 	0.000291319 	2.22224e-05 	1
4.1907 	0.000159458 	1.56361e-05 	1
4.25295 	0.000272777 	2.35564e-05 	1
4.31521 	0.000301917 	2.40066e-05 	1
4.37746 	0.000227528 	1.87788e-05 	1
4.43971 	0.000290398 	2.33249e-05 	1
4.50197 	0.000329094 	2.56013e-05 	1
4.56422 	0.000352992 	2.84904e-05 	1
4.62648 	0.000169865 	1.394e-05 	1
4.68873 	0.000347034 	2.72343e-05 	1
4.75098 	0.000223758 	2.17919e-05 	1
4.81324 	0.000270983 	2.08754e-05 	1
4.87549 	0.000287809 	2.19939e-05 	1
4.93775 	0.000118765 	1.1715e-05 	1
5.0 	0.00010637 	3.03684e-06 	2
5.0625 	0.000352033 	2.66437e-05 	1
5.125 	0.000335 	2.89821e-05 	1
5.1875 	0.000240794 	1.95366e-05 	1
5.25 	0.000333156 	2.60666e-05 	1
5.3125 	0.000306495 	2.45784e-05 	1
5.375 	0.000115737 	1.12801e-05 	1
5.4375 	0.000238865 	1.89485e-05 	1
5.5 	0.000348716 	2.76455e-05 	1
5.5625 	0.00019946 	1.85036e-05 	1
5.625 	0.000279878 	2.38199e-05 	1
5.6875 	0.0002339 	8.31197e-06 	2
5.75 	0.000117347 	3.23556e-06 	2
5.8125 	0.000407222 	3.22042e-05 	1
5.875 	0.000273405 	2.13274e-05 	1
5.9375 	0.000324183 	2.99965e-05 	1
6.0 	0.000356473 	3.04888e-05 	1
6.0625 	0.000275362 	2.07615e-05 	1
6.125 	0.000103874 	5.73921e-06 	2
6.1875 	0.000278283 	2.4125e-05 	1
6.25 	0.000381579 	3.48234e-05 	1
6.3125 	0.000248292 	2.0687e-05 	1
6.375 	0.000292894 	2.38346e-05 	1
6.4375 	0.000217026 	1.6253e-05 	1
6.5 	9.91169e-05 	9.81341e-06 	1
6.5625 	0.000131093 	1.29203e-05 	1
6.625 	0.000189895 	1.75681e-05 	1
6.6875 	0.000252897 	2.18373e-05 	1
6.75 	0.000232555 	1.90944e-05 	1
6.8125 	0.000236185 	2.02668e-05 	1
6.875 	0.000429668 	3.47226e-05 	1
6.9375 	0.00027721 	2.2653e-05 	1
7.0 	0.000256596 	2.15137e-05 	1
7.0625 	0.000162813 	1.43428e-05 	1
7.125 	0.000127735 	1.19361e-05 	1
7.1875 	0.000193407 	1.52634e-05 	1
7.25 	0.000199356 	7.94554e-06 	2
7.3125 	9.47745e-05 	9.35354e-06 	1
7.375 	0.000299213 	2.26348e-05 	1
7.4375 	0.000292128 	2.13049e-05 	1
7.5 	9.49595e-05 	8.47601e-06 	1
7.5625 	0.000398436 	3.0828e-05 	1
7.625 	0.000290614 	2.22385e-05 	1
7.6875 	0.000301514 	2.27636e-05 	1
7.75 	0.000594202 	4.29534e-05 	1
7.8125 	0.000322176 	2.59751e-05 	1
7.875 	0.000324999 	2.60136e-05 	1
7.9375 	0.000252174 	1.97211e-05 	1
8.0 	0.000336647 	2.67168e-05 	1
8.0625 	0.00017135 	1.645e-05 	1
8.125 	0.000326877 	2.49425e-05 	1
8.1875 	0.000557348 	3.98335e-05 	1
8.25 	0.000198886 	1.70067e-05 	1
8.3125 	0.000269906 	1.9823e-05 	1
8.375 	0.00021005 	1.61025e-05 	1
8.4375 	0.000182429 	1.72868e-05 	1
8.5 	0.000184855 	1.61149e-05 	1
8.5625 	0.000110998 	1.10734e-05 	1
8.625 	0.000299704 	2.51761e-05 	1
8.6875 	7.14117e-05 	8.75762e-06 	1
8.75 	9.48863e-05 	8.40908e-06 	1
8.8125 	0.000197375 	1.5729e-05 	1
8.875 	0.000575586 	4.09985e-05 	1
8.9375 	0.000327634 	2.52158e-05 	1
9.0 	0.000528944 	3.99157e-05 	1
9.0625 	0.000299911 	2.43775e-05 	1
9.125 	0.000235697 	1.95875e-05 	1
9.1875 	0.00031701 	2.58478e-05 	1
9.25 	0.000425589 	3.24353e-05 	1
9.3125 	0.000264995 	2.35324e-05 	1
9.375 	0.000455413 	3.27909e-05 	1
9.4375 	0.000172112 	1.53927e-05 	1
9.5 	0.000119325 	1.11355e-05 	1
9.5625 	0.000130577 	1.19893e-05 	1
9.625 	9.92669e-05 	8.94322e-06 	1
9.6875 	0.000315204 	2.43321e-05 	1
9.75 	0.00018038 	1.55259e-05 	1
9.8125 	0.000280523 	2.27269e-05 	1
9.875 	0.000349782 	2.58967e-05 	1
9.9375 	0.000146268 	1.36652e-05 	1
10.0 	0.00017396 	1.55574e-05 	1
10.0625 	0.000285216 	2.07145e-05 	1
10.125 	0.000448313 	3.26185e-05 	1
10.1875 	0.000246732 	2.14356e-05 	1
10.25 	0.000254749 	2.25344e-05 	1
10.3125 	0.000312801 	2.59406e-05 	1
10.375 	0.000440997 	3.14995e-05 	1
10.4375 	8.93307e-05 	9.20238e-06 	1
10.5 	0.000300396 	2.19331e-05 	1
10.5625 	0.000331198 	2.6339e-05 	1
10.625 	0.000306707 	2.45576e-05 	1
10.6875 	0.000225881 	2.12903e-05 	1
10.75 	0.0002152 	1.65493e-05 	1
10.8125 	0.000149268 	1.22516e-05 	1
10.875 	0.000247632 	2.07054e-05 	1
10.9375 	0.000151951 	1.33832e-05 	1
11.0 	0.000188365 	1.52913e-05 	1
11.0625 	0.000464383 	3.92726e-05 	1
11.125 	0.000255044 	1.95724e-05 	1
11.1875 	0.00023937 	2.18446e-05 	1
11.25 	0.000129811 	4.88245e-06 	2
11.3125 	0.000235254 	1.84158e-05 	1
11.375 	0.000294713 	2.35789e-05 	1
11.4375 	0.000117581 	1.02492e-05 	1
11.5 	0.000356176 	3.00537e-05 	1
11.5625 	0.000353044 	2.83584e-05 	1
11.625 	0.000574816 	4.45024e-05 	1
11.6875 	0.000214916 	1.81387e-05 	1
11.75 	0.000154317 	1.48254e-05 	1
11.8125 	0.000218831 	1.85679e-05 	1
11.875 	0.000360941 	2.80935e-05 	1
11.9375 	0.000127657 	1.08379e-05 	1
12.0 	0.000250456 	2.2407e-05 	1
12.0625 	0.000138301 	1.35333e-05 	1
12.125 	0.000236685 	1.86896e-05 	1
12.1875 	0.000306742 	2.38573e-05 	1
12.25 	0.000153892 	5.93285e-06 	2
12.3125 	0.000152351 	1.39642e-05 	1
12.375 	0.000534367 	3.79177e-05 	1
12.4375 	0.00017496 	1.47843e-05 	1
12.5 	8.83124e-05 	8.68055e-06 	1
12.5625 	0.00010825 	5.08234e-06 	2
12.625 	0.000370542 	2.75146e-05 	1
12.6875 	0.000215711 	1.77201e-05 	1
12.75 	0.000365734 	2.73744e-05 	1
12.8125 	0.000385268 	3.05182e-05 	1
12.875 	0.000503574 	3.6872e-05 	1
12.9375 	0.000143071 	1.39937e-05 	1
13.0 	0.000254262 	2.31358e-05 	1
13.0625 	0.000153191 	1.48056e-05 	1
13.125 	0.000343951 	3.30254e-05 	1
13.1875 	0.000177102 	1.49117e-05 	1
13.25 	0.000434039 	3.26677e-05 	1
13.3125 	0.000329226 	2.62045e-05 	1
13.375 	0.000236705 	1.79576e-05 	1
13.4375 	0.000144659 	5.90978e-06 	2
13.5 	0.000111152 	1.03265e-05 	1
13.5625 	0.000269737 	2.07379e-05 	1
13.625 	0.000186637 	1.49194e-05 	1
13.6875 	0.000256992 	2.17699e-05 	1
13.75 	0.000449235 	3.45106e-05 	1
13.8125 	0.000266105 	2.16257e-05 	1
13.875 	0.000134435 	5.82639e-06 	2
13.9375 	0.000312126 	2.57334e-05 	1
14.0 	0.000267923 	2.06932e-05 	1
14.0625 	0.000338399 	2.63655e-05 	1
14.125 	0.00054704 	4.03862e-05 	1
14.1875 	0.000299638 	2.53442e-05 	1
14.25 	0.000235808 	1.92172e-05 	1
14.3125 	0.00035854 	2.78879e-05 	1
14.375 	0.000226021 	1.90411e-05 	1
14.4375 	0.000153834 	4.55429e-06 	2
14.5 	0.000330371 	2.5897e-05 	1
14.5625 	0.000430514 	3.42894e-05 	1
14.625 	0.000248294 	2.22006e-05 	1
14.6875 	0.000246622 	2.24945e-05 	1
14.75 	0.000272462 	2.48492e-05 	1
14.8125 	0.000394328 	3.0714e-05 	1
14.875 	0.000282805 	2.55327e-05 	1
14.9375 	0.000195326 	1.66354e-05 	1
15.0 	0.000260866 	2.12053e-05 	1
15.0625 	0.00015597 	1.51028e-05 	1
15.125 	7.75461e-05 	8.38642e-06 	1
15.1875 	0.00027338 	2.2063e-05 	1
15.25 	0.000322949 	2.69174e-05 	1
15.3125 	0.000333947 	2.53732e-05 	1
15.375 	0.00014243 	1.20639e-05 	1
15.4375 	0.000205951 	1.82766e-05 	1
15.5 	0.000139034 	1.19719e-05 	1
15.5625 	0.000230526 	1.76198e-05 	1
15.625 	0.000223937 	1.86226e-05 	1
15.6875 	0.000204289 	1.70198e-05 	1
15.75 	0.000200657 	1.7464e-05 	1
15.8125 	0.000403728 	3.01454e-05 	1
15.875 	0.00027062 	2.24029e-05 	1
15.9375 	0.000152421 	1.45705e-05 	1
16.0 	0.000347347 	2.70612e-05 	1
16.0625 	0.000293044 	2.84185e-05 	1
16.125 	0.000351988 	3.38835e-05 	1
16.1875 	0.000212064 	1.91447e-05 	1
16.25 	0.00023384 	2.00867e-05 	1
16.3125 	0.000335241 	2.81967e-05 	1
16.375 	0.000117847 	1.08326e-05 	1
16.4375 	0.000384966 	2.89173e-05 	1
16.5 	0.000364672 	2.73338e-05 	1
16.5625 	0.000396523 	2.8787e-05 	1
16.625 	0.000165368 	6.05778e-06 	2
16.6875 	0.000291909 	2.45118e-05 	1
16.75 	0.000236159 	2.0352e-05 	1
16.8125 	0.000273277 	2.18117e-05 	1
16.875 	0.000134344 	1.21207e-05 	1
16.9375 	0.000159891 	1.42924e-05 	1
17.0 	0.000352048 	2.74033e-05 	1
17.0625 	0.00037828 	2.84591e-05 	1
17.125 	0.000100024 	8.97167e-06 	1
17.1875 	0.000229434 	1.82175e-05 	1
17.25 	0.000232982 	1.92294e-05 	1
17.3125 	0.000411609 	3.05365e-05 	1
17.375 	0.000141023 	1.26815e-05 	1
17.4375 	0.000670165 	4.80996e-05 	1
17.5 	0.000641313 	4.84254e-05 	1
17.5625 	0.000264669 	2.17353e-05 	1
17.625 	0.000210498 	1.76797e-05 	1
17.6875 	0.000186349 	1.4213e-05 	1
17.75 	0.000335785 	2.68308e-05 	1
17.8125 	0.000103453 	9.80735e-06 	1
17.875 	0.000145324 	6.39885e-06 	2
17.9375 	0.000173791 	1.60852e-05 	1
18.0 	0.000189347 	1.51873e-05 	1
18.0625 	0.000222572 	1.95366e-05 	1
18.125 	0.000153652 	4.86781e-06 	2
18.1875 	0.000209111 	1.56199e-05 	1
18.25 	0.000290679 	2.18261e-05 	1
18.3125 	0.000307937 	2.56423e-05 	1
18.375 	0.000312233 	2.28876e-05 	1
18.4375 	0.000447155 	3.49077e-05 	1
18.5 	0.000337767 	2.65416e-05 	1
18.5625 	0.000303386 	2.45932e-05 	1
18.625 	0.000284086 	2.3255e-05 	1
18.6875 	0.000290863 	2.51156e-05 	1
18.75 	0.000247983 	1.99025e-05 	1
18.8125 	0.000237825 	1.93157e-05 	1
18.875 	0.000515375 	3.79592e-05 	1
18.9375 	0.000284302 	2.2459e-05 	1
19.0 	7.24609e-05 	8.70522e-06 	1
19.0625 	0.000113491 	6.45131e-06 	3
19.125 	0.000155973 	1.46209e-05 	1
19.1875 	0.000303589 	2.34819e-05 	1
19.25 	0.000180329 	6.94951e-06 	2
19.3125 	0.000333431 	2.68835e-05 	1
19.375 	0.000227245 	1.9167e-05 	1
19.4375 	0.00018903 	1.5022e-05 	1
19.5 	0.000462658 	3.49275e-05 	1
19.5625 	0.000167578 	1.44196e-05 	1
19.625 	0.000165396 	1.4731e-05 	1
19.6875 	0.00044376 	3.28659e-05 	1
19.75 	0.00024021 	1.95959e-05 	1
19.8125 	0.000154263 	1.47324e-05 	1
19.875 	0.000268442 	1.99558e-05 	1
19.9375 	0.0003211 	2.57456e-05 	1
20.0 	0.000159469 	1.38192e-05 	1
20.0625 	0.000355594 	2.88682e-05 	1
20.125 	0.000370506 	3.13617e-05 	1
20.1875 	0.000332023 	2.85286e-05 	1
20.25 	0.000228263 	1.79767e-05 	1
20.3125 	0.000222793 	1.9215e-05 	1
20.375 	0.000345294 	2.81148e-05 	1
20.4375 	0.000396989 	3.08751e-05 	1
20.5 	0.000244059 	2.15417e-05 	1
20.5625 	0.000183089 	1.79022e-05 	1
20.625 	0.000219498 	1.66394e-05 	1
20.6875 	0.000225695 	1.75928e-05 	1
20.75 	0.000347942 	2.55781e-05 	1
20.8125 	0.000303109 	2.45637e-05 	1
20.875 	0.000215401 	1.83531e-05 	1
20.9375 	0.000123413 	1.04471e-05 	1
21.0 	0.000170576 	1.50438e-05 	1
21.0625 	0.000296073 	2.39927e-05 	1
21.125 	0.000291486 	2.27076e-05 	1
21.1875 	0.000264244 	2.15937e-05 	1
21.25 	0.000241062 	2.00141e-05 	1
21.3125 	0.000332918 	2.63356e-05 	1
21.375 	0.000383574 	2.92963e-05 	1
21.4375 	0.000396855 	3.28959e-05 	1
21.5 	0.000243073 	1.91203e-05 	1
21.5625 	0.00017456 	1.48538e-05 	1
21.625 	0.000256338 	2.0288e-05 	1
21.6875 	0.00019325 	1.62817e-05 	1
21.75 	0.000173073 	1.63366e-05 	1
21.8125 	0.000241457 	1.84955e-05 	1
21.875 	0.000221833 	1.91767e-05 	1
21.9375 	0.000399326 	3.16217e-05 	1
22.0 	0.00031833 	2.70876e-05 	1
22.0625 	0.000485133 	3.84297e-05 	1
22.125 	0.000202786 	1.57042e-05 	1
22.1875 	0.000150201 	1.40369e-05 	1
22.25 	0.000351476 	2.81841e-05 	1
22.3125 	0.000275884 	2.26979e-05 	1
22.375 	0.000536707 	4.00775e-05 	1
22.4375 	0.000498601 	4.02446e-05 	1
22.5 	0.000179824 	1.72806e-05 	1
22.5625 	8.52137e-05 	8.55343e-06 	1
22.625 	0.000134111 	1.33315e-05 	1
22.6875 	0.000337092 	2.73632e-05 	1
22.75 	0.000292804 	2.20152e-05 	1
22.8125 	0.000387045 	2.95877e-05 	1
22.875 	0.00017183 	1.34205e-05 	1
22.9375 	0.00036186 	2.88183e-05 	1
23.0 	0.000197836 	1.82698e-05 	1
23.0625 	0.000313412 	2.45058e-05 	1
23.125 	0.000134755 	1.18613e-05 	1
23.1875 	0.000447725 	3.54825e-05 	1
23.25 	0.000176824 	1.55194e-05 	1
23.3125 	0.000226993 	1.7259e-05 	1
23.375 	0.000186495 	1.72312e-05 	1
23.4375 	0.000447049 	3.34402e-05 	1
23.5 	0.000455252 	3.44608e-05 	1
23.5625 	0.000440518 	3.42509e-05 	1
23.625 	0.000374724 	2.7336e-05 	1
23.6875 	0.000294821 	2.55524e-05 	1
23.75 	0.00018437 	1.64649e-05 	1
23.8125 	0.000215745 	1.67193e-05 	1
23.875 	0.000390024 	3.37725e-05 	1
23.9375 	0.000120517 	1.12283e-05 	1
24.0 	0.000326639 	2.60395e-05 	1
24.0625 	0.000454464 	3.28988e-05 	1
24.125 	0.00060197 	4.38547e-05 	1
24.1875 	0.000619994 	4.99026e-05 	1
24.25 	0.000322943 	2.55836e-05 	1
24.3125 	0.000264542 	2.01695e-05 	1
24.375 	0.000268257 	2.06775e-05 	1
24.4375 	0.000279657 	2.39953e-05 	1
24.5 	0.000207718 	1.87318e-05 	1
24.5625 	0.000190095 	1.77771e-05 	1
24.625 	0.000316033 	2.60258e-05 	1
24.6875 	0.000224509 	2.01062e-05 	1
24.75 	0.000625563 	4.82119e-05 	1
24.8125 	0.000372261 	2.85232e-05 	1
24.875 	0.000493781 	3.54569e-05 	1
24.9375 	0.000259442 	2.12835e-05 	1
25.0 	0.000372062 	2.84893e-05 	1
25.0625 	0.000526414 	3.94339e-05 	1
25.125 	0.000196326 	1.68421e-05 	1
25.1875 	9.7781e-05 	2.3417e-06 	2
25.25 	0.00029271 	2.26229e-05 	1
25.3125 	0.000298489 	2.34381e-05 	1
25.375 	0.000323251 	2.60886e-05 	1
25.4375 	0.000356037 	2.80172e-05 	1
25.5 	0.000125789 	1.15029e-05 	1
25.5625 	0.000256378 	1.96296e-05 	1
25.625 	0.000140913 	5.70227e-06 	2
25.6875 	0.00032443 	2.51349e-05 	1
25.75 	0.000319544 	2.78011e-05 	1
25.8125 	0.000301932 	2.38123e-05 	1
25.875 	0.000271006 	2.17002e-05 	1
25.9375 	0.000125553 	1.11763e-05 	1
26.0 	0.000228704 	1.78767e-05 	1
26.0625 	0.000248042 	2.1442e-05 	1
26.125 	0.000297482 	2.43997e-05 	1
26.1875 	0.00029087 	2.2931e-05 	1
26.25 	0.000187887 	1.46723e-05 	1
26.3125 	0.000232354 	1.77073e-05 	1
26.375 	0.000160583 	1.34468e-05 	1
26.4375 	0.000192165 	1.62698e-05 	1
26.5 	0.00042461 	3.38695e-05 	1
26.5625 	0.000399435 	2.99503e-05 	1
26.625 	0.000549197 	3.89415e-05 	1
26.6875 	0.000219399 	2.14543e-05 	1
26.75 	0.000359321 	3.11973e-05 	1
26.8125 	0.000212725 	1.73245e-05 	1
26.875 	0.000310505 	2.45186e-05 	1
26.9375 	0.00013098 	1.28187e-05 	1
27.0 	0.000251944 	1.91906e-05 	1
27.0625 	0.00041565 	3.28807e-05 	1
27.125 	0.000242349 	2.1409e-05 	1
27.1875 	8.32868e-05 	8.712e-06 	1
27.25 	0.000306611 	2.41732e-05 	1
27.3125 	0.000155858 	1.18126e-05 	1
27.375 	0.000242903 	1.9267e-05 	1
27.4375 	0.000205544 	1.66153e-05 	1
27.5 	0.00025206 	2.01109e-05 	1
27.5625 	0.000161426 	5.82305e-06 	2
27.625 	0.000157474 	1.41393e-05 	1
27.6875 	0.000299446 	2.33335e-05 	1
27.75 	0.000156875 	1.51992e-05 	1
27.8125 	0.000308243 	2.99247e-05 	1
27.875 	0.000194056 	1.74337e-05 	1
27.9375 	0.00010862 	1.05336e-05 	1
28.0 	0.000261506 	2.1197e-05 	1
28.0625 	0.000449631 	3.47712e-05 	1
28.125 	0.000390028 	2.95808e-05 	1
28.1875 	9.84617e-05 	8.95292e-06 	1
28.25 	0.000325031 	2.71096e-05 	1
28.3125 	0.000327073 	2.64185e-05 	1
28.375 	0.00017467 	1.44364e-05 	1
28.4375 	0.000285356 	2.37414e-05 	1
28.5 	0.000115512 	3.87186e-06 	2
28.5625 	0.000550752 	4.39499e-05 	1
28.625 	0.000223078 	1.96079e-05 	1
28.6875 	0.00015964 	1.30856e-05 	1
28.75 	5.73938e-05 	6.00919e-06 	1
28.8125 	0.000102208 	8.43973e-06 	1
28.875 	0.00018509 	1.5246e-05 	1
28.9375 	0.000197665 	1.52834e-05 	1
29.0 	0.000245437 	2.23806e-05 	1
29.0625 	0.000498683 	3.5926e-05 	1
29.125 	0.000459613 	3.61247e-05 	1
29.1875 	0.000235717 	1.89711e-05 	1
29.25 	0.00023368 	1.90364e-05 	1
29.3125 	0.000479424 	3.58467e-05 	1
29.375 	0.00013189 	1.18798e-05 	1
29.4375 	0.000271028 	1.9993e-05 	1
29.5 	0.000223416 	2.01487e-05 	1
29.5625 	0.000295643 	2.20904e-05 	1
29.625 	0.000124817 	1.14211e-05 	1
29.6875 	0.000590246 	4.40023e-05 	1
29.75 	0.000311661 	2.3255e-05 	1
29.8125 	0.000418617 	3.15e-05 	1
29.875 	0.000225687 	1.7473e-05 	1
29.9375 	0.000111102 	1.0228e-05 	1
30.0 	0.000254457 	1.12721e-05 	2
30.0625 	9.49698e-05 	5.76864e-06 	2
30.125 	0.000367022 	2.82927e-05 	1
30.1875 	0.000264938 	2.23563e-05 	1
30.25 	0.000119012 	1.017e-05 	1
30.3125 	0.000362608 	2.66982e-05 	1
30.375 	0.00025421 	1.9999e-05 	1
30.4375 	0.000552297 	3.99741e-05 	1
30.5 	0.000256601 	2.01502e-05 	1
30.5625 	0.00040284 	2.98425e-05 	1
30.625 	0.000422831 	3.26022e-05 	1
30.6875 	0.000275794 	2.52538e-05 	1
30.75 	0.000212511 	1.7397e-05 	1
30.8125 	0.00015773 	1.40696e-05 	1
30.875 	0.000209501 	1.92025e-05 	1
30.9375 	0.000115005 	9.67225e-06 	1
31.0 	0.000125232 	1.15157e-05 	1
31.0625 	5.4708e-05 	6.04789e-06 	1
31.125 	0.000112224 	9.83403e-06 	1
31.1875 	0.00020188 	1.54602e-05 	1
31.25 	0.000164477 	1.46338e-05 	1
31.3125 	0.00049721 	3.65123e-05 	1
31.375 	0.000293892 	2.60393e-05 	1
31.4375 	9.74005e-05 	5.03379e-06 	2
31.5 	0.000336882 	2.48732e-05 	1
31.5625 	0.000254021 	2.02828e-05 	1
31.625 	0.000130839 	1.08058e-05 	1
31.6875 	0.00029122 	2.29892e-05 	1
31.75 	0.000327877 	2.49164e-05 	1
31.8125 	0.00029016 	2.45281e-05 	1
31.875 	0.000185682 	1.65528e-05 	1
31.9375 	0.000369385 	2.77239e-05 	1
32.0 	0.000468683 	3.63554e-05 	1
32.0625 	0.000243024 	2.13845e-05 	1
32.125 	0.000212393 	8.40376e-06 	2
32.1875 	0.000294535 	2.26096e-05 	1
32.25 	0.000432485 	3.26177e-05 	1
32.3125 	0.000287185 	2.28899e-05 	1
32.375 	0.000453266 	3.6863e-05 	1
32.4375 	0.000274477 	2.3045e-05 	1
32.5 	0.000510383 	4.27951e-05 	1
32.5625 	0.000100785 	9.8351e-06 	1
32.625 	0.000235916 	1.77849e-05 	1
32.6875 	0.000386513 	2.98563e-05 	1
32.75 	0.000498368 	3.70097e-05 	1
32.8125 	0.000487194 	3.8308e-05 	1
32.875 	0.000466464 	3.42028e-05 	1
32.9375 	0.000222744 	1.71785e-05 	1
33.0 	0.000374966 	2.99049e-05 	1
33.0625 	0.000163249 	1.44624e-05 	1
33.125 	0.000309666 	2.71568e-05 	1
33.1875 	0.000302779 	2.51511e-05 	1
33.25 	0.000223447 	8.38669e-06 	2
33.3125 	0.000226562 	1.8313e-05 	1
33.375 	0.000336972 	2.78858e-05 	1
33.4375 	0.000333313 	2.52996e-05 	1
33.5 	0.000330597 	2.45016e-05 	1
33.5625 	0.000330653 	2.64072e-05 	1
33.625 	0.000212446 	1.99634e-05 	1
33.6875 	0.000313843 	2.48968e-05 	1
33.75 	0.000393668 	3.30149e-05 	1
33.8125 	0.000237349 	1.76387e-05 	1
33.875 	0.000355486 	2.78518e-05 	1
33.9375 	0.000346389 	2.68036e-05 	1
34.0 	0.000540629 	4.51109e-05 	1
34.0625 	0.000314581 	2.51468e-05 	1
34.125 	0.000234878 	2.19427e-05 	1
34.1875 	0.000335308 	2.64874e-05 	1
34.25 	0.000515038 	3.68065e-05 	1
34.3125 	0.000463607 	3.9513e-05 	1
34.375 	0.000164606 	1.4058e-05 	1
34.4375 	0.000256968 	2.19646e-05 	1
34.5 	0.000249782 	1.87095e-05 	1
34.5625 	0.000376124 	2.73792e-05 	1
34.625 	0.000231508 	2.22131e-05 	1
34.6875 	0.000443793 	3.26016e-05 	1
34.75 	0.000350748 	2.93613e-05 	1
34.8125 	0.000185131 	1.70715e-05 	1
34.875 	0.000193821 	1.52724e-05 	1
34.9375 	0.000268611 	2.43384e-05 	1
35.0 	0.000224207 	1.97298e-05 	1
35.0625 	0.000398648 	3.08223e-05 	1
35.125 	0.000484277 	3.60962e-05 	1
35.1875 	0.000120634 	4.68315e-06 	2
35.25 	0.000314557 	2.35937e-05 	1
35.3125 	0.000146682 	1.3282e-05 	1
35.375 	0.000324907 	2.64609e-05 	1
35.4375 	0.000268477 	2.05007e-05 	1
35.5 	0.000198232 	1.60813e-05 	1
35.5625 	0.000490193 	3.75024e-05 	1
35.625 	0.000217722 	1.94959e-05 	1
35.6875 	0.000271844 	2.16035e-05 	1
35.75 	0.000103153 	3.86977e-06 	2
35.8125 	0.000508388 	3.75917e-05 	1
35.875 	0.000198351 	1.82929e-05 	1
35.9375 	0.000132344 	1.31982e-05 	1
36.0 	0.000156455 	1.50235e-05 	1
36.0625 	0.000111038 	4.51823e-06 	2
36.125 	0.000113802 	1.0969e-05 	1
36.1875 	0.000146554 	1.32391e-05 	1
36.25 	0.000296553 	2.18021e-05 	1
36.3125 	0.000224693 	1.88974e-05 	1
36.375 	0.00020193 	1.67999e-05 	1
36.4375 	0.000285481 	2.46684e-05 	1
36.5 	0.000251341 	1.98723e-05 	1
36.5625 	0.000262743 	2.31365e-05 	1
36.625 	0.000566168 	4.29942e-05 	1
36.6875 	0.000133678 	1.32786e-05 	1
36.75 	0.000196798 	1.54928e-05 	1
36.8125 	0.00017168 	1.48769e-05 	1
36.875 	0.000412475 	3.12516e-05 	1
36.9375 	0.00042036 	3.18232e-05 	1
37.0 	0.000331126 	2.5046e-05 	1
37.0625 	0.00027931 	2.27558e-05 	1
37.125 	0.000382813 	2.9398e-05 	1
37.1875 	0.000261365 	2.19073e-05 	1
37.25 	0.000349354 	3.16519e-05 	1
37.3125 	0.000208095 	1.63939e-05 	1
37.375 	0.000433422 	3.13684e-05 	1
37.4375 	0.000299382 	2.44583e-05 	1
37.5 	0.000358423 	3.14989e-05 	1
37.5625 	0.00039056 	3.07366e-05 	1
37.625 	0.000245472 	2.02098e-05 	1
37.6875 	0.000138439 	5.56292e-06 	2
37.75 	0.000170835 	6.21823e-06 	2
37.8125 	0.000328444 	2.39628e-05 	1
37.875 	0.000139985 	1.06128e-05 	1
37.9375 	0.000486219 	3.57027e-05 	1
38.0 	0.000659918 	4.83368e-05 	1
38.0625 	0.000344088 	3.03252e-05 	1
38.125 	0.00052422 	4.03195e-05 	1
38.1875 	0.000243782 	2.06586e-05 	1
38.25 	0.000146839 	1.3708e-05 	1
38.3125 	0.000121144 	1.03854e-05 	1
38.375 	0.000175391 	1.21037e-05 	1
38.4375 	0.000128926 	1.15684e-05 	1
38.5 	0.000199516 	7.39935e-06 	2
38.5625 	0.000243682 	2.22173e-05 	1
38.625 	0.000270384 	2.12626e-05 	1
38.6875 	0.000463791 	3.68501e-05 	1
38.75 	0.000516467 	3.81527e-05 	1
38.8125 	0.000229834 	1.83939e-05 	1
38.875 	0.000179349 	1.51512e-05 	1
38.9375 	0.000169668 	1.23678e-05 	1
39.0 	0.000406779 	3.26358e-05 	1
39.0625 	0.000111488 	5.25865e-06 	2
39.125 	0.000197735 	1.58604e-05 	1
39.1875 	0.000204016 	1.58251e-05 	1
39.25 	0.00045194 	3.50405e-05 	1
39.3125 	0.000283296 	2.3786e-05 	1
39.375 	0.000110841 	3.66482e-06 	2
39.4375 	0.00028464 	2.4628e-05 	1
39.5 	0.000267375 	2.20414e-05 	1
39.5625 	0.000200734 	1.71082e-05 	1
39.625 	0.000342159 	2.59597e-05 	1
39.6875 	0.000122823 	1.11683e-05 	1
39.75 	0.000174725 	1.45606e-05 	1
39.8125 	0.00012073 	1.11843e-05 	1
39.875 	0.000325564 	2.47848e-05 	1
39.9375 	0.000326644 	2.57937e-05 	1
40.0 	0.000685795 	5.16703e-05 	1
40.0625 	0.000208482 	1.92269e-05 	1
40.125 	0.000238419 	2.06259e-05 	1
40.1875 	0.000227316 	1.86217e-05 	1
40.25 	0.000401495 	3.23823e-05 	1
40.3125 	0.000541904 	3.85948e-05 	1
40.375 	0.000162929 	1.507e-05 	1
40.4375 	0.000277456 	2.16333e-05 	1
40.5 	0.000165796 	7.40658e-06 	2
40.5625 	0.000383341 	2.83342e-05 	1
40.625 	0.000125921 	4.50982e-06 	2
40.6875 	0.00033023 	2.46778e-05 	1
40.75 	0.00026093 	2.05954e-05 	1
40.8125 	0.000156582 	1.41167e-05 	1
40.875 	0.00055734 	4.42533e-05 	1
40.9375 	0.000496495 	3.71501e-05 	1
41.0 	0.000344778 	2.53532e-05 	1
41.0625 	0.00024085 	2.0055e-05 	1
41.125 	0.000302212 	2.40659e-05 	1
41.1875 	0.000338706 	2.82323e-05 	1
41.25 	0.000345063 	3.30624e-05 	1
41.3125 	0.000345951 	2.68955e-05 	1
41.375 	0.000146408 	1.27407e-05 	1
41.4375 	0.000249103 	2.23361e-05 	1
41.5 	0.000126389 	1.14444e-05 	1
41.5625 	0.000509984 	3.62119e-05 	1
41.625 	0.000146267 	4.97704e-06 	2
41.6875 	0.000213837 	1.86565e-05 	1
41.75 	7.4742e-05 	7.36895e-06 	1
41.8125 	0.000231754 	1.80187e-05 	1
41.875 	0.000238032 	2.02534e-05 	1
41.9375 	0.000343674 	2.69853e-05 	1
42.0 	0.000299623 	2.65902e-05 	1
42.0625 	7.43701e-05 	7.76104e-06 	1
42.125 	0.000225636 	1.72001e-05 	1
42.1875 	0.000193273 	7.76329e-06 	2
42.25 	0.000234607 	1.9852e-05 	1
42.3125 	0.000332268 	2.5082e-05 	1
42.375 	0.00019117 	1.53935e-05 	1
42.4375 	0.00026712 	2.06983e-05 	1
42.5 	0.000173516 	1.59825e-05 	1
42.5625 	0.000188909 	1.58805e-05 	1
42.625 	0.000222505 	1.99748e-05 	1
42.6875 	0.000108404 	1.00547e-05 	1
42.75 	0.000260236 	2.14057e-05 	1
42.8125 	0.000196844 	1.51938e-05 	1
42.875 	0.000143074 	1.23257e-05 	1
42.9375 	0.000473328 	3.56068e-05 	1
43.0 	0.000243124 	1.97459e-05 	1
43.0625 	0.000464698 	3.43464e-05 	1
43.125 	0.000227507 	1.96484e-05 	1
43.1875 	0.000208243 	1.68562e-05 	1
43.25 	0.000308215 	2.70635e-05 	1
43.3125 	0.00022848 	2.00958e-05 	1
43.375 	0.000200056 	1.61361e-05 	1
43.4375 	0.000470659 	3.65962e-05 	1
43.5 	0.000106843 	9.91233e-06 	1
43.5625 	0.000226553 	1.95932e-05 	1
43.625 	0.000440075 	3.29728e-05 	1
43.6875 	0.000206371 	1.61547e-05 	1
43.75 	0.000152604 	1.26103e-05 	1
43.8125 	0.000175631 	1.31296e-05 	1
43.875 	0.000225683 	1.82046e-05 	1
43.9375 	0.000460594 	3.76626e-05 	1
44.0 	0.000278926 	2.15111e-05 	1
44.0625 	0.000143487 	1.41731e-05 	1
44.125 	0.000237123 	1.86242e-05 	1
44.1875 	0.000337372 	2.77851e-05 	1
44.25 	0.000113283 	8.41197e-06 	2
44.3125 	0.000188238 	1.53256e-05 	1
44.375 	0.000183749 	1.75548e-05 	1
44.4375 	0.000395386 	2.95472e-05 	1
44.5 	0.000544154 	3.98716e-05 	1
44.5625 	0.000552709 	4.25804e-05 	1
44.625 	0.000184526 	1.41952e-05 	1
44.6875 	0.000179924 	1.52489e-05 	1
44.75 	0.000153712 	1.46975e-05 	1
44.8125 	0.000203888 	1.67901e-05 	1
44.875 	0.000302001 	2.50541e-05 	1
44.9375 	0.000524725 	3.87375e-05 	1
45.0 	0.000170802 	7.38944e-06 	2
45.0625 	0.000181703 	1.52436e-05 	1
45.125 	0.000284286 	2.3359e-05 	1
45.1875 	0.000375965 	2.83361e-05 	1
45.25 	0.000507531 	3.61343e-05 	1
45.3125 	0.000221302 	1.97316e-05 	1
45.375 	0.000281394 	2.24944e-05 	1
45.4375 	0.000120939 	4.80675e-06 	2
45.5 	0.000280157 	2.30072e-05 	1
45.5625 	0.000408057 	3.13559e-05 	1
45.625 	0.000121885 	1.10987e-05 	1
45.6875 	0.000341765 	2.84851e-05 	1
45.75 	0.000442614 	3.1559e-05 	1
45.8125 	0.000219339 	1.71254e-05 	1
45.875 	0.000176929 	1.30455e-05 	1
45.9375 	0.000261228 	2.14053e-05 	1
46.0 	0.000182483 	1.48831e-05 	1
46.0625 	0.000588291 	4.16647e-05 	1
46.125 	0.000140923 	1.23687e-05 	1
46.1875 	6.27063e-05 	6.75343e-06 	1
46.25 	0.0002151 	1.74406e-05 	1
46.3125 	0.000216819 	1.66824e-05 	1
46.375 	0.000454357 	3.39771e-05 	1
46.4375 	0.000225606 	1.95547e-05 	1
46.5 	0.000180386 	1.53656e-05 	1
46.5625 	0.000183196 	1.55147e-05 	1
46.625 	0.000372506 	2.86741e-05 	1
46.6875 	0.000182876 	1.59469e-05 	1
46.75 	0.000376068 	2.83877e-05 	1
46.8125 	0.000495193 	3.67919e-05 	1
46.875 	0.00013029 	1.14528e-05 	1
46.9375 	0.00033011 	2.97241e-05 	1
47.0 	0.000363084 	2.69738e-05 	1
47.0625 	0.000308834 	2.45451e-05 	1
47.125 	0.00049229 	3.60437e-05 	1
47.1875 	0.000293544 	2.28882e-05 	1
47.25 	0.000441474 	3.29868e-05 	1
47.3125 	0.000402186 	3.27618e-05 	1
47.375 	0.000321155 	2.6085e-05 	1
47.4375 	0.000336033 	2.58205e-05 	1
47.5 	0.000227652 	1.92653e-05 	1
47.5625 	0.000270693 	2.16424e-05 	1
47.625 	0.000161007 	1.42961e-05 	1
47.6875 	0.000213378 	1.83879e-05 	1
47.75 	0.000137282 	1.11017e-05 	1
47.8125 	0.000220835 	1.85085e-05 	1
47.875 	0.000162675 	1.21796e-05 	1
47.9375 	0.000196067 	1.651e-05 	1
48.0 	0.000179646 	1.50557e-05 	1
48.0625 	0.000174219 	1.23938e-05 	2
48.125 	0.000493334 	3.8237e-05 	1
48.1875 	0.000413572 	3.08027e-05 	1
48.25 	0.000386868 	3.06519e-05 	1
48.3125 	0.000196131 	1.00167e-05 	2
48.375 	0.000687189 	5.07834e-05 	1
48.4375 	0.000292955 	2.59085e-05 	1
48.5 	0.000400295 	3.47881e-05 	1
48.5625 	0.000246392 	2.16923e-05 	1
48.625 	0.00027719 	2.18782e-05 	1
48.6875 	0.000338865 	2.70108e-05 	1
48.75 	0.000115049 	4.60374e-06 	2
48.8125 	0.000527678 	3.84109e-05 	1
48.875 	0.000332222 	2.47071e-05 	1
48.9375 	0.000129674 	1.23104e-05 	1
49.0 	0.000117654 	1.07114e-05 	1
49.0625 	0.000498578 	3.59352e-05 	1
49.125 	0.000365787 	3.03555e-05 	1
49.1875 	0.000112636 	4.74805e-06 	2
49.25 	0.000117809 	1.11461e-05 	1
49.3125 	0.000176614 	1.52051e-05 	1
49.375 	0.000467874 	3.36169e-05 	1
49.4375 	0.000213945 	1.98919e-05 	1
49.5 	0.000268914 	2.09711e-05 	1
49.5625 	0.000126179 	1.03289e-05 	1
49.625 	0.00010129 	9.64451e-06 	1
49.6875 	0.000210429 	1.65414e-05 	1
49.75 	0.000119564 	4.02492e-06 	2
49.8125 	5.04113e-05 	6.75227e-06 	1
49.875 	7.48059e-05 	8.88473e-06 	1
49.9375 	0.000118478 	1.05485e-05 	1
50.0 	8.96067e-05 	8.16244e-06 	1
50.0625 	0.000225188 	1.76305e-05 	1
50.125 	0.000340873 	2.6005e-05 	1
50.1875 	0.000382603 	3.12977e-05 	1
50.25 	0.000392225 	3.29446e-05 	1
50.3125 	0.000149823 	1.16095e-05 	1
50.375 	0.000333972 	2.74572e-05 	1
50.4375 	0.000229932 	1.89914e-05 	1
50.5 	0.000218311 	2.02374e-05 	1
50.5625 	0.000268767 	2.0625e-05 	1
50.625 	0.000548183 	3.96143e-05 	1
50.6875 	0.000197021 	1.87396e-05 	1
50.75 	0.000180692 	1.70571e-05 	1
50.8125 	0.000259453 	2.3756e-05 	1
50.875 	0.000107635 	9.63221e-06 	1
50.9375 	0.000310638 	2.56974e-05 	1
51.0 	0.000266626 	2.13638e-05 	1
51.0625 	0.00036702 	2.99126e-05 	1
51.125 	0.000216165 	1.93493e-05 	1
51.1875 	0.000582274 	4.21894e-05 	1
51.25 	0.000283566 	2.21977e-05 	1
51.3125 	0.000510675 	3.71923e-05 	1
51.375 	0.000193281 	1.62937e-05 	1
51.4375 	0.000240951 	1.96274e-05 	1
51.5 	0.000479056 	3.51731e-05 	1
51.5625 	0.000312175 	2.34842e-05 	1
51.625 	0.000138686 	1.23745e-05 	1
51.6875 	0.000363216 	2.82886e-05 	1
51.75 	0.000225976 	1.77664e-05 	1
51.8125 	0.000146794 	1.27915e-05 	1
51.875 	0.000140984 	1.36174e-05 	1
51.9375 	8.91097e-05 	8.78502e-06 	1
52.0 	0.0002384 	2.06417e-05 	1
52.0625 	0.000563204 	4.38149e-05 	1
52.125 	0.000347731 	2.52137e-05 	1
52.1875 	0.000208438 	2.04825e-05 	1
52.25 	0.000304123 	2.84333e-05 	1
52.3125 	0.000273237 	2.2676e-05 	1
52.375 	0.000673123 	4.91856e-05 	1
52.4375 	0.000246526 	2.07097e-05 	1
52.5 	0.000222735 	1.84869e-05 	1
52.5625 	0.000260912 	2.22708e-05 	1
52.625 	0.000228604 	1.98278e-05 	1
52.6875 	0.00014791 	1.30423e-05 	1
52.75 	0.000139287 	1.27263e-05 	1
52.8125 	0.000257796 	2.04021e-05 	1
52.875 	0.000357012 	2.60595e-05 	1
52.9375 	0.000139722 	7.40607e-06 	2
53.0 	0.000107271 	3.73149e-06 	2
53.0625 	0.00016933 	1.35205e-05 	1
53.125 	0.000100539 	3.28405e-06 	2
53.1875 	0.000301112 	2.2772e-05 	1
53.25 	0.000345264 	2.65425e-05 	1
53.3125 	0.000102196 	1.01953e-05 	1
53.375 	0.000281482 	2.25147e-05 	1
53.4375 	8.48734e-05 	7.82197e-06 	1
53.5 	0.000283967 	2.32932e-05 	1
53.5625 	0.000341759 	2.80399e-05 	1
53.625 	0.00022433 	1.9881e-05 	1
53.6875 	0.000237011 	1.88181e-05 	1
53.75 	0.00055554 	4.18173e-05 	1
53.8125 	0.00030584 	2.63859e-05 	1
53.875 	0.000242067 	2.26563e-05 	1
53.9375 	0.000169073 	5.08517e-06 	2
54.0 	0.000120788 	1.1073e-05 	1
54.0625 	0.000410479 	3.31676e-05 	1
54.125 	0.000419014 	3.29455e-05 	1
54.1875 	0.000230817 	2.21744e-05 	1
54.25 	0.000223707 	1.90419e-05 	1
54.3125 	0.000232563 	1.90107e-05 	1
54.375 	0.000237147 	2.18968e-05 	1
54.4375 	0.000191351 	1.5842e-05 	1
54.5 	0.000422958 	3.10013e-05 	1
54.5625 	0.000303592 	2.32424e-05 	1
54.625 	0.00020718 	1.90004e-05 	1
54.6875 	0.000282218 	2.23519e-05 	1
54.75 	0.00035013 	2.5538e-05 	1
54.8125 	0.000470386 	3.50006e-05 	1
54.875 	0.000583674 	4.48334e-05 	1
54.9375 	0.000250259 	2.19532e-05 	1
55.0 	0.000232293 	1.94755e-05 	1
55.0625 	0.000486229 	3.51335e-05 	1
55.125 	0.00035853 	2.90598e-05 	1
55.1875 	0.000231238 	1.76726e-05 	1
55.25 	8.0846e-05 	8.71372e-06 	1
55.3125 	0.000441538 	3.48006e-05 	1
55.375 	0.00031857 	3.04383e-05 	1
55.4375 	0.000275021 	2.57645e-05 	1
55.5 	0.000225586 	1.8835e-05 	1
55.5625 	0.000157227 	1.37995e-05 	1
55.625 	0.000257009 	2.13818e-05 	1
55.6875 	0.000277352 	2.35047e-05 	1
55.75 	0.000436144 	3.30818e-05 	1
55.8125 	0.000264387 	2.09958e-05 	1
55.875 	0.000183187 	1.65183e-05 	1
55.9375 	0.000417768 	3.16701e-05 	1
56.0 	0.00054771 	4.0915e-05 	1
56.0625 	0.000347686 	2.76857e-05 	1
56.125 	0.000471865 	3.67615e-05 	1
56.1875 	0.000426586 	3.20255e-05 	1
56.25 	0.000151531 	1.19822e-05 	1
56.3125 	0.000224353 	1.68824e-05 	1
56.375 	0.000299951 	2.52854e-05 	1
56.4375 	0.000276964 	2.16332e-05 	1
56.5 	0.000185899 	1.82289e-05 	1
56.5625 	0.00024007 	1.87909e-05 	1
56.625 	0.000317902 	2.87155e-05 	1
56.6875 	0.000183604 	1.69615e-05 	1
56.75 	0.000437041 	3.43695e-05 	1
56.8125 	0.000113759 	3.66484e-06 	2
56.875 	0.000225112 	1.89759e-05 	1
56.9375 	0.000143577 	1.27665e-05 	1
57.0 	0.000353249 	2.66464e-05 	1
57.0625 	0.000368287 	3.14679e-05 	1
57.125 	0.000459752 	3.2918e-05 	1
57.1875 	0.000262404 	2.15215e-05 	1
57.25 	0.000128539 	1.18909e-05 	1
57.3125 	0.000121144 	1.16529e-05 	1
57.375 	0.000386901 	3.02831e-05 	1
57.4375 	0.000157287 	1.50523e-05 	1
57.5 	0.00017492 	1.3182e-05 	1
57.5625 	0.000260317 	2.42785e-05 	1
57.625 	0.000263731 	2.10854e-05 	1
57.6875 	0.000325005 	2.65436e-05 	1
57.75 	0.00036969 	2.7423e-05 	1
57.8125 	0.00012839 	1.12724e-05 	3
57.875 	0.000348998 	2.61764e-05 	1
57.9375 	0.000151286 	1.28231e-05 	1
58.0 	0.000223119 	1.69468e-05 	1
58.0625 	0.000200933 	1.6769e-05 	1
58.125 	0.000328135 	2.5071e-05 	1
58.1875 	0.000313951 	2.57326e-05 	1
58.25 	0.000376313 	2.7069e-05 	1
58.3125 	0.000280004 	2.52306e-05 	1
58.375 	0.000432175 	3.26498e-05 	1
58.4375 	0.000252824 	2.22856e-05 	1
58.5 	0.000513607 	3.8661e-05 	1
58.5625 	0.000259783 	2.17664e-05 	1
58.625 	0.000194843 	1.83049e-05 	1
58.6875 	0.000253722 	2.26126e-05 	1
58.75 	0.00018031 	1.36566e-05 	1
58.8125 	0.000246734 	1.89833e-05 	1
58.875 	0.000521287 	4.22215e-05 	1
58.9375 	0.000226076 	2.22576e-05 	1
59.0 	0.000138094 	1.28841e-05 	1
59.0625 	0.000311992 	2.58402e-05 	1
59.125 	0.000119715 	1.16416e-05 	1
59.1875 	0.000344992 	2.77183e-05 	1
59.25 	0.000407363 	3.30034e-05 	1
59.3125 	0.000373885 	2.89494e-05 	1
59.375 	0.000117275 	1.15302e-05 	1
59.4375 	0.000155333 	5.58115e-06 	2
59.5 	0.000176271 	1.4017e-05 	1
59.5625 	0.00026555 	2.22924e-05 	1
59.625 	0.000212838 	1.80911e-05 	1
59.6875 	0.000312817 	2.61226e-05 	1
59.75 	0.000177306 	1.64212e-05 	1
59.8125 	0.000245303 	2.10183e-05 	1
59.875 	0.000456099 	3.34294e-05 	1
59.9375 	0.00022076 	1.94172e-05 	1
60.0 	0.00034991 	2.96807e-05 	1
60.0625 	0.000200979 	1.63057e-05 	1
60.125 	0.000215934 	1.91818e-05 	1
60.1875 	8.5582e-05 	8.6576e-06 	1
60.25 	0.000177912 	1.57207e-05 	1
60.3125 	0.000323059 	2.58023e-05 	1
60.375 	0.000102014 	8.61553e-06 	1
60.4375 	0.000169773 	1.60808e-05 	1
60.5 	0.00033669 	2.78121e-05 	1
60.5625 	0.000218033 	1.68734e-05 	1
60.625 	0.000135773 	1.27066e-05 	1
60.6875 	0.000306179 	2.49689e-05 	1
60.75 	0.000173962 	1.4465e-05 	1
60.8125 	0.000210911 	1.59749e-05 	1
60.875 	0.000115107 	1.04223e-05 	1
60.9375 	0.000185642 	1.5045e-05 	1
61.0 	0.00039914 	2.83565e-05 	1
61.0625 	0.000381052 	2.94923e-05 	1
61.125 	0.000198309 	1.55606e-05 	1
61.1875 	0.000482262 	3.51703e-05 	1
61.25 	0.000595057 	4.51199e-05 	1
61.3125 	0.000218487 	1.71707e-05 	1
61.375 	0.000593188 	4.31127e-05 	1
61.4375 	0.00017684 	6.1078e-06 	2
61.5 	0.000555488 	3.9957e-05 	1
61.5625 	0.000523141 	3.79497e-05 	1
61.625 	0.000148388 	1.43521e-05 	1
61.6875 	0.000358601 	2.74336e-05 	1
61.75 	0.000136375 	1.18721e-05 	1
61.8125 	0.000386761 	2.99887e-05 	1
61.875 	0.000571078 	4.29544e-05 	1
61.9375 	0.000227836 	1.72517e-05 	1
62.0 	0.000301241 	2.54275e-05 	1
62.0625 	0.00025939 	2.17299e-05 	1
62.125 	0.000294893 	2.41059e-05 	1
62.1875 	0.000286744 	2.0774e-05 	1
62.25 	0.000482288 	3.53302e-05 	1
62.3125 	0.000119131 	1.15901e-05 	1
62.375 	0.000228985 	1.79444e-05 	1
62.4375 	0.000255494 	2.22669e-05 	1
62.5 	0.000210528 	1.72026e-05 	1
62.5625 	0.000358615 	2.76373e-05 	1
62.625 	8.38657e-05 	9.16105e-06 	1
62.6875 	0.000172177 	1.52776e-05 	1
62.75 	0.000395563 	3.0765e-05 	1
62.8125 	0.000289076 	2.19172e-05 	1
62.875 	0.000100494 	8.78685e-06 	1
62.9375 	0.000457908 	3.34199e-05 	1
63.0 	0.000244076 	2.28509e-05 	1
63.0625 	0.000148742 	1.46702e-05 	1
63.125 	0.000160992 	1.3358e-05 	1
63.1875 	0.00011841 	9.77259e-06 	1
63.25 	0.000212437 	1.84314e-05 	1
63.3125 	0.000573633 	4.31473e-05 	1
63.375 	0.000269337 	2.39099e-05 	1
63.4375 	0.000151577 	1.29276e-05 	1
63.5 	0.000304344 	2.39195e-05 	1
63.5625 	0.000232133 	2.15208e-05 	1
63.625 	0.000167082 	1.37255e-05 	1
63.6875 	0.000141619 	1.25996e-05 	1
63.75 	0.000330358 	2.90917e-05 	1
63.8125 	0.000174459 	1.71174e-05 	1
63.875 	0.000247919 	2.01895e-05 	1
63.9375 	0.00034292 	2.80055e-05 	1
64.0 	0.00031144 	2.33532e-05 	1
64.0625 	0.000199608 	1.77895e-05 	1
64.125 	0.00033207 	3.06381e-05 	1
64.1875 	0.000263988 	2.34304e-05 	1
64.25 	0.000305607 	2.35812e-05 	1
64.3125 	0.000148794 	1.36502e-05 	1
64.375 	0.000135268 	1.07896e-05 	1
64.4375 	0.000173325 	1.60978e-05 	1
64.5 	0.000202605 	1.53869e-05 	1
64.5625 	0.00014442 	1.43852e-05 	1
64.625 	0.000134317 	1.0983e-05 	1
64.6875 	0.000234229 	1.79323e-05 	1
64.75 	0.000415083 	3.55005e-05 	1
64.8125 	0.000357159 	2.67161e-05 	1
64.875 	0.000334546 	2.72372e-05 	1
64.9375 	0.000310048 	2.69056e-05 	1
65.0 	0.000182405 	1.5343e-05 	1
65.0625 	0.000294399 	2.4629e-05 	1
65.125 	0.000378877 	3.35928e-05 	1
65.1875 	0.000358277 	2.81152e-05 	1
65.25 	0.000176734 	1.68871e-05 	1
65.3125 	9.71584e-05 	8.96589e-06 	1
65.375 	0.000166077 	1.47603e-05 	1
65.4375 	0.000130766 	1.07681e-05 	1
65.5 	0.000150424 	1.19048e-05 	1
65.5625 	6.66741e-05 	7.16758e-06 	1
65.625 	0.000223877 	1.85572e-05 	1
65.6875 	0.000108944 	4.9579e-06 	2
65.75 	0.000372949 	3.11146e-05 	1
65.8125 	0.000227159 	1.97935e-05 	1
65.875 	0.000411398 	3.28142e-05 	1
65.9375 	0.000359866 	2.71223e-05 	1
66.0 	0.00016349 	1.41261e-05 	1
66.0625 	0.000174696 	1.65616e-05 	1
66.125 	0.000218571 	1.68316e-05 	1
66.1875 	0.000184685 	1.58559e-05 	1
66.25 	0.000210259 	1.71502e-05 	1
66.3125 	0.000169241 	1.2985e-05 	1
66.375 	0.000236952 	1.90446e-05 	1
66.4375 	0.000474848 	3.62349e-05 	1
66.5 	0.000147931 	1.36966e-05 	1
66.5625 	0.000262535 	2.34859e-05 	1
66.625 	0.000192917 	1.48002e-05 	1
66.6875 	5.85871e-05 	6.76175e-06 	1
66.75 	0.000205495 	1.76535e-05 	1
66.8125 	0.000205626 	1.71299e-05 	1
66.875 	0.000462923 	3.48275e-05 	1
66.9375 	0.000153562 	1.43588e-05 	1
67.0 	0.000215426 	1.67163e-05 	1
67.0625 	9.63011e-05 	9.26435e-06 	1
67.125 	0.000166466 	1.53684e-05 	1
67.1875 	0.000172996 	1.3662e-05 	1
67.25 	0.000165128 	1.46533e-05 	1
67.3125 	0.000121378 	1.13689e-05 	1
67.375 	0.000169928 	1.57922e-05 	1
67.4375 	0.000208939 	1.7607e-05 	1
67.5 	0.000231988 	2.04404e-05 	1
67.5625 	0.000545786 	4.11471e-05 	1
67.625 	0.000174753 	1.39465e-05 	1
67.6875 	0.000174451 	1.33972e-05 	1
67.75 	6.78451e-05 	9.00035e-06 	1
67.8125 	0.000104322 	4.23817e-06 	2
67.875 	0.000375622 	2.84111e-05 	1
67.9375 	0.000192 	1.59789e-05 	1
68.0 	0.000219936 	1.96721e-05 	1
68.0625 	0.000193465 	1.56094e-05 	1
68.125 	0.000161842 	6.9871e-06 	2
68.1875 	0.000546234 	4.05993e-05 	1
68.25 	0.000203249 	1.79124e-05 	1
68.3125 	0.000189353 	1.73185e-05 	1
68.375 	0.000276128 	2.33011e-05 	1
68.4375 	0.000211372 	1.70074e-05 	1
68.5 	0.000419079 	3.07039e-05 	1
68.5625 	0.000266016 	2.10614e-05 	1
68.625 	0.000576779 	4.1274e-05 	1
68.6875 	0.000209485 	1.79218e-05 	1
68.75 	0.000276854 	2.31312e-05 	1
68.8125 	0.0002479 	2.45055e-05 	1
68.875 	0.000449205 	3.53788e-05 	1
68.9375 	0.000266615 	2.01572e-05 	1
69.0 	0.000311236 	2.98621e-05 	1
69.0625 	0.000141796 	1.40553e-05 	1
69.125 	0.000111823 	8.88964e-06 	2
69.1875 	0.000342086 	2.62432e-05 	1
69.25 	0.000337654 	2.62233e-05 	1
69.3125 	0.000427586 	3.14052e-05 	1
69.375 	0.000237933 	1.84934e-05 	1
69.4375 	0.00013676 	1.33177e-05 	1
69.5 	0.000328781 	2.79007e-05 	1
69.5625 	0.000312516 	2.43442e-05 	1
69.625 	0.000320631 	2.49467e-05 	1
69.6875 	0.000275329 	2.17743e-05 	1
69.75 	0.000231793 	1.85511e-05 	1
69.8125 	0.0001983 	1.68297e-05 	1
69.875 	0.00012945 	1.13099e-05 	1
69.9375 	0.000133091 	1.22165e-05 	1
70.0 	0.000424085 	3.27532e-05 	1
