# time 	Initial 	Final 	Iterations
0.333274 	0.00033142 	8.41162e-05 	1
0.579973 	0.000316204 	7.24845e-05 	2
0.642226 	0.000119454 	4.11013e-05 	1
0.70448 	0.000182574 	7.31982e-05 	2
0.766734 	0.000273438 	9.52006e-05 	3
0.828988 	0.00022789 	8.28938e-05 	2
1.01575 	0.000170305 	6.40981e-05 	2
1.26477 	0.000218674 	9.62777e-05 	1
1.38927 	0.00026957 	6.99992e-05 	1
1.45153 	0.000237679 	7.40931e-05 	1
1.51378 	0.000435286 	7.15921e-05 	1
1.57604 	0.000245091 	6.41792e-05 	2
1.7628 	0.000177796 	6.78434e-05 	1
1.8873 	0.000289121 	6.83553e-05 	1
1.94956 	0.000157452 	8.21714e-05 	1
2.07407 	0.000287788 	7.81472e-05 	3
2.19857 	0.00017627 	5.49629e-05 	1
2.26083 	9.35905e-05 	9.35905e-05 	0
2.32308 	0.000194329 	4.83131e-05 	1
2.38534 	0.000118288 	7.06397e-05 	1
2.44759 	0.000309103 	7.78367e-05 	1
2.63435 	0.000261594 	9.20011e-05 	1
2.69661 	0.000203271 	8.10207e-05 	2
2.88337 	0.000159106 	6.14717e-05 	1
2.94562 	0.000205605 	8.58918e-05 	1
3.07013 	0.000237329 	7.43359e-05 	1
3.13238 	0.000117614 	3.65838e-05 	1
3.19464 	0.00029781 	7.17753e-05 	1
3.25689 	0.000382382 	6.63546e-05 	1
3.31914 	0.000344189 	8.72759e-05 	1
3.3814 	0.000175988 	7.68829e-05 	1
3.44365 	0.000275194 	9.49137e-05 	1
3.50591 	0.000232412 	6.67254e-05 	1
3.56816 	0.000122194 	2.39996e-05 	1
3.69267 	0.000290975 	5.38223e-05 	1
3.75492 	0.00020114 	6.3605e-05 	2
3.81718 	0.000220107 	7.81022e-05 	2
3.87943 	0.00037156 	7.49655e-05 	1
4.00394 	0.000196499 	7.14266e-05 	2
4.06619 	0.000257398 	6.73874e-05 	1
4.12845 	0.000289178 	6.13119e-05 	1
4.1907 	0.000252652 	6.92554e-05 	1
4.25295 	0.000238788 	7.21354e-05 	2
4.31521 	0.000419449 	8.31065e-05 	1
4.37746 	0.000218705 	5.85743e-05 	1
4.50197 	0.00038612 	7.80055e-05 	1
4.56422 	0.00027895 	7.82475e-05 	1
4.62648 	0.000204625 	4.91164e-05 	1
4.68873 	0.000261044 	9.23816e-05 	1
4.81324 	0.000172799 	4.8652e-05 	1
4.87549 	0.000218049 	7.53263e-05 	2
4.93775 	0.000509873 	9.51018e-05 	1
5.0 	0.000182207 	7.82626e-05 	1
5.0625 	0.000218474 	7.13123e-05 	1
5.125 	0.000170905 	8.34542e-05 	1
5.25 	0.000277734 	6.69766e-05 	1
5.3125 	0.00018487 	7.07413e-05 	1
5.375 	0.000156832 	9.83119e-05 	1
5.5 	0.000472518 	7.29067e-05 	1
5.5625 	0.000393263 	7.05015e-05 	1
5.625 	0.000398796 	8.45147e-05 	1
5.6875 	0.00015618 	5.45609e-05 	1
5.75 	0.000191966 	6.23262e-05 	1
5.8125 	0.000249081 	8.14697e-05 	1
5.875 	0.000255773 	7.34191e-05 	1
5.9375 	0.000326826 	6.97207e-05 	1
6.0 	0.000210177 	5.75415e-05 	1
6.125 	0.000154055 	7.53204e-05 	1
6.1875 	0.00017253 	4.05873e-05 	1
6.25 	0.000250028 	6.01874e-05 	1
6.4375 	0.00032986 	7.93638e-05 	1
6.75 	0.000358696 	6.69759e-05 	1
6.8125 	0.000212827 	9.87286e-05 	1
6.9375 	0.000179274 	9.83338e-05 	1
7.125 	0.000315033 	7.664e-05 	1
7.1875 	0.000222681 	7.93256e-05 	2
7.25 	0.000445293 	7.57788e-05 	1
7.4375 	0.00011308 	5.88045e-05 	2
7.5625 	0.000197808 	9.36375e-05 	1
7.625 	0.000182923 	7.53504e-05 	1
7.6875 	0.000144028 	5.35816e-05 	1
7.8125 	0.000202278 	5.65275e-05 	1
7.9375 	0.000201034 	6.3409e-05 	1
8.0 	0.000506138 	9.84303e-05 	1
8.0625 	0.000218948 	7.48937e-05 	1
8.125 	0.000218927 	8.81807e-05 	1
8.25 	0.000462158 	8.01057e-05 	1
8.3125 	0.000522503 	8.10437e-05 	1
8.375 	0.000400393 	7.00962e-05 	1
8.4375 	0.000361394 	7.63662e-05 	2
8.5 	0.000199082 	5.70273e-05 	1
8.5625 	0.000228801 	5.57172e-05 	1
8.8125 	0.000304881 	6.65061e-05 	2
8.9375 	0.000499692 	6.42429e-05 	1
9.0 	0.000286168 	6.93336e-05 	1
9.0625 	0.000142698 	9.32299e-05 	1
9.1875 	0.000286689 	7.18658e-05 	1
9.25 	0.000330172 	6.82036e-05 	1
9.3125 	0.000218384 	6.39938e-05 	1
9.375 	0.000359367 	8.04611e-05 	1
9.4375 	0.000119563 	5.04455e-05 	1
9.5625 	0.000135867 	5.73298e-05 	1
9.625 	0.000210024 	9.74073e-05 	1
9.6875 	0.000145754 	9.67829e-05 	2
9.8125 	0.000142066 	7.94536e-05 	1
9.9375 	0.000190679 	4.58566e-05 	1
10.0 	0.000159145 	9.79785e-05 	1
10.0625 	0.000199857 	6.01767e-05 	1
10.1875 	0.000163 	7.82181e-05 	1
10.3125 	0.000298607 	7.8686e-05 	1
10.625 	0.000260299 	6.95515e-05 	1
10.6875 	0.000273572 	5.25687e-05 	2
10.75 	0.000177536 	5.41521e-05 	1
10.8125 	0.000330496 	7.87136e-05 	1
10.875 	0.000236262 	5.36391e-05 	2
11.0 	0.000156873 	7.4863e-05 	1
11.0625 	0.000132776 	8.15762e-05 	1
11.1875 	0.000171346 	4.24432e-05 	1
11.4375 	0.000126284 	3.58448e-05 	1
11.5625 	0.000142514 	5.163e-05 	1
11.625 	0.000255172 	8.04333e-05 	1
11.6875 	0.000372202 	7.57425e-05 	1
11.75 	0.000261612 	5.38511e-05 	2
11.8125 	0.000448639 	7.31307e-05 	1
11.875 	0.000303947 	6.83049e-05 	1
11.9375 	0.000143949 	6.03997e-05 	1
12.0 	0.000321336 	7.72432e-05 	1
12.0625 	0.000167485 	6.07068e-05 	1
12.1875 	0.000165313 	5.9217e-05 	1
12.25 	0.000323417 	2.90276e-05 	2
12.3125 	0.000107779 	4.53619e-05 	1
12.375 	0.000235499 	6.82749e-05 	1
12.5625 	0.000205848 	9.55468e-05 	1
12.625 	0.000404058 	8.72751e-05 	1
12.6875 	0.000217581 	9.59871e-05 	1
12.8125 	0.00045041 	8.10985e-05 	1
12.875 	0.000466653 	9.32648e-05 	1
13.0 	0.000180986 	6.51986e-05 	1
13.0625 	0.00028368 	7.97328e-05 	2
13.1875 	0.000195848 	6.91614e-05 	1
13.25 	0.000171887 	7.50402e-05 	1
13.375 	0.000216723 	7.28976e-05 	1
13.4375 	0.000393415 	8.73034e-05 	1
13.5 	0.000123304 	6.05587e-05 	1
13.5625 	0.000297374 	8.19997e-05 	1
13.625 	0.000167124 	7.24783e-05 	1
13.6875 	0.000397759 	9.20864e-05 	1
14.0 	0.000182832 	8.54718e-05 	1
14.0625 	0.000173641 	4.46873e-05 	1
14.125 	0.000274866 	5.79593e-05 	1
14.1875 	0.000284409 	7.92362e-05 	1
14.3125 	0.000163224 	6.91465e-05 	1
14.375 	0.000366349 	8.30004e-05 	1
14.4375 	0.000176713 	6.37068e-05 	1
14.5 	0.000183258 	6.79067e-05 	1
14.625 	0.000318475 	6.72484e-05 	1
14.6875 	0.000465181 	7.24436e-05 	1
14.75 	0.0003178 	9.88266e-05 	1
14.8125 	0.000155453 	6.50328e-05 	1
14.9375 	0.000180273 	8.46546e-05 	1
15.0 	0.00017387 	8.06879e-05 	1
15.1875 	0.000193341 	6.8556e-05 	1
15.25 	0.000394651 	5.6401e-05 	1
15.3125 	0.000195262 	5.49413e-05 	1
15.375 	0.000155084 	8.08009e-05 	1
15.4375 	0.000765088 	8.39723e-05 	1
15.5 	0.000460401 	8.84701e-05 	1
15.5625 	0.000143686 	5.71603e-05 	1
15.75 	0.000158758 	9.8355e-05 	1
15.8125 	0.000393603 	6.4269e-05 	1
15.875 	0.00016982 	8.00726e-05 	1
15.9375 	0.000265993 	6.66809e-05 	1
16.0 	0.000262636 	6.02979e-05 	1
16.0625 	0.000168008 	5.3852e-05 	1
16.125 	0.000132942 	6.35005e-05 	1
16.1875 	0.000217145 	5.11308e-05 	1
16.25 	0.000380551 	7.827e-05 	1
16.3125 	0.000212542 	8.15767e-05 	1
16.375 	0.000190014 	9.5236e-05 	1
16.4375 	0.000134124 	4.8635e-05 	1
16.5 	0.000410041 	7.98865e-05 	1
16.625 	0.000180472 	6.05509e-05 	2
16.6875 	0.000492773 	7.84525e-05 	1
16.75 	0.000468949 	7.54146e-05 	1
16.8125 	0.000186227 	7.32479e-05 	1
16.875 	0.000211447 	6.38273e-05 	1
16.9375 	0.000397257 	9.16068e-05 	1
17.25 	0.000384276 	8.72757e-05 	1
17.3125 	0.000158431 	7.31945e-05 	1
17.375 	0.000314574 	6.80411e-05 	2
17.4375 	0.000386391 	6.98585e-05 	1
17.5 	0.000162127 	6.37268e-05 	2
17.5625 	0.000286711 	6.99468e-05 	1
17.625 	0.000321376 	7.4949e-05 	1
17.6875 	0.000160686 	4.40516e-05 	1
17.75 	0.000253164 	5.23159e-05 	1
18.0 	9.1772e-05 	9.1772e-05 	0
18.0625 	0.000292033 	7.60126e-05 	1
18.125 	0.00015737 	5.92198e-05 	1
18.1875 	0.000460103 	6.95921e-05 	1
18.25 	0.000244322 	6.40812e-05 	1
18.3125 	0.000129302 	7.63264e-05 	1
18.375 	0.000356825 	9.1448e-05 	1
18.4375 	0.00018427 	4.9934e-05 	1
18.5 	0.000156199 	5.61937e-05 	1
18.5625 	0.000354549 	8.95121e-05 	1
18.625 	0.000187972 	9.53729e-05 	1
18.75 	0.000141782 	6.18434e-05 	1
18.8125 	0.000345659 	6.90659e-05 	1
18.875 	0.000261022 	9.10628e-05 	1
18.9375 	0.000383181 	9.17049e-05 	1
19.125 	0.000204434 	4.89843e-05 	1
19.25 	0.000266078 	6.43674e-05 	2
19.375 	0.000144931 	4.43113e-05 	1
19.4375 	0.000139422 	3.86629e-05 	1
19.5 	0.000288448 	7.88112e-05 	1
19.625 	0.000255317 	9.40897e-05 	1
19.6875 	0.000305753 	9.07769e-05 	3
19.75 	0.000458021 	6.84125e-05 	1
19.9375 	0.000131779 	2.41177e-05 	1
20.0 	0.000314311 	6.23706e-05 	1
20.0625 	0.000255598 	9.08314e-05 	1
20.125 	0.000204054 	8.24149e-05 	1
20.1875 	0.000238371 	5.13525e-05 	1
20.25 	0.000229397 	5.68636e-05 	1
20.375 	0.000285608 	7.25347e-05 	1
20.4375 	0.000223243 	8.58125e-05 	3
20.5 	0.000266343 	8.41641e-05 	1
20.5625 	0.000217621 	5.23781e-05 	1
20.625 	0.000458769 	6.78182e-05 	1
20.6875 	0.000218889 	7.87628e-05 	2
20.75 	0.000237009 	7.10397e-05 	1
21.0 	0.00039697 	7.44217e-05 	1
21.0625 	0.000216878 	7.51342e-05 	1
21.1875 	0.000164934 	6.38583e-05 	1
21.3125 	0.000293519 	6.42783e-05 	1
21.375 	0.000333 	7.3702e-05 	1
21.5625 	0.000169016 	6.25356e-05 	1
21.625 	0.000317315 	8.02512e-05 	1
21.6875 	0.000113326 	5.24727e-05 	1
21.75 	0.000316913 	8.41729e-05 	1
21.8125 	0.000396911 	7.47874e-05 	1
21.875 	0.000539667 	8.37145e-05 	1
21.9375 	0.0003379 	8.13827e-05 	1
22.125 	0.00044669 	8.17564e-05 	1
22.1875 	0.000327428 	8.7276e-05 	1
22.25 	0.000338603 	5.90324e-05 	1
22.3125 	0.000163296 	9.5078e-05 	1
22.375 	0.000359104 	8.98141e-05 	1
22.8125 	0.000338331 	5.49762e-05 	1
22.9375 	0.000314741 	7.67864e-05 	2
23.0 	0.000160916 	9.8714e-05 	1
23.125 	0.000277771 	8.97281e-05 	1
23.1875 	0.000348228 	7.67151e-05 	2
23.3125 	0.000228068 	6.35396e-05 	1
23.375 	0.000457019 	8.57001e-05 	1
23.4375 	0.00020339 	7.36132e-05 	1
23.6875 	0.000451419 	9.06166e-05 	1
23.75 	0.000111445 	4.07956e-05 	1
23.8125 	0.000212817 	7.53727e-05 	1
23.875 	0.000245627 	7.16127e-05 	1
24.0 	0.000323837 	7.56497e-05 	1
24.0625 	0.00029008 	8.22762e-05 	1
24.125 	0.000373615 	9.47493e-05 	1
24.3125 	0.000377799 	8.58372e-05 	1
24.375 	0.000223463 	7.42196e-05 	1
24.4375 	0.000191066 	6.96835e-05 	1
24.5625 	0.000308383 	5.77395e-05 	1
24.625 	0.000261706 	6.60715e-05 	2
24.6875 	0.000209723 	6.47235e-05 	1
24.75 	0.000197182 	9.92785e-05 	1
24.8125 	0.000292368 	8.68189e-05 	1
25.0 	0.000186357 	5.73235e-05 	1
25.0625 	0.000199767 	5.86644e-05 	1
25.125 	0.000170599 	7.78009e-05 	1
25.25 	0.000413683 	8.58778e-05 	1
25.3125 	0.000372149 	8.87968e-05 	3
25.625 	0.000145647 	7.2328e-05 	1
25.6875 	0.000381531 	8.76659e-05 	3
25.75 	0.000358479 	3.71499e-05 	1
25.8125 	0.000157675 	6.42548e-05 	1
25.875 	0.000105728 	9.41104e-05 	1
25.9375 	0.0001802 	4.07527e-05 	1
26.0 	0.000288894 	8.21516e-05 	1
26.0625 	0.00020878 	7.72044e-05 	1
26.125 	0.00032331 	8.28267e-05 	1
26.25 	0.000189794 	6.57137e-05 	2
26.3125 	0.000110155 	4.87472e-05 	1
26.375 	0.000115256 	6.74347e-05 	1
26.4375 	0.000108828 	5.39402e-05 	1
26.5 	0.000146985 	8.04747e-05 	1
26.5625 	0.000339091 	8.53176e-05 	1
26.625 	0.00015783 	4.46668e-05 	1
26.6875 	0.000273028 	9.64171e-05 	1
26.875 	0.000156423 	6.44957e-05 	1
26.9375 	0.000404362 	8.27239e-05 	1
27.0 	0.000257486 	6.59592e-05 	1
27.25 	0.000176684 	6.92391e-05 	1
27.3125 	0.000137105 	2.48517e-05 	1
27.375 	0.000202055 	8.07442e-05 	1
27.5 	0.000208591 	9.60875e-05 	2
27.5625 	8.32826e-05 	8.32826e-05 	0
27.625 	8.68597e-05 	8.68597e-05 	0
27.6875 	0.000186236 	6.61215e-05 	1
27.75 	0.000337109 	8.86123e-05 	1
27.8125 	0.000155916 	6.2646e-05 	1
27.875 	0.000334586 	6.61968e-05 	1
28.0 	0.000485857 	7.80555e-05 	1
28.0625 	0.00019923 	6.42365e-05 	1
28.125 	0.000110228 	7.66839e-05 	1
28.3125 	0.000421119 	4.53896e-05 	1
28.4375 	0.000246538 	7.68863e-05 	1
28.5 	0.000223298 	7.10295e-05 	2
28.625 	0.000162933 	4.58833e-05 	1
28.6875 	0.000436367 	7.95812e-05 	1
28.8125 	0.000150085 	3.63309e-05 	1
28.875 	0.000438493 	8.51613e-05 	1
28.9375 	0.000276683 	8.49216e-05 	1
29.0 	0.000289636 	6.02448e-05 	1
29.0625 	0.000198441 	5.43987e-05 	1
29.125 	0.000279077 	6.45432e-05 	2
29.1875 	0.000141594 	7.75604e-05 	1
29.25 	0.000266938 	8.38482e-05 	1
29.375 	0.000248487 	6.31278e-05 	2
29.4375 	0.000183189 	6.17358e-05 	1
29.5 	0.000275236 	6.73309e-05 	1
29.625 	0.000215817 	9.11227e-05 	1
29.6875 	0.000478201 	8.89675e-05 	1
29.75 	0.000156435 	8.23878e-05 	1
29.9375 	0.000208423 	6.5076e-05 	1
30.125 	0.000376561 	9.09868e-05 	1
30.1875 	0.000421935 	6.86116e-05 	1
30.25 	0.000162564 	7.59265e-05 	1
30.3125 	0.00047593 	8.37666e-05 	1
30.375 	0.000233918 	9.81394e-05 	1
30.4375 	0.0002736 	8.3963e-05 	1
30.5 	0.000196025 	5.84922e-05 	1
30.5625 	0.000188533 	7.98552e-05 	1
30.6875 	0.000225054 	9.402e-05 	2
30.8125 	0.000479566 	7.19436e-05 	1
30.9375 	0.000225663 	8.18953e-05 	1
31.1875 	0.000143813 	4.8119e-05 	1
31.25 	0.000304698 	7.40791e-05 	1
31.375 	0.000321794 	6.66711e-05 	1
31.5 	0.000203781 	5.19841e-05 	1
31.625 	0.000216454 	3.9744e-05 	1
31.75 	0.000184474 	9.82305e-05 	1
31.8125 	0.000119816 	7.33648e-05 	1
31.875 	0.000304927 	7.33283e-05 	1
32.0 	0.000224027 	6.50477e-05 	1
32.125 	0.000172347 	3.58501e-05 	1
32.1875 	0.000173579 	7.27233e-05 	2
32.25 	0.000219474 	5.23861e-05 	1
32.3125 	0.000349766 	7.20236e-05 	1
32.4375 	0.000191245 	4.87719e-05 	1
32.5 	0.000276073 	8.73648e-05 	1
32.625 	0.000282859 	8.17914e-05 	1
32.6875 	0.000142897 	6.24609e-05 	1
32.75 	0.000159021 	7.07244e-05 	1
32.8125 	0.000241171 	8.84051e-05 	1
32.875 	0.000398088 	7.42067e-05 	1
33.0 	0.00023225 	7.51398e-05 	1
33.0625 	0.000148314 	5.62486e-05 	1
33.125 	0.00020028 	4.60412e-05 	1
33.1875 	0.000448213 	8.15499e-05 	1
33.25 	0.000235955 	6.86376e-05 	1
33.3125 	0.000233283 	6.82222e-05 	1
33.375 	0.000307317 	6.46262e-05 	1
33.4375 	0.000273446 	6.05172e-05 	1
33.625 	0.000473762 	5.43143e-05 	1
33.6875 	0.000418385 	5.72484e-05 	1
33.75 	0.000323388 	8.22051e-05 	1
33.875 	0.000522728 	7.63434e-05 	1
33.9375 	0.000356557 	7.54e-05 	1
34.0625 	0.000219477 	6.91062e-05 	1
34.125 	0.000540897 	8.94403e-05 	1
34.1875 	0.000316089 	7.41357e-05 	1
34.25 	0.000250152 	6.02797e-05 	1
34.3125 	0.000200896 	5.26241e-05 	1
34.375 	0.000452202 	7.09486e-05 	1
34.4375 	0.000469922 	8.33641e-05 	1
34.5 	0.000220823 	5.17308e-05 	1
34.5625 	0.000175714 	5.85629e-05 	1
34.625 	0.000355069 	7.60787e-05 	1
34.6875 	0.000209882 	4.65762e-05 	1
34.875 	0.000144444 	3.78208e-05 	1
34.9375 	0.000210017 	7.01494e-05 	1
35.0625 	0.000327987 	8.13679e-05 	1
35.125 	0.000163993 	6.76016e-05 	2
35.25 	0.0001822 	4.91109e-05 	1
35.3125 	0.000103636 	5.52453e-05 	1
35.375 	0.000190844 	6.73849e-05 	2
35.5625 	0.000163005 	8.48727e-05 	1
35.625 	0.000241486 	5.98901e-05 	2
35.6875 	0.000159623 	5.30525e-05 	1
35.75 	0.000173415 	6.80492e-05 	1
35.8125 	0.000385437 	8.7502e-05 	1
35.875 	0.000441381 	6.84512e-05 	1
35.9375 	0.000224011 	7.5102e-05 	1
36.0 	0.000324297 	8.00614e-05 	2
36.125 	0.000191006 	6.50806e-05 	1
36.25 	0.000372507 	7.78277e-05 	1
36.4375 	0.000529102 	7.5276e-05 	1
36.5 	0.000289169 	9.89484e-05 	1
36.5625 	0.000245653 	4.37765e-05 	1
36.625 	0.000145789 	7.78368e-05 	1
36.8125 	0.000284176 	8.45249e-05 	1
36.875 	0.000144694 	4.73992e-05 	1
37.0625 	0.000151817 	4.55902e-05 	1
37.125 	0.000306074 	8.90606e-05 	1
37.1875 	0.000422433 	8.6842e-05 	1
37.25 	0.000111779 	4.76786e-05 	1
37.3125 	0.000143152 	5.25356e-05 	1
37.375 	0.00032387 	6.28725e-05 	1
37.4375 	0.000142418 	7.31871e-05 	1
37.5 	0.000183714 	6.227e-05 	1
37.5625 	0.000156828 	8.79714e-05 	1
37.75 	0.000269613 	3.61779e-05 	1
37.8125 	0.000203898 	7.51023e-05 	1
37.9375 	0.000332591 	7.73145e-05 	1
38.0 	0.000195849 	8.34174e-05 	1
38.0625 	0.000183106 	5.67528e-05 	1
38.125 	0.00024735 	7.85032e-05 	1
38.1875 	0.000376798 	8.16393e-05 	1
38.25 	0.000181738 	8.0754e-05 	1
38.3125 	0.000189581 	9.37701e-05 	1
38.375 	0.000113219 	5.59445e-05 	1
38.4375 	0.0001304 	3.17043e-05 	1
38.5625 	0.000148479 	6.43318e-05 	1
38.6875 	0.000297282 	6.18654e-05 	1
38.8125 	0.000337978 	7.13034e-05 	1
38.875 	0.000309535 	8.93199e-05 	1
38.9375 	0.000359104 	7.6263e-05 	1
39.0 	0.000249507 	7.08488e-05 	1
39.0625 	0.00022413 	9.7066e-05 	1
39.125 	0.00041707 	9.86402e-05 	1
39.1875 	0.000295705 	8.36495e-05 	1
39.25 	0.000471583 	6.89452e-05 	1
39.3125 	0.000241074 	8.1702e-05 	1
39.5 	0.000181577 	5.75174e-05 	1
39.5625 	0.000165735 	6.14353e-05 	1
39.625 	0.0001125 	9.35967e-05 	1
39.6875 	0.000221506 	9.12114e-05 	1
39.75 	0.000146372 	5.78346e-05 	1
39.8125 	0.000155867 	5.62516e-05 	1
39.875 	0.000337517 	4.89676e-05 	1
39.9375 	0.00036639 	7.82309e-05 	1
40.0 	0.000336217 	6.8134e-05 	1
40.125 	0.00017797 	5.60136e-05 	1
40.25 	0.000456697 	8.56376e-05 	1
40.3125 	0.000220233 	6.84722e-05 	1
40.4375 	0.000185574 	4.74566e-05 	1
40.5 	0.000295803 	6.82831e-05 	1
40.5625 	0.000263767 	6.94074e-05 	1
40.625 	0.000188902 	6.35533e-05 	1
40.8125 	0.000424646 	6.46984e-05 	1
40.9375 	0.0005217 	7.62275e-05 	1
41.125 	0.000216981 	8.3659e-05 	2
41.1875 	0.000458471 	8.91659e-05 	1
41.25 	0.000407511 	6.95762e-05 	2
41.3125 	0.000350636 	7.75046e-05 	1
41.4375 	0.000157181 	7.23365e-05 	2
41.5 	0.000196909 	5.37215e-05 	2
41.5625 	0.000400658 	7.12312e-05 	1
41.6875 	0.000275364 	7.43173e-05 	1
41.8125 	0.000184811 	6.64449e-05 	2
41.875 	0.000409631 	7.69085e-05 	1
41.9375 	0.000286045 	7.69842e-05 	2
42.0 	0.000333525 	9.37919e-05 	1
42.125 	7.12221e-05 	7.12221e-05 	0
42.25 	0.000297465 	5.63919e-05 	1
42.5 	0.000243159 	7.20338e-05 	1
42.6875 	0.00021856 	7.27892e-05 	1
42.8125 	0.000451288 	7.10988e-05 	1
42.875 	0.000306208 	8.2592e-05 	1
42.9375 	0.000263756 	8.11642e-05 	1
43.0 	0.000330657 	9.36658e-05 	1
43.0625 	0.000151857 	8.35626e-05 	1
43.125 	0.000192889 	3.40379e-05 	1
43.1875 	0.000290599 	6.96867e-05 	1
43.3125 	0.000364457 	8.0084e-05 	1
43.375 	0.000126027 	4.82342e-05 	1
43.6875 	0.000280084 	8.40834e-05 	3
43.75 	7.88344e-05 	7.88344e-05 	0
43.8125 	0.000290485 	7.33577e-05 	1
43.9375 	0.000206313 	8.72282e-05 	1
44.0 	0.000238324 	7.91447e-05 	1
44.0625 	0.000420046 	8.64996e-05 	1
44.125 	0.000247569 	6.97224e-05 	2
44.1875 	0.000217503 	9.60786e-05 	1
44.25 	0.000232281 	6.12068e-05 	1
44.3125 	0.000342302 	8.53246e-05 	1
44.375 	0.000304008 	9.30125e-05 	1
44.4375 	0.000172314 	5.23195e-05 	2
44.5625 	0.000127605 	7.37271e-05 	1
44.625 	0.000123717 	3.61589e-05 	1
44.6875 	0.000259047 	6.98132e-05 	1
44.75 	0.000260748 	7.12248e-05 	1
44.8125 	0.000383678 	8.03305e-05 	1
44.875 	0.000334813 	9.36826e-05 	2
44.9375 	0.000169816 	7.79163e-05 	1
45.0 	0.000438468 	3.0174e-05 	1
45.0625 	0.000251566 	6.03646e-05 	2
45.1875 	0.000222497 	8.80212e-05 	1
45.3125 	0.000191808 	7.01538e-05 	1
45.5 	0.000231787 	3.70219e-05 	1
45.625 	0.000448331 	7.53833e-05 	1
45.6875 	0.000160856 	7.23021e-05 	1
45.75 	0.000167256 	7.40664e-05 	2
45.9375 	0.000353103 	7.58892e-05 	1
46.0 	0.000172523 	5.71762e-05 	1
46.0625 	0.000255413 	7.71944e-05 	1
46.3125 	0.000301205 	7.57319e-05 	1
46.375 	0.000308234 	9.32249e-05 	1
46.5625 	0.000294527 	6.79616e-05 	1
46.625 	0.000537407 	7.58085e-05 	1
46.6875 	0.000351542 	5.54166e-05 	1
46.75 	0.000140886 	5.42059e-05 	1
46.8125 	0.000173003 	6.56679e-05 	1
46.875 	0.00035022 	7.47286e-05 	1
47.0 	0.000112593 	5.76589e-05 	1
47.0625 	0.000468643 	7.17242e-05 	2
47.125 	0.000252067 	8.88852e-05 	1
47.1875 	0.000234942 	6.13509e-05 	2
47.25 	0.000240309 	7.33524e-05 	1
47.375 	0.000297875 	6.06741e-05 	1
47.5 	0.00042083 	8.36508e-05 	1
47.5625 	0.000155205 	8.68712e-05 	1
47.625 	0.000305167 	9.56153e-05 	1
47.6875 	0.000177372 	6.05395e-05 	1
47.8125 	0.000221064 	8.28094e-05 	1
48.0 	0.000229755 	6.8086e-05 	2
48.0625 	0.000251809 	9.30246e-05 	1
48.1875 	0.000234357 	6.62166e-05 	1
48.25 	0.000452422 	9.41083e-05 	1
48.3125 	0.000285456 	8.38184e-05 	1
48.4375 	0.000321113 	9.13119e-05 	1
48.5 	0.000276124 	7.00883e-05 	1
48.5625 	0.000239853 	8.72504e-05 	1
48.75 	0.000363379 	9.18375e-05 	1
48.8125 	0.000131906 	6.87256e-05 	1
48.9375 	0.000396183 	9.95866e-05 	1
49.0 	0.000633728 	8.11312e-05 	1
49.125 	0.000397262 	6.82314e-05 	1
49.1875 	0.000312126 	6.85735e-05 	1
49.25 	0.000153714 	6.37598e-05 	1
49.3125 	0.000184307 	8.01829e-05 	3
49.375 	0.00018926 	8.23249e-05 	1
49.4375 	0.000431556 	7.96258e-05 	1
49.5 	0.000453895 	7.11221e-05 	1
49.5625 	0.000292896 	7.44405e-05 	1
49.625 	0.00022927 	6.20746e-05 	2
49.6875 	0.00014289 	4.44776e-05 	2
49.75 	0.000176248 	7.79764e-05 	1
50.0625 	0.000215145 	8.40145e-05 	2
50.125 	0.000466325 	7.70593e-05 	1
50.25 	0.000362965 	8.69647e-05 	1
50.3125 	0.000186762 	6.42118e-05 	2
50.375 	0.000428372 	8.71894e-05 	1
50.4375 	0.000198481 	6.39446e-05 	1
50.5625 	0.000170175 	3.96893e-05 	1
50.625 	0.000457276 	7.29099e-05 	1
50.75 	0.000216027 	9.83023e-05 	1
50.8125 	0.000212043 	8.84736e-05 	1
50.875 	0.000227325 	8.29667e-05 	1
50.9375 	0.00046518 	6.3229e-05 	1
51.0 	0.000610108 	9.79965e-05 	1
51.0625 	0.000111889 	3.08179e-05 	1
51.125 	0.00040688 	5.80525e-05 	1
51.1875 	0.000296965 	6.93676e-05 	1
51.25 	0.000177173 	6.31489e-05 	1
51.3125 	0.000542887 	9.07925e-05 	1
51.375 	0.000121245 	5.22216e-05 	1
51.4375 	0.000380176 	6.47633e-05 	1
51.5 	0.000269532 	5.19781e-05 	1
51.5625 	0.000302495 	7.52578e-05 	1
51.625 	0.000163504 	5.61873e-05 	2
51.6875 	0.000133796 	5.10785e-05 	1
51.8125 	0.000159036 	6.82888e-05 	1
51.875 	0.000254863 	7.37672e-05 	2
52.0 	0.000129302 	2.11737e-05 	1
52.0625 	0.000285129 	7.1372e-05 	1
52.1875 	0.000280159 	7.57785e-05 	1
52.3125 	0.000259067 	7.54709e-05 	1
52.375 	0.000175257 	4.64018e-05 	1
52.5 	0.000135108 	4.26091e-05 	1
52.625 	0.00019349 	7.06817e-05 	1
52.6875 	0.000131236 	5.56808e-05 	1
52.75 	0.000505444 	9.25872e-05 	1
52.8125 	0.000156768 	5.54174e-05 	1
52.875 	0.00041779 	6.90867e-05 	1
52.9375 	0.000376286 	7.09994e-05 	1
53.125 	0.00045903 	6.68672e-05 	1
53.1875 	0.000209491 	6.35411e-05 	1
53.25 	0.000350697 	6.78703e-05 	1
53.3125 	0.000306689 	9.37491e-05 	1
53.375 	0.000140661 	6.89561e-05 	1
53.5 	0.000142913 	7.26006e-05 	2
53.5625 	0.000288245 	4.83962e-05 	1
53.625 	0.000427306 	8.43459e-05 	1
53.6875 	0.000167527 	6.80447e-05 	1
53.75 	0.000167728 	7.99861e-05 	1
53.8125 	0.000420272 	8.84634e-05 	1
53.875 	0.000270497 	6.67624e-05 	1
54.0 	0.000182272 	8.22809e-05 	1
54.0625 	0.000165641 	6.13189e-05 	1
54.1875 	0.000203674 	6.61388e-05 	1
54.25 	0.00019066 	4.33732e-05 	1
54.3125 	0.000282558 	6.01227e-05 	1
54.375 	0.000178466 	7.71911e-05 	1
54.4375 	0.000336667 	6.75141e-05 	1
54.6875 	0.000180889 	6.73572e-05 	1
54.8125 	0.000255024 	7.60358e-05 	1
54.875 	0.000167479 	5.38231e-05 	1
54.9375 	0.000155459 	5.48504e-05 	1
55.0 	0.000304889 	7.98142e-05 	2
55.0625 	0.000252715 	8.29282e-05 	1
55.125 	0.000171608 	6.07685e-05 	2
55.3125 	0.000284667 	9.41146e-05 	2
55.4375 	0.000187449 	7.57563e-05 	1
55.5 	0.000298572 	8.08889e-05 	1
55.625 	0.000160567 	5.48267e-05 	1
55.6875 	0.000274596 	8.38075e-05 	1
55.75 	0.000208102 	7.24302e-05 	2
55.875 	0.00035287 	4.17104e-05 	1
55.9375 	0.000426358 	8.9474e-05 	1
56.0 	0.000419208 	8.78861e-05 	1
56.0625 	0.000318556 	6.13064e-05 	1
56.3125 	0.000210388 	7.36241e-05 	1
56.375 	0.000453286 	8.6392e-05 	1
56.4375 	0.000178281 	5.68793e-05 	1
56.5625 	0.000164936 	5.39393e-05 	1
56.6875 	0.0004998 	8.33258e-05 	1
56.75 	0.00026253 	5.84228e-05 	1
56.8125 	0.000214316 	7.00266e-05 	1
56.9375 	0.000259155 	6.88801e-05 	4
57.0 	0.000331323 	6.97241e-05 	1
57.0625 	0.000150472 	8.47027e-05 	1
57.1875 	0.000169953 	6.12732e-05 	1
57.25 	0.000153542 	9.82335e-05 	1
57.3125 	0.000245519 	3.97998e-05 	1
57.375 	0.000198565 	6.40497e-05 	1
57.4375 	0.000145202 	6.83182e-05 	1
57.5 	0.00027998 	9.21324e-05 	2
57.5625 	0.000446717 	7.21515e-05 	1
57.625 	0.000264085 	7.22317e-05 	2
57.6875 	0.000326786 	8.10948e-05 	1
57.75 	0.000193651 	7.07255e-05 	2
57.8125 	0.000267727 	8.37702e-05 	1
58.0 	0.000238301 	8.59464e-05 	2
58.0625 	0.000186225 	8.24702e-05 	1
58.125 	0.000190096 	7.54528e-05 	1
58.1875 	0.000114114 	2.61645e-05 	1
58.25 	0.000108927 	3.17699e-05 	1
58.3125 	0.000140612 	2.99433e-05 	1
58.4375 	0.000277724 	9.67377e-05 	2
58.5625 	0.000313914 	8.38459e-05 	1
58.625 	0.000145002 	5.881e-05 	1
58.6875 	0.000169436 	2.68916e-05 	1
58.8125 	0.000544047 	7.13245e-05 	1
58.875 	0.000146465 	5.5018e-05 	1
58.9375 	0.000160962 	7.95696e-05 	1
59.0 	0.000170523 	7.69257e-05 	1
59.125 	9.8815e-05 	9.8815e-05 	0
59.25 	0.000313423 	7.7153e-05 	1
59.3125 	0.000180857 	9.35349e-05 	1
59.375 	0.000207585 	6.0202e-05 	1
59.4375 	0.000202701 	8.79415e-05 	1
59.5 	0.000329636 	7.77377e-05 	1
59.6875 	0.000203903 	6.04922e-05 	1
59.8125 	0.000322774 	7.30151e-05 	1
59.875 	0.000304418 	5.80393e-05 	1
59.9375 	0.000326094 	8.40404e-05 	1
60.0625 	0.000137793 	6.95586e-05 	1
60.125 	0.000260469 	3.48709e-05 	1
60.375 	0.000146071 	9.98684e-05 	1
60.4375 	0.000282396 	6.55926e-05 	1
60.5625 	0.000149483 	5.83886e-05 	1
60.625 	0.00011252 	3.7918e-05 	1
60.75 	0.000438534 	7.82237e-05 	1
60.8125 	0.000298595 	7.03117e-05 	1
60.875 	0.000182845 	6.58725e-05 	1
61.0 	0.000241138 	9.9962e-05 	1
61.125 	0.00017137 	7.6692e-05 	1
61.1875 	0.000261199 	9.30391e-05 	1
61.25 	0.00043619 	7.32013e-05 	1
61.3125 	0.000161732 	5.98364e-05 	1
61.375 	0.000532274 	7.79264e-05 	1
61.4375 	0.000329537 	9.01403e-05 	3
61.5 	0.00040763 	8.0595e-05 	1
61.625 	0.000118446 	7.28362e-05 	1
61.6875 	0.000261852 	5.37031e-05 	1
61.8125 	0.000247541 	7.5005e-05 	1
61.875 	0.000209815 	6.74285e-05 	2
61.9375 	0.000168868 	6.0234e-05 	1
62.0 	0.000153031 	9.34999e-05 	1
62.125 	0.000132636 	4.76754e-05 	1
62.1875 	0.000104027 	7.51477e-05 	1
62.25 	0.000220678 	4.38511e-05 	1
62.375 	0.000149258 	8.83251e-05 	1
62.5 	0.000220755 	7.38439e-05 	1
62.5625 	0.000322485 	8.19816e-05 	1
62.6875 	0.000177982 	9.44616e-05 	1
62.75 	0.000460373 	6.3539e-05 	1
62.875 	0.000136296 	9.04739e-05 	1
62.9375 	0.000367266 	7.91952e-05 	1
63.0 	0.000432621 	6.8373e-05 	1
63.125 	0.000310111 	7.91001e-05 	1
63.25 	0.000143222 	3.43751e-05 	1
63.4375 	0.000300563 	8.50143e-05 	1
63.5625 	0.000208786 	6.0561e-05 	1
63.8125 	0.000232807 	9.06546e-05 	2
63.9375 	0.000422961 	8.29594e-05 	1
64.0 	0.000318655 	8.36986e-05 	1
64.0625 	0.000160472 	9.60816e-05 	1
64.25 	0.00029682 	7.72817e-05 	1
64.4375 	0.000356615 	8.33656e-05 	1
64.5625 	0.000315117 	8.82259e-05 	1
64.6875 	0.000160824 	7.36698e-05 	1
64.75 	0.000217277 	4.12907e-05 	1
64.8125 	0.000327242 	9.01736e-05 	1
64.875 	0.000302417 	9.54418e-05 	1
64.9375 	0.0004778 	8.93082e-05 	1
65.0 	0.000249991 	7.07005e-05 	1
65.0625 	0.000608127 	7.53304e-05 	1
65.125 	0.000307811 	6.7887e-05 	1
65.25 	0.000156873 	5.80982e-05 	1
65.5 	0.000278508 	5.42734e-05 	1
65.625 	0.000248267 	9.64172e-05 	1
65.8125 	0.0003151 	5.6568e-05 	1
65.9375 	0.000299221 	3.30868e-05 	1
66.0 	0.000286466 	4.34013e-05 	1
66.0625 	0.000153382 	5.02923e-05 	1
66.1875 	0.000229962 	7.62091e-05 	1
66.25 	0.000195786 	9.88534e-05 	1
66.3125 	0.000293876 	8.02058e-05 	1
66.375 	0.000272656 	7.84188e-05 	1
66.5 	0.000164942 	7.10251e-05 	2
66.75 	0.000306111 	7.52122e-05 	1
66.8125 	0.000348152 	7.16163e-05 	1
66.875 	0.000239131 	7.03925e-05 	1
66.9375 	0.000111767 	8.33055e-05 	1
67.0 	0.000413503 	7.60917e-05 	1
67.1875 	0.00025983 	6.76352e-05 	1
67.25 	0.000246248 	4.6269e-05 	1
67.375 	0.000267505 	9.11161e-05 	1
67.4375 	0.000174358 	7.21701e-05 	1
67.5 	0.000381665 	9.99012e-05 	1
67.8125 	0.000247403 	7.86098e-05 	1
67.875 	0.000192212 	4.69807e-05 	1
67.9375 	0.000192953 	6.78338e-05 	1
68.0 	0.000132929 	6.4815e-05 	1
68.0625 	0.000178742 	6.77538e-05 	1
68.125 	0.000249339 	6.2248e-05 	1
68.1875 	0.000231436 	9.16334e-05 	1
68.25 	0.000318647 	7.38114e-05 	1
68.3125 	9.92724e-05 	9.92724e-05 	0
68.375 	0.000272435 	6.36827e-05 	2
68.4375 	0.00023713 	7.61522e-05 	1
68.5625 	0.0001498 	8.07819e-05 	2
68.625 	0.000215393 	8.16699e-05 	1
68.6875 	0.000169062 	6.41567e-05 	2
68.75 	0.000170638 	6.80975e-05 	1
68.8125 	0.000187895 	6.40385e-05 	1
68.9375 	0.00045415 	7.93185e-05 	1
69.0625 	0.000287951 	8.96028e-05 	1
69.125 	0.000187291 	8.28577e-05 	1
69.1875 	0.000327001 	9.55183e-05 	1
69.25 	0.000457944 	8.0977e-05 	1
69.3125 	0.000398194 	8.38017e-05 	1
69.4375 	0.000247891 	7.37497e-05 	1
69.5 	0.000367998 	8.88352e-05 	2
69.625 	0.000135355 	5.92765e-05 	1
69.75 	0.00027372 	6.29138e-05 	1
69.8125 	0.000263784 	8.07179e-05 	1
69.875 	0.000247484 	7.15386e-05 	1
69.9375 	0.000176711 	6.86008e-05 	2
