# time 	Initial 	Final 	Iterations
0.333274 	0.000211569 	1.3878e-05 	1
0.579973 	0.000134669 	1.11628e-05 	1
0.642226 	0.000229412 	1.61625e-05 	1
0.70448 	0.000311983 	2.10491e-05 	1
0.766734 	0.000180399 	1.63209e-05 	1
0.828988 	0.000168099 	1.44085e-05 	1
1.01575 	0.000121527 	1.11752e-05 	1
1.26477 	0.00016904 	1.26918e-05 	1
1.38927 	0.000190496 	1.66958e-05 	1
1.45153 	0.000144343 	1.39291e-05 	1
1.51378 	8.12288e-05 	7.82283e-06 	1
1.57604 	0.00017225 	1.17314e-05 	1
1.7628 	0.000174245 	1.43817e-05 	1
1.8873 	0.000197131 	1.44438e-05 	1
1.94956 	8.69889e-05 	2.35082e-06 	2
2.07407 	0.000165545 	1.31116e-05 	1
2.19857 	7.57538e-05 	8.25984e-06 	1
2.26083 	0.00030981 	2.25715e-05 	1
2.32308 	0.000356706 	2.43906e-05 	1
2.38534 	0.000195812 	1.59116e-05 	1
2.44759 	7.7209e-05 	8.17418e-06 	1
2.63435 	0.000292938 	2.04391e-05 	1
2.69661 	8.80922e-05 	7.79842e-06 	1
2.88337 	0.000128276 	3.33372e-06 	2
2.94562 	0.000311267 	2.13379e-05 	1
3.07013 	0.000183922 	1.3972e-05 	1
3.13238 	0.000275178 	1.86411e-05 	1
3.19464 	0.000209258 	1.5138e-05 	1
3.25689 	0.000309116 	2.10441e-05 	1
3.31914 	0.000352911 	2.29961e-05 	1
3.3814 	9.50032e-05 	8.2488e-06 	1
3.44365 	0.000150273 	1.17579e-05 	1
3.50591 	0.000122463 	8.88625e-06 	1
3.56816 	0.000212945 	1.67365e-05 	1
3.69267 	0.000202299 	1.50492e-05 	1
3.75492 	0.000151957 	1.30194e-05 	1
3.81718 	0.000246641 	1.72969e-05 	1
3.87943 	0.000153165 	1.16475e-05 	1
4.00394 	0.000102962 	9.55136e-06 	1
4.06619 	0.000142904 	1.13252e-05 	1
4.12845 	8.43781e-05 	9.03815e-06 	1
4.1907 	0.000131274 	3.10924e-06 	2
4.25295 	0.000271896 	1.86619e-05 	1
4.31521 	0.000311196 	2.04684e-05 	1
4.37746 	0.00012871 	1.00831e-05 	1
4.50197 	0.00019552 	1.56262e-05 	1
4.56422 	0.000196216 	1.38918e-05 	1
4.62648 	0.00016424 	1.41791e-05 	1
4.68873 	0.000326132 	2.24962e-05 	1
4.81324 	0.000161637 	1.3012e-05 	1
4.87549 	0.000279686 	1.90346e-05 	1
4.93775 	0.000324497 	2.21933e-05 	1
5.0 	0.00010663 	2.80102e-06 	2
5.0625 	0.000249782 	1.76115e-05 	1
5.125 	0.000386513 	3.24176e-05 	1
5.25 	0.000184661 	1.32519e-05 	1
5.3125 	9.66872e-05 	9.40551e-06 	1
5.375 	0.000117022 	1.0294e-05 	1
5.5 	0.000428855 	2.91877e-05 	1
5.5625 	0.000403202 	2.74565e-05 	1
5.625 	0.000261425 	1.84519e-05 	1
5.6875 	0.000149295 	1.3025e-05 	1
5.75 	0.000235071 	1.6149e-05 	1
5.8125 	0.000296068 	2.03168e-05 	1
5.875 	0.00030245 	2.05083e-05 	1
5.9375 	9.54074e-05 	8.45984e-06 	1
6.0 	0.000161054 	1.48461e-05 	1
6.125 	0.000107512 	9.16985e-06 	1
6.1875 	0.000249803 	1.77738e-05 	1
6.25 	0.000118953 	9.36946e-06 	1
6.4375 	0.000104161 	9.50064e-06 	1
6.6875 	0.000239802 	1.77045e-05 	1
6.75 	8.88847e-05 	8.24169e-06 	1
6.8125 	0.000390549 	2.63262e-05 	1
6.9375 	0.000205736 	1.45344e-05 	1
7.0 	0.000193242 	1.40226e-05 	1
7.125 	0.000370643 	2.48704e-05 	1
7.1875 	0.000113848 	3.01934e-06 	2
7.25 	0.000187005 	1.4509e-05 	1
7.4375 	0.000149026 	1.30095e-05 	1
7.5625 	0.000207474 	1.91487e-05 	1
7.625 	0.000107784 	8.64162e-06 	1
7.6875 	0.000111035 	9.73622e-06 	1
7.8125 	0.000126303 	1.2175e-05 	1
7.9375 	0.000316693 	2.17171e-05 	1
8.0 	0.000127466 	1.22259e-05 	1
8.0625 	0.000208373 	1.62568e-05 	1
8.125 	0.000165921 	1.23827e-05 	1
8.25 	0.000295255 	2.70402e-05 	1
8.3125 	0.000140311 	1.35346e-05 	1
8.375 	0.000137587 	1.16851e-05 	1
8.4375 	0.000112105 	2.90729e-06 	2
8.5 	0.000380654 	3.17668e-05 	1
8.5625 	0.000135154 	9.7817e-06 	1
8.8125 	0.000156083 	1.48512e-05 	1
8.9375 	0.000222186 	1.61233e-05 	1
9.0 	0.000191263 	1.3498e-05 	1
9.0625 	9.3617e-05 	2.39541e-06 	2
9.1875 	0.000123649 	1.1549e-05 	1
9.25 	0.000272482 	1.86807e-05 	1
9.3125 	9.80254e-05 	8.33317e-06 	1
9.375 	0.000211197 	1.52004e-05 	1
9.4375 	0.000198469 	1.42476e-05 	1
9.5625 	0.000222278 	1.97263e-05 	1
9.625 	0.000120914 	3.26893e-06 	2
9.6875 	0.000321517 	2.63773e-05 	1
9.8125 	0.000305618 	2.1201e-05 	1
9.875 	5.75595e-05 	5.25865e-06 	1
9.9375 	0.000236157 	1.65591e-05 	1
10.0 	0.000128781 	1.13769e-05 	1
10.0625 	0.000123181 	1.12404e-05 	1
10.1875 	0.000335783 	2.22422e-05 	1
10.3125 	0.000335507 	2.32563e-05 	1
10.375 	0.000214921 	2.05242e-05 	1
10.625 	0.000269135 	1.95545e-05 	1
10.6875 	0.000132255 	1.079e-05 	1
10.75 	0.000138692 	1.15102e-05 	1
10.8125 	0.00045229 	3.02688e-05 	1
10.875 	0.000287564 	2.44086e-05 	1
11.0 	8.70963e-05 	9.0874e-06 	1
11.0625 	0.000223916 	1.5954e-05 	1
11.1875 	0.00016724 	1.64781e-05 	1
11.375 	7.27338e-05 	7.78747e-06 	1
11.4375 	0.000110879 	2.84278e-06 	2
11.5625 	0.000328503 	2.79107e-05 	1
11.625 	0.000306978 	2.08616e-05 	1
11.6875 	0.000350479 	2.38834e-05 	1
11.75 	0.000290466 	2.02281e-05 	1
11.8125 	0.000150858 	1.12012e-05 	1
11.875 	0.000209478 	1.51682e-05 	1
11.9375 	0.000269718 	1.84118e-05 	1
12.0 	0.000233157 	1.73447e-05 	1
12.0625 	0.000297854 	2.09179e-05 	1
12.125 	0.000165823 	1.25563e-05 	1
12.1875 	0.00036175 	2.47085e-05 	1
12.25 	0.000197971 	1.45909e-05 	1
12.3125 	0.00024505 	1.76854e-05 	1
12.375 	0.000113425 	2.78301e-06 	2
12.5625 	7.30819e-05 	7.70701e-06 	1
12.625 	0.000194922 	1.7215e-05 	1
12.6875 	0.000314233 	2.11424e-05 	1
12.75 	6.93933e-05 	6.39461e-06 	1
12.8125 	0.00026989 	1.85465e-05 	1
12.875 	0.000237255 	1.86618e-05 	1
13.0 	0.0003404 	2.29945e-05 	1
13.0625 	0.000139526 	1.25361e-05 	1
13.1875 	0.000139411 	3.5603e-06 	2
13.25 	0.000100776 	5.03445e-06 	2
13.375 	0.000258495 	1.89426e-05 	1
13.4375 	0.000157748 	1.17612e-05 	1
13.5 	0.000163441 	3.90084e-06 	2
13.5625 	0.000192888 	1.40926e-05 	1
13.625 	0.000302095 	2.07755e-05 	1
13.6875 	0.000129759 	3.39e-06 	2
14.0 	0.000247344 	1.71987e-05 	1
14.0625 	0.000190952 	1.60541e-05 	1
14.125 	0.00024497 	1.74918e-05 	1
14.1875 	0.00044768 	3.09009e-05 	1
14.3125 	0.000122534 	3.4576e-06 	2
14.375 	0.000212904 	1.54304e-05 	1
14.4375 	0.000276407 	1.90147e-05 	1
14.5 	0.000185312 	4.40992e-06 	2
14.625 	0.000264449 	1.79185e-05 	1
14.6875 	0.000107169 	9.67091e-06 	1
14.75 	0.000114688 	2.78792e-06 	2
14.8125 	0.000323229 	2.23166e-05 	1
14.9375 	0.000257757 	1.73202e-05 	1
15.0 	0.000169509 	4.27987e-06 	2
15.1875 	7.95372e-05 	7.1684e-06 	1
15.25 	0.000220636 	1.62747e-05 	1
15.3125 	0.000302921 	2.26944e-05 	1
15.375 	0.000168394 	1.47179e-05 	1
15.4375 	0.000206952 	1.48664e-05 	1
15.5 	0.00018888 	1.35674e-05 	1
15.5625 	0.000274484 	1.91184e-05 	1
15.75 	0.000225061 	1.64936e-05 	1
15.8125 	0.000157706 	1.20193e-05 	1
15.875 	0.000297711 	1.97618e-05 	1
15.9375 	0.000134064 	1.15863e-05 	1
16.0 	7.44291e-05 	7.76682e-06 	1
16.0625 	0.000201853 	1.80324e-05 	1
16.125 	9.30298e-05 	7.93846e-06 	1
16.1875 	0.000192812 	1.54386e-05 	1
16.25 	9.37346e-05 	9.78554e-06 	1
16.3125 	0.000173526 	1.27821e-05 	1
16.375 	0.000246305 	1.68507e-05 	1
16.4375 	0.000229597 	2.13837e-05 	1
16.5 	0.000310811 	2.17225e-05 	1
16.625 	0.000102514 	9.70437e-06 	1
16.6875 	0.000202543 	1.4694e-05 	1
16.75 	0.000303507 	2.15396e-05 	1
16.8125 	0.000163308 	1.49057e-05 	1
16.875 	0.000177387 	1.49583e-05 	1
16.9375 	0.000157279 	1.24135e-05 	1
17.25 	0.000121247 	3.02425e-06 	2
17.3125 	0.000286474 	1.98975e-05 	1
17.375 	0.000174918 	1.29279e-05 	1
17.4375 	7.9908e-05 	7.59617e-06 	1
17.5 	0.000194355 	1.5163e-05 	1
17.5625 	0.000122628 	9.27563e-06 	1
17.625 	7.74994e-05 	7.54523e-06 	1
17.6875 	0.0002319 	1.57508e-05 	1
17.75 	0.000120373 	9.7103e-06 	1
17.8125 	3.50932e-05 	4.04539e-06 	1
18.0 	0.000120163 	1.18794e-05 	1
18.0625 	0.000240806 	1.75788e-05 	1
18.125 	0.000223298 	1.62799e-05 	1
18.1875 	0.000422344 	2.87722e-05 	1
18.25 	0.000100843 	8.41394e-06 	1
18.3125 	0.000118484 	9.82976e-06 	1
18.375 	0.000143765 	1.23934e-05 	1
18.4375 	0.000163585 	1.23451e-05 	1
18.5 	8.6293e-05 	2.91906e-06 	2
18.5625 	0.000150357 	1.05455e-05 	1
18.625 	0.000146977 	1.25849e-05 	1
18.75 	0.000145975 	1.4055e-05 	1
18.8125 	0.000193292 	1.37831e-05 	1
18.875 	0.000196801 	1.49657e-05 	1
18.9375 	8.12851e-05 	8.26984e-06 	1
19.125 	0.000312614 	2.0824e-05 	1
19.25 	0.000138923 	1.34063e-05 	1
19.375 	0.000186953 	1.50928e-05 	1
19.4375 	0.000341964 	2.31866e-05 	1
19.5 	0.000195048 	1.70994e-05 	1
19.625 	0.00024913 	2.20767e-05 	1
19.6875 	9.69331e-05 	7.62915e-06 	1
19.75 	0.000234382 	1.70225e-05 	1
19.9375 	0.00013869 	1.12912e-05 	1
20.0 	0.000258726 	1.90414e-05 	1
20.0625 	0.000134252 	1.16905e-05 	1
20.125 	0.000130122 	1.21399e-05 	1
20.1875 	0.000123683 	1.01709e-05 	1
20.25 	0.000197994 	1.65931e-05 	1
20.3125 	0.000187183 	1.50765e-05 	1
20.375 	0.000227039 	1.57864e-05 	1
20.4375 	0.000229255 	1.70335e-05 	1
20.5 	0.000314027 	2.11224e-05 	1
20.5625 	0.00020915 	1.47569e-05 	1
20.625 	0.000261202 	1.78798e-05 	1
20.6875 	0.000236429 	1.62367e-05 	1
20.75 	0.000231605 	1.71441e-05 	1
20.8125 	0.000138359 	1.06649e-05 	1
20.875 	8.21619e-05 	6.58185e-06 	1
21.0 	0.000290838 	1.94539e-05 	1
21.0625 	0.000229638 	1.6571e-05 	1
21.1875 	7.7468e-05 	8.90678e-06 	1
21.3125 	0.000185797 	1.48648e-05 	1
21.375 	0.000247368 	1.71619e-05 	1
21.4375 	0.000104677 	8.78246e-06 	1
21.5625 	0.000225613 	1.72391e-05 	1
21.625 	0.000334557 	2.22246e-05 	1
21.6875 	0.000128888 	1.22885e-05 	1
21.75 	9.74948e-05 	9.87324e-06 	1
21.8125 	9.08075e-05 	8.3008e-06 	1
21.875 	0.000144446 	1.05787e-05 	1
21.9375 	0.00029758 	2.12401e-05 	1
22.0 	0.000164871 	1.47634e-05 	1
22.125 	0.000136506 	3.19049e-06 	2
22.1875 	0.000202151 	1.51624e-05 	1
22.25 	0.000120666 	9.2322e-06 	1
22.3125 	0.000105681 	3.35368e-06 	2
22.375 	0.000262445 	1.79025e-05 	1
22.625 	7.1592e-05 	6.1531e-06 	1
22.75 	0.000128293 	2.47514e-06 	2
22.8125 	0.00014749 	1.14857e-05 	1
22.9375 	0.00031638 	2.15916e-05 	1
23.0 	0.000133176 	1.15275e-05 	1
23.0625 	0.00016007 	1.42791e-05 	1
23.125 	0.000163212 	4.07044e-06 	2
23.1875 	0.000267938 	1.9892e-05 	1
23.3125 	0.000303243 	2.16093e-05 	1
23.375 	0.00017119 	1.26696e-05 	1
23.4375 	0.000189276 	1.35181e-05 	1
23.6875 	0.000156622 	1.0981e-05 	1
23.75 	0.000193566 	1.38709e-05 	1
23.8125 	0.000148317 	1.06419e-05 	1
23.875 	0.000207831 	1.77655e-05 	1
23.9375 	0.00029773 	1.99086e-05 	1
24.0 	0.000261276 	2.11746e-05 	1
24.0625 	0.000149797 	1.27331e-05 	1
24.125 	0.000384937 	2.61401e-05 	1
24.3125 	0.000111699 	8.45383e-06 	1
24.375 	0.000144247 	1.04654e-05 	1
24.4375 	0.000145508 	1.35478e-05 	1
24.5625 	0.00029281 	2.04658e-05 	1
24.625 	0.000133025 	9.66376e-06 	1
24.6875 	0.000162848 	1.27849e-05 	1
24.75 	0.000127905 	1.24808e-05 	1
24.8125 	0.000195556 	1.41102e-05 	1
25.0 	0.000341481 	2.23127e-05 	1
25.0625 	9.83576e-05 	2.43352e-06 	2
25.125 	0.000133415 	3.15511e-06 	2
25.25 	0.000331502 	2.27742e-05 	1
25.3125 	0.00021164 	1.44008e-05 	1
25.5 	0.000256019 	1.73929e-05 	1
25.625 	0.000262366 	1.86011e-05 	1
25.6875 	0.000170957 	1.24993e-05 	1
25.75 	0.000254019 	1.71536e-05 	1
25.8125 	0.000167801 	1.45318e-05 	1
25.875 	0.000128214 	1.25137e-05 	1
25.9375 	0.000114648 	2.98588e-06 	2
26.0 	0.000119204 	2.90241e-06 	2
26.0625 	0.000191324 	1.46817e-05 	1
26.125 	9.9828e-05 	9.61752e-06 	1
26.25 	0.00024757 	1.67538e-05 	1
26.3125 	0.000157369 	1.38909e-05 	1
26.375 	8.6437e-05 	6.49133e-06 	1
26.4375 	0.000252438 	1.83481e-05 	1
26.5 	0.0002912 	1.99035e-05 	1
26.5625 	0.000303635 	2.04267e-05 	1
26.625 	0.000282713 	1.90894e-05 	1
26.6875 	0.00029119 	1.97528e-05 	1
26.875 	0.000381331 	2.6136e-05 	1
26.9375 	0.000218482 	1.93672e-05 	1
27.0 	0.00028142 	2.38187e-05 	1
27.25 	0.000255127 	1.74429e-05 	1
27.3125 	0.000177287 	1.72252e-05 	1
27.375 	0.000185184 	1.2547e-05 	1
27.5 	0.000144911 	1.18903e-05 	1
27.5625 	0.000137746 	1.32737e-05 	1
27.625 	0.000296438 	2.04139e-05 	1
27.6875 	0.000166771 	1.40164e-05 	1
27.75 	0.000154273 	1.14054e-05 	1
27.8125 	0.000222877 	1.62514e-05 	1
27.875 	0.000281978 	1.90707e-05 	1
28.0 	0.000327149 	2.33777e-05 	1
28.0625 	0.000152954 	1.42688e-05 	1
28.125 	9.5721e-05 	8.62268e-06 	1
28.3125 	0.000228839 	1.64365e-05 	1
28.375 	0.000137345 	1.22895e-05 	1
28.4375 	0.000347986 	2.83704e-05 	1
28.5 	0.000130204 	1.06741e-05 	1
28.625 	9.34798e-05 	9.22267e-06 	1
28.6875 	0.000194263 	1.83492e-05 	1
28.8125 	0.000265678 	1.81322e-05 	1
28.875 	0.000119575 	9.71153e-06 	1
28.9375 	8.1176e-05 	7.14919e-06 	1
29.0 	0.00010826 	9.71303e-06 	1
29.0625 	0.000199843 	1.51458e-05 	1
29.125 	0.000300488 	2.12802e-05 	1
29.1875 	0.000241708 	2.2485e-05 	1
29.25 	0.000112886 	9.06676e-06 	1
29.375 	0.000234179 	2.25939e-05 	1
29.4375 	0.000468571 	3.12274e-05 	1
29.5 	0.000380817 	2.55945e-05 	1
29.5625 	0.000245489 	1.77736e-05 	1
29.625 	0.000182205 	1.82195e-05 	1
29.6875 	0.00011716 	9.71571e-06 	1
29.75 	0.000167113 	1.56445e-05 	1
29.875 	0.00025452 	1.68422e-05 	1
29.9375 	0.000417763 	2.80476e-05 	1
30.0 	0.000247812 	2.14268e-05 	1
30.125 	8.14253e-05 	9.36768e-06 	1
30.1875 	0.000229768 	1.68582e-05 	1
30.25 	0.000125117 	3.56562e-06 	2
30.3125 	0.000133823 	3.49618e-06 	2
30.375 	0.000258152 	1.88849e-05 	1
30.4375 	0.000261691 	1.79309e-05 	1
30.5 	0.000235925 	1.66129e-05 	1
30.5625 	0.000305956 	2.03858e-05 	1
30.6875 	0.000177255 	1.52767e-05 	1
30.75 	5.72179e-05 	5.83006e-06 	1
30.8125 	0.000302329 	2.03185e-05 	1
30.9375 	0.000251467 	2.33557e-05 	1
31.0 	7.27867e-05 	8.40924e-06 	1
31.125 	0.000306885 	2.12496e-05 	1
31.1875 	0.000161076 	1.49902e-05 	1
31.25 	0.000129017 	1.22965e-05 	1
31.375 	0.00029518 	2.06201e-05 	1
31.5 	0.000195045 	1.46387e-05 	1
31.5625 	3.84137e-05 	9.36798e-06 	1
31.625 	9.63144e-05 	8.07284e-06 	1
31.6875 	0.000151214 	1.10959e-05 	1
31.75 	0.00013138 	1.22077e-05 	1
31.8125 	0.000259888 	1.76191e-05 	1
31.875 	0.00021048 	1.53269e-05 	1
31.9375 	6.76328e-05 	7.37724e-06 	1
32.0 	0.000125901 	9.6244e-06 	1
32.125 	0.000284165 	2.43774e-05 	1
32.1875 	0.000131878 	1.09908e-05 	1
32.25 	0.000178144 	1.35133e-05 	1
32.3125 	9.35105e-05 	8.61007e-06 	1
32.4375 	0.000224053 	1.5299e-05 	1
32.5 	0.000119406 	1.16812e-05 	1
32.625 	0.000142546 	1.25932e-05 	1
32.6875 	0.000142455 	1.28207e-05 	1
32.75 	0.000368568 	3.04042e-05 	1
32.8125 	0.000213196 	1.47578e-05 	1
32.875 	0.000212606 	1.55966e-05 	1
32.9375 	0.000130277 	1.01303e-05 	1
33.0 	0.000150606 	1.16294e-05 	1
33.0625 	0.000331225 	2.22504e-05 	1
33.125 	0.000211715 	2.0014e-05 	1
33.1875 	0.000341448 	2.2897e-05 	1
33.25 	0.000235866 	2.17583e-05 	1
33.3125 	0.000218797 	1.56095e-05 	1
33.375 	0.000237893 	1.73254e-05 	1
33.4375 	0.000393397 	2.65413e-05 	1
33.625 	0.000337464 	2.27562e-05 	1
33.6875 	0.000322331 	2.21395e-05 	1
33.75 	0.000283348 	2.01841e-05 	1
33.875 	0.000252403 	2.32804e-05 	1
33.9375 	0.000136385 	1.29384e-05 	1
34.0625 	0.000391298 	2.71326e-05 	1
34.125 	0.000221337 	1.6817e-05 	1
34.1875 	0.000157241 	1.10903e-05 	1
34.25 	0.000130131 	1.27659e-05 	1
34.3125 	0.000126336 	1.05865e-05 	1
34.375 	8.14482e-05 	8.72993e-06 	1
34.4375 	0.000128943 	1.26099e-05 	1
34.5 	0.000172786 	1.23731e-05 	1
34.5625 	0.000161253 	3.64973e-06 	2
34.625 	0.000122227 	1.124e-05 	1
34.6875 	0.000312671 	2.13558e-05 	1
34.75 	0.000205068 	1.51166e-05 	1
34.875 	0.000174447 	1.37571e-05 	1
34.9375 	0.000148386 	1.33148e-05 	1
35.0625 	0.000185049 	1.44404e-05 	1
35.125 	0.00016678 	1.32825e-05 	1
35.25 	0.00028512 	1.96556e-05 	1
35.3125 	0.000166981 	1.33308e-05 	1
35.375 	0.000164171 	1.19131e-05 	1
35.5625 	9.34244e-05 	9.07445e-06 	1
35.625 	0.000157485 	1.57379e-05 	1
35.6875 	0.000232316 	2.00388e-05 	1
35.75 	0.000134877 	9.89501e-06 	1
35.8125 	0.000117253 	1.01167e-05 	1
35.875 	8.01324e-05 	7.66972e-06 	1
35.9375 	0.000275327 	1.93607e-05 	1
36.0 	0.000186772 	1.49888e-05 	1
36.125 	0.00015026 	1.30577e-05 	1
36.25 	0.000172495 	1.33466e-05 	1
36.4375 	0.000273249 	1.89625e-05 	1
36.5 	0.000114617 	3.04164e-06 	2
36.5625 	0.000265088 	1.8063e-05 	1
36.625 	0.000129504 	1.0041e-05 	1
36.6875 	8.62343e-05 	8.31597e-06 	1
36.8125 	0.000110725 	2.90925e-06 	2
36.875 	0.000117216 	2.24887e-06 	2
36.9375 	7.43686e-05 	8.39806e-06 	1
37.0625 	9.08857e-05 	8.33623e-06 	1
37.125 	0.000168852 	1.25258e-05 	1
37.1875 	0.000225545 	1.58648e-05 	1
37.25 	0.000282623 	1.9611e-05 	1
37.3125 	0.000301902 	2.15558e-05 	1
37.375 	0.000286031 	1.99407e-05 	1
37.4375 	0.000180915 	1.49683e-05 	1
37.5 	0.000197442 	1.5248e-05 	1
37.5625 	0.00015449 	3.85572e-06 	2
37.625 	0.000148999 	1.22129e-05 	1
37.75 	0.000109699 	1.0622e-05 	1
37.8125 	0.00013218 	9.96325e-06 	1
37.875 	0.000185174 	4.45661e-06 	2
37.9375 	0.000179785 	1.3975e-05 	1
38.0 	0.00022242 	1.58584e-05 	1
38.0625 	0.000189588 	1.76771e-05 	1
38.125 	0.000203043 	1.52107e-05 	1
38.1875 	0.000142974 	1.16032e-05 	1
38.25 	0.000122572 	8.95081e-06 	1
38.3125 	0.000136887 	1.30422e-05 	1
38.375 	0.000270514 	1.85969e-05 	1
38.4375 	0.000119912 	2.96557e-06 	2
38.5625 	0.000254131 	1.85818e-05 	1
38.6875 	0.000442802 	3.61536e-05 	1
38.8125 	0.00012141 	1.19087e-05 	1
38.875 	0.00030586 	1.99852e-05 	1
38.9375 	0.000245344 	1.67408e-05 	1
39.0 	0.000146633 	1.23843e-05 	1
39.0625 	0.0001214 	1.18211e-05 	1
39.125 	0.000238798 	1.67822e-05 	1
39.1875 	0.000133259 	3.28429e-06 	2
39.25 	0.000183561 	1.36663e-05 	1
39.3125 	0.000209681 	1.91658e-05 	1
39.5 	0.000117703 	1.08635e-05 	1
39.5625 	0.000314176 	2.18954e-05 	1
39.625 	0.00012397 	9.70807e-06 	1
39.6875 	0.00010037 	9.8629e-06 	1
39.75 	0.000146378 	3.64827e-06 	2
39.8125 	0.000293392 	2.00561e-05 	1
39.875 	0.000103431 	8.09189e-06 	1
39.9375 	0.000145052 	1.27612e-05 	1
40.0 	0.000132372 	3.52231e-06 	2
40.125 	0.000143781 	1.28839e-05 	1
40.25 	0.000125811 	1.12716e-05 	1
40.3125 	0.000310625 	2.27907e-05 	1
40.4375 	0.000216666 	1.54394e-05 	1
40.5 	0.000200013 	1.52947e-05 	1
40.5625 	0.000291852 	2.04628e-05 	1
40.625 	0.000179195 	1.51557e-05 	1
40.8125 	0.00017183 	1.35896e-05 	1
40.9375 	0.000110725 	9.09895e-06 	1
41.125 	0.000230825 	1.6546e-05 	1
41.1875 	0.000253542 	1.74003e-05 	1
41.25 	0.000207378 	1.47617e-05 	1
41.3125 	0.000297736 	2.06622e-05 	1
41.4375 	0.000100533 	8.30907e-06 	1
41.5 	0.000154224 	1.1482e-05 	1
41.5625 	0.000349461 	2.38796e-05 	1
41.625 	0.000147444 	1.29175e-05 	1
41.6875 	0.000118801 	9.06176e-06 	1
41.8125 	0.000160341 	1.15307e-05 	1
41.875 	0.00011032 	1.09021e-05 	1
41.9375 	0.000215832 	1.60223e-05 	1
42.0 	0.000239638 	1.71178e-05 	1
42.125 	0.000243666 	1.79298e-05 	1
42.25 	0.000118396 	3.16506e-06 	2
42.375 	5.7609e-05 	6.88267e-06 	1
42.5 	0.000263419 	1.82399e-05 	1
42.6875 	0.000142305 	1.27952e-05 	1
42.8125 	0.000145428 	1.27825e-05 	1
42.875 	0.000225383 	1.69386e-05 	1
42.9375 	0.000150878 	1.48648e-05 	1
43.0 	0.000154439 	1.14097e-05 	1
43.0625 	0.000122108 	1.10935e-05 	1
43.125 	0.000130245 	1.01786e-05 	1
43.1875 	0.000215788 	2.01585e-05 	1
43.3125 	0.000169842 	1.27221e-05 	1
43.375 	0.000183964 	1.83867e-05 	1
43.5625 	0.00013814 	3.58433e-06 	2
43.6875 	0.000114989 	1.12835e-05 	1
43.75 	0.000186592 	1.37917e-05 	1
43.8125 	0.000344049 	2.24293e-05 	1
43.9375 	0.000262526 	1.77045e-05 	1
44.0 	0.000196995 	1.38014e-05 	1
44.0625 	0.000154834 	1.16547e-05 	1
44.125 	0.000357706 	2.46132e-05 	1
44.1875 	0.000140814 	1.13411e-05 	1
44.25 	0.000232542 	1.70514e-05 	1
44.3125 	0.000114845 	3.07308e-06 	2
44.375 	0.000128436 	3.9325e-06 	2
44.4375 	8.38076e-05 	8.52543e-06 	1
44.5625 	0.000336191 	2.23599e-05 	1
44.625 	0.000246847 	1.79e-05 	1
44.6875 	0.000123963 	1.1578e-05 	1
44.75 	0.000399996 	2.72345e-05 	1
44.8125 	0.000127185 	8.9889e-06 	1
44.875 	0.00010448 	9.94225e-06 	1
44.9375 	0.000235857 	1.69556e-05 	1
45.0 	0.000116908 	1.05463e-05 	1
45.0625 	0.000253824 	1.75877e-05 	1
45.1875 	0.000266563 	1.82444e-05 	1
45.3125 	0.000151603 	1.13383e-05 	1
45.375 	0.000133468 	1.01074e-05 	1
45.5 	0.000188679 	1.82371e-05 	1
45.5625 	0.000190155 	1.44896e-05 	1
45.625 	0.00037184 	2.45653e-05 	1
45.6875 	0.000123835 	2.39098e-06 	2
45.75 	0.000209294 	1.54397e-05 	1
45.875 	0.00031481 	2.12367e-05 	1
45.9375 	0.000147945 	1.09645e-05 	1
46.0 	6.91386e-05 	6.96376e-06 	1
46.0625 	0.000279524 	1.92172e-05 	1
46.125 	0.000316594 	2.12773e-05 	1
46.3125 	0.000229782 	1.93426e-05 	1
46.375 	0.000315189 	2.17144e-05 	1
46.5625 	0.000104646 	8.79641e-06 	1
46.625 	0.000314603 	2.10487e-05 	1
46.6875 	0.000173205 	1.33195e-05 	1
46.75 	0.000262149 	1.92731e-05 	1
46.8125 	0.000170428 	1.22525e-05 	1
46.875 	0.000251702 	1.70827e-05 	1
47.0 	0.000227666 	1.64653e-05 	1
47.0625 	9.60366e-05 	8.051e-06 	1
47.125 	0.000268939 	1.83917e-05 	1
47.1875 	0.000120444 	3.5547e-06 	2
47.25 	0.000138636 	1.05881e-05 	1
47.3125 	0.000256763 	1.83596e-05 	1
47.375 	0.000162234 	1.13358e-05 	1
47.5 	0.000119497 	1.00776e-05 	1
47.5625 	9.965e-05 	8.52541e-06 	1
47.625 	0.000162788 	1.2111e-05 	1
47.6875 	0.000201493 	1.76943e-05 	1
47.8125 	0.000247006 	1.68849e-05 	1
47.875 	0.00022185 	1.48371e-05 	1
48.0 	0.000105598 	8.73912e-06 	1
48.0625 	0.000196787 	1.36591e-05 	1
48.1875 	0.000167304 	1.319e-05 	1
48.25 	0.000252108 	1.80697e-05 	1
48.3125 	0.000251281 	2.33435e-05 	1
48.4375 	0.000182845 	1.50723e-05 	1
48.5 	0.000231805 	1.58818e-05 	1
48.5625 	0.000287563 	2.00106e-05 	1
48.75 	0.000116052 	9.92172e-06 	1
48.8125 	9.23555e-05 	7.6678e-06 	1
48.9375 	0.000220999 	1.59051e-05 	1
49.0 	0.00018445 	1.34441e-05 	1
49.125 	0.000208737 	1.57588e-05 	1
49.1875 	0.00010528 	1.05124e-05 	1
49.25 	9.44373e-05 	9.5448e-06 	1
49.3125 	0.000109323 	2.79323e-06 	2
49.375 	0.000168906 	1.32103e-05 	1
49.4375 	0.00023667 	2.17685e-05 	1
49.5 	0.000198656 	1.50192e-05 	1
49.5625 	0.000194745 	1.59887e-05 	1
49.625 	0.000374819 	2.60499e-05 	1
49.6875 	0.000310712 	2.12828e-05 	1
49.75 	0.00011406 	2.31403e-06 	2
50.0625 	0.000144037 	1.1785e-05 	1
50.125 	0.000230124 	1.58028e-05 	1
50.25 	0.000120546 	9.60247e-06 	1
50.3125 	0.000162763 	1.43108e-05 	1
50.375 	0.000231172 	1.69045e-05 	1
50.4375 	0.000218869 	1.59883e-05 	1
50.5 	0.00016736 	1.53746e-05 	1
50.5625 	0.000212812 	1.51839e-05 	1
50.625 	7.43624e-05 	8.56577e-06 	1
50.75 	0.000154794 	1.14598e-05 	1
50.8125 	0.000129978 	1.01128e-05 	1
50.875 	0.000131271 	1.01457e-05 	1
50.9375 	0.000378082 	2.47094e-05 	1
51.0 	0.00011121 	1.04148e-05 	1
51.0625 	0.000255758 	1.72395e-05 	1
51.125 	0.0001157 	2.96542e-06 	2
51.1875 	0.000390232 	3.189e-05 	1
51.25 	0.000106018 	8.5788e-06 	1
51.3125 	0.000217287 	1.57165e-05 	1
51.375 	0.000119472 	8.60415e-06 	1
51.4375 	0.000122082 	1.13538e-05 	1
51.5 	0.000213011 	1.53309e-05 	1
51.5625 	0.000261745 	1.82275e-05 	1
51.625 	0.000138636 	1.04211e-05 	1
51.6875 	0.000101854 	2.50821e-06 	2
51.8125 	0.000217647 	1.5676e-05 	1
51.875 	0.000160078 	1.51828e-05 	1
52.0 	0.000288947 	2.03317e-05 	1
52.0625 	0.000214767 	1.5304e-05 	1
52.1875 	8.05789e-05 	8.20062e-06 	1
52.3125 	0.000109866 	2.98853e-06 	2
52.375 	0.000315322 	2.16248e-05 	1
52.4375 	0.000249198 	2.32209e-05 	1
52.5 	0.000278511 	1.86117e-05 	1
52.625 	0.000277237 	1.97089e-05 	1
52.6875 	8.76139e-05 	8.63157e-06 	1
52.75 	0.00021721 	1.51087e-05 	1
52.8125 	0.000181434 	1.62972e-05 	1
52.875 	0.000315299 	2.19758e-05 	1
52.9375 	6.89598e-05 	5.61685e-06 	1
53.0 	0.000250377 	1.89253e-05 	1
53.125 	0.000240294 	1.71067e-05 	1
53.1875 	0.00010507 	7.53504e-06 	1
53.25 	0.000151361 	1.29238e-05 	1
53.3125 	8.99704e-05 	1.96226e-06 	2
53.375 	0.000145142 	1.11627e-05 	1
53.5 	9.08553e-05 	2.08862e-06 	2
53.5625 	0.000323366 	2.24118e-05 	1
53.625 	0.000339749 	2.3517e-05 	1
53.6875 	0.000196692 	1.77616e-05 	1
53.75 	0.000293509 	2.0625e-05 	1
53.8125 	0.000221512 	1.62126e-05 	1
53.875 	0.000156756 	1.50452e-05 	1
54.0 	0.000152556 	1.33687e-05 	1
54.0625 	0.000367947 	2.45371e-05 	1
54.1875 	0.000262942 	2.37327e-05 	1
54.25 	0.000230684 	1.55338e-05 	1
54.3125 	9.91266e-05 	9.33604e-06 	1
54.375 	0.000129589 	1.25639e-05 	1
54.4375 	0.00016581 	3.99418e-06 	2
54.6875 	0.000318088 	2.22478e-05 	1
54.8125 	0.000116561 	2.83662e-06 	2
54.875 	0.000187728 	1.79811e-05 	1
54.9375 	0.000176039 	1.20842e-05 	1
55.0 	0.000124304 	3.31804e-06 	2
55.0625 	0.000126415 	1.09576e-05 	1
55.125 	0.000251562 	1.69295e-05 	1
55.1875 	0.000283461 	2.05072e-05 	1
55.3125 	0.000179887 	1.26822e-05 	1
55.4375 	0.000115517 	2.77113e-06 	2
55.5 	0.000195685 	1.54935e-05 	1
55.625 	0.000317683 	2.17087e-05 	1
55.6875 	0.000133494 	9.94925e-06 	1
55.75 	0.000116208 	3.52465e-06 	2
55.8125 	0.000137854 	1.01108e-05 	1
55.875 	0.000126965 	1.23511e-05 	1
55.9375 	0.00013079 	1.03698e-05 	1
56.0 	0.000347779 	2.45167e-05 	1
56.0625 	0.000143357 	1.1988e-05 	1
56.1875 	0.000110312 	2.92994e-06 	2
56.3125 	0.000169837 	1.32792e-05 	1
56.375 	0.000311066 	2.16518e-05 	1
56.4375 	0.000254186 	1.79653e-05 	1
56.5625 	0.000226441 	1.69891e-05 	1
56.6875 	0.000131917 	1.20237e-05 	1
56.75 	0.000272192 	1.86352e-05 	1
56.8125 	0.00015422 	1.15468e-05 	1
56.9375 	0.000228824 	1.58065e-05 	1
57.0 	0.000131374 	3.37135e-06 	2
57.0625 	0.000151856 	1.10129e-05 	1
57.1875 	0.000156897 	1.19461e-05 	1
57.25 	0.000257478 	1.80948e-05 	1
57.3125 	0.000141177 	1.33659e-05 	1
57.375 	0.000246009 	1.73197e-05 	1
57.4375 	0.000127653 	3.36968e-06 	2
57.5 	0.000123618 	1.0018e-05 	1
57.5625 	0.000212821 	1.50349e-05 	1
57.625 	0.000237926 	1.66396e-05 	1
57.6875 	0.000245621 	1.63962e-05 	1
57.75 	0.000363536 	2.40249e-05 	1
57.8125 	0.000195726 	1.79566e-05 	1
58.0 	0.000176488 	1.32656e-05 	1
58.0625 	0.000426082 	3.07627e-05 	1
58.125 	0.000265064 	1.86239e-05 	1
58.1875 	0.000150329 	1.41237e-05 	1
58.25 	0.000183294 	1.2644e-05 	1
58.3125 	7.87124e-05 	8.45103e-06 	1
58.4375 	0.000150653 	1.33385e-05 	1
58.5625 	0.000213594 	1.54242e-05 	1
58.625 	0.000193582 	1.41887e-05 	1
58.6875 	0.000245068 	1.69218e-05 	1
58.8125 	0.000186485 	1.63958e-05 	1
58.875 	0.000306887 	2.03799e-05 	1
58.9375 	0.000147978 	1.22018e-05 	1
59.0 	0.000158954 	1.20102e-05 	1
59.125 	0.000178539 	1.51244e-05 	1
59.25 	0.000163056 	1.27724e-05 	1
59.3125 	0.000399127 	2.67915e-05 	1
59.375 	0.000314194 	2.24588e-05 	1
59.4375 	0.000253357 	1.76543e-05 	1
59.5 	0.000297772 	2.06739e-05 	1
59.5625 	0.00016141 	1.428e-05 	1
59.6875 	8.20479e-05 	7.95613e-06 	1
59.8125 	8.81293e-05 	2.13459e-06 	2
59.875 	0.000141136 	1.13679e-05 	1
59.9375 	0.00017432 	1.30041e-05 	1
60.0 	7.48221e-05 	8.42534e-06 	1
60.0625 	0.000167606 	1.27519e-05 	1
60.125 	0.000135489 	1.30146e-05 	1
60.375 	0.000117063 	3.1249e-06 	2
60.4375 	0.000304679 	2.13676e-05 	1
60.5 	7.15606e-05 	5.73484e-06 	1
60.5625 	0.000123333 	1.10407e-05 	1
60.625 	0.00019102 	1.52508e-05 	1
60.75 	0.000176788 	1.39176e-05 	1
60.8125 	9.32341e-05 	8.29337e-06 	1
60.875 	8.07907e-05 	8.02443e-06 	1
61.0 	0.000237826 	1.68162e-05 	1
61.125 	0.000105472 	9.27537e-06 	1
61.1875 	0.000368778 	2.52226e-05 	1
61.25 	0.000253114 	1.68063e-05 	1
61.3125 	0.000172325 	1.24983e-05 	1
61.375 	0.000201484 	1.46968e-05 	1
61.4375 	9.40616e-05 	7.73936e-06 	1
61.5 	0.000104508 	8.80637e-06 	1
61.625 	0.000163055 	1.36676e-05 	1
61.6875 	0.00023178 	1.57978e-05 	1
61.8125 	0.000326956 	2.24613e-05 	1
61.875 	0.000126718 	1.20677e-05 	1
61.9375 	0.000314899 	2.16268e-05 	1
62.0 	0.0001792 	1.27516e-05 	1
62.125 	0.000127592 	1.08399e-05 	1
62.1875 	0.000221561 	1.62769e-05 	1
62.25 	8.93027e-05 	7.61897e-06 	1
62.375 	8.31045e-05 	8.29754e-06 	1
62.5 	0.000138939 	1.10454e-05 	1
62.5625 	0.000127144 	9.94314e-06 	1
62.6875 	0.000146802 	1.12867e-05 	1
62.75 	0.00015671 	1.12837e-05 	1
62.875 	0.000155717 	1.20505e-05 	1
62.9375 	0.000217869 	1.61288e-05 	1
63.0 	0.00016862 	1.5544e-05 	1
63.125 	0.000107598 	2.9088e-06 	2
63.25 	0.000139239 	3.46738e-06 	2
63.4375 	0.000308031 	2.09705e-05 	1
63.5625 	0.000151663 	1.40272e-05 	1
63.625 	0.000248045 	1.7989e-05 	1
63.8125 	0.000403223 	2.71499e-05 	1
63.9375 	0.000164384 	1.37875e-05 	1
64.0 	0.000137522 	1.09094e-05 	1
64.0625 	0.000169553 	1.30339e-05 	1
64.25 	0.000133592 	3.36277e-06 	2
64.3125 	9.82957e-05 	2.28723e-06 	2
64.4375 	0.000264067 	1.96312e-05 	1
64.5625 	0.000358614 	2.43426e-05 	1
64.6875 	0.000288624 	2.01818e-05 	1
64.75 	0.000282741 	1.95327e-05 	1
64.8125 	0.000149874 	1.36689e-05 	1
64.875 	0.000190903 	1.35328e-05 	1
64.9375 	0.000226543 	1.92708e-05 	1
65.0 	0.000372296 	2.75931e-05 	1
65.0625 	0.000246576 	1.76159e-05 	1
65.125 	0.000145791 	1.1867e-05 	1
65.25 	0.000139108 	1.38135e-05 	1
65.5 	0.000124159 	9.13182e-06 	1
65.625 	0.000224923 	1.52694e-05 	1
65.6875 	0.000127108 	8.94722e-06 	1
65.75 	7.96476e-05 	7.19798e-06 	1
65.8125 	0.000180602 	1.38447e-05 	1
65.9375 	0.000218487 	1.65006e-05 	1
66.0 	0.000299416 	2.21561e-05 	1
66.0625 	0.000130763 	1.27e-05 	1
66.1875 	0.000210807 	1.41931e-05 	1
66.25 	0.000159984 	1.10744e-05 	1
66.3125 	0.000106387 	2.64861e-06 	2
66.375 	0.00024477 	1.74523e-05 	1
66.4375 	0.000175464 	1.26697e-05 	1
66.5 	8.40588e-05 	8.01854e-06 	1
66.625 	4.63164e-05 	5.42935e-06 	1
66.75 	0.000139244 	1.13528e-05 	1
66.8125 	0.000238353 	1.70681e-05 	1
66.875 	9.62362e-05 	8.25906e-06 	1
66.9375 	9.66071e-05 	9.75054e-06 	1
67.0 	0.000287458 	2.41409e-05 	1
67.125 	0.00016755 	1.35126e-05 	1
67.1875 	0.000106956 	1.00261e-05 	1
67.25 	0.00027525 	2.39098e-05 	1
67.3125 	9.56206e-05 	9.04005e-06 	1
67.375 	0.000180671 	1.59538e-05 	1
67.4375 	0.000294127 	2.02632e-05 	1
67.5 	0.000283794 	1.97629e-05 	1
67.5625 	6.93632e-05 	6.79586e-06 	1
67.8125 	0.000223967 	1.64535e-05 	1
67.875 	0.000160315 	1.59518e-05 	1
67.9375 	0.000171133 	1.30398e-05 	1
68.0 	0.000177774 	1.48263e-05 	1
68.0625 	0.000136403 	3.26994e-06 	2
68.125 	0.000141011 	1.31674e-05 	1
68.1875 	0.000394451 	2.67738e-05 	1
68.25 	0.000216859 	1.62777e-05 	1
68.3125 	0.000106682 	9.85816e-06 	1
68.375 	0.000192938 	1.71146e-05 	1
68.4375 	8.04112e-05 	8.6156e-06 	1
68.5 	6.96923e-05 	6.22478e-06 	1
68.5625 	0.000213468 	1.44584e-05 	1
68.625 	0.000266396 	1.85633e-05 	1
68.6875 	0.000238095 	2.19525e-05 	1
68.75 	0.000251698 	1.7544e-05 	1
68.8125 	0.000202398 	1.49016e-05 	1
68.875 	0.000148711 	3.96379e-06 	2
68.9375 	0.000204193 	1.75188e-05 	1
69.0625 	0.000120228 	1.16364e-05 	1
69.125 	9.66538e-05 	7.85303e-06 	1
69.1875 	0.000163853 	1.17439e-05 	1
69.25 	0.00018508 	1.4669e-05 	1
69.3125 	0.000246995 	1.72471e-05 	1
69.4375 	0.000291409 	2.32981e-05 	1
69.5 	0.000114421 	1.11828e-05 	1
69.625 	0.000325255 	2.2268e-05 	1
69.75 	0.000161566 	1.33245e-05 	1
69.8125 	9.6952e-05 	2.41407e-06 	2
69.875 	0.000240387 	1.7834e-05 	1
69.9375 	0.000191443 	1.39268e-05 	1
