# time 	Initial 	Final 	Iterations
0.333274 	0.000545119 	9.84801e-05 	1
0.579973 	0.000675902 	9.71125e-05 	4
0.642226 	0.000659076 	9.95937e-05 	4
0.766734 	0.000466421 	7.7729e-05 	2
0.828988 	0.000704676 	9.79547e-05 	5
1.26477 	0.000557984 	6.41599e-05 	3
1.38927 	0.000336031 	9.94404e-05 	1
1.45153 	0.000721665 	9.22761e-05 	2
1.51378 	0.000505454 	8.27789e-05 	4
1.7628 	0.000499187 	4.75885e-05 	2
1.8873 	0.000369526 	6.0537e-05 	2
1.94956 	0.000314015 	9.60199e-05 	3
2.19857 	0.000845296 	8.01858e-05 	4
2.26083 	0.000471402 	7.15738e-05 	2
2.32308 	0.000417327 	8.23089e-05 	2
2.38534 	0.000290619 	5.1761e-05 	2
2.44759 	0.000561171 	5.6399e-05 	2
2.63435 	0.000539999 	6.81454e-05 	3
2.69661 	0.00064773 	7.96265e-05 	2
2.88337 	0.000453722 	6.006e-05 	2
2.94562 	0.000562427 	9.14234e-05 	1
3.07013 	0.000521192 	6.95033e-05 	3
3.25689 	0.000461171 	7.20065e-05 	2
3.31914 	0.00071792 	8.60228e-05 	3
3.3814 	0.000608926 	8.68404e-05 	4
3.44365 	0.000554951 	6.29537e-05 	3
3.69267 	0.000523508 	9.16345e-05 	4
3.75492 	0.000519943 	8.91981e-05 	1
3.87943 	0.000352371 	6.23102e-05 	2
4.06619 	0.000624093 	8.60112e-05 	3
4.12845 	0.000993668 	7.51327e-05 	5
4.1907 	0.000497162 	8.36643e-05 	3
4.25295 	0.000647474 	9.0545e-05 	4
4.31521 	0.00046246 	6.81681e-05 	2
4.37746 	0.000486288 	7.21402e-05 	5
4.50197 	0.000536117 	7.74432e-05 	2
4.56422 	0.000449914 	8.18292e-05 	2
4.62648 	0.000419471 	5.00595e-05 	3
4.68873 	0.000327388 	6.88937e-05 	1
4.93775 	0.000617794 	7.69069e-05 	4
5.0 	0.000424548 	4.63555e-05 	4
5.0625 	0.000471271 	7.27857e-05 	4
5.125 	0.000441566 	8.44893e-05 	2
5.25 	0.000578335 	8.87934e-05 	2
5.375 	0.000873788 	9.26908e-05 	6
5.5 	0.000767479 	9.36652e-05 	2
5.5625 	0.000757271 	7.6088e-05 	6
5.625 	0.000383061 	7.65513e-05 	2
5.6875 	0.000489153 	8.01047e-05 	2
5.8125 	0.000499834 	5.41893e-05 	3
5.875 	0.00053065 	5.47765e-05 	2
5.9375 	0.000355489 	6.47615e-05 	3
6.0 	0.000478017 	9.4954e-05 	1
6.1875 	0.000644242 	6.40797e-05 	3
6.25 	0.000504013 	7.96077e-05 	3
6.4375 	0.000750177 	9.54689e-05 	2
6.75 	0.000451268 	7.9709e-05 	2
6.8125 	0.000570143 	5.10871e-05 	3
6.9375 	0.000344633 	7.91282e-05 	2
7.125 	0.000632664 	3.45351e-05 	3
7.1875 	0.000653057 	6.74093e-05 	4
7.5625 	0.000416308 	8.37684e-05 	2
7.6875 	0.000585777 	6.47916e-05 	4
7.8125 	0.000271277 	8.12714e-05 	1
7.9375 	0.000505836 	3.9655e-05 	2
8.0 	0.000757207 	7.14854e-05 	4
8.0625 	0.000419885 	6.92751e-05 	2
8.125 	0.000701436 	6.10988e-05 	4
8.4375 	0.000746336 	8.94727e-05 	5
8.5 	0.000739848 	9.76388e-05 	2
8.5625 	0.000724928 	8.10556e-05 	4
8.8125 	0.000835482 	7.15853e-05 	4
8.9375 	0.00106628 	7.85479e-05 	8
9.0 	0.000433806 	7.63741e-05 	2
9.1875 	0.00122353 	9.67659e-05 	9
9.25 	0.00059235 	7.69579e-05 	4
9.3125 	0.000594647 	8.45365e-05 	4
9.375 	0.000396564 	6.64866e-05 	4
9.4375 	0.000536271 	6.55282e-05 	3
9.5625 	0.000804165 	7.03368e-05 	6
9.625 	0.000341165 	6.52694e-05 	2
9.6875 	0.000508642 	6.6294e-05 	4
9.8125 	0.000649901 	9.57162e-05 	4
9.9375 	0.000324494 	7.73073e-05 	2
10.0 	0.000357193 	7.16873e-05 	2
10.1875 	0.000415368 	7.17762e-05 	3
10.3125 	0.000401217 	9.72667e-05 	1
10.625 	0.000603918 	9.31433e-05 	4
10.6875 	0.000404321 	8.60464e-05 	1
10.75 	0.000425374 	6.85864e-05 	4
10.8125 	0.000562979 	7.32815e-05 	4
10.875 	0.000476194 	9.62223e-05 	2
11.0 	0.000411581 	8.1346e-05 	3
11.0625 	0.000717301 	9.03043e-05 	2
11.1875 	0.000479271 	9.69278e-05 	4
11.6875 	0.000709755 	9.76321e-05 	2
11.75 	0.000820753 	9.88483e-05 	7
11.8125 	0.000730269 	6.64724e-05 	4
11.9375 	0.000553331 	6.07171e-05 	4
12.0 	0.000302167 	4.18759e-05 	2
12.0625 	0.000688528 	8.9198e-05 	4
12.1875 	0.000725191 	6.30383e-05 	4
12.3125 	0.0002554 	6.69002e-05 	2
12.375 	0.000635735 	5.58793e-05 	6
12.625 	0.00059878 	8.66379e-05 	4
12.6875 	0.000510283 	3.22167e-05 	3
12.8125 	0.000732466 	5.70245e-05 	4
12.875 	0.000449153 	9.83808e-05 	1
13.0 	0.000641872 	8.89421e-05 	2
13.0625 	0.000646392 	9.55829e-05 	4
13.1875 	0.000437677 	6.02623e-05 	3
13.25 	0.000737965 	8.52512e-05 	6
13.375 	0.000681496 	7.73833e-05 	3
13.5625 	0.000483261 	6.73857e-05 	4
13.625 	0.000556756 	8.91768e-05 	2
13.6875 	0.000539201 	9.86139e-05 	2
14.0625 	0.000638096 	8.99924e-05 	3
14.125 	0.000639667 	6.44091e-05 	4
14.1875 	0.000402727 	6.53362e-05 	4
14.3125 	0.000470394 	7.65098e-05 	2
14.375 	0.000641625 	9.23961e-05 	3
14.4375 	0.000367115 	6.60618e-05 	2
14.5 	0.000724623 	6.01644e-05 	4
14.625 	0.000357788 	8.20876e-05 	2
14.6875 	0.000791924 	8.21349e-05 	6
14.75 	0.000561689 	9.17856e-05 	2
14.8125 	0.000647868 	6.22996e-05 	4
14.9375 	0.000345088 	6.82031e-05 	2
15.0 	0.000282787 	4.57682e-05 	2
15.1875 	0.000453235 	9.55859e-05 	1
15.25 	0.000683993 	9.47085e-05 	2
15.3125 	0.000571594 	7.69579e-05 	3
15.375 	0.000445267 	7.01098e-05 	3
15.4375 	0.000454879 	7.04266e-05 	2
15.5 	0.000558627 	9.45688e-05 	3
15.8125 	0.000578095 	9.89278e-05 	2
15.9375 	0.000416552 	8.96362e-05 	2
16.0 	0.000641288 	7.17444e-05 	3
16.0625 	0.000418242 	6.72051e-05 	3
16.125 	0.000740502 	9.46134e-05 	6
16.1875 	0.000431057 	6.87613e-05 	3
16.25 	0.000718795 	9.22685e-05 	4
16.3125 	0.000365996 	5.89666e-05 	2
16.375 	0.000399917 	7.1375e-05 	2
16.5 	0.000647921 	7.66486e-05 	4
16.625 	0.000262812 	7.28855e-05 	2
16.8125 	0.0006752 	6.52375e-05 	4
16.9375 	0.000683473 	8.39358e-05 	4
17.25 	0.00045525 	7.97911e-05 	4
17.3125 	0.000607721 	8.77024e-05 	3
17.375 	0.000666253 	9.07872e-05 	2
17.4375 	0.000199073 	6.81748e-05 	2
17.5625 	0.000419476 	6.75889e-05 	4
17.6875 	0.000722264 	6.36546e-05 	6
18.0 	0.000368498 	6.46703e-05 	2
18.0625 	0.000765327 	9.93562e-05 	2
18.1875 	0.000752144 	9.95846e-05 	2
18.25 	0.000651828 	7.59378e-05 	5
18.375 	0.000597559 	6.33565e-05 	4
18.4375 	0.000423744 	9.21159e-05 	3
18.5625 	0.000667542 	8.4765e-05 	4
18.625 	0.000409535 	5.7164e-05 	3
18.8125 	0.000754359 	5.7512e-05 	4
18.875 	0.00044398 	9.62852e-05 	2
18.9375 	0.000842234 	8.52681e-05 	6
19.125 	0.00054281 	9.38396e-05 	3
19.4375 	0.000510629 	5.91317e-05 	4
19.5 	0.000394168 	4.26965e-05 	4
19.625 	0.000731626 	8.52336e-05 	6
19.6875 	0.000579424 	6.33134e-05 	2
19.75 	0.00056017 	7.74756e-05 	4
19.9375 	0.000615095 	5.5997e-05 	3
20.125 	0.000385015 	8.58495e-05 	1
20.1875 	0.000373426 	8.09885e-05 	2
20.375 	0.000469911 	6.75632e-05 	2
20.4375 	0.000397356 	6.55926e-05 	2
20.5 	0.000614023 	6.65196e-05 	3
20.625 	0.000393594 	8.64575e-05 	2
20.6875 	0.000626787 	7.06557e-05 	2
20.75 	0.000934772 	9.46431e-05 	6
21.0 	0.000470826 	8.15604e-05 	2
21.0625 	0.000558018 	8.85614e-05 	4
21.1875 	0.000470229 	9.06659e-05 	2
21.3125 	0.00066808 	7.11753e-05 	3
21.5625 	0.000391546 	6.07396e-05 	4
21.75 	0.000622164 	5.00307e-05 	4
21.8125 	0.000370239 	7.04767e-05 	2
21.875 	0.000768068 	7.04284e-05 	4
21.9375 	0.000632323 	9.65143e-05 	2
22.125 	0.000368929 	6.21565e-05 	2
22.1875 	0.00031697 	4.25587e-05 	2
22.25 	0.000461135 	7.4016e-05 	3
22.3125 	0.000652064 	7.17643e-05 	3
22.375 	0.000536964 	7.75249e-05 	2
22.9375 	0.000798621 	6.74449e-05 	6
23.0 	0.000645992 	8.79523e-05 	3
23.125 	0.000339497 	7.50436e-05 	2
23.1875 	0.000542206 	5.24292e-05 	2
23.3125 	0.000521526 	4.90852e-05 	3
23.375 	0.00045233 	9.83235e-05 	2
23.4375 	0.000297337 	9.18951e-05 	1
23.6875 	0.000616228 	5.41704e-05 	6
23.8125 	0.000722923 	7.36121e-05 	4
24.0 	0.000615456 	9.318e-05 	5
24.0625 	0.000315559 	9.15799e-05 	2
24.3125 	0.000690398 	8.11961e-05 	4
24.375 	0.000650889 	7.4886e-05 	3
24.4375 	0.00042649 	6.88386e-05 	3
24.5625 	0.000480798 	8.68153e-05 	3
24.6875 	0.000808841 	6.30996e-05 	4
24.75 	0.000473646 	5.00729e-05 	3
24.8125 	0.000344175 	6.26454e-05 	2
25.0 	0.000392028 	7.14429e-05 	4
25.0625 	0.000740972 	4.59966e-05 	4
25.125 	0.000809517 	9.92059e-05 	7
25.25 	0.000379805 	7.12507e-05 	2
25.3125 	0.000240901 	9.99558e-05 	1
25.625 	0.000666221 	8.88233e-05 	2
25.6875 	0.000388117 	7.02053e-05 	2
25.75 	0.000586602 	7.9395e-05 	3
25.8125 	0.000566363 	4.84286e-05 	4
26.0 	0.000486758 	4.95005e-05 	2
26.125 	0.000490258 	8.58769e-05 	2
26.25 	0.000424223 	5.83e-05 	4
26.375 	0.000589158 	5.98538e-05 	3
26.5 	0.000720973 	7.85415e-05 	4
26.5625 	0.000273654 	3.30174e-05 	2
26.625 	0.000384408 	7.06395e-05 	2
26.6875 	0.000844977 	5.90523e-05 	4
26.875 	0.000655489 	8.06382e-05 	6
26.9375 	0.000587535 	7.46952e-05 	4
27.0 	0.000402748 	6.47428e-05 	4
27.25 	0.000561435 	8.2708e-05 	3
27.3125 	0.000612132 	9.25399e-05 	2
27.625 	0.000558451 	8.49419e-05 	3
27.75 	0.000273964 	6.98336e-05 	1
28.0 	0.000511052 	9.01874e-05 	3
28.0625 	0.000694 	7.41267e-05 	4
28.125 	0.000377983 	8.49789e-05 	1
28.3125 	0.000399129 	6.94715e-05 	3
28.5 	0.000797245 	6.23817e-05 	6
28.625 	0.000702498 	4.80684e-05 	4
28.6875 	0.000510938 	9.95074e-05 	2
28.8125 	0.000690572 	9.16225e-05 	3
28.875 	0.000327342 	5.75759e-05 	2
29.0 	0.000625199 	8.28199e-05 	4
29.0625 	0.000382571 	7.38373e-05 	2
29.125 	0.000566171 	6.78105e-05 	2
29.1875 	0.000451391 	8.63699e-05 	2
29.25 	0.000533524 	6.73574e-05 	3
29.375 	0.000785151 	9.87508e-05 	6
29.4375 	0.000700356 	9.33199e-05 	3
29.625 	0.0006018 	8.0977e-05 	3
29.6875 	0.00041283 	6.67754e-05 	4
29.75 	0.000569785 	8.54983e-05 	3
29.9375 	0.000591944 	8.63221e-05 	2
30.125 	0.00043383 	8.89174e-05 	2
30.25 	0.000263982 	6.05005e-05 	2
30.3125 	0.000527991 	8.83932e-05 	3
30.375 	0.00031111 	7.0694e-05 	2
30.4375 	0.00065732 	5.00424e-05 	4
30.5 	0.000317138 	5.89744e-05 	3
30.5625 	0.000603743 	8.11487e-05 	3
30.8125 	0.000371947 	7.54649e-05 	2
30.9375 	0.000483769 	6.19014e-05 	3
31.1875 	0.000729219 	9.00913e-05 	2
31.25 	0.000296564 	7.01272e-05 	2
31.375 	0.000684329 	9.07344e-05 	5
31.625 	0.000467225 	7.37071e-05 	3
31.75 	0.000592074 	7.79511e-05 	5
31.8125 	0.000570665 	9.40107e-05 	2
31.875 	0.000555753 	6.04875e-05 	4
32.0 	0.000562875 	7.35183e-05 	2
32.125 	0.000626603 	9.35637e-05 	2
32.1875 	0.000704124 	9.6401e-05 	3
32.25 	0.000419437 	4.32931e-05 	3
32.3125 	0.000700703 	7.77138e-05 	3
32.4375 	0.000366285 	5.15947e-05 	2
32.5 	0.000669034 	8.28815e-05 	7
32.625 	0.0005711 	5.95127e-05 	2
32.6875 	0.000444373 	9.33649e-05 	2
32.75 	0.000834687 	7.69886e-05 	4
32.8125 	0.000640353 	5.58222e-05 	6
32.875 	0.000362256 	7.96938e-05 	2
33.0 	0.000691526 	9.41556e-05 	4
33.0625 	0.000262289 	6.6681e-05 	2
33.125 	0.000614085 	9.30974e-05 	4
33.1875 	0.000694983 	7.78714e-05 	3
33.3125 	0.000601868 	6.58018e-05 	3
33.375 	0.000800665 	9.56346e-05 	6
33.4375 	0.000630611 	7.06738e-05 	4
33.625 	0.000522401 	4.8847e-05 	3
33.6875 	0.000377276 	5.34219e-05 	2
33.875 	0.000756243 	9.83604e-05 	4
33.9375 	0.000303524 	7.69812e-05 	2
34.125 	0.000312953 	3.78785e-05 	2
34.1875 	0.000769616 	9.20264e-05 	4
34.25 	0.000696275 	9.46356e-05 	6
34.3125 	0.000326527 	9.39512e-05 	3
34.375 	0.000794885 	9.43093e-05 	6
34.5 	0.000843676 	8.90461e-05 	7
34.5625 	0.000462891 	7.92614e-05 	2
34.625 	0.000401601 	5.80522e-05 	2
34.6875 	0.000403398 	7.62696e-05 	3
34.875 	0.000436519 	9.55088e-05 	2
34.9375 	0.000759947 	7.06271e-05 	6
35.0625 	0.000376722 	6.39818e-05 	3
35.125 	0.000838817 	9.50905e-05 	2
35.25 	0.000408157 	9.66629e-05 	3
35.3125 	0.000700911 	8.90643e-05 	2
35.375 	0.000259643 	3.71102e-05 	2
35.625 	0.000439955 	6.32451e-05 	4
35.6875 	0.000485071 	8.58711e-05 	4
35.75 	0.000516297 	4.26799e-05 	3
35.8125 	0.00032644 	8.04152e-05 	2
35.875 	0.00069968 	8.15946e-05 	4
35.9375 	0.00038847 	4.98048e-05 	4
36.0 	0.000783334 	5.99296e-05 	5
36.125 	0.000534185 	9.02316e-05 	3
36.25 	0.000610298 	7.46976e-05 	3
36.4375 	0.000472621 	5.19735e-05 	3
36.5 	0.000588402 	8.28523e-05 	3
36.8125 	0.000526889 	8.41354e-05 	2
36.875 	0.000609514 	8.88807e-05 	3
37.125 	0.00031334 	5.73092e-05 	2
37.1875 	0.000686064 	7.1832e-05 	3
37.3125 	0.000350688 	6.65829e-05 	2
37.4375 	0.000377906 	8.44608e-05 	2
37.5 	0.000483866 	8.98434e-05 	2
37.5625 	0.000525151 	8.76298e-05 	2
37.75 	0.000379891 	9.59853e-05 	2
37.9375 	0.000628435 	7.47756e-05 	2
38.0 	0.000330159 	6.8146e-05 	2
38.0625 	0.000379875 	9.92377e-05 	2
38.125 	0.000309721 	7.87087e-05 	2
38.25 	0.000530654 	9.62338e-05 	3
38.3125 	0.000360737 	8.46586e-05 	2
38.4375 	0.000336109 	5.39847e-05 	3
38.5625 	0.000462743 	5.37731e-05 	4
38.6875 	0.000887054 	9.02107e-05 	5
38.8125 	0.000833568 	9.83089e-05 	2
38.875 	0.000919467 	8.40205e-05 	6
38.9375 	0.00070841 	8.65021e-05 	2
39.0 	0.000473343 	9.59432e-05 	2
39.0625 	0.00044585 	8.82539e-05 	1
39.1875 	0.000342472 	6.79595e-05 	2
39.25 	0.000296949 	3.75185e-05 	2
39.3125 	0.00044936 	9.60697e-05 	2
39.5625 	0.000545854 	5.2048e-05 	2
39.625 	0.000625684 	7.47212e-05 	2
39.6875 	0.000491813 	5.47134e-05 	4
39.75 	0.000300546 	5.28251e-05 	2
39.875 	0.000615309 	9.67465e-05 	2
39.9375 	0.000737471 	6.84221e-05 	7
40.0 	0.000526705 	7.93518e-05 	4
40.125 	0.0005204 	8.28007e-05 	4
40.25 	0.000432949 	4.85812e-05 	2
40.3125 	0.000622449 	5.74151e-05 	4
40.4375 	0.000647133 	8.82511e-05 	4
40.5 	0.000552756 	7.73311e-05 	3
40.5625 	0.000275675 	6.6588e-05 	2
40.625 	0.0008064 	7.88871e-05 	4
40.8125 	0.000355422 	6.27618e-05 	2
40.9375 	0.000270689 	7.46731e-05 	2
41.125 	0.000320406 	7.46518e-05 	2
41.1875 	0.000465733 	7.20385e-05 	4
41.25 	0.000476725 	6.40064e-05 	4
41.3125 	0.00035287 	5.18354e-05 	2
41.4375 	0.000419723 	7.51204e-05 	1
41.5 	0.000428745 	7.32594e-05 	2
41.6875 	0.000753059 	8.46895e-05 	4
41.8125 	0.00073077 	6.14558e-05 	6
41.9375 	0.000570929 	9.54895e-05 	2
42.0 	0.000599958 	5.34609e-05 	3
42.25 	0.000672271 	5.91547e-05 	4
42.5 	0.000667128 	7.54755e-05 	3
42.6875 	0.000494142 	9.97893e-05 	1
42.8125 	0.000485128 	5.44997e-05 	2
42.875 	0.000483421 	4.61492e-05 	2
42.9375 	0.000599879 	8.00387e-05 	6
43.0 	0.000743514 	8.04266e-05 	6
43.0625 	0.000556395 	6.43718e-05 	3
43.1875 	0.000603128 	6.73483e-05 	3
43.3125 	0.000693234 	4.99143e-05 	4
43.375 	0.00049143 	7.5229e-05 	3
43.6875 	0.000584773 	9.30767e-05 	3
43.9375 	0.000647599 	8.50325e-05 	3
44.0 	0.000472961 	5.98158e-05 	2
44.125 	0.000481411 	5.70028e-05 	2
44.1875 	0.000335331 	9.37457e-05 	1
44.25 	0.000900278 	9.39751e-05 	7
44.3125 	0.000572785 	9.33415e-05 	5
44.4375 	0.000332743 	6.13981e-05 	2
44.5625 	0.000313349 	6.1152e-05 	2
44.6875 	0.000518427 	7.50941e-05 	4
44.8125 	0.000248983 	6.77914e-05 	2
44.875 	0.000380208 	6.57806e-05 	4
44.9375 	0.000472474 	6.54827e-05 	2
45.0 	0.000454558 	8.8185e-05 	2
45.1875 	0.000748504 	8.09791e-05 	7
45.3125 	0.000532828 	9.13297e-05 	1
45.5 	0.000495254 	5.29809e-05 	2
45.625 	0.000396438 	5.22849e-05 	3
45.6875 	0.0009514 	6.73451e-05 	8
45.75 	0.000587914 	8.88398e-05 	5
46.0 	0.000635371 	8.39013e-05 	3
46.0625 	0.000611632 	6.21912e-05 	4
46.3125 	0.000773782 	8.04591e-05 	3
46.5625 	0.00038221 	6.88212e-05 	2
46.625 	0.00033441 	9.86287e-05 	2
46.6875 	0.000572114 	6.54016e-05 	2
46.75 	0.000577529 	5.85172e-05 	4
46.875 	0.00043376 	4.46631e-05 	4
47.0 	0.000367377 	5.1459e-05 	3
47.0625 	0.000774927 	7.18873e-05 	7
47.125 	0.000534437 	8.7806e-05 	2
47.1875 	0.000305687 	6.89932e-05 	1
47.25 	0.000599258 	8.42571e-05 	2
47.375 	0.000641181 	7.37166e-05 	3
47.5 	0.000352177 	4.42599e-05 	3
47.5625 	0.000595118 	6.35364e-05 	3
47.625 	0.00023373 	5.57869e-05 	2
47.8125 	0.000605434 	6.53028e-05 	4
48.0625 	0.000595573 	5.69222e-05 	3
48.1875 	0.000663342 	8.0892e-05 	2
48.25 	0.000575086 	6.78072e-05 	3
48.3125 	0.000322972 	3.87299e-05 	2
48.4375 	0.000330828 	9.10031e-05 	2
48.5625 	0.000369573 	4.30243e-05 	1
48.75 	0.000599009 	6.09942e-05 	4
48.8125 	0.000399806 	6.3785e-05 	4
48.9375 	0.000529663 	8.59737e-05 	4
49.0 	0.000824684 	8.23959e-05 	6
49.3125 	0.000606727 	8.55145e-05 	2
49.375 	0.000583672 	9.81582e-05 	2
49.4375 	0.000518544 	5.05896e-05 	2
49.5625 	0.000499411 	5.68932e-05 	2
49.6875 	0.000529105 	9.55912e-05 	1
49.75 	0.000825701 	9.90998e-05 	2
50.0625 	0.000492072 	5.92654e-05 	3
50.25 	0.000305421 	5.88448e-05 	2
50.3125 	0.000571484 	9.13801e-05 	2
50.375 	0.000523791 	8.74103e-05 	4
50.4375 	0.000470329 	6.27229e-05 	3
50.5625 	0.000625128 	8.47221e-05 	2
50.625 	0.000599077 	8.89338e-05 	2
50.75 	0.000716043 	5.40832e-05 	4
50.8125 	0.000423422 	9.28495e-05 	2
50.875 	0.000649933 	8.94246e-05 	4
50.9375 	0.000415328 	7.06852e-05 	1
51.0 	0.000561078 	7.31377e-05 	3
51.125 	0.000381659 	7.36287e-05 	1
51.1875 	0.00056939 	9.75327e-05 	2
51.25 	0.000482459 	6.30602e-05 	3
51.375 	0.000416275 	9.02564e-05 	2
51.4375 	0.000435233 	7.37501e-05 	2
51.5 	0.000553761 	9.51358e-05 	2
51.625 	0.000577836 	6.71861e-05 	3
51.8125 	0.000396471 	8.26061e-05 	2
52.0 	0.000543052 	5.16154e-05 	2
52.0625 	0.000503849 	5.54338e-05 	3
52.1875 	0.000692053 	7.10952e-05 	4
52.3125 	0.00056706 	9.2971e-05 	3
52.5 	0.00033953 	7.30701e-05 	2
52.625 	0.000485796 	5.33805e-05 	2
52.75 	0.000314121 	7.31173e-05 	3
52.8125 	0.000382813 	7.7188e-05 	2
52.9375 	0.000334406 	8.21519e-05 	2
53.1875 	0.000277228 	9.61583e-05 	2
53.25 	0.000373973 	9.98448e-05 	1
53.3125 	0.000814094 	6.64137e-05 	4
53.5 	0.000495356 	7.05701e-05 	3
53.5625 	0.000418409 	6.75845e-05 	2
53.625 	0.00060237 	7.90507e-05 	3
53.6875 	0.000456147 	8.31032e-05 	3
53.75 	0.000722125 	9.58558e-05 	5
53.875 	0.000579025 	6.10996e-05 	3
54.0 	0.000442118 	8.56899e-05 	1
54.0625 	0.000689398 	9.87297e-05 	2
54.1875 	0.000861788 	7.33771e-05 	6
54.25 	0.000980204 	9.61067e-05 	6
54.3125 	0.000568939 	6.35183e-05 	2
54.375 	0.00026106 	6.04445e-05 	2
54.4375 	0.000406635 	8.04532e-05 	2
54.6875 	0.000669373 	5.36e-05 	4
54.8125 	0.000711078 	8.72697e-05 	3
54.875 	0.000461998 	8.89533e-05 	1
54.9375 	0.000595225 	6.70725e-05 	3
55.0 	0.00043138 	6.91924e-05 	4
55.125 	0.000390071 	8.36757e-05 	2
55.3125 	0.000432994 	9.63737e-05 	1
55.4375 	0.000501345 	6.62039e-05 	3
55.5 	0.000532232 	6.26571e-05 	3
55.6875 	0.000500109 	7.33747e-05 	2
55.75 	0.000539356 	8.97874e-05 	4
55.875 	0.000373524 	9.61776e-05 	1
55.9375 	0.000435333 	8.05741e-05 	1
56.0 	0.000815087 	7.69519e-05 	6
56.0625 	0.000575124 	6.73395e-05 	2
56.3125 	0.000409635 	8.85364e-05 	3
56.375 	0.000482469 	8.23328e-05 	2
56.4375 	0.000453437 	6.45603e-05 	2
56.5625 	0.00055569 	9.01838e-05 	3
56.6875 	0.000341226 	7.86147e-05 	2
56.75 	0.00050259 	5.31535e-05 	3
56.8125 	0.000302785 	5.38371e-05 	4
57.0 	0.000423045 	7.24864e-05 	4
57.0625 	0.000442937 	9.58885e-05 	2
57.1875 	0.000418834 	6.92926e-05 	2
57.25 	0.000716768 	4.42868e-05 	4
57.3125 	0.000507864 	7.50469e-05 	4
57.4375 	0.000392023 	8.82225e-05 	2
57.6875 	0.000553468 	7.38982e-05 	3
57.8125 	0.000662373 	7.74325e-05 	2
58.0 	0.00045703 	9.80905e-05 	2
58.0625 	0.000390626 	7.45023e-05 	2
58.125 	0.000439152 	7.14737e-05 	1
58.1875 	0.000878567 	8.98422e-05 	5
58.25 	0.000848383 	9.58334e-05 	6
58.3125 	0.000569768 	6.43477e-05 	2
58.4375 	0.000624007 	9.41373e-05 	4
58.5625 	0.000673728 	8.75569e-05 	3
58.6875 	0.000461392 	9.30589e-05 	1
58.8125 	0.000442966 	5.29479e-05 	3
58.875 	0.000608588 	5.44419e-05 	4
58.9375 	0.000685716 	9.97629e-05 	5
59.0 	0.000760883 	8.30106e-05 	6
59.125 	0.000702473 	5.06958e-05 	4
59.25 	0.000370551 	7.46557e-05 	2
59.3125 	0.000816095 	8.60242e-05 	7
59.375 	0.000575445 	8.13593e-05 	3
59.5 	0.000331803 	9.78474e-05 	3
59.6875 	0.000336068 	7.95081e-05 	2
59.8125 	0.000500809 	9.58519e-05 	2
59.875 	0.000373273 	6.54343e-05 	2
59.9375 	0.000733662 	8.63938e-05 	4
60.375 	0.000495824 	5.18489e-05 	2
60.4375 	0.000645429 	8.23524e-05 	2
60.5625 	0.000619666 	6.07447e-05 	3
60.625 	0.000676163 	8.4378e-05 	2
60.875 	0.000775251 	9.16674e-05 	6
61.0 	0.000610286 	7.42838e-05 	4
61.125 	0.000295437 	8.95109e-05 	1
61.25 	0.000245367 	7.00403e-05 	1
61.4375 	0.000283876 	5.0277e-05 	1
61.5 	0.000571914 	7.42557e-05 	3
61.625 	0.000328254 	8.37672e-05 	2
61.6875 	0.000745973 	9.77614e-05 	6
61.8125 	0.000639976 	8.78284e-05 	3
61.9375 	0.000350796 	6.14372e-05 	2
62.1875 	0.000414697 	8.1481e-05 	2
62.25 	0.000976729 	8.14247e-05 	4
62.375 	0.00061812 	9.19228e-05 	2
62.5 	0.00037604 	5.93512e-05 	4
62.5625 	0.000375077 	6.90255e-05 	3
62.875 	0.000678793 	8.21932e-05 	3
62.9375 	0.000735907 	9.73571e-05 	3
63.0 	0.000580902 	5.06759e-05 	3
63.25 	0.000512564 	9.82567e-05 	3
63.4375 	0.00022435 	6.19047e-05 	2
63.5625 	0.000620709 	7.77252e-05 	5
63.8125 	0.000449943 	9.66005e-05 	1
63.9375 	0.000617421 	7.1263e-05 	4
64.0 	0.000653049 	7.47454e-05 	4
64.25 	0.000317264 	5.59137e-05 	2
64.4375 	0.000533008 	6.16292e-05 	3
64.5625 	0.000609719 	7.42962e-05 	5
64.6875 	0.000376081 	7.07856e-05 	2
64.75 	0.000605969 	8.16489e-05 	2
64.8125 	0.000569434 	8.14535e-05 	3
64.875 	0.000557673 	9.209e-05 	1
64.9375 	0.000311469 	4.98083e-05 	2
65.0 	0.000501945 	9.16529e-05 	2
65.0625 	0.000713173 	8.95223e-05 	2
65.125 	0.000825794 	8.54998e-05 	7
65.625 	0.000524225 	5.08222e-05 	2
65.8125 	0.000658117 	8.24362e-05 	2
65.9375 	0.000552411 	5.6029e-05 	6
66.0 	0.000504317 	7.07478e-05 	3
66.0625 	0.000459378 	8.73358e-05 	1
66.3125 	0.000829118 	7.29734e-05 	6
66.5 	0.000682303 	6.28459e-05 	4
66.75 	0.000569497 	7.70822e-05 	3
66.8125 	0.000898413 	6.82399e-05 	6
66.875 	0.000254906 	6.75033e-05 	2
66.9375 	0.000861125 	9.64642e-05 	2
67.25 	0.000396356 	3.38979e-05 	2
67.375 	0.00060607 	7.57924e-05 	3
67.4375 	0.000543684 	9.03793e-05 	2
67.5 	0.000479931 	6.79102e-05 	3
67.8125 	0.000361541 	6.38889e-05 	3
67.875 	0.000691713 	6.45355e-05 	6
67.9375 	0.000473006 	6.74065e-05 	2
68.0 	0.000322383 	3.74993e-05 	2
68.0625 	0.000471103 	7.60424e-05 	2
68.125 	0.000368838 	3.86596e-05 	4
68.1875 	0.000346458 	9.47754e-05 	1
68.3125 	0.000403875 	5.61121e-05 	2
68.375 	0.000489526 	8.07633e-05 	4
68.4375 	0.000393029 	7.24178e-05 	2
68.5625 	0.000333107 	6.45701e-05 	3
68.6875 	0.000581972 	8.22456e-05 	3
68.75 	0.000543684 	6.84184e-05 	3
68.8125 	0.000553486 	9.12953e-05 	4
68.9375 	0.000633489 	7.64679e-05 	2
69.125 	0.000635828 	9.40426e-05 	2
69.1875 	0.00042206 	6.47756e-05 	2
69.25 	0.000521508 	9.29458e-05 	4
69.3125 	0.000527613 	8.62038e-05 	2
69.4375 	0.000438861 	5.4232e-05 	4
69.5 	0.000571507 	6.40224e-05 	4
69.75 	0.00047113 	5.28838e-05 	2
69.8125 	0.0010391 	9.63267e-05 	9
69.875 	0.000498496 	5.70767e-05 	4
69.9375 	0.000682088 	9.83358e-05 	3
