# time 	Initial 	Final 	Iterations
0.333274 	9.85623e-05 	9.85623e-05 	0
0.579973 	0.000107155 	3.2609e-05 	1
0.642226 	0.000123816 	4.81668e-05 	1
0.70448 	5.80451e-05 	5.80451e-05 	0
0.766734 	0.000100536 	6.12619e-05 	1
0.828988 	0.000117182 	6.8517e-05 	1
1.01575 	0.000146185 	3.66417e-05 	1
1.26477 	9.42691e-05 	9.42691e-05 	0
1.38927 	0.000107422 	6.34406e-05 	1
1.45153 	7.47247e-05 	7.47247e-05 	0
1.51378 	0.000119705 	7.73187e-05 	1
1.7628 	8.25154e-05 	8.25154e-05 	0
1.8873 	8.62479e-05 	8.62479e-05 	0
1.94956 	0.000105033 	5.84184e-05 	1
2.07407 	8.08653e-05 	8.08653e-05 	0
2.19857 	0.000105775 	4.08082e-05 	1
2.26083 	9.89487e-05 	9.89487e-05 	0
2.32308 	0.000110151 	7.0582e-05 	1
2.38534 	0.000109489 	6.01633e-05 	1
2.44759 	7.74312e-05 	7.74312e-05 	0
2.63435 	8.78337e-05 	8.78337e-05 	0
2.69661 	0.000127987 	7.93637e-05 	2
2.88337 	8.3598e-05 	8.3598e-05 	0
2.94562 	4.76259e-05 	4.76259e-05 	0
3.07013 	0.000116013 	7.16956e-05 	2
3.19464 	5.42902e-05 	5.42902e-05 	0
3.25689 	0.000111676 	9.36556e-05 	1
3.31914 	0.000101468 	8.35977e-05 	1
3.3814 	9.15453e-05 	9.15453e-05 	0
3.44365 	0.000109459 	9.22552e-05 	1
3.50591 	9.9396e-05 	9.9396e-05 	0
3.69267 	7.56392e-05 	7.56392e-05 	0
3.75492 	0.000115988 	7.81193e-05 	1
3.87943 	9.66947e-05 	9.66947e-05 	0
4.00394 	8.81138e-05 	8.81138e-05 	0
4.06619 	8.71014e-05 	8.71014e-05 	0
4.12845 	7.67292e-05 	7.67292e-05 	0
4.1907 	0.000115237 	7.43152e-05 	2
4.25295 	0.000113496 	7.61203e-05 	1
4.31521 	7.63805e-05 	7.63805e-05 	0
4.37746 	0.000155135 	4.49904e-05 	1
4.50197 	4.29212e-05 	4.29212e-05 	0
4.56422 	0.000112947 	6.1618e-05 	1
4.62648 	0.000118741 	5.47305e-05 	1
4.68873 	4.32547e-05 	4.32547e-05 	0
4.93775 	7.26947e-05 	7.26947e-05 	0
5.0 	7.83199e-05 	7.83199e-05 	0
5.0625 	7.95282e-05 	7.95282e-05 	0
5.125 	9.08124e-05 	9.08124e-05 	0
5.25 	0.000124522 	4.56477e-05 	1
5.375 	0.000106898 	6.41043e-05 	1
5.5 	7.94321e-05 	7.94321e-05 	0
5.5625 	0.000105055 	5.72569e-05 	1
5.625 	8.94471e-05 	8.94471e-05 	0
5.6875 	7.43084e-05 	7.43084e-05 	0
5.8125 	9.18392e-05 	9.18392e-05 	0
5.875 	9.43223e-05 	9.43223e-05 	0
5.9375 	9.75184e-05 	9.75184e-05 	0
6.0 	0.000107616 	3.19133e-05 	1
6.1875 	9.75531e-05 	9.75531e-05 	0
6.25 	0.000128045 	3.45335e-05 	1
6.4375 	7.68045e-05 	7.68045e-05 	0
6.75 	0.000128656 	8.2344e-05 	1
6.8125 	0.000115001 	3.39782e-05 	1
6.9375 	8.76776e-05 	8.76776e-05 	0
7.125 	0.000104545 	6.50932e-05 	2
7.1875 	0.000108585 	8.88147e-05 	1
7.25 	7.75275e-05 	7.75275e-05 	0
7.4375 	4.44035e-05 	4.44035e-05 	0
7.5625 	0.000108155 	7.08167e-05 	1
7.625 	9.2926e-05 	9.2926e-05 	0
7.6875 	9.76184e-05 	9.76184e-05 	0
7.8125 	8.75125e-05 	8.75125e-05 	0
7.9375 	0.000157756 	4.41396e-05 	1
8.0 	6.59925e-05 	6.59925e-05 	0
8.0625 	0.00010646 	8.0176e-05 	1
8.125 	6.93926e-05 	6.93926e-05 	0
8.25 	0.000108714 	7.75464e-05 	1
8.3125 	7.40407e-05 	7.40407e-05 	0
8.4375 	8.61014e-05 	8.61014e-05 	0
8.5 	9.87335e-05 	9.87335e-05 	0
8.5625 	3.99665e-05 	3.99665e-05 	0
8.8125 	8.56029e-05 	8.56029e-05 	0
8.9375 	0.00010502 	8.40972e-05 	1
9.0 	0.000129264 	4.50834e-05 	1
9.1875 	0.000100771 	5.9637e-05 	1
9.25 	9.68111e-05 	9.68111e-05 	0
9.3125 	0.000102459 	7.91588e-05 	1
9.375 	7.52784e-05 	7.52784e-05 	0
9.4375 	5.20969e-05 	5.20969e-05 	0
9.5625 	8.18619e-05 	8.18619e-05 	0
9.625 	0.000101028 	5.69381e-05 	1
9.6875 	5.89457e-05 	5.89457e-05 	0
9.8125 	7.52481e-05 	7.52481e-05 	0
9.9375 	9.06103e-05 	9.06103e-05 	0
10.0 	0.000108024 	7.68272e-05 	1
10.1875 	0.00013284 	4.40514e-05 	1
10.3125 	7.66725e-05 	7.66725e-05 	0
10.625 	5.26983e-05 	5.26983e-05 	0
10.6875 	9.31967e-05 	9.31967e-05 	0
10.75 	9.50579e-05 	9.50579e-05 	0
10.8125 	5.71823e-05 	5.71823e-05 	0
10.875 	0.000121079 	3.24285e-05 	1
11.0 	9.69737e-05 	9.69737e-05 	0
11.0625 	7.71095e-05 	7.71095e-05 	0
11.1875 	9.75155e-05 	9.75155e-05 	0
11.6875 	8.37186e-05 	8.37186e-05 	0
11.75 	7.72391e-05 	7.72391e-05 	0
11.8125 	0.000150421 	6.11531e-05 	1
11.875 	0.000110083 	6.16979e-05 	1
11.9375 	6.97526e-05 	6.97526e-05 	0
12.0 	0.000103427 	6.43159e-05 	1
12.0625 	0.000103876 	6.18805e-05 	1
12.1875 	0.000103004 	7.06267e-05 	1
12.3125 	7.8366e-05 	7.8366e-05 	0
12.375 	8.87297e-05 	8.87297e-05 	0
12.625 	0.000112616 	9.55505e-05 	1
12.6875 	6.89427e-05 	6.89427e-05 	0
12.8125 	9.33075e-05 	9.33075e-05 	0
12.875 	9.43808e-05 	9.43808e-05 	0
13.0 	0.000122424 	7.97796e-05 	1
13.0625 	9.45639e-05 	9.45639e-05 	0
13.1875 	9.7752e-05 	9.7752e-05 	0
13.25 	0.000112111 	3.30622e-05 	1
13.375 	9.11665e-05 	9.11665e-05 	0
13.4375 	4.54076e-05 	4.54076e-05 	0
13.5625 	9.42711e-05 	9.42711e-05 	0
13.625 	0.000119131 	3.37608e-05 	1
13.6875 	0.000121421 	9.0492e-05 	1
14.0 	9.06106e-05 	9.06106e-05 	0
14.0625 	8.79778e-05 	8.79778e-05 	0
14.125 	9.23143e-05 	9.23143e-05 	0
14.1875 	0.000125614 	7.81564e-05 	1
14.3125 	0.000141703 	3.7029e-05 	1
14.375 	8.06459e-05 	8.06459e-05 	0
14.4375 	0.000159549 	3.95913e-05 	1
14.5 	0.00011944 	6.94633e-05 	2
14.625 	0.000103972 	7.4271e-05 	1
14.6875 	0.000102717 	6.82916e-05 	1
14.75 	0.000113265 	6.66317e-05 	1
14.8125 	5.79793e-05 	5.79793e-05 	0
14.9375 	0.000133772 	9.06432e-05 	1
15.0 	9.90506e-05 	9.90506e-05 	0
15.1875 	7.22976e-05 	7.22976e-05 	0
15.25 	7.60439e-05 	7.60439e-05 	0
15.3125 	7.39328e-05 	7.39328e-05 	0
15.375 	9.92772e-05 	9.92772e-05 	0
15.4375 	0.000106954 	6.90263e-05 	1
15.5 	0.000112775 	6.37933e-05 	2
15.8125 	6.1201e-05 	6.1201e-05 	0
15.875 	0.00010809 	4.88533e-05 	1
15.9375 	0.000112154 	7.32304e-05 	1
16.0 	0.000102399 	6.58389e-05 	2
16.0625 	6.41132e-05 	6.41132e-05 	0
16.125 	9.03661e-05 	9.03661e-05 	0
16.1875 	6.68228e-05 	6.68228e-05 	0
16.25 	9.45737e-05 	9.45737e-05 	0
16.3125 	8.94954e-05 	8.94954e-05 	0
16.375 	0.000118604 	7.09321e-05 	1
16.5 	0.00010225 	6.82186e-05 	1
16.625 	8.24994e-05 	8.24994e-05 	0
16.8125 	6.8753e-05 	6.8753e-05 	0
16.9375 	6.61418e-05 	6.61418e-05 	0
17.25 	0.000138379 	4.13449e-05 	1
17.3125 	8.5503e-05 	8.5503e-05 	0
17.375 	8.44638e-05 	8.44638e-05 	0
17.4375 	0.000112742 	2.75391e-05 	1
17.5625 	0.000126345 	7.56635e-05 	1
17.625 	7.11561e-05 	7.11561e-05 	0
17.6875 	9.86369e-05 	9.86369e-05 	0
18.0 	0.000106825 	8.62386e-05 	1
18.0625 	0.000105345 	7.14722e-05 	1
18.1875 	7.34121e-05 	7.34121e-05 	0
18.25 	8.51908e-05 	8.51908e-05 	0
18.375 	9.96953e-05 	9.96953e-05 	0
18.4375 	6.23031e-05 	6.23031e-05 	0
18.5625 	9.49995e-05 	9.49995e-05 	0
18.625 	0.00011178 	7.62418e-05 	1
18.8125 	0.000120142 	7.77884e-05 	1
18.875 	0.000119823 	9.36118e-05 	1
18.9375 	0.000126435 	7.36368e-05 	1
19.125 	0.000117532 	5.23555e-05 	1
19.4375 	7.97037e-05 	7.97037e-05 	0
19.5 	0.000102901 	8.2704e-05 	1
19.625 	0.000117326 	9.89997e-05 	1
19.6875 	7.06877e-05 	7.06877e-05 	0
19.75 	0.000111241 	3.04894e-05 	1
19.9375 	9.99448e-05 	9.99448e-05 	0
20.0 	6.30517e-05 	6.30517e-05 	0
20.0625 	9.74162e-05 	9.74162e-05 	0
20.125 	0.000115846 	9.59914e-05 	1
20.1875 	7.98787e-05 	7.98787e-05 	0
20.375 	9.53944e-05 	9.53944e-05 	0
20.4375 	0.000102638 	8.94066e-05 	1
20.5 	8.79267e-05 	8.79267e-05 	0
20.625 	0.000106339 	6.86411e-05 	1
20.6875 	9.68114e-05 	9.68114e-05 	0
20.75 	0.000104756 	7.59091e-05 	1
21.0 	0.00011426 	7.91522e-05 	1
21.0625 	9.73231e-05 	9.73231e-05 	0
21.1875 	0.000101799 	9.35244e-05 	1
21.3125 	0.000114537 	9.83349e-05 	1
21.5625 	0.000104223 	6.70974e-05 	1
21.75 	8.80236e-05 	8.80236e-05 	0
21.8125 	7.3456e-05 	7.3456e-05 	0
21.875 	0.000119635 	3.3392e-05 	1
21.9375 	0.000117318 	8.03218e-05 	1
22.125 	0.000110227 	9.8397e-05 	1
22.1875 	6.45736e-05 	6.45736e-05 	0
22.25 	0.000114935 	3.39058e-05 	1
22.3125 	0.000118851 	6.95395e-05 	1
22.375 	9.39566e-05 	9.39566e-05 	0
22.8125 	9.18615e-05 	9.18615e-05 	0
22.9375 	8.6461e-05 	8.6461e-05 	0
23.0 	0.000119304 	3.27199e-05 	1
23.125 	4.94388e-05 	4.94388e-05 	0
23.1875 	0.000109553 	5.11589e-05 	1
23.3125 	5.47982e-05 	5.47982e-05 	0
23.375 	0.000123114 	7.75561e-05 	1
23.4375 	0.000124077 	3.26566e-05 	1
23.6875 	0.000125956 	7.3607e-05 	1
23.8125 	5.6216e-05 	5.6216e-05 	0
24.0 	0.000110621 	9.85672e-05 	1
24.0625 	8.6124e-05 	8.6124e-05 	0
24.3125 	0.000127169 	7.82464e-05 	1
24.375 	0.000122692 	8.38369e-05 	1
24.4375 	0.000111703 	5.567e-05 	2
24.5625 	0.000103623 	7.45325e-05 	1
24.6875 	9.64932e-05 	9.64932e-05 	0
24.75 	6.94669e-05 	6.94669e-05 	0
24.8125 	6.72796e-05 	6.72796e-05 	0
25.0 	0.000108519 	5.20919e-05 	1
25.0625 	5.26306e-05 	5.26306e-05 	0
25.125 	0.000106397 	6.69804e-05 	1
25.25 	9.05527e-05 	9.05527e-05 	0
25.3125 	0.00013001 	3.70858e-05 	1
25.625 	0.000142468 	3.75571e-05 	1
25.6875 	0.000103264 	7.46168e-05 	1
25.75 	7.73745e-05 	7.73745e-05 	0
25.8125 	9.33962e-05 	9.33962e-05 	0
26.0 	0.000108189 	4.33504e-05 	1
26.125 	9.74275e-05 	9.74275e-05 	0
26.25 	0.000102344 	5.42307e-05 	1
26.3125 	8.78962e-05 	8.78962e-05 	0
26.375 	8.9539e-05 	8.9539e-05 	0
26.5 	0.000105221 	9.04344e-05 	1
26.5625 	9.17966e-05 	9.17966e-05 	0
26.625 	9.93241e-05 	9.93241e-05 	0
26.6875 	0.000108 	3.43574e-05 	1
26.875 	0.000130711 	7.03301e-05 	2
26.9375 	0.00011671 	4.71451e-05 	1
27.0 	8.66227e-05 	8.66227e-05 	0
27.25 	9.7499e-05 	9.7499e-05 	0
27.3125 	0.000103988 	9.25234e-05 	1
27.375 	9.94475e-05 	9.94475e-05 	0
27.5 	0.000116307 	5.98528e-05 	1
27.625 	5.03397e-05 	5.03397e-05 	0
27.6875 	8.82145e-05 	8.82145e-05 	0
27.75 	9.5397e-05 	9.5397e-05 	0
27.8125 	0.000110976 	7.46979e-05 	1
28.0 	8.66022e-05 	8.66022e-05 	0
28.0625 	8.78827e-05 	8.78827e-05 	0
28.125 	0.000107206 	2.70584e-05 	1
28.3125 	0.000109141 	2.66419e-05 	1
28.4375 	7.82532e-05 	7.82532e-05 	0
28.5 	0.000133122 	7.33177e-05 	1
28.625 	8.64298e-05 	8.64298e-05 	0
28.6875 	0.000141402 	4.57478e-05 	1
28.8125 	8.6153e-05 	8.6153e-05 	0
28.875 	6.02649e-05 	6.02649e-05 	0
28.9375 	0.00011594 	8.67453e-05 	1
29.0 	8.26128e-05 	8.26128e-05 	0
29.0625 	0.000111242 	6.56304e-05 	1
29.125 	0.000151548 	8.93064e-05 	1
29.1875 	0.000115888 	3.24325e-05 	1
29.25 	7.02648e-05 	7.02648e-05 	0
29.375 	9.30946e-05 	9.30946e-05 	0
29.4375 	8.28256e-05 	8.28256e-05 	0
29.625 	9.4875e-05 	9.4875e-05 	0
29.6875 	9.00125e-05 	9.00125e-05 	0
29.75 	0.000134524 	7.5168e-05 	1
29.9375 	0.000136587 	4.14587e-05 	1
30.125 	8.68508e-05 	8.68508e-05 	0
30.1875 	0.000122299 	7.2354e-05 	1
30.25 	0.000110473 	3.73932e-05 	1
30.3125 	0.000108722 	5.98472e-05 	1
30.375 	0.000107767 	5.6526e-05 	1
30.4375 	0.000109727 	7.44982e-05 	1
30.5 	8.49635e-05 	8.49635e-05 	0
30.5625 	9.84127e-05 	9.84127e-05 	0
30.6875 	7.79058e-05 	7.79058e-05 	0
30.8125 	0.000117601 	8.74371e-05 	1
30.9375 	0.000158735 	4.92867e-05 	1
31.1875 	9.72885e-05 	9.72885e-05 	0
31.25 	8.49927e-05 	8.49927e-05 	0
31.375 	0.000118665 	3.79952e-05 	1
31.5 	0.000103164 	4.15662e-05 	1
31.625 	0.000109324 	8.24849e-05 	1
31.75 	4.73425e-05 	4.73425e-05 	0
31.8125 	0.000119962 	7.36003e-05 	1
31.875 	0.000107095 	8.1486e-05 	1
32.0 	0.0001653 	4.81139e-05 	1
32.125 	0.000108875 	8.53698e-05 	1
32.1875 	9.65433e-05 	9.65433e-05 	0
32.25 	7.87033e-05 	7.87033e-05 	0
32.3125 	0.000111056 	5.82196e-05 	2
32.4375 	0.000108792 	3.68581e-05 	1
32.5 	8.62239e-05 	8.62239e-05 	0
32.625 	9.74829e-05 	9.74829e-05 	0
32.6875 	0.000130826 	4.50938e-05 	1
32.75 	0.000104767 	2.41628e-05 	1
32.8125 	0.000104145 	7.40653e-05 	1
32.875 	7.92098e-05 	7.92098e-05 	0
33.0 	0.000123904 	7.13578e-05 	2
33.0625 	0.000109494 	9.60275e-05 	1
33.125 	9.06147e-05 	9.06147e-05 	0
33.1875 	0.00011145 	9.31874e-05 	1
33.3125 	0.000120091 	4.35252e-05 	1
33.375 	9.58231e-05 	9.58231e-05 	0
33.4375 	0.000114362 	8.6401e-05 	1
33.625 	7.80922e-05 	7.80922e-05 	0
33.6875 	0.000101495 	6.7255e-05 	1
33.75 	6.33642e-05 	6.33642e-05 	0
33.875 	0.000130459 	7.56215e-05 	1
33.9375 	0.000110734 	5.88986e-05 	1
34.0625 	5.37657e-05 	5.37657e-05 	0
34.125 	6.75798e-05 	6.75798e-05 	0
34.1875 	0.000103977 	5.17355e-05 	1
34.25 	0.000119533 	8.07437e-05 	1
34.3125 	0.000136807 	4.31815e-05 	1
34.375 	9.27746e-05 	9.27746e-05 	0
34.4375 	8.05935e-05 	8.05935e-05 	0
34.5 	0.000104253 	8.67128e-05 	1
34.5625 	0.000104717 	7.38028e-05 	1
34.625 	9.14534e-05 	9.14534e-05 	0
34.6875 	0.000116823 	9.31654e-05 	1
34.875 	0.000133946 	4.5954e-05 	1
34.9375 	0.000127254 	3.98903e-05 	1
35.0625 	9.5878e-05 	9.5878e-05 	0
35.125 	8.24972e-05 	8.24972e-05 	0
35.25 	0.000126026 	3.68739e-05 	1
35.3125 	0.000114567 	7.2654e-05 	1
35.375 	9.82796e-05 	9.82796e-05 	0
35.625 	0.000115832 	3.25856e-05 	1
35.6875 	0.000115578 	3.85558e-05 	1
35.75 	9.32948e-05 	9.32948e-05 	0
35.8125 	7.52399e-05 	7.52399e-05 	0
35.875 	0.000113205 	7.37015e-05 	1
35.9375 	9.71309e-05 	9.71309e-05 	0
36.0 	7.05695e-05 	7.05695e-05 	0
36.125 	0.000121328 	8.55726e-05 	1
36.25 	7.81738e-05 	7.81738e-05 	0
36.4375 	0.00011424 	7.2929e-05 	1
36.5 	8.21264e-05 	8.21264e-05 	0
36.8125 	8.8932e-05 	8.8932e-05 	0
36.875 	7.73702e-05 	7.73702e-05 	0
37.125 	0.000125766 	9.25946e-05 	1
37.1875 	0.000120498 	7.95784e-05 	2
37.3125 	0.000102964 	8.04992e-05 	1
37.4375 	9.03069e-05 	9.03069e-05 	0
37.5 	0.000107297 	5.36881e-05 	1
37.5625 	0.000118711 	5.56114e-05 	1
37.75 	7.05302e-05 	7.05302e-05 	0
37.9375 	9.78724e-05 	9.78724e-05 	0
38.0 	9.06933e-05 	9.06933e-05 	0
38.0625 	0.000151715 	3.29831e-05 	1
38.125 	8.04793e-05 	8.04793e-05 	0
38.25 	0.00012806 	9.57601e-05 	1
38.3125 	0.000105573 	6.33832e-05 	2
38.4375 	9.34354e-05 	9.34354e-05 	0
38.5625 	8.65907e-05 	8.65907e-05 	0
38.6875 	4.92358e-05 	4.92358e-05 	0
38.8125 	0.000103263 	9.30146e-05 	1
38.875 	6.13515e-05 	6.13515e-05 	0
38.9375 	0.000130712 	7.14768e-05 	1
39.0 	9.62861e-05 	9.62861e-05 	0
39.0625 	0.000115582 	7.81125e-05 	1
39.125 	0.00011205 	5.89106e-05 	1
39.1875 	0.000124722 	7.61139e-05 	1
39.25 	0.000154535 	4.67323e-05 	1
39.3125 	7.46294e-05 	7.46294e-05 	0
39.5625 	0.000128769 	7.02285e-05 	1
39.625 	0.000103193 	5.17392e-05 	1
39.6875 	0.000102728 	5.86167e-05 	1
39.75 	8.93258e-05 	8.93258e-05 	0
39.875 	0.000108189 	6.93112e-05 	1
39.9375 	5.28772e-05 	5.28772e-05 	0
40.0 	8.32324e-05 	8.32324e-05 	0
40.125 	0.000100097 	6.76507e-05 	1
40.25 	9.26114e-05 	9.26114e-05 	0
40.3125 	0.000146521 	8.66494e-05 	1
40.4375 	6.44454e-05 	6.44454e-05 	0
40.5 	4.98759e-05 	4.98759e-05 	0
40.5625 	8.91413e-05 	8.91413e-05 	0
40.625 	7.22392e-05 	7.22392e-05 	0
40.8125 	7.48048e-05 	7.48048e-05 	0
40.9375 	0.000126012 	4.52257e-05 	1
41.125 	8.29217e-05 	8.29217e-05 	0
41.1875 	6.5266e-05 	6.5266e-05 	0
41.25 	9.40955e-05 	9.40955e-05 	0
41.3125 	0.000162248 	8.60626e-05 	1
41.4375 	0.000106647 	6.40267e-05 	1
41.5 	0.000125809 	3.55271e-05 	1
41.6875 	0.000114708 	8.65789e-05 	1
41.8125 	0.000101554 	4.95002e-05 	1
41.875 	6.5168e-05 	6.5168e-05 	0
41.9375 	6.29516e-05 	6.29516e-05 	0
42.0 	8.71103e-05 	8.71103e-05 	0
42.25 	9.41847e-05 	9.41847e-05 	0
42.5 	5.68744e-05 	5.68744e-05 	0
42.6875 	6.21342e-05 	6.21342e-05 	0
42.8125 	0.000133666 	7.19224e-05 	1
42.875 	5.88713e-05 	5.88713e-05 	0
42.9375 	0.000109142 	9.67476e-05 	1
43.0 	9.41427e-05 	9.41427e-05 	0
43.0625 	0.000127392 	5.58573e-05 	1
43.1875 	9.53179e-05 	9.53179e-05 	0
43.3125 	0.000109766 	7.18833e-05 	1
43.375 	6.92727e-05 	6.92727e-05 	0
43.6875 	6.63459e-05 	6.63459e-05 	0
43.8125 	0.000129693 	3.94866e-05 	1
43.9375 	0.000102186 	8.19313e-05 	1
44.0 	0.000124287 	3.95262e-05 	1
44.0625 	6.8882e-05 	6.8882e-05 	0
44.125 	9.25568e-05 	9.25568e-05 	0
44.1875 	0.000101835 	5.68652e-05 	1
44.25 	0.000132147 	7.36835e-05 	1
44.3125 	4.88409e-05 	4.88409e-05 	0
44.375 	7.92361e-05 	7.92361e-05 	0
44.4375 	6.31141e-05 	6.31141e-05 	0
44.5625 	0.000113097 	8.70983e-05 	1
44.6875 	9.56646e-05 	9.56646e-05 	0
44.8125 	0.000135554 	5.44391e-05 	1
44.875 	8.71331e-05 	8.71331e-05 	0
44.9375 	7.2031e-05 	7.2031e-05 	0
45.0 	0.000114105 	9.74887e-05 	2
45.0625 	0.000108702 	3.37223e-05 	1
45.1875 	9.70605e-05 	9.70605e-05 	0
45.3125 	0.000100288 	8.91539e-05 	1
45.5 	0.000120231 	8.40547e-05 	1
45.625 	7.59994e-05 	7.59994e-05 	0
45.6875 	0.000100123 	9.39755e-05 	1
45.75 	8.97941e-05 	8.97941e-05 	0
45.9375 	6.9549e-05 	6.9549e-05 	0
46.0 	4.21114e-05 	4.21114e-05 	0
46.0625 	7.84934e-05 	7.84934e-05 	0
46.3125 	6.67994e-05 	6.67994e-05 	0
46.5625 	0.000107187 	6.86972e-05 	1
46.625 	8.14483e-05 	8.14483e-05 	0
46.6875 	0.000128697 	7.55156e-05 	1
46.75 	9.02477e-05 	9.02477e-05 	0
46.875 	8.61212e-05 	8.61212e-05 	0
47.0 	0.000124393 	5.56107e-05 	1
47.0625 	0.000128705 	3.84285e-05 	1
47.125 	7.12607e-05 	7.12607e-05 	0
47.1875 	0.000100813 	5.52543e-05 	1
47.25 	7.96072e-05 	7.96072e-05 	0
47.375 	0.000102139 	8.35106e-05 	1
47.5 	0.000127262 	7.71521e-05 	2
47.5625 	0.000114497 	9.30485e-05 	1
47.625 	0.00013749 	8.28975e-05 	1
47.6875 	0.000144266 	4.37779e-05 	1
47.8125 	8.7305e-05 	8.7305e-05 	0
48.0625 	9.09915e-05 	9.09915e-05 	0
48.1875 	8.93738e-05 	8.93738e-05 	0
48.25 	0.000113803 	4.86626e-05 	1
48.3125 	0.000105144 	7.88832e-05 	1
48.4375 	7.45249e-05 	7.45249e-05 	0
48.5625 	9.51846e-05 	9.51846e-05 	0
48.75 	0.000108516 	8.5067e-05 	1
48.8125 	0.000106954 	9.52818e-05 	1
48.9375 	0.000117601 	8.11909e-05 	1
49.0 	8.09446e-05 	8.09446e-05 	0
49.125 	0.000138893 	3.10239e-05 	1
49.25 	7.49085e-05 	7.49085e-05 	0
49.3125 	0.000124766 	8.28269e-05 	1
49.375 	7.90227e-05 	7.90227e-05 	0
49.4375 	8.60918e-05 	8.60918e-05 	0
49.5 	0.000106474 	9.17916e-05 	1
49.5625 	6.97396e-05 	6.97396e-05 	0
49.6875 	0.000127689 	4.03507e-05 	1
49.75 	0.000110447 	6.68282e-05 	2
50.0625 	0.000118276 	7.63151e-05 	2
50.25 	0.000134987 	4.20849e-05 	1
50.3125 	0.000125559 	4.19767e-05 	1
50.375 	0.000100447 	6.45731e-05 	1
50.4375 	6.00926e-05 	6.00926e-05 	0
50.5625 	9.33778e-05 	9.33778e-05 	0
50.625 	0.000123485 	4.6595e-05 	1
50.75 	9.4604e-05 	9.4604e-05 	0
50.8125 	0.000107291 	6.39516e-05 	1
50.875 	0.000122791 	6.8102e-05 	1
50.9375 	5.84635e-05 	5.84635e-05 	0
51.0 	0.000121082 	7.21414e-05 	1
51.125 	0.000105523 	5.61383e-05 	1
51.1875 	0.000102954 	4.88021e-05 	1
51.25 	8.48925e-05 	8.48925e-05 	0
51.3125 	0.000103463 	6.41444e-05 	1
51.375 	0.000113264 	5.39316e-05 	1
51.4375 	6.42809e-05 	6.42809e-05 	0
51.5 	0.000109783 	7.04953e-05 	2
51.625 	9.77219e-05 	9.77219e-05 	0
51.6875 	8.58377e-05 	8.58377e-05 	0
51.8125 	0.000105947 	2.48443e-05 	1
51.875 	0.000108957 	2.68849e-05 	1
52.0 	0.000113868 	5.52537e-05 	1
52.0625 	9.66429e-05 	9.66429e-05 	0
52.1875 	8.39033e-05 	8.39033e-05 	0
52.3125 	8.41608e-05 	8.41608e-05 	0
52.375 	0.000102187 	2.95805e-05 	1
52.5 	7.63595e-05 	7.63595e-05 	0
52.625 	9.30904e-05 	9.30904e-05 	0
52.75 	0.000107975 	5.48026e-05 	1
52.8125 	9.74168e-05 	9.74168e-05 	0
52.875 	0.000109517 	8.28504e-05 	1
52.9375 	0.000113865 	5.06136e-05 	1
53.1875 	0.00012878 	4.40986e-05 	1
53.25 	0.000116255 	5.50458e-05 	1
53.3125 	7.64283e-05 	7.64283e-05 	0
53.5 	0.000103163 	8.50022e-05 	1
53.5625 	0.00010925 	5.94098e-05 	1
53.625 	0.000108115 	8.2157e-05 	1
53.6875 	0.000117216 	6.50474e-05 	1
53.75 	5.82129e-05 	5.82129e-05 	0
53.8125 	0.000102367 	7.75367e-05 	1
53.875 	8.8978e-05 	8.8978e-05 	0
54.0 	9.76598e-05 	9.76598e-05 	0
54.0625 	6.54775e-05 	6.54775e-05 	0
54.1875 	0.000111957 	7.21905e-05 	1
54.25 	5.90024e-05 	5.90024e-05 	0
54.3125 	0.000125014 	7.91115e-05 	1
54.375 	0.000113227 	7.47177e-05 	1
54.4375 	9.52724e-05 	9.52724e-05 	0
54.6875 	0.000103862 	7.60451e-05 	1
54.8125 	9.25497e-05 	9.25497e-05 	0
54.875 	8.99986e-05 	8.99986e-05 	0
54.9375 	7.33766e-05 	7.33766e-05 	0
55.0 	0.000109327 	8.22395e-05 	1
55.0625 	9.72643e-05 	9.72643e-05 	0
55.125 	0.000138083 	8.72049e-05 	1
55.3125 	5.8775e-05 	5.8775e-05 	0
55.4375 	8.55638e-05 	8.55638e-05 	0
55.5 	0.000129971 	4.10885e-05 	1
55.6875 	0.000115211 	7.36802e-05 	1
55.75 	9.58248e-05 	9.58248e-05 	0
55.875 	7.22574e-05 	7.22574e-05 	0
55.9375 	0.000128753 	8.61847e-05 	1
56.0 	0.000125631 	3.72544e-05 	1
56.0625 	8.46052e-05 	8.46052e-05 	0
56.3125 	5.56989e-05 	5.56989e-05 	0
56.375 	0.000113666 	9.41617e-05 	1
56.4375 	0.000117655 	7.5086e-05 	2
56.5625 	0.000113624 	6.57607e-05 	1
56.6875 	6.23386e-05 	6.23386e-05 	0
56.75 	0.000136075 	3.80847e-05 	1
56.8125 	9.44629e-05 	9.44629e-05 	0
56.9375 	0.000112002 	4.13546e-05 	1
57.0 	9.48531e-05 	9.48531e-05 	0
57.0625 	0.000111452 	8.98216e-05 	1
57.1875 	0.000106714 	9.79983e-05 	1
57.25 	9.38736e-05 	9.38736e-05 	0
57.3125 	9.06569e-05 	9.06569e-05 	0
57.4375 	9.37467e-05 	9.37467e-05 	0
57.625 	7.46127e-05 	7.46127e-05 	0
57.6875 	0.000125793 	8.08979e-05 	1
57.75 	9.63346e-05 	9.63346e-05 	0
57.8125 	0.000104966 	4.66247e-05 	1
58.0 	0.000119207 	8.2948e-05 	1
58.0625 	0.000105326 	9.46579e-05 	1
58.125 	7.12315e-05 	7.12315e-05 	0
58.1875 	8.28685e-05 	8.28685e-05 	0
58.25 	0.000121268 	7.36931e-05 	1
58.3125 	0.000118023 	8.19415e-05 	1
58.4375 	0.000104239 	6.55084e-05 	1
58.5625 	0.000113232 	7.20832e-05 	1
58.6875 	6.85881e-05 	6.85881e-05 	0
58.8125 	8.29323e-05 	8.29323e-05 	0
58.875 	9.91571e-05 	9.91571e-05 	0
58.9375 	0.000113391 	9.11026e-05 	1
59.0 	8.93068e-05 	8.93068e-05 	0
59.125 	0.000105687 	5.50484e-05 	1
59.25 	7.75909e-05 	7.75909e-05 	0
59.3125 	0.000114655 	8.4637e-05 	1
59.375 	0.000100674 	5.87024e-05 	1
59.4375 	5.50456e-05 	5.50456e-05 	0
59.5 	0.000114386 	6.57292e-05 	1
59.6875 	0.000117052 	8.0755e-05 	1
59.8125 	6.2106e-05 	6.2106e-05 	0
59.875 	9.10406e-05 	9.10406e-05 	0
59.9375 	0.000105164 	5.17534e-05 	1
60.125 	3.70905e-05 	3.70905e-05 	0
60.375 	4.95964e-05 	4.95964e-05 	0
60.4375 	4.47832e-05 	4.47832e-05 	0
60.5625 	0.000134906 	9.46598e-05 	1
60.625 	0.000118025 	6.42951e-05 	1
60.75 	6.03458e-05 	6.03458e-05 	0
60.8125 	5.55342e-05 	5.55342e-05 	0
60.875 	0.000108324 	9.26975e-05 	1
61.0 	6.78961e-05 	6.78961e-05 	0
61.125 	8.74961e-05 	8.74961e-05 	0
61.1875 	7.82734e-05 	7.82734e-05 	0
61.25 	7.49956e-05 	7.49956e-05 	0
61.4375 	0.000100742 	8.94728e-05 	1
61.5 	0.000117259 	8.43455e-05 	1
61.625 	7.82218e-05 	7.82218e-05 	0
61.6875 	7.86857e-05 	7.86857e-05 	0
61.8125 	8.0038e-05 	8.0038e-05 	0
61.9375 	4.48772e-05 	4.48772e-05 	0
62.125 	9.317e-05 	9.317e-05 	0
62.1875 	9.68047e-05 	9.68047e-05 	0
62.25 	0.000124763 	4.65001e-05 	1
62.375 	9.75548e-05 	9.75548e-05 	0
62.5 	0.000121603 	8.91115e-05 	1
62.5625 	9.54616e-05 	9.54616e-05 	0
62.75 	7.8806e-05 	7.8806e-05 	0
62.875 	0.000127923 	6.37584e-05 	1
62.9375 	0.000117584 	7.61841e-05 	1
63.0 	0.000114436 	7.76777e-05 	1
63.25 	8.23341e-05 	8.23341e-05 	0
63.4375 	0.000112007 	8.6542e-05 	1
63.5625 	0.00012015 	8.0525e-05 	1
63.8125 	9.04918e-05 	9.04918e-05 	0
63.9375 	8.42409e-05 	8.42409e-05 	0
64.0 	9.85152e-05 	9.85152e-05 	0
64.25 	9.92958e-05 	9.92958e-05 	0
64.4375 	0.000127739 	4.49026e-05 	1
64.5625 	0.000111839 	8.64258e-05 	1
64.6875 	0.000105757 	6.67306e-05 	1
64.75 	0.000122486 	7.31681e-05 	1
64.8125 	0.000146941 	4.12659e-05 	1
64.875 	9.86582e-05 	9.86582e-05 	0
64.9375 	9.70555e-05 	9.70555e-05 	0
65.0 	6.28797e-05 	6.28797e-05 	0
65.0625 	0.000118182 	6.7882e-05 	1
65.125 	9.1996e-05 	9.1996e-05 	0
65.5 	0.000120216 	2.84139e-05 	1
65.625 	0.00011218 	6.44025e-05 	1
65.8125 	7.9709e-05 	7.9709e-05 	0
65.9375 	0.000128008 	3.76855e-05 	1
66.0 	0.000103162 	6.67867e-05 	2
66.0625 	9.87666e-05 	9.87666e-05 	0
66.3125 	9.61153e-05 	9.61153e-05 	0
66.5 	7.07967e-05 	7.07967e-05 	0
66.75 	0.000108831 	6.79437e-05 	2
66.8125 	7.39913e-05 	7.39913e-05 	0
66.875 	0.000104986 	8.12784e-05 	1
66.9375 	0.000103947 	4.76653e-05 	1
67.0 	5.28929e-05 	5.28929e-05 	0
67.25 	9.99379e-05 	9.99379e-05 	0
67.375 	0.000110606 	5.42105e-05 	1
67.4375 	9.82663e-05 	9.82663e-05 	0
67.5 	8.99688e-05 	8.99688e-05 	0
67.8125 	8.54351e-05 	8.54351e-05 	0
67.875 	0.000119093 	9.42108e-05 	1
67.9375 	9.91077e-05 	9.91077e-05 	0
68.0 	7.25998e-05 	7.25998e-05 	0
68.0625 	0.000101191 	8.89379e-05 	1
68.125 	0.000108293 	6.22721e-05 	1
68.1875 	0.000121362 	7.40501e-05 	1
68.3125 	0.000119862 	7.74464e-05 	1
68.375 	7.73015e-05 	7.73015e-05 	0
68.4375 	9.63758e-05 	9.63758e-05 	0
68.5625 	8.20639e-05 	8.20639e-05 	0
68.625 	9.40296e-05 	9.40296e-05 	0
68.6875 	0.000121675 	4.86482e-05 	1
68.75 	0.000116235 	5.40047e-05 	1
68.8125 	0.000117641 	8.87784e-05 	1
68.9375 	0.000124095 	3.24606e-05 	1
69.125 	0.000110889 	4.55377e-05 	1
69.1875 	9.10732e-05 	9.10732e-05 	0
69.25 	0.000181353 	9.82234e-05 	1
69.3125 	5.47688e-05 	5.47688e-05 	0
69.4375 	0.000102928 	7.63199e-05 	1
69.5 	9.17464e-05 	9.17464e-05 	0
69.75 	8.57134e-05 	8.57134e-05 	0
69.8125 	9.30724e-05 	9.30724e-05 	0
69.875 	7.17153e-05 	7.17153e-05 	0
69.9375 	8.19635e-05 	8.19635e-05 	0
