# time 	Initial 	Final 	Iterations
0.333274 	0.000197803 	1.16957e-05 	1
0.579973 	0.000246434 	1.93567e-05 	1
0.642226 	0.000234189 	1.86333e-05 	1
0.70448 	9.05988e-05 	3.58819e-06 	2
0.766734 	0.000284745 	2.39906e-05 	1
0.828988 	0.000107629 	1.04725e-05 	1
1.01575 	0.000383824 	3.321e-05 	1
1.26477 	0.000280318 	2.15767e-05 	1
1.38927 	0.000283669 	2.51979e-05 	1
1.45153 	0.000217128 	2.05685e-05 	1
1.51378 	0.000248934 	2.23309e-05 	1
1.7628 	0.000193603 	1.8165e-05 	1
1.8873 	0.000383247 	2.81072e-05 	1
1.94956 	0.000432222 	3.30105e-05 	1
2.19857 	0.000174374 	1.56678e-05 	1
2.26083 	0.000216426 	1.87318e-05 	1
2.32308 	0.000284272 	2.35847e-05 	1
2.38534 	0.000429024 	3.29083e-05 	1
2.44759 	0.000229906 	2.03443e-05 	1
2.63435 	0.000305925 	2.36066e-05 	1
2.69661 	0.000115384 	4.86358e-06 	2
2.88337 	0.000206508 	8.33115e-06 	2
2.94562 	0.000131758 	1.02739e-05 	1
3.07013 	0.000148488 	1.26102e-05 	1
3.19464 	0.000116789 	9.97178e-07 	3
3.25689 	0.000265479 	2.10595e-05 	1
3.31914 	0.000115527 	1.12516e-05 	1
3.3814 	0.000337693 	2.63316e-05 	1
3.44365 	0.000227379 	1.99175e-05 	1
3.50591 	8.85596e-05 	8.55132e-06 	1
3.69267 	0.000193099 	1.85468e-05 	1
3.75492 	0.000318509 	2.35788e-05 	1
3.87943 	0.000216284 	1.87365e-05 	1
4.00394 	8.33612e-05 	7.99261e-06 	1
4.06619 	0.000108362 	8.33968e-06 	2
4.12845 	0.000344877 	2.72343e-05 	1
4.1907 	0.000369322 	2.75087e-05 	1
4.25295 	0.000192307 	1.79101e-05 	1
4.31521 	0.000308981 	2.72643e-05 	1
4.37746 	0.000176574 	1.36689e-05 	1
4.50197 	0.000350479 	2.68402e-05 	1
4.56422 	0.000301858 	2.22062e-05 	1
4.62648 	0.000318951 	2.64041e-05 	1
4.68873 	0.000128241 	1.21352e-05 	1
4.93775 	0.000219918 	1.91112e-05 	1
5.0 	0.000203802 	1.54776e-05 	1
5.0625 	0.00034791 	2.59677e-05 	1
5.125 	0.000159976 	1.56489e-05 	1
5.25 	0.000127547 	3.41712e-06 	2
5.375 	0.000541191 	3.87028e-05 	1
5.5 	0.000281012 	2.18409e-05 	1
5.5625 	0.000313109 	2.47717e-05 	1
5.625 	0.000183938 	5.33834e-06 	2
5.6875 	0.000191167 	7.33098e-06 	2
5.8125 	0.000282635 	2.45707e-05 	1
5.875 	0.000385269 	2.97864e-05 	1
5.9375 	0.000330146 	3.13724e-05 	1
6.0 	0.000187434 	1.87048e-05 	1
6.1875 	0.000133697 	3.93394e-06 	2
6.25 	0.000376862 	2.86863e-05 	1
6.4375 	0.000319505 	3.08585e-05 	1
6.75 	0.00013835 	1.28013e-05 	1
6.8125 	0.000155344 	1.32636e-05 	1
6.9375 	0.000238379 	1.78278e-05 	1
7.125 	0.000347926 	2.82803e-05 	1
7.1875 	0.000191529 	1.7957e-05 	1
7.25 	6.17194e-05 	5.71811e-06 	1
7.5625 	0.00040219 	2.97376e-05 	1
7.6875 	0.00032786 	2.35554e-05 	1
7.8125 	0.000229296 	2.11092e-05 	1
7.9375 	0.000380897 	2.79451e-05 	1
8.0 	0.000217422 	1.75327e-05 	1
8.0625 	0.000219082 	5.96602e-06 	2
8.125 	0.000255304 	2.23995e-05 	1
8.25 	9.52284e-05 	2.58126e-06 	2
8.3125 	0.000280496 	2.06425e-05 	1
8.4375 	0.000492452 	3.60447e-05 	1
8.5 	0.000232376 	1.9266e-05 	1
8.5625 	0.000196618 	1.72365e-05 	1
8.8125 	0.000155969 	1.50909e-05 	1
8.9375 	0.000298647 	2.34526e-05 	1
9.0 	0.000153647 	1.40507e-05 	1
9.1875 	0.000228612 	6.38821e-06 	2
9.25 	0.00042438 	3.46759e-05 	1
9.3125 	0.000245443 	2.17781e-05 	1
9.375 	0.00029431 	2.2726e-05 	1
9.4375 	0.000285377 	2.35172e-05 	1
9.5625 	0.000269839 	2.11456e-05 	1
9.625 	0.000179274 	1.57756e-05 	1
9.6875 	0.000206213 	1.96728e-05 	1
9.8125 	0.000128385 	3.57141e-06 	2
9.9375 	0.000458369 	3.48068e-05 	1
10.0 	0.000272955 	2.47042e-05 	1
10.1875 	0.000310614 	2.49224e-05 	1
10.3125 	0.00045483 	3.3267e-05 	1
10.625 	0.000470524 	3.36045e-05 	1
10.6875 	0.000279946 	2.2119e-05 	1
10.75 	0.000356307 	2.70391e-05 	1
10.8125 	0.000311749 	2.45819e-05 	1
10.875 	0.000371201 	2.8762e-05 	1
11.0 	0.00016348 	4.37678e-06 	2
11.0625 	0.000361128 	2.86065e-05 	1
11.1875 	0.00019452 	1.7435e-05 	1
11.6875 	0.000220474 	2.05439e-05 	1
11.75 	0.00018269 	1.50893e-05 	1
11.8125 	0.00032192 	2.59599e-05 	1
11.875 	0.000301479 	2.7165e-05 	1
11.9375 	0.000240404 	2.12456e-05 	1
12.0 	0.000265979 	2.29017e-05 	1
12.0625 	0.000186285 	1.69505e-05 	1
12.1875 	0.000179621 	6.03091e-06 	2
12.3125 	0.000161011 	1.35448e-05 	1
12.375 	0.000347309 	2.67128e-05 	1
12.625 	0.000280867 	2.5232e-05 	1
12.6875 	0.000124073 	1.22398e-05 	1
12.8125 	0.000384134 	2.89959e-05 	1
12.875 	0.000333509 	2.46461e-05 	1
13.0 	0.00013066 	8.21576e-06 	1
13.0625 	0.000327208 	2.59742e-05 	1
13.1875 	0.000582686 	4.20434e-05 	1
13.25 	0.000209868 	1.83225e-05 	1
13.375 	0.000168223 	1.54521e-05 	1
13.5625 	0.000308017 	2.33037e-05 	1
13.625 	0.000106693 	2.81386e-06 	2
13.6875 	0.000184599 	1.43987e-05 	1
14.0 	0.000116617 	5.78763e-06 	2
14.0625 	0.000294621 	2.27278e-05 	1
14.125 	0.000386567 	2.95216e-05 	1
14.1875 	0.000200698 	1.97278e-05 	1
14.3125 	0.00016774 	1.58356e-05 	1
14.375 	0.000517822 	3.80373e-05 	1
14.4375 	0.000381679 	2.88486e-05 	1
14.5 	0.000243761 	2.18511e-05 	1
14.625 	0.000253646 	2.34221e-05 	1
14.6875 	0.000253138 	1.93065e-05 	1
14.75 	0.000303494 	2.3425e-05 	1
14.8125 	0.000181738 	1.50751e-05 	1
14.9375 	0.000222545 	1.97982e-05 	1
15.0 	0.00019213 	1.71773e-05 	1
15.1875 	0.000292369 	2.37002e-05 	1
15.25 	0.000169525 	1.5576e-05 	1
15.3125 	0.000193223 	7.48007e-06 	2
15.375 	0.000225215 	1.77016e-05 	1
15.4375 	0.000394833 	2.9715e-05 	1
15.5 	0.000316615 	2.43646e-05 	1
15.8125 	0.000478277 	4.11743e-05 	1
15.875 	9.68312e-05 	9.33267e-06 	1
15.9375 	0.000389052 	2.91313e-05 	1
16.0 	0.000277253 	2.25868e-05 	1
16.0625 	0.000223417 	2.00561e-05 	1
16.125 	0.000454691 	3.84197e-05 	1
16.1875 	0.000153379 	1.36609e-05 	1
16.25 	0.000365669 	2.975e-05 	1
16.3125 	0.000116769 	9.89564e-06 	1
16.375 	0.000483704 	3.72054e-05 	1
16.5 	0.000190496 	7.45309e-06 	2
16.625 	0.00020404 	1.84977e-05 	1
16.8125 	0.000579079 	4.18399e-05 	1
16.9375 	0.000232264 	1.91994e-05 	1
17.25 	0.00038884 	2.90784e-05 	1
17.3125 	0.000348605 	2.65848e-05 	1
17.375 	0.000207456 	1.64952e-05 	1
17.4375 	0.000106974 	2.99469e-06 	2
17.5625 	0.000255634 	2.45551e-05 	1
17.6875 	0.000193677 	1.57628e-05 	1
18.0 	0.000215715 	1.69444e-05 	1
18.0625 	0.000297597 	2.49227e-05 	1
18.1875 	0.000501752 	3.72527e-05 	1
18.25 	0.000313472 	2.75972e-05 	1
18.375 	0.000261375 	2.19531e-05 	1
18.4375 	0.000117988 	1.08777e-05 	1
18.5625 	0.000254911 	2.26483e-05 	1
18.625 	0.00024487 	2.07181e-05 	1
18.8125 	0.000195978 	1.82191e-05 	1
18.875 	0.000298472 	2.43685e-05 	1
18.9375 	0.000205803 	1.88441e-05 	1
19.125 	0.00027564 	2.29031e-05 	1
19.4375 	0.000216647 	1.78746e-05 	1
19.5 	0.00032166 	2.875e-05 	1
19.625 	0.000143 	4.51033e-06 	2
19.6875 	0.000306384 	2.8801e-05 	1
19.75 	0.000410843 	3.34929e-05 	1
19.9375 	0.000178764 	1.73714e-05 	1
20.0 	0.000209304 	1.92674e-05 	1
20.125 	0.000232001 	1.74433e-05 	1
20.1875 	0.000207286 	1.8203e-05 	1
20.375 	0.00012961 	1.26075e-05 	1
20.4375 	0.00010857 	1.0501e-05 	1
20.5 	0.000425143 	3.43263e-05 	1
20.625 	0.000234429 	2.18816e-05 	1
20.6875 	0.000168767 	1.2587e-05 	1
20.75 	0.000147266 	5.66127e-06 	2
21.0 	0.000489713 	3.57343e-05 	1
21.0625 	0.000257551 	2.07575e-05 	1
21.1875 	0.000314496 	2.57119e-05 	1
21.3125 	0.000504828 	3.71032e-05 	1
21.5625 	0.000174652 	1.678e-05 	1
21.75 	0.000278644 	2.52397e-05 	1
21.8125 	0.000201722 	1.77677e-05 	1
21.875 	0.000264668 	2.09834e-05 	1
21.9375 	0.000297522 	2.34335e-05 	1
22.125 	0.000356081 	2.69209e-05 	1
22.1875 	0.000271677 	2.44529e-05 	1
22.25 	0.000315215 	2.41995e-05 	1
22.3125 	0.000449787 	3.3462e-05 	1
22.375 	0.000346131 	2.48708e-05 	1
22.9375 	0.000304154 	2.4934e-05 	1
23.0 	0.000397739 	2.99503e-05 	1
23.125 	0.0003037 	2.92392e-05 	1
23.1875 	0.000220159 	1.88651e-05 	1
23.3125 	0.000358006 	2.69132e-05 	1
23.375 	0.000247864 	1.96694e-05 	1
23.4375 	0.000178208 	1.43169e-05 	1
23.6875 	0.000354802 	2.73986e-05 	1
23.8125 	0.000317658 	2.49967e-05 	1
24.0 	0.000234042 	1.9189e-05 	1
24.0625 	0.000183408 	1.63933e-05 	1
24.3125 	0.000305645 	2.3396e-05 	1
24.375 	0.000183733 	1.55425e-05 	1
24.4375 	0.000340976 	2.65253e-05 	1
24.5625 	0.000544022 	4.23549e-05 	1
24.6875 	0.000500825 	3.64833e-05 	1
24.75 	0.000261054 	1.99287e-05 	1
24.8125 	0.000266918 	1.98965e-05 	1
25.0 	0.000277745 	2.15883e-05 	1
25.0625 	0.000200854 	1.76444e-05 	1
25.125 	0.000281282 	2.4554e-05 	1
25.25 	0.000328269 	2.54517e-05 	1
25.3125 	0.000192544 	1.63695e-05 	1
25.625 	0.000498586 	3.76576e-05 	1
25.6875 	0.000268175 	2.5779e-05 	1
25.75 	0.000164487 	1.34004e-05 	1
25.8125 	0.000327191 	2.83777e-05 	1
26.0 	0.000170013 	1.39021e-05 	1
26.125 	0.000242116 	1.94671e-05 	1
26.25 	0.000337881 	2.73232e-05 	1
26.3125 	6.13358e-05 	5.766e-06 	1
26.375 	0.000230134 	1.92164e-05 	1
26.5 	0.000214131 	6.70048e-06 	2
26.5625 	0.000310237 	2.41025e-05 	1
26.625 	0.000145379 	4.81159e-06 	2
26.6875 	0.000200373 	1.71249e-05 	1
26.875 	0.000422976 	3.2498e-05 	1
26.9375 	0.000252865 	2.16046e-05 	1
27.0 	0.000369576 	2.92086e-05 	1
27.25 	0.000280335 	2.1317e-05 	1
27.3125 	0.000271519 	2.25162e-05 	1
27.375 	0.000293314 	2.3502e-05 	1
27.5 	0.000183895 	1.69683e-05 	1
27.625 	0.000356421 	2.91224e-05 	1
27.6875 	0.000113666 	9.68991e-06 	1
27.75 	0.000423187 	3.08319e-05 	1
27.8125 	0.000324946 	2.57453e-05 	1
28.0 	0.000130529 	1.07413e-05 	1
28.0625 	0.000152358 	1.32973e-05 	1
28.125 	0.000155477 	1.22206e-05 	1
28.3125 	0.000202093 	1.86231e-05 	1
28.5 	0.000252136 	1.91469e-05 	1
28.625 	0.000206268 	2.01402e-05 	1
28.6875 	0.000378932 	2.79441e-05 	1
28.8125 	0.000322723 	2.70077e-05 	1
28.875 	0.000344295 	2.94023e-05 	1
28.9375 	8.57331e-05 	8.30941e-06 	1
29.0 	0.000133142 	1.31769e-05 	1
29.0625 	0.000127128 	1.01078e-05 	1
29.125 	0.000203001 	1.6509e-05 	1
29.1875 	0.000196971 	1.73277e-05 	1
29.25 	0.000362101 	2.70221e-05 	1
29.375 	0.00026702 	2.11479e-05 	1
29.4375 	0.000181483 	5.32856e-06 	2
29.625 	0.000362953 	2.74475e-05 	1
29.6875 	0.00035816 	2.74352e-05 	1
29.75 	0.000363679 	3.02505e-05 	1
29.9375 	0.000162993 	1.4276e-05 	1
30.125 	0.000247523 	2.0733e-05 	1
30.25 	0.0004073 	3.17597e-05 	1
30.3125 	0.000429952 	3.09768e-05 	1
30.375 	0.000309317 	2.375e-05 	1
30.4375 	0.000375825 	3.0239e-05 	1
30.5 	0.000202923 	7.39739e-06 	2
30.5625 	0.000177238 	1.46943e-05 	1
30.6875 	0.000124905 	1.02521e-05 	1
30.8125 	0.000345837 	2.77668e-05 	1
30.9375 	0.000218317 	2.04483e-05 	1
31.1875 	0.000202259 	6.3082e-06 	2
31.25 	0.000232178 	2.01592e-05 	1
31.375 	0.000625022 	5.1627e-05 	1
31.5 	0.000152657 	4.27267e-06 	2
31.625 	0.000184775 	1.68943e-05 	1
31.75 	0.000155047 	1.3683e-05 	1
31.8125 	0.000303352 	2.8281e-05 	1
31.875 	0.000340064 	2.87393e-05 	1
32.0 	0.000394056 	2.92205e-05 	1
32.125 	0.000253404 	1.95516e-05 	1
32.1875 	0.00036749 	3.01358e-05 	1
32.25 	0.000334599 	3.10742e-05 	1
32.3125 	0.00021373 	1.6938e-05 	1
32.4375 	0.000167208 	1.46439e-05 	1
32.5 	0.00011763 	1.13648e-05 	1
32.625 	0.000319536 	2.63851e-05 	1
32.6875 	0.000356994 	2.70696e-05 	1
32.75 	0.000228726 	2.18631e-05 	1
32.8125 	0.000204436 	7.64418e-06 	2
32.875 	0.000150629 	5.22078e-06 	2
33.0 	0.000295669 	2.36773e-05 	1
33.0625 	0.000215534 	1.86996e-05 	1
33.125 	0.000342968 	2.72492e-05 	1
33.1875 	0.000390873 	3.08655e-05 	1
33.3125 	0.000194262 	7.55744e-06 	2
33.375 	0.000215565 	1.75915e-05 	1
33.4375 	0.000150729 	1.45055e-05 	1
33.625 	0.000106494 	2.82179e-06 	2
33.6875 	0.000124846 	4.74966e-06 	2
33.875 	0.000242792 	2.06855e-05 	1
33.9375 	0.000142116 	4.86231e-06 	2
34.125 	0.000159389 	1.29331e-05 	1
34.1875 	0.000224107 	1.99325e-05 	1
34.25 	0.000134555 	3.6347e-06 	2
34.3125 	0.000181384 	1.64771e-05 	1
34.375 	0.00031369 	2.55793e-05 	1
34.5 	0.000327056 	2.60655e-05 	1
34.5625 	0.000389191 	2.95087e-05 	1
34.625 	0.000159519 	1.56642e-05 	1
34.6875 	0.000421936 	3.16901e-05 	1
34.875 	0.000228298 	1.62474e-05 	1
34.9375 	0.000326906 	2.87024e-05 	1
35.0625 	0.000294755 	2.34501e-05 	1
35.125 	0.000110054 	3.88933e-06 	2
35.25 	0.000404735 	2.85018e-05 	1
35.3125 	0.000430392 	3.35566e-05 	1
35.375 	0.000210883 	1.9021e-05 	1
35.625 	0.000301609 	2.63979e-05 	1
35.6875 	0.000201969 	6.34741e-06 	2
35.75 	0.000377076 	2.81684e-05 	1
35.8125 	0.000367802 	2.71274e-05 	1
35.875 	0.000205687 	1.56575e-05 	1
35.9375 	0.000345806 	3.31358e-05 	1
36.0 	0.000201128 	1.58653e-05 	1
36.125 	0.000279843 	2.21135e-05 	1
36.25 	0.000130641 	1.25032e-05 	1
36.4375 	0.00022506 	7.29795e-06 	2
36.5 	0.000237711 	2.32173e-05 	1
36.8125 	0.000224356 	1.91115e-05 	1
36.875 	0.000196031 	1.80796e-05 	1
37.125 	0.00032169 	2.39468e-05 	1
37.1875 	0.000193599 	1.79079e-05 	1
37.3125 	0.000187445 	1.54405e-05 	1
37.4375 	0.000267706 	2.43654e-05 	1
37.5 	0.00017148 	1.57739e-05 	1
37.5625 	0.000336427 	3.19994e-05 	1
37.75 	0.0002895 	2.30386e-05 	1
37.9375 	0.000246597 	2.10408e-05 	1
38.0 	0.000224902 	2.05309e-05 	1
38.0625 	0.000221396 	1.0574e-05 	2
38.125 	0.000184657 	1.42758e-05 	1
38.25 	0.000430923 	3.67388e-05 	1
38.3125 	0.000484816 	3.50922e-05 	1
38.4375 	0.000430116 	3.20054e-05 	1
38.5625 	0.000216386 	1.58097e-05 	1
38.6875 	0.000309933 	2.43719e-05 	1
38.8125 	0.000226803 	1.74885e-05 	1
38.875 	0.000443083 	3.30463e-05 	1
38.9375 	0.000216509 	1.98327e-05 	1
39.0 	0.000229344 	2.03528e-05 	1
39.0625 	0.000331361 	2.61028e-05 	1
39.1875 	0.000162978 	1.56575e-05 	1
39.25 	0.000208402 	1.76303e-05 	1
39.3125 	0.000474579 	4.10904e-05 	1
39.5625 	0.000237147 	1.95534e-05 	1
39.625 	0.000183751 	1.55245e-05 	1
39.6875 	0.000305281 	2.27341e-05 	1
39.75 	0.000215943 	2.09612e-05 	1
39.875 	0.00027995 	2.45078e-05 	1
39.9375 	0.000291074 	2.52134e-05 	1
40.0 	0.000355588 	2.72862e-05 	1
40.125 	0.00031503 	2.83146e-05 	1
40.25 	0.000354219 	2.76154e-05 	1
40.3125 	0.000269611 	2.35311e-05 	1
40.4375 	0.000292128 	2.43687e-05 	1
40.5 	0.000317364 	2.47106e-05 	1
40.5625 	0.000182507 	1.67481e-05 	1
40.625 	0.000524649 	3.85637e-05 	1
40.8125 	0.000331501 	3.16613e-05 	1
40.9375 	0.000445422 	3.14691e-05 	1
41.125 	0.000330491 	2.47625e-05 	1
41.1875 	0.000210293 	1.77509e-05 	1
41.25 	0.000307208 	2.43565e-05 	1
41.3125 	0.000157786 	4.98707e-06 	2
41.4375 	0.000380389 	2.9837e-05 	1
41.5 	0.000121904 	5.52261e-06 	2
41.6875 	0.000264498 	2.10677e-05 	1
41.8125 	0.000298934 	2.5134e-05 	1
41.9375 	0.00017229 	1.6003e-05 	1
42.0 	0.00019991 	1.86901e-05 	1
42.25 	0.000139584 	1.29494e-05 	1
42.5 	0.000343229 	2.60908e-05 	1
42.6875 	0.000338113 	2.8303e-05 	1
42.8125 	0.000488209 	3.58974e-05 	1
42.875 	0.000246196 	2.12717e-05 	1
42.9375 	0.000340715 	2.41673e-05 	1
43.0 	0.000484083 	3.71021e-05 	1
43.0625 	0.000406138 	3.09186e-05 	1
43.1875 	0.000461114 	3.33028e-05 	1
43.3125 	0.000253217 	1.95655e-05 	1
43.375 	0.000334908 	2.55407e-05 	1
43.6875 	0.000429605 	3.29236e-05 	1
43.9375 	0.000219875 	1.66155e-05 	1
44.0 	0.000275818 	2.32814e-05 	1
44.0625 	8.69859e-05 	2.68429e-06 	2
44.125 	0.000181123 	1.63495e-05 	1
44.1875 	0.000342856 	2.52203e-05 	1
44.25 	0.000371026 	2.71943e-05 	1
44.3125 	0.000134164 	1.23693e-05 	1
44.4375 	0.000399364 	3.26036e-05 	1
44.5625 	0.000303553 	2.30986e-05 	1
44.6875 	0.000378729 	2.81993e-05 	1
44.8125 	0.000291366 	2.39967e-05 	1
44.875 	0.000333964 	2.90935e-05 	1
44.9375 	0.000419683 	3.4336e-05 	1
45.0 	0.000136507 	1.09981e-05 	1
45.1875 	0.000182443 	1.77213e-05 	1
45.3125 	0.000127009 	5.34196e-06 	2
45.5 	0.000287477 	2.10704e-05 	1
45.625 	0.000268642 	2.06574e-05 	1
45.6875 	0.000314065 	2.39899e-05 	1
45.75 	0.000290038 	2.32265e-05 	1
46.0 	0.000332062 	2.49193e-05 	1
46.0625 	0.000124868 	3.21967e-06 	2
46.3125 	0.00019986 	1.66084e-05 	1
46.5625 	0.000162836 	1.4759e-05 	1
46.625 	0.000174222 	1.45048e-05 	1
46.6875 	0.000334583 	2.4858e-05 	1
46.75 	0.000218608 	2.09033e-05 	1
46.875 	0.000229212 	1.9694e-05 	1
47.0 	0.000206127 	1.64107e-05 	1
47.0625 	0.000278362 	2.72081e-05 	1
47.125 	0.000199147 	1.73349e-05 	1
47.1875 	0.000421063 	3.0486e-05 	1
47.25 	0.000208589 	2.0151e-05 	1
47.375 	0.000152294 	4.77395e-06 	2
47.5 	0.0002369 	2.05318e-05 	1
47.5625 	0.000292695 	2.29653e-05 	1
47.625 	0.000303626 	2.3025e-05 	1
47.8125 	0.000377046 	2.94331e-05 	1
48.0625 	0.000501771 	3.66937e-05 	1
48.1875 	0.000160215 	1.57269e-05 	1
48.25 	0.000190905 	1.57395e-05 	1
48.3125 	0.000168403 	1.6821e-05 	1
48.4375 	0.000120644 	1.16479e-05 	1
48.5625 	0.000258684 	2.17282e-05 	1
48.75 	0.000313304 	2.97536e-05 	1
48.8125 	0.000331152 	3.10972e-05 	1
48.9375 	0.000195929 	1.64585e-05 	1
49.0 	0.000170058 	1.66695e-05 	1
49.25 	0.000191264 	1.80024e-05 	1
49.3125 	0.000157231 	1.50211e-05 	1
49.375 	0.000413201 	3.37055e-05 	1
49.4375 	0.000265204 	2.3152e-05 	1
49.5625 	0.000190999 	1.76051e-05 	1
49.6875 	0.000362876 	2.72575e-05 	1
49.75 	0.000217038 	2.12834e-05 	1
50.0625 	0.000374802 	2.96293e-05 	1
50.25 	0.000294799 	2.51223e-05 	1
50.3125 	0.000355084 	3.37121e-05 	1
50.375 	0.000211763 	1.82498e-05 	1
50.4375 	0.00034449 	2.92598e-05 	1
50.5625 	0.000112365 	1.08094e-05 	1
50.625 	0.000314785 	2.46242e-05 	1
50.75 	0.000381784 	2.93417e-05 	1
50.8125 	0.000243064 	2.02527e-05 	1
50.875 	0.000430383 	3.18346e-05 	1
50.9375 	0.000194156 	1.79983e-05 	1
51.0 	0.000149861 	5.5684e-06 	2
51.125 	0.000266469 	2.21357e-05 	1
51.1875 	0.000403747 	3.01954e-05 	1
51.25 	0.000176547 	1.44111e-05 	1
51.3125 	8.6973e-05 	9.3649e-06 	1
51.375 	0.000180555 	6.48557e-06 	2
51.4375 	0.00010256 	2.7218e-06 	2
51.5 	0.000174829 	1.71885e-05 	1
51.625 	0.00013966 	4.90369e-06 	2
51.6875 	0.000345693 	2.54634e-05 	1
51.8125 	0.000207454 	1.88879e-05 	1
52.0 	0.000399156 	2.93074e-05 	1
52.0625 	0.000219161 	1.78099e-05 	1
52.1875 	0.000194056 	1.62361e-05 	1
52.3125 	0.00029724 	2.32968e-05 	1
52.5 	0.000175121 	1.60236e-05 	1
52.625 	0.000119752 	1.15342e-05 	1
52.75 	0.00044543 	3.4254e-05 	1
52.8125 	0.000253114 	2.28521e-05 	1
52.9375 	0.00025025 	2.13667e-05 	1
53.1875 	0.000172684 	4.63022e-06 	2
53.25 	0.000368487 	2.96967e-05 	1
53.3125 	0.000180927 	1.59721e-05 	1
53.5 	0.000226991 	1.78698e-05 	1
53.5625 	0.000330746 	2.85565e-05 	1
53.625 	0.000319173 	2.48665e-05 	1
53.6875 	0.000409344 	3.06027e-05 	1
53.75 	0.00037363 	2.79123e-05 	1
53.875 	0.000337222 	2.62203e-05 	1
54.0 	0.000543191 	3.82336e-05 	1
54.0625 	0.000255253 	2.17094e-05 	1
54.1875 	0.000328961 	2.49254e-05 	1
54.25 	0.000342801 	2.5522e-05 	1
54.3125 	0.000418178 	3.17802e-05 	1
54.375 	0.000300724 	2.50349e-05 	1
54.4375 	0.000229605 	2.2318e-05 	1
54.6875 	0.00033539 	2.71173e-05 	1
54.8125 	0.000306446 	2.32536e-05 	1
54.875 	0.000251474 	2.2011e-05 	1
54.9375 	0.000197749 	1.76057e-05 	1
55.0 	0.000516334 	4.02831e-05 	1
55.125 	0.000416268 	3.1774e-05 	1
55.3125 	0.000213414 	1.72614e-05 	1
55.4375 	0.000167257 	5.07379e-06 	2
55.5 	0.000194724 	1.70276e-05 	1
55.6875 	0.000194534 	1.7091e-05 	1
55.75 	0.000172794 	1.47946e-05 	1
55.875 	0.000391366 	2.97377e-05 	1
55.9375 	0.000268768 	2.06606e-05 	1
56.0 	0.000127263 	1.17196e-05 	1
56.0625 	0.000240449 	2.21979e-05 	1
56.3125 	0.000564277 	4.75785e-05 	1
56.375 	0.000230704 	1.93545e-05 	1
56.4375 	0.00026811 	1.98873e-05 	1
56.5625 	0.000492442 	3.651e-05 	1
56.6875 	0.000129764 	1.12257e-05 	1
56.75 	0.00017038 	4.29317e-06 	2
56.8125 	0.000217663 	2.01672e-05 	1
56.9375 	8.49249e-05 	9.25961e-06 	1
57.0 	0.000271903 	2.40574e-05 	1
57.0625 	0.000412103 	3.31393e-05 	1
57.1875 	0.000294431 	2.19303e-05 	1
57.25 	0.000333218 	2.76902e-05 	1
57.3125 	0.000340857 	2.743e-05 	1
57.4375 	0.000433451 	3.53992e-05 	1
57.625 	0.00021218 	5.83842e-06 	2
57.6875 	0.00021586 	6.81587e-06 	2
57.8125 	0.000501552 	3.65988e-05 	1
58.0 	0.000211862 	1.8334e-05 	1
58.0625 	0.000195342 	1.70281e-05 	1
58.125 	0.000162958 	1.5055e-05 	1
58.1875 	0.000165173 	6.11763e-06 	2
58.25 	0.00046059 	3.26876e-05 	1
58.3125 	0.00012796 	1.22299e-05 	1
58.4375 	0.000268523 	2.11216e-05 	1
58.5625 	0.000276176 	2.32742e-05 	1
58.6875 	0.000417882 	3.13586e-05 	1
58.8125 	0.000277819 	2.27668e-05 	1
58.875 	0.000374764 	2.98067e-05 	1
58.9375 	0.000487176 	3.63723e-05 	1
59.0 	0.000294005 	2.55867e-05 	1
59.125 	0.000147359 	1.10841e-05 	1
59.25 	0.000149617 	5.60999e-06 	2
59.3125 	0.000353297 	2.76403e-05 	1
59.375 	0.000193725 	1.59291e-05 	1
59.5 	0.00032612 	2.55344e-05 	1
59.6875 	0.00014662 	1.18212e-05 	1
59.8125 	0.00033387 	2.52543e-05 	1
59.875 	0.000154016 	1.30895e-05 	1
59.9375 	0.000170168 	1.58067e-05 	1
60.375 	0.000724615 	6.04274e-05 	1
60.4375 	0.00030454 	2.62666e-05 	1
60.5625 	0.000300166 	2.48189e-05 	1
60.625 	0.000208956 	1.66302e-05 	1
60.875 	0.000389224 	2.96582e-05 	1
61.0 	0.000292392 	2.05683e-05 	1
61.125 	0.000358721 	2.69408e-05 	1
61.1875 	0.000315886 	2.5251e-05 	1
61.25 	0.000337321 	2.9708e-05 	1
61.4375 	0.000442845 	3.55103e-05 	1
61.5 	0.000306624 	2.32173e-05 	1
61.625 	0.000135305 	3.38668e-06 	2
61.6875 	0.000278701 	2.45744e-05 	1
61.8125 	0.00036136 	2.74593e-05 	1
61.9375 	0.000179818 	1.62143e-05 	1
62.125 	0.00030152 	2.32081e-05 	1
62.1875 	0.000322131 	2.56724e-05 	1
62.25 	0.000497706 	3.60065e-05 	1
62.375 	0.000142962 	1.3253e-05 	1
62.5 	0.000296135 	2.44299e-05 	1
62.5625 	0.000168845 	1.53153e-05 	1
62.875 	0.000275644 	2.51213e-05 	1
62.9375 	0.000327344 	3.11217e-05 	1
63.0 	0.000188275 	1.65401e-05 	1
63.25 	0.000318952 	2.40256e-05 	1
63.4375 	0.000302118 	2.61147e-05 	1
63.5625 	0.000256325 	1.97235e-05 	1
63.8125 	0.0001435 	1.17061e-05 	1
63.9375 	0.000244253 	2.08655e-05 	1
64.0 	0.000307799 	2.45144e-05 	1
64.25 	0.000467321 	3.49098e-05 	1
64.4375 	0.000343977 	2.66149e-05 	1
64.5625 	0.000250959 	1.83148e-05 	1
64.6875 	0.000246276 	1.97498e-05 	1
64.75 	0.000400835 	2.97632e-05 	1
64.8125 	0.00044353 	3.23637e-05 	1
64.875 	0.00022328 	1.89546e-05 	1
64.9375 	0.000222294 	2.02765e-05 	1
65.0 	0.000131861 	4.39896e-06 	2
65.0625 	0.000307477 	2.34284e-05 	1
65.125 	0.000274272 	2.08496e-05 	1
65.625 	0.000225292 	1.89947e-05 	1
65.8125 	0.000137388 	1.14115e-05 	1
65.9375 	0.00011194 	3.83762e-06 	2
66.0 	0.000288092 	2.71249e-05 	1
66.0625 	0.000339129 	2.60137e-05 	1
66.3125 	0.000213005 	1.92763e-05 	1
66.5 	0.000243878 	2.12912e-05 	1
66.75 	0.00014145 	3.45921e-06 	2
66.8125 	0.00035907 	3.30475e-05 	1
66.875 	0.000171908 	1.42589e-05 	1
66.9375 	0.000301615 	2.26957e-05 	1
67.25 	0.000247196 	1.81235e-05 	1
67.375 	0.000351201 	3.22899e-05 	1
67.4375 	0.000179236 	1.59815e-05 	1
67.5 	0.0001644 	8.62574e-06 	2
67.8125 	0.000254695 	2.02649e-05 	1
67.875 	0.000307741 	2.61772e-05 	1
67.9375 	0.000274288 	2.38376e-05 	1
68.0 	0.000394206 	2.98005e-05 	1
68.0625 	0.000220927 	1.87452e-05 	1
68.125 	0.000169818 	1.5202e-05 	1
68.1875 	0.000163784 	1.45253e-05 	1
68.3125 	0.000381613 	3.18972e-05 	1
68.375 	0.000293025 	2.27675e-05 	1
68.4375 	0.000299258 	2.22769e-05 	1
68.5625 	0.000269048 	2.20617e-05 	1
68.6875 	0.000358094 	2.6604e-05 	1
68.75 	0.000523107 	4.42141e-05 	1
68.8125 	0.000215733 	1.8667e-05 	1
68.9375 	0.000495021 	3.72669e-05 	1
69.125 	0.000244483 	2.13864e-05 	1
69.1875 	0.000213464 	1.82045e-05 	1
69.25 	0.000359736 	2.68387e-05 	1
69.3125 	0.000260947 	2.26519e-05 	1
69.4375 	0.000224098 	1.97267e-05 	1
69.5 	0.000430788 	3.13772e-05 	1
69.75 	0.000308704 	2.47416e-05 	1
69.8125 	0.000292765 	2.6801e-05 	1
69.875 	0.000166848 	1.64855e-05 	1
69.9375 	0.000145121 	1.38354e-05 	1
