# time 	Initial 	Final 	Iterations
0.642226 	0.000194848 	7.88715e-05 	4
0.766734 	0.000180212 	8.83054e-05 	1
0.828988 	0.000202099 	9.51711e-05 	3
1.38927 	0.000142121 	5.4957e-05 	2
1.45153 	0.000158452 	8.92951e-05 	1
1.51378 	0.000129654 	5.3587e-05 	2
1.7628 	0.000189576 	9.52157e-05 	1
1.94956 	0.000169334 	6.98835e-05 	1
2.19857 	0.000153775 	9.98039e-05 	1
2.26083 	7.70049e-05 	7.70049e-05 	0
2.32308 	0.000126135 	4.86088e-05 	2
2.38534 	0.000123136 	4.55907e-05 	2
2.63435 	0.000194345 	8.05566e-05 	1
2.69661 	0.000212244 	9.47756e-05 	4
2.88337 	0.000210513 	8.08732e-05 	4
2.94562 	0.000142547 	8.61874e-05 	2
3.07013 	0.000108811 	7.54769e-05 	1
3.31914 	0.000141604 	6.45728e-05 	2
3.3814 	0.000107817 	6.39139e-05 	1
3.44365 	0.000188256 	9.59032e-05 	2
3.69267 	0.000158031 	8.85329e-05 	1
3.75492 	0.000171411 	6.60151e-05 	1
3.87943 	0.000207255 	9.2913e-05 	1
4.06619 	0.000174254 	8.98047e-05 	1
4.12845 	0.000189849 	8.76991e-05 	1
4.1907 	0.000137724 	3.22347e-05 	1
4.25295 	0.000245182 	9.43807e-05 	4
4.31521 	0.000102145 	5.94992e-05 	1
4.50197 	0.000150774 	7.089e-05 	1
4.56422 	0.000145095 	8.42674e-05 	2
4.62648 	0.000213362 	8.50326e-05 	4
4.68873 	0.000222769 	6.62506e-05 	3
4.93775 	0.000159795 	7.06201e-05 	2
5.0625 	0.000185385 	7.60267e-05 	1
5.25 	0.000179128 	9.33873e-05 	2
5.375 	0.000158332 	5.8832e-05 	3
5.5 	0.000142222 	5.78166e-05 	1
5.5625 	0.000202985 	9.66891e-05 	3
5.6875 	8.27437e-05 	8.27437e-05 	0
5.875 	0.000156286 	6.3159e-05 	1
6.0 	0.000151112 	4.44615e-05 	3
6.1875 	0.000138227 	8.62736e-05 	2
6.25 	0.000163352 	6.4088e-05 	1
6.4375 	0.000153013 	3.51582e-05 	1
6.75 	0.000199589 	7.54809e-05 	3
6.8125 	0.000171798 	8.50012e-05 	1
6.9375 	0.000130869 	7.58064e-05 	1
7.6875 	0.000120399 	5.97895e-05 	2
7.8125 	0.000189298 	7.35746e-05 	3
7.9375 	0.000168629 	6.2384e-05 	2
8.0 	7.585e-05 	7.585e-05 	0
8.125 	0.000181321 	9.70044e-05 	2
8.4375 	0.000111976 	6.28472e-05 	2
8.5 	0.000134816 	9.4791e-05 	1
8.5625 	0.000147143 	6.38535e-05 	1
8.8125 	0.000126979 	7.02392e-05 	1
8.9375 	0.000189589 	6.1113e-05 	1
9.0 	0.000192534 	7.56766e-05 	3
9.1875 	0.000208439 	8.51439e-05 	2
9.3125 	0.000146475 	5.95308e-05 	1
9.375 	0.000161328 	9.90917e-05 	1
9.4375 	0.000140215 	9.80235e-05 	1
9.625 	0.000153057 	9.27937e-05 	2
9.6875 	0.0001716 	8.85389e-05 	1
9.8125 	0.000124831 	7.79818e-05 	1
9.9375 	0.000131338 	7.59905e-05 	2
10.3125 	0.000188637 	7.26917e-05 	4
10.75 	0.00018178 	4.99334e-05 	3
10.8125 	0.000181863 	5.44733e-05 	1
10.875 	0.000164557 	7.01401e-05 	3
11.0 	0.000149499 	9.49857e-05 	1
11.0625 	0.000167692 	9.74003e-05 	1
11.1875 	0.00022194 	7.517e-05 	5
11.6875 	0.000151586 	7.98331e-05 	2
11.75 	0.000133981 	8.13113e-05 	1
11.8125 	0.000202818 	9.20698e-05 	2
11.9375 	0.000163193 	9.5838e-05 	1
12.0 	0.000159204 	8.09798e-05 	2
12.1875 	0.000146274 	9.01179e-05 	2
12.3125 	0.000136353 	6.16909e-05 	1
12.375 	0.000213176 	8.69508e-05 	3
12.625 	0.000115071 	8.24091e-05 	1
12.6875 	0.00017841 	5.3329e-05 	2
12.8125 	0.000151277 	9.93524e-05 	2
12.875 	9.02043e-05 	9.02043e-05 	0
13.0 	0.000145585 	8.38063e-05 	2
13.0625 	0.000181373 	8.45313e-05 	1
13.1875 	0.000131343 	5.61949e-05 	2
13.25 	8.58167e-05 	8.58167e-05 	0
13.5625 	0.000220417 	7.64255e-05 	3
13.625 	0.000156394 	9.5871e-05 	1
13.6875 	0.000147691 	6.27856e-05 	2
14.0625 	0.000123755 	5.44004e-05 	1
14.125 	0.000186308 	5.50425e-05 	3
14.1875 	0.000110059 	6.92317e-05 	1
14.3125 	0.000111028 	8.3801e-05 	2
14.4375 	0.000116683 	4.37064e-05 	2
14.5 	0.000194905 	9.31195e-05 	3
14.625 	0.000227145 	6.49077e-05 	3
14.6875 	0.000151568 	4.53799e-05 	1
14.8125 	0.000134307 	9.08019e-05 	1
14.9375 	0.000232983 	8.60263e-05 	5
15.0 	0.000206458 	7.19365e-05 	3
15.1875 	0.000200886 	9.64387e-05 	2
15.25 	9.66713e-05 	9.66713e-05 	0
15.3125 	0.000163057 	4.2314e-05 	2
15.375 	0.000206434 	7.95354e-05 	3
15.4375 	0.000159115 	7.30581e-05 	2
15.5 	0.00018676 	8.25765e-05 	2
15.8125 	0.000140756 	6.3781e-05 	2
15.9375 	0.000175576 	7.48867e-05 	2
16.0 	0.00015724 	3.71098e-05 	1
16.0625 	0.000190933 	7.21702e-05 	1
16.1875 	0.000161448 	8.70301e-05 	2
16.25 	0.000158365 	8.50737e-05 	1
16.375 	0.000235867 	7.58e-05 	5
16.625 	0.000144048 	7.30258e-05 	1
16.8125 	0.000194141 	7.89957e-05 	2
16.9375 	0.000176899 	9.95458e-05 	1
17.25 	0.000163098 	8.65216e-05 	2
17.375 	0.000210738 	8.41985e-05 	4
17.4375 	0.000153563 	7.24617e-05 	1
17.6875 	9.08092e-05 	9.08092e-05 	0
18.0 	0.000208389 	8.65457e-05 	1
18.0625 	0.00017425 	5.74388e-05 	2
18.1875 	0.00013663 	7.62107e-05 	1
18.25 	0.000144216 	6.09569e-05 	2
18.4375 	0.000121448 	5.86568e-05 	1
18.5625 	0.000227605 	8.23995e-05 	4
18.625 	8.46956e-05 	8.46956e-05 	0
18.8125 	0.000164113 	5.75421e-05 	1
18.875 	0.000158153 	9.95912e-05 	1
18.9375 	0.000184407 	8.18924e-05 	1
19.125 	0.000181149 	7.90515e-05 	2
19.4375 	0.000124042 	5.29087e-05 	2
19.5 	0.000218222 	8.57513e-05 	4
19.625 	0.00011913 	7.63928e-05 	1
19.6875 	0.000140451 	6.17573e-05 	1
19.75 	0.000170263 	9.22628e-05 	2
19.9375 	0.000170809 	7.74695e-05 	2
20.125 	0.000156474 	6.53372e-05 	2
20.1875 	0.000153596 	6.22854e-05 	1
20.375 	0.000134202 	9.15577e-05 	1
20.4375 	0.00020431 	9.81102e-05 	2
20.5 	0.000191545 	8.10227e-05 	3
20.6875 	0.000172393 	7.74216e-05 	2
20.75 	0.000175799 	9.28995e-05 	2
21.0 	0.00019619 	8.51508e-05 	2
21.0625 	0.000189995 	7.13353e-05 	3
21.1875 	0.00022509 	8.53718e-05 	4
21.3125 	0.000159864 	9.23597e-05 	2
21.5625 	0.000146949 	4.67055e-05 	2
21.8125 	0.000166405 	9.17587e-05 	2
21.875 	0.000169403 	7.34617e-05 	1
21.9375 	0.000228783 	7.5705e-05 	5
22.1875 	0.00014048 	9.5798e-05 	1
22.25 	0.00016907 	9.79344e-05 	2
22.3125 	0.000107696 	4.82877e-05 	1
23.0 	0.000157282 	7.45158e-05 	1
23.125 	9.94209e-05 	9.94209e-05 	0
23.1875 	0.000142331 	8.5451e-05 	1
23.3125 	0.000139651 	8.00901e-05 	1
23.375 	0.000168826 	6.89323e-05 	1
23.4375 	0.000176831 	7.9171e-05 	2
23.8125 	0.000126318 	9.13697e-05 	1
24.0 	0.000118651 	4.73846e-05 	1
24.0625 	0.000158347 	7.93366e-05 	1
24.3125 	0.000141651 	8.89546e-05 	1
24.375 	0.000170263 	7.54102e-05 	2
24.4375 	0.000117458 	7.31462e-05 	2
24.5625 	0.000172792 	7.39154e-05 	3
24.6875 	0.000166638 	7.4304e-05 	2
24.75 	0.00021987 	7.54176e-05 	4
24.8125 	0.00021165 	9.79225e-05 	1
25.0 	0.000129332 	9.50828e-05 	1
25.0625 	0.000150518 	6.23494e-05 	1
25.125 	0.000156042 	7.49776e-05 	1
25.25 	0.000162429 	7.94611e-05 	1
25.625 	8.81639e-05 	8.81639e-05 	0
25.6875 	0.000179313 	8.28444e-05 	1
25.75 	0.000138859 	9.78929e-05 	1
25.8125 	0.000159414 	9.46053e-05 	2
26.0 	0.00023236 	8.80732e-05 	3
26.125 	0.0001129 	6.40086e-05 	1
26.375 	0.00023557 	9.81605e-05 	4
26.5 	6.29405e-05 	6.29405e-05 	0
26.625 	0.000201204 	9.72693e-05 	1
26.6875 	0.000190227 	8.94773e-05 	3
26.875 	0.000127839 	5.70859e-05 	2
26.9375 	0.000184082 	6.24938e-05 	3
27.0 	0.000167109 	9.22024e-05 	1
27.3125 	0.000167344 	5.40605e-05 	1
27.625 	0.000154859 	6.90821e-05 	1
27.75 	0.000216097 	8.46272e-05 	5
28.0 	0.000224054 	7.68968e-05 	6
28.125 	0.000180457 	6.57045e-05 	1
28.3125 	7.80477e-05 	7.80477e-05 	0
28.5 	0.000143759 	7.21842e-05 	2
28.6875 	0.000152004 	6.84569e-05 	2
28.8125 	0.000166059 	9.15196e-05 	2
28.875 	0.000139844 	6.50149e-05 	2
29.0 	0.000176087 	7.70424e-05 	2
29.0625 	0.000116973 	5.19386e-05 	1
29.125 	0.000145363 	9.43501e-05 	2
29.25 	0.000139832 	8.94734e-05 	1
29.375 	0.000156369 	4.82625e-05 	2
29.625 	0.000120299 	5.26567e-05 	1
29.6875 	0.000129679 	6.73493e-05 	1
29.75 	0.000192715 	8.06298e-05 	3
29.9375 	0.000184222 	9.71585e-05 	2
30.25 	0.000178774 	8.7666e-05 	1
30.3125 	0.000166256 	8.37474e-05 	1
30.375 	0.000115908 	5.39363e-05 	1
30.4375 	0.000146666 	8.46017e-05 	1
30.5 	0.000134 	7.12288e-05 	2
30.5625 	0.000144229 	6.14526e-05 	1
30.9375 	0.000135966 	7.48423e-05 	1
31.1875 	0.000145809 	8.37171e-05 	1
31.25 	0.00016392 	7.18808e-05 	2
31.625 	0.000167194 	9.27599e-05 	1
31.8125 	0.000172328 	9.31429e-05 	2
31.875 	0.000187707 	8.39968e-05 	3
32.125 	0.000132529 	3.41343e-05 	1
32.1875 	0.000128638 	4.35102e-05 	1
32.25 	0.00012021 	8.05937e-05 	1
32.4375 	0.000180504 	7.49147e-05 	3
32.625 	0.000166058 	7.92655e-05 	2
32.6875 	7.29321e-05 	7.29321e-05 	0
32.75 	0.000125377 	4.40019e-05 	1
32.8125 	0.000150904 	9.84826e-05 	2
32.875 	0.000197532 	5.02499e-05 	3
33.0 	0.000145171 	5.35506e-05 	1
33.0625 	0.0001245 	4.41623e-05 	1
33.125 	0.000192511 	6.94616e-05 	2
33.375 	0.000185639 	9.6117e-05 	2
33.4375 	0.000222647 	8.58507e-05 	3
33.625 	0.000169704 	6.91262e-05 	2
33.6875 	0.000152842 	9.94419e-05 	1
33.875 	0.000172756 	8.20813e-05 	2
33.9375 	0.000139549 	6.83824e-05 	2
34.125 	0.000157246 	5.50168e-05 	3
34.1875 	0.000105444 	8.12878e-05 	2
34.25 	0.0001207 	8.38542e-05 	1
34.3125 	0.000141345 	9.695e-05 	2
34.375 	0.000207046 	7.79855e-05 	4
34.5 	0.000215397 	8.04111e-05 	4
34.5625 	0.000167986 	8.34143e-05 	2
34.625 	0.000191844 	9.99504e-05 	2
34.6875 	0.000132014 	9.14016e-05 	1
34.875 	0.00016005 	9.48047e-05 	1
34.9375 	0.000181416 	8.08958e-05 	1
35.0625 	0.000168523 	6.6509e-05 	1
35.3125 	0.000191728 	7.58799e-05 	1
35.375 	0.00012535 	3.98305e-05 	1
35.625 	0.000125498 	8.94565e-05 	2
35.75 	0.000174675 	8.17028e-05 	1
35.875 	0.000101644 	4.12411e-05 	1
35.9375 	0.000173812 	7.60577e-05 	2
36.125 	0.000171809 	5.57921e-05 	3
36.25 	0.000174974 	8.79171e-05 	2
36.4375 	0.000140484 	4.44464e-05 	2
36.5 	0.000133186 	6.15525e-05 	1
36.8125 	0.00021468 	9.31467e-05 	2
36.875 	0.000192768 	6.75478e-05 	2
37.1875 	0.000154685 	5.24754e-05 	2
37.3125 	0.000211723 	9.79103e-05 	2
37.4375 	0.000135858 	7.52185e-05 	1
37.5625 	9.52701e-05 	9.52701e-05 	0
37.9375 	0.00020039 	9.76177e-05 	1
38.0 	0.000163826 	7.98133e-05 	1
38.0625 	0.000126495 	7.97112e-05 	2
38.125 	9.81886e-05 	9.81886e-05 	0
38.3125 	9.11648e-05 	9.11648e-05 	0
38.4375 	0.000145532 	7.57856e-05 	1
38.5625 	0.000186696 	7.36642e-05 	1
38.6875 	0.000125871 	6.1779e-05 	1
38.875 	0.00018505 	6.65109e-05 	2
38.9375 	0.000192353 	9.51816e-05 	3
39.0625 	0.000154242 	5.07969e-05 	2
39.1875 	0.000138487 	3.92926e-05 	2
39.25 	0.000140339 	5.91128e-05 	1
39.3125 	0.00014552 	6.41852e-05 	1
39.5625 	0.000173912 	8.64223e-05 	2
39.625 	0.000110813 	6.13558e-05 	1
39.875 	0.000190772 	8.37849e-05 	2
39.9375 	0.000127111 	6.07823e-05 	2
40.0 	0.000195464 	8.41838e-05 	4
40.125 	0.000143275 	9.20173e-05 	1
40.25 	0.000118221 	6.22343e-05 	2
40.3125 	0.000125724 	5.23677e-05 	2
40.5 	0.000171685 	8.96061e-05 	2
40.5625 	0.000127924 	4.66079e-05 	1
40.625 	0.000181874 	5.50517e-05 	3
40.8125 	7.59681e-05 	7.59681e-05 	0
40.9375 	0.000110081 	6.52568e-05 	1
41.125 	0.00013942 	8.97604e-05 	1
41.1875 	0.000141313 	7.50505e-05 	1
41.25 	0.000123867 	8.22506e-05 	1
41.3125 	0.000230806 	9.82724e-05 	3
41.5 	7.48558e-05 	7.48558e-05 	0
41.6875 	0.000219811 	9.63086e-05 	4
41.8125 	6.78268e-05 	6.78268e-05 	0
41.9375 	0.000233486 	8.72504e-05 	4
42.0 	0.00016946 	8.28529e-05 	1
42.25 	0.000147034 	9.3477e-05 	1
42.5 	0.000141439 	8.73028e-05 	2
42.6875 	0.00013933 	4.95029e-05 	3
42.8125 	0.000146613 	7.72963e-05 	2
42.875 	0.000152728 	9.53952e-05 	2
42.9375 	0.00017094 	6.02494e-05 	2
43.0 	0.000169447 	9.17554e-05 	1
43.0625 	0.000140824 	6.50798e-05 	1
43.1875 	0.000204087 	8.00275e-05 	4
43.3125 	0.000152789 	9.20899e-05 	2
43.375 	0.000197067 	6.12328e-05 	1
43.9375 	0.00019483 	5.60637e-05 	2
44.0 	0.000148549 	5.09448e-05 	1
44.125 	8.47826e-05 	8.47826e-05 	0
44.25 	0.000180681 	6.25945e-05 	2
44.3125 	0.000165929 	7.94259e-05 	1
44.4375 	0.000153864 	9.7105e-05 	2
44.5625 	0.000119517 	4.41837e-05 	1
44.6875 	0.000207678 	7.65645e-05 	3
44.8125 	0.000112484 	4.48436e-05 	1
44.875 	0.000116758 	7.70996e-05 	1
45.0 	0.000137328 	6.29584e-05 	1
45.1875 	0.000171581 	7.24843e-05 	2
45.3125 	0.00019813 	8.83392e-05 	3
45.5 	0.000178868 	7.31112e-05 	4
45.625 	0.000203501 	8.33747e-05 	3
45.6875 	0.000113522 	7.04448e-05 	1
45.75 	0.000227048 	9.07694e-05 	4
46.0 	0.00011898 	8.74928e-05 	1
46.0625 	0.000197788 	9.06319e-05 	2
46.3125 	0.000105734 	6.78527e-05 	1
46.5625 	0.000165186 	6.71221e-05 	1
46.625 	0.000162694 	8.38753e-05 	1
46.6875 	0.000161894 	8.69246e-05 	2
46.75 	0.000106468 	6.51402e-05 	1
47.0 	0.000151071 	9.07537e-05 	1
47.0625 	0.000141497 	7.63214e-05 	2
47.25 	0.000183455 	9.17848e-05 	2
47.375 	0.000117315 	5.74464e-05 	1
47.5 	0.000137112 	6.48405e-05 	1
47.5625 	0.000178179 	9.16761e-05 	2
47.8125 	0.000228506 	6.8343e-05 	3
48.1875 	0.00016899 	8.00287e-05 	2
48.25 	0.000154355 	8.77246e-05 	2
48.3125 	0.000126825 	5.64972e-05 	1
48.4375 	0.000221916 	5.64268e-05 	3
48.5625 	0.000155354 	7.4149e-05 	1
48.75 	0.00017829 	7.65711e-05 	2
48.8125 	0.000136324 	5.08318e-05 	3
49.0 	0.000134067 	6.59363e-05 	2
49.3125 	0.000170467 	9.59642e-05 	2
49.375 	0.000154306 	9.70086e-05 	1
49.4375 	0.000167967 	5.82071e-05 	1
49.5625 	0.000144737 	5.60519e-05 	1
49.6875 	0.00025072 	7.6043e-05 	6
49.75 	0.000151304 	7.20222e-05 	2
50.3125 	0.000170872 	8.12126e-05 	2
50.375 	0.000175391 	5.38984e-05 	1
50.4375 	0.000150517 	3.84492e-05 	1
50.5625 	9.04468e-05 	9.04468e-05 	0
50.625 	0.000113524 	7.34731e-05 	1
50.75 	0.000204464 	9.37605e-05 	4
50.875 	0.0001012 	5.67321e-05 	1
50.9375 	0.00010049 	5.22492e-05 	1
51.0 	0.000135792 	4.14096e-05 	1
51.125 	0.000108396 	6.56127e-05 	1
51.1875 	0.00015063 	4.98073e-05 	1
51.25 	0.000173551 	8.21425e-05 	2
51.375 	0.000129623 	9.49533e-05 	1
51.4375 	0.000138641 	9.81969e-05 	1
51.5 	0.000133245 	8.68699e-05 	1
51.8125 	0.000132061 	6.43355e-05 	2
52.0625 	0.000174954 	9.00851e-05 	2
52.1875 	0.000102746 	8.76284e-05 	1
52.3125 	0.000248256 	9.81037e-05 	3
52.5 	0.000157133 	8.92818e-05 	1
52.8125 	0.000142661 	8.74855e-05 	2
52.9375 	8.85376e-05 	8.85376e-05 	0
53.1875 	0.00017025 	5.82472e-05 	1
53.5 	0.000180249 	6.26716e-05 	1
53.5625 	0.000100269 	4.02456e-05 	1
53.625 	0.000157471 	6.75645e-05 	2
53.6875 	0.000112263 	7.52519e-05 	1
53.75 	0.000211556 	9.19579e-05 	4
53.875 	0.000234014 	6.65487e-05 	3
54.0 	0.000130979 	9.77425e-05 	1
54.0625 	0.00012313 	6.67538e-05 	1
54.1875 	0.000106721 	5.3624e-05 	1
54.25 	0.00017655 	7.44117e-05 	1
54.3125 	0.000181615 	6.68468e-05 	3
54.375 	0.000208475 	6.65807e-05 	4
54.4375 	0.000152556 	4.86317e-05 	3
54.6875 	0.000196971 	8.1526e-05 	4
54.8125 	0.000176268 	9.14245e-05 	2
54.875 	0.000117143 	9.10903e-05 	1
54.9375 	9.26996e-05 	9.26996e-05 	0
55.0 	0.000145486 	7.02423e-05 	2
55.3125 	0.000205124 	9.02455e-05 	3
55.4375 	0.000128201 	8.64606e-05 	1
55.5 	0.000190378 	9.80462e-05 	2
55.75 	0.000144547 	8.10335e-05 	1
55.9375 	0.000154294 	9.06734e-05 	2
56.0 	0.000158551 	7.09178e-05 	1
56.0625 	0.000184092 	8.46275e-05 	1
56.3125 	8.02188e-05 	8.02188e-05 	0
56.375 	0.000227577 	8.94118e-05 	4
56.4375 	0.000185507 	5.91986e-05 	3
56.5625 	0.000126216 	6.13838e-05 	1
56.6875 	0.000172332 	8.43927e-05 	2
56.75 	0.000209727 	9.4603e-05 	2
57.0 	0.000188005 	9.87683e-05 	3
57.0625 	0.000152128 	8.65758e-05 	2
57.1875 	0.000117206 	5.91122e-05 	1
57.25 	0.000150673 	6.59403e-05 	1
57.3125 	9.80503e-05 	9.80503e-05 	0
57.4375 	0.000215035 	9.49495e-05 	3
57.6875 	0.000132442 	8.33011e-05 	1
58.125 	0.000148307 	7.57944e-05 	2
58.1875 	0.000160354 	5.85074e-05 	1
58.25 	0.000104731 	8.00317e-05 	2
58.3125 	0.000205871 	8.58951e-05 	4
58.4375 	8.04652e-05 	8.04652e-05 	0
58.5625 	0.000131953 	8.37812e-05 	2
58.8125 	0.000107044 	3.52131e-05 	1
58.875 	0.000152141 	7.6542e-05 	1
59.0 	0.000106719 	7.75134e-05 	1
59.125 	0.000171763 	7.72169e-05 	2
59.25 	0.000157359 	6.26872e-05 	2
59.3125 	9.59362e-05 	9.59362e-05 	0
59.375 	0.000213921 	7.93191e-05 	3
59.5 	0.000188695 	9.23506e-05 	1
59.6875 	8.16769e-05 	8.16769e-05 	0
59.8125 	0.000155196 	7.32177e-05 	2
60.4375 	0.000197103 	7.05467e-05 	1
60.625 	0.000131221 	8.84441e-05 	1
61.0 	0.000153726 	6.24382e-05 	1
61.125 	0.000139313 	9.17366e-05 	1
61.4375 	0.000159815 	7.63455e-05 	2
61.625 	0.000169423 	9.66759e-05 	2
61.8125 	0.000160287 	5.68016e-05 	1
61.9375 	0.000214875 	9.0022e-05 	4
62.1875 	0.000134359 	9.70007e-05 	1
62.375 	0.000144487 	7.39591e-05 	2
62.5 	0.000163088 	9.23601e-05 	2
62.5625 	0.000139702 	8.21239e-05 	2
62.875 	0.000137357 	6.86817e-05 	2
62.9375 	0.000136954 	7.38751e-05 	1
63.0 	0.000231321 	8.71689e-05 	4
63.25 	0.000131249 	8.62728e-05 	2
63.5625 	0.000163488 	6.0855e-05 	1
63.8125 	0.000113283 	5.43755e-05 	2
63.9375 	0.000126876 	8.00542e-05 	2
64.0 	0.000137817 	6.26609e-05 	1
64.4375 	0.000138474 	6.56468e-05 	2
64.6875 	0.000149853 	9.09057e-05 	2
64.75 	0.000121422 	4.97615e-05 	1
64.8125 	0.00012432 	7.6012e-05 	1
64.875 	0.000201967 	8.83288e-05 	2
64.9375 	0.000186437 	7.2715e-05 	4
65.0 	0.000166892 	9.59561e-05 	1
65.0625 	0.000203955 	9.81029e-05 	1
65.125 	0.000223572 	9.27918e-05 	3
65.625 	0.00019881 	8.69036e-05 	3
65.8125 	0.000153486 	8.79514e-05 	1
66.0 	0.000126017 	6.8841e-05 	1
66.0625 	0.000226166 	6.51646e-05 	3
66.3125 	0.000127996 	4.27204e-05 	1
66.5 	0.000204852 	8.45472e-05 	3
66.75 	0.000141396 	3.70806e-05 	1
66.8125 	0.000174093 	8.69471e-05 	2
66.9375 	0.00014453 	9.80213e-05 	2
67.25 	0.000195446 	9.06022e-05 	2
67.5 	0.000143754 	4.52087e-05 	1
67.8125 	0.000203737 	7.8704e-05 	4
67.875 	0.000144575 	6.07499e-05 	1
67.9375 	0.00022753 	7.90937e-05 	4
68.0 	0.000134489 	6.70604e-05 	2
68.125 	0.000174473 	9.34179e-05 	2
68.1875 	0.000164224 	9.71218e-05 	2
68.3125 	0.000119742 	5.46481e-05 	1
68.4375 	0.000146011 	9.4183e-05 	2
68.5625 	0.000171447 	5.34588e-05 	1
68.6875 	0.000173984 	9.00818e-05 	2
68.75 	0.000160597 	9.56031e-05 	1
68.8125 	0.000212487 	8.15355e-05 	4
68.9375 	0.000107368 	5.56455e-05 	1
69.125 	0.000195044 	9.31716e-05 	4
69.1875 	0.00020483 	9.51879e-05 	3
69.25 	0.000165573 	8.98095e-05 	2
69.3125 	0.000132522 	8.50632e-05 	1
69.4375 	0.000227467 	7.29292e-05 	3
69.5 	0.000132364 	7.50154e-05 	2
69.75 	0.000175318 	8.26257e-05 	2
69.8125 	0.00013318 	8.23904e-05 	1
69.875 	0.000212449 	8.24086e-05 	4
69.9375 	0.000143376 	7.9199e-05 	1
