# time 	Initial 	Final 	Iterations
0.333274 	3.38971e-05 	3.38971e-05 	0
0.579973 	7.58404e-05 	7.58404e-05 	0
0.642226 	9.14684e-05 	9.14684e-05 	0
0.766734 	7.63997e-05 	7.63997e-05 	0
0.828988 	7.53774e-05 	7.53774e-05 	0
1.26477 	9.57434e-05 	9.57434e-05 	0
1.38927 	4.00278e-05 	4.00278e-05 	0
1.45153 	8.7149e-05 	8.7149e-05 	0
1.51378 	8.47847e-05 	8.47847e-05 	0
1.7628 	5.23135e-05 	5.23135e-05 	0
1.8873 	7.88833e-05 	7.88833e-05 	0
1.94956 	5.15484e-05 	5.15484e-05 	0
2.19857 	4.56485e-05 	4.56485e-05 	0
2.26083 	0.00010656 	6.61098e-05 	1
2.32308 	9.67471e-05 	9.67471e-05 	0
2.38534 	7.8849e-05 	7.8849e-05 	0
2.44759 	5.69015e-05 	5.69015e-05 	0
2.63435 	6.17188e-05 	6.17188e-05 	0
2.69661 	6.85449e-05 	6.85449e-05 	0
2.88337 	5.92109e-05 	5.92109e-05 	0
2.94562 	8.52425e-05 	8.52425e-05 	0
3.07013 	4.63346e-05 	4.63346e-05 	0
3.31914 	4.23832e-05 	4.23832e-05 	0
3.3814 	6.77868e-05 	6.77868e-05 	0
3.44365 	8.74458e-05 	8.74458e-05 	0
3.69267 	7.29965e-05 	7.29965e-05 	0
3.75492 	8.31174e-05 	8.31174e-05 	0
3.87943 	3.16663e-05 	3.16663e-05 	0
4.06619 	7.83787e-05 	7.83787e-05 	0
4.12845 	8.86058e-05 	8.86058e-05 	0
4.1907 	6.20016e-05 	6.20016e-05 	0
4.25295 	6.41067e-05 	6.41067e-05 	0
4.31521 	8.48229e-05 	8.48229e-05 	0
4.37746 	5.31622e-05 	5.31622e-05 	0
4.50197 	9.08893e-05 	9.08893e-05 	0
4.56422 	8.89265e-05 	8.89265e-05 	0
4.62648 	6.24267e-05 	6.24267e-05 	0
4.68873 	9.36242e-05 	9.36242e-05 	0
4.93775 	0.000104663 	6.84681e-05 	1
5.0 	9.1655e-05 	9.1655e-05 	0
5.0625 	4.84394e-05 	4.84394e-05 	0
5.125 	2.82382e-05 	2.82382e-05 	0
5.25 	8.73063e-05 	8.73063e-05 	0
5.375 	6.59541e-05 	6.59541e-05 	0
5.5 	9.18672e-05 	9.18672e-05 	0
5.5625 	5.58274e-05 	5.58274e-05 	0
5.625 	8.22901e-05 	8.22901e-05 	0
5.6875 	8.89304e-05 	8.89304e-05 	0
5.8125 	4.36372e-05 	4.36372e-05 	0
5.875 	7.92048e-05 	7.92048e-05 	0
5.9375 	8.52137e-05 	8.52137e-05 	0
6.0 	3.61587e-05 	3.61587e-05 	0
6.1875 	9.57553e-05 	9.57553e-05 	0
6.25 	7.79949e-05 	7.79949e-05 	0
6.4375 	6.16881e-05 	6.16881e-05 	0
6.75 	8.33851e-05 	8.33851e-05 	0
6.8125 	8.82984e-05 	8.82984e-05 	0
6.9375 	9.43366e-05 	9.43366e-05 	0
7.1875 	5.78127e-05 	5.78127e-05 	0
7.5625 	9.28234e-05 	9.28234e-05 	0
7.6875 	4.22561e-05 	4.22561e-05 	0
7.8125 	9.94034e-05 	9.94034e-05 	0
7.9375 	9.34704e-05 	9.34704e-05 	0
8.0 	3.98289e-05 	3.98289e-05 	0
8.0625 	5.89898e-05 	5.89898e-05 	0
8.125 	7.63622e-05 	7.63622e-05 	0
8.4375 	8.9105e-05 	8.9105e-05 	0
8.5 	8.16729e-05 	8.16729e-05 	0
8.5625 	9.57371e-05 	9.57371e-05 	0
8.8125 	9.21338e-05 	9.21338e-05 	0
8.9375 	7.24246e-05 	7.24246e-05 	0
9.0 	9.93898e-05 	9.93898e-05 	0
9.1875 	4.13003e-05 	4.13003e-05 	0
9.25 	0.00010705 	6.76514e-05 	1
9.3125 	0.00010214 	6.11041e-05 	1
9.375 	6.98414e-05 	6.98414e-05 	0
9.4375 	9.58209e-05 	9.58209e-05 	0
9.5625 	8.30003e-05 	8.30003e-05 	0
9.625 	8.23146e-05 	8.23146e-05 	0
9.6875 	4.52587e-05 	4.52587e-05 	0
9.8125 	9.66793e-05 	9.66793e-05 	0
9.9375 	4.18671e-05 	4.18671e-05 	0
10.0 	9.80522e-05 	9.80522e-05 	0
10.3125 	5.99123e-05 	5.99123e-05 	0
10.625 	8.63916e-05 	8.63916e-05 	0
10.6875 	7.98453e-05 	7.98453e-05 	0
10.75 	5.80645e-05 	5.80645e-05 	0
10.8125 	5.6651e-05 	5.6651e-05 	0
10.875 	6.60321e-05 	6.60321e-05 	0
11.0 	0.000107907 	6.32757e-05 	1
11.0625 	7.90699e-05 	7.90699e-05 	0
11.1875 	7.544e-05 	7.544e-05 	0
11.6875 	7.83456e-05 	7.83456e-05 	0
11.75 	6.30863e-05 	6.30863e-05 	0
11.8125 	9.63436e-05 	9.63436e-05 	0
11.9375 	8.49107e-05 	8.49107e-05 	0
12.0 	8.99517e-05 	8.99517e-05 	0
12.0625 	6.52112e-05 	6.52112e-05 	0
12.1875 	8.51522e-05 	8.51522e-05 	0
12.3125 	9.16891e-05 	9.16891e-05 	0
12.375 	3.93218e-05 	3.93218e-05 	0
12.625 	6.76351e-05 	6.76351e-05 	0
12.6875 	6.16195e-05 	6.16195e-05 	0
12.8125 	9.08982e-05 	9.08982e-05 	0
12.875 	6.8852e-05 	6.8852e-05 	0
13.0 	9.97073e-05 	9.97073e-05 	0
13.0625 	7.82731e-05 	7.82731e-05 	0
13.1875 	9.49486e-05 	9.49486e-05 	0
13.25 	8.19434e-05 	8.19434e-05 	0
13.375 	9.89348e-05 	9.89348e-05 	0
13.5625 	7.29442e-05 	7.29442e-05 	0
13.625 	6.8339e-05 	6.8339e-05 	0
13.6875 	9.83639e-05 	9.83639e-05 	0
14.0625 	7.01004e-05 	7.01004e-05 	0
14.125 	8.92868e-05 	8.92868e-05 	0
14.1875 	3.64705e-05 	3.64705e-05 	0
14.3125 	7.9981e-05 	7.9981e-05 	0
14.375 	9.85449e-05 	9.85449e-05 	0
14.4375 	8.02641e-05 	8.02641e-05 	0
14.5 	5.60593e-05 	5.60593e-05 	0
14.625 	9.46743e-05 	9.46743e-05 	0
14.6875 	8.14932e-05 	8.14932e-05 	0
14.75 	8.72747e-05 	8.72747e-05 	0
14.8125 	9.40772e-05 	9.40772e-05 	0
14.9375 	4.30948e-05 	4.30948e-05 	0
15.0 	6.9967e-05 	6.9967e-05 	0
15.1875 	8.26473e-05 	8.26473e-05 	0
15.25 	8.49474e-05 	8.49474e-05 	0
15.3125 	9.02898e-05 	9.02898e-05 	0
15.375 	4.3151e-05 	4.3151e-05 	0
15.4375 	4.57082e-05 	4.57082e-05 	0
15.5 	8.21459e-05 	8.21459e-05 	0
15.8125 	9.38954e-05 	9.38954e-05 	0
15.9375 	9.48425e-05 	9.48425e-05 	0
16.0 	9.49203e-05 	9.49203e-05 	0
16.0625 	8.17733e-05 	8.17733e-05 	0
16.125 	8.80937e-05 	8.80937e-05 	0
16.1875 	8.61913e-05 	8.61913e-05 	0
16.25 	8.95781e-05 	8.95781e-05 	0
16.3125 	8.1994e-05 	8.1994e-05 	0
16.375 	9.22473e-05 	9.22473e-05 	0
16.5 	8.15722e-05 	8.15722e-05 	0
16.625 	8.18229e-05 	8.18229e-05 	0
16.8125 	6.18689e-05 	6.18689e-05 	0
16.9375 	9.89106e-05 	9.89106e-05 	0
17.25 	9.03583e-05 	9.03583e-05 	0
17.3125 	9.34356e-05 	9.34356e-05 	0
17.375 	9.36727e-05 	9.36727e-05 	0
17.4375 	9.02193e-05 	9.02193e-05 	0
17.5625 	3.67187e-05 	3.67187e-05 	0
17.6875 	3.28368e-05 	3.28368e-05 	0
18.0 	3.65193e-05 	3.65193e-05 	0
18.0625 	8.57924e-05 	8.57924e-05 	0
18.1875 	9.52472e-05 	9.52472e-05 	0
18.25 	8.12341e-05 	8.12341e-05 	0
18.375 	8.2014e-05 	8.2014e-05 	0
18.4375 	7.67983e-05 	7.67983e-05 	0
18.5625 	7.60477e-05 	7.60477e-05 	0
18.625 	7.21029e-05 	7.21029e-05 	0
18.8125 	0.000100002 	6.7219e-05 	1
18.875 	6.86371e-05 	6.86371e-05 	0
18.9375 	8.20974e-05 	8.20974e-05 	0
19.125 	8.92844e-05 	8.92844e-05 	0
19.4375 	7.54528e-05 	7.54528e-05 	0
19.5 	0.000104089 	7.24253e-05 	1
19.625 	9.73674e-05 	9.73674e-05 	0
19.6875 	8.10229e-05 	8.10229e-05 	0
19.75 	8.74993e-05 	8.74993e-05 	0
19.9375 	7.16478e-05 	7.16478e-05 	0
20.125 	9.40464e-05 	9.40464e-05 	0
20.1875 	5.3685e-05 	5.3685e-05 	0
20.375 	8.82859e-05 	8.82859e-05 	0
20.4375 	6.76013e-05 	6.76013e-05 	0
20.5 	6.20797e-05 	6.20797e-05 	0
20.625 	6.55976e-05 	6.55976e-05 	0
20.6875 	0.000104653 	6.58298e-05 	1
20.75 	0.000102402 	6.59648e-05 	1
21.0 	8.65373e-05 	8.65373e-05 	0
21.0625 	3.61106e-05 	3.61106e-05 	0
21.1875 	9.20466e-05 	9.20466e-05 	0
21.3125 	8.56958e-05 	8.56958e-05 	0
21.5625 	9.55603e-05 	9.55603e-05 	0
21.75 	5.65372e-05 	5.65372e-05 	0
21.8125 	0.000102927 	7.76174e-05 	1
21.875 	4.44826e-05 	4.44826e-05 	0
21.9375 	7.74015e-05 	7.74015e-05 	0
22.1875 	4.60273e-05 	4.60273e-05 	0
22.25 	8.79185e-05 	8.79185e-05 	0
22.3125 	8.13969e-05 	8.13969e-05 	0
22.9375 	9.17844e-05 	9.17844e-05 	0
23.0 	7.98082e-05 	7.98082e-05 	0
23.125 	9.36928e-05 	9.36928e-05 	0
23.1875 	7.97488e-05 	7.97488e-05 	0
23.3125 	9.06128e-05 	9.06128e-05 	0
23.375 	5.75758e-05 	5.75758e-05 	0
23.4375 	6.78916e-05 	6.78916e-05 	0
23.6875 	5.38389e-05 	5.38389e-05 	0
23.8125 	4.5912e-05 	4.5912e-05 	0
24.0 	9.18639e-05 	9.18639e-05 	0
24.0625 	6.53782e-05 	6.53782e-05 	0
24.3125 	4.99202e-05 	4.99202e-05 	0
24.375 	8.84685e-05 	8.84685e-05 	0
24.4375 	7.753e-05 	7.753e-05 	0
24.5625 	8.69042e-05 	8.69042e-05 	0
24.6875 	8.72334e-05 	8.72334e-05 	0
24.75 	3.9998e-05 	3.9998e-05 	0
24.8125 	7.0591e-05 	7.0591e-05 	0
25.0 	7.12883e-05 	7.12883e-05 	0
25.0625 	4.73983e-05 	4.73983e-05 	0
25.125 	7.87368e-05 	7.87368e-05 	0
25.25 	9.665e-05 	9.665e-05 	0
25.3125 	9.60006e-05 	9.60006e-05 	0
25.625 	8.37446e-05 	8.37446e-05 	0
25.6875 	9.33045e-05 	9.33045e-05 	0
25.75 	8.43397e-05 	8.43397e-05 	0
25.8125 	7.83501e-05 	7.83501e-05 	0
26.0 	4.84481e-05 	4.84481e-05 	0
26.125 	6.13128e-05 	6.13128e-05 	0
26.25 	4.56755e-05 	4.56755e-05 	0
26.375 	5.99933e-05 	5.99933e-05 	0
26.5 	9.85821e-05 	9.85821e-05 	0
26.625 	6.69037e-05 	6.69037e-05 	0
26.6875 	7.74886e-05 	7.74886e-05 	0
26.875 	3.62164e-05 	3.62164e-05 	0
26.9375 	8.82273e-05 	8.82273e-05 	0
27.0 	6.9364e-05 	6.9364e-05 	0
27.25 	9.7368e-05 	9.7368e-05 	0
27.3125 	6.35658e-05 	6.35658e-05 	0
27.625 	8.84556e-05 	8.84556e-05 	0
27.75 	4.15347e-05 	4.15347e-05 	0
28.0 	4.41951e-05 	4.41951e-05 	0
28.0625 	9.04247e-05 	9.04247e-05 	0
28.125 	8.88492e-05 	8.88492e-05 	0
28.3125 	9.44535e-05 	9.44535e-05 	0
28.5 	8.0643e-05 	8.0643e-05 	0
28.6875 	0.00010166 	6.63667e-05 	1
28.8125 	7.20797e-05 	7.20797e-05 	0
28.875 	9.55607e-05 	9.55607e-05 	0
29.0 	9.97612e-05 	9.97612e-05 	0
29.0625 	7.18298e-05 	7.18298e-05 	0
29.125 	8.80381e-05 	8.80381e-05 	0
29.1875 	5.57604e-05 	5.57604e-05 	0
29.25 	9.06177e-05 	9.06177e-05 	0
29.375 	2.99851e-05 	2.99851e-05 	0
29.4375 	8.9356e-05 	8.9356e-05 	0
29.625 	9.91072e-05 	9.91072e-05 	0
29.6875 	8.3914e-05 	8.3914e-05 	0
29.75 	6.31359e-05 	6.31359e-05 	0
29.9375 	9.91843e-05 	9.91843e-05 	0
30.125 	8.3635e-05 	8.3635e-05 	0
30.25 	0.000103766 	5.22366e-05 	1
30.3125 	8.51485e-05 	8.51485e-05 	0
30.375 	9.75948e-05 	9.75948e-05 	0
30.4375 	7.23197e-05 	7.23197e-05 	0
30.5 	4.70827e-05 	4.70827e-05 	0
30.5625 	7.0902e-05 	7.0902e-05 	0
30.8125 	4.54402e-05 	4.54402e-05 	0
30.9375 	4.50594e-05 	4.50594e-05 	0
31.1875 	8.11502e-05 	8.11502e-05 	0
31.25 	9.10695e-05 	9.10695e-05 	0
31.375 	3.20187e-05 	3.20187e-05 	0
31.625 	9.56663e-05 	9.56663e-05 	0
31.75 	0.000101267 	6.96635e-05 	1
31.8125 	9.07752e-05 	9.07752e-05 	0
31.875 	7.22587e-05 	7.22587e-05 	0
32.0 	7.73391e-05 	7.73391e-05 	0
32.125 	3.31988e-05 	3.31988e-05 	0
32.1875 	9.24302e-05 	9.24302e-05 	0
32.25 	4.47508e-05 	4.47508e-05 	0
32.3125 	5.57525e-05 	5.57525e-05 	0
32.4375 	9.01289e-05 	9.01289e-05 	0
32.5 	8.05428e-05 	8.05428e-05 	0
32.625 	9.10333e-05 	9.10333e-05 	0
32.6875 	6.84849e-05 	6.84849e-05 	0
32.75 	6.37467e-05 	6.37467e-05 	0
32.8125 	8.84334e-05 	8.84334e-05 	0
32.875 	0.000113391 	6.29813e-05 	1
33.0 	4.26074e-05 	4.26074e-05 	0
33.0625 	5.82605e-05 	5.82605e-05 	0
33.125 	5.33461e-05 	5.33461e-05 	0
33.3125 	9.97159e-05 	9.97159e-05 	0
33.375 	9.50968e-05 	9.50968e-05 	0
33.4375 	6.56188e-05 	6.56188e-05 	0
33.625 	7.89049e-05 	7.89049e-05 	0
33.6875 	7.22037e-05 	7.22037e-05 	0
33.875 	9.79732e-05 	9.79732e-05 	0
33.9375 	9.66568e-05 	9.66568e-05 	0
34.125 	8.90409e-05 	8.90409e-05 	0
34.1875 	8.80643e-05 	8.80643e-05 	0
34.25 	6.9592e-05 	6.9592e-05 	0
34.3125 	8.49148e-05 	8.49148e-05 	0
34.375 	7.44337e-05 	7.44337e-05 	0
34.5 	7.78051e-05 	7.78051e-05 	0
34.5625 	6.79343e-05 	6.79343e-05 	0
34.625 	3.98093e-05 	3.98093e-05 	0
34.6875 	4.44324e-05 	4.44324e-05 	0
34.875 	4.8755e-05 	4.8755e-05 	0
34.9375 	6.98925e-05 	6.98925e-05 	0
35.0625 	7.62528e-05 	7.62528e-05 	0
35.125 	2.95327e-05 	2.95327e-05 	0
35.25 	6.27789e-05 	6.27789e-05 	0
35.3125 	6.6136e-05 	6.6136e-05 	0
35.375 	7.64609e-05 	7.64609e-05 	0
35.625 	9.04817e-05 	9.04817e-05 	0
35.6875 	4.94056e-05 	4.94056e-05 	0
35.75 	8.86336e-05 	8.86336e-05 	0
35.8125 	3.49405e-05 	3.49405e-05 	0
35.875 	9.05049e-05 	9.05049e-05 	0
35.9375 	5.60424e-05 	5.60424e-05 	0
36.0 	3.9711e-05 	3.9711e-05 	0
36.125 	6.23201e-05 	6.23201e-05 	0
36.25 	9.60913e-05 	9.60913e-05 	0
36.4375 	4.77169e-05 	4.77169e-05 	0
36.5 	5.07218e-05 	5.07218e-05 	0
36.8125 	4.42994e-05 	4.42994e-05 	0
36.875 	8.87256e-05 	8.87256e-05 	0
37.125 	7.11388e-05 	7.11388e-05 	0
37.1875 	5.03586e-05 	5.03586e-05 	0
37.3125 	9.01086e-05 	9.01086e-05 	0
37.4375 	9.97784e-05 	9.97784e-05 	0
37.5 	8.37517e-05 	8.37517e-05 	0
37.5625 	8.53038e-05 	8.53038e-05 	0
37.75 	3.43616e-05 	3.43616e-05 	0
37.9375 	4.53739e-05 	4.53739e-05 	0
38.0 	9.85992e-05 	9.85992e-05 	0
38.0625 	9.48426e-05 	9.48426e-05 	0
38.125 	4.63532e-05 	4.63532e-05 	0
38.25 	9.99685e-05 	9.99685e-05 	0
38.3125 	9.26236e-05 	9.26236e-05 	0
38.4375 	5.67565e-05 	5.67565e-05 	0
38.5625 	8.03424e-05 	8.03424e-05 	0
38.6875 	8.65067e-05 	8.65067e-05 	0
38.8125 	4.20043e-05 	4.20043e-05 	0
38.875 	6.13172e-05 	6.13172e-05 	0
38.9375 	7.81951e-05 	7.81951e-05 	0
39.0 	7.90479e-05 	7.90479e-05 	0
39.0625 	8.16707e-05 	8.16707e-05 	0
39.1875 	7.45688e-05 	7.45688e-05 	0
39.25 	9.24544e-05 	9.24544e-05 	0
39.3125 	6.26888e-05 	6.26888e-05 	0
39.5625 	7.82337e-05 	7.82337e-05 	0
39.625 	8.58827e-05 	8.58827e-05 	0
39.6875 	9.53528e-05 	9.53528e-05 	0
39.75 	9.00961e-05 	9.00961e-05 	0
39.875 	7.95677e-05 	7.95677e-05 	0
39.9375 	4.41542e-05 	4.41542e-05 	0
40.0 	8.74693e-05 	8.74693e-05 	0
40.125 	8.6971e-05 	8.6971e-05 	0
40.25 	7.17197e-05 	7.17197e-05 	0
40.3125 	5.70204e-05 	5.70204e-05 	0
40.4375 	9.07552e-05 	9.07552e-05 	0
40.5 	0.000113131 	8.05651e-05 	1
40.5625 	9.94447e-05 	9.94447e-05 	0
40.625 	5.70214e-05 	5.70214e-05 	0
40.8125 	8.81941e-05 	8.81941e-05 	0
40.9375 	8.09307e-05 	8.09307e-05 	0
41.125 	9.15316e-05 	9.15316e-05 	0
41.1875 	7.6069e-05 	7.6069e-05 	0
41.25 	6.79392e-05 	6.79392e-05 	0
41.3125 	7.54369e-05 	7.54369e-05 	0
41.4375 	3.99901e-05 	3.99901e-05 	0
41.5 	8.42616e-05 	8.42616e-05 	0
41.6875 	7.51483e-05 	7.51483e-05 	0
41.8125 	8.90704e-05 	8.90704e-05 	0
41.9375 	9.61527e-05 	9.61527e-05 	0
42.0 	0.000107886 	5.64407e-05 	1
42.25 	5.77025e-05 	5.77025e-05 	0
42.5 	7.18169e-05 	7.18169e-05 	0
42.6875 	4.80987e-05 	4.80987e-05 	0
42.8125 	4.804e-05 	4.804e-05 	0
42.875 	9.93727e-05 	9.93727e-05 	0
42.9375 	8.36731e-05 	8.36731e-05 	0
43.0 	6.84555e-05 	6.84555e-05 	0
43.0625 	4.47031e-05 	4.47031e-05 	0
43.1875 	9.8271e-05 	9.8271e-05 	0
43.3125 	8.00871e-05 	8.00871e-05 	0
43.375 	0.000101348 	7.25301e-05 	1
43.9375 	8.20022e-05 	8.20022e-05 	0
44.0 	4.68477e-05 	4.68477e-05 	0
44.125 	9.94993e-05 	9.94993e-05 	0
44.25 	8.37606e-05 	8.37606e-05 	0
44.3125 	9.18261e-05 	9.18261e-05 	0
44.4375 	7.71402e-05 	7.71402e-05 	0
44.5625 	9.69382e-05 	9.69382e-05 	0
44.6875 	9.46025e-05 	9.46025e-05 	0
44.8125 	9.95603e-05 	9.95603e-05 	0
44.875 	8.83767e-05 	8.83767e-05 	0
44.9375 	4.54076e-05 	4.54076e-05 	0
45.0 	7.37845e-05 	7.37845e-05 	0
45.1875 	9.82365e-05 	9.82365e-05 	0
45.3125 	8.05046e-05 	8.05046e-05 	0
45.5 	8.73466e-05 	8.73466e-05 	0
45.625 	5.28954e-05 	5.28954e-05 	0
45.6875 	9.34608e-05 	9.34608e-05 	0
45.75 	8.72882e-05 	8.72882e-05 	0
46.0 	9.99995e-05 	9.99995e-05 	0
46.0625 	7.39023e-05 	7.39023e-05 	0
46.3125 	8.72896e-05 	8.72896e-05 	0
46.5625 	0.000111094 	5.97691e-05 	1
46.625 	4.5042e-05 	4.5042e-05 	0
46.6875 	8.52029e-05 	8.52029e-05 	0
46.75 	8.99543e-05 	8.99543e-05 	0
46.875 	3.95996e-05 	3.95996e-05 	0
47.0 	9.79664e-05 	9.79664e-05 	0
47.0625 	8.35393e-05 	8.35393e-05 	0
47.125 	3.58624e-05 	3.58624e-05 	0
47.25 	7.63618e-05 	7.63618e-05 	0
47.375 	8.63056e-05 	8.63056e-05 	0
47.5 	5.41205e-05 	5.41205e-05 	0
47.5625 	8.41846e-05 	8.41846e-05 	0
47.625 	9.7931e-05 	9.7931e-05 	0
47.8125 	7.76791e-05 	7.76791e-05 	0
48.0625 	2.77924e-05 	2.77924e-05 	0
48.1875 	9.47644e-05 	9.47644e-05 	0
48.25 	4.37185e-05 	4.37185e-05 	0
48.3125 	8.19795e-05 	8.19795e-05 	0
48.4375 	8.97032e-05 	8.97032e-05 	0
48.5625 	9.00839e-05 	9.00839e-05 	0
48.75 	4.52508e-05 	4.52508e-05 	0
48.8125 	9.65306e-05 	9.65306e-05 	0
48.9375 	8.126e-05 	8.126e-05 	0
49.0 	4.37619e-05 	4.37619e-05 	0
49.3125 	9.23041e-05 	9.23041e-05 	0
49.375 	9.02345e-05 	9.02345e-05 	0
49.4375 	9.28062e-05 	9.28062e-05 	0
49.5625 	6.36453e-05 	6.36453e-05 	0
49.6875 	6.78051e-05 	6.78051e-05 	0
49.75 	6.69155e-05 	6.69155e-05 	0
50.0625 	7.89272e-05 	7.89272e-05 	0
50.25 	9.89938e-05 	9.89938e-05 	0
50.3125 	9.92456e-05 	9.92456e-05 	0
50.375 	5.33428e-05 	5.33428e-05 	0
50.4375 	9.95613e-05 	9.95613e-05 	0
50.5625 	8.13544e-05 	8.13544e-05 	0
50.625 	8.49671e-05 	8.49671e-05 	0
50.75 	6.63517e-05 	6.63517e-05 	0
50.8125 	2.73189e-05 	2.73189e-05 	0
50.875 	7.3066e-05 	7.3066e-05 	0
50.9375 	4.29954e-05 	4.29954e-05 	0
51.0 	9.27505e-05 	9.27505e-05 	0
51.125 	8.67918e-05 	8.67918e-05 	0
51.1875 	7.0568e-05 	7.0568e-05 	0
51.25 	5.78799e-05 	5.78799e-05 	0
51.375 	8.80427e-05 	8.80427e-05 	0
51.4375 	6.38703e-05 	6.38703e-05 	0
51.5 	6.52179e-05 	6.52179e-05 	0
51.625 	9.22985e-05 	9.22985e-05 	0
51.8125 	3.38947e-05 	3.38947e-05 	0
52.0625 	8.24658e-05 	8.24658e-05 	0
52.1875 	9.50408e-05 	9.50408e-05 	0
52.3125 	8.04057e-05 	8.04057e-05 	0
52.5 	8.87476e-05 	8.87476e-05 	0
52.75 	5.88407e-05 	5.88407e-05 	0
52.8125 	8.66238e-05 	8.66238e-05 	0
52.9375 	5.86491e-05 	5.86491e-05 	0
53.1875 	3.45422e-05 	3.45422e-05 	0
53.25 	8.32206e-05 	8.32206e-05 	0
53.3125 	5.38336e-05 	5.38336e-05 	0
53.5 	7.98351e-05 	7.98351e-05 	0
53.5625 	0.000101483 	6.99871e-05 	1
53.625 	4.92451e-05 	4.92451e-05 	0
53.6875 	7.9478e-05 	7.9478e-05 	0
53.75 	8.49702e-05 	8.49702e-05 	0
53.875 	9.0742e-05 	9.0742e-05 	0
54.0 	9.87907e-05 	9.87907e-05 	0
54.0625 	7.99844e-05 	7.99844e-05 	0
54.1875 	8.36755e-05 	8.36755e-05 	0
54.25 	8.75696e-05 	8.75696e-05 	0
54.3125 	4.01146e-05 	4.01146e-05 	0
54.375 	0.000103728 	6.65798e-05 	1
54.4375 	3.93026e-05 	3.93026e-05 	0
54.6875 	6.96413e-05 	6.96413e-05 	0
54.8125 	5.8586e-05 	5.8586e-05 	0
54.875 	3.24502e-05 	3.24502e-05 	0
54.9375 	6.70078e-05 	6.70078e-05 	0
55.0 	9.61206e-05 	9.61206e-05 	0
55.125 	8.40646e-05 	8.40646e-05 	0
55.3125 	6.58417e-05 	6.58417e-05 	0
55.4375 	6.69683e-05 	6.69683e-05 	0
55.5 	9.92824e-05 	9.92824e-05 	0
55.75 	8.87866e-05 	8.87866e-05 	0
55.875 	5.78892e-05 	5.78892e-05 	0
55.9375 	8.93021e-05 	8.93021e-05 	0
56.0 	7.81053e-05 	7.81053e-05 	0
56.0625 	9.36933e-05 	9.36933e-05 	0
56.3125 	7.9562e-05 	7.9562e-05 	0
56.375 	9.9686e-05 	9.9686e-05 	0
56.4375 	4.462e-05 	4.462e-05 	0
56.5625 	9.35261e-05 	9.35261e-05 	0
56.6875 	6.02457e-05 	6.02457e-05 	0
56.75 	8.22686e-05 	8.22686e-05 	0
56.8125 	6.03623e-05 	6.03623e-05 	0
57.0 	8.29075e-05 	8.29075e-05 	0
57.0625 	9.59487e-05 	9.59487e-05 	0
57.1875 	6.01325e-05 	6.01325e-05 	0
57.25 	9.35638e-05 	9.35638e-05 	0
57.3125 	4.99551e-05 	4.99551e-05 	0
57.4375 	7.01698e-05 	7.01698e-05 	0
57.6875 	8.31428e-05 	8.31428e-05 	0
57.8125 	8.47435e-05 	8.47435e-05 	0
58.0 	6.24938e-05 	6.24938e-05 	0
58.125 	8.34004e-05 	8.34004e-05 	0
58.1875 	8.05392e-05 	8.05392e-05 	0
58.25 	7.89878e-05 	7.89878e-05 	0
58.3125 	7.05407e-05 	7.05407e-05 	0
58.4375 	7.24435e-05 	7.24435e-05 	0
58.5625 	8.97878e-05 	8.97878e-05 	0
58.6875 	8.28113e-05 	8.28113e-05 	0
58.8125 	5.4933e-05 	5.4933e-05 	0
58.875 	8.49671e-05 	8.49671e-05 	0
59.0 	9.63684e-05 	9.63684e-05 	0
59.125 	4.63327e-05 	4.63327e-05 	0
59.25 	5.13494e-05 	5.13494e-05 	0
59.3125 	5.40073e-05 	5.40073e-05 	0
59.375 	9.35543e-05 	9.35543e-05 	0
59.5 	9.25536e-05 	9.25536e-05 	0
59.6875 	7.96052e-05 	7.96052e-05 	0
59.8125 	7.14687e-05 	7.14687e-05 	0
59.875 	9.61807e-05 	9.61807e-05 	0
59.9375 	3.33746e-05 	3.33746e-05 	0
60.375 	3.70004e-05 	3.70004e-05 	0
60.4375 	7.37428e-05 	7.37428e-05 	0
60.5625 	8.44171e-05 	8.44171e-05 	0
60.625 	6.12915e-05 	6.12915e-05 	0
60.875 	6.8149e-05 	6.8149e-05 	0
61.0 	8.91467e-05 	8.91467e-05 	0
61.125 	6.26751e-05 	6.26751e-05 	0
61.4375 	4.14494e-05 	4.14494e-05 	0
61.625 	7.69712e-05 	7.69712e-05 	0
61.6875 	6.18939e-05 	6.18939e-05 	0
61.8125 	4.64252e-05 	4.64252e-05 	0
61.9375 	8.70802e-05 	8.70802e-05 	0
62.1875 	8.99225e-05 	8.99225e-05 	0
62.25 	8.6911e-05 	8.6911e-05 	0
62.375 	8.01303e-05 	8.01303e-05 	0
62.5 	9.4204e-05 	9.4204e-05 	0
62.5625 	8.66697e-05 	8.66697e-05 	0
62.875 	7.51111e-05 	7.51111e-05 	0
62.9375 	5.36207e-05 	5.36207e-05 	0
63.0 	4.8387e-05 	4.8387e-05 	0
63.25 	9.79915e-05 	9.79915e-05 	0
63.4375 	4.52966e-05 	4.52966e-05 	0
63.5625 	9.26183e-05 	9.26183e-05 	0
63.8125 	8.70555e-05 	8.70555e-05 	0
63.9375 	7.40472e-05 	7.40472e-05 	0
64.0 	9.26558e-05 	9.26558e-05 	0
64.25 	6.95083e-05 	6.95083e-05 	0
64.4375 	8.59472e-05 	8.59472e-05 	0
64.5625 	4.96355e-05 	4.96355e-05 	0
64.6875 	7.08943e-05 	7.08943e-05 	0
64.75 	4.92481e-05 	4.92481e-05 	0
64.8125 	8.3451e-05 	8.3451e-05 	0
64.875 	5.87328e-05 	5.87328e-05 	0
64.9375 	9.9398e-05 	9.9398e-05 	0
65.0 	8.82323e-05 	8.82323e-05 	0
65.0625 	7.94694e-05 	7.94694e-05 	0
65.125 	7.6796e-05 	7.6796e-05 	0
65.625 	6.55798e-05 	6.55798e-05 	0
65.8125 	7.30046e-05 	7.30046e-05 	0
65.9375 	8.20086e-05 	8.20086e-05 	0
66.0 	7.23729e-05 	7.23729e-05 	0
66.0625 	9.94906e-05 	9.94906e-05 	0
66.3125 	6.14743e-05 	6.14743e-05 	0
66.5 	9.61701e-05 	9.61701e-05 	0
66.75 	7.04473e-05 	7.04473e-05 	0
66.8125 	5.79592e-05 	5.79592e-05 	0
66.9375 	6.70066e-05 	6.70066e-05 	0
67.25 	6.65069e-05 	6.65069e-05 	0
67.4375 	8.91271e-05 	8.91271e-05 	0
67.5 	7.19435e-05 	7.19435e-05 	0
67.8125 	8.53948e-05 	8.53948e-05 	0
67.875 	9.96067e-05 	9.96067e-05 	0
67.9375 	7.40905e-05 	7.40905e-05 	0
68.0 	7.21034e-05 	7.21034e-05 	0
68.125 	8.21526e-05 	8.21526e-05 	0
68.1875 	8.06465e-05 	8.06465e-05 	0
68.3125 	8.18034e-05 	8.18034e-05 	0
68.375 	6.93448e-05 	6.93448e-05 	0
68.4375 	8.74022e-05 	8.74022e-05 	0
68.5625 	9.75536e-05 	9.75536e-05 	0
68.6875 	5.92319e-05 	5.92319e-05 	0
68.75 	4.71226e-05 	4.71226e-05 	0
68.8125 	8.10321e-05 	8.10321e-05 	0
68.9375 	6.51567e-05 	6.51567e-05 	0
69.125 	8.42474e-05 	8.42474e-05 	0
69.1875 	8.90938e-05 	8.90938e-05 	0
69.25 	6.15918e-05 	6.15918e-05 	0
69.3125 	9.91425e-05 	9.91425e-05 	0
69.4375 	5.00782e-05 	5.00782e-05 	0
69.5 	4.3438e-05 	4.3438e-05 	0
69.75 	9.68244e-05 	9.68244e-05 	0
69.8125 	9.33606e-05 	9.33606e-05 	0
69.875 	6.94993e-05 	6.94993e-05 	0
69.9375 	9.65317e-05 	9.65317e-05 	0
