# time 	Initial 	Final 	Iterations
0.333274 	0.000348113 	7.43167e-05 	2
0.579973 	0.00059309 	9.39833e-05 	3
0.642226 	0.000344594 	9.22312e-05 	2
0.70448 	0.000700391 	7.89599e-05 	4
0.766734 	0.000654476 	8.34733e-05 	3
0.828988 	0.000512868 	8.64776e-05 	3
1.01575 	0.000429722 	4.81811e-05 	4
1.26477 	0.000483921 	6.11984e-05 	4
1.38927 	0.000609087 	6.92154e-05 	3
1.45153 	0.00035673 	6.56006e-05 	3
1.51378 	0.000567034 	9.70412e-05 	2
1.57604 	0.000850874 	9.30533e-05 	6
1.7628 	0.000696327 	9.4939e-05 	3
1.8873 	0.00046757 	6.74993e-05 	4
1.94956 	0.000694509 	8.48951e-05 	3
2.07407 	0.00069234 	8.38978e-05 	4
2.19857 	0.000257641 	5.66913e-05 	2
2.26083 	0.000571303 	9.62638e-05 	2
2.32308 	0.000594355 	8.79113e-05 	3
2.38534 	0.000569745 	6.01122e-05 	2
2.44759 	0.00062304 	9.88313e-05 	2
2.63435 	0.000810969 	9.86692e-05 	6
2.69661 	0.000263442 	6.35975e-05 	2
2.88337 	0.000545408 	5.93208e-05 	2
2.94562 	0.000373486 	7.942e-05 	2
3.07013 	0.000220966 	4.0304e-05 	2
3.13238 	0.000682853 	7.60983e-05 	3
3.19464 	0.000383617 	5.73949e-05 	2
3.25689 	0.000550919 	5.11208e-05 	3
3.31914 	0.000388156 	6.54808e-05 	3
3.3814 	0.000449629 	8.72087e-05 	2
3.44365 	0.000574146 	7.32871e-05 	3
3.50591 	0.000247066 	4.55643e-05 	2
3.56816 	0.000631451 	7.22977e-05 	3
3.69267 	0.000368343 	5.71368e-05 	2
3.75492 	0.000242314 	6.81906e-05 	1
3.81718 	0.000537316 	4.32659e-05 	4
3.87943 	0.00062082 	8.55992e-05 	2
4.00394 	0.000757026 	8.80849e-05 	6
4.06619 	0.000294474 	7.9007e-05 	2
4.12845 	0.000466234 	8.48042e-05 	1
4.1907 	0.000513589 	8.03425e-05 	3
4.25295 	0.000681887 	7.8184e-05 	6
4.31521 	0.000707026 	6.24446e-05 	4
4.37746 	0.000815315 	9.18319e-05 	6
4.50197 	0.000523277 	6.75662e-05 	2
4.56422 	0.000480702 	6.53848e-05 	3
4.62648 	0.000666995 	8.42046e-05 	2
4.68873 	0.000513085 	9.35628e-05 	3
4.81324 	0.000628486 	7.91871e-05 	2
4.87549 	0.000345196 	6.02992e-05 	4
4.93775 	0.000673108 	8.51488e-05 	2
5.0 	0.00047336 	8.84978e-05 	2
5.0625 	0.000450883 	5.15237e-05 	3
5.125 	0.000639067 	9.99956e-05 	3
5.25 	0.000495738 	6.58112e-05 	3
5.3125 	0.00069279 	7.9629e-05 	6
5.375 	0.000407194 	9.50396e-05 	3
5.5 	0.000689638 	9.76538e-05 	5
5.5625 	0.000341451 	6.59765e-05 	2
5.625 	0.000659065 	9.02446e-05 	4
5.6875 	0.000425442 	9.11779e-05 	2
5.75 	0.000414504 	7.99091e-05 	2
5.8125 	0.000511114 	5.75352e-05 	4
5.875 	0.000463154 	9.69866e-05 	2
5.9375 	0.000670183 	9.30195e-05 	3
6.0 	0.00023097 	5.82872e-05 	1
6.125 	0.00042266 	5.56177e-05 	2
6.1875 	0.000582115 	7.92385e-05 	3
6.25 	0.000684318 	7.94196e-05 	3
6.4375 	0.000359497 	6.03941e-05 	2
6.75 	0.000623364 	7.46514e-05 	2
6.8125 	0.000499423 	5.23219e-05 	4
6.9375 	0.000288939 	8.28186e-05 	1
7.125 	0.000440823 	7.85358e-05 	2
7.1875 	0.000399454 	7.23127e-05 	4
7.25 	0.000801274 	7.42084e-05 	6
7.4375 	0.000340603 	3.92098e-05 	4
7.5625 	0.000554039 	9.56041e-05 	2
7.625 	0.000582125 	6.7411e-05 	3
7.6875 	0.000362898 	9.21964e-05 	2
7.8125 	0.000551499 	7.5458e-05 	5
7.9375 	0.000276534 	5.2404e-05 	2
8.0 	0.000401896 	4.23723e-05 	2
8.0625 	0.000344508 	2.75936e-05 	3
8.125 	0.000832433 	9.02288e-05 	6
8.25 	0.000511147 	8.12094e-05 	2
8.3125 	0.000653367 	9.04598e-05 	4
8.375 	0.000616505 	5.56619e-05 	2
8.4375 	0.000841095 	8.97603e-05 	2
8.5 	0.000836339 	9.48941e-05 	7
8.5625 	0.000632912 	7.38523e-05 	3
8.8125 	0.000597298 	8.43833e-05 	3
8.9375 	0.000657771 	5.73699e-05 	4
9.0 	0.00036542 	8.8483e-05 	2
9.0625 	0.000507951 	4.24521e-05 	4
9.1875 	0.000608973 	6.40745e-05 	5
9.25 	0.000682512 	8.62132e-05 	4
9.3125 	0.000580484 	8.31978e-05 	3
9.375 	0.000781641 	5.54092e-05 	4
9.4375 	0.000521834 	7.41325e-05 	3
9.5625 	0.000548143 	9.35389e-05 	4
9.625 	0.000344928 	5.08029e-05 	2
9.6875 	0.000486813 	9.38115e-05 	3
9.8125 	0.000301501 	4.81433e-05 	2
9.9375 	0.000408294 	9.13651e-05 	2
10.0 	0.000827787 	8.12648e-05 	6
10.0625 	0.000371836 	8.98489e-05 	1
10.1875 	0.000659658 	8.11184e-05 	2
10.3125 	0.000457777 	8.56459e-05 	3
10.375 	0.000548852 	9.63443e-05 	2
10.625 	0.000430709 	9.1361e-05 	3
10.6875 	0.000476277 	6.56016e-05 	4
10.75 	0.000513435 	7.03194e-05 	4
10.8125 	0.000425077 	7.31672e-05 	2
10.875 	0.000823827 	6.5274e-05 	6
11.0 	0.000502639 	7.73194e-05 	2
11.0625 	0.000566384 	9.44812e-05 	3
11.1875 	0.000543117 	6.25178e-05 	4
11.4375 	0.000382684 	9.52307e-05 	2
11.5625 	0.000640385 	8.04727e-05 	3
11.625 	0.000615135 	6.67013e-05 	3
11.6875 	0.00033898 	8.55258e-05 	2
11.75 	0.000820092 	6.93296e-05 	6
11.8125 	0.000275654 	5.25927e-05 	2
11.875 	0.000614756 	7.52687e-05 	4
11.9375 	0.000556742 	6.69148e-05 	2
12.0 	0.000560652 	5.51217e-05 	3
12.0625 	0.000431764 	4.57905e-05 	2
12.1875 	0.000725193 	9.97123e-05 	3
12.25 	0.000650281 	9.97137e-05 	3
12.3125 	0.000667403 	7.38026e-05 	3
12.375 	0.000459101 	5.34137e-05 	4
12.5625 	0.000270757 	7.35211e-05 	2
12.625 	0.000586357 	8.68874e-05 	3
12.6875 	0.000362166 	8.90551e-05 	2
12.8125 	0.00048835 	9.28385e-05 	1
12.875 	0.000373502 	8.87025e-05 	1
13.0 	0.000178681 	4.95862e-05 	1
13.0625 	0.000478693 	4.74375e-05 	3
13.1875 	0.000611318 	8.31976e-05 	4
13.25 	0.000425104 	9.5673e-05 	2
13.375 	0.000586821 	9.98437e-05 	2
13.4375 	0.000697441 	6.41989e-05 	6
13.5 	0.000479392 	7.50643e-05 	2
13.5625 	0.00067964 	8.54296e-05 	6
13.625 	0.000657549 	6.89601e-05 	2
13.6875 	0.00041849 	8.16494e-05 	2
14.0 	0.000521854 	8.58876e-05 	2
14.0625 	0.000416018 	8.76506e-05 	2
14.125 	0.000537349 	7.36658e-05 	4
14.1875 	0.0005228 	8.76812e-05 	4
14.3125 	0.000368453 	6.8788e-05 	2
14.375 	0.000445452 	7.22461e-05 	3
14.4375 	0.000373021 	5.02432e-05 	4
14.5 	0.000573587 	8.992e-05 	2
14.625 	0.000776922 	9.19012e-05 	3
14.6875 	0.000748609 	9.07147e-05 	2
14.75 	0.0006972 	9.04266e-05 	4
14.8125 	0.000466138 	7.56376e-05 	4
14.9375 	0.000347953 	8.88702e-05 	1
15.0 	0.000398052 	4.89836e-05 	4
15.1875 	0.000447486 	7.76312e-05 	4
15.25 	0.000576195 	9.27205e-05 	3
15.3125 	0.000944947 	9.701e-05 	6
15.375 	0.000254401 	9.76223e-05 	1
15.4375 	0.000313861 	7.54635e-05 	2
15.5 	0.000749203 	5.98931e-05 	4
15.5625 	0.000372745 	8.00616e-05 	2
15.75 	0.000857979 	8.30268e-05 	6
15.8125 	0.000542558 	7.61737e-05 	3
15.875 	0.000547781 	9.24546e-05 	4
15.9375 	0.000587088 	7.64342e-05 	4
16.0 	0.000442916 	9.61963e-05 	4
16.0625 	0.000400032 	7.8163e-05 	2
16.125 	0.000347816 	8.35013e-05 	2
16.1875 	0.000531495 	8.65676e-05 	2
16.25 	0.000412331 	8.63576e-05 	2
16.3125 	0.000655338 	9.34137e-05 	2
16.375 	0.000488813 	4.93715e-05 	2
16.4375 	0.000535035 	9.166e-05 	5
16.5 	0.000800718 	6.64006e-05 	4
16.625 	0.000294428 	7.6251e-05 	2
16.6875 	0.000393334 	9.58938e-05 	1
16.75 	0.000875585 	6.76899e-05 	4
16.8125 	0.000705206 	8.77624e-05 	3
16.875 	0.000261339 	6.5568e-05 	2
16.9375 	0.000566012 	7.3459e-05 	3
17.25 	0.000466126 	7.01489e-05 	2
17.3125 	0.000324989 	9.48159e-05 	2
17.375 	0.000542811 	5.27707e-05 	3
17.4375 	0.000738256 	9.07128e-05 	2
17.5 	0.000897933 	8.62188e-05 	6
17.5625 	0.000391135 	6.36202e-05 	4
17.625 	0.000422732 	8.75727e-05 	3
17.6875 	0.00021159 	4.11738e-05 	2
17.75 	0.000405629 	5.37035e-05 	2
18.0 	0.000436485 	9.48381e-05 	3
18.0625 	0.00055978 	6.78561e-05 	3
18.125 	0.00064893 	7.82959e-05 	4
18.1875 	0.000902573 	8.50927e-05 	7
18.25 	0.000458745 	9.8547e-05 	2
18.3125 	0.000252699 	5.17491e-05 	1
18.375 	0.000462456 	9.60453e-05 	1
18.4375 	0.000338222 	4.7658e-05 	4
18.5 	0.000411626 	5.72159e-05 	2
18.5625 	0.000476123 	7.27465e-05 	4
18.625 	0.000148191 	4.77693e-05 	1
18.75 	0.000306856 	9.28071e-05 	2
18.8125 	0.000642124 	6.91981e-05 	3
18.875 	0.0003767 	9.49879e-05 	2
18.9375 	0.000486639 	9.32268e-05 	3
19.125 	0.000304901 	4.53169e-05 	2
19.25 	0.000648248 	9.25705e-05 	2
19.375 	0.000221031 	5.66834e-05 	1
19.4375 	0.000240284 	4.91224e-05 	2
19.5 	0.000521603 	7.39925e-05 	3
19.625 	0.000694059 	8.23904e-05 	2
19.6875 	0.000711136 	7.22368e-05 	4
19.75 	0.000536596 	7.75759e-05 	3
19.9375 	0.000241384 	4.91583e-05 	2
20.0 	0.000865443 	8.24698e-05 	6
20.0625 	0.000587947 	9.46644e-05 	3
20.125 	0.000748472 	9.61919e-05 	5
20.1875 	0.000567158 	7.03069e-05 	3
20.25 	0.000647329 	7.09832e-05 	3
20.375 	0.000932778 	9.21828e-05 	9
20.4375 	0.000385946 	8.57368e-05 	2
20.5 	0.000425868 	5.33401e-05 	2
20.5625 	0.000301373 	8.77524e-05 	2
20.625 	0.000759609 	9.34244e-05 	6
20.6875 	0.000429755 	6.63871e-05 	4
20.75 	0.00066715 	7.67258e-05 	2
21.0 	0.000360463 	6.18012e-05 	2
21.0625 	0.000445341 	8.98382e-05 	3
21.1875 	0.000655115 	7.86708e-05 	6
21.3125 	0.000307295 	7.71211e-05 	2
21.375 	0.000700508 	8.17998e-05 	3
21.5625 	0.000605201 	7.28616e-05 	6
21.625 	0.00065326 	8.76569e-05 	6
21.6875 	0.000375076 	9.76463e-05 	2
21.75 	0.000633682 	6.63613e-05 	3
21.8125 	0.000639014 	6.48247e-05 	4
21.875 	0.000489108 	5.92548e-05 	3
21.9375 	0.0006819 	6.91616e-05 	6
22.125 	0.00035485 	6.53396e-05 	2
22.1875 	0.000353899 	6.82109e-05 	2
22.25 	0.000781646 	6.41113e-05 	4
22.3125 	0.000400598 	6.5088e-05 	4
22.375 	0.000976583 	9.24707e-05 	6
22.8125 	0.000437637 	9.05261e-05 	1
22.9375 	0.000632357 	5.76076e-05 	3
23.0 	0.000675966 	7.11901e-05 	4
23.125 	0.00026481 	9.88194e-05 	1
23.1875 	0.000606075 	8.89724e-05 	4
23.3125 	0.000426274 	8.71145e-05 	2
23.375 	0.0005448 	8.0797e-05 	2
23.4375 	0.000591821 	7.90112e-05 	2
23.6875 	0.000417566 	7.48646e-05 	1
23.75 	0.000448081 	8.53162e-05 	2
23.8125 	0.000674677 	5.69992e-05 	4
23.875 	0.000404476 	9.25856e-05 	1
23.9375 	0.000376817 	7.57044e-05 	2
24.0 	0.000543847 	4.9451e-05 	3
24.0625 	0.000533331 	5.44927e-05 	3
24.125 	0.000467942 	8.43968e-05 	2
24.3125 	0.000589291 	7.61195e-05 	3
24.375 	0.000465719 	5.85861e-05 	4
24.4375 	0.000470183 	9.86904e-05 	2
24.5625 	0.000470591 	8.72166e-05 	3
24.625 	0.000419073 	6.76411e-05 	4
24.6875 	0.000447281 	9.30758e-05 	2
24.75 	0.000698554 	7.84285e-05 	3
24.8125 	0.000330443 	6.00376e-05 	2
25.0 	0.000527562 	9.41313e-05 	4
25.0625 	0.000452206 	8.40579e-05 	2
25.125 	0.000482042 	9.68331e-05 	2
25.25 	0.000411011 	8.2955e-05 	2
25.3125 	0.000611115 	5.17675e-05 	4
25.625 	0.00029021 	6.71163e-05 	1
25.6875 	0.000622302 	5.40606e-05 	4
25.75 	0.000264289 	9.04573e-05 	1
25.8125 	0.000418594 	9.68385e-05 	1
25.875 	0.00040123 	3.67412e-05 	4
25.9375 	0.000509178 	7.97383e-05 	2
26.0 	0.00058513 	9.41976e-05 	5
26.0625 	0.000401328 	6.8724e-05 	2
26.125 	0.000580989 	6.50752e-05 	4
26.25 	0.000831013 	9.74687e-05 	6
26.3125 	0.000656766 	8.12456e-05 	3
26.375 	0.000662966 	5.55179e-05 	4
26.4375 	0.000394048 	6.5957e-05 	1
26.5 	0.000411182 	5.05146e-05 	2
26.5625 	0.000400339 	9.22498e-05 	2
26.625 	0.000616292 	8.01431e-05 	2
26.6875 	0.000669593 	7.68416e-05 	3
26.875 	0.000543701 	9.39257e-05 	4
26.9375 	0.00102967 	7.1886e-05 	8
27.0 	0.000557024 	7.54564e-05 	4
27.25 	0.000622539 	7.66994e-05 	3
27.3125 	0.000305843 	9.91395e-05 	3
27.375 	0.000700383 	6.33029e-05 	4
27.5 	0.000540522 	4.88377e-05 	2
27.5625 	0.000688252 	5.2828e-05 	4
27.625 	0.000467224 	8.6152e-05 	2
27.6875 	0.000409733 	7.87363e-05 	2
27.75 	0.000638589 	7.98465e-05 	3
27.8125 	0.000700662 	5.76551e-05 	4
27.875 	0.000476769 	7.02423e-05 	2
28.0 	0.000773607 	6.52335e-05 	4
28.0625 	0.000431572 	9.67909e-05 	2
28.125 	0.000434443 	8.3529e-05 	3
28.3125 	0.000320864 	8.9803e-05 	2
28.375 	0.000272213 	9.59082e-05 	1
28.4375 	0.000332931 	5.56941e-05 	2
28.5 	0.000325939 	6.61551e-05 	2
28.625 	0.000547542 	9.27327e-05 	4
28.6875 	0.000455609 	6.36536e-05 	3
28.8125 	0.000425995 	5.02145e-05 	4
28.875 	0.000606704 	8.56541e-05 	4
28.9375 	0.00080055 	7.09455e-05 	6
29.0 	0.00046472 	5.88976e-05 	3
29.0625 	0.000371685 	6.89481e-05 	2
29.125 	0.000704905 	9.85751e-05 	2
29.1875 	0.000570153 	7.53639e-05 	3
29.25 	0.000281715 	4.57441e-05 	2
29.375 	0.000648443 	6.05333e-05 	3
29.4375 	0.000397437 	9.42065e-05 	2
29.5 	0.000585472 	9.54312e-05 	3
29.625 	0.000430356 	6.71564e-05 	2
29.6875 	0.000562112 	8.43672e-05 	3
29.75 	0.000442866 	8.03136e-05 	2
29.875 	0.000338175 	9.55574e-05 	1
29.9375 	0.00058204 	8.94582e-05 	3
30.125 	0.000716344 	6.70076e-05 	4
30.1875 	0.000774478 	7.02711e-05 	6
30.25 	0.000492598 	9.55669e-05 	2
30.3125 	0.000666218 	6.85657e-05 	4
30.375 	0.000490935 	9.95989e-05 	2
30.4375 	0.000304732 	7.59689e-05 	2
30.5 	0.000313865 	8.65712e-05 	1
30.5625 	0.00057965 	7.41955e-05 	4
30.6875 	0.000472184 	7.49158e-05 	4
30.8125 	0.000779835 	9.19443e-05 	4
30.9375 	0.000366742 	9.36635e-05 	3
31.125 	0.000350446 	7.52471e-05 	2
31.1875 	0.00077852 	5.25562e-05 	4
31.25 	0.000425029 	4.69585e-05 	3
31.375 	0.000769498 	9.44444e-05 	2
31.5 	0.000958356 	9.4807e-05 	6
31.625 	0.000595623 	8.98813e-05 	2
31.6875 	0.000311294 	4.58779e-05 	2
31.75 	0.000657998 	8.53465e-05 	3
31.8125 	0.000531313 	8.79502e-05 	3
31.875 	0.000920346 	7.63342e-05 	4
32.0 	0.000518544 	5.88346e-05 	4
32.125 	0.000522498 	7.52281e-05 	3
32.1875 	0.00027606 	7.48813e-05 	2
32.25 	0.000553178 	9.70088e-05 	3
32.3125 	0.000517189 	7.13374e-05 	5
32.4375 	0.000436945 	7.88935e-05 	2
32.5 	0.000334351 	6.99806e-05 	1
32.625 	0.00054078 	7.77651e-05 	4
32.6875 	0.000666749 	7.96857e-05 	3
32.75 	0.000473488 	8.60517e-05 	3
32.8125 	0.000553175 	6.40768e-05 	3
32.875 	0.000735336 	6.66959e-05 	6
33.0 	0.000361809 	8.19974e-05 	1
33.0625 	0.000415236 	6.90111e-05 	2
33.125 	0.000274747 	9.78395e-05 	1
33.1875 	0.000615074 	7.43751e-05 	2
33.25 	0.000280843 	6.35884e-05 	2
33.3125 	0.000606997 	9.20895e-05 	3
33.375 	0.000380568 	5.94662e-05 	2
33.4375 	0.000604844 	6.98396e-05 	3
33.625 	0.000447536 	8.37781e-05 	1
33.6875 	0.000483027 	5.10225e-05 	3
33.75 	0.000363288 	8.08927e-05 	2
33.875 	0.000324679 	7.95693e-05 	1
33.9375 	0.000424598 	6.12425e-05 	3
34.0625 	0.000724234 	9.50997e-05 	5
34.125 	0.000785955 	7.2309e-05 	4
34.1875 	0.000438385 	5.25467e-05 	2
34.25 	0.000215838 	6.20618e-05 	1
34.3125 	0.000217491 	9.87751e-05 	1
34.375 	0.000690656 	8.46731e-05 	5
34.4375 	0.000337667 	5.67287e-05 	2
34.5 	0.000442501 	9.72525e-05 	2
34.5625 	0.000377999 	8.69513e-05 	2
34.625 	0.000542703 	7.79045e-05 	3
34.6875 	0.000554948 	8.79543e-05 	4
34.875 	0.000445762 	8.69482e-05 	1
34.9375 	0.000409715 	5.28071e-05 	3
35.0625 	0.000721338 	9.92049e-05 	2
35.125 	0.000237859 	4.69694e-05 	2
35.25 	0.000250328 	6.56702e-05 	2
35.3125 	0.000535162 	4.90546e-05 	2
35.375 	0.000559901 	6.3802e-05 	2
35.5625 	0.000674186 	6.89708e-05 	4
35.625 	0.000284368 	6.20121e-05 	1
35.6875 	0.000486785 	5.74748e-05 	3
35.75 	0.000398492 	9.10384e-05 	2
35.8125 	0.00043064 	6.33604e-05 	2
35.875 	0.000552391 	7.80683e-05 	2
35.9375 	0.00063279 	7.59461e-05 	5
36.0 	0.000378611 	5.09663e-05 	2
36.125 	0.00054016 	9.13566e-05 	2
36.25 	0.000470427 	6.43011e-05 	3
36.4375 	0.000461993 	8.80643e-05 	2
36.5 	0.000434716 	6.58672e-05 	2
36.5625 	0.000372906 	6.44693e-05 	2
36.625 	0.000453177 	9.42034e-05 	2
36.8125 	0.000280037 	6.75188e-05 	2
36.875 	0.000516815 	6.33749e-05 	2
37.0625 	0.000475091 	6.64226e-05 	2
37.125 	0.000403409 	6.40654e-05 	2
37.1875 	0.000447669 	4.31653e-05 	3
37.25 	0.000370322 	5.06456e-05 	2
37.3125 	0.000622961 	9.92869e-05 	4
37.375 	0.000783291 	9.36434e-05 	2
37.4375 	0.000623751 	8.49501e-05 	3
37.5 	0.00027875 	3.78122e-05 	2
37.5625 	0.000556046 	8.64711e-05 	3
37.75 	0.000379151 	4.5453e-05 	2
37.8125 	0.000375859 	7.11562e-05 	2
37.9375 	0.000486872 	9.06959e-05 	2
38.0 	0.00041899 	9.25503e-05 	3
38.0625 	0.000329354 	8.66803e-05 	1
38.125 	0.000305258 	6.98635e-05 	2
38.1875 	0.000639576 	9.77003e-05 	2
38.25 	0.00035005 	7.99138e-05 	2
38.3125 	0.000543174 	8.76973e-05 	3
38.375 	0.000211572 	4.82566e-05 	1
38.4375 	0.000262546 	8.72342e-05 	2
38.5625 	0.000664213 	6.29809e-05 	4
38.6875 	0.000223092 	6.56663e-05 	2
38.8125 	0.00038534 	8.72232e-05 	2
38.875 	0.000600129 	5.44832e-05 	4
38.9375 	0.000304852 	4.8265e-05 	2
39.0 	0.000614563 	7.26189e-05 	4
39.0625 	0.000405581 	8.39115e-05 	2
39.125 	0.000461446 	6.43761e-05 	2
39.1875 	0.000351628 	8.04465e-05 	1
39.25 	0.000808343 	8.35891e-05 	2
39.3125 	0.000688359 	9.78203e-05 	5
39.5 	0.000698348 	9.52014e-05 	3
39.5625 	0.000349754 	9.9188e-05 	1
39.625 	0.000475335 	7.77384e-05 	3
39.6875 	0.000572159 	7.36701e-05 	4
39.75 	0.000441682 	4.62101e-05 	2
39.8125 	0.000722364 	9.10238e-05 	4
39.875 	0.000699546 	9.61547e-05 	2
39.9375 	0.000511255 	7.82872e-05 	3
40.0 	0.000346967 	5.83683e-05 	3
40.125 	0.000717443 	8.43722e-05 	7
40.25 	0.000899783 	9.98294e-05 	7
40.3125 	0.000272211 	8.11695e-05 	2
40.4375 	0.000415902 	6.12535e-05 	4
40.5 	0.000481259 	5.14793e-05 	2
40.5625 	0.000661908 	6.68869e-05 	3
40.625 	0.000373827 	7.11071e-05 	2
40.8125 	0.00082717 	8.10848e-05 	4
40.9375 	0.000548127 	9.26061e-05 	3
41.125 	0.000469473 	6.25119e-05 	4
41.1875 	0.000624863 	9.67839e-05 	4
41.25 	0.000472729 	7.61756e-05 	4
41.3125 	0.000528988 	8.87971e-05 	2
41.4375 	0.000578472 	8.36686e-05 	2
41.5 	0.000438879 	5.98936e-05 	3
41.5625 	0.00068172 	7.52098e-05 	2
41.6875 	0.000694545 	8.47586e-05 	4
41.8125 	0.000822149 	8.73542e-05 	6
41.875 	0.000533704 	5.25747e-05 	3
41.9375 	0.000572512 	9.79954e-05 	4
42.0 	0.000629433 	7.88254e-05 	3
42.125 	0.000290616 	5.09369e-05 	1
42.25 	0.000641768 	9.96086e-05 	2
42.5 	0.000544939 	6.23791e-05 	4
42.6875 	0.000492935 	6.30366e-05 	4
42.8125 	0.000376179 	8.05003e-05 	1
42.875 	0.000715545 	8.97894e-05 	3
42.9375 	0.000913949 	9.74262e-05 	4
43.0 	0.000525406 	8.78036e-05 	3
43.0625 	0.000832732 	7.39083e-05 	8
43.125 	0.000257152 	3.96917e-05 	2
43.1875 	0.000794305 	9.49397e-05 	6
43.3125 	0.000807467 	9.53051e-05 	2
43.375 	0.000423471 	7.90691e-05 	2
43.6875 	0.000565311 	8.67096e-05 	2
43.75 	0.000506907 	8.2373e-05 	2
43.8125 	0.000523877 	4.16642e-05 	4
43.9375 	0.000690238 	6.72431e-05 	4
44.0 	0.000416268 	9.68658e-05 	1
44.0625 	0.000688368 	5.34445e-05 	4
44.125 	0.000736052 	5.23888e-05 	3
44.1875 	0.000407569 	5.38327e-05 	3
44.25 	0.000425322 	7.79794e-05 	2
44.3125 	0.000529608 	6.86552e-05 	4
44.375 	0.00065181 	6.93787e-05 	3
44.4375 	0.000609912 	9.67509e-05 	4
44.5625 	0.000476628 	5.53639e-05 	3
44.625 	0.000237578 	7.39263e-05 	2
44.6875 	0.000288798 	6.80413e-05 	1
44.75 	0.000387153 	8.75701e-05 	2
44.8125 	0.000679474 	4.98089e-05 	4
44.875 	0.000672926 	5.80596e-05 	4
44.9375 	0.000638921 	8.70116e-05 	2
45.0 	0.000514442 	9.95068e-05 	1
45.0625 	0.000848062 	8.38088e-05 	6
45.1875 	0.000342411 	7.7048e-05 	2
45.3125 	0.000571704 	8.3137e-05 	4
45.5 	0.000453844 	6.62644e-05 	3
45.625 	0.000475166 	5.38714e-05 	3
45.6875 	0.000367133 	4.65529e-05 	2
45.75 	0.000384244 	4.35626e-05 	4
45.9375 	0.000584493 	4.47543e-05 	3
46.0 	0.000499328 	9.92611e-05 	4
46.0625 	0.00035482 	8.06865e-05 	2
46.3125 	0.000347586 	7.01342e-05 	2
46.375 	0.00082036 	8.94275e-05 	6
46.5625 	0.000397656 	4.97541e-05 	2
46.625 	0.000753076 	7.86802e-05 	4
46.6875 	0.00064128 	7.08989e-05 	3
46.75 	0.00070335 	6.74085e-05 	4
46.8125 	0.000610586 	6.04992e-05 	4
46.875 	0.000684848 	9.83851e-05 	3
47.0 	0.000516108 	5.65935e-05 	3
47.0625 	0.00058835 	8.97444e-05 	2
47.125 	0.000402416 	5.33277e-05 	4
47.1875 	0.000856423 	8.68508e-05 	6
47.25 	0.000312359 	3.78223e-05 	2
47.3125 	0.000389951 	7.8593e-05 	1
47.375 	0.000583772 	6.08624e-05 	3
47.5 	0.00076419 	6.79409e-05 	4
47.5625 	0.000427806 	9.09465e-05 	2
47.625 	0.000285138 	7.36906e-05 	2
47.6875 	0.000366808 	5.5653e-05 	2
47.8125 	0.000440955 	7.36797e-05 	2
48.0 	0.00079566 	8.92222e-05 	7
48.0625 	0.000517249 	9.93469e-05 	3
48.1875 	0.000401379 	8.90861e-05 	2
48.25 	0.000618859 	8.36076e-05 	4
48.3125 	0.000569004 	6.79508e-05 	4
48.4375 	0.000726239 	9.45407e-05 	4
48.5 	0.000425674 	6.85718e-05 	4
48.5625 	0.00041171 	6.03429e-05 	4
48.75 	0.00039977 	6.76833e-05 	2
48.8125 	0.000675693 	7.16102e-05 	5
48.9375 	0.000383002 	6.9063e-05 	2
49.0 	0.000499221 	9.31842e-05 	1
49.125 	0.000448564 	6.98802e-05 	2
49.1875 	0.000200737 	7.04601e-05 	1
49.25 	0.000370918 	6.00207e-05 	2
49.3125 	0.000441252 	8.80489e-05 	2
49.375 	0.000717137 	8.85428e-05 	5
49.4375 	0.000976756 	9.10624e-05 	7
49.5 	0.00061069 	9.84811e-05 	2
49.5625 	0.000507735 	6.18387e-05 	3
49.625 	0.000429564 	5.20358e-05 	4
49.6875 	0.000631547 	8.37781e-05 	3
49.75 	0.000324849 	9.11807e-05 	1
50.0625 	0.000448548 	6.54671e-05 	4
50.125 	0.000400476 	6.41611e-05 	1
50.25 	0.000419872 	5.29936e-05 	2
50.3125 	0.000227845 	6.16951e-05 	2
50.375 	0.000396338 	6.7047e-05 	2
50.4375 	0.000352203 	8.96123e-05 	2
50.5625 	0.000425792 	9.3303e-05 	2
50.625 	0.000513157 	8.47059e-05 	2
50.75 	0.000747046 	7.48521e-05 	6
50.8125 	0.000431387 	8.66944e-05 	2
50.875 	0.000392468 	7.4274e-05 	2
50.9375 	0.000643985 	8.76846e-05 	4
51.0 	0.00047096 	8.30413e-05 	1
51.0625 	0.000650761 	8.34343e-05 	3
51.125 	0.000686298 	7.25547e-05 	4
51.1875 	0.000421624 	8.73006e-05 	1
51.25 	0.000584019 	7.85494e-05 	3
51.3125 	0.000431377 	6.37815e-05 	2
51.375 	0.000605041 	6.35079e-05 	2
51.4375 	0.000422096 	8.02967e-05 	1
51.5 	0.000498272 	7.59001e-05 	3
51.5625 	0.000312642 	7.2518e-05 	2
51.625 	0.000589304 	6.37314e-05 	4
51.6875 	0.00044534 	7.48178e-05 	2
51.8125 	0.000559763 	6.20503e-05 	3
51.875 	0.000535661 	8.19791e-05 	5
52.0 	0.000687055 	9.96797e-05 	2
52.0625 	0.000248662 	5.65324e-05 	2
52.1875 	0.000418847 	4.97386e-05 	3
52.3125 	0.000690196 	8.81862e-05 	3
52.375 	0.000415151 	5.72638e-05 	4
52.5 	0.000733486 	7.37562e-05 	4
52.625 	0.000255909 	4.93224e-05 	2
52.6875 	0.000597576 	5.74641e-05 	2
52.75 	0.0003355 	7.75648e-05 	2
52.8125 	0.000571911 	5.83392e-05 	2
52.875 	0.000568498 	6.91706e-05 	3
52.9375 	0.000636614 	8.77807e-05 	3
53.125 	0.000680265 	8.56902e-05 	2
53.1875 	0.000242097 	5.35906e-05 	2
53.25 	0.000422264 	7.72333e-05 	2
53.3125 	0.000516722 	9.54114e-05 	3
53.375 	0.000353417 	7.54099e-05 	2
53.5 	0.000498681 	7.30473e-05 	2
53.5625 	0.000201735 	5.49966e-05 	1
53.625 	0.000689533 	7.98999e-05 	3
53.6875 	0.000428441 	7.3055e-05 	3
53.75 	0.00043156 	7.92761e-05 	2
53.8125 	0.000341057 	6.32797e-05 	1
53.875 	0.000475256 	6.75934e-05 	4
54.0 	0.000508673 	8.67347e-05 	2
54.0625 	0.000589752 	7.91915e-05 	3
54.1875 	0.00041488 	6.05651e-05 	2
54.25 	0.000761541 	9.29417e-05 	3
54.3125 	0.000418831 	9.86857e-05 	2
54.375 	0.000744663 	8.38713e-05 	2
54.4375 	0.000509417 	8.36172e-05 	2
54.6875 	0.000403767 	9.06237e-05 	1
54.8125 	0.000320665 	6.24955e-05 	2
54.875 	0.000532446 	6.62113e-05 	3
54.9375 	0.000360239 	7.65147e-05 	2
55.0 	0.000923096 	8.98223e-05 	8
55.0625 	0.000292703 	7.40441e-05 	1
55.125 	0.000452491 	9.6831e-05 	2
55.1875 	0.000673767 	7.89464e-05 	5
55.3125 	0.000629884 	9.89371e-05 	6
55.4375 	0.000606454 	9.19942e-05 	4
55.5 	0.000286359 	4.31029e-05 	2
55.625 	0.000396917 	9.62275e-05 	2
55.6875 	0.000186765 	5.85923e-05 	1
55.75 	0.000475112 	6.29925e-05 	3
55.875 	0.000460723 	6.6847e-05 	2
55.9375 	0.000764363 	7.5738e-05 	6
56.0 	0.000583808 	8.83711e-05 	2
56.0625 	0.000792398 	9.0791e-05 	2
56.3125 	0.000604681 	9.00607e-05 	2
56.375 	0.000613226 	5.94402e-05 	2
56.4375 	0.000398362 	7.57355e-05 	2
56.5625 	0.000607121 	8.12887e-05 	2
56.6875 	0.000430012 	6.48629e-05 	2
56.75 	0.000544499 	6.68036e-05 	3
56.8125 	0.000414198 	9.19093e-05 	2
56.9375 	0.000445512 	4.75797e-05 	3
57.0 	0.000801609 	9.46885e-05 	2
57.0625 	0.000710816 	5.75282e-05 	4
57.1875 	0.000590003 	5.8879e-05 	2
57.25 	0.000370805 	9.71435e-05 	2
57.3125 	0.000711694 	9.10927e-05 	3
57.375 	0.000335005 	8.5159e-05 	2
57.4375 	0.000542866 	8.91203e-05 	2
57.5 	0.000752819 	8.34941e-05 	4
57.5625 	0.000506297 	8.99072e-05 	2
57.625 	0.000773823 	8.33347e-05 	6
57.6875 	0.000462323 	5.06477e-05 	2
57.75 	0.000462193 	5.83537e-05 	3
57.8125 	0.000991762 	9.55165e-05 	4
58.0 	0.000424061 	4.94187e-05 	3
58.0625 	0.000324159 	7.69887e-05 	2
58.125 	0.000533096 	5.22816e-05 	3
58.1875 	0.000334328 	9.66982e-05 	2
58.25 	0.000396338 	6.00352e-05 	2
58.3125 	0.000336521 	9.37681e-05 	2
58.4375 	0.000825947 	9.69101e-05 	3
58.5625 	0.000695351 	9.298e-05 	2
58.625 	0.000745563 	8.74984e-05 	4
58.6875 	0.000598396 	8.89326e-05 	2
58.8125 	0.000464655 	5.08079e-05 	3
58.875 	0.000612903 	6.34305e-05 	3
58.9375 	0.000328843 	7.8698e-05 	1
59.0 	0.000559937 	9.8614e-05 	3
59.125 	0.000708539 	6.56562e-05 	4
59.25 	0.000477437 	6.05978e-05 	2
59.3125 	0.000277768 	8.72786e-05 	2
59.375 	0.000623237 	5.85813e-05 	3
59.4375 	0.00033902 	7.39593e-05 	2
59.5 	0.000722477 	8.41946e-05 	4
59.6875 	0.000321257 	6.03098e-05 	3
59.8125 	0.000799082 	8.52854e-05 	4
59.875 	0.000334625 	4.73523e-05 	2
59.9375 	0.000749749 	6.20044e-05 	4
60.0625 	0.000529913 	6.15449e-05 	2
60.125 	0.000549902 	8.22214e-05 	3
60.375 	0.000706492 	8.17725e-05 	2
60.4375 	0.000360726 	5.68545e-05 	2
60.5625 	0.000648382 	8.11984e-05 	3
60.625 	0.000390377 	6.36807e-05 	3
60.75 	0.000630448 	9.11611e-05 	4
60.8125 	0.000606282 	5.86007e-05 	3
60.875 	0.000452075 	7.03237e-05 	2
61.0 	0.00025622 	4.66928e-05 	2
61.125 	0.000584501 	5.62262e-05 	2
61.1875 	0.000512275 	8.09591e-05 	3
61.25 	0.00054182 	8.15819e-05 	2
61.3125 	0.00021996 	4.95415e-05 	1
61.375 	0.000659698 	8.77313e-05 	4
61.4375 	0.000683356 	8.08602e-05 	3
61.5 	0.000715947 	7.036e-05 	4
61.625 	0.000540587 	7.81245e-05 	3
61.6875 	0.000502972 	6.03616e-05 	3
61.8125 	0.000470085 	7.30439e-05 	2
61.875 	0.000293953 	5.46823e-05 	2
61.9375 	0.000305921 	4.94535e-05 	2
62.0 	0.000365616 	6.43788e-05 	3
62.125 	0.000256139 	8.06128e-05 	2
62.1875 	0.000535836 	9.55241e-05 	1
62.25 	0.000415548 	7.86793e-05 	2
62.375 	0.000289845 	8.98887e-05 	1
62.5 	0.000378577 	9.5588e-05 	2
62.5625 	0.000518157 	9.85881e-05 	4
62.6875 	0.000277683 	5.94068e-05 	2
62.75 	0.000707015 	6.06007e-05 	4
62.875 	0.000477832 	9.07139e-05 	1
62.9375 	0.000413264 	6.18611e-05 	2
63.0 	0.000691674 	8.30351e-05 	5
63.125 	0.000495318 	6.89822e-05 	4
63.25 	0.000549731 	8.69353e-05 	3
63.4375 	0.000466921 	3.06466e-05 	3
63.5625 	0.000736159 	9.68871e-05 	3
63.8125 	0.000555101 	9.82469e-05 	3
63.9375 	0.000453041 	8.57504e-05 	1
64.0 	0.000430056 	7.27226e-05 	2
64.0625 	0.000684766 	5.46515e-05 	4
64.25 	0.000459197 	8.1518e-05 	3
64.4375 	0.000790657 	7.729e-05 	4
64.5625 	0.000724522 	6.12619e-05 	6
64.6875 	0.000626001 	9.80046e-05 	2
64.75 	0.000563567 	9.22111e-05 	3
64.8125 	0.00067412 	8.58401e-05 	2
64.875 	0.000433108 	5.74306e-05 	2
64.9375 	0.00082086 	8.9318e-05 	7
65.0 	0.000222681 	7.3465e-05 	1
65.0625 	0.00049663 	8.30838e-05 	1
65.125 	0.000495787 	9.07327e-05 	3
65.25 	0.000588273 	8.47154e-05 	3
65.5 	0.000653027 	8.27387e-05 	3
65.625 	0.000765665 	9.47912e-05 	2
65.8125 	0.000259483 	6.43456e-05 	2
65.9375 	0.000691282 	9.48002e-05 	3
66.0 	0.000402187 	9.44301e-05 	1
66.0625 	0.000676758 	7.90156e-05 	4
66.1875 	0.000588467 	5.63298e-05 	6
66.25 	0.000587942 	7.19099e-05 	4
66.3125 	0.000762588 	7.39991e-05 	7
66.375 	0.000353505 	4.7137e-05 	2
66.5 	0.000513417 	8.689e-05 	4
66.75 	0.000569015 	9.07505e-05 	2
66.8125 	0.000523962 	7.06634e-05 	4
66.875 	0.000509841 	6.13927e-05 	5
66.9375 	0.000496551 	7.02722e-05 	3
67.0 	0.00051362 	9.17938e-05 	3
67.125 	0.000336733 	7.75594e-05 	2
67.1875 	0.000357601 	6.10226e-05 	2
67.25 	0.000574502 	5.80407e-05 	4
67.375 	0.000279198 	5.71496e-05 	2
67.4375 	0.000602447 	8.91844e-05 	2
67.5 	0.000588813 	7.16749e-05 	3
67.8125 	0.000311992 	6.90834e-05 	2
67.875 	0.000312413 	5.29946e-05 	2
67.9375 	0.000487562 	9.44431e-05 	2
68.0 	0.000542844 	5.1749e-05 	2
68.0625 	0.000691698 	7.96153e-05 	6
68.125 	0.000471499 	6.71667e-05 	3
68.1875 	0.000688836 	8.86924e-05 	5
68.25 	0.000140779 	5.51421e-05 	1
68.3125 	0.000395397 	5.13635e-05 	2
68.375 	0.000340057 	9.02888e-05 	1
68.4375 	0.000554261 	7.11631e-05 	2
68.5625 	0.000788123 	8.16762e-05 	4
68.625 	0.000445686 	6.51674e-05 	3
68.6875 	0.000930934 	9.59963e-05 	6
68.75 	0.000327963 	8.04265e-05 	2
68.8125 	0.000589508 	9.85423e-05 	4
68.9375 	0.000994396 	7.01866e-05 	8
69.0625 	0.00068298 	8.99893e-05 	6
69.125 	0.000550894 	7.69811e-05 	2
69.1875 	0.000630061 	6.4844e-05 	4
69.25 	0.000529087 	9.17911e-05 	2
69.3125 	0.000437243 	9.49202e-05 	1
69.4375 	0.000596046 	7.68225e-05 	3
69.5 	0.000735882 	5.42485e-05 	4
69.625 	0.000578549 	7.63244e-05 	3
69.75 	0.000319054 	5.96032e-05 	1
69.8125 	0.000334992 	8.09941e-05 	2
69.875 	0.000424848 	6.62179e-05 	2
69.9375 	0.000917285 	8.88258e-05 	8
