# time 	Initial 	Final 	Iterations
0.333274 	9.87372e-05 	9.87372e-05 	0
0.579973 	9.58815e-05 	9.58815e-05 	0
0.642226 	0.000106886 	8.52356e-05 	1
0.70448 	0.000125961 	6.69821e-05 	1
0.766734 	9.59899e-05 	9.59899e-05 	0
0.828988 	0.00014852 	6.86673e-05 	1
1.01575 	9.04648e-05 	9.04648e-05 	0
1.26477 	8.6845e-05 	8.6845e-05 	0
1.38927 	0.000103587 	4.91316e-05 	1
1.45153 	5.48075e-05 	5.48075e-05 	0
1.51378 	6.59793e-05 	6.59793e-05 	0
1.57604 	8.23861e-05 	8.23861e-05 	0
1.7628 	9.72845e-05 	9.72845e-05 	0
1.8873 	8.32133e-05 	8.32133e-05 	0
1.94956 	6.00482e-05 	6.00482e-05 	0
2.07407 	7.37247e-05 	7.37247e-05 	0
2.19857 	9.6023e-05 	9.6023e-05 	0
2.26083 	0.000111819 	6.11186e-05 	1
2.32308 	0.000110226 	4.70949e-05 	1
2.38534 	9.93657e-05 	9.93657e-05 	0
2.44759 	4.26285e-05 	4.26285e-05 	0
2.63435 	0.000141447 	7.09558e-05 	1
2.69661 	4.90621e-05 	4.90621e-05 	0
2.88337 	0.000109134 	5.38514e-05 	1
2.94562 	0.000119734 	6.168e-05 	1
3.07013 	9.3233e-05 	9.3233e-05 	0
3.13238 	0.000131279 	6.63783e-05 	1
3.19464 	8.67602e-05 	8.67602e-05 	0
3.25689 	0.000139272 	5.75485e-05 	1
3.31914 	0.000134677 	7.11343e-05 	1
3.3814 	7.17207e-05 	7.17207e-05 	0
3.44365 	0.00010323 	3.43997e-05 	1
3.50591 	9.72437e-05 	9.72437e-05 	0
3.56816 	8.45802e-05 	8.45802e-05 	0
3.69267 	0.000134389 	6.58122e-05 	1
3.75492 	6.30747e-05 	6.30747e-05 	0
3.81718 	0.000104275 	4.09927e-05 	1
3.87943 	0.000117297 	5.94398e-05 	1
4.00394 	9.07755e-05 	9.07755e-05 	0
4.06619 	8.62259e-05 	8.62259e-05 	0
4.12845 	5.14656e-05 	5.14656e-05 	0
4.1907 	0.000103195 	4.00479e-05 	1
4.25295 	0.000119824 	6.13288e-05 	1
4.31521 	0.000118119 	6.0749e-05 	1
4.37746 	4.64119e-05 	4.64119e-05 	0
4.50197 	5.57588e-05 	5.57588e-05 	0
4.56422 	8.10813e-05 	8.10813e-05 	0
4.62648 	0.000107526 	4.7728e-05 	1
4.68873 	0.000122331 	6.32119e-05 	1
4.81324 	0.000108402 	4.68396e-05 	1
4.87549 	0.000106953 	5.55034e-05 	1
4.93775 	0.000126441 	5.73114e-05 	1
5.0 	0.000118466 	5.7616e-05 	1
5.0625 	9.3759e-05 	9.3759e-05 	0
5.125 	9.87083e-05 	9.87083e-05 	0
5.25 	8.44077e-05 	8.44077e-05 	0
5.3125 	8.47737e-05 	8.47737e-05 	0
5.375 	4.12822e-05 	4.12822e-05 	0
5.5 	0.000113755 	5.22994e-05 	1
5.5625 	0.000142959 	6.75049e-05 	1
5.625 	0.00011998 	8.00158e-05 	1
5.6875 	0.000111987 	5.5423e-05 	1
5.75 	9.66492e-05 	9.66492e-05 	0
5.8125 	0.000113076 	6.52738e-05 	1
5.875 	0.000117072 	5.50749e-05 	1
5.9375 	3.73461e-05 	3.73461e-05 	0
6.0 	5.55017e-05 	5.55017e-05 	0
6.125 	8.09194e-05 	8.09194e-05 	0
6.1875 	0.000113989 	5.98096e-05 	1
6.25 	8.32742e-05 	8.32742e-05 	0
6.4375 	7.26729e-05 	7.26729e-05 	0
6.6875 	0.000111398 	5.78381e-05 	1
6.75 	7.94042e-05 	7.94042e-05 	0
6.8125 	0.000121921 	6.84679e-05 	1
6.9375 	8.4186e-05 	8.4186e-05 	0
7.0 	0.000126169 	6.81466e-05 	1
7.125 	0.00011482 	5.64653e-05 	1
7.1875 	7.07743e-05 	7.07743e-05 	0
7.25 	9.13899e-05 	9.13899e-05 	0
7.4375 	7.26322e-05 	7.26322e-05 	0
7.5625 	6.99261e-05 	6.99261e-05 	0
7.625 	0.000102444 	5.78634e-05 	1
7.6875 	6.55745e-05 	6.55745e-05 	0
7.8125 	5.49449e-05 	5.49449e-05 	0
7.9375 	0.000125158 	5.6548e-05 	1
8.0 	9.85047e-05 	9.85047e-05 	0
8.0625 	8.12808e-05 	8.12808e-05 	0
8.125 	8.97636e-05 	8.97636e-05 	0
8.25 	9.86941e-05 	9.86941e-05 	0
8.3125 	0.000104376 	6.03852e-05 	1
8.375 	8.74228e-05 	8.74228e-05 	0
8.4375 	0.000119142 	6.02023e-05 	1
8.5 	0.000100669 	8.00921e-05 	1
8.5625 	7.53552e-05 	7.53552e-05 	0
8.8125 	8.78815e-05 	8.78815e-05 	0
8.9375 	0.000115405 	5.35472e-05 	1
9.0 	0.000105854 	5.65868e-05 	1
9.0625 	8.91483e-05 	8.91483e-05 	0
9.1875 	9.62409e-05 	9.62409e-05 	0
9.25 	0.000102635 	5.7602e-05 	1
9.3125 	6.56234e-05 	6.56234e-05 	0
9.375 	0.000105836 	7.43441e-05 	1
9.4375 	7.95962e-05 	7.95962e-05 	0
9.5625 	0.000108376 	5.83908e-05 	1
9.625 	8.39848e-05 	8.39848e-05 	0
9.6875 	6.92239e-05 	6.92239e-05 	0
9.8125 	0.000117837 	5.30326e-05 	1
9.875 	5.05306e-05 	5.05306e-05 	0
9.9375 	0.000102382 	7.70555e-05 	1
10.0 	6.72756e-05 	6.72756e-05 	0
10.0625 	8.11699e-05 	8.11699e-05 	0
10.1875 	0.000129591 	6.5404e-05 	1
10.3125 	0.000110208 	5.57028e-05 	1
10.375 	0.000104779 	6.0013e-05 	1
10.625 	0.000125192 	5.99041e-05 	1
10.6875 	7.74185e-05 	7.74185e-05 	0
10.75 	9.58362e-05 	9.58362e-05 	0
10.8125 	0.000156287 	7.32544e-05 	1
10.875 	8.29411e-05 	8.29411e-05 	0
11.0 	9.42491e-05 	9.42491e-05 	0
11.0625 	0.000103002 	7.91269e-05 	1
11.1875 	3.8308e-05 	3.8308e-05 	0
11.375 	7.14384e-05 	7.14384e-05 	0
11.4375 	9.76028e-05 	9.76028e-05 	0
11.5625 	7.32993e-05 	7.32993e-05 	0
11.625 	0.000126504 	7.19603e-05 	1
11.6875 	0.000116827 	5.73743e-05 	1
11.75 	0.00010912 	6.37493e-05 	1
11.8125 	0.000118466 	6.64191e-05 	1
11.875 	9.55211e-05 	9.55211e-05 	0
11.9375 	0.000106183 	9.22375e-05 	1
12.0 	0.000115438 	5.67721e-05 	1
12.0625 	9.07139e-05 	9.07139e-05 	0
12.125 	9.71306e-05 	9.71306e-05 	0
12.1875 	0.000117716 	6.32174e-05 	1
12.25 	0.000111043 	6.08581e-05 	1
12.3125 	0.000131538 	7.36265e-05 	1
12.375 	4.16168e-05 	4.16168e-05 	0
12.5625 	8.68213e-05 	8.68213e-05 	0
12.625 	8.9928e-05 	8.9928e-05 	0
12.6875 	9.1928e-05 	9.1928e-05 	0
12.75 	6.84551e-05 	6.84551e-05 	0
12.8125 	0.000118335 	6.22014e-05 	1
12.875 	9.38988e-05 	9.38988e-05 	0
13.0 	0.000127945 	6.11552e-05 	1
13.0625 	7.11256e-05 	7.11256e-05 	0
13.1875 	0.000104592 	4.93855e-05 	1
13.25 	4.84426e-05 	4.84426e-05 	0
13.375 	9.99863e-05 	9.99863e-05 	0
13.4375 	7.29069e-05 	7.29069e-05 	0
13.5 	8.16803e-05 	8.16803e-05 	0
13.5625 	5.82509e-05 	5.82509e-05 	0
13.625 	9.95907e-05 	9.95907e-05 	0
13.6875 	8.44013e-05 	8.44013e-05 	0
14.0 	0.000118534 	7.8938e-05 	1
14.0625 	0.000135489 	5.26015e-05 	1
14.125 	8.54023e-05 	8.54023e-05 	0
14.1875 	0.000148307 	6.74199e-05 	1
14.3125 	0.00010712 	5.257e-05 	1
14.375 	8.29331e-05 	8.29331e-05 	0
14.4375 	9.15319e-05 	9.15319e-05 	0
14.5 	7.12995e-05 	7.12995e-05 	0
14.625 	9.8632e-05 	9.8632e-05 	0
14.6875 	9.01285e-05 	9.01285e-05 	0
14.75 	0.000118361 	6.279e-05 	1
14.8125 	0.000115158 	6.31493e-05 	1
14.9375 	9.27535e-05 	9.27535e-05 	0
15.0 	9.89662e-05 	9.89662e-05 	0
15.1875 	7.3061e-05 	7.3061e-05 	0
15.25 	0.000124186 	7.2011e-05 	1
15.3125 	0.000105219 	4.83091e-05 	1
15.375 	0.000149285 	6.67779e-05 	1
15.4375 	9.69545e-05 	9.69545e-05 	0
15.5 	0.000105681 	5.26486e-05 	1
15.5625 	0.000100738 	4.66422e-05 	1
15.75 	0.000102402 	4.57888e-05 	1
15.8125 	7.10981e-05 	7.10981e-05 	0
15.875 	0.000132912 	7.66968e-05 	1
15.9375 	9.48002e-05 	9.48002e-05 	0
16.0 	4.9988e-05 	4.9988e-05 	0
16.0625 	6.47282e-05 	6.47282e-05 	0
16.125 	7.43826e-05 	7.43826e-05 	0
16.1875 	0.000153715 	6.74607e-05 	1
16.25 	5.35981e-05 	5.35981e-05 	0
16.3125 	8.04346e-05 	8.04346e-05 	0
16.375 	0.000111295 	4.9918e-05 	1
16.4375 	0.000101005 	8.6889e-05 	1
16.5 	0.000106503 	7.46745e-05 	1
16.625 	4.78307e-05 	4.78307e-05 	0
16.6875 	0.00010601 	5.23218e-05 	1
16.75 	0.000127445 	6.66722e-05 	1
16.8125 	0.000101161 	4.83546e-05 	1
16.875 	9.69712e-05 	9.69712e-05 	0
16.9375 	8.49102e-05 	8.49102e-05 	0
17.25 	8.35072e-05 	8.35072e-05 	0
17.3125 	9.74038e-05 	9.74038e-05 	0
17.375 	0.000100976 	6.08404e-05 	1
17.4375 	7.81383e-05 	7.81383e-05 	0
17.5 	0.000148038 	6.23613e-05 	1
17.5625 	8.66848e-05 	8.66848e-05 	0
17.625 	0.000111894 	5.59413e-05 	1
17.6875 	0.00010237 	5.97529e-05 	1
17.75 	0.000100799 	3.38451e-05 	1
17.8125 	3.9533e-05 	3.9533e-05 	0
18.0 	8.54433e-05 	8.54433e-05 	0
18.0625 	8.09566e-05 	8.09566e-05 	0
18.125 	0.00012972 	6.74587e-05 	1
18.1875 	0.000124374 	6.00789e-05 	1
18.25 	8.82786e-05 	8.82786e-05 	0
18.3125 	6.4091e-05 	6.4091e-05 	0
18.375 	8.94126e-05 	8.94126e-05 	0
18.4375 	8.271e-05 	8.271e-05 	0
18.5 	0.000105169 	4.33725e-05 	1
18.5625 	0.000103527 	5.17024e-05 	1
18.625 	9.46474e-05 	9.46474e-05 	0
18.75 	0.000104694 	4.58335e-05 	1
18.8125 	9.71396e-05 	9.71396e-05 	0
18.875 	0.00012391 	8.07889e-05 	1
18.9375 	7.12726e-05 	7.12726e-05 	0
19.125 	0.000122166 	6.45852e-05 	1
19.25 	0.000101183 	2.53537e-05 	1
19.375 	8.02406e-05 	8.02406e-05 	0
19.4375 	0.000122621 	6.68969e-05 	1
19.5 	9.18437e-05 	9.18437e-05 	0
19.625 	8.61357e-05 	8.61357e-05 	0
19.6875 	7.58632e-05 	7.58632e-05 	0
19.75 	7.63639e-05 	7.63639e-05 	0
19.9375 	8.59205e-05 	8.59205e-05 	0
20.0 	0.000103793 	4.36505e-05 	1
20.0625 	9.60266e-05 	9.60266e-05 	0
20.125 	8.02777e-05 	8.02777e-05 	0
20.1875 	3.6472e-05 	3.6472e-05 	0
20.25 	8.61131e-05 	8.61131e-05 	0
20.3125 	0.000124736 	6.53904e-05 	1
20.375 	0.000109032 	5.88818e-05 	1
20.4375 	0.000116646 	5.78806e-05 	1
20.5 	0.000128655 	6.88687e-05 	1
20.5625 	0.000103051 	5.41226e-05 	1
20.625 	0.000113012 	5.79682e-05 	1
20.6875 	0.000104039 	7.85103e-05 	1
20.75 	9.95531e-05 	9.95531e-05 	0
20.8125 	9.8505e-05 	9.8505e-05 	0
20.875 	7.87099e-05 	7.87099e-05 	0
21.0 	0.000114888 	4.92734e-05 	1
21.0625 	8.38748e-05 	8.38748e-05 	0
21.1875 	7.36891e-05 	7.36891e-05 	0
21.3125 	0.000152557 	6.11199e-05 	1
21.375 	9.90853e-05 	9.90853e-05 	0
21.4375 	5.3995e-05 	5.3995e-05 	0
21.5625 	7.98178e-05 	7.98178e-05 	0
21.625 	0.000140854 	5.07888e-05 	1
21.6875 	6.16821e-05 	6.16821e-05 	0
21.75 	6.80943e-05 	6.80943e-05 	0
21.8125 	2.73739e-05 	2.73739e-05 	0
21.875 	9.46121e-05 	9.46121e-05 	0
21.9375 	0.000121353 	5.23004e-05 	1
22.0 	0.000143717 	6.35855e-05 	1
22.125 	0.000113928 	3.61839e-05 	1
22.1875 	0.000120786 	5.78753e-05 	1
22.25 	0.000109667 	5.29263e-05 	1
22.3125 	9.46244e-05 	9.46244e-05 	0
22.375 	7.69635e-05 	7.69635e-05 	0
22.625 	0.000108054 	4.69399e-05 	1
22.75 	0.00011115 	5.01002e-05 	1
22.8125 	8.04886e-05 	8.04886e-05 	0
22.9375 	0.000134284 	7.23498e-05 	1
23.0 	7.93684e-05 	7.93684e-05 	0
23.0625 	8.78414e-05 	8.78414e-05 	0
23.125 	8.88589e-05 	8.88589e-05 	0
23.1875 	0.000117689 	5.6413e-05 	1
23.3125 	0.000123329 	6.07097e-05 	1
23.375 	9.24249e-05 	9.24249e-05 	0
23.4375 	6.87018e-05 	6.87018e-05 	0
23.6875 	8.59695e-05 	8.59695e-05 	0
23.75 	9.82614e-05 	9.82614e-05 	0
23.8125 	7.3644e-05 	7.3644e-05 	0
23.875 	0.000104585 	3.44001e-05 	1
23.9375 	0.000117373 	5.37803e-05 	1
24.0 	0.000121246 	4.11696e-05 	1
24.0625 	9.34296e-05 	9.34296e-05 	0
24.125 	0.000125662 	5.81266e-05 	1
24.3125 	6.92182e-05 	6.92182e-05 	0
24.375 	8.17746e-05 	8.17746e-05 	0
24.4375 	8.50656e-05 	8.50656e-05 	0
24.5625 	0.000103678 	5.47147e-05 	1
24.625 	8.748e-05 	8.748e-05 	0
24.6875 	9.93721e-05 	9.93721e-05 	0
24.75 	0.00011117 	5.35632e-05 	1
24.8125 	0.000143652 	5.76584e-05 	1
25.0 	0.000128866 	6.66192e-05 	1
25.0625 	4.68417e-05 	4.68417e-05 	0
25.125 	0.000104149 	5.91879e-05 	1
25.25 	0.000110545 	7.10374e-05 	1
25.3125 	0.00010272 	6.85545e-05 	1
25.5 	0.00010642 	4.63864e-05 	1
25.625 	0.000111477 	7.05389e-05 	1
25.6875 	8.38929e-05 	8.38929e-05 	0
25.75 	0.00010702 	3.42193e-05 	1
25.8125 	0.000104757 	7.0867e-05 	1
25.875 	7.34541e-05 	7.34541e-05 	0
25.9375 	9.48308e-05 	9.48308e-05 	0
26.0 	0.000113874 	5.92947e-05 	1
26.0625 	0.000127661 	5.42615e-05 	1
26.125 	9.52216e-05 	9.52216e-05 	0
26.25 	0.000106208 	4.99701e-05 	1
26.3125 	7.99315e-05 	7.99315e-05 	0
26.375 	7.51766e-05 	7.51766e-05 	0
26.4375 	0.000107058 	5.57725e-05 	1
26.5 	0.000128945 	6.18507e-05 	1
26.5625 	0.00012678 	6.46964e-05 	1
26.625 	0.000127618 	6.20451e-05 	1
26.6875 	0.000120898 	5.33041e-05 	1
26.875 	0.000127122 	6.90009e-05 	1
26.9375 	0.00010318 	6.53289e-05 	1
27.0 	9.34959e-05 	9.34959e-05 	0
27.25 	0.000112924 	5.83803e-05 	1
27.3125 	6.49321e-05 	6.49321e-05 	0
27.375 	0.000100538 	4.9855e-05 	1
27.5 	0.000100214 	7.41551e-05 	1
27.5625 	0.000111246 	4.65008e-05 	1
27.625 	0.000100589 	6.57357e-05 	1
27.6875 	8.54766e-05 	8.54766e-05 	0
27.75 	8.95754e-05 	8.95754e-05 	0
27.8125 	0.000128432 	6.69129e-05 	1
27.875 	0.000127035 	6.39558e-05 	1
28.0 	0.00012405 	6.6449e-05 	1
28.0625 	4.62709e-05 	4.62709e-05 	0
28.125 	3.94758e-05 	3.94758e-05 	0
28.3125 	0.000110304 	5.83386e-05 	1
28.375 	0.000103749 	4.84111e-05 	1
28.4375 	6.50214e-05 	6.50214e-05 	0
28.5 	9.11228e-05 	9.11228e-05 	0
28.625 	8.32167e-05 	8.32167e-05 	0
28.6875 	0.000112796 	4.3134e-05 	1
28.8125 	0.00010025 	6.32436e-05 	1
28.875 	8.6418e-05 	8.6418e-05 	0
28.9375 	5.84055e-05 	5.84055e-05 	0
29.0 	9.17114e-05 	9.17114e-05 	0
29.0625 	0.000120474 	6.66568e-05 	1
29.125 	0.000119434 	5.78631e-05 	1
29.1875 	0.000111387 	6.38747e-05 	1
29.25 	9.43002e-05 	9.43002e-05 	0
29.375 	7.72437e-05 	7.72437e-05 	0
29.4375 	0.00013648 	6.14214e-05 	1
29.5 	0.000140516 	6.28676e-05 	1
29.5625 	0.000100681 	5.15143e-05 	1
29.625 	9.62463e-05 	9.62463e-05 	0
29.6875 	8.59297e-05 	8.59297e-05 	0
29.75 	6.99637e-05 	6.99637e-05 	0
29.875 	0.000122942 	6.03775e-05 	1
29.9375 	0.00012419 	8.37706e-05 	1
30.0 	7.78867e-05 	7.78867e-05 	0
30.125 	9.53955e-05 	9.53955e-05 	0
30.1875 	0.000155198 	6.01806e-05 	1
30.25 	8.0408e-05 	8.0408e-05 	0
30.3125 	9.94461e-05 	9.94461e-05 	0
30.375 	7.77242e-05 	7.77242e-05 	0
30.4375 	0.00010118 	6.20375e-05 	1
30.5 	0.000103086 	5.85719e-05 	1
30.5625 	0.000118751 	7.36322e-05 	1
30.6875 	9.45097e-05 	9.45097e-05 	0
30.75 	5.21726e-05 	5.21726e-05 	0
30.8125 	0.000121805 	5.91632e-05 	1
30.9375 	8.16559e-05 	8.16559e-05 	0
31.0 	0.000103265 	5.40172e-05 	1
31.125 	0.000124669 	6.02097e-05 	1
31.1875 	7.7085e-05 	7.7085e-05 	0
31.25 	0.000110755 	5.62804e-05 	1
31.375 	0.000132712 	6.90554e-05 	1
31.5 	9.25498e-05 	9.25498e-05 	0
31.5625 	9.01897e-05 	9.01897e-05 	0
31.625 	6.03759e-05 	6.03759e-05 	0
31.6875 	7.59957e-05 	7.59957e-05 	0
31.75 	7.25929e-05 	7.25929e-05 	0
31.8125 	9.39003e-05 	9.39003e-05 	0
31.875 	9.85364e-05 	9.85364e-05 	0
31.9375 	5.16712e-05 	5.16712e-05 	0
32.0 	9.30991e-05 	9.30991e-05 	0
32.125 	0.000102632 	6.24637e-05 	1
32.1875 	8.49732e-05 	8.49732e-05 	0
32.25 	9.47735e-05 	9.47735e-05 	0
32.3125 	6.61124e-05 	6.61124e-05 	0
32.4375 	7.73727e-05 	7.73727e-05 	0
32.5 	9.34553e-05 	9.34553e-05 	0
32.625 	9.51963e-05 	9.51963e-05 	0
32.6875 	8.06622e-05 	8.06622e-05 	0
32.75 	8.17074e-05 	8.17074e-05 	0
32.8125 	9.96125e-05 	9.96125e-05 	0
32.875 	6.66911e-05 	6.66911e-05 	0
32.9375 	9.43525e-05 	9.43525e-05 	0
33.0 	7.32818e-05 	7.32818e-05 	0
33.0625 	0.000147107 	7.32883e-05 	1
33.125 	6.71097e-05 	6.71097e-05 	0
33.1875 	0.000130068 	6.91547e-05 	1
33.25 	0.000104775 	6.08733e-05 	1
33.3125 	7.96561e-05 	7.96561e-05 	0
33.375 	0.000118274 	5.63486e-05 	1
33.4375 	0.00013989 	6.68174e-05 	1
33.625 	0.000112669 	6.16423e-05 	1
33.6875 	0.000110857 	6.30643e-05 	1
33.75 	0.000103022 	7.96461e-05 	1
33.875 	8.10825e-05 	8.10825e-05 	0
33.9375 	8.61501e-05 	8.61501e-05 	0
34.0625 	0.000112298 	6.03368e-05 	1
34.125 	9.70322e-05 	9.70322e-05 	0
34.1875 	0.000104198 	7.20005e-05 	1
34.25 	8.43252e-05 	8.43252e-05 	0
34.3125 	9.02084e-05 	9.02084e-05 	0
34.375 	7.43517e-05 	7.43517e-05 	0
34.4375 	0.000103715 	3.99924e-05 	1
34.5 	8.79786e-05 	8.79786e-05 	0
34.5625 	8.15388e-05 	8.15388e-05 	0
34.625 	5.32082e-05 	5.32082e-05 	0
34.6875 	0.000109003 	7.53777e-05 	1
34.75 	9.94378e-05 	9.94378e-05 	0
34.875 	0.00010879 	6.0451e-05 	1
34.9375 	9.49929e-05 	9.49929e-05 	0
35.0625 	9.24316e-05 	9.24316e-05 	0
35.125 	9.69998e-05 	9.69998e-05 	0
35.25 	0.000113138 	6.16472e-05 	1
35.3125 	7.88201e-05 	7.88201e-05 	0
35.375 	6.64564e-05 	6.64564e-05 	0
35.5625 	5.2556e-05 	5.2556e-05 	0
35.625 	0.00011391 	4.17903e-05 	1
35.6875 	5.0578e-05 	5.0578e-05 	0
35.75 	5.10015e-05 	5.10015e-05 	0
35.8125 	7.93816e-05 	7.93816e-05 	0
35.875 	7.41511e-05 	7.41511e-05 	0
35.9375 	0.000110364 	6.01712e-05 	1
36.0 	0.00011675 	5.29015e-05 	1
36.125 	0.000106958 	4.23852e-05 	1
36.25 	0.000118309 	6.0042e-05 	1
36.4375 	0.000100025 	7.65649e-05 	1
36.5 	0.000104019 	5.30731e-05 	1
36.5625 	0.000110061 	7.81619e-05 	1
36.625 	4.9549e-05 	4.9549e-05 	0
36.6875 	5.77584e-05 	5.77584e-05 	0
36.8125 	8.77511e-05 	8.77511e-05 	0
36.875 	9.94663e-05 	9.94663e-05 	0
36.9375 	5.54702e-05 	5.54702e-05 	0
37.0625 	4.29866e-05 	4.29866e-05 	0
37.125 	5.33384e-05 	5.33384e-05 	0
37.1875 	8.54476e-05 	8.54476e-05 	0
37.25 	7.42031e-05 	7.42031e-05 	0
37.3125 	0.000119932 	7.45884e-05 	1
37.375 	0.000125034 	5.84122e-05 	1
37.4375 	8.88429e-05 	8.88429e-05 	0
37.5 	8.33539e-05 	8.33539e-05 	0
37.5625 	0.000117598 	4.48348e-05 	1
37.625 	0.000109297 	4.38573e-05 	1
37.75 	0.00010076 	3.50916e-05 	1
37.8125 	6.71888e-05 	6.71888e-05 	0
37.875 	0.00010573 	3.56306e-05 	1
37.9375 	9.01444e-05 	9.01444e-05 	0
38.0 	0.000120916 	6.16341e-05 	1
38.0625 	8.56378e-05 	8.56378e-05 	0
38.125 	0.000118518 	7.40028e-05 	1
38.1875 	7.95933e-05 	7.95933e-05 	0
38.25 	6.20191e-05 	6.20191e-05 	0
38.3125 	8.52917e-05 	8.52917e-05 	0
38.375 	0.000119384 	7.838e-05 	1
38.4375 	9.47633e-05 	9.47633e-05 	0
38.5625 	8.79158e-05 	8.79158e-05 	0
38.6875 	9.40032e-05 	9.40032e-05 	0
38.8125 	0.000100927 	5.52549e-05 	1
38.875 	0.000108804 	5.72989e-05 	1
38.9375 	9.96475e-05 	9.96475e-05 	0
39.0 	6.68291e-05 	6.68291e-05 	0
39.0625 	9.76693e-05 	9.76693e-05 	0
39.125 	0.000110135 	6.37974e-05 	1
39.1875 	0.000116439 	6.51302e-05 	1
39.25 	9.36103e-05 	9.36103e-05 	0
39.3125 	4.60205e-05 	4.60205e-05 	0
39.5 	7.78153e-05 	7.78153e-05 	0
39.5625 	0.000150016 	7.16314e-05 	1
39.625 	0.00010872 	6.44256e-05 	1
39.6875 	9.80601e-05 	9.80601e-05 	0
39.75 	9.4456e-05 	9.4456e-05 	0
39.8125 	0.000123736 	6.9237e-05 	1
39.875 	7.57831e-05 	7.57831e-05 	0
39.9375 	7.80379e-05 	7.80379e-05 	0
40.0 	0.000118257 	6.04493e-05 	1
40.125 	8.42835e-05 	8.42835e-05 	0
40.25 	9.7679e-05 	9.7679e-05 	0
40.3125 	0.000105023 	6.73635e-05 	1
40.4375 	8.22344e-05 	8.22344e-05 	0
40.5 	7.60279e-05 	7.60279e-05 	0
40.5625 	0.000138263 	6.55864e-05 	1
40.625 	0.000100481 	4.93713e-05 	1
40.8125 	9.58542e-05 	9.58542e-05 	0
40.9375 	9.37175e-05 	9.37175e-05 	0
41.125 	9.17764e-05 	9.17764e-05 	0
41.1875 	8.87256e-05 	8.87256e-05 	0
41.25 	0.000126713 	5.09836e-05 	1
41.3125 	0.00013768 	6.56297e-05 	1
41.4375 	0.000102363 	2.6201e-05 	1
41.5 	7.89311e-05 	7.89311e-05 	0
41.5625 	0.000127626 	7.47932e-05 	1
41.625 	9.95271e-05 	9.95271e-05 	0
41.6875 	0.000107206 	5.89108e-05 	1
41.8125 	9.03387e-05 	9.03387e-05 	0
41.875 	5.25226e-05 	5.25226e-05 	0
41.9375 	0.000117863 	5.36672e-05 	1
42.0 	6.54158e-05 	6.54158e-05 	0
42.125 	8.40553e-05 	8.40553e-05 	0
42.25 	0.000110812 	5.74814e-05 	1
42.375 	9.21249e-05 	9.21249e-05 	0
42.5 	0.000121845 	7.03162e-05 	1
42.6875 	8.34011e-05 	8.34011e-05 	0
42.8125 	9.76255e-05 	9.76255e-05 	0
42.875 	0.000137349 	7.46559e-05 	1
42.9375 	9.73757e-05 	9.73757e-05 	0
43.0 	9.00103e-05 	9.00103e-05 	0
43.0625 	6.06668e-05 	6.06668e-05 	0
43.125 	8.95264e-05 	8.95264e-05 	0
43.1875 	6.89744e-05 	6.89744e-05 	0
43.3125 	8.80408e-05 	8.80408e-05 	0
43.375 	9.35389e-05 	9.35389e-05 	0
43.5625 	7.17695e-05 	7.17695e-05 	0
43.6875 	9.24661e-05 	9.24661e-05 	0
43.75 	0.000103843 	4.30561e-05 	1
43.8125 	0.000123888 	6.71084e-05 	1
43.9375 	0.000134523 	6.5917e-05 	1
44.0 	0.00010938 	5.38864e-05 	1
44.0625 	7.32407e-05 	7.32407e-05 	0
44.125 	0.000143207 	7.10444e-05 	1
44.1875 	0.000108501 	4.70828e-05 	1
44.25 	0.000168314 	6.76312e-05 	1
44.3125 	0.000104698 	5.29504e-05 	1
44.375 	9.3677e-05 	9.3677e-05 	0
44.4375 	3.19302e-05 	3.19302e-05 	0
44.5625 	0.000134193 	6.53934e-05 	1
44.625 	8.72331e-05 	8.72331e-05 	0
44.6875 	0.000105182 	6.48436e-05 	1
44.75 	0.000133768 	6.79729e-05 	1
44.8125 	4.45663e-05 	4.45663e-05 	0
44.875 	3.13532e-05 	3.13532e-05 	0
44.9375 	0.000107882 	5.75462e-05 	1
45.0 	8.06801e-05 	8.06801e-05 	0
45.0625 	8.16759e-05 	8.16759e-05 	0
45.1875 	0.000108188 	7.21588e-05 	1
45.3125 	0.000116452 	8.00289e-05 	1
45.375 	0.000100712 	1.59305e-05 	1
45.5 	8.63419e-05 	8.63419e-05 	0
45.5625 	0.000116358 	3.46219e-05 	1
45.625 	0.00010676 	4.81044e-05 	1
45.6875 	8.15879e-05 	8.15879e-05 	0
45.75 	8.44624e-05 	8.44624e-05 	0
45.875 	0.000136426 	6.71152e-05 	1
45.9375 	8.22143e-05 	8.22143e-05 	0
46.0 	8.95005e-05 	8.95005e-05 	0
46.0625 	0.000101033 	3.64171e-05 	1
46.125 	0.000117307 	6.0243e-05 	1
46.3125 	0.000104909 	4.52493e-05 	1
46.375 	0.000115986 	6.28606e-05 	1
46.5625 	9.24746e-05 	9.24746e-05 	0
46.625 	0.000124069 	7.00559e-05 	1
46.6875 	0.000104885 	7.69568e-05 	1
46.75 	0.000127519 	5.34687e-05 	1
46.8125 	0.000115023 	5.53216e-05 	1
46.875 	0.000113353 	7.52097e-05 	1
47.0 	0.000109383 	7.63477e-05 	1
47.0625 	0.000100505 	4.07622e-05 	1
47.125 	0.000107599 	5.95259e-05 	1
47.1875 	4.87079e-05 	4.87079e-05 	0
47.25 	6.69868e-05 	6.69868e-05 	0
47.3125 	8.6795e-05 	8.6795e-05 	0
47.375 	9.96505e-05 	9.96505e-05 	0
47.5 	6.80494e-05 	6.80494e-05 	0
47.5625 	4.65618e-05 	4.65618e-05 	0
47.625 	7.79002e-05 	7.79002e-05 	0
47.6875 	0.000114186 	4.10806e-05 	1
47.8125 	0.000108715 	7.79493e-05 	1
47.875 	0.000112375 	7.92802e-05 	1
48.0 	7.555e-05 	7.555e-05 	0
48.0625 	0.000100612 	4.68939e-05 	1
48.1875 	9.66835e-05 	9.66835e-05 	0
48.25 	9.41829e-05 	9.41829e-05 	0
48.3125 	8.13132e-05 	8.13132e-05 	0
48.4375 	0.000142093 	8.36892e-05 	1
48.5 	0.000132081 	5.1156e-05 	1
48.5625 	0.000107261 	5.64927e-05 	1
48.75 	7.28307e-05 	7.28307e-05 	0
48.8125 	7.73589e-05 	7.73589e-05 	0
48.9375 	0.000122586 	6.53425e-05 	1
49.0 	9.31816e-05 	9.31816e-05 	0
49.125 	9.2815e-05 	9.2815e-05 	0
49.1875 	9.22085e-05 	9.22085e-05 	0
49.25 	0.000110396 	4.18646e-05 	1
49.3125 	7.35338e-05 	7.35338e-05 	0
49.375 	0.000106011 	5.83364e-05 	1
49.4375 	7.88985e-05 	7.88985e-05 	0
49.5 	0.000123444 	7.3664e-05 	1
49.5625 	0.00010108 	6.39469e-05 	1
49.625 	0.000121343 	7.92271e-05 	1
49.6875 	0.000126787 	6.82295e-05 	1
49.75 	7.10095e-05 	7.10095e-05 	0
50.0625 	9.48729e-05 	9.48729e-05 	0
50.125 	9.2648e-05 	9.2648e-05 	0
50.25 	6.89371e-05 	6.89371e-05 	0
50.3125 	8.11847e-05 	8.11847e-05 	0
50.375 	0.000103798 	5.11088e-05 	1
50.4375 	0.000117598 	7.31181e-05 	1
50.5 	8.20469e-05 	8.20469e-05 	0
50.5625 	0.000113779 	7.00728e-05 	1
50.625 	9.35364e-05 	9.35364e-05 	0
50.75 	9.06235e-05 	9.06235e-05 	0
50.8125 	0.000106552 	6.57804e-05 	1
50.875 	6.1931e-05 	6.1931e-05 	0
50.9375 	9.35148e-05 	9.35148e-05 	0
51.0 	3.55615e-05 	3.55615e-05 	0
51.0625 	0.000115801 	6.60581e-05 	1
51.125 	7.21396e-05 	7.21396e-05 	0
51.1875 	8.34339e-05 	8.34339e-05 	0
51.25 	7.4931e-05 	7.4931e-05 	0
51.3125 	9.07079e-05 	9.07079e-05 	0
51.375 	6.80276e-05 	6.80276e-05 	0
51.4375 	8.01144e-05 	8.01144e-05 	0
51.5 	0.000121706 	5.36372e-05 	1
51.5625 	9.09693e-05 	9.09693e-05 	0
51.625 	0.00011893 	4.91249e-05 	1
51.6875 	0.000103784 	4.80257e-05 	1
51.8125 	8.63857e-05 	8.63857e-05 	0
51.875 	9.72763e-05 	9.72763e-05 	0
52.0 	9.38358e-05 	9.38358e-05 	0
52.0625 	8.31683e-05 	8.31683e-05 	0
52.1875 	3.39229e-05 	3.39229e-05 	0
52.3125 	8.79328e-05 	8.79328e-05 	0
52.375 	0.000127685 	5.8477e-05 	1
52.4375 	8.29595e-05 	8.29595e-05 	0
52.5 	0.000120515 	5.14822e-05 	1
52.625 	0.000101159 	5.39408e-05 	1
52.6875 	7.20984e-05 	7.20984e-05 	0
52.75 	9.75323e-05 	9.75323e-05 	0
52.8125 	7.53488e-05 	7.53488e-05 	0
52.875 	0.000127926 	6.64211e-05 	1
52.9375 	8.15389e-05 	8.15389e-05 	0
53.0 	8.87712e-05 	8.87712e-05 	0
53.125 	0.000111421 	6.1071e-05 	1
53.1875 	7.20406e-05 	7.20406e-05 	0
53.25 	7.89946e-05 	7.89946e-05 	0
53.3125 	8.70343e-05 	8.70343e-05 	0
53.375 	0.000128882 	8.08968e-05 	1
53.5 	4.65781e-05 	4.65781e-05 	0
53.5625 	0.000107355 	5.83504e-05 	1
53.625 	0.000133843 	7.20746e-05 	1
53.6875 	0.000111511 	6.45328e-05 	1
53.75 	0.000129047 	6.88258e-05 	1
53.8125 	0.00011612 	7.26549e-05 	1
53.875 	9.38658e-05 	9.38658e-05 	0
54.0 	8.57161e-05 	8.57161e-05 	0
54.0625 	0.000127393 	6.88626e-05 	1
54.1875 	0.000101022 	6.6914e-05 	1
54.25 	9.35989e-05 	9.35989e-05 	0
54.3125 	5.5841e-05 	5.5841e-05 	0
54.375 	7.94617e-05 	7.94617e-05 	0
54.4375 	0.000111202 	5.58606e-05 	1
54.6875 	0.000104754 	4.64363e-05 	1
54.8125 	0.00010715 	5.39359e-05 	1
54.875 	4.49531e-05 	4.49531e-05 	0
54.9375 	0.0001109 	4.56752e-05 	1
55.0 	0.000117107 	6.08272e-05 	1
55.0625 	5.94712e-05 	5.94712e-05 	0
55.125 	0.000113518 	5.17222e-05 	1
55.1875 	0.000117211 	7.05449e-05 	1
55.3125 	7.12616e-05 	7.12616e-05 	0
55.4375 	8.47399e-05 	8.47399e-05 	0
55.5 	6.27877e-05 	6.27877e-05 	0
55.625 	0.000129375 	6.81155e-05 	1
55.6875 	9.39949e-05 	9.39949e-05 	0
55.75 	9.11039e-05 	9.11039e-05 	0
55.8125 	6.10815e-05 	6.10815e-05 	0
55.875 	0.000101693 	4.03193e-05 	1
55.9375 	8.25788e-05 	8.25788e-05 	0
56.0 	0.000107415 	4.95541e-05 	1
56.0625 	8.25147e-05 	8.25147e-05 	0
56.1875 	0.000101854 	5.28616e-05 	1
56.3125 	8.23595e-05 	8.23595e-05 	0
56.375 	0.000121474 	6.76861e-05 	1
56.4375 	0.000111463 	8.10935e-05 	1
56.5625 	0.000113708 	5.56893e-05 	1
56.6875 	0.000103497 	7.37276e-05 	1
56.75 	0.000130678 	6.49118e-05 	1
56.8125 	7.52635e-05 	7.52635e-05 	0
56.9375 	0.000114727 	5.24705e-05 	1
57.0 	0.000105447 	3.50831e-05 	1
57.0625 	0.000123268 	6.94685e-05 	1
57.1875 	7.11213e-05 	7.11213e-05 	0
57.25 	0.000102204 	7.58694e-05 	1
57.3125 	7.66137e-05 	7.66137e-05 	0
57.375 	0.000116243 	5.36662e-05 	1
57.4375 	9.78205e-05 	9.78205e-05 	0
57.5 	0.000110175 	5.12487e-05 	1
57.5625 	9.4166e-05 	9.4166e-05 	0
57.625 	8.95307e-05 	8.95307e-05 	0
57.6875 	9.72998e-05 	9.72998e-05 	0
57.75 	0.000127372 	6.1752e-05 	1
57.8125 	7.29734e-05 	7.29734e-05 	0
58.0 	0.000100349 	6.57545e-05 	1
58.0625 	0.000135986 	6.38485e-05 	1
58.125 	0.000101966 	8.19511e-05 	1
58.1875 	7.21866e-05 	7.21866e-05 	0
58.25 	7.63975e-05 	7.63975e-05 	0
58.3125 	8.21239e-05 	8.21239e-05 	0
58.4375 	7.91536e-05 	7.91536e-05 	0
58.5625 	6.32572e-05 	6.32572e-05 	0
58.625 	8.76807e-05 	8.76807e-05 	0
58.6875 	8.46543e-05 	8.46543e-05 	0
58.8125 	8.76072e-05 	8.76072e-05 	0
58.875 	6.57083e-05 	6.57083e-05 	0
58.9375 	9.81576e-05 	9.81576e-05 	0
59.0 	0.000113925 	5.50721e-05 	1
59.125 	0.000148363 	5.63282e-05 	1
59.25 	7.94879e-05 	7.94879e-05 	0
59.3125 	0.000124503 	7.61757e-05 	1
59.375 	0.000128265 	5.56723e-05 	1
59.4375 	8.86223e-05 	8.86223e-05 	0
59.5 	0.000127963 	6.46566e-05 	1
59.5625 	0.000134739 	6.06634e-05 	1
59.6875 	6.72272e-05 	6.72272e-05 	0
59.8125 	0.000101917 	5.13874e-05 	1
59.875 	8.04658e-05 	8.04658e-05 	0
59.9375 	0.000101003 	6.26551e-05 	1
60.0 	5.99592e-05 	5.99592e-05 	0
60.0625 	7.77326e-05 	7.77326e-05 	0
60.125 	0.000104023 	3.08539e-05 	1
60.375 	0.000109313 	5.64696e-05 	1
60.4375 	0.000120572 	6.57033e-05 	1
60.5 	0.000103851 	4.64741e-05 	1
60.5625 	8.83035e-05 	8.83035e-05 	0
60.625 	0.000127918 	7.64658e-05 	1
60.75 	0.00010119 	5.12319e-05 	1
60.8125 	7.3886e-05 	7.3886e-05 	0
60.875 	9.65091e-05 	9.65091e-05 	0
61.0 	0.000107024 	6.18304e-05 	1
61.125 	9.03133e-05 	9.03133e-05 	0
61.1875 	0.000114389 	6.99439e-05 	1
61.25 	9.53757e-05 	9.53757e-05 	0
61.3125 	0.000107526 	5.33804e-05 	1
61.375 	6.8677e-05 	6.8677e-05 	0
61.4375 	8.89806e-05 	8.89806e-05 	0
61.5 	4.70527e-05 	4.70527e-05 	0
61.625 	9.34471e-05 	9.34471e-05 	0
61.6875 	0.00013018 	6.9144e-05 	1
61.8125 	0.0001317 	5.57948e-05 	1
61.875 	7.89596e-05 	7.89596e-05 	0
61.9375 	0.000132804 	6.83639e-05 	1
62.0 	9.48889e-05 	9.48889e-05 	0
62.125 	6.31717e-05 	6.31717e-05 	0
62.1875 	0.000122261 	4.99542e-05 	1
62.25 	6.62843e-05 	6.62843e-05 	0
62.375 	0.00010246 	4.36221e-05 	1
62.5 	0.000113858 	6.46039e-05 	1
62.5625 	0.000102946 	5.82503e-05 	1
62.6875 	8.40299e-05 	8.40299e-05 	0
62.75 	0.000117768 	6.25694e-05 	1
62.875 	5.97506e-05 	5.97506e-05 	0
62.9375 	0.000109017 	6.29505e-05 	1
63.0 	7.8127e-05 	7.8127e-05 	0
63.125 	0.000102741 	5.11581e-05 	1
63.25 	0.000108892 	3.68067e-05 	1
63.4375 	0.000117313 	6.61738e-05 	1
63.5625 	9.69128e-05 	9.69128e-05 	0
63.625 	7.49728e-05 	7.49728e-05 	0
63.8125 	0.000128539 	6.34777e-05 	1
63.9375 	0.000121637 	5.32777e-05 	1
64.0 	6.24239e-05 	6.24239e-05 	0
64.0625 	7.56389e-05 	7.56389e-05 	0
64.25 	0.000100678 	6.82198e-05 	1
64.3125 	5.71073e-05 	5.71073e-05 	0
64.4375 	0.000104186 	4.80039e-05 	1
64.5625 	0.000131739 	5.92884e-05 	1
64.6875 	0.00011512 	5.9981e-05 	1
64.75 	0.000119151 	6.46743e-05 	1
64.8125 	8.72428e-05 	8.72428e-05 	0
64.875 	9.25547e-05 	9.25547e-05 	0
64.9375 	0.000164912 	6.06728e-05 	1
65.0 	0.000122285 	5.8214e-05 	1
65.0625 	0.000102851 	5.96536e-05 	1
65.125 	9.90005e-05 	9.90005e-05 	0
65.25 	0.000109329 	5.07334e-05 	1
65.5 	9.08195e-05 	9.08195e-05 	0
65.625 	9.06809e-05 	9.06809e-05 	0
65.6875 	9.75617e-05 	9.75617e-05 	0
65.75 	5.68829e-05 	5.68829e-05 	0
65.8125 	9.80008e-05 	9.80008e-05 	0
65.9375 	0.000109449 	5.40925e-05 	1
66.0 	0.000127492 	7.27103e-05 	1
66.0625 	8.98472e-05 	8.98472e-05 	0
66.1875 	0.000123675 	6.62879e-05 	1
66.25 	0.000122399 	6.71509e-05 	1
66.3125 	7.07113e-05 	7.07113e-05 	0
66.375 	0.000115415 	7.64522e-05 	1
66.4375 	9.52346e-05 	9.52346e-05 	0
66.5 	6.86147e-05 	6.86147e-05 	0
66.625 	8.97366e-05 	8.97366e-05 	0
66.75 	0.000102301 	5.68794e-05 	1
66.8125 	0.000129774 	7.07414e-05 	1
66.875 	4.75651e-05 	4.75651e-05 	0
66.9375 	5.23758e-05 	5.23758e-05 	0
67.0 	6.348e-05 	6.348e-05 	0
67.125 	9.60136e-05 	9.60136e-05 	0
67.1875 	6.48966e-05 	6.48966e-05 	0
67.25 	9.56994e-05 	9.56994e-05 	0
67.3125 	5.98394e-05 	5.98394e-05 	0
67.375 	9.74992e-05 	9.74992e-05 	0
67.4375 	0.000103062 	6.34412e-05 	1
67.5 	0.000106642 	6.83226e-05 	1
67.5625 	6.0233e-05 	6.0233e-05 	0
67.8125 	0.000114742 	6.19163e-05 	1
67.875 	6.27672e-05 	6.27672e-05 	0
67.9375 	9.47309e-05 	9.47309e-05 	0
68.0 	8.83356e-05 	8.83356e-05 	0
68.0625 	0.000100941 	5.3337e-05 	1
68.125 	6.32554e-05 	6.32554e-05 	0
68.1875 	0.000143116 	6.62418e-05 	1
68.25 	7.65605e-05 	7.65605e-05 	0
68.3125 	4.23106e-05 	4.23106e-05 	0
68.375 	7.42767e-05 	7.42767e-05 	0
68.4375 	7.3603e-05 	7.3603e-05 	0
68.5 	8.01212e-05 	8.01212e-05 	0
68.5625 	8.63672e-05 	8.63672e-05 	0
68.625 	9.77251e-05 	9.77251e-05 	0
68.6875 	7.65375e-05 	7.65375e-05 	0
68.75 	0.000100152 	6.66918e-05 	1
68.8125 	8.94198e-05 	8.94198e-05 	0
68.875 	0.000103696 	6.50307e-05 	1
68.9375 	0.000108206 	3.00339e-05 	1
69.0625 	0.000114489 	5.14051e-05 	1
69.125 	8.88836e-05 	8.88836e-05 	0
69.1875 	7.78035e-05 	7.78035e-05 	0
69.25 	9.4236e-05 	9.4236e-05 	0
69.3125 	0.000105799 	5.34459e-05 	1
69.4375 	7.60791e-05 	7.60791e-05 	0
69.5 	6.3286e-05 	6.3286e-05 	0
69.625 	0.000125678 	7.18938e-05 	1
69.75 	0.000140408 	6.01434e-05 	1
69.8125 	6.89684e-05 	6.89684e-05 	0
69.875 	0.000102116 	5.41701e-05 	1
69.9375 	9.96439e-05 	9.96439e-05 	0
