# time 	Initial 	Final 	Iterations
0.333274 	4.67757e-05 	4.67757e-05 	0
0.579973 	0.000103432 	6.07106e-05 	1
0.642226 	9.20932e-05 	9.20932e-05 	0
0.766734 	8.05701e-05 	8.05701e-05 	0
0.828988 	6.95669e-05 	6.95669e-05 	0
1.01575 	8.65571e-05 	8.65571e-05 	0
1.26477 	9.87723e-05 	9.87723e-05 	0
1.38927 	9.07265e-05 	9.07265e-05 	0
1.45153 	5.78522e-05 	5.78522e-05 	0
1.51378 	7.46964e-05 	7.46964e-05 	0
1.7628 	8.26286e-05 	8.26286e-05 	0
1.8873 	6.29282e-05 	6.29282e-05 	0
1.94956 	4.8797e-05 	4.8797e-05 	0
2.19857 	7.9196e-05 	7.9196e-05 	0
2.26083 	4.05968e-05 	4.05968e-05 	0
2.32308 	9.45969e-05 	9.45969e-05 	0
2.38534 	8.83626e-05 	8.83626e-05 	0
2.44759 	8.32259e-05 	8.32259e-05 	0
2.63435 	7.79162e-05 	7.79162e-05 	0
2.69661 	8.24688e-05 	8.24688e-05 	0
2.88337 	9.42994e-05 	9.42994e-05 	0
2.94562 	8.79318e-05 	8.79318e-05 	0
3.07013 	5.82924e-05 	5.82924e-05 	0
3.19464 	6.85813e-05 	6.85813e-05 	0
3.25689 	8.98769e-05 	8.98769e-05 	0
3.31914 	5.38199e-05 	5.38199e-05 	0
3.3814 	8.95317e-05 	8.95317e-05 	0
3.44365 	5.60079e-05 	5.60079e-05 	0
3.69267 	7.79352e-05 	7.79352e-05 	0
3.75492 	5.34657e-05 	5.34657e-05 	0
3.87943 	6.28655e-05 	6.28655e-05 	0
4.06619 	7.02448e-05 	7.02448e-05 	0
4.12845 	4.32693e-05 	4.32693e-05 	0
4.1907 	8.47687e-05 	8.47687e-05 	0
4.25295 	9.19742e-05 	9.19742e-05 	0
4.31521 	8.16232e-05 	8.16232e-05 	0
4.37746 	3.09287e-05 	3.09287e-05 	0
4.50197 	9.83414e-05 	9.83414e-05 	0
4.56422 	5.74402e-05 	5.74402e-05 	0
4.62648 	5.25289e-05 	5.25289e-05 	0
4.68873 	5.18962e-05 	5.18962e-05 	0
4.93775 	4.97668e-05 	4.97668e-05 	0
5.0 	4.42235e-05 	4.42235e-05 	0
5.0625 	5.05295e-05 	5.05295e-05 	0
5.125 	4.5681e-05 	4.5681e-05 	0
5.25 	5.81907e-05 	5.81907e-05 	0
5.375 	8.10516e-05 	8.10516e-05 	0
5.5 	8.81305e-05 	8.81305e-05 	0
5.5625 	3.61596e-05 	3.61596e-05 	0
5.625 	8.05209e-05 	8.05209e-05 	0
5.6875 	8.22503e-05 	8.22503e-05 	0
5.8125 	8.8064e-05 	8.8064e-05 	0
5.875 	8.88669e-05 	8.88669e-05 	0
5.9375 	8.3733e-05 	8.3733e-05 	0
6.0 	9.03609e-05 	9.03609e-05 	0
6.1875 	7.89494e-05 	7.89494e-05 	0
6.25 	9.88784e-05 	9.88784e-05 	0
6.4375 	7.69522e-05 	7.69522e-05 	0
6.75 	7.10903e-05 	7.10903e-05 	0
6.8125 	8.31137e-05 	8.31137e-05 	0
6.9375 	6.89999e-05 	6.89999e-05 	0
7.125 	5.37321e-05 	5.37321e-05 	0
7.1875 	8.9908e-05 	8.9908e-05 	0
7.5625 	9.15892e-05 	9.15892e-05 	0
7.6875 	7.64809e-05 	7.64809e-05 	0
7.8125 	3.48555e-05 	3.48555e-05 	0
7.9375 	5.89741e-05 	5.89741e-05 	0
8.0 	8.68806e-05 	8.68806e-05 	0
8.0625 	3.84094e-05 	3.84094e-05 	0
8.125 	6.57171e-05 	6.57171e-05 	0
8.3125 	8.33194e-05 	8.33194e-05 	0
8.4375 	7.13281e-05 	7.13281e-05 	0
8.5 	7.56287e-05 	7.56287e-05 	0
8.5625 	0.000105714 	6.52179e-05 	1
8.8125 	9.47117e-05 	9.47117e-05 	0
8.9375 	9.67043e-05 	9.67043e-05 	0
9.0 	7.28744e-05 	7.28744e-05 	0
9.1875 	0.00010021 	6.47377e-05 	1
9.25 	3.86835e-05 	3.86835e-05 	0
9.3125 	7.79427e-05 	7.79427e-05 	0
9.375 	6.14805e-05 	6.14805e-05 	0
9.4375 	4.74277e-05 	4.74277e-05 	0
9.5625 	9.66084e-05 	9.66084e-05 	0
9.625 	8.68057e-05 	8.68057e-05 	0
9.6875 	8.5396e-05 	8.5396e-05 	0
9.8125 	4.56815e-05 	4.56815e-05 	0
9.9375 	9.33861e-05 	9.33861e-05 	0
10.0 	9.07901e-05 	9.07901e-05 	0
10.1875 	7.78479e-05 	7.78479e-05 	0
10.3125 	8.55529e-05 	8.55529e-05 	0
10.625 	9.33187e-05 	9.33187e-05 	0
10.6875 	6.27681e-05 	6.27681e-05 	0
10.75 	4.66978e-05 	4.66978e-05 	0
10.8125 	7.47707e-05 	7.47707e-05 	0
10.875 	2.82883e-05 	2.82883e-05 	0
11.0 	5.82159e-05 	5.82159e-05 	0
11.0625 	7.39665e-05 	7.39665e-05 	0
11.1875 	8.63821e-05 	8.63821e-05 	0
11.6875 	7.70202e-05 	7.70202e-05 	0
11.75 	4.26256e-05 	4.26256e-05 	0
11.8125 	7.31254e-05 	7.31254e-05 	0
11.875 	7.69256e-05 	7.69256e-05 	0
11.9375 	8.29895e-05 	8.29895e-05 	0
12.0 	9.08532e-05 	9.08532e-05 	0
12.0625 	7.18251e-05 	7.18251e-05 	0
12.1875 	6.13558e-05 	6.13558e-05 	0
12.3125 	4.45173e-05 	4.45173e-05 	0
12.375 	5.26874e-05 	5.26874e-05 	0
12.625 	8.29775e-05 	8.29775e-05 	0
12.6875 	8.16324e-05 	8.16324e-05 	0
12.8125 	5.8174e-05 	5.8174e-05 	0
12.875 	6.74042e-05 	6.74042e-05 	0
13.0 	6.3168e-05 	6.3168e-05 	0
13.0625 	9.29749e-05 	9.29749e-05 	0
13.1875 	5.35216e-05 	5.35216e-05 	0
13.25 	7.0728e-05 	7.0728e-05 	0
13.375 	7.60199e-05 	7.60199e-05 	0
13.5625 	8.62132e-05 	8.62132e-05 	0
13.625 	9.17009e-05 	9.17009e-05 	0
13.6875 	7.88144e-05 	7.88144e-05 	0
14.0625 	4.91882e-05 	4.91882e-05 	0
14.125 	0.000102845 	6.96966e-05 	1
14.1875 	4.55492e-05 	4.55492e-05 	0
14.3125 	8.84406e-05 	8.84406e-05 	0
14.375 	7.67422e-05 	7.67422e-05 	0
14.4375 	9.14825e-05 	9.14825e-05 	0
14.5 	9.5374e-05 	9.5374e-05 	0
14.625 	7.06709e-05 	7.06709e-05 	0
14.6875 	7.77403e-05 	7.77403e-05 	0
14.75 	6.74198e-05 	6.74198e-05 	0
14.8125 	9.41529e-05 	9.41529e-05 	0
14.9375 	9.65187e-05 	9.65187e-05 	0
15.0 	3.92541e-05 	3.92541e-05 	0
15.1875 	7.74426e-05 	7.74426e-05 	0
15.25 	9.82505e-05 	9.82505e-05 	0
15.3125 	9.25299e-05 	9.25299e-05 	0
15.375 	9.28076e-05 	9.28076e-05 	0
15.4375 	8.81057e-05 	8.81057e-05 	0
15.5 	7.78641e-05 	7.78641e-05 	0
15.8125 	3.51964e-05 	3.51964e-05 	0
15.9375 	7.94812e-05 	7.94812e-05 	0
16.0 	9.37886e-05 	9.37886e-05 	0
16.0625 	7.97939e-05 	7.97939e-05 	0
16.125 	6.81551e-05 	6.81551e-05 	0
16.1875 	4.51063e-05 	4.51063e-05 	0
16.25 	7.43874e-05 	7.43874e-05 	0
16.3125 	8.74734e-05 	8.74734e-05 	0
16.375 	6.16426e-05 	6.16426e-05 	0
16.5 	7.81561e-05 	7.81561e-05 	0
16.625 	8.03191e-05 	8.03191e-05 	0
16.8125 	8.87992e-05 	8.87992e-05 	0
16.9375 	7.2337e-05 	7.2337e-05 	0
17.25 	4.23656e-05 	4.23656e-05 	0
17.3125 	7.75035e-05 	7.75035e-05 	0
17.375 	6.49462e-05 	6.49462e-05 	0
17.4375 	7.77954e-05 	7.77954e-05 	0
17.5625 	4.70386e-05 	4.70386e-05 	0
17.6875 	0.000103715 	6.95321e-05 	1
18.0 	9.44472e-05 	9.44472e-05 	0
18.0625 	8.63769e-05 	8.63769e-05 	0
18.1875 	9.28267e-05 	9.28267e-05 	0
18.25 	7.32385e-05 	7.32385e-05 	0
18.375 	9.49363e-05 	9.49363e-05 	0
18.4375 	9.33043e-05 	9.33043e-05 	0
18.5625 	8.76318e-05 	8.76318e-05 	0
18.625 	9.11131e-05 	9.11131e-05 	0
18.8125 	4.30776e-05 	4.30776e-05 	0
18.875 	5.46696e-05 	5.46696e-05 	0
18.9375 	7.47595e-05 	7.47595e-05 	0
19.125 	4.26079e-05 	4.26079e-05 	0
19.4375 	3.72547e-05 	3.72547e-05 	0
19.5 	9.55482e-05 	9.55482e-05 	0
19.625 	4.64841e-05 	4.64841e-05 	0
19.6875 	6.93809e-05 	6.93809e-05 	0
19.75 	9.09909e-05 	9.09909e-05 	0
19.9375 	5.87322e-05 	5.87322e-05 	0
20.0 	7.35876e-05 	7.35876e-05 	0
20.125 	8.61755e-05 	8.61755e-05 	0
20.1875 	7.26878e-05 	7.26878e-05 	0
20.375 	7.97115e-05 	7.97115e-05 	0
20.4375 	7.39497e-05 	7.39497e-05 	0
20.5 	7.12527e-05 	7.12527e-05 	0
20.625 	9.57706e-05 	9.57706e-05 	0
20.6875 	8.54454e-05 	8.54454e-05 	0
20.75 	9.64833e-05 	9.64833e-05 	0
21.0 	7.33463e-05 	7.33463e-05 	0
21.0625 	0.000102982 	7.21003e-05 	1
21.1875 	7.99255e-05 	7.99255e-05 	0
21.3125 	7.56388e-05 	7.56388e-05 	0
21.5625 	7.56656e-05 	7.56656e-05 	0
21.75 	9.11341e-05 	9.11341e-05 	0
21.8125 	7.96549e-05 	7.96549e-05 	0
21.875 	8.11466e-05 	8.11466e-05 	0
21.9375 	9.50048e-05 	9.50048e-05 	0
22.125 	9.09624e-05 	9.09624e-05 	0
22.1875 	5.65765e-05 	5.65765e-05 	0
22.25 	8.54054e-05 	8.54054e-05 	0
22.3125 	9.00627e-05 	9.00627e-05 	0
22.375 	9.05447e-05 	9.05447e-05 	0
22.9375 	9.05642e-05 	9.05642e-05 	0
23.0 	5.86468e-05 	5.86468e-05 	0
23.125 	6.92373e-05 	6.92373e-05 	0
23.1875 	6.24794e-05 	6.24794e-05 	0
23.3125 	5.23825e-05 	5.23825e-05 	0
23.375 	6.28143e-05 	6.28143e-05 	0
23.4375 	3.37722e-05 	3.37722e-05 	0
23.6875 	8.83211e-05 	8.83211e-05 	0
23.8125 	9.51163e-05 	9.51163e-05 	0
24.0 	9.06252e-05 	9.06252e-05 	0
24.0625 	9.50613e-05 	9.50613e-05 	0
24.3125 	0.000102983 	7.30028e-05 	1
24.375 	7.72132e-05 	7.72132e-05 	0
24.4375 	8.81116e-05 	8.81116e-05 	0
24.5625 	6.17756e-05 	6.17756e-05 	0
24.6875 	5.45473e-05 	5.45473e-05 	0
24.75 	4.77026e-05 	4.77026e-05 	0
24.8125 	8.34327e-05 	8.34327e-05 	0
25.0 	8.09568e-05 	8.09568e-05 	0
25.0625 	6.83775e-05 	6.83775e-05 	0
25.125 	8.79866e-05 	8.79866e-05 	0
25.25 	4.01653e-05 	4.01653e-05 	0
25.3125 	5.59973e-05 	5.59973e-05 	0
25.625 	7.81035e-05 	7.81035e-05 	0
25.6875 	7.84317e-05 	7.84317e-05 	0
25.75 	8.93261e-05 	8.93261e-05 	0
25.8125 	4.05677e-05 	4.05677e-05 	0
26.0 	9.43758e-05 	9.43758e-05 	0
26.125 	6.76017e-05 	6.76017e-05 	0
26.25 	8.31867e-05 	8.31867e-05 	0
26.375 	5.79178e-05 	5.79178e-05 	0
26.5 	9.47317e-05 	9.47317e-05 	0
26.5625 	7.5277e-05 	7.5277e-05 	0
26.625 	8.58219e-05 	8.58219e-05 	0
26.6875 	3.01675e-05 	3.01675e-05 	0
26.875 	6.12981e-05 	6.12981e-05 	0
26.9375 	8.80159e-05 	8.80159e-05 	0
27.0 	4.53645e-05 	4.53645e-05 	0
27.25 	7.15944e-05 	7.15944e-05 	0
27.3125 	8.95073e-05 	8.95073e-05 	0
27.375 	6.28199e-05 	6.28199e-05 	0
27.5 	6.03685e-05 	6.03685e-05 	0
27.625 	5.66244e-05 	5.66244e-05 	0
27.75 	8.28588e-05 	8.28588e-05 	0
27.8125 	4.92689e-05 	4.92689e-05 	0
28.0 	7.14979e-05 	7.14979e-05 	0
28.0625 	9.71288e-05 	9.71288e-05 	0
28.125 	7.45117e-05 	7.45117e-05 	0
28.3125 	5.41327e-05 	5.41327e-05 	0
28.5 	7.57501e-05 	7.57501e-05 	0
28.625 	7.37561e-05 	7.37561e-05 	0
28.6875 	8.01991e-05 	8.01991e-05 	0
28.8125 	8.38138e-05 	8.38138e-05 	0
28.875 	9.38368e-05 	9.38368e-05 	0
29.0 	7.82121e-05 	7.82121e-05 	0
29.0625 	8.24036e-05 	8.24036e-05 	0
29.125 	6.90029e-05 	6.90029e-05 	0
29.1875 	8.48462e-05 	8.48462e-05 	0
29.25 	9.9287e-05 	9.9287e-05 	0
29.375 	7.40547e-05 	7.40547e-05 	0
29.4375 	5.79714e-05 	5.79714e-05 	0
29.625 	3.94626e-05 	3.94626e-05 	0
29.6875 	4.54151e-05 	4.54151e-05 	0
29.75 	4.86148e-05 	4.86148e-05 	0
29.9375 	8.73655e-05 	8.73655e-05 	0
30.125 	8.35964e-05 	8.35964e-05 	0
30.25 	3.71407e-05 	3.71407e-05 	0
30.3125 	7.70782e-05 	7.70782e-05 	0
30.375 	4.11603e-05 	4.11603e-05 	0
30.4375 	6.94129e-05 	6.94129e-05 	0
30.5 	8.90498e-05 	8.90498e-05 	0
30.5625 	5.30558e-05 	5.30558e-05 	0
30.6875 	6.0724e-05 	6.0724e-05 	0
30.8125 	7.06777e-05 	7.06777e-05 	0
30.9375 	8.11826e-05 	8.11826e-05 	0
31.1875 	9.77639e-05 	9.77639e-05 	0
31.25 	9.22941e-05 	9.22941e-05 	0
31.375 	7.86326e-05 	7.86326e-05 	0
31.625 	7.00117e-05 	7.00117e-05 	0
31.75 	5.36795e-05 	5.36795e-05 	0
31.8125 	4.29602e-05 	4.29602e-05 	0
31.875 	0.00010038 	7.24273e-05 	1
32.0 	9.85144e-05 	9.85144e-05 	0
32.125 	9.14709e-05 	9.14709e-05 	0
32.1875 	4.43933e-05 	4.43933e-05 	0
32.25 	8.7482e-05 	8.7482e-05 	0
32.3125 	5.90075e-05 	5.90075e-05 	0
32.4375 	9.06942e-05 	9.06942e-05 	0
32.5 	8.10869e-05 	8.10869e-05 	0
32.625 	6.33844e-05 	6.33844e-05 	0
32.6875 	6.38369e-05 	6.38369e-05 	0
32.75 	2.56362e-05 	2.56362e-05 	0
32.8125 	7.39434e-05 	7.39434e-05 	0
32.875 	7.30476e-05 	7.30476e-05 	0
33.0 	3.97363e-05 	3.97363e-05 	0
33.0625 	9.62843e-05 	9.62843e-05 	0
33.125 	8.52466e-05 	8.52466e-05 	0
33.1875 	3.35345e-05 	3.35345e-05 	0
33.3125 	3.92888e-05 	3.92888e-05 	0
33.375 	9.57688e-05 	9.57688e-05 	0
33.4375 	9.50195e-05 	9.50195e-05 	0
33.625 	8.21215e-05 	8.21215e-05 	0
33.6875 	6.18061e-05 	6.18061e-05 	0
33.875 	6.58624e-05 	6.58624e-05 	0
33.9375 	9.43511e-05 	9.43511e-05 	0
34.125 	5.72437e-05 	5.72437e-05 	0
34.1875 	6.7284e-05 	6.7284e-05 	0
34.25 	6.2132e-05 	6.2132e-05 	0
34.3125 	4.50949e-05 	4.50949e-05 	0
34.375 	0.000107789 	6.20512e-05 	1
34.5 	9.11844e-05 	9.11844e-05 	0
34.5625 	5.07397e-05 	5.07397e-05 	0
34.625 	9.14494e-05 	9.14494e-05 	0
34.6875 	6.8675e-05 	6.8675e-05 	0
34.875 	9.52381e-05 	9.52381e-05 	0
34.9375 	8.27514e-05 	8.27514e-05 	0
35.0625 	3.52236e-05 	3.52236e-05 	0
35.125 	7.12778e-05 	7.12778e-05 	0
35.25 	6.36466e-05 	6.36466e-05 	0
35.3125 	8.22608e-05 	8.22608e-05 	0
35.375 	9.73977e-05 	9.73977e-05 	0
35.625 	8.58628e-05 	8.58628e-05 	0
35.6875 	0.000108877 	4.79849e-05 	1
35.75 	5.79538e-05 	5.79538e-05 	0
35.8125 	8.26253e-05 	8.26253e-05 	0
35.875 	9.02394e-05 	9.02394e-05 	0
35.9375 	9.76407e-05 	9.76407e-05 	0
36.0 	9.64486e-05 	9.64486e-05 	0
36.125 	6.80078e-05 	6.80078e-05 	0
36.25 	7.39479e-05 	7.39479e-05 	0
36.4375 	9.01237e-05 	9.01237e-05 	0
36.5 	7.88114e-05 	7.88114e-05 	0
36.8125 	3.91986e-05 	3.91986e-05 	0
36.875 	8.13553e-05 	8.13553e-05 	0
37.125 	8.68243e-05 	8.68243e-05 	0
37.1875 	9.55884e-05 	9.55884e-05 	0
37.3125 	9.41213e-05 	9.41213e-05 	0
37.4375 	8.91423e-05 	8.91423e-05 	0
37.5 	7.5519e-05 	7.5519e-05 	0
37.5625 	6.11702e-05 	6.11702e-05 	0
37.75 	7.9368e-05 	7.9368e-05 	0
37.9375 	6.67307e-05 	6.67307e-05 	0
38.0 	7.48345e-05 	7.48345e-05 	0
38.0625 	8.4268e-05 	8.4268e-05 	0
38.125 	9.86571e-05 	9.86571e-05 	0
38.25 	9.88812e-05 	9.88812e-05 	0
38.3125 	8.25569e-05 	8.25569e-05 	0
38.4375 	5.93582e-05 	5.93582e-05 	0
38.5625 	9.39319e-05 	9.39319e-05 	0
38.6875 	4.27964e-05 	4.27964e-05 	0
38.8125 	9.79893e-05 	9.79893e-05 	0
38.875 	6.93444e-05 	6.93444e-05 	0
38.9375 	7.72547e-05 	7.72547e-05 	0
39.0 	6.33925e-05 	6.33925e-05 	0
39.0625 	7.96894e-05 	7.96894e-05 	0
39.1875 	7.22133e-05 	7.22133e-05 	0
39.25 	9.24958e-05 	9.24958e-05 	0
39.3125 	9.80021e-05 	9.80021e-05 	0
39.5625 	9.51551e-05 	9.51551e-05 	0
39.625 	9.5383e-05 	9.5383e-05 	0
39.6875 	9.01646e-05 	9.01646e-05 	0
39.75 	8.88463e-05 	8.88463e-05 	0
39.875 	8.90215e-05 	8.90215e-05 	0
39.9375 	7.94809e-05 	7.94809e-05 	0
40.0 	4.28486e-05 	4.28486e-05 	0
40.125 	0.000102815 	6.76489e-05 	1
40.25 	8.48638e-05 	8.48638e-05 	0
40.3125 	6.0034e-05 	6.0034e-05 	0
40.4375 	9.40501e-05 	9.40501e-05 	0
40.5 	9.56335e-05 	9.56335e-05 	0
40.5625 	9.70648e-05 	9.70648e-05 	0
40.625 	4.69036e-05 	4.69036e-05 	0
40.8125 	5.67655e-05 	5.67655e-05 	0
40.9375 	8.26841e-05 	8.26841e-05 	0
41.125 	6.92127e-05 	6.92127e-05 	0
41.1875 	5.50458e-05 	5.50458e-05 	0
41.25 	9.33573e-05 	9.33573e-05 	0
41.3125 	9.87948e-05 	9.87948e-05 	0
41.4375 	9.47343e-05 	9.47343e-05 	0
41.5 	4.11666e-05 	4.11666e-05 	0
41.6875 	9.92655e-05 	9.92655e-05 	0
41.8125 	9.73103e-05 	9.73103e-05 	0
41.9375 	8.85187e-05 	8.85187e-05 	0
42.0 	6.83554e-05 	6.83554e-05 	0
42.25 	8.68073e-05 	8.68073e-05 	0
42.5 	6.90514e-05 	6.90514e-05 	0
42.6875 	7.28974e-05 	7.28974e-05 	0
42.8125 	5.48879e-05 	5.48879e-05 	0
42.875 	9.13333e-05 	9.13333e-05 	0
42.9375 	5.59738e-05 	5.59738e-05 	0
43.0 	8.56195e-05 	8.56195e-05 	0
43.0625 	3.52227e-05 	3.52227e-05 	0
43.1875 	4.60783e-05 	4.60783e-05 	0
43.3125 	7.08591e-05 	7.08591e-05 	0
43.375 	0.000101458 	6.453e-05 	1
43.6875 	8.47596e-05 	8.47596e-05 	0
43.9375 	9.13179e-05 	9.13179e-05 	0
44.0 	4.69125e-05 	4.69125e-05 	0
44.125 	5.82276e-05 	5.82276e-05 	0
44.1875 	7.8049e-05 	7.8049e-05 	0
44.25 	6.03813e-05 	6.03813e-05 	0
44.3125 	8.4387e-05 	8.4387e-05 	0
44.4375 	8.91442e-05 	8.91442e-05 	0
44.5625 	4.58045e-05 	4.58045e-05 	0
44.6875 	9.09676e-05 	9.09676e-05 	0
44.8125 	8.01823e-05 	8.01823e-05 	0
44.875 	6.72264e-05 	6.72264e-05 	0
44.9375 	9.58038e-05 	9.58038e-05 	0
45.0 	8.96104e-05 	8.96104e-05 	0
45.1875 	4.22168e-05 	4.22168e-05 	0
45.3125 	8.53613e-05 	8.53613e-05 	0
45.5 	9.6229e-05 	9.6229e-05 	0
45.625 	5.93949e-05 	5.93949e-05 	0
45.6875 	8.72243e-05 	8.72243e-05 	0
45.75 	4.33605e-05 	4.33605e-05 	0
46.0 	8.93707e-05 	8.93707e-05 	0
46.0625 	9.07311e-05 	9.07311e-05 	0
46.3125 	9.87296e-05 	9.87296e-05 	0
46.5625 	9.07885e-05 	9.07885e-05 	0
46.625 	4.04364e-05 	4.04364e-05 	0
46.6875 	7.9829e-05 	7.9829e-05 	0
46.75 	3.50534e-05 	3.50534e-05 	0
46.875 	8.63354e-05 	8.63354e-05 	0
47.0 	5.19552e-05 	5.19552e-05 	0
47.0625 	8.24517e-05 	8.24517e-05 	0
47.125 	9.79069e-05 	9.79069e-05 	0
47.1875 	7.78829e-05 	7.78829e-05 	0
47.25 	9.38184e-05 	9.38184e-05 	0
47.375 	7.70122e-05 	7.70122e-05 	0
47.5 	9.1103e-05 	9.1103e-05 	0
47.5625 	7.7901e-05 	7.7901e-05 	0
47.625 	2.5334e-05 	2.5334e-05 	0
47.8125 	8.34241e-05 	8.34241e-05 	0
48.0625 	4.42173e-05 	4.42173e-05 	0
48.1875 	8.63157e-05 	8.63157e-05 	0
48.25 	8.59244e-05 	8.59244e-05 	0
48.3125 	7.87948e-05 	7.87948e-05 	0
48.4375 	7.06696e-05 	7.06696e-05 	0
48.5625 	9.42205e-05 	9.42205e-05 	0
48.75 	9.87186e-05 	9.87186e-05 	0
48.8125 	4.45958e-05 	4.45958e-05 	0
48.9375 	9.60037e-05 	9.60037e-05 	0
49.0 	4.47435e-05 	4.47435e-05 	0
49.25 	6.31349e-05 	6.31349e-05 	0
49.3125 	9.69239e-05 	9.69239e-05 	0
49.375 	8.73556e-05 	8.73556e-05 	0
49.4375 	6.02813e-05 	6.02813e-05 	0
49.5625 	6.39841e-05 	6.39841e-05 	0
49.6875 	4.25076e-05 	4.25076e-05 	0
49.75 	9.71525e-05 	9.71525e-05 	0
50.0625 	8.77831e-05 	8.77831e-05 	0
50.25 	3.86586e-05 	3.86586e-05 	0
50.3125 	9.80033e-05 	9.80033e-05 	0
50.375 	4.32796e-05 	4.32796e-05 	0
50.4375 	8.53396e-05 	8.53396e-05 	0
50.5625 	9.24788e-05 	9.24788e-05 	0
50.625 	3.2646e-05 	3.2646e-05 	0
50.75 	8.32e-05 	8.32e-05 	0
50.8125 	6.33019e-05 	6.33019e-05 	0
50.875 	5.20972e-05 	5.20972e-05 	0
50.9375 	4.33613e-05 	4.33613e-05 	0
51.0 	3.81907e-05 	3.81907e-05 	0
51.125 	9.45724e-05 	9.45724e-05 	0
51.1875 	9.77552e-05 	9.77552e-05 	0
51.25 	9.89671e-05 	9.89671e-05 	0
51.375 	4.92872e-05 	4.92872e-05 	0
51.4375 	8.8823e-05 	8.8823e-05 	0
51.5 	8.85337e-05 	8.85337e-05 	0
51.625 	9.56091e-05 	9.56091e-05 	0
51.6875 	6.67374e-05 	6.67374e-05 	0
51.8125 	9.55317e-05 	9.55317e-05 	0
52.0 	5.40132e-05 	5.40132e-05 	0
52.0625 	5.65284e-05 	5.65284e-05 	0
52.1875 	8.80025e-05 	8.80025e-05 	0
52.3125 	6.96517e-05 	6.96517e-05 	0
52.5 	9.70669e-05 	9.70669e-05 	0
52.625 	9.42346e-05 	9.42346e-05 	0
52.75 	8.83958e-05 	8.83958e-05 	0
52.8125 	4.49853e-05 	4.49853e-05 	0
52.9375 	4.29363e-05 	4.29363e-05 	0
53.1875 	7.98119e-05 	7.98119e-05 	0
53.25 	3.63944e-05 	3.63944e-05 	0
53.3125 	6.99538e-05 	6.99538e-05 	0
53.5 	8.86e-05 	8.86e-05 	0
53.5625 	9.90255e-05 	9.90255e-05 	0
53.625 	6.18126e-05 	6.18126e-05 	0
53.6875 	8.00883e-05 	8.00883e-05 	0
53.75 	7.9757e-05 	7.9757e-05 	0
53.875 	9.72213e-05 	9.72213e-05 	0
54.0 	4.7446e-05 	4.7446e-05 	0
54.0625 	8.44014e-05 	8.44014e-05 	0
54.1875 	0.000102014 	6.71614e-05 	1
54.25 	9.59785e-05 	9.59785e-05 	0
54.3125 	7.53874e-05 	7.53874e-05 	0
54.375 	9.3381e-05 	9.3381e-05 	0
54.4375 	9.34221e-05 	9.34221e-05 	0
54.6875 	8.86506e-05 	8.86506e-05 	0
54.8125 	8.00529e-05 	8.00529e-05 	0
54.875 	8.94684e-05 	8.94684e-05 	0
54.9375 	6.28766e-05 	6.28766e-05 	0
55.0 	0.000121264 	6.58298e-05 	1
55.125 	9.74923e-05 	9.74923e-05 	0
55.3125 	3.58023e-05 	3.58023e-05 	0
55.4375 	7.31995e-05 	7.31995e-05 	0
55.5 	9.59502e-05 	9.59502e-05 	0
55.6875 	9.82257e-05 	9.82257e-05 	0
55.75 	9.06614e-05 	9.06614e-05 	0
55.875 	6.08715e-05 	6.08715e-05 	0
55.9375 	5.08655e-05 	5.08655e-05 	0
56.0 	8.76406e-05 	8.76406e-05 	0
56.0625 	6.64565e-05 	6.64565e-05 	0
56.3125 	4.71655e-05 	4.71655e-05 	0
56.375 	4.5469e-05 	4.5469e-05 	0
56.4375 	5.68693e-05 	5.68693e-05 	0
56.5625 	8.27891e-05 	8.27891e-05 	0
56.6875 	9.25185e-05 	9.25185e-05 	0
56.75 	8.39205e-05 	8.39205e-05 	0
56.8125 	7.35654e-05 	7.35654e-05 	0
57.0 	9.51775e-05 	9.51775e-05 	0
57.0625 	6.39922e-05 	6.39922e-05 	0
57.1875 	8.5644e-05 	8.5644e-05 	0
57.25 	0.000102866 	6.29491e-05 	1
57.3125 	9.81029e-05 	9.81029e-05 	0
57.4375 	9.94091e-05 	9.94091e-05 	0
57.6875 	9.07945e-05 	9.07945e-05 	0
57.8125 	7.24422e-05 	7.24422e-05 	0
58.0 	9.12261e-05 	9.12261e-05 	0
58.0625 	7.81708e-05 	7.81708e-05 	0
58.125 	3.48279e-05 	3.48279e-05 	0
58.1875 	9.88277e-05 	9.88277e-05 	0
58.25 	8.74836e-05 	8.74836e-05 	0
58.3125 	8.16824e-05 	8.16824e-05 	0
58.4375 	8.82658e-05 	8.82658e-05 	0
58.5625 	8.99202e-05 	8.99202e-05 	0
58.6875 	9.84215e-05 	9.84215e-05 	0
58.8125 	7.18164e-05 	7.18164e-05 	0
58.875 	0.00010263 	6.35838e-05 	1
58.9375 	7.61509e-05 	7.61509e-05 	0
59.0 	6.76738e-05 	6.76738e-05 	0
59.125 	8.81528e-05 	8.81528e-05 	0
59.25 	8.31671e-05 	8.31671e-05 	0
59.3125 	6.14458e-05 	6.14458e-05 	0
59.375 	7.37341e-05 	7.37341e-05 	0
59.5 	4.49081e-05 	4.49081e-05 	0
59.6875 	0.00010519 	7.24413e-05 	1
59.8125 	8.18081e-05 	8.18081e-05 	0
59.875 	9.85805e-05 	9.85805e-05 	0
59.9375 	8.99565e-05 	8.99565e-05 	0
60.375 	9.40463e-05 	9.40463e-05 	0
60.4375 	9.59951e-05 	9.59951e-05 	0
60.5625 	9.40147e-05 	9.40147e-05 	0
60.625 	5.18257e-05 	5.18257e-05 	0
60.875 	7.75165e-05 	7.75165e-05 	0
61.0 	9.60313e-05 	9.60313e-05 	0
61.125 	8.48358e-05 	8.48358e-05 	0
61.1875 	7.06888e-05 	7.06888e-05 	0
61.25 	5.40877e-05 	5.40877e-05 	0
61.4375 	8.59007e-05 	8.59007e-05 	0
61.5 	4.94612e-05 	4.94612e-05 	0
61.625 	3.77429e-05 	3.77429e-05 	0
61.6875 	9.12855e-05 	9.12855e-05 	0
61.8125 	8.71612e-05 	8.71612e-05 	0
61.9375 	7.42258e-05 	7.42258e-05 	0
62.125 	9.36334e-05 	9.36334e-05 	0
62.1875 	8.65322e-05 	8.65322e-05 	0
62.25 	6.31228e-05 	6.31228e-05 	0
62.375 	8.2384e-05 	8.2384e-05 	0
62.5 	8.68926e-05 	8.68926e-05 	0
62.5625 	9.55768e-05 	9.55768e-05 	0
62.875 	8.89421e-05 	8.89421e-05 	0
62.9375 	9.77184e-05 	9.77184e-05 	0
63.0 	9.86848e-05 	9.86848e-05 	0
63.25 	8.04524e-05 	8.04524e-05 	0
63.4375 	6.88589e-05 	6.88589e-05 	0
63.5625 	7.18437e-05 	7.18437e-05 	0
63.8125 	9.861e-05 	9.861e-05 	0
63.9375 	9.98661e-05 	9.98661e-05 	0
64.0 	8.23596e-05 	8.23596e-05 	0
64.25 	6.81227e-05 	6.81227e-05 	0
64.4375 	7.74626e-05 	7.74626e-05 	0
64.5625 	9.9817e-05 	9.9817e-05 	0
64.6875 	9.29191e-05 	9.29191e-05 	0
64.75 	6.3265e-05 	6.3265e-05 	0
64.8125 	6.67925e-05 	6.67925e-05 	0
64.875 	8.263e-05 	8.263e-05 	0
64.9375 	6.29304e-05 	6.29304e-05 	0
65.0 	5.43746e-05 	5.43746e-05 	0
65.0625 	8.40174e-05 	8.40174e-05 	0
65.125 	9.54772e-05 	9.54772e-05 	0
65.625 	6.10342e-05 	6.10342e-05 	0
65.8125 	9.74384e-05 	9.74384e-05 	0
65.9375 	8.88132e-05 	8.88132e-05 	0
66.0 	7.43244e-05 	7.43244e-05 	0
66.0625 	9.95963e-05 	9.95963e-05 	0
66.3125 	7.2002e-05 	7.2002e-05 	0
66.5 	8.08214e-05 	8.08214e-05 	0
66.75 	4.56574e-05 	4.56574e-05 	0
66.8125 	8.7877e-05 	8.7877e-05 	0
66.875 	9.53342e-05 	9.53342e-05 	0
66.9375 	6.18635e-05 	6.18635e-05 	0
67.25 	9.47192e-05 	9.47192e-05 	0
67.375 	3.81054e-05 	3.81054e-05 	0
67.4375 	2.96425e-05 	2.96425e-05 	0
67.5 	8.71983e-05 	8.71983e-05 	0
67.8125 	3.7191e-05 	3.7191e-05 	0
67.875 	9.185e-05 	9.185e-05 	0
67.9375 	5.25417e-05 	5.25417e-05 	0
68.0 	8.78415e-05 	8.78415e-05 	0
68.0625 	8.29767e-05 	8.29767e-05 	0
68.125 	5.09886e-05 	5.09886e-05 	0
68.1875 	6.81323e-05 	6.81323e-05 	0
68.3125 	9.7451e-05 	9.7451e-05 	0
68.375 	8.74607e-05 	8.74607e-05 	0
68.4375 	9.16371e-05 	9.16371e-05 	0
68.5625 	6.16924e-05 	6.16924e-05 	0
68.6875 	9.58971e-05 	9.58971e-05 	0
68.75 	7.31e-05 	7.31e-05 	0
68.8125 	9.14144e-05 	9.14144e-05 	0
68.9375 	8.71984e-05 	8.71984e-05 	0
69.125 	5.80381e-05 	5.80381e-05 	0
69.1875 	7.64276e-05 	7.64276e-05 	0
69.25 	9.98846e-05 	9.98846e-05 	0
69.3125 	8.67498e-05 	8.67498e-05 	0
69.4375 	9.36384e-05 	9.36384e-05 	0
69.5 	7.84648e-05 	7.84648e-05 	0
69.75 	6.05604e-05 	6.05604e-05 	0
69.8125 	9.96278e-05 	9.96278e-05 	0
69.875 	6.73824e-05 	6.73824e-05 	0
69.9375 	3.69723e-05 	3.69723e-05 	0
