# time 	Initial 	Final 	Iterations
0.333274 	9.65747e-05 	9.65747e-05 	0
0.579973 	9.38404e-05 	9.38404e-05 	0
0.642226 	6.73239e-05 	6.73239e-05 	0
0.70448 	4.90069e-05 	4.90069e-05 	0
0.766734 	8.3454e-05 	8.3454e-05 	0
0.828988 	4.76586e-05 	4.76586e-05 	0
1.01575 	6.59114e-05 	6.59114e-05 	0
1.26477 	8.17923e-05 	8.17923e-05 	0
1.38927 	5.86705e-05 	5.86705e-05 	0
1.45153 	9.70527e-05 	9.70527e-05 	0
1.51378 	8.95549e-05 	8.95549e-05 	0
1.57604 	6.57404e-05 	6.57404e-05 	0
1.7628 	4.69532e-05 	4.69532e-05 	0
1.8873 	3.2697e-05 	3.2697e-05 	0
1.94956 	9.3581e-05 	9.3581e-05 	0
2.07407 	8.92252e-05 	8.92252e-05 	0
2.19857 	5.44623e-05 	5.44623e-05 	0
2.26083 	9.28216e-05 	9.28216e-05 	0
2.32308 	6.54302e-05 	6.54302e-05 	0
2.38534 	9.28262e-05 	9.28262e-05 	0
2.44759 	8.61068e-05 	8.61068e-05 	0
2.63435 	0.00010398 	6.72761e-05 	1
2.69661 	4.61322e-05 	4.61322e-05 	0
2.88337 	8.14984e-05 	8.14984e-05 	0
2.94562 	5.96638e-05 	5.96638e-05 	0
3.07013 	6.2497e-05 	6.2497e-05 	0
3.19464 	3.88278e-05 	3.88278e-05 	0
3.25689 	8.62725e-05 	8.62725e-05 	0
3.31914 	6.64689e-05 	6.64689e-05 	0
3.3814 	9.00388e-05 	9.00388e-05 	0
3.44365 	9.77795e-05 	9.77795e-05 	0
3.50591 	7.53755e-05 	7.53755e-05 	0
3.69267 	5.24271e-05 	5.24271e-05 	0
3.75492 	7.64073e-05 	7.64073e-05 	0
3.81718 	3.90207e-05 	3.90207e-05 	0
3.87943 	7.42447e-05 	7.42447e-05 	0
4.00394 	3.79551e-05 	3.79551e-05 	0
4.06619 	0.000106972 	6.90154e-05 	1
4.12845 	8.44438e-05 	8.44438e-05 	0
4.1907 	7.50353e-05 	7.50353e-05 	0
4.25295 	9.3084e-05 	9.3084e-05 	0
4.31521 	4.82094e-05 	4.82094e-05 	0
4.37746 	0.000102712 	6.64119e-05 	1
4.50197 	6.82762e-05 	6.82762e-05 	0
4.56422 	7.96802e-05 	7.96802e-05 	0
4.62648 	7.44781e-05 	7.44781e-05 	0
4.68873 	8.0194e-05 	8.0194e-05 	0
4.81324 	9.47006e-05 	9.47006e-05 	0
4.93775 	8.13926e-05 	8.13926e-05 	0
5.0 	6.30065e-05 	6.30065e-05 	0
5.0625 	8.91269e-05 	8.91269e-05 	0
5.125 	3.21996e-05 	3.21996e-05 	0
5.25 	8.42688e-05 	8.42688e-05 	0
5.375 	9.94038e-05 	9.94038e-05 	0
5.5 	8.48577e-05 	8.48577e-05 	0
5.5625 	9.29064e-05 	9.29064e-05 	0
5.625 	9.9353e-05 	9.9353e-05 	0
5.6875 	5.62923e-05 	5.62923e-05 	0
5.75 	9.12841e-05 	9.12841e-05 	0
5.8125 	8.83384e-05 	8.83384e-05 	0
5.875 	7.90571e-05 	7.90571e-05 	0
5.9375 	6.53041e-05 	6.53041e-05 	0
6.0 	6.45727e-05 	6.45727e-05 	0
6.1875 	3.25485e-05 	3.25485e-05 	0
6.25 	7.67315e-05 	7.67315e-05 	0
6.4375 	9.8477e-05 	9.8477e-05 	0
6.75 	8.31005e-05 	8.31005e-05 	0
6.8125 	9.77237e-05 	9.77237e-05 	0
6.9375 	5.59214e-05 	5.59214e-05 	0
7.125 	9.61091e-05 	9.61091e-05 	0
7.1875 	3.21352e-05 	3.21352e-05 	0
7.25 	7.03459e-05 	7.03459e-05 	0
7.4375 	7.62491e-05 	7.62491e-05 	0
7.5625 	6.40082e-05 	6.40082e-05 	0
7.625 	8.02646e-05 	8.02646e-05 	0
7.6875 	4.61035e-05 	4.61035e-05 	0
7.8125 	7.96881e-05 	7.96881e-05 	0
7.9375 	4.55997e-05 	4.55997e-05 	0
8.0 	6.27096e-05 	6.27096e-05 	0
8.0625 	9.93203e-05 	9.93203e-05 	0
8.125 	8.27658e-05 	8.27658e-05 	0
8.25 	7.15407e-05 	7.15407e-05 	0
8.3125 	9.20075e-05 	9.20075e-05 	0
8.4375 	8.66195e-05 	8.66195e-05 	0
8.5 	7.94189e-05 	7.94189e-05 	0
8.5625 	4.83933e-05 	4.83933e-05 	0
8.8125 	9.44304e-05 	9.44304e-05 	0
8.9375 	6.68655e-05 	6.68655e-05 	0
9.0 	4.90652e-05 	4.90652e-05 	0
9.1875 	2.69755e-05 	2.69755e-05 	0
9.25 	3.79754e-05 	3.79754e-05 	0
9.3125 	4.97637e-05 	4.97637e-05 	0
9.375 	8.27751e-05 	8.27751e-05 	0
9.4375 	5.42806e-05 	5.42806e-05 	0
9.5625 	6.13704e-05 	6.13704e-05 	0
9.625 	3.50639e-05 	3.50639e-05 	0
9.6875 	8.05263e-05 	8.05263e-05 	0
9.8125 	9.91694e-05 	9.91694e-05 	0
9.9375 	5.79238e-05 	5.79238e-05 	0
10.0 	7.39883e-05 	7.39883e-05 	0
10.0625 	8.95396e-05 	8.95396e-05 	0
10.1875 	8.2757e-05 	8.2757e-05 	0
10.3125 	7.63633e-05 	7.63633e-05 	0
10.625 	0.000104215 	6.93432e-05 	1
10.6875 	7.22799e-05 	7.22799e-05 	0
10.75 	8.37306e-05 	8.37306e-05 	0
10.8125 	7.81367e-05 	7.81367e-05 	0
10.875 	4.97189e-05 	4.97189e-05 	0
11.0 	8.41651e-05 	8.41651e-05 	0
11.0625 	8.14032e-05 	8.14032e-05 	0
11.1875 	8.51979e-05 	8.51979e-05 	0
11.625 	9.1891e-05 	9.1891e-05 	0
11.6875 	7.1207e-05 	7.1207e-05 	0
11.75 	0.000100233 	6.25864e-05 	1
11.8125 	5.5439e-05 	5.5439e-05 	0
11.875 	8.88677e-05 	8.88677e-05 	0
11.9375 	5.50696e-05 	5.50696e-05 	0
12.0 	0.000101762 	6.63373e-05 	1
12.0625 	6.97817e-05 	6.97817e-05 	0
12.1875 	6.75671e-05 	6.75671e-05 	0
12.3125 	5.26293e-05 	5.26293e-05 	0
12.375 	3.43568e-05 	3.43568e-05 	0
12.625 	8.33984e-05 	8.33984e-05 	0
12.6875 	8.3102e-05 	8.3102e-05 	0
12.8125 	0.000104811 	6.98085e-05 	1
12.875 	9.60217e-05 	9.60217e-05 	0
13.0 	9.94401e-05 	9.94401e-05 	0
13.0625 	5.90705e-05 	5.90705e-05 	0
13.1875 	8.28698e-05 	8.28698e-05 	0
13.25 	5.45534e-05 	5.45534e-05 	0
13.375 	4.56263e-05 	4.56263e-05 	0
13.4375 	8.41699e-05 	8.41699e-05 	0
13.5625 	4.59869e-05 	4.59869e-05 	0
13.625 	9.84044e-05 	9.84044e-05 	0
13.6875 	4.99896e-05 	4.99896e-05 	0
14.0 	8.56221e-05 	8.56221e-05 	0
14.0625 	6.37684e-05 	6.37684e-05 	0
14.125 	8.06316e-05 	8.06316e-05 	0
14.1875 	9.43814e-05 	9.43814e-05 	0
14.3125 	9.01608e-05 	9.01608e-05 	0
14.375 	8.86514e-05 	8.86514e-05 	0
14.4375 	7.46959e-05 	7.46959e-05 	0
14.5 	6.12654e-05 	6.12654e-05 	0
14.625 	9.68503e-05 	9.68503e-05 	0
14.6875 	8.62587e-05 	8.62587e-05 	0
14.75 	7.14973e-05 	7.14973e-05 	0
14.8125 	5.87306e-05 	5.87306e-05 	0
14.9375 	7.71031e-05 	7.71031e-05 	0
15.0 	4.72085e-05 	4.72085e-05 	0
15.1875 	9.18428e-05 	9.18428e-05 	0
15.25 	9.79277e-05 	9.79277e-05 	0
15.3125 	9.76501e-05 	9.76501e-05 	0
15.375 	9.36751e-05 	9.36751e-05 	0
15.4375 	9.28307e-05 	9.28307e-05 	0
15.5 	9.23316e-05 	9.23316e-05 	0
15.75 	8.8653e-05 	8.8653e-05 	0
15.8125 	5.53318e-05 	5.53318e-05 	0
15.875 	8.99316e-05 	8.99316e-05 	0
15.9375 	9.71311e-05 	9.71311e-05 	0
16.0 	8.73593e-05 	8.73593e-05 	0
16.0625 	5.4462e-05 	5.4462e-05 	0
16.125 	9.22815e-05 	9.22815e-05 	0
16.1875 	5.9685e-05 	5.9685e-05 	0
16.25 	6.7304e-05 	6.7304e-05 	0
16.3125 	9.17605e-05 	9.17605e-05 	0
16.375 	8.2284e-05 	8.2284e-05 	0
16.4375 	9.1901e-05 	9.1901e-05 	0
16.5 	9.7775e-05 	9.7775e-05 	0
16.625 	7.43389e-05 	7.43389e-05 	0
16.75 	4.12472e-05 	4.12472e-05 	0
16.8125 	8.19222e-05 	8.19222e-05 	0
16.9375 	6.45142e-05 	6.45142e-05 	0
17.25 	8.28259e-05 	8.28259e-05 	0
17.3125 	5.50296e-05 	5.50296e-05 	0
17.375 	7.41474e-05 	7.41474e-05 	0
17.4375 	9.57577e-05 	9.57577e-05 	0
17.5625 	6.61819e-05 	6.61819e-05 	0
17.625 	6.41612e-05 	6.41612e-05 	0
17.6875 	8.67616e-05 	8.67616e-05 	0
17.75 	4.39114e-05 	4.39114e-05 	0
18.0 	5.88213e-05 	5.88213e-05 	0
18.0625 	6.81492e-05 	6.81492e-05 	0
18.1875 	5.46618e-05 	5.46618e-05 	0
18.25 	6.04692e-05 	6.04692e-05 	0
18.375 	7.59031e-05 	7.59031e-05 	0
18.4375 	4.24343e-05 	4.24343e-05 	0
18.5625 	9.81303e-05 	9.81303e-05 	0
18.625 	7.44309e-05 	7.44309e-05 	0
18.8125 	6.94701e-05 	6.94701e-05 	0
18.875 	7.39001e-05 	7.39001e-05 	0
18.9375 	9.24224e-05 	9.24224e-05 	0
19.125 	8.24073e-05 	8.24073e-05 	0
19.25 	7.39866e-05 	7.39866e-05 	0
19.4375 	9.39244e-05 	9.39244e-05 	0
19.5 	4.62272e-05 	4.62272e-05 	0
19.625 	7.43836e-05 	7.43836e-05 	0
19.6875 	7.86511e-05 	7.86511e-05 	0
19.75 	7.18822e-05 	7.18822e-05 	0
19.9375 	7.40996e-05 	7.40996e-05 	0
20.0 	4.29274e-05 	4.29274e-05 	0
20.0625 	7.60291e-05 	7.60291e-05 	0
20.125 	3.53783e-05 	3.53783e-05 	0
20.1875 	4.55529e-05 	4.55529e-05 	0
20.25 	7.90268e-05 	7.90268e-05 	0
20.375 	7.97029e-05 	7.97029e-05 	0
20.4375 	9.88695e-05 	9.88695e-05 	0
20.5 	7.95246e-05 	7.95246e-05 	0
20.5625 	9.16069e-05 	9.16069e-05 	0
20.625 	7.2976e-05 	7.2976e-05 	0
20.6875 	7.02057e-05 	7.02057e-05 	0
20.75 	6.54742e-05 	6.54742e-05 	0
21.0 	8.20868e-05 	8.20868e-05 	0
21.0625 	7.28228e-05 	7.28228e-05 	0
21.1875 	4.05672e-05 	4.05672e-05 	0
21.3125 	8.65403e-05 	8.65403e-05 	0
21.375 	9.40547e-05 	9.40547e-05 	0
21.5625 	5.80384e-05 	5.80384e-05 	0
21.625 	3.49971e-05 	3.49971e-05 	0
21.75 	8.01676e-05 	8.01676e-05 	0
21.8125 	8.85449e-05 	8.85449e-05 	0
21.875 	8.75368e-05 	8.75368e-05 	0
21.9375 	9.89457e-05 	9.89457e-05 	0
22.125 	9.14015e-05 	9.14015e-05 	0
22.1875 	8.95195e-05 	8.95195e-05 	0
22.25 	5.47407e-05 	5.47407e-05 	0
22.3125 	9.84995e-05 	9.84995e-05 	0
22.375 	8.99551e-05 	8.99551e-05 	0
22.8125 	7.26492e-05 	7.26492e-05 	0
22.9375 	9.50742e-05 	9.50742e-05 	0
23.0 	6.57313e-05 	6.57313e-05 	0
23.125 	7.89053e-05 	7.89053e-05 	0
23.1875 	8.82939e-05 	8.82939e-05 	0
23.3125 	9.40268e-05 	9.40268e-05 	0
23.375 	9.21107e-05 	9.21107e-05 	0
23.4375 	8.7545e-05 	8.7545e-05 	0
23.6875 	8.47933e-05 	8.47933e-05 	0
23.8125 	8.82966e-05 	8.82966e-05 	0
23.875 	5.56411e-05 	5.56411e-05 	0
24.0 	6.07359e-05 	6.07359e-05 	0
24.0625 	7.28549e-05 	7.28549e-05 	0
24.3125 	7.24585e-05 	7.24585e-05 	0
24.375 	4.81381e-05 	4.81381e-05 	0
24.4375 	7.3604e-05 	7.3604e-05 	0
24.5625 	8.7916e-05 	8.7916e-05 	0
24.625 	6.29217e-05 	6.29217e-05 	0
24.6875 	9.46377e-05 	9.46377e-05 	0
24.75 	4.21573e-05 	4.21573e-05 	0
24.8125 	9.80426e-05 	9.80426e-05 	0
25.0 	9.25188e-05 	9.25188e-05 	0
25.0625 	8.80928e-05 	8.80928e-05 	0
25.125 	9.61932e-05 	9.61932e-05 	0
25.25 	9.37561e-05 	9.37561e-05 	0
25.3125 	7.46933e-05 	7.46933e-05 	0
25.625 	9.68092e-05 	9.68092e-05 	0
25.6875 	3.42945e-05 	3.42945e-05 	0
25.75 	8.22797e-05 	8.22797e-05 	0
25.8125 	7.78962e-05 	7.78962e-05 	0
25.875 	3.65131e-05 	3.65131e-05 	0
26.0 	8.56463e-05 	8.56463e-05 	0
26.125 	9.0792e-05 	9.0792e-05 	0
26.25 	9.17447e-05 	9.17447e-05 	0
26.3125 	8.45546e-05 	8.45546e-05 	0
26.375 	9.00296e-05 	9.00296e-05 	0
26.5 	9.50806e-05 	9.50806e-05 	0
26.5625 	9.98509e-05 	9.98509e-05 	0
26.625 	7.366e-05 	7.366e-05 	0
26.6875 	5.37313e-05 	5.37313e-05 	0
26.875 	7.84914e-05 	7.84914e-05 	0
26.9375 	5.68667e-05 	5.68667e-05 	0
27.0 	4.25058e-05 	4.25058e-05 	0
27.25 	4.61377e-05 	4.61377e-05 	0
27.3125 	8.57741e-05 	8.57741e-05 	0
27.375 	9.19888e-05 	9.19888e-05 	0
27.5 	7.92364e-05 	7.92364e-05 	0
27.5625 	7.98144e-05 	7.98144e-05 	0
27.625 	7.25381e-05 	7.25381e-05 	0
27.6875 	4.08708e-05 	4.08708e-05 	0
27.75 	8.48305e-05 	8.48305e-05 	0
27.8125 	9.73806e-05 	9.73806e-05 	0
28.0 	4.67876e-05 	4.67876e-05 	0
28.0625 	7.53457e-05 	7.53457e-05 	0
28.125 	8.17495e-05 	8.17495e-05 	0
28.3125 	4.39669e-05 	4.39669e-05 	0
28.4375 	7.49861e-05 	7.49861e-05 	0
28.5 	6.82626e-05 	6.82626e-05 	0
28.625 	6.87782e-05 	6.87782e-05 	0
28.6875 	7.83232e-05 	7.83232e-05 	0
28.8125 	4.42558e-05 	4.42558e-05 	0
28.875 	6.08151e-05 	6.08151e-05 	0
28.9375 	8.55156e-05 	8.55156e-05 	0
29.0 	0.000109474 	6.10826e-05 	1
29.0625 	8.37003e-05 	8.37003e-05 	0
29.125 	9.46021e-05 	9.46021e-05 	0
29.1875 	8.31634e-05 	8.31634e-05 	0
29.25 	7.33033e-05 	7.33033e-05 	0
29.375 	7.8422e-05 	7.8422e-05 	0
29.4375 	5.99021e-05 	5.99021e-05 	0
29.5 	6.49785e-05 	6.49785e-05 	0
29.625 	0.000103941 	6.08354e-05 	1
29.6875 	6.10074e-05 	6.10074e-05 	0
29.75 	7.90321e-05 	7.90321e-05 	0
29.9375 	9.29678e-05 	9.29678e-05 	0
30.125 	8.2475e-05 	8.2475e-05 	0
30.1875 	5.66201e-05 	5.66201e-05 	0
30.25 	9.18884e-05 	9.18884e-05 	0
30.3125 	7.00627e-05 	7.00627e-05 	0
30.375 	3.73602e-05 	3.73602e-05 	0
30.4375 	8.47491e-05 	8.47491e-05 	0
30.5 	8.76838e-05 	8.76838e-05 	0
30.5625 	9.41056e-05 	9.41056e-05 	0
30.6875 	9.74351e-05 	9.74351e-05 	0
30.8125 	8.88259e-05 	8.88259e-05 	0
30.9375 	4.60577e-05 	4.60577e-05 	0
31.1875 	3.89005e-05 	3.89005e-05 	0
31.25 	8.04516e-05 	8.04516e-05 	0
31.375 	6.56483e-05 	6.56483e-05 	0
31.5 	8.51633e-05 	8.51633e-05 	0
31.625 	9.0098e-05 	9.0098e-05 	0
31.75 	6.68116e-05 	6.68116e-05 	0
31.8125 	7.0611e-05 	7.0611e-05 	0
31.875 	9.62689e-05 	9.62689e-05 	0
32.0 	3.56969e-05 	3.56969e-05 	0
32.125 	8.65568e-05 	8.65568e-05 	0
32.1875 	4.41626e-05 	4.41626e-05 	0
32.25 	7.85788e-05 	7.85788e-05 	0
32.3125 	8.76013e-05 	8.76013e-05 	0
32.4375 	7.00843e-05 	7.00843e-05 	0
32.5 	5.43385e-05 	5.43385e-05 	0
32.625 	7.34154e-05 	7.34154e-05 	0
32.6875 	9.20302e-05 	9.20302e-05 	0
32.75 	9.11062e-05 	9.11062e-05 	0
32.8125 	7.92563e-05 	7.92563e-05 	0
32.875 	9.51676e-05 	9.51676e-05 	0
33.0 	9.96644e-05 	9.96644e-05 	0
33.0625 	7.08331e-05 	7.08331e-05 	0
33.125 	5.1373e-05 	5.1373e-05 	0
33.1875 	9.85505e-05 	9.85505e-05 	0
33.25 	8.10774e-05 	8.10774e-05 	0
33.3125 	9.80144e-05 	9.80144e-05 	0
33.375 	8.64681e-05 	8.64681e-05 	0
33.4375 	7.96632e-05 	7.96632e-05 	0
33.625 	7.22734e-05 	7.22734e-05 	0
33.6875 	8.36436e-05 	8.36436e-05 	0
33.75 	5.32184e-05 	5.32184e-05 	0
33.875 	9.17503e-05 	9.17503e-05 	0
33.9375 	6.52959e-05 	6.52959e-05 	0
34.0625 	8.10268e-05 	8.10268e-05 	0
34.125 	5.68458e-05 	5.68458e-05 	0
34.1875 	4.38386e-05 	4.38386e-05 	0
34.25 	6.21644e-05 	6.21644e-05 	0
34.3125 	0.000103012 	4.93222e-05 	1
34.375 	8.56221e-05 	8.56221e-05 	0
34.4375 	7.24163e-05 	7.24163e-05 	0
34.5 	9.06352e-05 	9.06352e-05 	0
34.5625 	7.76314e-05 	7.76314e-05 	0
34.625 	4.7788e-05 	4.7788e-05 	0
34.6875 	9.74322e-05 	9.74322e-05 	0
34.875 	9.56667e-05 	9.56667e-05 	0
34.9375 	9.45222e-05 	9.45222e-05 	0
35.0625 	9.48489e-05 	9.48489e-05 	0
35.125 	8.24913e-05 	8.24913e-05 	0
35.25 	9.27759e-05 	9.27759e-05 	0
35.3125 	8.25148e-05 	8.25148e-05 	0
35.375 	8.97799e-05 	8.97799e-05 	0
35.5625 	4.99842e-05 	4.99842e-05 	0
35.625 	7.76601e-05 	7.76601e-05 	0
35.6875 	7.29324e-05 	7.29324e-05 	0
35.75 	6.7748e-05 	6.7748e-05 	0
35.8125 	7.17785e-05 	7.17785e-05 	0
35.875 	6.5048e-05 	6.5048e-05 	0
35.9375 	6.6576e-05 	6.6576e-05 	0
36.0 	5.1841e-05 	5.1841e-05 	0
36.125 	9.03216e-05 	9.03216e-05 	0
36.25 	9.15411e-05 	9.15411e-05 	0
36.4375 	5.0098e-05 	5.0098e-05 	0
36.5 	3.48673e-05 	3.48673e-05 	0
36.625 	8.72325e-05 	8.72325e-05 	0
36.8125 	6.8079e-05 	6.8079e-05 	0
36.875 	4.06273e-05 	4.06273e-05 	0
37.0625 	7.96406e-05 	7.96406e-05 	0
37.125 	9.05277e-05 	9.05277e-05 	0
37.1875 	9.88554e-05 	9.88554e-05 	0
37.3125 	7.67829e-05 	7.67829e-05 	0
37.375 	7.75237e-05 	7.75237e-05 	0
37.4375 	9.64639e-05 	9.64639e-05 	0
37.5 	5.05408e-05 	5.05408e-05 	0
37.5625 	5.4747e-05 	5.4747e-05 	0
37.75 	9.98482e-05 	9.98482e-05 	0
37.9375 	7.75149e-05 	7.75149e-05 	0
38.0 	7.52815e-05 	7.52815e-05 	0
38.0625 	7.52282e-05 	7.52282e-05 	0
38.125 	9.63736e-05 	9.63736e-05 	0
38.1875 	3.38557e-05 	3.38557e-05 	0
38.25 	9.2235e-05 	9.2235e-05 	0
38.3125 	9.88389e-05 	9.88389e-05 	0
38.4375 	9.19631e-05 	9.19631e-05 	0
38.5625 	9.21319e-05 	9.21319e-05 	0
38.6875 	8.90273e-05 	8.90273e-05 	0
38.8125 	7.07286e-05 	7.07286e-05 	0
38.875 	7.77461e-05 	7.77461e-05 	0
38.9375 	7.56836e-05 	7.56836e-05 	0
39.0 	7.87958e-05 	7.87958e-05 	0
39.0625 	8.93361e-05 	8.93361e-05 	0
39.125 	8.40202e-05 	8.40202e-05 	0
39.1875 	8.13545e-05 	8.13545e-05 	0
39.25 	9.31573e-05 	9.31573e-05 	0
39.3125 	6.2017e-05 	6.2017e-05 	0
39.5 	9.2763e-05 	9.2763e-05 	0
39.5625 	6.58123e-05 	6.58123e-05 	0
39.625 	7.04833e-05 	7.04833e-05 	0
39.6875 	6.53394e-05 	6.53394e-05 	0
39.75 	8.14124e-05 	8.14124e-05 	0
39.875 	8.05402e-05 	8.05402e-05 	0
39.9375 	8.3021e-05 	8.3021e-05 	0
40.0 	3.26407e-05 	3.26407e-05 	0
40.125 	9.71733e-05 	9.71733e-05 	0
40.25 	9.15317e-05 	9.15317e-05 	0
40.3125 	8.22857e-05 	8.22857e-05 	0
40.4375 	6.02737e-05 	6.02737e-05 	0
40.5 	8.0082e-05 	8.0082e-05 	0
40.5625 	7.96217e-05 	7.96217e-05 	0
40.625 	9.43445e-05 	9.43445e-05 	0
40.8125 	5.37403e-05 	5.37403e-05 	0
40.9375 	8.0626e-05 	8.0626e-05 	0
41.125 	8.71306e-05 	8.71306e-05 	0
41.1875 	7.50871e-05 	7.50871e-05 	0
41.25 	7.7546e-05 	7.7546e-05 	0
41.3125 	8.98135e-05 	8.98135e-05 	0
41.4375 	8.65478e-05 	8.65478e-05 	0
41.5 	9.38796e-05 	9.38796e-05 	0
41.5625 	9.96898e-05 	9.96898e-05 	0
41.6875 	8.54612e-05 	8.54612e-05 	0
41.8125 	4.25604e-05 	4.25604e-05 	0
41.875 	6.86069e-05 	6.86069e-05 	0
41.9375 	6.60042e-05 	6.60042e-05 	0
42.0 	4.72023e-05 	4.72023e-05 	0
42.25 	8.8657e-05 	8.8657e-05 	0
42.5 	4.50428e-05 	4.50428e-05 	0
42.6875 	3.88642e-05 	3.88642e-05 	0
42.8125 	8.17063e-05 	8.17063e-05 	0
42.875 	9.36434e-05 	9.36434e-05 	0
42.9375 	8.04712e-05 	8.04712e-05 	0
43.0 	7.22735e-05 	7.22735e-05 	0
43.0625 	5.42569e-05 	5.42569e-05 	0
43.1875 	4.49031e-05 	4.49031e-05 	0
43.3125 	9.07297e-05 	9.07297e-05 	0
43.375 	8.15854e-05 	8.15854e-05 	0
43.6875 	9.34161e-05 	9.34161e-05 	0
43.8125 	6.59338e-05 	6.59338e-05 	0
43.9375 	5.18115e-05 	5.18115e-05 	0
44.0 	4.96237e-05 	4.96237e-05 	0
44.0625 	8.17102e-05 	8.17102e-05 	0
44.125 	8.34687e-05 	8.34687e-05 	0
44.1875 	9.15865e-05 	9.15865e-05 	0
44.25 	0.000106895 	6.85727e-05 	1
44.3125 	3.93168e-05 	3.93168e-05 	0
44.375 	7.92172e-05 	7.92172e-05 	0
44.4375 	9.37352e-05 	9.37352e-05 	0
44.5625 	7.09365e-05 	7.09365e-05 	0
44.6875 	8.66254e-05 	8.66254e-05 	0
44.75 	8.32722e-05 	8.32722e-05 	0
44.8125 	4.37328e-05 	4.37328e-05 	0
44.875 	7.91483e-05 	7.91483e-05 	0
44.9375 	6.20282e-05 	6.20282e-05 	0
45.0 	9.10437e-05 	9.10437e-05 	0
45.0625 	5.04582e-05 	5.04582e-05 	0
45.1875 	7.50152e-05 	7.50152e-05 	0
45.3125 	5.33962e-05 	5.33962e-05 	0
45.5 	7.92017e-05 	7.92017e-05 	0
45.625 	3.65628e-05 	3.65628e-05 	0
45.6875 	9.68011e-05 	9.68011e-05 	0
45.75 	9.04057e-05 	9.04057e-05 	0
45.9375 	8.45486e-05 	8.45486e-05 	0
46.0 	9.66224e-05 	9.66224e-05 	0
46.0625 	9.33535e-05 	9.33535e-05 	0
46.3125 	8.00175e-05 	8.00175e-05 	0
46.5625 	8.71406e-05 	8.71406e-05 	0
46.625 	9.79245e-05 	9.79245e-05 	0
46.6875 	8.01268e-05 	8.01268e-05 	0
46.75 	9.73309e-05 	9.73309e-05 	0
46.8125 	7.86001e-05 	7.86001e-05 	0
46.875 	9.55138e-05 	9.55138e-05 	0
47.0 	9.08063e-05 	9.08063e-05 	0
47.0625 	8.4819e-05 	8.4819e-05 	0
47.125 	9.51624e-05 	9.51624e-05 	0
47.1875 	7.78941e-05 	7.78941e-05 	0
47.25 	7.9331e-05 	7.9331e-05 	0
47.375 	8.17228e-05 	8.17228e-05 	0
47.5 	7.24841e-05 	7.24841e-05 	0
47.5625 	9.91403e-05 	9.91403e-05 	0
47.625 	5.93352e-05 	5.93352e-05 	0
47.6875 	9.64512e-05 	9.64512e-05 	0
47.8125 	9.5911e-05 	9.5911e-05 	0
48.0 	8.36342e-05 	8.36342e-05 	0
48.0625 	3.96234e-05 	3.96234e-05 	0
48.1875 	8.55779e-05 	8.55779e-05 	0
48.25 	8.44125e-05 	8.44125e-05 	0
48.3125 	8.15849e-05 	8.15849e-05 	0
48.4375 	4.03464e-05 	4.03464e-05 	0
48.5625 	8.98985e-05 	8.98985e-05 	0
48.75 	6.97769e-05 	6.97769e-05 	0
48.8125 	5.20914e-05 	5.20914e-05 	0
48.9375 	9.68311e-05 	9.68311e-05 	0
49.0 	5.62122e-05 	5.62122e-05 	0
49.125 	4.34903e-05 	4.34903e-05 	0
49.25 	7.22114e-05 	7.22114e-05 	0
49.3125 	6.74849e-05 	6.74849e-05 	0
49.375 	5.16395e-05 	5.16395e-05 	0
49.4375 	7.34077e-05 	7.34077e-05 	0
49.5 	8.34662e-05 	8.34662e-05 	0
49.5625 	7.59838e-05 	7.59838e-05 	0
49.625 	5.62057e-05 	5.62057e-05 	0
49.6875 	5.27348e-05 	5.27348e-05 	0
49.75 	5.93038e-05 	5.93038e-05 	0
50.0625 	9.7216e-05 	9.7216e-05 	0
50.125 	9.78294e-05 	9.78294e-05 	0
50.25 	4.54231e-05 	4.54231e-05 	0
50.3125 	8.51675e-05 	8.51675e-05 	0
50.375 	9.94842e-05 	9.94842e-05 	0
50.4375 	5.80354e-05 	5.80354e-05 	0
50.5625 	7.02996e-05 	7.02996e-05 	0
50.625 	6.32824e-05 	6.32824e-05 	0
50.75 	7.64457e-05 	7.64457e-05 	0
50.8125 	3.93263e-05 	3.93263e-05 	0
50.875 	9.87671e-05 	9.87671e-05 	0
50.9375 	4.46052e-05 	4.46052e-05 	0
51.0 	8.69853e-05 	8.69853e-05 	0
51.125 	8.92343e-05 	8.92343e-05 	0
51.1875 	9.03649e-05 	9.03649e-05 	0
51.25 	7.62761e-05 	7.62761e-05 	0
51.3125 	8.63769e-05 	8.63769e-05 	0
51.375 	0.000104754 	6.80601e-05 	1
51.4375 	4.51599e-05 	4.51599e-05 	0
51.5 	6.61616e-05 	6.61616e-05 	0
51.625 	3.72671e-05 	3.72671e-05 	0
51.6875 	5.01083e-05 	5.01083e-05 	0
51.8125 	9.54378e-05 	9.54378e-05 	0
51.875 	8.30009e-05 	8.30009e-05 	0
52.0 	4.42342e-05 	4.42342e-05 	0
52.0625 	4.91803e-05 	4.91803e-05 	0
52.1875 	8.96042e-05 	8.96042e-05 	0
52.3125 	7.73546e-05 	7.73546e-05 	0
52.375 	8.53049e-05 	8.53049e-05 	0
52.5 	7.06056e-05 	7.06056e-05 	0
52.625 	7.10459e-05 	7.10459e-05 	0
52.75 	4.39634e-05 	4.39634e-05 	0
52.8125 	5.48155e-05 	5.48155e-05 	0
52.875 	9.28458e-05 	9.28458e-05 	0
52.9375 	7.96864e-05 	7.96864e-05 	0
53.125 	8.54264e-05 	8.54264e-05 	0
53.1875 	9.06986e-05 	9.06986e-05 	0
53.25 	8.17491e-05 	8.17491e-05 	0
53.3125 	6.58419e-05 	6.58419e-05 	0
53.5 	9.40538e-05 	9.40538e-05 	0
53.5625 	6.42234e-05 	6.42234e-05 	0
53.625 	8.75524e-05 	8.75524e-05 	0
53.6875 	9.39189e-05 	9.39189e-05 	0
53.75 	6.45425e-05 	6.45425e-05 	0
53.8125 	7.50719e-05 	7.50719e-05 	0
53.875 	5.04065e-05 	5.04065e-05 	0
54.0 	0.000101106 	6.78009e-05 	1
54.0625 	7.49037e-05 	7.49037e-05 	0
54.1875 	9.8437e-05 	9.8437e-05 	0
54.25 	6.32034e-05 	6.32034e-05 	0
54.3125 	8.36598e-05 	8.36598e-05 	0
54.375 	8.69004e-05 	8.69004e-05 	0
54.4375 	6.37322e-05 	6.37322e-05 	0
54.6875 	8.76019e-05 	8.76019e-05 	0
54.8125 	7.96419e-05 	7.96419e-05 	0
54.875 	7.57874e-05 	7.57874e-05 	0
54.9375 	7.11747e-05 	7.11747e-05 	0
55.0 	9.24652e-05 	9.24652e-05 	0
55.0625 	8.88286e-05 	8.88286e-05 	0
55.125 	8.49691e-05 	8.49691e-05 	0
55.3125 	7.26386e-05 	7.26386e-05 	0
55.4375 	3.99591e-05 	3.99591e-05 	0
55.5 	4.40091e-05 	4.40091e-05 	0
55.6875 	6.313e-05 	6.313e-05 	0
55.75 	7.85434e-05 	7.85434e-05 	0
55.875 	9.23835e-05 	9.23835e-05 	0
55.9375 	7.84905e-05 	7.84905e-05 	0
56.0 	9.21825e-05 	9.21825e-05 	0
56.0625 	8.95342e-05 	8.95342e-05 	0
56.3125 	9.88436e-05 	9.88436e-05 	0
56.375 	3.73908e-05 	3.73908e-05 	0
56.4375 	9.37093e-05 	9.37093e-05 	0
56.5625 	9.40275e-05 	9.40275e-05 	0
56.6875 	8.06299e-05 	8.06299e-05 	0
56.75 	7.41504e-05 	7.41504e-05 	0
56.8125 	9.57011e-05 	9.57011e-05 	0
56.9375 	6.68966e-05 	6.68966e-05 	0
57.0 	9.36621e-05 	9.36621e-05 	0
57.0625 	7.79705e-05 	7.79705e-05 	0
57.1875 	8.22747e-05 	8.22747e-05 	0
57.25 	0.000102243 	7.25046e-05 	1
57.3125 	9.56225e-05 	9.56225e-05 	0
57.375 	3.31257e-05 	3.31257e-05 	0
57.4375 	8.46858e-05 	8.46858e-05 	0
57.5 	4.37793e-05 	4.37793e-05 	0
57.5625 	7.07125e-05 	7.07125e-05 	0
57.625 	8.06857e-05 	8.06857e-05 	0
57.6875 	7.01753e-05 	7.01753e-05 	0
57.75 	8.06411e-05 	8.06411e-05 	0
57.8125 	7.46533e-05 	7.46533e-05 	0
58.0 	9.80556e-05 	9.80556e-05 	0
58.0625 	4.30643e-05 	4.30643e-05 	0
58.125 	9.1511e-05 	9.1511e-05 	0
58.1875 	9.76307e-05 	9.76307e-05 	0
58.25 	4.10823e-05 	4.10823e-05 	0
58.3125 	8.2219e-05 	8.2219e-05 	0
58.4375 	7.03327e-05 	7.03327e-05 	0
58.5625 	6.15245e-05 	6.15245e-05 	0
58.625 	3.0281e-05 	3.0281e-05 	0
58.6875 	8.25013e-05 	8.25013e-05 	0
58.8125 	7.51432e-05 	7.51432e-05 	0
58.875 	9.71977e-05 	9.71977e-05 	0
58.9375 	7.82405e-05 	7.82405e-05 	0
59.0 	7.18222e-05 	7.18222e-05 	0
59.125 	7.12637e-05 	7.12637e-05 	0
59.25 	6.13482e-05 	6.13482e-05 	0
59.3125 	6.4133e-05 	6.4133e-05 	0
59.375 	9.0913e-05 	9.0913e-05 	0
59.4375 	7.46235e-05 	7.46235e-05 	0
59.5 	5.90682e-05 	5.90682e-05 	0
59.6875 	3.97087e-05 	3.97087e-05 	0
59.8125 	6.786e-05 	6.786e-05 	0
59.875 	5.21113e-05 	5.21113e-05 	0
59.9375 	9.66343e-05 	9.66343e-05 	0
60.0625 	4.89969e-05 	4.89969e-05 	0
60.125 	7.0222e-05 	7.0222e-05 	0
60.375 	3.23047e-05 	3.23047e-05 	0
60.4375 	3.62677e-05 	3.62677e-05 	0
60.5625 	9.37792e-05 	9.37792e-05 	0
60.625 	9.77289e-05 	9.77289e-05 	0
60.75 	9.67768e-05 	9.67768e-05 	0
60.8125 	6.82246e-05 	6.82246e-05 	0
60.875 	9.92262e-05 	9.92262e-05 	0
61.0 	8.81236e-05 	8.81236e-05 	0
61.125 	7.51034e-05 	7.51034e-05 	0
61.1875 	4.02514e-05 	4.02514e-05 	0
61.25 	8.51091e-05 	8.51091e-05 	0
61.3125 	4.03767e-05 	4.03767e-05 	0
61.375 	9.23488e-05 	9.23488e-05 	0
61.4375 	7.8323e-05 	7.8323e-05 	0
61.5 	6.0685e-05 	6.0685e-05 	0
61.625 	2.82207e-05 	2.82207e-05 	0
61.6875 	5.44784e-05 	5.44784e-05 	0
61.8125 	8.27871e-05 	8.27871e-05 	0
61.875 	4.62393e-05 	4.62393e-05 	0
61.9375 	7.38088e-05 	7.38088e-05 	0
62.0 	4.93464e-05 	4.93464e-05 	0
62.125 	6.51943e-05 	6.51943e-05 	0
62.1875 	0.000106596 	6.3121e-05 	1
62.25 	7.1378e-05 	7.1378e-05 	0
62.375 	8.32744e-05 	8.32744e-05 	0
62.5 	8.17924e-05 	8.17924e-05 	0
62.5625 	6.13743e-05 	6.13743e-05 	0
62.75 	9.68672e-05 	9.68672e-05 	0
62.875 	9.95462e-05 	9.95462e-05 	0
62.9375 	9.91252e-05 	9.91252e-05 	0
63.0 	8.54452e-05 	8.54452e-05 	0
63.125 	8.4807e-05 	8.4807e-05 	0
63.25 	8.56095e-05 	8.56095e-05 	0
63.4375 	4.44951e-05 	4.44951e-05 	0
63.5625 	6.82776e-05 	6.82776e-05 	0
63.8125 	8.8536e-05 	8.8536e-05 	0
63.9375 	6.73494e-05 	6.73494e-05 	0
64.0 	9.15748e-05 	9.15748e-05 	0
64.0625 	4.69217e-05 	4.69217e-05 	0
64.25 	0.000102006 	6.50326e-05 	1
64.4375 	9.24042e-05 	9.24042e-05 	0
64.5625 	3.42947e-05 	3.42947e-05 	0
64.6875 	0.000105801 	6.44769e-05 	1
64.75 	9.29042e-05 	9.29042e-05 	0
64.8125 	8.64675e-05 	8.64675e-05 	0
64.875 	6.56132e-05 	6.56132e-05 	0
64.9375 	9.0302e-05 	9.0302e-05 	0
65.0 	6.77799e-05 	6.77799e-05 	0
65.0625 	9.62509e-05 	9.62509e-05 	0
65.125 	8.82026e-05 	8.82026e-05 	0
65.25 	8.25126e-05 	8.25126e-05 	0
65.5 	9.91866e-05 	9.91866e-05 	0
65.625 	8.89719e-05 	8.89719e-05 	0
65.8125 	6.1969e-05 	6.1969e-05 	0
65.9375 	7.36973e-05 	7.36973e-05 	0
66.0 	8.62686e-05 	8.62686e-05 	0
66.0625 	0.000101689 	7.19772e-05 	1
66.25 	6.06262e-05 	6.06262e-05 	0
66.3125 	9.08818e-05 	9.08818e-05 	0
66.375 	8.75633e-05 	8.75633e-05 	0
66.5 	3.75793e-05 	3.75793e-05 	0
66.75 	8.38662e-05 	8.38662e-05 	0
66.8125 	8.94112e-05 	8.94112e-05 	0
66.875 	8.15639e-05 	8.15639e-05 	0
66.9375 	7.12221e-05 	7.12221e-05 	0
67.0 	7.15152e-05 	7.15152e-05 	0
67.25 	9.6682e-05 	9.6682e-05 	0
67.375 	6.83635e-05 	6.83635e-05 	0
67.4375 	9.13916e-05 	9.13916e-05 	0
67.5 	5.62107e-05 	5.62107e-05 	0
67.8125 	7.4329e-05 	7.4329e-05 	0
67.875 	7.62138e-05 	7.62138e-05 	0
67.9375 	5.5707e-05 	5.5707e-05 	0
68.0 	9.33592e-05 	9.33592e-05 	0
68.0625 	9.87279e-05 	9.87279e-05 	0
68.125 	9.66037e-05 	9.66037e-05 	0
68.1875 	7.38274e-05 	7.38274e-05 	0
68.3125 	9.19081e-05 	9.19081e-05 	0
68.375 	7.19074e-05 	7.19074e-05 	0
68.4375 	8.68812e-05 	8.68812e-05 	0
68.5625 	6.42888e-05 	6.42888e-05 	0
68.625 	4.46341e-05 	4.46341e-05 	0
68.6875 	8.56421e-05 	8.56421e-05 	0
68.75 	4.71046e-05 	4.71046e-05 	0
68.8125 	5.94813e-05 	5.94813e-05 	0
68.9375 	8.72838e-05 	8.72838e-05 	0
69.125 	2.48097e-05 	2.48097e-05 	0
69.1875 	9.22684e-05 	9.22684e-05 	0
69.25 	7.40611e-05 	7.40611e-05 	0
69.3125 	9.4769e-05 	9.4769e-05 	0
69.4375 	7.68777e-05 	7.68777e-05 	0
69.5 	3.71424e-05 	3.71424e-05 	0
69.625 	9.31165e-05 	9.31165e-05 	0
69.75 	6.63005e-05 	6.63005e-05 	0
69.8125 	8.98012e-05 	8.98012e-05 	0
69.875 	8.43102e-05 	8.43102e-05 	0
69.9375 	6.61997e-05 	6.61997e-05 	0
