# time 	Initial 	Final 	Iterations
0.333274 	0.000296909 	1.99965e-05 	1
0.579973 	0.000275555 	2.55256e-05 	1
0.642226 	0.00011346 	8.63754e-06 	1
0.70448 	0.000237947 	2.07193e-05 	1
0.766734 	0.000147895 	3.94982e-06 	2
0.828988 	0.000185902 	1.66326e-05 	1
1.01575 	0.000319296 	2.323e-05 	1
1.26477 	0.000200594 	1.53041e-05 	1
1.38927 	0.000504676 	4.24821e-05 	1
1.45153 	0.000178983 	1.65659e-05 	1
1.51378 	0.000161903 	1.55065e-05 	1
1.57604 	0.000496693 	3.5309e-05 	1
1.7628 	0.000266115 	1.92371e-05 	1
1.8873 	0.000447356 	3.19102e-05 	1
1.94956 	0.000186129 	1.38098e-05 	1
2.07407 	0.000178294 	1.72574e-05 	1
2.19857 	0.000410195 	3.34045e-05 	1
2.26083 	0.000198531 	1.49993e-05 	1
2.32308 	0.000149582 	1.16925e-05 	1
2.38534 	0.000313361 	2.24241e-05 	1
2.44759 	0.000356432 	2.54748e-05 	1
2.63435 	0.000352677 	2.49081e-05 	1
2.69661 	0.000234099 	2.10747e-05 	1
2.88337 	0.000306794 	2.22977e-05 	1
2.94562 	0.000302273 	2.32322e-05 	1
3.07013 	0.000172853 	1.42016e-05 	1
3.13238 	8.00949e-05 	6.51789e-06 	1
3.19464 	0.000249416 	2.24025e-05 	1
3.25689 	0.000415887 	2.94882e-05 	1
3.31914 	0.000373422 	2.66991e-05 	1
3.3814 	8.12817e-05 	6.95346e-06 	1
3.44365 	0.000383468 	2.71288e-05 	1
3.50591 	0.00027961 	2.08212e-05 	1
3.56816 	6.44201e-05 	5.48049e-06 	1
3.69267 	0.000339909 	2.50215e-05 	1
3.75492 	0.000405569 	2.95099e-05 	1
3.81718 	0.000458811 	3.23129e-05 	1
3.87943 	0.000218144 	1.70572e-05 	1
4.00394 	0.000150626 	1.4906e-05 	1
4.06619 	0.000369471 	3.10801e-05 	1
4.12845 	0.00037789 	2.67243e-05 	1
4.1907 	8.01469e-05 	8.60883e-06 	1
4.25295 	0.000295779 	2.53488e-05 	1
4.31521 	0.000240081 	1.88321e-05 	1
4.37746 	0.000203902 	1.49375e-05 	1
4.50197 	0.000140485 	3.81177e-06 	2
4.56422 	0.000166712 	1.61429e-05 	1
4.62648 	0.00012857 	1.13013e-05 	1
4.68873 	0.00015086 	1.27687e-05 	1
4.81324 	6.4038e-05 	6.3685e-06 	1
4.87549 	7.21531e-05 	7.93593e-06 	1
4.93775 	0.000174191 	4.28935e-06 	2
5.0 	0.000196711 	1.45478e-05 	1
5.0625 	0.00011485 	1.05564e-05 	1
5.125 	0.00022546 	1.64406e-05 	1
5.25 	0.00019409 	1.58104e-05 	1
5.3125 	7.95378e-05 	8.21524e-06 	1
5.375 	0.000394905 	2.85077e-05 	1
5.5 	0.000318754 	2.95565e-05 	1
5.5625 	0.00038812 	2.84763e-05 	1
5.625 	0.000389158 	2.83365e-05 	1
5.6875 	0.00019969 	1.45931e-05 	1
5.75 	0.00021494 	1.59255e-05 	1
5.8125 	0.000174502 	1.34553e-05 	1
5.875 	0.000346803 	2.45215e-05 	1
5.9375 	0.000237122 	1.77659e-05 	1
6.0 	0.000143806 	1.23759e-05 	1
6.1875 	9.95628e-05 	8.30958e-06 	1
6.25 	0.000422472 	3.0266e-05 	1
6.4375 	0.000552738 	4.75985e-05 	1
6.75 	0.000448167 	3.13748e-05 	1
6.8125 	0.000511567 	3.67074e-05 	1
6.9375 	0.000297612 	2.18322e-05 	1
7.125 	0.000128005 	1.21527e-05 	1
7.1875 	0.000391269 	3.34333e-05 	1
7.25 	0.000137839 	3.76339e-06 	2
7.4375 	0.000145762 	1.26378e-05 	1
7.5625 	0.000165015 	1.46632e-05 	1
7.625 	0.000167658 	1.43472e-05 	1
7.6875 	0.000230302 	1.66975e-05 	1
7.8125 	9.14298e-05 	8.621e-06 	1
7.9375 	0.000201255 	1.50873e-05 	1
8.0 	0.000128696 	2.77778e-06 	2
8.0625 	0.000525099 	3.75927e-05 	1
8.125 	0.000210466 	1.5726e-05 	1
8.25 	0.00023285 	2.12683e-05 	1
8.3125 	0.000324553 	3.0142e-05 	1
8.375 	0.000125996 	2.88668e-06 	2
8.4375 	0.000294834 	2.68606e-05 	1
8.5 	0.000224555 	1.62474e-05 	1
8.5625 	0.000277816 	1.96697e-05 	1
8.8125 	0.000230733 	1.79823e-05 	1
8.9375 	0.000227779 	2.2348e-05 	1
9.0 	0.000335413 	2.92265e-05 	1
9.0625 	0.000210211 	1.67831e-05 	1
9.1875 	0.000330538 	2.39995e-05 	1
9.25 	0.000157361 	1.33803e-05 	1
9.3125 	0.000100514 	3.11713e-06 	2
9.375 	0.000155307 	1.45018e-05 	1
9.4375 	0.000114947 	8.96076e-06 	1
9.5625 	0.000181282 	1.41825e-05 	1
9.625 	0.000507765 	3.64503e-05 	1
9.6875 	0.000205574 	1.82638e-05 	1
9.8125 	0.000337962 	2.43171e-05 	1
9.9375 	0.000207279 	1.5553e-05 	1
10.0 	0.0006383 	4.5704e-05 	1
10.0625 	0.000188558 	1.45873e-05 	1
10.1875 	0.000207042 	1.51478e-05 	1
10.3125 	0.000172439 	1.49191e-05 	1
10.625 	0.000193233 	1.87964e-05 	1
10.6875 	0.00031908 	2.38922e-05 	1
10.75 	0.000350911 	2.55771e-05 	1
10.8125 	0.00034595 	2.56288e-05 	1
10.875 	0.000358573 	2.59681e-05 	1
11.0 	0.000393643 	2.85495e-05 	1
11.0625 	0.000222595 	1.65463e-05 	1
11.1875 	0.000140573 	1.03082e-05 	1
11.4375 	9.1564e-05 	8.10898e-06 	1
11.5625 	0.000198802 	4.94424e-06 	2
11.625 	0.000102796 	1.01012e-05 	1
11.6875 	0.000182062 	1.58123e-05 	1
11.75 	0.000362859 	2.62837e-05 	1
11.8125 	0.000226091 	1.84789e-05 	1
11.875 	0.000258278 	1.94789e-05 	1
11.9375 	0.000246157 	1.8269e-05 	1
12.0 	9.91368e-05 	2.38981e-06 	2
12.0625 	0.000215112 	1.6526e-05 	1
12.1875 	0.000280506 	2.00844e-05 	1
12.25 	8.07315e-05 	9.52029e-06 	1
12.3125 	0.000125108 	9.09466e-06 	1
12.375 	0.000335731 	2.39803e-05 	1
12.625 	0.000251861 	1.91666e-05 	1
12.6875 	0.000105948 	1.01963e-05 	1
12.8125 	0.000383556 	2.77287e-05 	1
12.875 	0.000150453 	3.82555e-06 	2
13.0 	0.000124674 	1.1508e-05 	1
13.0625 	0.000248873 	1.85067e-05 	1
13.1875 	0.000200445 	1.61524e-05 	1
13.25 	0.000167007 	1.22578e-05 	1
13.375 	0.000171008 	1.40681e-05 	1
13.4375 	0.000161952 	1.60507e-05 	1
13.5 	0.000101798 	7.70731e-06 	1
13.5625 	0.000266171 	1.98656e-05 	1
13.625 	0.00021849 	1.58598e-05 	1
13.6875 	0.000223186 	2.04206e-05 	1
14.0 	0.000178646 	1.37351e-05 	1
14.0625 	0.0002626 	1.89243e-05 	1
14.125 	0.000255696 	2.28787e-05 	1
14.1875 	0.000133524 	1.23668e-05 	1
14.3125 	0.000216557 	1.58391e-05 	1
14.375 	0.000261578 	2.31968e-05 	1
14.4375 	0.000251848 	1.83722e-05 	1
14.5 	0.000307885 	2.26615e-05 	1
14.625 	0.000146846 	1.42817e-05 	1
14.6875 	0.000315956 	2.92859e-05 	1
14.75 	0.00016935 	4.48202e-06 	2
14.8125 	0.000393386 	2.83707e-05 	1
14.9375 	0.000182657 	1.39641e-05 	1
15.0 	0.000286242 	2.10666e-05 	1
15.1875 	0.000165759 	1.54166e-05 	1
15.25 	0.000229671 	6.26164e-06 	2
15.3125 	0.000178969 	1.32248e-05 	1
15.375 	9.76139e-05 	9.77857e-06 	1
15.4375 	0.00017638 	4.59274e-06 	2
15.5 	0.000145705 	3.9377e-06 	2
15.5625 	0.000327971 	2.34334e-05 	1
15.75 	0.000645361 	4.61915e-05 	1
15.8125 	0.000324112 	2.91891e-05 	1
15.875 	0.000140063 	1.04769e-05 	1
15.9375 	0.000192058 	1.47806e-05 	1
16.0 	0.00020206 	1.82755e-05 	1
16.0625 	0.000105274 	9.00421e-06 	1
16.125 	0.00014804 	1.22091e-05 	1
16.1875 	0.000111459 	8.68835e-06 	1
16.25 	9.92035e-05 	2.16453e-06 	2
16.3125 	0.000154345 	1.18499e-05 	1
16.375 	0.00028976 	2.12514e-05 	1
16.4375 	0.000117251 	1.0099e-05 	1
16.5 	0.000141165 	3.83056e-06 	2
16.625 	9.24194e-05 	7.98859e-06 	1
16.6875 	0.000338431 	3.12439e-05 	1
16.75 	0.000155929 	1.48885e-05 	1
16.8125 	0.000148369 	1.29408e-05 	1
16.875 	0.000381141 	3.17442e-05 	1
16.9375 	0.000128763 	3.11615e-06 	2
17.25 	0.000423142 	3.00117e-05 	1
17.3125 	0.000204249 	1.7744e-05 	1
17.375 	0.000221057 	2.05947e-05 	1
17.4375 	0.000286017 	2.1101e-05 	1
17.5 	0.000181315 	1.60383e-05 	1
17.5625 	0.000247704 	2.32458e-05 	1
17.625 	0.000118562 	2.8416e-06 	2
17.6875 	0.000311535 	2.37083e-05 	1
17.75 	0.000322716 	2.45913e-05 	1
18.0 	0.000217856 	1.56954e-05 	1
18.0625 	0.000448721 	3.91374e-05 	1
18.125 	7.85767e-05 	7.48639e-06 	1
18.1875 	0.000203053 	1.70775e-05 	1
18.25 	0.000194028 	1.6281e-05 	1
18.375 	0.000145184 	3.92866e-06 	2
18.4375 	0.000232253 	1.6559e-05 	1
18.5625 	0.000409411 	2.94711e-05 	1
18.625 	0.00013495 	1.05792e-05 	1
18.75 	0.00018915 	1.46534e-05 	1
18.8125 	0.00028734 	2.73165e-05 	1
18.875 	0.000168466 	1.53325e-05 	1
18.9375 	0.000434593 	3.08234e-05 	1
19.125 	0.000331526 	2.37404e-05 	1
19.25 	0.000272374 	2.41064e-05 	1
19.4375 	0.0001113 	8.75172e-06 	1
19.5 	0.000418714 	2.94627e-05 	1
19.625 	9.44819e-05 	8.9653e-06 	1
19.6875 	0.000174466 	1.62682e-05 	1
19.75 	0.000160235 	1.54841e-05 	1
19.9375 	0.000216646 	1.51951e-05 	1
20.0 	0.000247751 	2.25632e-05 	1
20.0625 	0.000290742 	2.56999e-05 	1
20.125 	0.000189867 	1.63232e-05 	1
20.1875 	0.000159509 	1.34834e-05 	1
20.25 	0.000290289 	2.12028e-05 	1
20.375 	0.000380315 	2.70219e-05 	1
20.4375 	0.000155515 	1.36728e-05 	1
20.5 	0.000497881 	3.52464e-05 	1
20.5625 	0.00017001 	1.37976e-05 	1
20.625 	0.000247531 	1.94399e-05 	1
20.6875 	0.000461585 	3.30127e-05 	1
20.75 	0.000216529 	1.64711e-05 	1
21.0 	0.00040554 	2.9432e-05 	1
21.0625 	0.000203667 	1.68548e-05 	1
21.1875 	0.000219504 	1.67683e-05 	1
21.3125 	0.000392085 	2.77432e-05 	1
21.375 	0.000348311 	2.54489e-05 	1
21.5625 	0.000249887 	1.89083e-05 	1
21.625 	0.000454822 	3.2235e-05 	1
21.6875 	0.000109886 	8.89106e-06 	1
21.75 	0.000381364 	2.69407e-05 	1
21.8125 	0.000129879 	1.29831e-05 	1
21.875 	0.000387613 	2.84386e-05 	1
21.9375 	0.000168195 	4.46128e-06 	2
22.125 	0.000421031 	3.05168e-05 	1
22.1875 	0.000330307 	2.39103e-05 	1
22.25 	0.000276571 	2.02391e-05 	1
22.3125 	0.000309497 	2.1994e-05 	1
22.375 	0.000101918 	3.0646e-06 	2
22.8125 	0.00018754 	1.47007e-05 	1
22.9375 	0.000199034 	1.61623e-05 	1
23.0 	0.000248545 	1.86137e-05 	1
23.125 	0.000300494 	2.30118e-05 	1
23.1875 	0.000215323 	2.10758e-05 	1
23.3125 	0.000449389 	3.70349e-05 	1
23.375 	0.000142983 	3.94162e-06 	2
23.4375 	0.000388978 	2.78374e-05 	1
23.6875 	0.000253683 	2.02107e-05 	1
23.75 	0.000120914 	4.28037e-06 	2
23.8125 	0.000230903 	1.71965e-05 	1
23.875 	0.000135654 	1.07224e-05 	1
24.0 	0.00018623 	1.6417e-05 	1
24.0625 	0.000232582 	1.84759e-05 	1
24.125 	0.000209277 	1.70832e-05 	1
24.3125 	0.000122661 	2.93307e-06 	2
24.375 	0.000275571 	2.39347e-05 	1
24.4375 	0.000348032 	2.54877e-05 	1
24.5625 	0.000285282 	2.07233e-05 	1
24.625 	0.000380683 	2.74028e-05 	1
24.6875 	0.000454463 	3.32319e-05 	1
24.75 	0.000212248 	1.88332e-05 	1
24.8125 	0.000247344 	2.03808e-05 	1
25.0 	0.000273001 	2.00542e-05 	1
25.0625 	0.000211964 	1.52689e-05 	1
25.125 	0.000346472 	2.50142e-05 	1
25.25 	0.00014196 	3.88755e-06 	2
25.3125 	0.000189203 	1.54221e-05 	1
25.625 	9.60105e-05 	7.66725e-06 	1
25.6875 	0.000188339 	1.55542e-05 	1
25.75 	0.000119516 	3.16204e-06 	2
25.8125 	0.000125187 	1.05189e-05 	1
25.875 	0.000128929 	1.00786e-05 	1
25.9375 	7.71701e-05 	7.1812e-06 	1
26.0 	0.00034263 	2.60323e-05 	1
26.0625 	0.000209351 	1.6316e-05 	1
26.125 	8.55263e-05 	9.39669e-06 	1
26.25 	0.000205081 	1.74322e-05 	1
26.3125 	8.19652e-05 	6.56641e-06 	1
26.375 	0.000156947 	1.18687e-05 	1
26.4375 	0.000146296 	3.79492e-06 	2
26.5 	0.000210043 	1.5443e-05 	1
26.5625 	0.000124109 	3.32487e-06 	2
26.625 	0.000131494 	1.02477e-05 	1
26.6875 	0.000151457 	1.50802e-05 	1
26.875 	0.000193145 	1.45123e-05 	1
26.9375 	0.000146786 	3.71902e-06 	2
27.0 	0.000184524 	1.40731e-05 	1
27.25 	0.000115739 	1.08201e-05 	1
27.3125 	0.00022028 	1.57679e-05 	1
27.375 	0.00032434 	2.32098e-05 	1
27.5 	0.000399141 	2.83334e-05 	1
27.5625 	7.0937e-05 	6.03883e-06 	1
27.625 	0.000119019 	9.78654e-06 	1
27.6875 	0.000431116 	3.11685e-05 	1
27.75 	0.000448402 	3.16317e-05 	1
27.8125 	0.000367805 	2.63554e-05 	1
27.875 	0.000199007 	1.87525e-05 	1
28.0 	0.000265166 	2.08662e-05 	1
28.0625 	0.000130562 	3.56307e-06 	2
28.125 	0.000188918 	1.44751e-05 	1
28.3125 	0.000165091 	1.4059e-05 	1
28.4375 	0.000235113 	1.99286e-05 	1
28.5 	0.000373147 	2.70372e-05 	1
28.625 	0.000283537 	2.06213e-05 	1
28.6875 	0.000197837 	1.62877e-05 	1
28.8125 	0.000300551 	2.1873e-05 	1
28.875 	0.000166394 	1.57163e-05 	1
28.9375 	0.000352168 	2.50622e-05 	1
29.0 	0.00036784 	2.63266e-05 	1
29.0625 	0.000269294 	1.98651e-05 	1
29.125 	0.000236829 	2.16331e-05 	1
29.1875 	0.000365451 	2.61145e-05 	1
29.25 	0.000292031 	2.1657e-05 	1
29.375 	0.000288874 	2.1982e-05 	1
29.4375 	0.00013331 	1.08063e-05 	1
29.5 	8.55459e-05 	8.97858e-06 	1
29.625 	0.000242886 	1.76231e-05 	1
29.6875 	0.000382526 	2.73944e-05 	1
29.75 	0.000109662 	9.07339e-06 	1
29.9375 	0.000227966 	1.6311e-05 	1
30.125 	0.000417714 	3.80234e-05 	1
30.1875 	0.000448603 	3.16457e-05 	1
30.25 	0.000287944 	2.10398e-05 	1
30.3125 	0.000274547 	2.65032e-05 	1
30.375 	0.000369521 	2.6602e-05 	1
30.4375 	0.000197962 	1.80083e-05 	1
30.5 	0.000301591 	2.21785e-05 	1
30.5625 	0.000211096 	1.58163e-05 	1
30.6875 	0.000226421 	2.10988e-05 	1
30.8125 	0.000318224 	2.95497e-05 	1
30.9375 	0.000243775 	2.11554e-05 	1
31.1875 	0.000159029 	1.18679e-05 	1
31.25 	0.00026334 	2.08511e-05 	1
31.375 	0.000183865 	4.6291e-06 	2
31.5 	0.000168687 	1.24802e-05 	1
31.625 	0.000164544 	1.45634e-05 	1
31.75 	0.000227113 	1.63672e-05 	1
31.8125 	0.000185452 	1.48789e-05 	1
31.875 	0.000470519 	3.32649e-05 	1
32.0 	0.000204482 	1.62011e-05 	1
32.125 	0.000241877 	1.76951e-05 	1
32.1875 	0.000121152 	1.09764e-05 	1
32.25 	0.000195437 	1.51231e-05 	1
32.3125 	0.000324322 	2.36524e-05 	1
32.4375 	0.000141079 	1.06276e-05 	1
32.5 	0.000120791 	1.17821e-05 	1
32.625 	9.77194e-05 	9.8968e-06 	1
32.6875 	0.000255353 	1.87629e-05 	1
32.75 	0.000231315 	1.68739e-05 	1
32.8125 	0.00017167 	1.54009e-05 	1
32.875 	0.00017782 	1.52263e-05 	1
33.0 	0.000134036 	1.23e-05 	1
33.0625 	0.000204559 	1.50306e-05 	1
33.125 	0.000224328 	1.70276e-05 	1
33.1875 	0.000358766 	3.27338e-05 	1
33.25 	0.000175797 	1.44656e-05 	1
33.3125 	0.000365324 	2.6354e-05 	1
33.375 	0.000230737 	1.80925e-05 	1
33.4375 	0.000410073 	2.92298e-05 	1
33.625 	0.000301327 	2.3136e-05 	1
33.6875 	0.000178271 	1.52544e-05 	1
33.75 	0.00038317 	2.73072e-05 	1
33.875 	0.000366438 	2.71204e-05 	1
33.9375 	0.000206065 	1.87784e-05 	1
34.0625 	0.000191145 	1.51814e-05 	1
34.125 	0.000217245 	1.8158e-05 	1
34.1875 	0.000106702 	2.82577e-06 	2
34.25 	0.000313431 	2.27882e-05 	1
34.3125 	0.000223871 	1.65921e-05 	1
34.375 	0.000362707 	2.62247e-05 	1
34.4375 	0.000170349 	4.07136e-06 	2
34.5 	0.000209211 	1.5604e-05 	1
34.5625 	0.000142603 	1.12416e-05 	1
34.625 	0.000129273 	3.36594e-06 	2
34.6875 	0.000167099 	1.49267e-05 	1
34.875 	0.000163322 	1.21392e-05 	1
34.9375 	9.69585e-05 	2.44395e-06 	2
35.0625 	0.000357106 	2.58146e-05 	1
35.125 	0.000112478 	9.71033e-06 	1
35.25 	0.000284896 	2.1162e-05 	1
35.3125 	0.000162301 	1.20729e-05 	1
35.375 	0.000437171 	3.15987e-05 	1
35.5625 	0.00015565 	1.47112e-05 	1
35.625 	0.000184345 	1.37181e-05 	1
35.6875 	6.84932e-05 	7.56285e-06 	1
35.75 	0.000200139 	1.56793e-05 	1
35.8125 	0.000206392 	1.89494e-05 	1
35.875 	0.000149473 	1.49406e-05 	1
35.9375 	0.000453405 	3.26476e-05 	1
36.0 	0.000269616 	2.00031e-05 	1
36.125 	0.000441354 	3.20872e-05 	1
36.25 	0.000294417 	2.30259e-05 	1
36.4375 	0.000273793 	2.15674e-05 	1
36.5 	0.000183271 	1.8112e-05 	1
36.5625 	8.56477e-05 	8.04387e-06 	1
36.625 	0.000164899 	1.24679e-05 	1
36.8125 	0.00041508 	3.02875e-05 	1
36.875 	0.000243209 	1.81085e-05 	1
37.0625 	0.000157719 	1.14525e-05 	1
37.125 	0.000291882 	2.1679e-05 	1
37.1875 	0.000434853 	3.13722e-05 	1
37.25 	9.95057e-05 	7.91495e-06 	1
37.3125 	0.000215697 	1.59293e-05 	1
37.375 	0.000243025 	1.86496e-05 	1
37.4375 	0.000128858 	1.01583e-05 	1
37.5 	8.2951e-05 	8.14785e-06 	1
37.5625 	0.000310901 	2.24577e-05 	1
37.75 	0.000230599 	1.68633e-05 	1
37.8125 	0.000184362 	1.41128e-05 	1
37.9375 	0.000191533 	1.58254e-05 	1
38.0 	0.000166733 	1.32246e-05 	1
38.0625 	9.06906e-05 	9.13006e-06 	1
38.125 	0.000256074 	1.93538e-05 	1
38.1875 	0.000251466 	1.95417e-05 	1
38.25 	0.000276743 	2.06358e-05 	1
38.3125 	0.000238049 	1.73275e-05 	1
38.4375 	0.000197352 	1.40153e-05 	1
38.5625 	0.000188437 	1.40133e-05 	1
38.6875 	0.000412054 	2.98907e-05 	1
38.8125 	0.00032532 	2.44436e-05 	1
38.875 	0.00020619 	1.74506e-05 	1
38.9375 	0.000369088 	2.65456e-05 	1
39.0 	0.000224306 	1.69336e-05 	1
39.0625 	0.000224951 	1.67472e-05 	1
39.125 	0.000129911 	2.9857e-06 	2
39.1875 	0.000267124 	2.0698e-05 	1
39.25 	0.000183518 	1.63666e-05 	1
39.3125 	0.000212228 	1.70035e-05 	1
39.5 	0.000285781 	2.07067e-05 	1
39.5625 	0.000299244 	2.1561e-05 	1
39.625 	0.000194225 	1.42626e-05 	1
39.6875 	0.000196814 	1.768e-05 	1
39.75 	0.000116772 	1.00265e-05 	1
39.8125 	0.000270114 	1.94477e-05 	1
39.875 	0.000402994 	2.89234e-05 	1
39.9375 	0.000419819 	2.96888e-05 	1
40.0 	0.000358023 	2.60712e-05 	1
40.125 	0.000278419 	2.01463e-05 	1
40.25 	0.00015056 	4.0344e-06 	2
40.3125 	0.000201074 	1.59856e-05 	1
40.4375 	0.000357731 	2.61925e-05 	1
40.5 	0.000310953 	2.68887e-05 	1
40.5625 	0.000368371 	2.61192e-05 	1
40.625 	0.000420096 	2.99834e-05 	1
40.8125 	0.000302032 	2.79358e-05 	1
40.9375 	0.000317616 	2.94204e-05 	1
41.125 	0.000272279 	2.41722e-05 	1
41.1875 	0.000220795 	1.82578e-05 	1
41.25 	0.000423035 	3.05631e-05 	1
41.3125 	0.000266413 	2.00752e-05 	1
41.4375 	0.000143247 	1.29018e-05 	1
41.5 	0.000156042 	1.26112e-05 	1
41.5625 	0.000242805 	1.88895e-05 	1
41.6875 	0.000422616 	3.03831e-05 	1
41.8125 	0.000215524 	1.92977e-05 	1
41.875 	0.000241943 	1.92151e-05 	1
41.9375 	0.000289041 	2.15826e-05 	1
42.0 	0.000150688 	1.3868e-05 	1
42.25 	0.000200619 	1.64964e-05 	1
42.5 	0.00023345 	1.83125e-05 	1
42.6875 	0.000149866 	1.28636e-05 	1
42.8125 	0.000174291 	4.32164e-06 	2
42.875 	0.000352562 	3.2127e-05 	1
42.9375 	0.000247924 	2.18375e-05 	1
43.0 	0.00040943 	2.91897e-05 	1
43.0625 	0.00043028 	3.12906e-05 	1
43.1875 	0.000341137 	2.42653e-05 	1
43.3125 	0.000272113 	2.01388e-05 	1
43.375 	0.000112006 	8.83817e-06 	1
43.6875 	0.000147027 	3.69317e-06 	2
43.75 	7.6021e-05 	6.11086e-06 	1
43.8125 	0.000334418 	2.4346e-05 	1
43.9375 	0.000616504 	4.38405e-05 	1
44.0 	0.000262397 	1.96736e-05 	1
44.0625 	0.000179318 	1.71837e-05 	1
44.125 	0.000202855 	1.84777e-05 	1
44.1875 	0.000453515 	3.26952e-05 	1
44.25 	0.000288997 	2.08845e-05 	1
44.3125 	0.000361658 	2.78684e-05 	1
44.375 	0.000108602 	2.89779e-06 	2
44.4375 	0.00025107 	1.88687e-05 	1
44.5625 	0.000156687 	1.25986e-05 	1
44.625 	6.64284e-05 	6.70325e-06 	1
44.6875 	0.00010351 	9.12391e-06 	1
44.75 	0.000200309 	1.62983e-05 	1
44.8125 	0.000299845 	2.2605e-05 	1
44.875 	0.000273152 	1.99334e-05 	1
44.9375 	0.00017447 	1.38619e-05 	1
45.0 	0.000269714 	2.07033e-05 	1
45.0625 	0.000260426 	2.23298e-05 	1
45.1875 	0.000162414 	1.37805e-05 	1
45.3125 	0.000289761 	2.08542e-05 	1
45.5 	0.000115989 	1.04807e-05 	1
45.625 	0.000154389 	4.15892e-06 	2
45.6875 	0.000255426 	1.88911e-05 	1
45.75 	0.000279875 	2.01035e-05 	1
45.9375 	0.000141685 	1.39311e-05 	1
46.0 	0.000411244 	2.93053e-05 	1
46.0625 	0.000268136 	1.99645e-05 	1
46.3125 	0.000351219 	2.57085e-05 	1
46.375 	0.000279292 	2.46703e-05 	1
46.5625 	0.000248516 	2.22244e-05 	1
46.625 	0.000318505 	2.95403e-05 	1
46.6875 	0.000339714 	2.46625e-05 	1
46.75 	0.000242114 	1.74659e-05 	1
46.8125 	0.000151325 	1.30487e-05 	1
46.875 	0.000384304 	2.72863e-05 	1
47.0 	0.000197132 	1.42462e-05 	1
47.0625 	0.000294855 	2.75907e-05 	1
47.125 	0.000202473 	1.88458e-05 	1
47.1875 	0.000482987 	3.44472e-05 	1
47.25 	0.000320399 	2.38883e-05 	1
47.375 	0.000167855 	1.4001e-05 	1
47.5 	0.000151745 	4.11047e-06 	2
47.5625 	0.000261645 	1.97242e-05 	1
47.625 	0.000419448 	3.09349e-05 	1
47.6875 	0.000279591 	2.02135e-05 	1
47.8125 	0.000169457 	1.3572e-05 	1
48.0 	0.000284711 	2.08462e-05 	1
48.0625 	0.000375461 	2.66122e-05 	1
48.1875 	0.000355954 	2.54781e-05 	1
48.25 	0.000425128 	3.01078e-05 	1
48.3125 	0.000299642 	2.27279e-05 	1
48.4375 	0.000258492 	1.87966e-05 	1
48.5 	9.45418e-05 	2.27728e-06 	2
48.5625 	0.000245113 	1.8562e-05 	1
48.75 	0.00020651 	1.70959e-05 	1
48.8125 	0.000293156 	2.10655e-05 	1
48.9375 	0.000274748 	2.66569e-05 	1
49.0 	0.000124944 	1.03416e-05 	1
49.125 	0.000381649 	2.81485e-05 	1
49.1875 	0.000271786 	2.1098e-05 	1
49.25 	0.000197323 	1.40764e-05 	1
49.3125 	0.000499787 	3.58286e-05 	1
49.375 	0.000356826 	2.61368e-05 	1
49.4375 	0.000141007 	3.78652e-06 	2
49.5 	0.00023268 	1.87802e-05 	1
49.5625 	9.99964e-05 	2.96148e-06 	2
49.625 	0.000214443 	1.69161e-05 	1
49.6875 	0.000273519 	1.97396e-05 	1
49.75 	0.00027703 	2.01068e-05 	1
50.0625 	0.000393243 	3.37859e-05 	1
50.125 	0.000169224 	4.07294e-06 	2
50.25 	0.000235279 	2.11945e-05 	1
50.3125 	0.000318403 	2.26239e-05 	1
50.375 	0.000339685 	2.72057e-05 	1
50.4375 	0.000402757 	2.94358e-05 	1
50.5625 	9.59193e-05 	8.25759e-06 	1
50.625 	0.000192104 	1.68181e-05 	1
50.75 	0.000220181 	1.71212e-05 	1
50.8125 	0.000291066 	2.10103e-05 	1
50.875 	0.000280511 	2.11416e-05 	1
50.9375 	0.000138961 	3.7888e-06 	2
51.0 	0.000114097 	9.64324e-06 	1
51.0625 	9.51528e-05 	7.10417e-06 	1
51.125 	0.000176773 	1.47984e-05 	1
51.1875 	0.000390381 	2.8114e-05 	1
51.25 	0.000311903 	2.22609e-05 	1
51.3125 	0.000159398 	3.7844e-06 	2
51.375 	0.000229255 	1.68656e-05 	1
51.4375 	0.000380546 	2.75669e-05 	1
51.5 	0.000281638 	2.10314e-05 	1
51.5625 	0.000203845 	1.68219e-05 	1
51.625 	0.000218606 	1.90346e-05 	1
51.6875 	0.000187055 	1.39765e-05 	1
51.8125 	0.00027127 	1.99181e-05 	1
51.875 	0.000158914 	1.38913e-05 	1
52.0 	9.20151e-05 	7.56155e-06 	1
52.0625 	9.79918e-05 	2.53474e-06 	2
52.1875 	0.000165539 	1.55205e-05 	1
52.3125 	0.000344424 	2.43114e-05 	1
52.375 	0.000371005 	2.68648e-05 	1
52.5 	0.000155638 	1.12814e-05 	1
52.625 	0.000120636 	1.06471e-05 	1
52.6875 	5.33134e-05 	4.92371e-06 	1
52.75 	0.000187862 	1.86579e-05 	1
52.8125 	0.000178584 	1.30316e-05 	1
52.875 	0.000130638 	3.18084e-06 	2
52.9375 	0.000347048 	3.1619e-05 	1
53.125 	0.000176604 	1.58971e-05 	1
53.1875 	0.000219733 	1.63837e-05 	1
53.25 	0.000284253 	2.15969e-05 	1
53.3125 	0.000366401 	2.61465e-05 	1
53.375 	0.000188796 	5.54051e-06 	2
53.5 	0.000164014 	1.46046e-05 	1
53.5625 	0.000125866 	1.006e-05 	1
53.625 	0.000383315 	3.47756e-05 	1
53.6875 	0.000444676 	3.18619e-05 	1
53.75 	0.000192046 	1.45226e-05 	1
53.8125 	0.00011562 	1.15224e-05 	1
53.875 	0.000223594 	2.00882e-05 	1
54.0 	0.000136659 	1.20891e-05 	1
54.0625 	0.000181667 	1.42582e-05 	1
54.1875 	0.000241903 	1.77244e-05 	1
54.25 	0.000100096 	9.39278e-06 	1
54.3125 	0.000164141 	1.38482e-05 	1
54.375 	0.000193396 	1.41676e-05 	1
54.4375 	0.000327337 	2.46918e-05 	1
54.6875 	0.000221397 	1.80174e-05 	1
54.8125 	0.000336205 	2.46512e-05 	1
54.875 	0.000370351 	2.66436e-05 	1
54.9375 	0.000163164 	1.23926e-05 	1
55.0 	0.000353785 	3.04237e-05 	1
55.0625 	0.000135011 	1.28211e-05 	1
55.125 	0.000382944 	2.75941e-05 	1
55.3125 	0.000536348 	4.49671e-05 	1
55.4375 	0.000308769 	2.21608e-05 	1
55.5 	0.000321408 	2.752e-05 	1
55.625 	0.000356762 	2.54485e-05 	1
55.6875 	0.000278229 	2.07845e-05 	1
55.75 	0.000330553 	2.4209e-05 	1
55.875 	0.000302178 	2.13391e-05 	1
55.9375 	0.000201436 	1.69927e-05 	1
56.0 	0.000170859 	1.5832e-05 	1
56.0625 	0.000252869 	1.94808e-05 	1
56.3125 	0.000519134 	3.76059e-05 	1
56.375 	0.000199859 	1.95503e-05 	1
56.4375 	0.000256082 	1.86649e-05 	1
56.5625 	0.000364097 	2.62526e-05 	1
56.6875 	0.000275799 	2.11423e-05 	1
56.75 	0.000132075 	1.27527e-05 	1
56.8125 	0.000111657 	3.02123e-06 	2
56.9375 	0.000637547 	5.29298e-05 	1
57.0 	9.91285e-05 	9.36148e-06 	1
57.0625 	0.000195591 	1.44901e-05 	1
57.1875 	0.000181024 	1.32666e-05 	1
57.25 	0.000199252 	1.57984e-05 	1
57.3125 	0.000248164 	1.80121e-05 	1
57.375 	0.000386818 	2.83127e-05 	1
57.4375 	0.000337234 	2.46016e-05 	1
57.5 	0.000507375 	4.26333e-05 	1
57.5625 	0.000195526 	1.65103e-05 	1
57.625 	0.000305795 	2.60874e-05 	1
57.6875 	0.00029481 	2.26517e-05 	1
57.75 	0.00037175 	2.66586e-05 	1
57.8125 	0.000152645 	1.4654e-05 	1
58.0 	0.00051824 	3.66087e-05 	1
58.0625 	0.000322058 	2.37391e-05 	1
58.125 	0.000312034 	2.25448e-05 	1
58.1875 	0.000167946 	1.24677e-05 	1
58.25 	9.71806e-05 	7.51726e-06 	1
58.3125 	0.00028212 	2.00214e-05 	1
58.4375 	0.00024659 	1.84695e-05 	1
58.5625 	0.000406097 	2.84685e-05 	1
58.625 	0.000239664 	1.75801e-05 	1
58.6875 	7.71667e-05 	7.40832e-06 	1
58.8125 	0.000178801 	1.60757e-05 	1
58.875 	0.000130006 	9.71292e-06 	1
58.9375 	0.000354821 	2.63425e-05 	1
59.0 	0.000228286 	1.66102e-05 	1
59.125 	0.00021466 	1.61753e-05 	1
59.25 	0.000151329 	1.35511e-05 	1
59.3125 	0.000334504 	2.41767e-05 	1
59.375 	0.000201401 	1.58001e-05 	1
59.4375 	0.00013726 	1.22779e-05 	1
59.5 	0.000217604 	2.09275e-05 	1
59.6875 	0.000119006 	1.03933e-05 	1
59.8125 	0.000147065 	1.31726e-05 	1
59.875 	6.36677e-05 	7.24453e-06 	1
59.9375 	0.000160802 	1.42288e-05 	1
60.0625 	0.000274896 	1.98836e-05 	1
60.125 	0.000180023 	1.51768e-05 	1
60.375 	0.000478358 	3.45154e-05 	1
60.4375 	0.000154745 	1.4082e-05 	1
60.5625 	0.000195092 	1.45863e-05 	1
60.625 	0.000102285 	8.47332e-06 	1
60.75 	0.000133566 	3.56998e-06 	2
60.8125 	0.000552246 	4.66919e-05 	1
60.875 	0.000210327 	1.58915e-05 	1
61.0 	0.000322153 	2.36909e-05 	1
61.125 	0.000216132 	1.65123e-05 	1
61.1875 	0.00033452 	2.3908e-05 	1
61.25 	0.000163643 	1.51464e-05 	1
61.3125 	0.000198424 	1.44191e-05 	1
61.375 	0.000315531 	2.93343e-05 	1
61.4375 	0.000226591 	2.10484e-05 	1
61.5 	0.000213755 	1.89968e-05 	1
61.625 	0.000202442 	1.58947e-05 	1
61.6875 	0.000364319 	2.61304e-05 	1
61.8125 	0.000253038 	2.21544e-05 	1
61.875 	0.000407409 	2.9302e-05 	1
61.9375 	7.29654e-05 	7.46324e-06 	1
62.0 	0.000253643 	1.91667e-05 	1
62.125 	0.000197982 	1.5537e-05 	1
62.1875 	0.000204643 	1.68188e-05 	1
62.25 	0.000240871 	1.79313e-05 	1
62.375 	0.000113688 	9.75116e-06 	1
62.5 	0.000299894 	2.16714e-05 	1
62.5625 	0.000310892 	2.26541e-05 	1
62.75 	0.000123881 	3.27697e-06 	2
62.875 	0.000166498 	1.23386e-05 	1
62.9375 	0.000205027 	1.68555e-05 	1
63.0 	0.000173824 	1.55155e-05 	1
63.125 	0.000142743 	1.22146e-05 	1
63.25 	0.000114126 	9.31187e-06 	1
63.4375 	0.000301601 	2.2273e-05 	1
63.5625 	0.000358321 	2.56706e-05 	1
63.8125 	0.00015179 	1.30142e-05 	1
63.9375 	0.000249101 	2.00065e-05 	1
64.0 	0.000130819 	3.26838e-06 	2
64.0625 	0.000271819 	2.00045e-05 	1
64.25 	0.000203589 	1.58543e-05 	1
64.4375 	0.000136887 	1.29869e-05 	1
64.5625 	0.000345305 	2.48354e-05 	1
64.6875 	0.000141664 	1.11394e-05 	1
64.75 	0.00031605 	2.25682e-05 	1
64.8125 	0.000392064 	2.79002e-05 	1
64.875 	0.000138977 	1.31951e-05 	1
64.9375 	0.000143681 	3.82658e-06 	2
65.0 	0.000175763 	1.44036e-05 	1
65.0625 	0.000378519 	3.63817e-05 	1
65.125 	0.000102983 	2.92194e-06 	2
65.25 	9.55908e-05 	9.35062e-06 	1
65.5 	0.000128722 	1.2328e-05 	1
65.625 	9.71012e-05 	9.29411e-06 	1
65.8125 	0.000126448 	4.18661e-06 	2
65.9375 	0.000105572 	3.59645e-06 	2
66.0 	0.00016822 	1.32328e-05 	1
66.0625 	0.000264734 	1.92359e-05 	1
66.1875 	0.000380049 	3.2009e-05 	1
66.25 	0.000535749 	3.88845e-05 	1
66.3125 	0.000340691 	2.46403e-05 	1
66.375 	9.39777e-05 	9.84501e-06 	1
66.5 	0.000507506 	3.64097e-05 	1
66.75 	0.000377905 	2.6618e-05 	1
66.8125 	0.000137838 	1.26905e-05 	1
66.875 	0.000101351 	9.04381e-06 	1
66.9375 	0.000167857 	1.34645e-05 	1
67.0 	0.000141706 	3.54803e-06 	2
67.1875 	6.96977e-05 	7.87651e-06 	1
67.25 	0.000212934 	1.58096e-05 	1
67.375 	0.00029728 	2.19211e-05 	1
67.4375 	0.000330158 	2.37772e-05 	1
67.5 	0.00014493 	1.32252e-05 	1
67.8125 	0.000177092 	1.43758e-05 	1
67.875 	0.000380275 	2.78035e-05 	1
67.9375 	0.000186568 	1.52205e-05 	1
68.0 	0.000203731 	1.52957e-05 	1
68.0625 	0.000307724 	2.32214e-05 	1
68.125 	9.74829e-05 	9.20668e-06 	1
68.1875 	0.000166618 	1.28008e-05 	1
68.3125 	0.000199733 	1.51201e-05 	1
68.375 	0.000303348 	2.31957e-05 	1
68.4375 	0.000399447 	2.882e-05 	1
68.5625 	0.000473717 	3.37862e-05 	1
68.625 	0.000138898 	1.22858e-05 	1
68.6875 	0.000295146 	2.20239e-05 	1
68.75 	0.000189733 	1.45981e-05 	1
68.8125 	0.000286387 	2.11015e-05 	1
68.9375 	0.000351546 	2.58513e-05 	1
69.0625 	0.000293133 	2.57616e-05 	1
69.125 	0.000354749 	2.58045e-05 	1
69.1875 	0.000107546 	2.4834e-06 	2
69.25 	0.000191736 	1.76778e-05 	1
69.3125 	0.00024625 	1.8923e-05 	1
69.4375 	0.000255656 	2.37421e-05 	1
69.5 	0.000271883 	1.98535e-05 	1
69.625 	9.43006e-05 	9.29485e-06 	1
69.75 	7.40124e-05 	8.32276e-06 	1
69.8125 	0.000187194 	1.84877e-05 	1
69.875 	0.000280073 	2.01193e-05 	1
69.9375 	0.000307187 	2.35131e-05 	1
