# time 	Initial 	Final 	Iterations
0.333274 	4.20013e-05 	4.20013e-05 	0
0.579973 	5.73577e-05 	5.73577e-05 	0
0.642226 	0.00010425 	6.79666e-05 	1
0.70448 	7.84233e-05 	7.84233e-05 	0
0.766734 	6.16041e-05 	6.16041e-05 	0
0.828988 	4.7496e-05 	4.7496e-05 	0
1.01575 	8.39437e-05 	8.39437e-05 	0
1.078 	5.92457e-05 	5.92457e-05 	0
1.20251 	4.47804e-05 	4.47804e-05 	0
1.26477 	9.07645e-05 	9.07645e-05 	0
1.38927 	8.43657e-05 	8.43657e-05 	0
1.45153 	9.66897e-05 	9.66897e-05 	0
1.51378 	9.83684e-05 	9.83684e-05 	0
1.57604 	9.28363e-05 	9.28363e-05 	0
1.70054 	3.01266e-05 	3.01266e-05 	0
1.7628 	0.000105527 	6.87664e-05 	1
1.8873 	8.27388e-05 	8.27388e-05 	0
1.94956 	8.00104e-05 	8.00104e-05 	0
2.07407 	4.02119e-05 	4.02119e-05 	0
2.13632 	6.91784e-05 	6.91784e-05 	0
2.19857 	7.87487e-05 	7.87487e-05 	0
2.26083 	5.96478e-05 	5.96478e-05 	0
2.32308 	9.71023e-05 	9.71023e-05 	0
2.38534 	6.76733e-05 	6.76733e-05 	0
2.44759 	4.04014e-05 	4.04014e-05 	0
2.50984 	8.2836e-05 	8.2836e-05 	0
2.63435 	6.86627e-05 	6.86627e-05 	0
2.69661 	9.59915e-05 	9.59915e-05 	0
2.82111 	7.58676e-05 	7.58676e-05 	0
2.88337 	7.97934e-05 	7.97934e-05 	0
2.94562 	9.60154e-05 	9.60154e-05 	0
3.00787 	8.27987e-05 	8.27987e-05 	0
3.07013 	6.12197e-05 	6.12197e-05 	0
3.13238 	7.84299e-05 	7.84299e-05 	0
3.19464 	9.76247e-05 	9.76247e-05 	0
3.25689 	9.20918e-05 	9.20918e-05 	0
3.31914 	9.97152e-05 	9.97152e-05 	0
3.3814 	3.54608e-05 	3.54608e-05 	0
3.44365 	7.6165e-05 	7.6165e-05 	0
3.50591 	7.51586e-05 	7.51586e-05 	0
3.56816 	5.85677e-05 	5.85677e-05 	0
3.69267 	9.93827e-05 	9.93827e-05 	0
3.75492 	9.61543e-05 	9.61543e-05 	0
3.81718 	0.000101241 	6.64246e-05 	1
3.87943 	4.79361e-05 	4.79361e-05 	0
4.00394 	9.30092e-05 	9.30092e-05 	0
4.06619 	7.52211e-05 	7.52211e-05 	0
4.12845 	9.05019e-05 	9.05019e-05 	0
4.1907 	7.74789e-05 	7.74789e-05 	0
4.25295 	9.49609e-05 	9.49609e-05 	0
4.31521 	8.48342e-05 	8.48342e-05 	0
4.37746 	5.43286e-05 	5.43286e-05 	0
4.50197 	9.42094e-05 	9.42094e-05 	0
4.56422 	4.43262e-05 	4.43262e-05 	0
4.62648 	9.70904e-05 	9.70904e-05 	0
4.68873 	9.84986e-05 	9.84986e-05 	0
4.75098 	7.68275e-05 	7.68275e-05 	0
4.81324 	8.1252e-05 	8.1252e-05 	0
4.87549 	9.56129e-05 	9.56129e-05 	0
4.93775 	4.47871e-05 	4.47871e-05 	0
5.0 	7.08394e-05 	7.08394e-05 	0
5.0625 	9.73931e-05 	9.73931e-05 	0
5.125 	6.26879e-05 	6.26879e-05 	0
5.25 	9.03161e-05 	9.03161e-05 	0
5.3125 	8.52956e-05 	8.52956e-05 	0
5.375 	8.18184e-05 	8.18184e-05 	0
5.5 	9.5189e-05 	9.5189e-05 	0
5.5625 	9.19312e-05 	9.19312e-05 	0
5.625 	9.19447e-05 	9.19447e-05 	0
5.6875 	9.24411e-05 	9.24411e-05 	0
5.75 	7.9818e-05 	7.9818e-05 	0
5.8125 	8.00773e-05 	8.00773e-05 	0
5.875 	4.71993e-05 	4.71993e-05 	0
5.9375 	8.65283e-05 	8.65283e-05 	0
6.0 	9.39282e-05 	9.39282e-05 	0
6.125 	9.62408e-05 	9.62408e-05 	0
6.1875 	0.000101578 	4.87311e-05 	1
6.25 	8.05065e-05 	8.05065e-05 	0
6.3125 	7.31457e-05 	7.31457e-05 	0
6.4375 	7.61144e-05 	7.61144e-05 	0
6.6875 	7.59704e-05 	7.59704e-05 	0
6.75 	9.43518e-05 	9.43518e-05 	0
6.8125 	9.20095e-05 	9.20095e-05 	0
6.9375 	8.92838e-05 	8.92838e-05 	0
7.0 	7.23778e-05 	7.23778e-05 	0
7.0625 	8.69196e-05 	8.69196e-05 	0
7.125 	0.000102158 	5.68864e-05 	1
7.1875 	6.50107e-05 	6.50107e-05 	0
7.25 	8.56921e-05 	8.56921e-05 	0
7.4375 	7.31165e-05 	7.31165e-05 	0
7.5625 	5.00765e-05 	5.00765e-05 	0
7.625 	9.11464e-05 	9.11464e-05 	0
7.6875 	8.59357e-05 	8.59357e-05 	0
7.8125 	7.66491e-05 	7.66491e-05 	0
7.9375 	4.34848e-05 	4.34848e-05 	0
8.0 	8.98034e-05 	8.98034e-05 	0
8.0625 	7.63422e-05 	7.63422e-05 	0
8.125 	7.45678e-05 	7.45678e-05 	0
8.25 	9.34469e-05 	9.34469e-05 	0
8.3125 	4.0537e-05 	4.0537e-05 	0
8.375 	8.7677e-05 	8.7677e-05 	0
8.4375 	5.78634e-05 	5.78634e-05 	0
8.5 	8.50214e-05 	8.50214e-05 	0
8.5625 	9.64668e-05 	9.64668e-05 	0
8.8125 	9.19826e-05 	9.19826e-05 	0
8.9375 	6.54428e-05 	6.54428e-05 	0
9.0 	7.74943e-05 	7.74943e-05 	0
9.0625 	3.62268e-05 	3.62268e-05 	0
9.125 	6.54958e-05 	6.54958e-05 	0
9.1875 	7.95106e-05 	7.95106e-05 	0
9.25 	5.85777e-05 	5.85777e-05 	0
9.3125 	4.67285e-05 	4.67285e-05 	0
9.375 	7.88451e-05 	7.88451e-05 	0
9.4375 	9.73504e-05 	9.73504e-05 	0
9.5625 	6.89656e-05 	6.89656e-05 	0
9.625 	0.000102979 	6.70187e-05 	1
9.6875 	9.41374e-05 	9.41374e-05 	0
9.75 	7.67159e-05 	7.67159e-05 	0
9.8125 	6.77604e-05 	6.77604e-05 	0
9.875 	9.56921e-05 	9.56921e-05 	0
9.9375 	9.33714e-05 	9.33714e-05 	0
10.0 	3.57653e-05 	3.57653e-05 	0
10.0625 	8.59595e-05 	8.59595e-05 	0
10.1875 	8.77741e-05 	8.77741e-05 	0
10.3125 	7.78501e-05 	7.78501e-05 	0
10.375 	9.04397e-05 	9.04397e-05 	0
10.5 	3.42357e-05 	3.42357e-05 	0
10.5625 	7.91955e-05 	7.91955e-05 	0
10.625 	8.12689e-05 	8.12689e-05 	0
10.6875 	8.10624e-05 	8.10624e-05 	0
10.75 	8.12692e-05 	8.12692e-05 	0
10.8125 	9.19661e-05 	9.19661e-05 	0
10.875 	7.2414e-05 	7.2414e-05 	0
10.9375 	4.42806e-05 	4.42806e-05 	0
11.0 	9.11744e-05 	9.11744e-05 	0
11.0625 	8.85356e-05 	8.85356e-05 	0
11.125 	7.38736e-05 	7.38736e-05 	0
11.1875 	6.0071e-05 	6.0071e-05 	0
11.25 	8.17989e-05 	8.17989e-05 	0
11.375 	9.88341e-05 	9.88341e-05 	0
11.4375 	4.66869e-05 	4.66869e-05 	0
11.5 	8.33097e-05 	8.33097e-05 	0
11.5625 	7.20378e-05 	7.20378e-05 	0
11.625 	0.00010056 	6.78855e-05 	1
11.6875 	8.55247e-05 	8.55247e-05 	0
11.75 	9.95329e-05 	9.95329e-05 	0
11.8125 	6.06161e-05 	6.06161e-05 	0
11.875 	9.98344e-05 	9.98344e-05 	0
11.9375 	5.7794e-05 	5.7794e-05 	0
12.0 	9.45082e-05 	9.45082e-05 	0
12.0625 	4.87636e-05 	4.87636e-05 	0
12.125 	5.36701e-05 	5.36701e-05 	0
12.1875 	9.8218e-05 	9.8218e-05 	0
12.25 	5.82424e-05 	5.82424e-05 	0
12.3125 	7.58249e-05 	7.58249e-05 	0
12.375 	9.1278e-05 	9.1278e-05 	0
12.5625 	6.10934e-05 	6.10934e-05 	0
12.625 	8.77369e-05 	8.77369e-05 	0
12.6875 	6.02024e-05 	6.02024e-05 	0
12.75 	7.70359e-05 	7.70359e-05 	0
12.8125 	7.02836e-05 	7.02836e-05 	0
12.875 	3.82805e-05 	3.82805e-05 	0
13.0 	6.7969e-05 	6.7969e-05 	0
13.0625 	8.31806e-05 	8.31806e-05 	0
13.125 	3.15057e-05 	3.15057e-05 	0
13.1875 	8.5193e-05 	8.5193e-05 	0
13.25 	7.50706e-05 	7.50706e-05 	0
13.3125 	6.66528e-05 	6.66528e-05 	0
13.375 	9.06581e-05 	9.06581e-05 	0
13.4375 	8.09058e-05 	8.09058e-05 	0
13.5 	8.67822e-05 	8.67822e-05 	0
13.5625 	7.07505e-05 	7.07505e-05 	0
13.625 	3.13618e-05 	3.13618e-05 	0
13.6875 	4.30556e-05 	4.30556e-05 	0
13.8125 	4.55548e-05 	4.55548e-05 	0
14.0 	4.17302e-05 	4.17302e-05 	0
14.0625 	7.99596e-05 	7.99596e-05 	0
14.125 	0.00010077 	6.48303e-05 	1
14.1875 	9.77137e-05 	9.77137e-05 	0
14.3125 	7.30921e-05 	7.30921e-05 	0
14.375 	9.71991e-05 	9.71991e-05 	0
14.4375 	7.51081e-05 	7.51081e-05 	0
14.5 	9.47744e-05 	9.47744e-05 	0
14.625 	5.27178e-05 	5.27178e-05 	0
14.6875 	3.77318e-05 	3.77318e-05 	0
14.75 	7.94568e-05 	7.94568e-05 	0
14.8125 	8.40318e-05 	8.40318e-05 	0
14.875 	4.66398e-05 	4.66398e-05 	0
14.9375 	9.88435e-05 	9.88435e-05 	0
15.0 	6.51427e-05 	6.51427e-05 	0
15.1875 	0.000101455 	6.36414e-05 	1
15.25 	6.62512e-05 	6.62512e-05 	0
15.3125 	8.92682e-05 	8.92682e-05 	0
15.375 	8.76004e-05 	8.76004e-05 	0
15.4375 	9.01603e-05 	9.01603e-05 	0
15.5 	8.71454e-05 	8.71454e-05 	0
15.5625 	9.3783e-05 	9.3783e-05 	0
15.625 	8.62013e-05 	8.62013e-05 	0
15.75 	4.27517e-05 	4.27517e-05 	0
15.8125 	8.03141e-05 	8.03141e-05 	0
15.875 	7.39151e-05 	7.39151e-05 	0
15.9375 	9.09841e-05 	9.09841e-05 	0
16.0 	7.18271e-05 	7.18271e-05 	0
16.0625 	8.17343e-05 	8.17343e-05 	0
16.125 	9.97532e-05 	9.97532e-05 	0
16.1875 	7.2002e-05 	7.2002e-05 	0
16.25 	7.79086e-05 	7.79086e-05 	0
16.3125 	7.864e-05 	7.864e-05 	0
16.375 	6.86978e-05 	6.86978e-05 	0
16.4375 	8.71841e-05 	8.71841e-05 	0
16.5 	2.85903e-05 	2.85903e-05 	0
16.625 	8.64773e-05 	8.64773e-05 	0
16.6875 	9.2666e-05 	9.2666e-05 	0
16.75 	0.000101114 	5.73594e-05 	1
16.8125 	4.8509e-05 	4.8509e-05 	0
16.875 	9.84994e-05 	9.84994e-05 	0
16.9375 	5.27412e-05 	5.27412e-05 	0
17.1875 	4.20511e-05 	4.20511e-05 	0
17.25 	8.91805e-05 	8.91805e-05 	0
17.3125 	8.85111e-05 	8.85111e-05 	0
17.375 	6.69387e-05 	6.69387e-05 	0
17.4375 	9.71475e-05 	9.71475e-05 	0
17.5 	7.35831e-05 	7.35831e-05 	0
17.5625 	8.22604e-05 	8.22604e-05 	0
17.625 	7.14068e-05 	7.14068e-05 	0
17.6875 	8.08143e-05 	8.08143e-05 	0
17.75 	6.02585e-05 	6.02585e-05 	0
17.8125 	5.70224e-05 	5.70224e-05 	0
17.9375 	9.44225e-05 	9.44225e-05 	0
18.0 	6.73837e-05 	6.73837e-05 	0
18.0625 	4.46781e-05 	4.46781e-05 	0
18.125 	0.000101791 	6.27488e-05 	1
18.1875 	8.24442e-05 	8.24442e-05 	0
18.25 	4.71876e-05 	4.71876e-05 	0
18.3125 	6.93071e-05 	6.93071e-05 	0
18.375 	8.86801e-05 	8.86801e-05 	0
18.4375 	7.67146e-05 	7.67146e-05 	0
18.5 	7.47277e-05 	7.47277e-05 	0
18.5625 	9.93979e-05 	9.93979e-05 	0
18.625 	8.70332e-05 	8.70332e-05 	0
18.75 	8.26151e-05 	8.26151e-05 	0
18.8125 	7.86744e-05 	7.86744e-05 	0
18.875 	9.17475e-05 	9.17475e-05 	0
18.9375 	9.62791e-05 	9.62791e-05 	0
19.125 	8.19028e-05 	8.19028e-05 	0
19.25 	7.08112e-05 	7.08112e-05 	0
19.3125 	9.00819e-05 	9.00819e-05 	0
19.375 	6.82777e-05 	6.82777e-05 	0
19.4375 	9.6089e-05 	9.6089e-05 	0
19.5 	2.78902e-05 	2.78902e-05 	0
19.625 	9.964e-05 	9.964e-05 	0
19.6875 	7.99295e-05 	7.99295e-05 	0
19.75 	9.81508e-05 	9.81508e-05 	0
19.875 	0.000100267 	6.21462e-05 	1
19.9375 	9.6159e-05 	9.6159e-05 	0
20.0 	7.46666e-05 	7.46666e-05 	0
20.0625 	4.1573e-05 	4.1573e-05 	0
20.125 	9.38316e-05 	9.38316e-05 	0
20.1875 	8.70729e-05 	8.70729e-05 	0
20.25 	7.01627e-05 	7.01627e-05 	0
20.3125 	7.93762e-05 	7.93762e-05 	0
20.375 	6.72889e-05 	6.72889e-05 	0
20.4375 	3.78382e-05 	3.78382e-05 	0
20.5 	4.84105e-05 	4.84105e-05 	0
20.5625 	0.000100596 	7.18394e-05 	1
20.625 	7.97896e-05 	7.97896e-05 	0
20.6875 	9.69225e-05 	9.69225e-05 	0
20.75 	4.5418e-05 	4.5418e-05 	0
20.8125 	5.39552e-05 	5.39552e-05 	0
20.875 	7.21115e-05 	7.21115e-05 	0
21.0 	8.07091e-05 	8.07091e-05 	0
21.0625 	9.76552e-05 	9.76552e-05 	0
21.1875 	8.59801e-05 	8.59801e-05 	0
21.3125 	8.75314e-05 	8.75314e-05 	0
21.375 	8.83538e-05 	8.83538e-05 	0
21.4375 	8.85467e-05 	8.85467e-05 	0
21.5 	8.3297e-05 	8.3297e-05 	0
21.5625 	8.19782e-05 	8.19782e-05 	0
21.625 	5.17927e-05 	5.17927e-05 	0
21.6875 	4.12488e-05 	4.12488e-05 	0
21.75 	6.01593e-05 	6.01593e-05 	0
21.8125 	6.24129e-05 	6.24129e-05 	0
21.875 	8.16903e-05 	8.16903e-05 	0
21.9375 	8.26569e-05 	8.26569e-05 	0
22.0 	9.24509e-05 	9.24509e-05 	0
22.125 	8.87948e-05 	8.87948e-05 	0
22.1875 	8.16274e-05 	8.16274e-05 	0
22.25 	5.01204e-05 	5.01204e-05 	0
22.3125 	5.53575e-05 	5.53575e-05 	0
22.375 	8.53801e-05 	8.53801e-05 	0
22.625 	3.84511e-05 	3.84511e-05 	0
22.6875 	8.90544e-05 	8.90544e-05 	0
22.75 	7.40122e-05 	7.40122e-05 	0
22.8125 	4.21736e-05 	4.21736e-05 	0
22.9375 	8.24291e-05 	8.24291e-05 	0
23.0 	5.87763e-05 	5.87763e-05 	0
23.0625 	7.74425e-05 	7.74425e-05 	0
23.125 	9.37055e-05 	9.37055e-05 	0
23.1875 	8.59707e-05 	8.59707e-05 	0
23.3125 	4.59821e-05 	4.59821e-05 	0
23.375 	7.70559e-05 	7.70559e-05 	0
23.4375 	4.38699e-05 	4.38699e-05 	0
23.5625 	9.36272e-05 	9.36272e-05 	0
23.6875 	9.55966e-05 	9.55966e-05 	0
23.75 	9.03967e-05 	9.03967e-05 	0
23.8125 	6.08662e-05 	6.08662e-05 	0
23.875 	4.91664e-05 	4.91664e-05 	0
23.9375 	9.22614e-05 	9.22614e-05 	0
24.0 	4.15633e-05 	4.15633e-05 	0
24.0625 	7.07918e-05 	7.07918e-05 	0
24.125 	9.41908e-05 	9.41908e-05 	0
24.1875 	9.16706e-05 	9.16706e-05 	0
24.3125 	9.66954e-05 	9.66954e-05 	0
24.375 	9.69706e-05 	9.69706e-05 	0
24.4375 	8.84855e-05 	8.84855e-05 	0
24.5 	4.17667e-05 	4.17667e-05 	0
24.5625 	7.68867e-05 	7.68867e-05 	0
24.625 	6.39483e-05 	6.39483e-05 	0
24.6875 	6.86159e-05 	6.86159e-05 	0
24.75 	5.13762e-05 	5.13762e-05 	0
24.8125 	0.000105351 	7.05409e-05 	1
25.0 	6.83592e-05 	6.83592e-05 	0
25.0625 	8.3396e-05 	8.3396e-05 	0
25.125 	6.11506e-05 	6.11506e-05 	0
25.25 	4.39604e-05 	4.39604e-05 	0
25.3125 	4.95405e-05 	4.95405e-05 	0
25.5 	8.8471e-05 	8.8471e-05 	0
25.5625 	4.19375e-05 	4.19375e-05 	0
25.625 	8.13484e-05 	8.13484e-05 	0
25.6875 	9.35104e-05 	9.35104e-05 	0
25.75 	8.65547e-05 	8.65547e-05 	0
25.8125 	9.93014e-05 	9.93014e-05 	0
25.875 	7.93978e-05 	7.93978e-05 	0
25.9375 	8.62221e-05 	8.62221e-05 	0
26.0 	8.6065e-05 	8.6065e-05 	0
26.0625 	8.42538e-05 	8.42538e-05 	0
26.125 	9.06245e-05 	9.06245e-05 	0
26.25 	7.89729e-05 	7.89729e-05 	0
26.3125 	3.27225e-05 	3.27225e-05 	0
26.375 	5.38629e-05 	5.38629e-05 	0
26.4375 	9.36005e-05 	9.36005e-05 	0
26.5 	9.78861e-05 	9.78861e-05 	0
26.5625 	8.69404e-05 	8.69404e-05 	0
26.625 	4.85453e-05 	4.85453e-05 	0
26.6875 	7.50484e-05 	7.50484e-05 	0
26.875 	6.50051e-05 	6.50051e-05 	0
26.9375 	8.97567e-05 	8.97567e-05 	0
27.0 	6.11689e-05 	6.11689e-05 	0
27.0625 	5.88005e-05 	5.88005e-05 	0
27.125 	3.22632e-05 	3.22632e-05 	0
27.25 	9.82981e-05 	9.82981e-05 	0
27.3125 	9.42396e-05 	9.42396e-05 	0
27.375 	8.1836e-05 	8.1836e-05 	0
27.5 	7.08497e-05 	7.08497e-05 	0
27.5625 	4.49832e-05 	4.49832e-05 	0
27.625 	7.07254e-05 	7.07254e-05 	0
27.6875 	8.26803e-05 	8.26803e-05 	0
27.75 	9.5316e-05 	9.5316e-05 	0
27.8125 	6.52848e-05 	6.52848e-05 	0
27.875 	6.50945e-05 	6.50945e-05 	0
28.0 	8.54767e-05 	8.54767e-05 	0
28.0625 	7.80098e-05 	7.80098e-05 	0
28.125 	8.41685e-05 	8.41685e-05 	0
28.3125 	5.03217e-05 	5.03217e-05 	0
28.375 	6.26908e-05 	6.26908e-05 	0
28.4375 	7.33966e-05 	7.33966e-05 	0
28.5 	5.49942e-05 	5.49942e-05 	0
28.625 	9.23351e-05 	9.23351e-05 	0
28.6875 	9.88903e-05 	9.88903e-05 	0
28.8125 	0.000109071 	6.10858e-05 	1
28.875 	6.98837e-05 	6.98837e-05 	0
28.9375 	4.21598e-05 	4.21598e-05 	0
29.0 	9.06411e-05 	9.06411e-05 	0
29.0625 	7.33238e-05 	7.33238e-05 	0
29.125 	7.52545e-05 	7.52545e-05 	0
29.1875 	8.18617e-05 	8.18617e-05 	0
29.25 	0.000100253 	6.23858e-05 	1
29.3125 	5.66298e-05 	5.66298e-05 	0
29.375 	8.52109e-05 	8.52109e-05 	0
29.4375 	8.00134e-05 	8.00134e-05 	0
29.5 	3.88077e-05 	3.88077e-05 	0
29.5625 	7.92985e-05 	7.92985e-05 	0
29.625 	6.04746e-05 	6.04746e-05 	0
29.6875 	8.9565e-05 	8.9565e-05 	0
29.75 	8.33864e-05 	8.33864e-05 	0
29.875 	7.85862e-05 	7.85862e-05 	0
29.9375 	9.1346e-05 	9.1346e-05 	0
30.0 	9.33655e-05 	9.33655e-05 	0
30.125 	9.20265e-05 	9.20265e-05 	0
30.1875 	9.42185e-05 	9.42185e-05 	0
30.25 	6.45961e-05 	6.45961e-05 	0
30.3125 	6.87389e-05 	6.87389e-05 	0
30.375 	9.82844e-05 	9.82844e-05 	0
30.4375 	9.53901e-05 	9.53901e-05 	0
30.5 	7.95434e-05 	7.95434e-05 	0
30.5625 	9.93188e-05 	9.93188e-05 	0
30.625 	7.9821e-05 	7.9821e-05 	0
30.6875 	9.65893e-05 	9.65893e-05 	0
30.75 	6.85871e-05 	6.85871e-05 	0
30.8125 	9.65538e-05 	9.65538e-05 	0
30.9375 	8.18454e-05 	8.18454e-05 	0
31.0 	7.08907e-05 	7.08907e-05 	0
31.125 	6.10702e-05 	6.10702e-05 	0
31.1875 	8.28684e-05 	8.28684e-05 	0
31.25 	8.92294e-05 	8.92294e-05 	0
31.3125 	9.73188e-05 	9.73188e-05 	0
31.375 	8.36248e-05 	8.36248e-05 	0
31.5 	6.05742e-05 	6.05742e-05 	0
31.5625 	4.37694e-05 	4.37694e-05 	0
31.625 	9.44432e-05 	9.44432e-05 	0
31.6875 	6.21605e-05 	6.21605e-05 	0
31.75 	6.50183e-05 	6.50183e-05 	0
31.8125 	4.76068e-05 	4.76068e-05 	0
31.875 	5.69958e-05 	5.69958e-05 	0
31.9375 	8.3069e-05 	8.3069e-05 	0
32.0 	9.8979e-05 	9.8979e-05 	0
32.0625 	9.34643e-05 	9.34643e-05 	0
32.125 	4.45046e-05 	4.45046e-05 	0
32.1875 	3.80417e-05 	3.80417e-05 	0
32.25 	9.66474e-05 	9.66474e-05 	0
32.3125 	3.34109e-05 	3.34109e-05 	0
32.4375 	8.68387e-05 	8.68387e-05 	0
32.5 	7.02572e-05 	7.02572e-05 	0
32.625 	8.37495e-05 	8.37495e-05 	0
32.6875 	9.77548e-05 	9.77548e-05 	0
32.75 	7.55795e-05 	7.55795e-05 	0
32.8125 	8.91411e-05 	8.91411e-05 	0
32.875 	5.50701e-05 	5.50701e-05 	0
32.9375 	6.39465e-05 	6.39465e-05 	0
33.0 	8.75068e-05 	8.75068e-05 	0
33.0625 	6.14148e-05 	6.14148e-05 	0
33.125 	6.33519e-05 	6.33519e-05 	0
33.1875 	0.000106297 	6.15277e-05 	1
33.25 	6.90955e-05 	6.90955e-05 	0
33.3125 	9.78867e-05 	9.78867e-05 	0
33.375 	6.36551e-05 	6.36551e-05 	0
33.4375 	8.73007e-05 	8.73007e-05 	0
33.5 	8.6027e-05 	8.6027e-05 	0
33.625 	9.52649e-05 	9.52649e-05 	0
33.6875 	5.37207e-05 	5.37207e-05 	0
33.75 	6.1993e-05 	6.1993e-05 	0
33.875 	7.08624e-05 	7.08624e-05 	0
33.9375 	8.70475e-05 	8.70475e-05 	0
34.0625 	7.58591e-05 	7.58591e-05 	0
34.125 	8.10212e-05 	8.10212e-05 	0
34.1875 	7.44391e-05 	7.44391e-05 	0
34.25 	6.93865e-05 	6.93865e-05 	0
34.3125 	3.43856e-05 	3.43856e-05 	0
34.375 	9.20313e-05 	9.20313e-05 	0
34.4375 	6.64439e-05 	6.64439e-05 	0
34.5 	4.18578e-05 	4.18578e-05 	0
34.5625 	7.66492e-05 	7.66492e-05 	0
34.625 	7.1732e-05 	7.1732e-05 	0
34.6875 	6.37814e-05 	6.37814e-05 	0
34.75 	8.08551e-05 	8.08551e-05 	0
34.875 	7.0616e-05 	7.0616e-05 	0
34.9375 	9.27744e-05 	9.27744e-05 	0
35.0 	9.76814e-05 	9.76814e-05 	0
35.0625 	9.38735e-05 	9.38735e-05 	0
35.125 	9.79644e-05 	9.79644e-05 	0
35.25 	8.76097e-05 	8.76097e-05 	0
35.3125 	6.24209e-05 	6.24209e-05 	0
35.375 	6.03476e-05 	6.03476e-05 	0
35.5625 	9.88361e-05 	9.88361e-05 	0
35.625 	4.59422e-05 	4.59422e-05 	0
35.6875 	4.26442e-05 	4.26442e-05 	0
35.75 	6.47224e-05 	6.47224e-05 	0
35.8125 	3.61693e-05 	3.61693e-05 	0
35.875 	9.63883e-05 	9.63883e-05 	0
35.9375 	7.92964e-05 	7.92964e-05 	0
36.0 	6.52157e-05 	6.52157e-05 	0
36.125 	5.66474e-05 	5.66474e-05 	0
36.25 	8.84056e-05 	8.84056e-05 	0
36.4375 	8.28445e-05 	8.28445e-05 	0
36.5 	8.499e-05 	8.499e-05 	0
36.5625 	7.39281e-05 	7.39281e-05 	0
36.625 	6.03254e-05 	6.03254e-05 	0
36.6875 	4.88649e-05 	4.88649e-05 	0
36.8125 	6.50877e-05 	6.50877e-05 	0
36.875 	3.14907e-05 	3.14907e-05 	0
36.9375 	8.49299e-05 	8.49299e-05 	0
37.0625 	5.10598e-05 	5.10598e-05 	0
37.125 	6.3994e-05 	6.3994e-05 	0
37.1875 	8.59065e-05 	8.59065e-05 	0
37.25 	4.87574e-05 	4.87574e-05 	0
37.3125 	6.60936e-05 	6.60936e-05 	0
37.375 	9.54426e-05 	9.54426e-05 	0
37.4375 	9.98219e-05 	9.98219e-05 	0
37.5 	5.79084e-05 	5.79084e-05 	0
37.5625 	8.66891e-05 	8.66891e-05 	0
37.625 	8.2913e-05 	8.2913e-05 	0
37.75 	8.91015e-05 	8.91015e-05 	0
37.8125 	9.5434e-05 	9.5434e-05 	0
37.875 	9.54859e-05 	9.54859e-05 	0
37.9375 	6.27881e-05 	6.27881e-05 	0
38.0 	3.61172e-05 	3.61172e-05 	0
38.0625 	8.428e-05 	8.428e-05 	0
38.125 	6.98142e-05 	6.98142e-05 	0
38.1875 	4.33443e-05 	4.33443e-05 	0
38.25 	6.09543e-05 	6.09543e-05 	0
38.3125 	5.81337e-05 	5.81337e-05 	0
38.375 	8.85919e-05 	8.85919e-05 	0
38.4375 	9.07975e-05 	9.07975e-05 	0
38.5625 	9.6748e-05 	9.6748e-05 	0
38.6875 	9.86371e-05 	9.86371e-05 	0
38.8125 	9.61269e-05 	9.61269e-05 	0
38.875 	9.81552e-05 	9.81552e-05 	0
38.9375 	8.99957e-05 	8.99957e-05 	0
39.0 	9.44573e-05 	9.44573e-05 	0
39.0625 	4.26944e-05 	4.26944e-05 	0
39.125 	7.11922e-05 	7.11922e-05 	0
39.1875 	6.70084e-05 	6.70084e-05 	0
39.25 	9.14094e-05 	9.14094e-05 	0
39.3125 	8.07729e-05 	8.07729e-05 	0
39.375 	5.70667e-05 	5.70667e-05 	0
39.5 	3.51233e-05 	3.51233e-05 	0
39.5625 	8.30118e-05 	8.30118e-05 	0
39.625 	9.66898e-05 	9.66898e-05 	0
39.6875 	6.87024e-05 	6.87024e-05 	0
39.75 	7.96574e-05 	7.96574e-05 	0
39.8125 	0.00011306 	6.24076e-05 	1
39.875 	4.48109e-05 	4.48109e-05 	0
39.9375 	4.66215e-05 	4.66215e-05 	0
40.0 	0.000103005 	7.35776e-05 	1
40.125 	8.56943e-05 	8.56943e-05 	0
40.25 	9.4555e-05 	9.4555e-05 	0
40.3125 	8.63921e-05 	8.63921e-05 	0
40.4375 	4.41737e-05 	4.41737e-05 	0
40.5 	8.01034e-05 	8.01034e-05 	0
40.5625 	9.33441e-05 	9.33441e-05 	0
40.625 	6.7891e-05 	6.7891e-05 	0
40.8125 	8.58332e-05 	8.58332e-05 	0
40.875 	8.02328e-05 	8.02328e-05 	0
40.9375 	8.74065e-05 	8.74065e-05 	0
41.0 	9.80522e-05 	9.80522e-05 	0
41.125 	8.68413e-05 	8.68413e-05 	0
41.1875 	9.46449e-05 	9.46449e-05 	0
41.25 	6.62452e-05 	6.62452e-05 	0
41.3125 	6.28982e-05 	6.28982e-05 	0
41.4375 	3.70032e-05 	3.70032e-05 	0
41.5 	9.9427e-05 	9.9427e-05 	0
41.5625 	4.9643e-05 	4.9643e-05 	0
41.625 	7.04016e-05 	7.04016e-05 	0
41.6875 	4.22855e-05 	4.22855e-05 	0
41.8125 	6.90717e-05 	6.90717e-05 	0
41.875 	4.17414e-05 	4.17414e-05 	0
41.9375 	8.45209e-05 	8.45209e-05 	0
42.0 	9.79391e-05 	9.79391e-05 	0
42.125 	4.93445e-05 	4.93445e-05 	0
42.25 	8.73883e-05 	8.73883e-05 	0
42.375 	6.52311e-05 	6.52311e-05 	0
42.4375 	7.50919e-05 	7.50919e-05 	0
42.5 	8.97176e-05 	8.97176e-05 	0
42.625 	7.08157e-05 	7.08157e-05 	0
42.6875 	8.35796e-05 	8.35796e-05 	0
42.8125 	9.82224e-05 	9.82224e-05 	0
42.875 	9.25819e-05 	9.25819e-05 	0
42.9375 	7.55442e-05 	7.55442e-05 	0
43.0 	6.10599e-05 	6.10599e-05 	0
43.0625 	5.14742e-05 	5.14742e-05 	0
43.125 	8.89763e-05 	8.89763e-05 	0
43.1875 	7.20926e-05 	7.20926e-05 	0
43.3125 	8.12663e-05 	8.12663e-05 	0
43.375 	6.17921e-05 	6.17921e-05 	0
43.4375 	3.48599e-05 	3.48599e-05 	0
43.5625 	9.95411e-05 	9.95411e-05 	0
43.6875 	9.32868e-05 	9.32868e-05 	0
43.75 	6.35285e-05 	6.35285e-05 	0
43.8125 	8.89493e-05 	8.89493e-05 	0
43.875 	9.81975e-05 	9.81975e-05 	0
43.9375 	8.38717e-05 	8.38717e-05 	0
44.0 	9.27905e-05 	9.27905e-05 	0
44.0625 	2.87735e-05 	2.87735e-05 	0
44.125 	9.25224e-05 	9.25224e-05 	0
44.1875 	5.12461e-05 	5.12461e-05 	0
44.25 	5.13381e-05 	5.13381e-05 	0
44.3125 	8.18967e-05 	8.18967e-05 	0
44.375 	4.76182e-05 	4.76182e-05 	0
44.4375 	9.97576e-05 	9.97576e-05 	0
44.5 	9.7454e-05 	9.7454e-05 	0
44.5625 	9.2438e-05 	9.2438e-05 	0
44.625 	8.49042e-05 	8.49042e-05 	0
44.6875 	9.59861e-05 	9.59861e-05 	0
44.75 	4.87188e-05 	4.87188e-05 	0
44.8125 	9.69707e-05 	9.69707e-05 	0
44.875 	9.72162e-05 	9.72162e-05 	0
44.9375 	6.81973e-05 	6.81973e-05 	0
45.0 	7.44186e-05 	7.44186e-05 	0
45.0625 	9.91106e-05 	9.91106e-05 	0
45.125 	8.23431e-05 	8.23431e-05 	0
45.1875 	6.94259e-05 	6.94259e-05 	0
45.3125 	9.52046e-05 	9.52046e-05 	0
45.375 	4.88615e-05 	4.88615e-05 	0
45.5 	5.05205e-05 	5.05205e-05 	0
45.5625 	0.000105118 	6.2237e-05 	1
45.625 	7.74715e-05 	7.74715e-05 	0
45.6875 	9.5499e-05 	9.5499e-05 	0
45.75 	6.75014e-05 	6.75014e-05 	0
45.875 	7.83321e-05 	7.83321e-05 	0
45.9375 	7.50611e-05 	7.50611e-05 	0
46.0 	7.42612e-05 	7.42612e-05 	0
46.0625 	8.5511e-05 	8.5511e-05 	0
46.125 	6.40322e-05 	6.40322e-05 	0
46.3125 	7.51363e-05 	7.51363e-05 	0
46.375 	0.000101143 	7.01468e-05 	1
46.5 	4.33479e-05 	4.33479e-05 	0
46.5625 	9.57363e-05 	9.57363e-05 	0
46.625 	6.17948e-05 	6.17948e-05 	0
46.6875 	6.35535e-05 	6.35535e-05 	0
46.75 	7.76202e-05 	7.76202e-05 	0
46.8125 	5.08036e-05 	5.08036e-05 	0
46.875 	7.3257e-05 	7.3257e-05 	0
47.0 	7.15279e-05 	7.15279e-05 	0
47.0625 	7.52422e-05 	7.52422e-05 	0
47.125 	7.7897e-05 	7.7897e-05 	0
47.1875 	7.3782e-05 	7.3782e-05 	0
47.25 	9.1289e-05 	9.1289e-05 	0
47.3125 	6.83348e-05 	6.83348e-05 	0
47.375 	8.47382e-05 	8.47382e-05 	0
47.5 	7.39837e-05 	7.39837e-05 	0
47.5625 	7.55064e-05 	7.55064e-05 	0
47.625 	7.93621e-05 	7.93621e-05 	0
47.6875 	4.91946e-05 	4.91946e-05 	0
47.8125 	6.35632e-05 	6.35632e-05 	0
47.875 	8.91525e-05 	8.91525e-05 	0
48.0 	8.45469e-05 	8.45469e-05 	0
48.0625 	4.44134e-05 	4.44134e-05 	0
48.1875 	9.42765e-05 	9.42765e-05 	0
48.25 	3.78019e-05 	3.78019e-05 	0
48.3125 	4.92609e-05 	4.92609e-05 	0
48.375 	4.16959e-05 	4.16959e-05 	0
48.4375 	7.74047e-05 	7.74047e-05 	0
48.5 	3.94461e-05 	3.94461e-05 	0
48.5625 	3.67031e-05 	3.67031e-05 	0
48.75 	7.34273e-05 	7.34273e-05 	0
48.8125 	6.20539e-05 	6.20539e-05 	0
48.9375 	8.06588e-05 	8.06588e-05 	0
49.0 	6.61102e-05 	6.61102e-05 	0
49.125 	3.2495e-05 	3.2495e-05 	0
49.1875 	7.84738e-05 	7.84738e-05 	0
49.25 	9.69305e-05 	9.69305e-05 	0
49.3125 	7.49668e-05 	7.49668e-05 	0
49.375 	9.74056e-05 	9.74056e-05 	0
49.4375 	9.64007e-05 	9.64007e-05 	0
49.5 	8.96357e-05 	8.96357e-05 	0
49.5625 	7.97248e-05 	7.97248e-05 	0
49.625 	7.86096e-05 	7.86096e-05 	0
49.6875 	3.60116e-05 	3.60116e-05 	0
49.75 	6.49948e-05 	6.49948e-05 	0
50.0625 	7.27361e-05 	7.27361e-05 	0
50.125 	8.57199e-05 	8.57199e-05 	0
50.25 	8.13814e-05 	8.13814e-05 	0
50.3125 	7.46788e-05 	7.46788e-05 	0
50.375 	6.94391e-05 	6.94391e-05 	0
50.4375 	8.99047e-05 	8.99047e-05 	0
50.5 	9.58424e-05 	9.58424e-05 	0
50.5625 	9.788e-05 	9.788e-05 	0
50.625 	6.28929e-05 	6.28929e-05 	0
50.75 	6.88738e-05 	6.88738e-05 	0
50.8125 	3.80069e-05 	3.80069e-05 	0
50.875 	5.66526e-05 	5.66526e-05 	0
50.9375 	4.50338e-05 	4.50338e-05 	0
51.0 	5.38928e-05 	5.38928e-05 	0
51.0625 	9.35625e-05 	9.35625e-05 	0
51.125 	8.93106e-05 	8.93106e-05 	0
51.1875 	5.24682e-05 	5.24682e-05 	0
51.25 	9.97823e-05 	9.97823e-05 	0
51.3125 	3.65559e-05 	3.65559e-05 	0
51.375 	9.69348e-05 	9.69348e-05 	0
51.4375 	6.19799e-05 	6.19799e-05 	0
51.5 	9.06528e-05 	9.06528e-05 	0
51.5625 	4.35651e-05 	4.35651e-05 	0
51.625 	9.45287e-05 	9.45287e-05 	0
51.6875 	4.06447e-05 	4.06447e-05 	0
51.8125 	8.42004e-05 	8.42004e-05 	0
51.875 	8.25695e-05 	8.25695e-05 	0
52.0 	9.74508e-05 	9.74508e-05 	0
52.0625 	9.13088e-05 	9.13088e-05 	0
52.1875 	8.59311e-05 	8.59311e-05 	0
52.25 	8.46816e-05 	8.46816e-05 	0
52.3125 	9.85685e-05 	9.85685e-05 	0
52.375 	8.44269e-05 	8.44269e-05 	0
52.4375 	7.06543e-05 	7.06543e-05 	0
52.5 	9.10548e-05 	9.10548e-05 	0
52.5625 	7.02997e-05 	7.02997e-05 	0
52.625 	9.05379e-05 	9.05379e-05 	0
52.6875 	3.07461e-05 	3.07461e-05 	0
52.75 	9.03435e-05 	9.03435e-05 	0
52.8125 	8.64648e-05 	8.64648e-05 	0
52.875 	5.86542e-05 	5.86542e-05 	0
52.9375 	7.28312e-05 	7.28312e-05 	0
53.0 	5.94565e-05 	5.94565e-05 	0
53.125 	8.45033e-05 	8.45033e-05 	0
53.1875 	7.9045e-05 	7.9045e-05 	0
53.25 	8.92223e-05 	8.92223e-05 	0
53.3125 	7.7402e-05 	7.7402e-05 	0
53.375 	9.63748e-05 	9.63748e-05 	0
53.5 	3.46505e-05 	3.46505e-05 	0
53.5625 	8.98415e-05 	8.98415e-05 	0
53.625 	9.43287e-05 	9.43287e-05 	0
53.6875 	5.8138e-05 	5.8138e-05 	0
53.75 	0.000104814 	7.34454e-05 	1
53.8125 	4.95545e-05 	4.95545e-05 	0
53.875 	8.13519e-05 	8.13519e-05 	0
53.9375 	8.55879e-05 	8.55879e-05 	0
54.0 	5.67296e-05 	5.67296e-05 	0
54.0625 	8.46193e-05 	8.46193e-05 	0
54.125 	7.50468e-05 	7.50468e-05 	0
54.1875 	8.11418e-05 	8.11418e-05 	0
54.25 	7.46739e-05 	7.46739e-05 	0
54.3125 	9.08396e-05 	9.08396e-05 	0
54.375 	9.453e-05 	9.453e-05 	0
54.4375 	8.89575e-05 	8.89575e-05 	0
54.5 	9.32502e-05 	9.32502e-05 	0
54.625 	3.70266e-05 	3.70266e-05 	0
54.6875 	7.78164e-05 	7.78164e-05 	0
54.8125 	2.59945e-05 	2.59945e-05 	0
54.875 	8.50311e-05 	8.50311e-05 	0
54.9375 	9.38367e-05 	9.38367e-05 	0
55.0 	8.78268e-05 	8.78268e-05 	0
55.0625 	6.57523e-05 	6.57523e-05 	0
55.125 	7.87488e-05 	7.87488e-05 	0
55.1875 	8.49614e-05 	8.49614e-05 	0
55.3125 	6.77283e-05 	6.77283e-05 	0
55.4375 	6.794e-05 	6.794e-05 	0
55.5 	9.10907e-05 	9.10907e-05 	0
55.625 	9.00614e-05 	9.00614e-05 	0
55.6875 	8.27841e-05 	8.27841e-05 	0
55.75 	7.28819e-05 	7.28819e-05 	0
55.8125 	9.78867e-05 	9.78867e-05 	0
55.875 	7.71031e-05 	7.71031e-05 	0
55.9375 	6.10527e-05 	6.10527e-05 	0
56.0 	8.7625e-05 	8.7625e-05 	0
56.0625 	0.00010602 	6.78648e-05 	1
56.1875 	9.89138e-05 	9.89138e-05 	0
56.25 	5.06717e-05 	5.06717e-05 	0
56.3125 	5.16974e-05 	5.16974e-05 	0
56.375 	7.21374e-05 	7.21374e-05 	0
56.4375 	9.48433e-05 	9.48433e-05 	0
56.5625 	6.75029e-05 	6.75029e-05 	0
56.6875 	6.67073e-05 	6.67073e-05 	0
56.75 	7.91072e-05 	7.91072e-05 	0
56.8125 	7.17159e-05 	7.17159e-05 	0
56.875 	5.66914e-05 	5.66914e-05 	0
56.9375 	4.43819e-05 	4.43819e-05 	0
57.0 	9.41396e-05 	9.41396e-05 	0
57.0625 	9.42913e-05 	9.42913e-05 	0
57.125 	7.25267e-05 	7.25267e-05 	0
57.1875 	8.69946e-05 	8.69946e-05 	0
57.25 	0.000100964 	6.69149e-05 	1
57.3125 	5.80288e-05 	5.80288e-05 	0
57.375 	4.61672e-05 	4.61672e-05 	0
57.4375 	9.60171e-05 	9.60171e-05 	0
57.5 	9.59428e-05 	9.59428e-05 	0
57.5625 	9.07805e-05 	9.07805e-05 	0
57.625 	8.26683e-05 	8.26683e-05 	0
57.6875 	9.23758e-05 	9.23758e-05 	0
57.75 	8.5408e-05 	8.5408e-05 	0
57.8125 	8.71483e-05 	8.71483e-05 	0
57.9375 	7.6321e-05 	7.6321e-05 	0
58.0 	9.82723e-05 	9.82723e-05 	0
58.0625 	6.91828e-05 	6.91828e-05 	0
58.125 	8.15949e-05 	8.15949e-05 	0
58.1875 	7.86876e-05 	7.86876e-05 	0
58.25 	5.72717e-05 	5.72717e-05 	0
58.3125 	8.01637e-05 	8.01637e-05 	0
58.4375 	3.48791e-05 	3.48791e-05 	0
58.5 	8.18228e-05 	8.18228e-05 	0
58.5625 	7.86343e-05 	7.86343e-05 	0
58.625 	9.24131e-05 	9.24131e-05 	0
58.6875 	8.68075e-05 	8.68075e-05 	0
58.8125 	9.09504e-05 	9.09504e-05 	0
58.875 	8.74874e-05 	8.74874e-05 	0
58.9375 	9.59826e-05 	9.59826e-05 	0
59.0 	6.50171e-05 	6.50171e-05 	0
59.125 	8.53226e-05 	8.53226e-05 	0
59.1875 	8.97538e-05 	8.97538e-05 	0
59.25 	5.94045e-05 	5.94045e-05 	0
59.3125 	3.69384e-05 	3.69384e-05 	0
59.375 	8.13194e-05 	8.13194e-05 	0
59.4375 	8.39862e-05 	8.39862e-05 	0
59.5 	6.75402e-05 	6.75402e-05 	0
59.5625 	5.01231e-05 	5.01231e-05 	0
59.6875 	8.65985e-05 	8.65985e-05 	0
59.8125 	8.0367e-05 	8.0367e-05 	0
59.875 	0.000102522 	7.1992e-05 	1
59.9375 	8.455e-05 	8.455e-05 	0
60.0 	0.000101564 	5.98754e-05 	1
60.0625 	7.47191e-05 	7.47191e-05 	0
60.125 	5.50511e-05 	5.50511e-05 	0
60.375 	8.47195e-05 	8.47195e-05 	0
60.4375 	4.4043e-05 	4.4043e-05 	0
60.5 	8.10451e-05 	8.10451e-05 	0
60.5625 	8.71173e-05 	8.71173e-05 	0
60.625 	9.45359e-05 	9.45359e-05 	0
60.6875 	9.36605e-05 	9.36605e-05 	0
60.75 	9.53411e-05 	9.53411e-05 	0
60.8125 	9.48201e-05 	9.48201e-05 	0
60.875 	8.94069e-05 	8.94069e-05 	0
60.9375 	8.78412e-05 	8.78412e-05 	0
61.0 	4.57862e-05 	4.57862e-05 	0
61.0625 	7.51207e-05 	7.51207e-05 	0
61.125 	9.09209e-05 	9.09209e-05 	0
61.1875 	7.34055e-05 	7.34055e-05 	0
61.25 	6.49803e-05 	6.49803e-05 	0
61.3125 	6.54997e-05 	6.54997e-05 	0
61.375 	5.72324e-05 	5.72324e-05 	0
61.4375 	3.80823e-05 	3.80823e-05 	0
61.5 	9.59147e-05 	9.59147e-05 	0
61.625 	5.74452e-05 	5.74452e-05 	0
61.6875 	8.73448e-05 	8.73448e-05 	0
61.75 	9.70429e-05 	9.70429e-05 	0
61.8125 	7.87644e-05 	7.87644e-05 	0
61.875 	7.23838e-05 	7.23838e-05 	0
61.9375 	9.49128e-05 	9.49128e-05 	0
62.0 	7.69628e-05 	7.69628e-05 	0
62.125 	9.16224e-05 	9.16224e-05 	0
62.1875 	9.0552e-05 	9.0552e-05 	0
62.25 	6.38443e-05 	6.38443e-05 	0
62.3125 	6.29136e-05 	6.29136e-05 	0
62.375 	8.57656e-05 	8.57656e-05 	0
62.5 	8.23975e-05 	8.23975e-05 	0
62.5625 	0.000106514 	6.44893e-05 	1
62.6875 	3.47893e-05 	3.47893e-05 	0
62.75 	9.7798e-05 	9.7798e-05 	0
62.875 	6.55193e-05 	6.55193e-05 	0
62.9375 	9.98573e-05 	9.98573e-05 	0
63.0 	4.03044e-05 	4.03044e-05 	0
63.125 	6.94931e-05 	6.94931e-05 	0
63.25 	7.69831e-05 	7.69831e-05 	0
63.375 	9.72717e-05 	9.72717e-05 	0
63.4375 	6.95249e-05 	6.95249e-05 	0
63.5625 	9.50921e-05 	9.50921e-05 	0
63.625 	9.76498e-05 	9.76498e-05 	0
63.8125 	9.27368e-05 	9.27368e-05 	0
63.9375 	7.72945e-05 	7.72945e-05 	0
64.0 	7.38618e-05 	7.38618e-05 	0
64.0625 	6.47387e-05 	6.47387e-05 	0
64.25 	8.8501e-05 	8.8501e-05 	0
64.3125 	6.41607e-05 	6.41607e-05 	0
64.4375 	6.37902e-05 	6.37902e-05 	0
64.5625 	9.55864e-05 	9.55864e-05 	0
64.6875 	9.03327e-05 	9.03327e-05 	0
64.75 	4.47385e-05 	4.47385e-05 	0
64.8125 	8.43764e-05 	8.43764e-05 	0
64.875 	8.64115e-05 	8.64115e-05 	0
64.9375 	6.88355e-05 	6.88355e-05 	0
65.0 	7.80815e-05 	7.80815e-05 	0
65.0625 	7.11709e-05 	7.11709e-05 	0
65.125 	4.22591e-05 	4.22591e-05 	0
65.25 	7.7235e-05 	7.7235e-05 	0
65.5 	5.57071e-05 	5.57071e-05 	0
65.625 	9.19118e-05 	9.19118e-05 	0
65.6875 	9.95556e-05 	9.95556e-05 	0
65.75 	3.34502e-05 	3.34502e-05 	0
65.8125 	4.75786e-05 	4.75786e-05 	0
65.9375 	8.40907e-05 	8.40907e-05 	0
66.0 	5.86098e-05 	5.86098e-05 	0
66.0625 	8.08846e-05 	8.08846e-05 	0
66.1875 	4.55661e-05 	4.55661e-05 	0
66.25 	7.77514e-05 	7.77514e-05 	0
66.3125 	7.15822e-05 	7.15822e-05 	0
66.375 	8.82549e-05 	8.82549e-05 	0
66.4375 	6.76563e-05 	6.76563e-05 	0
66.5 	9.50952e-05 	9.50952e-05 	0
66.5625 	7.74292e-05 	7.74292e-05 	0
66.625 	6.31062e-05 	6.31062e-05 	0
66.75 	3.59359e-05 	3.59359e-05 	0
66.8125 	6.24175e-05 	6.24175e-05 	0
66.875 	9.4702e-05 	9.4702e-05 	0
66.9375 	5.70396e-05 	5.70396e-05 	0
67.0 	9.16149e-05 	9.16149e-05 	0
67.125 	3.73824e-05 	3.73824e-05 	0
67.1875 	6.87435e-05 	6.87435e-05 	0
67.25 	9.95284e-05 	9.95284e-05 	0
67.3125 	4.51744e-05 	4.51744e-05 	0
67.375 	5.52982e-05 	5.52982e-05 	0
67.4375 	9.60887e-05 	9.60887e-05 	0
67.5 	7.44204e-05 	7.44204e-05 	0
67.5625 	9.82339e-05 	9.82339e-05 	0
67.8125 	8.21626e-05 	8.21626e-05 	0
67.875 	3.37799e-05 	3.37799e-05 	0
67.9375 	4.69768e-05 	4.69768e-05 	0
68.0 	9.4069e-05 	9.4069e-05 	0
68.0625 	6.09277e-05 	6.09277e-05 	0
68.125 	7.20124e-05 	7.20124e-05 	0
68.1875 	4.88463e-05 	4.88463e-05 	0
68.25 	9.33527e-05 	9.33527e-05 	0
68.3125 	9.84651e-05 	9.84651e-05 	0
68.375 	8.15817e-05 	8.15817e-05 	0
68.4375 	7.18901e-05 	7.18901e-05 	0
68.5 	8.54818e-05 	8.54818e-05 	0
68.5625 	8.51818e-05 	8.51818e-05 	0
68.625 	6.00295e-05 	6.00295e-05 	0
68.6875 	8.79533e-05 	8.79533e-05 	0
68.75 	2.56139e-05 	2.56139e-05 	0
68.8125 	8.06044e-05 	8.06044e-05 	0
68.875 	8.8506e-05 	8.8506e-05 	0
68.9375 	8.56622e-05 	8.56622e-05 	0
69.0625 	9.60063e-05 	9.60063e-05 	0
69.125 	7.91037e-05 	7.91037e-05 	0
69.1875 	0.000106794 	6.26351e-05 	1
69.25 	6.31192e-05 	6.31192e-05 	0
69.3125 	8.64596e-05 	8.64596e-05 	0
69.4375 	5.95206e-05 	5.95206e-05 	0
69.5 	5.14517e-05 	5.14517e-05 	0
69.5625 	3.16882e-05 	3.16882e-05 	0
69.625 	8.05284e-05 	8.05284e-05 	0
69.75 	4.31458e-05 	4.31458e-05 	0
69.8125 	5.80931e-05 	5.80931e-05 	0
69.875 	9.7876e-05 	9.7876e-05 	0
69.9375 	7.53475e-05 	7.53475e-05 	0
