# time 	Initial 	Final 	Iterations
0.333274 	0.000384392 	9.03236e-05 	2
0.642226 	0.000852068 	7.47836e-05 	8
0.766734 	0.00097852 	9.49438e-05 	5
0.828988 	0.000791943 	7.473e-05 	8
1.26477 	0.000404176 	9.36302e-05 	4
1.38927 	0.000444632 	7.09266e-05 	4
1.45153 	0.000924214 	9.84753e-05 	8
1.51378 	0.000511027 	6.95321e-05 	3
1.7628 	0.00093599 	9.57602e-05 	8
1.8873 	0.000334323 	4.94184e-05 	2
1.94956 	0.000998804 	9.589e-05 	9
2.19857 	0.000363924 	6.27929e-05 	4
2.26083 	0.000554562 	4.64907e-05 	6
2.32308 	0.00087769 	8.14656e-05 	8
2.38534 	0.00046713 	9.8633e-05 	4
2.44759 	0.000730495 	9.37996e-05 	4
2.63435 	0.000702979 	7.84212e-05 	4
2.69661 	0.000769029 	8.15491e-05 	6
2.88337 	0.000861725 	7.59054e-05 	8
2.94562 	0.000469197 	9.87737e-05 	2
3.07013 	0.000567668 	6.54687e-05 	4
3.31914 	0.000585968 	6.87278e-05 	6
3.3814 	0.00116907 	8.49615e-05 	10
3.44365 	0.000988125 	9.52937e-05 	9
3.69267 	0.000387994 	2.88229e-05 	4
3.75492 	0.000542351 	8.46294e-05 	3
3.87943 	0.000466711 	8.77877e-05 	4
4.06619 	0.000625817 	5.64956e-05 	4
4.12845 	0.000364266 	9.91959e-05 	2
4.1907 	0.000458168 	8.12512e-05 	3
4.25295 	0.000701469 	6.65974e-05 	4
4.31521 	0.000646406 	8.39662e-05 	7
4.50197 	0.000319823 	6.45972e-05 	2
4.56422 	0.000847404 	9.70265e-05 	4
4.62648 	0.000795085 	6.28401e-05 	4
4.68873 	0.000772784 	9.05446e-05 	8
4.93775 	0.000522422 	9.09843e-05 	4
5.0 	0.000521134 	6.75075e-05 	3
5.0625 	0.000946912 	8.68664e-05 	8
5.125 	0.000234759 	8.42898e-05 	2
5.25 	0.000678339 	9.31538e-05 	6
5.375 	0.000669877 	7.17213e-05 	8
5.5 	0.000855863 	9.27421e-05 	9
5.5625 	0.000981318 	7.11502e-05 	8
5.625 	0.000888252 	9.43306e-05 	8
5.6875 	0.000539149 	9.63296e-05 	3
5.8125 	0.000521816 	7.17102e-05 	3
5.875 	0.000381969 	7.81969e-05 	4
5.9375 	0.00048807 	7.98509e-05 	3
6.0 	0.000641195 	9.50751e-05 	4
6.1875 	0.000944962 	9.83657e-05 	9
6.25 	0.00069376 	7.17041e-05 	7
6.4375 	0.000325694 	7.99622e-05 	2
6.75 	0.000509128 	7.53243e-05 	5
6.8125 	0.000572451 	9.97598e-05 	4
6.9375 	0.000673553 	8.76402e-05 	7
7.1875 	0.000545903 	7.57083e-05 	3
7.5625 	0.000415759 	9.8236e-05 	2
7.6875 	0.000451738 	6.76697e-05 	3
7.8125 	0.000641327 	7.73827e-05 	4
7.9375 	0.000663979 	8.3937e-05 	7
8.0 	0.000618431 	5.86984e-05 	6
8.0625 	0.000894189 	7.04445e-05 	6
8.125 	0.000652692 	7.2246e-05 	4
8.4375 	0.000825423 	7.36433e-05 	4
8.5 	0.000646656 	9.95355e-05 	3
8.5625 	0.000354258 	8.72065e-05 	2
8.8125 	0.000695616 	6.13539e-05 	4
8.9375 	0.000957313 	7.77566e-05 	10
9.0 	0.000508957 	9.17889e-05 	2
9.1875 	0.000646055 	9.40375e-05 	5
9.25 	0.000684735 	9.92887e-05 	3
9.3125 	0.000956574 	9.37669e-05 	9
9.375 	0.000856035 	9.25873e-05 	6
9.4375 	0.000442546 	9.2343e-05 	3
9.5625 	0.000327024 	8.16127e-05 	3
9.625 	0.000734618 	8.72679e-05 	8
9.6875 	0.000672814 	8.57887e-05 	8
9.8125 	0.000405033 	9.00359e-05 	3
9.9375 	0.000611385 	7.73779e-05 	3
10.0 	0.000464558 	7.5882e-05 	6
10.3125 	0.000537142 	7.24703e-05 	3
10.625 	0.000704602 	6.73445e-05 	6
10.6875 	0.000849806 	8.27855e-05 	9
10.75 	0.000436852 	8.64121e-05 	3
10.8125 	0.000345202 	6.39302e-05 	3
10.875 	0.000563141 	9.25073e-05 	5
11.0 	0.000629917 	9.10057e-05 	4
11.0625 	0.000922883 	9.01295e-05 	9
11.1875 	0.000566098 	8.45913e-05 	4
11.6875 	0.000851513 	9.20701e-05 	7
11.75 	0.000347952 	5.8342e-05 	3
11.8125 	0.000855431 	7.99025e-05 	10
11.9375 	0.00087778 	8.53194e-05 	8
12.0 	0.000404998 	8.946e-05 	3
12.1875 	0.000703977 	8.03496e-05 	4
12.3125 	0.000448892 	9.11144e-05 	4
12.375 	0.000479549 	5.26483e-05 	4
12.625 	0.000618113 	8.29687e-05 	6
12.6875 	0.00102684 	7.65643e-05 	10
12.8125 	0.000629259 	8.18309e-05 	6
12.875 	0.000584036 	6.46753e-05 	3
13.0 	0.00050582 	8.9025e-05 	3
13.0625 	0.000537078 	8.58834e-05 	4
13.1875 	0.000481277 	9.61989e-05 	6
13.25 	0.0006098 	7.98299e-05 	4
13.5625 	0.00076375 	8.09473e-05 	6
13.625 	0.00104873 	7.82429e-05 	10
13.6875 	0.00106965 	8.03076e-05 	10
14.0625 	0.000859879 	8.49965e-05 	8
14.125 	0.000566025 	9.40423e-05 	7
14.1875 	0.000394968 	8.01721e-05 	2
14.3125 	0.000543824 	9.98015e-05 	4
14.375 	0.000548604 	7.81737e-05 	5
14.4375 	0.00100141 	8.38262e-05 	10
14.5 	0.000460123 	8.38134e-05 	2
14.625 	0.000828835 	7.84011e-05 	8
14.6875 	0.000687743 	9.11796e-05 	6
14.75 	0.000660436 	8.58491e-05 	7
14.8125 	0.000606527 	7.98539e-05 	6
14.9375 	0.000616769 	8.51297e-05 	7
15.0 	0.000557819 	7.92884e-05 	6
15.1875 	0.000267806 	7.88929e-05 	2
15.25 	0.000659692 	6.17018e-05 	6
15.3125 	0.000765434 	8.91006e-05 	9
15.375 	0.00084444 	8.207e-05 	7
15.4375 	0.000439535 	5.49353e-05 	3
15.5 	0.000319829 	9.82379e-05 	3
15.8125 	0.00105521 	9.4354e-05 	8
15.9375 	0.000575765 	8.25956e-05 	3
16.0 	0.000599994 	9.01467e-05 	4
16.0625 	0.000348954 	9.53583e-05 	2
16.125 	0.000487401 	5.24509e-05 	3
16.1875 	0.0006425 	8.01773e-05 	7
16.25 	0.000715937 	8.31103e-05 	4
16.375 	0.000705881 	7.19755e-05 	5
16.5 	0.000435062 	8.35816e-05 	4
16.625 	0.000563658 	8.24106e-05 	8
16.8125 	0.000691187 	7.68198e-05 	4
16.9375 	0.000545179 	8.55408e-05 	5
17.25 	0.000454028 	6.98495e-05 	3
17.3125 	0.000445393 	9.53519e-05 	4
17.375 	0.000713188 	9.09038e-05 	5
17.4375 	0.000433141 	8.04022e-05 	2
17.5625 	0.000383017 	9.92418e-05 	2
17.6875 	0.000811753 	6.11283e-05 	8
18.0 	0.000509798 	5.12358e-05 	3
18.0625 	0.000397679 	5.98937e-05 	3
18.1875 	0.000775486 	8.71801e-05 	10
18.25 	0.000299833 	5.60561e-05 	3
18.375 	0.000564988 	9.32823e-05 	2
18.4375 	0.000762077 	8.05116e-05 	4
18.5625 	0.000637829 	9.81583e-05 	7
18.625 	0.000509436 	8.76998e-05 	3
18.8125 	0.000551343 	9.11907e-05 	6
18.875 	0.000306643 	9.13316e-05 	3
18.9375 	0.000674094 	8.5105e-05 	4
19.125 	0.000608489 	7.77025e-05 	4
19.4375 	0.000719084 	8.62379e-05 	4
19.5 	0.000669573 	8.89383e-05 	8
19.625 	0.000507515 	7.84732e-05 	6
19.6875 	0.000572654 	9.85234e-05 	6
19.75 	0.00081517 	8.86325e-05 	8
19.9375 	0.000488541 	7.99241e-05 	6
20.125 	0.000425337 	8.44434e-05 	2
20.1875 	0.000708516 	8.83957e-05 	4
20.375 	0.000729065 	7.50552e-05 	8
20.4375 	0.000695824 	8.69178e-05 	7
20.5 	0.000558564 	8.09158e-05 	2
20.625 	0.00083342 	8.2193e-05 	7
20.6875 	0.00077084 	9.85814e-05 	7
20.75 	0.000441762 	8.23794e-05 	3
21.0 	0.00047136 	8.31666e-05 	2
21.0625 	0.000442236 	8.87278e-05 	2
21.1875 	0.000730046 	9.88244e-05 	8
21.3125 	0.000894097 	9.01548e-05 	6
21.5625 	0.000483356 	7.79547e-05 	6
21.75 	0.000464603 	9.71604e-05 	2
21.8125 	0.00107417 	9.96515e-05 	10
21.875 	0.000737791 	8.70777e-05 	4
21.9375 	0.00035275 	9.20373e-05 	3
22.1875 	0.000498802 	9.08564e-05 	5
22.25 	0.000709592 	6.9294e-05 	4
22.3125 	0.000666728 	6.40988e-05 	4
22.9375 	0.000856255 	7.48413e-05 	8
23.0 	0.000616351 	8.00832e-05 	8
23.125 	0.000652368 	7.96316e-05 	6
23.1875 	0.000463394 	9.96854e-05 	5
23.3125 	0.00062745 	4.91935e-05 	6
23.375 	0.000832732 	8.17605e-05 	8
23.4375 	0.000468784 	7.56934e-05 	6
23.6875 	0.000657871 	8.55555e-05 	3
23.8125 	0.000585889 	7.86329e-05 	3
24.0 	0.000560745 	4.06181e-05 	3
24.0625 	0.000755917 	8.70797e-05 	8
24.3125 	0.000664811 	7.12725e-05 	4
24.375 	0.00083684 	9.20063e-05 	7
24.4375 	0.000463948 	8.05943e-05 	3
24.5625 	0.000684067 	9.73442e-05 	2
24.6875 	0.00043442 	5.13645e-05 	4
24.75 	0.000525924 	9.90596e-05 	3
24.8125 	0.000540511 	8.74192e-05 	6
25.0 	0.000300048 	4.80446e-05 	3
25.0625 	0.000711101 	8.41295e-05 	4
25.125 	0.000541164 	7.57544e-05 	4
25.25 	0.000751924 	9.14027e-05 	6
25.3125 	0.000770941 	7.76731e-05 	8
25.625 	0.000785134 	8.47851e-05 	8
25.6875 	0.00079204 	7.0548e-05 	8
25.75 	0.000802403 	8.13618e-05 	8
25.8125 	0.000544557 	8.78355e-05 	5
26.0 	0.000918822 	8.83239e-05 	4
26.125 	0.000688471 	6.75153e-05 	4
26.25 	0.000481644 	8.14894e-05 	2
26.375 	0.000643844 	9.25579e-05 	4
26.5 	0.000481918 	8.24649e-05 	2
26.625 	0.000562455 	9.66223e-05 	5
26.6875 	0.000555322 	7.18106e-05 	3
26.875 	0.000747341 	9.88559e-05 	6
26.9375 	0.000608586 	8.94205e-05 	7
27.0 	0.000555286 	5.0662e-05 	3
27.25 	0.000635336 	9.24512e-05 	6
27.3125 	0.00067903 	9.02996e-05 	8
27.625 	0.000799735 	9.04583e-05 	9
27.75 	0.000541914 	7.16365e-05 	4
28.0 	0.000635937 	5.2283e-05 	6
28.0625 	0.000625351 	9.15215e-05 	5
28.125 	0.000497136 	9.43519e-05 	6
28.3125 	0.000654586 	7.84244e-05 	6
28.5 	0.000679775 	8.76283e-05 	7
28.6875 	0.000559818 	7.95905e-05 	4
28.8125 	0.000999896 	7.1817e-05 	10
28.875 	0.000488085 	6.90849e-05 	3
29.0 	0.000668415 	9.86751e-05 	7
29.0625 	0.000320719 	6.08007e-05 	4
29.125 	0.000711518 	9.85964e-05 	7
29.1875 	0.000429352 	9.25199e-05 	4
29.25 	0.000895701 	8.24544e-05 	6
29.375 	0.000258493 	6.81938e-05 	2
29.4375 	0.000475077 	9.5044e-05 	3
29.625 	0.000730047 	9.10607e-05 	4
29.6875 	0.000690064 	9.79802e-05 	3
29.75 	0.000607599 	9.06804e-05 	7
29.9375 	0.00056882 	5.62206e-05 	6
30.125 	0.000494575 	7.58614e-05 	4
30.25 	0.000775918 	9.10054e-05 	8
30.3125 	0.000403053 	9.7944e-05 	2
30.375 	0.000749191 	7.67913e-05 	6
30.4375 	0.000568157 	9.9375e-05 	4
30.5 	0.000541131 	9.93098e-05 	4
30.5625 	0.000607792 	7.94092e-05 	4
30.8125 	0.000412863 	7.27988e-05 	2
30.9375 	0.000868643 	9.70854e-05 	9
31.1875 	0.000300926 	8.39223e-05 	2
31.25 	0.000719277 	7.87437e-05 	4
31.375 	0.00073924 	6.61848e-05 	4
31.625 	0.000648858 	7.69429e-05 	9
31.75 	0.000846294 	6.88175e-05 	4
31.8125 	0.000429328 	6.13105e-05 	4
31.875 	0.00046857 	5.82279e-05 	3
32.0 	0.000760754 	7.76079e-05 	4
32.125 	0.000514892 	8.88021e-05 	4
32.1875 	0.000728641 	9.84713e-05 	6
32.25 	0.00105677 	8.19994e-05 	5
32.3125 	0.000494536 	9.11946e-05 	6
32.4375 	0.000580083 	8.99195e-05 	4
32.5 	0.000910029 	7.32221e-05 	6
32.625 	0.00120143 	8.62736e-05 	10
32.6875 	0.000695105 	5.19603e-05 	4
32.75 	0.000475799 	8.31605e-05 	3
32.8125 	0.000432565 	7.07272e-05 	3
32.875 	0.000551733 	7.7624e-05 	5
33.0 	0.000478527 	9.54302e-05 	2
33.0625 	0.000507127 	9.60905e-05 	3
33.125 	0.000620658 	8.1254e-05 	6
33.3125 	0.000771625 	8.51798e-05 	8
33.375 	0.000655722 	6.0853e-05 	4
33.4375 	0.000758067 	6.28291e-05 	4
33.625 	0.000827315 	8.76816e-05 	9
33.6875 	0.000831071 	8.3378e-05 	9
33.875 	0.000581893 	9.09145e-05 	8
33.9375 	0.000842959 	9.76819e-05 	10
34.125 	0.000513674 	9.90493e-05 	6
34.1875 	0.000824592 	7.88896e-05 	10
34.25 	0.000645688 	9.85952e-05 	7
34.3125 	0.000615822 	7.78122e-05 	4
34.375 	0.000844562 	7.7713e-05 	11
34.5 	0.000556745 	8.33983e-05 	7
34.5625 	0.000780128 	9.19973e-05 	7
34.625 	0.000755307 	7.50318e-05 	9
34.6875 	0.00099894 	8.2893e-05 	12
34.875 	0.000940477 	7.26767e-05 	8
34.9375 	0.000342563 	7.59768e-05 	3
35.0625 	0.000491229 	2.59229e-05 	4
35.125 	0.00052024 	7.62458e-05 	4
35.25 	0.000424358 	7.37949e-05 	3
35.3125 	0.00060558 	9.96207e-05 	4
35.375 	0.000614109 	8.07614e-05 	4
35.625 	0.000443384 	7.99182e-05 	4
35.6875 	0.000510602 	7.66201e-05 	6
35.75 	0.000507465 	9.28537e-05 	3
35.8125 	0.000760813 	7.18922e-05 	8
35.875 	0.000707855 	8.95259e-05 	6
35.9375 	0.000824549 	8.93462e-05 	5
36.0 	0.000402344 	7.53633e-05 	2
36.125 	0.000427662 	8.25207e-05 	5
36.25 	0.000251091 	5.97238e-05 	2
36.4375 	0.000501721 	9.03732e-05 	7
36.5 	0.000604372 	7.78188e-05 	4
36.8125 	0.000729293 	9.3674e-05 	6
36.875 	0.000807322 	8.44488e-05 	4
37.125 	0.000542867 	9.96855e-05 	5
37.1875 	0.000316119 	5.71239e-05 	2
37.3125 	0.000597787 	7.17227e-05 	4
37.4375 	0.00049032 	8.22416e-05 	4
37.5 	0.000638389 	7.77017e-05 	6
37.5625 	0.000356578 	6.41963e-05 	3
37.75 	0.000400921 	6.79335e-05 	3
37.9375 	0.000420079 	7.66361e-05 	4
38.0 	0.000834949 	9.08574e-05 	5
38.0625 	0.00100409 	9.59386e-05 	9
38.125 	0.000527635 	7.72325e-05 	6
38.25 	0.000855757 	8.77082e-05 	8
38.3125 	0.000459143 	5.00747e-05 	4
38.4375 	0.000745875 	8.51718e-05 	4
38.5625 	0.000698626 	8.44457e-05 	6
38.6875 	0.000569613 	7.89819e-05 	6
38.8125 	0.000465692 	9.03019e-05 	2
38.875 	0.000745574 	9.00857e-05 	4
38.9375 	0.000296144 	6.04333e-05 	3
39.0 	0.000687658 	7.85275e-05 	9
39.0625 	0.00062143 	8.64064e-05 	8
39.1875 	0.000508109 	8.2919e-05 	6
39.25 	0.000646772 	8.54547e-05 	6
39.3125 	0.000604172 	6.22769e-05 	4
39.5625 	0.000316593 	8.25111e-05 	2
39.625 	0.000417138 	7.04401e-05 	4
39.6875 	0.000837503 	8.37045e-05 	4
39.75 	0.00040081 	7.75084e-05 	3
39.875 	0.000360998 	4.17022e-05 	3
39.9375 	0.000540004 	9.54652e-05 	5
40.0 	0.000656252 	5.226e-05 	4
40.125 	0.000779183 	9.20254e-05 	8
40.25 	0.000472649 	6.98042e-05 	4
40.3125 	0.000750515 	6.74612e-05 	6
40.4375 	0.000598774 	9.43174e-05 	7
40.5 	0.000995378 	9.00581e-05 	9
40.5625 	0.000441225 	9.73283e-05 	3
40.625 	0.000373066 	9.32578e-05 	2
40.8125 	0.00032272 	4.71453e-05 	4
40.9375 	0.000559793 	7.23572e-05 	4
41.125 	0.000759241 	8.62142e-05 	8
41.1875 	0.000611235 	8.83769e-05 	7
41.25 	0.000705256 	7.0148e-05 	8
41.3125 	0.000747014 	9.64747e-05 	4
41.4375 	0.000556995 	9.44959e-05 	3
41.5 	0.000484366 	9.77879e-05 	5
41.6875 	0.000429177 	7.00811e-05 	2
41.8125 	0.000720039 	8.46187e-05 	4
41.9375 	0.000474282 	7.28406e-05 	3
42.0 	0.00086734 	9.24984e-05 	8
42.25 	0.000698447 	7.3865e-05 	6
42.5 	0.00059521 	7.42717e-05 	3
42.6875 	0.000560987 	8.00115e-05 	3
42.8125 	0.000638746 	9.07226e-05 	6
42.875 	0.000467609 	9.86311e-05 	3
42.9375 	0.000310905 	6.59502e-05 	4
43.0 	0.000603856 	8.31191e-05 	6
43.0625 	0.000828887 	9.49838e-05 	10
43.1875 	0.000350597 	8.23533e-05 	2
43.3125 	0.00106703 	8.7838e-05 	11
43.375 	0.000865128 	8.65813e-05 	8
43.9375 	0.000735018 	6.25386e-05 	8
44.0 	0.000398285 	5.1976e-05 	3
44.125 	0.000986262 	7.94777e-05 	11
44.25 	0.000880805 	9.63758e-05 	9
44.3125 	0.000465506 	9.14804e-05 	3
44.4375 	0.000788294 	7.94536e-05 	6
44.5625 	0.000525808 	7.99963e-05 	6
44.6875 	0.000455051 	7.89687e-05 	3
44.8125 	0.000491685 	9.39914e-05 	2
44.875 	0.000607439 	6.71837e-05 	5
44.9375 	0.000427553 	6.98765e-05 	4
45.0 	0.000569675 	9.90078e-05 	4
45.1875 	0.000344576 	9.48565e-05 	3
45.3125 	0.000355877 	7.57923e-05 	4
45.5 	0.000284392 	5.73398e-05 	2
45.625 	0.000460899 	8.3411e-05 	4
45.6875 	0.000498244 	7.69491e-05 	5
45.75 	0.000528958 	6.98742e-05 	4
46.0 	0.000608748 	7.13546e-05 	4
46.0625 	0.000516934 	8.98816e-05 	5
46.3125 	0.000467345 	9.5735e-05 	4
46.5625 	0.000349683 	8.39783e-05 	3
46.625 	0.000643956 	8.71761e-05 	3
46.6875 	0.000816263 	6.80254e-05 	6
46.75 	0.000838317 	7.76496e-05 	8
47.0 	0.000788168 	9.93867e-05 	7
47.0625 	0.000817505 	9.71267e-05 	5
47.125 	0.000754404 	9.98033e-05 	6
47.25 	0.000582525 	7.42755e-05 	5
47.375 	0.0008568 	9.03019e-05 	8
47.5 	0.00056218 	9.38248e-05 	4
47.5625 	0.000588324 	7.82072e-05 	4
47.625 	0.000483497 	8.86905e-05 	5
47.8125 	0.000732274 	8.93589e-05 	5
48.0625 	0.000183468 	3.78855e-05 	2
48.1875 	0.000445935 	6.72307e-05 	5
48.25 	0.000612459 	8.88966e-05 	6
48.3125 	0.000393357 	9.74423e-05 	1
48.4375 	0.000648887 	8.2921e-05 	4
48.5625 	0.000600864 	8.90765e-05 	8
48.75 	0.00069403 	8.63867e-05 	6
48.8125 	0.000581577 	8.71273e-05 	6
48.9375 	0.000733823 	6.87022e-05 	8
49.0 	0.000362136 	4.75248e-05 	3
49.3125 	0.000570966 	7.32069e-05 	5
49.375 	0.000262969 	8.61548e-05 	2
49.4375 	0.000599546 	7.9332e-05 	6
49.5625 	0.000571103 	6.26977e-05 	6
49.6875 	0.000617568 	8.43807e-05 	3
49.75 	0.000491337 	8.46713e-05 	2
50.0625 	0.000844074 	8.27574e-05 	9
50.25 	0.000917263 	9.64988e-05 	7
50.3125 	0.000361841 	6.84406e-05 	4
50.375 	0.00065108 	6.68107e-05 	6
50.4375 	0.000556196 	9.31423e-05 	4
50.5625 	0.000761822 	8.61019e-05 	8
50.625 	0.000460589 	6.95845e-05 	7
50.75 	0.000487109 	9.86474e-05 	3
50.8125 	0.000762055 	6.27174e-05 	8
50.875 	0.00113934 	7.93123e-05 	10
50.9375 	0.000880435 	9.61074e-05 	8
51.0 	0.000445263 	7.97958e-05 	3
51.125 	0.000191925 	9.41443e-05 	1
51.1875 	0.000476934 	8.47613e-05 	4
51.25 	0.000311201 	7.98964e-05 	2
51.375 	0.000840509 	9.91526e-05 	8
51.4375 	0.000261705 	3.73187e-05 	4
51.5 	0.000640589 	7.48643e-05 	4
51.625 	0.000309787 	7.47061e-05 	3
51.8125 	0.000798668 	8.18567e-05 	8
52.0625 	0.000388606 	8.55247e-05 	3
52.1875 	0.00120794 	8.46703e-05 	10
52.3125 	0.000725039 	9.88232e-05 	7
52.5 	0.000625667 	5.70254e-05 	4
52.75 	0.000421283 	9.16567e-05 	2
52.8125 	0.000462351 	9.02687e-05 	3
52.9375 	0.000783582 	9.20424e-05 	7
53.1875 	0.000533027 	6.99163e-05 	3
53.25 	0.000419832 	7.57326e-05 	4
53.5 	0.000780503 	8.16182e-05 	4
53.5625 	0.000529547 	7.34056e-05 	4
53.625 	0.000430204 	9.61464e-05 	4
53.6875 	0.00055778 	9.37409e-05 	7
53.75 	0.00062939 	8.95133e-05 	3
53.875 	0.000288193 	8.34838e-05 	2
54.0 	0.000802918 	8.46923e-05 	8
54.0625 	0.00053702 	6.25189e-05 	5
54.1875 	0.000806366 	9.51186e-05 	7
54.25 	0.000296977 	6.82137e-05 	2
54.3125 	0.000480335 	6.87399e-05 	5
54.375 	0.000908855 	8.51451e-05 	10
54.4375 	0.000637463 	7.53062e-05 	5
54.6875 	0.000551575 	9.17939e-05 	2
54.8125 	0.000443156 	9.31538e-05 	3
54.875 	0.000334553 	7.26335e-05 	2
54.9375 	0.000725588 	8.86869e-05 	4
55.0 	0.000560825 	9.13417e-05 	6
55.3125 	0.000323209 	8.04578e-05 	2
55.4375 	0.000693942 	8.67007e-05 	4
55.5 	0.000453575 	9.62721e-05 	3
55.75 	0.000525409 	7.62809e-05 	3
55.9375 	0.000541931 	9.63399e-05 	4
56.0 	0.000638081 	9.2614e-05 	6
56.0625 	0.000669966 	9.73496e-05 	7
56.3125 	0.000510849 	8.85304e-05 	4
56.375 	0.000653797 	9.15595e-05 	3
56.4375 	0.000418275 	7.81679e-05 	4
56.5625 	0.000921073 	9.38054e-05 	6
56.6875 	0.000705139 	9.94153e-05 	7
56.75 	0.000535779 	9.7249e-05 	7
56.8125 	0.00056105 	4.06451e-05 	4
57.0 	0.000263549 	8.40569e-05 	2
57.0625 	0.000506711 	9.24319e-05 	5
57.1875 	0.000702562 	5.52917e-05 	4
57.25 	0.000667424 	9.0512e-05 	4
57.3125 	0.00035577 	6.40642e-05 	4
57.4375 	0.000635783 	6.44564e-05 	4
57.6875 	0.000538477 	8.06663e-05 	3
57.8125 	0.000495967 	8.29202e-05 	3
58.125 	0.00076152 	8.24597e-05 	8
58.1875 	0.000434081 	8.76365e-05 	2
58.25 	0.000403816 	6.81768e-05 	4
58.3125 	0.000839689 	9.90127e-05 	9
58.4375 	0.000643721 	7.75537e-05 	4
58.5625 	0.000434826 	9.92306e-05 	2
58.8125 	0.000945089 	8.0003e-05 	8
58.875 	0.000843262 	8.58504e-05 	8
59.0 	0.000584796 	6.82115e-05 	6
59.125 	0.000744916 	8.35215e-05 	10
59.25 	0.000567265 	7.74805e-05 	3
59.3125 	0.000467376 	7.61362e-05 	5
59.375 	0.000671497 	9.76217e-05 	6
59.5 	0.000494961 	8.08383e-05 	5
59.6875 	0.000886773 	8.73002e-05 	9
59.8125 	0.000510478 	7.96185e-05 	2
59.9375 	0.000499394 	8.46777e-05 	4
60.375 	0.000494296 	8.71529e-05 	1
60.4375 	0.000610752 	8.40076e-05 	7
60.5625 	0.000872197 	9.92091e-05 	9
60.625 	0.000821395 	8.51243e-05 	6
60.875 	0.000430743 	9.26505e-05 	2
61.0 	0.000537944 	6.79545e-05 	4
61.125 	0.000746678 	8.60719e-05 	4
61.4375 	0.000693336 	7.16907e-05 	6
61.625 	0.000523115 	9.49016e-05 	4
61.6875 	0.000625443 	7.95579e-05 	3
61.8125 	0.000646222 	8.77171e-05 	6
61.9375 	0.000476293 	9.45188e-05 	3
62.1875 	0.000587573 	8.65567e-05 	3
62.25 	0.00057995 	6.20575e-05 	6
62.375 	0.000544674 	5.89176e-05 	4
62.5 	0.000409917 	7.36433e-05 	3
62.5625 	0.000601728 	7.29139e-05 	6
62.875 	0.000284751 	5.64252e-05 	4
62.9375 	0.000388045 	7.96969e-05 	3
63.0 	0.000649198 	9.06684e-05 	4
63.25 	0.000427097 	9.39645e-05 	3
63.4375 	0.000425567 	7.83181e-05 	4
63.5625 	0.000839962 	8.47431e-05 	8
63.8125 	0.000449031 	7.20701e-05 	3
63.9375 	0.000443774 	7.3602e-05 	5
64.0 	0.00076941 	5.35315e-05 	4
64.25 	0.000686929 	6.39174e-05 	5
64.4375 	0.000838777 	8.01845e-05 	8
64.5625 	0.000466339 	8.40782e-05 	4
64.6875 	0.000468579 	6.15657e-05 	3
64.75 	0.000673127 	7.04025e-05 	4
64.8125 	0.000448007 	5.66932e-05 	4
64.875 	0.000533759 	6.97427e-05 	4
64.9375 	0.00032205 	8.09501e-05 	3
65.0 	0.000718349 	8.933e-05 	9
65.0625 	0.000641183 	8.04464e-05 	8
65.125 	0.000815548 	9.4834e-05 	7
65.625 	0.000547073 	6.27394e-05 	3
65.8125 	0.000494648 	9.57904e-05 	3
65.9375 	0.000838622 	9.66917e-05 	6
66.0 	0.00107316 	7.26122e-05 	10
66.0625 	0.000776844 	9.84457e-05 	5
66.3125 	0.00037334 	8.17463e-05 	3
66.5 	0.000700282 	7.94888e-05 	4
66.75 	0.000457167 	5.63636e-05 	3
66.8125 	0.000713234 	9.48401e-05 	7
66.9375 	0.000875006 	8.42117e-05 	8
67.25 	0.000598668 	7.98893e-05 	4
67.4375 	0.000667294 	6.87259e-05 	6
67.5 	0.000613359 	9.3242e-05 	4
67.8125 	0.000490664 	8.18225e-05 	3
67.875 	0.000654034 	7.09727e-05 	4
67.9375 	0.000640649 	8.94378e-05 	5
68.0 	0.000748806 	9.01973e-05 	5
68.125 	0.000654192 	7.95521e-05 	4
68.1875 	0.000605399 	9.32778e-05 	3
68.3125 	0.000362024 	7.02151e-05 	2
68.375 	0.000411259 	7.55163e-05 	2
68.4375 	0.000656868 	8.11113e-05 	8
68.5625 	0.000556982 	5.5513e-05 	4
68.6875 	0.000589881 	8.14893e-05 	4
68.75 	0.000621721 	7.99501e-05 	6
68.8125 	0.000702886 	6.91795e-05 	4
68.9375 	0.000426726 	5.57101e-05 	4
69.125 	0.000480883 	7.14913e-05 	3
69.1875 	0.000686947 	6.79804e-05 	4
69.25 	0.000728546 	9.5888e-05 	6
69.3125 	0.0006576 	7.8786e-05 	6
69.4375 	0.000612148 	7.41844e-05 	4
69.5 	0.000682181 	8.2575e-05 	4
69.75 	0.000480358 	8.23286e-05 	4
69.8125 	0.00080724 	8.84678e-05 	6
69.875 	0.000416933 	6.94249e-05 	4
69.9375 	0.000763232 	8.33331e-05 	6
