# time 	Initial 	Final 	Iterations
0.333274 	0.000108616 	6.29506e-05 	1
0.392346 	7.13564e-05 	7.13564e-05 	0
0.579973 	8.99581e-05 	8.99581e-05 	0
0.642226 	0.000106808 	6.1716e-05 	2
0.70448 	5.97574e-05 	5.97574e-05 	0
0.766734 	8.2621e-05 	8.2621e-05 	0
0.828988 	0.000104631 	7.14926e-05 	1
0.953496 	4.4291e-05 	4.4291e-05 	0
1.01575 	8.84124e-05 	8.84124e-05 	0
1.078 	8.11022e-05 	8.11022e-05 	0
1.20251 	5.40686e-05 	5.40686e-05 	0
1.26477 	8.99157e-05 	8.99157e-05 	0
1.38927 	6.67266e-05 	6.67266e-05 	0
1.45153 	0.000118669 	3.86789e-05 	1
1.51378 	5.46263e-05 	5.46263e-05 	0
1.57604 	7.07997e-05 	7.07997e-05 	0
1.70054 	5.38556e-05 	5.38556e-05 	0
1.7628 	6.77421e-05 	6.77421e-05 	0
1.8873 	0.000115835 	8.00349e-05 	1
1.94956 	5.48624e-05 	5.48624e-05 	0
2.01181 	5.85057e-05 	5.85057e-05 	0
2.07407 	8.25455e-05 	8.25455e-05 	0
2.13632 	0.000109244 	4.46075e-05 	1
2.19857 	5.34777e-05 	5.34777e-05 	0
2.26083 	6.34958e-05 	6.34958e-05 	0
2.32308 	0.000154234 	9.75631e-05 	1
2.38534 	8.10489e-05 	8.10489e-05 	0
2.44759 	9.03693e-05 	9.03693e-05 	0
2.50984 	6.2086e-05 	6.2086e-05 	0
2.63435 	9.48091e-05 	9.48091e-05 	0
2.69661 	8.98463e-05 	8.98463e-05 	0
2.82111 	9.64018e-05 	9.64018e-05 	0
2.88337 	7.37835e-05 	7.37835e-05 	0
2.94562 	0.000119998 	5.81632e-05 	1
3.00787 	4.14131e-05 	4.14131e-05 	0
3.07013 	9.06908e-05 	9.06908e-05 	0
3.13238 	6.80025e-05 	6.80025e-05 	0
3.19464 	0.000101852 	3.19335e-05 	1
3.25689 	9.54988e-05 	9.54988e-05 	0
3.31914 	0.000100574 	4.14844e-05 	1
3.3814 	8.65718e-05 	8.65718e-05 	0
3.44365 	0.000115582 	5.77025e-05 	1
3.50591 	9.32149e-05 	9.32149e-05 	0
3.56816 	7.68028e-05 	7.68028e-05 	0
3.69267 	9.86142e-05 	9.86142e-05 	0
3.75492 	0.000143264 	6.0033e-05 	1
3.81718 	9.62171e-05 	9.62171e-05 	0
3.87943 	9.01898e-05 	9.01898e-05 	0
4.00394 	0.000139621 	7.21143e-05 	1
4.06619 	0.000124078 	5.96811e-05 	1
4.12845 	0.000149841 	6.66796e-05 	2
4.1907 	5.11133e-05 	5.11133e-05 	0
4.25295 	4.85767e-05 	4.85767e-05 	0
4.31521 	0.000139668 	6.52921e-05 	1
4.37746 	5.59008e-05 	5.59008e-05 	0
4.50197 	7.31827e-05 	7.31827e-05 	0
4.56422 	0.000133055 	5.59703e-05 	1
4.62648 	0.000107336 	6.01383e-05 	1
4.68873 	6.05488e-05 	6.05488e-05 	0
4.75098 	7.8205e-05 	7.8205e-05 	0
4.81324 	3.59241e-05 	3.59241e-05 	0
4.87549 	5.6679e-05 	5.6679e-05 	0
4.93775 	8.75306e-05 	8.75306e-05 	0
5.0 	0.000135167 	7.03401e-05 	1
5.0625 	5.73422e-05 	5.73422e-05 	0
5.125 	0.00011054 	5.16572e-05 	1
5.25 	0.00012666 	5.5276e-05 	1
5.3125 	4.61393e-05 	4.61393e-05 	0
5.375 	8.40347e-05 	8.40347e-05 	0
5.4375 	7.94478e-05 	7.94478e-05 	0
5.5 	7.52714e-05 	7.52714e-05 	0
5.5625 	0.000156241 	6.72188e-05 	1
5.625 	0.000118579 	4.50195e-05 	1
5.6875 	0.000115092 	6.01914e-05 	1
5.75 	9.55294e-05 	9.55294e-05 	0
5.8125 	0.000102374 	4.31044e-05 	1
5.875 	7.71586e-05 	7.71586e-05 	0
5.9375 	7.61853e-05 	7.61853e-05 	0
6.0 	9.8999e-05 	9.8999e-05 	0
6.125 	7.95035e-05 	7.95035e-05 	0
6.1875 	0.000123604 	5.3656e-05 	1
6.25 	8.2863e-05 	8.2863e-05 	0
6.3125 	0.000105445 	5.08745e-05 	1
6.4375 	0.000122235 	5.89217e-05 	1
6.625 	5.36e-05 	5.36e-05 	0
6.6875 	0.000111177 	4.7592e-05 	1
6.75 	7.61381e-05 	7.61381e-05 	0
6.8125 	7.65318e-05 	7.65318e-05 	0
6.9375 	7.29358e-05 	7.29358e-05 	0
7.0 	0.000121753 	4.68141e-05 	1
7.0625 	0.000110732 	5.8078e-05 	1
7.125 	0.00011945 	4.38819e-05 	1
7.1875 	5.24095e-05 	5.24095e-05 	0
7.25 	0.000137184 	5.49269e-05 	1
7.4375 	0.000114966 	4.58361e-05 	1
7.5625 	6.4145e-05 	6.4145e-05 	0
7.625 	8.40106e-05 	8.40106e-05 	0
7.6875 	8.67297e-05 	8.67297e-05 	0
7.8125 	7.15491e-05 	7.15491e-05 	0
7.9375 	0.000120277 	4.9722e-05 	1
8.0 	5.67734e-05 	5.67734e-05 	0
8.0625 	0.000120495 	5.04154e-05 	1
8.125 	5.47662e-05 	5.47662e-05 	0
8.25 	8.15967e-05 	8.15967e-05 	0
8.3125 	9.41415e-05 	9.41415e-05 	0
8.375 	7.30452e-05 	7.30452e-05 	0
8.4375 	0.000104819 	2.9872e-05 	1
8.5 	3.39364e-05 	3.39364e-05 	0
8.5625 	7.43611e-05 	7.43611e-05 	0
8.625 	7.43719e-05 	7.43719e-05 	0
8.8125 	5.96025e-05 	5.96025e-05 	0
8.9375 	8.91726e-05 	8.91726e-05 	0
9.0 	6.66967e-05 	6.66967e-05 	0
9.0625 	7.89902e-05 	7.89902e-05 	0
9.125 	9.68248e-05 	9.68248e-05 	0
9.1875 	8.69395e-05 	8.69395e-05 	0
9.25 	0.000111071 	4.80478e-05 	1
9.3125 	6.59644e-05 	6.59644e-05 	0
9.375 	5.37822e-05 	5.37822e-05 	0
9.4375 	9.41376e-05 	9.41376e-05 	0
9.5625 	4.47139e-05 	4.47139e-05 	0
9.625 	2.96949e-05 	2.96949e-05 	0
9.6875 	0.000112113 	6.14272e-05 	1
9.75 	7.00905e-05 	7.00905e-05 	0
9.8125 	5.93424e-05 	5.93424e-05 	0
9.875 	0.000106194 	5.98918e-05 	1
9.9375 	0.000100566 	4.39146e-05 	1
10.0 	0.00014311 	5.70537e-05 	1
10.0625 	6.08861e-05 	6.08861e-05 	0
10.125 	8.65715e-05 	8.65715e-05 	0
10.1875 	8.04867e-05 	8.04867e-05 	0
10.3125 	0.000142698 	6.37684e-05 	1
10.375 	9.29674e-05 	9.29674e-05 	0
10.5 	9.24207e-05 	9.24207e-05 	0
10.5625 	7.21542e-05 	7.21542e-05 	0
10.625 	7.8222e-05 	7.8222e-05 	0
10.6875 	0.000129376 	4.02284e-05 	1
10.75 	9.37656e-05 	9.37656e-05 	0
10.8125 	0.000116405 	4.8248e-05 	1
10.875 	8.88468e-05 	8.88468e-05 	0
10.9375 	0.0001353 	5.86701e-05 	1
11.0 	9.19972e-05 	9.19972e-05 	0
11.0625 	0.000108775 	4.96811e-05 	1
11.125 	8.26589e-05 	8.26589e-05 	0
11.1875 	9.30801e-05 	9.30801e-05 	0
11.25 	7.37147e-05 	7.37147e-05 	0
11.375 	7.606e-05 	7.606e-05 	0
11.4375 	0.00011185 	5.97929e-05 	1
11.5 	0.000116053 	5.55603e-05 	1
11.5625 	0.000117634 	5.5505e-05 	1
11.625 	7.08344e-05 	7.08344e-05 	0
11.6875 	7.19241e-05 	7.19241e-05 	0
11.75 	6.85244e-05 	6.85244e-05 	0
11.8125 	0.00010776 	6.78655e-05 	1
11.875 	9.04583e-05 	9.04583e-05 	0
11.9375 	9.1728e-05 	9.1728e-05 	0
12.0 	0.000109064 	4.89604e-05 	1
12.0625 	7.24772e-05 	7.24772e-05 	0
12.125 	8.49205e-05 	8.49205e-05 	0
12.1875 	7.30278e-05 	7.30278e-05 	0
12.25 	0.000108972 	4.49179e-05 	1
12.3125 	5.95386e-05 	5.95386e-05 	0
12.375 	6.82323e-05 	6.82323e-05 	0
12.4375 	4.93082e-05 	4.93082e-05 	0
12.5625 	0.000165176 	5.7776e-05 	1
12.625 	0.000178525 	6.48674e-05 	1
12.6875 	6.89763e-05 	6.89763e-05 	0
12.75 	8.1965e-05 	8.1965e-05 	0
12.8125 	4.05498e-05 	4.05498e-05 	0
12.875 	7.38058e-05 	7.38058e-05 	0
13.0 	8.88534e-05 	8.88534e-05 	0
13.0625 	9.83777e-05 	9.83777e-05 	0
13.125 	4.87598e-05 	4.87598e-05 	0
13.1875 	4.52962e-05 	4.52962e-05 	0
13.25 	0.000119608 	7.65183e-05 	1
13.3125 	6.18104e-05 	6.18104e-05 	0
13.375 	8.06612e-05 	8.06612e-05 	0
13.4375 	8.3793e-05 	8.3793e-05 	0
13.5 	6.74124e-05 	6.74124e-05 	0
13.5625 	9.2271e-05 	9.2271e-05 	0
13.625 	7.27778e-05 	7.27778e-05 	0
13.6875 	0.000147775 	6.53473e-05 	1
13.8125 	7.32411e-05 	7.32411e-05 	0
14.0 	8.12544e-05 	8.12544e-05 	0
14.0625 	7.79949e-05 	7.79949e-05 	0
14.125 	0.000113327 	4.86444e-05 	1
14.1875 	5.63178e-05 	5.63178e-05 	0
14.3125 	5.28224e-05 	5.28224e-05 	0
14.375 	4.66598e-05 	4.66598e-05 	0
14.4375 	0.000104824 	4.29961e-05 	1
14.5 	0.000107418 	6.57674e-05 	1
14.625 	6.40974e-05 	6.40974e-05 	0
14.6875 	6.99557e-05 	6.99557e-05 	0
14.75 	0.00011059 	3.83249e-05 	1
14.8125 	0.000112103 	4.89374e-05 	1
14.875 	8.89679e-05 	8.89679e-05 	0
14.9375 	0.000123117 	6.67233e-05 	1
15.0 	0.000108078 	5.25864e-05 	1
15.1875 	8.70366e-05 	8.70366e-05 	0
15.25 	7.64247e-05 	7.64247e-05 	0
15.3125 	0.00010438 	3.41106e-05 	1
15.375 	9.30137e-05 	9.30137e-05 	0
15.4375 	8.08206e-05 	8.08206e-05 	0
15.5 	7.19908e-05 	7.19908e-05 	0
15.5625 	6.36628e-05 	6.36628e-05 	0
15.625 	6.62597e-05 	6.62597e-05 	0
15.75 	6.45145e-05 	6.45145e-05 	0
15.8125 	4.24401e-05 	4.24401e-05 	0
15.875 	7.76359e-05 	7.76359e-05 	0
15.9375 	9.82162e-05 	9.82162e-05 	0
16.0 	5.81785e-05 	5.81785e-05 	0
16.0625 	0.000109368 	5.41737e-05 	1
16.125 	0.00010314 	6.8075e-05 	1
16.1875 	9.04113e-05 	9.04113e-05 	0
16.25 	4.44629e-05 	4.44629e-05 	0
16.3125 	0.000101284 	5.31141e-05 	1
16.375 	7.65485e-05 	7.65485e-05 	0
16.4375 	7.67476e-05 	7.67476e-05 	0
16.5 	0.000189689 	9.52731e-05 	1
16.5625 	8.17294e-05 	8.17294e-05 	0
16.625 	5.61016e-05 	5.61016e-05 	0
16.6875 	9.11922e-05 	9.11922e-05 	0
16.75 	7.42026e-05 	7.42026e-05 	0
16.8125 	0.000115267 	4.13507e-05 	1
16.875 	7.94015e-05 	7.94015e-05 	0
16.9375 	6.17676e-05 	6.17676e-05 	0
17.1875 	0.000139446 	5.93787e-05 	1
17.25 	0.000115774 	5.80705e-05 	1
17.3125 	0.000111251 	4.5525e-05 	1
17.375 	7.07044e-05 	7.07044e-05 	0
17.4375 	8.60239e-05 	8.60239e-05 	0
17.5 	8.8636e-05 	8.8636e-05 	0
17.5625 	9.51375e-05 	9.51375e-05 	0
17.625 	8.19751e-05 	8.19751e-05 	0
17.6875 	6.73637e-05 	6.73637e-05 	0
17.75 	0.00014388 	6.89137e-05 	1
17.8125 	0.00010294 	4.53873e-05 	1
17.9375 	5.53262e-05 	5.53262e-05 	0
18.0 	8.15337e-05 	8.15337e-05 	0
18.0625 	0.000112777 	3.85611e-05 	1
18.125 	5.39137e-05 	5.39137e-05 	0
18.1875 	4.80099e-05 	4.80099e-05 	0
18.25 	6.10235e-05 	6.10235e-05 	0
18.3125 	4.75997e-05 	4.75997e-05 	0
18.375 	7.54756e-05 	7.54756e-05 	0
18.4375 	8.5774e-05 	8.5774e-05 	0
18.5 	0.000105171 	4.38464e-05 	1
18.5625 	0.000106022 	5.06182e-05 	1
18.625 	6.71284e-05 	6.71284e-05 	0
18.75 	8.6141e-05 	8.6141e-05 	0
18.8125 	0.000135858 	6.75838e-05 	1
18.875 	0.000101038 	4.38689e-05 	1
18.9375 	7.56365e-05 	7.56365e-05 	0
19.125 	5.15995e-05 	5.15995e-05 	0
19.25 	9.08553e-05 	9.08553e-05 	0
19.3125 	5.57955e-05 	5.57955e-05 	0
19.375 	9.9374e-05 	9.9374e-05 	0
19.4375 	7.90805e-05 	7.90805e-05 	0
19.5 	0.000125604 	7.3161e-05 	1
19.625 	9.51789e-05 	9.51789e-05 	0
19.6875 	9.3899e-05 	9.3899e-05 	0
19.75 	5.70935e-05 	5.70935e-05 	0
19.875 	7.03614e-05 	7.03614e-05 	0
19.9375 	9.54189e-05 	9.54189e-05 	0
20.0 	8.22798e-05 	8.22798e-05 	0
20.0625 	7.86435e-05 	7.86435e-05 	0
20.125 	7.05348e-05 	7.05348e-05 	0
20.1875 	5.5434e-05 	5.5434e-05 	0
20.25 	6.16311e-05 	6.16311e-05 	0
20.3125 	0.000107657 	5.23434e-05 	1
20.375 	6.33669e-05 	6.33669e-05 	0
20.4375 	6.62418e-05 	6.62418e-05 	0
20.5 	7.89596e-05 	7.89596e-05 	0
20.5625 	0.00011322 	4.33725e-05 	1
20.625 	0.000107802 	4.64398e-05 	1
20.6875 	8.20683e-05 	8.20683e-05 	0
20.75 	0.000104569 	6.65828e-05 	1
20.8125 	0.000112129 	6.18837e-05 	1
20.875 	5.81743e-05 	5.81743e-05 	0
20.9375 	5.17862e-05 	5.17862e-05 	0
21.0 	7.50135e-05 	7.50135e-05 	0
21.0625 	0.000114756 	4.48203e-05 	1
21.1875 	7.56686e-05 	7.56686e-05 	0
21.3125 	0.000109531 	5.17139e-05 	1
21.375 	4.17889e-05 	4.17889e-05 	0
21.4375 	0.000112442 	5.00242e-05 	1
21.5 	4.41083e-05 	4.41083e-05 	0
21.5625 	6.88087e-05 	6.88087e-05 	0
21.625 	8.24011e-05 	8.24011e-05 	0
21.6875 	7.01611e-05 	7.01611e-05 	0
21.75 	8.99193e-05 	8.99193e-05 	0
21.8125 	0.000103969 	7.83191e-05 	1
21.875 	0.000112115 	5.69948e-05 	1
21.9375 	6.93819e-05 	6.93819e-05 	0
22.0 	8.48389e-05 	8.48389e-05 	0
22.125 	6.63358e-05 	6.63358e-05 	0
22.1875 	6.49408e-05 	6.49408e-05 	0
22.25 	5.20642e-05 	5.20642e-05 	0
22.3125 	7.94924e-05 	7.94924e-05 	0
22.375 	0.000131814 	6.15847e-05 	1
22.625 	0.00012224 	6.16009e-05 	1
22.6875 	5.41045e-05 	5.41045e-05 	0
22.75 	7.3209e-05 	7.3209e-05 	0
22.8125 	0.000140356 	6.02883e-05 	1
22.9375 	5.40094e-05 	5.40094e-05 	0
23.0 	8.68755e-05 	8.68755e-05 	0
23.0625 	5.81999e-05 	5.81999e-05 	0
23.125 	7.54015e-05 	7.54015e-05 	0
23.1875 	8.05678e-05 	8.05678e-05 	0
23.3125 	6.05796e-05 	6.05796e-05 	0
23.375 	0.000150657 	7.24214e-05 	1
23.4375 	0.000120625 	5.18433e-05 	1
23.5625 	5.2896e-05 	5.2896e-05 	0
23.6875 	6.59426e-05 	6.59426e-05 	0
23.75 	7.12727e-05 	7.12727e-05 	0
23.8125 	0.000182216 	8.84212e-05 	1
23.875 	7.14522e-05 	7.14522e-05 	0
23.9375 	0.000126848 	7.34972e-05 	1
24.0 	9.00594e-05 	9.00594e-05 	0
24.0625 	8.85171e-05 	8.85171e-05 	0
24.125 	0.000130246 	6.07889e-05 	1
24.1875 	0.000113611 	7.87519e-05 	1
24.3125 	6.72145e-05 	6.72145e-05 	0
24.375 	7.03123e-05 	7.03123e-05 	0
24.4375 	9.34757e-05 	9.34757e-05 	0
24.5 	7.94845e-05 	7.94845e-05 	0
24.5625 	0.00011368 	5.18163e-05 	2
24.625 	8.919e-05 	8.919e-05 	0
24.6875 	7.9611e-05 	7.9611e-05 	0
24.75 	8.55572e-05 	8.55572e-05 	0
24.8125 	0.000110393 	6.04635e-05 	1
25.0 	3.86486e-05 	3.86486e-05 	0
25.0625 	7.17141e-05 	7.17141e-05 	0
25.125 	8.18685e-05 	8.18685e-05 	0
25.25 	5.97954e-05 	5.97954e-05 	0
25.3125 	9.49189e-05 	9.49189e-05 	0
25.375 	4.21844e-05 	4.21844e-05 	0
25.4375 	6.62388e-05 	6.62388e-05 	0
25.5 	4.05693e-05 	4.05693e-05 	0
25.5625 	9.7726e-05 	9.7726e-05 	0
25.625 	4.49496e-05 	4.49496e-05 	0
25.6875 	7.3869e-05 	7.3869e-05 	0
25.75 	9.65221e-05 	9.65221e-05 	0
25.8125 	7.84196e-05 	7.84196e-05 	0
25.875 	4.7902e-05 	4.7902e-05 	0
25.9375 	0.000160815 	8.74348e-05 	1
26.0 	0.000107151 	6.05713e-05 	1
26.0625 	0.000124764 	5.71908e-05 	1
26.125 	3.09145e-05 	3.09145e-05 	0
26.1875 	9.7365e-05 	9.7365e-05 	0
26.25 	9.61645e-05 	9.61645e-05 	0
26.3125 	0.000114742 	7.03102e-05 	1
26.375 	5.33976e-05 	5.33976e-05 	0
26.4375 	0.000185911 	9.39037e-05 	1
26.5 	6.0256e-05 	6.0256e-05 	0
26.5625 	4.10384e-05 	4.10384e-05 	0
26.625 	0.00011133 	7.90783e-05 	1
26.6875 	7.38355e-05 	7.38355e-05 	0
26.875 	6.29357e-05 	6.29357e-05 	0
26.9375 	5.14386e-05 	5.14386e-05 	0
27.0 	7.46083e-05 	7.46083e-05 	0
27.0625 	6.30517e-05 	6.30517e-05 	0
27.125 	0.000120595 	5.54094e-05 	1
27.25 	6.49375e-05 	6.49375e-05 	0
27.3125 	2.89456e-05 	2.89456e-05 	0
27.375 	8.95833e-05 	8.95833e-05 	0
27.5 	8.57316e-05 	8.57316e-05 	0
27.5625 	0.000110993 	3.8702e-05 	1
27.625 	8.01604e-05 	8.01604e-05 	0
27.6875 	0.000116951 	5.66508e-05 	1
27.75 	7.50673e-05 	7.50673e-05 	0
27.8125 	0.000129906 	6.51688e-05 	1
27.875 	6.0323e-05 	6.0323e-05 	0
28.0 	7.44038e-05 	7.44038e-05 	0
28.0625 	9.70306e-05 	9.70306e-05 	0
28.125 	9.21223e-05 	9.21223e-05 	0
28.3125 	7.44655e-05 	7.44655e-05 	0
28.375 	7.9233e-05 	7.9233e-05 	0
28.4375 	5.37551e-05 	5.37551e-05 	0
28.5 	5.1783e-05 	5.1783e-05 	0
28.625 	0.000109858 	5.58263e-05 	1
28.6875 	5.8757e-05 	5.8757e-05 	0
28.8125 	0.000110621 	5.71676e-05 	1
28.875 	4.62708e-05 	4.62708e-05 	0
28.9375 	0.000109235 	3.57632e-05 	1
29.0 	0.000104939 	4.72529e-05 	1
29.0625 	6.93123e-05 	6.93123e-05 	0
29.125 	8.2717e-05 	8.2717e-05 	0
29.1875 	6.66683e-05 	6.66683e-05 	0
29.25 	0.000147175 	6.51631e-05 	1
29.3125 	5.2943e-05 	5.2943e-05 	0
29.375 	4.01355e-05 	4.01355e-05 	0
29.4375 	9.10983e-05 	9.10983e-05 	0
29.5 	7.94384e-05 	7.94384e-05 	0
29.5625 	6.64147e-05 	6.64147e-05 	0
29.625 	9.63682e-05 	9.63682e-05 	0
29.6875 	4.93639e-05 	4.93639e-05 	0
29.75 	0.000111686 	5.10118e-05 	1
29.875 	8.81121e-05 	8.81121e-05 	0
29.9375 	7.77131e-05 	7.77131e-05 	0
30.0 	0.000185636 	6.0265e-05 	1
30.125 	8.87583e-05 	8.87583e-05 	0
30.1875 	2.66463e-05 	2.66463e-05 	0
30.25 	7.85508e-05 	7.85508e-05 	0
30.3125 	0.000101628 	3.13796e-05 	1
30.375 	7.31203e-05 	7.31203e-05 	0
30.4375 	9.72256e-05 	9.72256e-05 	0
30.5 	0.000115015 	5.64444e-05 	1
30.5625 	9.57068e-05 	9.57068e-05 	0
30.625 	0.000115098 	4.98747e-05 	1
30.6875 	9.13791e-05 	9.13791e-05 	0
30.75 	7.87707e-05 	7.87707e-05 	0
30.8125 	7.78699e-05 	7.78699e-05 	0
30.9375 	8.01407e-05 	8.01407e-05 	0
31.0 	4.94067e-05 	4.94067e-05 	0
31.125 	7.68123e-05 	7.68123e-05 	0
31.1875 	9.18744e-05 	9.18744e-05 	0
31.25 	0.000122188 	7.29304e-05 	1
31.3125 	5.62449e-05 	5.62449e-05 	0
31.375 	0.000155112 	5.50514e-05 	1
31.5 	6.14018e-05 	6.14018e-05 	0
31.5625 	6.71043e-05 	6.71043e-05 	0
31.625 	0.000110946 	5.16997e-05 	1
31.6875 	5.55541e-05 	5.55541e-05 	0
31.75 	8.47858e-05 	8.47858e-05 	0
31.8125 	0.000105147 	3.6689e-05 	1
31.875 	3.66463e-05 	3.66463e-05 	0
31.9375 	8.8533e-05 	8.8533e-05 	0
32.0 	6.47344e-05 	6.47344e-05 	0
32.0625 	7.23134e-05 	7.23134e-05 	0
32.125 	6.85625e-05 	6.85625e-05 	0
32.1875 	5.51868e-05 	5.51868e-05 	0
32.25 	6.37015e-05 	6.37015e-05 	0
32.3125 	0.000106876 	5.28669e-05 	1
32.375 	5.33827e-05 	5.33827e-05 	0
32.4375 	0.000104751 	5.45456e-05 	1
32.5 	0.000126781 	3.05576e-05 	1
32.625 	5.16798e-05 	5.16798e-05 	0
32.6875 	0.000108154 	5.18914e-05 	1
32.75 	7.14953e-05 	7.14953e-05 	0
32.8125 	9.8399e-05 	9.8399e-05 	0
32.875 	9.23765e-05 	9.23765e-05 	0
32.9375 	9.75336e-05 	9.75336e-05 	0
33.0 	0.000102537 	4.10115e-05 	1
33.0625 	7.4e-05 	7.4e-05 	0
33.125 	0.000110022 	5.81381e-05 	1
33.1875 	0.000156457 	6.08792e-05 	1
33.25 	8.65155e-05 	8.65155e-05 	0
33.3125 	0.000105283 	4.95512e-05 	1
33.375 	5.07777e-05 	5.07777e-05 	0
33.4375 	0.000120626 	5.1418e-05 	1
33.5 	9.35057e-05 	9.35057e-05 	0
33.625 	5.90736e-05 	5.90736e-05 	0
33.6875 	7.62286e-05 	7.62286e-05 	0
33.75 	0.000109065 	4.11987e-05 	1
33.8125 	6.51522e-05 	6.51522e-05 	0
33.875 	0.000103071 	6.28776e-05 	1
33.9375 	9.99848e-05 	9.99848e-05 	0
34.0625 	7.11743e-05 	7.11743e-05 	0
34.125 	7.665e-05 	7.665e-05 	0
34.1875 	4.68833e-05 	4.68833e-05 	0
34.25 	5.43118e-05 	5.43118e-05 	0
34.3125 	8.87842e-05 	8.87842e-05 	0
34.375 	8.51813e-05 	8.51813e-05 	0
34.4375 	4.95798e-05 	4.95798e-05 	0
34.5 	0.000107668 	4.36949e-05 	1
34.5625 	0.000130856 	6.0274e-05 	1
34.625 	0.000100472 	4.96495e-05 	1
34.6875 	0.000119183 	5.50903e-05 	1
34.75 	0.000162161 	5.83851e-05 	1
34.875 	0.000162061 	6.20339e-05 	1
34.9375 	4.97441e-05 	4.97441e-05 	0
35.0 	4.42906e-05 	4.42906e-05 	0
35.0625 	8.05306e-05 	8.05306e-05 	0
35.125 	0.00010227 	5.69112e-05 	1
35.25 	6.75416e-05 	6.75416e-05 	0
35.3125 	6.43474e-05 	6.43474e-05 	0
35.375 	0.000114118 	6.76885e-05 	1
35.5625 	6.7289e-05 	6.7289e-05 	0
35.625 	0.000111587 	8.31805e-05 	1
35.6875 	5.52333e-05 	5.52333e-05 	0
35.75 	9.78849e-05 	9.78849e-05 	0
35.8125 	5.98873e-05 	5.98873e-05 	0
35.875 	0.000159765 	5.81061e-05 	1
35.9375 	0.000104538 	4.49525e-05 	1
36.0 	0.000170034 	5.88831e-05 	1
36.125 	7.25799e-05 	7.25799e-05 	0
36.25 	6.28885e-05 	6.28885e-05 	0
36.3125 	3.86024e-05 	3.86024e-05 	0
36.4375 	7.02587e-05 	7.02587e-05 	0
36.5 	4.67362e-05 	4.67362e-05 	0
36.5625 	4.6292e-05 	4.6292e-05 	0
36.625 	4.91158e-05 	4.91158e-05 	0
36.6875 	9.16457e-05 	9.16457e-05 	0
36.8125 	5.39051e-05 	5.39051e-05 	0
36.875 	7.56659e-05 	7.56659e-05 	0
36.9375 	9.73714e-05 	9.73714e-05 	0
37.0625 	8.79054e-05 	8.79054e-05 	0
37.125 	7.02099e-05 	7.02099e-05 	0
37.1875 	0.000115467 	6.22879e-05 	1
37.25 	8.67996e-05 	8.67996e-05 	0
37.3125 	0.000114112 	4.3257e-05 	1
37.375 	5.58562e-05 	5.58562e-05 	0
37.4375 	3.55644e-05 	3.55644e-05 	0
37.5 	0.00010997 	5.71551e-05 	1
37.5625 	7.51898e-05 	7.51898e-05 	0
37.625 	0.00012284 	8.25012e-05 	1
37.75 	8.92247e-05 	8.92247e-05 	0
37.8125 	9.33566e-05 	9.33566e-05 	0
37.875 	7.03846e-05 	7.03846e-05 	0
37.9375 	0.000104721 	4.76135e-05 	1
38.0 	7.74623e-05 	7.74623e-05 	0
38.0625 	0.000145068 	5.86181e-05 	1
38.125 	8.05864e-05 	8.05864e-05 	0
38.1875 	5.88197e-05 	5.88197e-05 	0
38.25 	0.000129482 	5.45873e-05 	1
38.3125 	7.06106e-05 	7.06106e-05 	0
38.375 	0.000174702 	6.3587e-05 	1
38.4375 	7.00704e-05 	7.00704e-05 	0
38.5625 	7.31611e-05 	7.31611e-05 	0
38.6875 	4.72965e-05 	4.72965e-05 	0
38.8125 	5.31248e-05 	5.31248e-05 	0
38.875 	9.15728e-05 	9.15728e-05 	0
38.9375 	7.58019e-05 	7.58019e-05 	0
39.0 	8.07619e-05 	8.07619e-05 	0
39.0625 	0.000105378 	6.27593e-05 	1
39.125 	7.27993e-05 	7.27993e-05 	0
39.1875 	5.748e-05 	5.748e-05 	0
39.25 	7.62526e-05 	7.62526e-05 	0
39.3125 	0.000106784 	4.99392e-05 	1
39.375 	9.83339e-05 	9.83339e-05 	0
39.5 	9.0539e-05 	9.0539e-05 	0
39.5625 	0.000113372 	4.01954e-05 	1
39.625 	9.38869e-05 	9.38869e-05 	0
39.6875 	6.20901e-05 	6.20901e-05 	0
39.75 	0.000107842 	5.44436e-05 	1
39.8125 	9.20015e-05 	9.20015e-05 	0
39.875 	8.26358e-05 	8.26358e-05 	0
39.9375 	5.68366e-05 	5.68366e-05 	0
40.0 	0.000120478 	5.25289e-05 	1
40.0625 	6.0106e-05 	6.0106e-05 	0
40.125 	5.23016e-05 	5.23016e-05 	0
40.1875 	6.17611e-05 	6.17611e-05 	0
40.25 	0.000158319 	5.65289e-05 	1
40.3125 	7.55538e-05 	7.55538e-05 	0
40.4375 	0.000116793 	3.57884e-05 	1
40.5 	9.43017e-05 	9.43017e-05 	0
40.5625 	9.09544e-05 	9.09544e-05 	0
40.625 	0.000100211 	4.62221e-05 	1
40.8125 	8.25933e-05 	8.25933e-05 	0
40.875 	7.69239e-05 	7.69239e-05 	0
40.9375 	5.59761e-05 	5.59761e-05 	0
41.0 	8.52236e-05 	8.52236e-05 	0
41.125 	5.90236e-05 	5.90236e-05 	0
41.1875 	7.42698e-05 	7.42698e-05 	0
41.25 	6.60031e-05 	6.60031e-05 	0
41.3125 	0.00012281 	5.3892e-05 	1
41.375 	0.000105309 	3.46162e-05 	1
41.4375 	9.32094e-05 	9.32094e-05 	0
41.5 	8.56781e-05 	8.56781e-05 	0
41.5625 	6.58814e-05 	6.58814e-05 	0
41.625 	0.000119502 	4.28872e-05 	1
41.6875 	9.90488e-05 	9.90488e-05 	0
41.8125 	0.000104104 	7.25215e-05 	1
41.875 	7.19074e-05 	7.19074e-05 	0
41.9375 	0.000124316 	7.91518e-05 	1
42.0 	8.78154e-05 	8.78154e-05 	0
42.125 	5.99213e-05 	5.99213e-05 	0
42.25 	6.43327e-05 	6.43327e-05 	0
42.375 	7.30544e-05 	7.30544e-05 	0
42.4375 	6.40127e-05 	6.40127e-05 	0
42.5 	4.49081e-05 	4.49081e-05 	0
42.625 	6.41049e-05 	6.41049e-05 	0
42.6875 	5.43366e-05 	5.43366e-05 	0
42.75 	8.6202e-05 	8.6202e-05 	0
42.8125 	7.02386e-05 	7.02386e-05 	0
42.875 	0.000120191 	4.94247e-05 	1
42.9375 	6.8373e-05 	6.8373e-05 	0
43.0 	8.56852e-05 	8.56852e-05 	0
43.0625 	5.2419e-05 	5.2419e-05 	0
43.125 	0.000108231 	7.91519e-05 	1
43.1875 	5.13533e-05 	5.13533e-05 	0
43.3125 	9.29055e-05 	9.29055e-05 	0
43.375 	8.59381e-05 	8.59381e-05 	0
43.4375 	5.65884e-05 	5.65884e-05 	0
43.5625 	9.90913e-05 	9.90913e-05 	0
43.6875 	8.01849e-05 	8.01849e-05 	0
43.75 	0.000103661 	6.22229e-05 	1
43.8125 	5.82968e-05 	5.82968e-05 	0
43.875 	7.15466e-05 	7.15466e-05 	0
43.9375 	6.14286e-05 	6.14286e-05 	0
44.0 	9.09431e-05 	9.09431e-05 	0
44.0625 	0.000136119 	7.21808e-05 	1
44.125 	8.82988e-05 	8.82988e-05 	0
44.1875 	0.000105192 	4.52178e-05 	1
44.25 	6.02511e-05 	6.02511e-05 	0
44.3125 	0.000102254 	3.9543e-05 	1
44.375 	9.64427e-05 	9.64427e-05 	0
44.4375 	6.86049e-05 	6.86049e-05 	0
44.5 	8.63683e-05 	8.63683e-05 	0
44.5625 	9.89631e-05 	9.89631e-05 	0
44.625 	7.21112e-05 	7.21112e-05 	0
44.6875 	7.7821e-05 	7.7821e-05 	0
44.75 	8.39555e-05 	8.39555e-05 	0
44.8125 	3.49426e-05 	3.49426e-05 	0
44.875 	9.89928e-05 	9.89928e-05 	0
44.9375 	7.82537e-05 	7.82537e-05 	0
45.0 	0.000103248 	4.96672e-05 	1
45.0625 	7.08415e-05 	7.08415e-05 	0
45.125 	0.000105287 	3.28233e-05 	1
45.1875 	8.73676e-05 	8.73676e-05 	0
45.25 	6.7198e-05 	6.7198e-05 	0
45.3125 	0.000112086 	5.98539e-05 	1
45.375 	5.60816e-05 	5.60816e-05 	0
45.5 	8.16097e-05 	8.16097e-05 	0
45.5625 	0.000121943 	2.9754e-05 	1
45.625 	6.09879e-05 	6.09879e-05 	0
45.6875 	0.000101146 	6.32904e-05 	2
45.75 	3.62028e-05 	3.62028e-05 	0
45.875 	4.30487e-05 	4.30487e-05 	0
45.9375 	5.67537e-05 	5.67537e-05 	0
46.0 	8.29858e-05 	8.29858e-05 	0
46.0625 	0.000108396 	4.97312e-05 	1
46.125 	0.000158818 	8.95982e-05 	1
46.3125 	5.26262e-05 	5.26262e-05 	0
46.375 	9.61174e-05 	9.61174e-05 	0
46.4375 	4.8056e-05 	4.8056e-05 	0
46.5 	8.40866e-05 	8.40866e-05 	0
46.5625 	5.2853e-05 	5.2853e-05 	0
46.625 	8.1881e-05 	8.1881e-05 	0
46.6875 	8.74919e-05 	8.74919e-05 	0
46.75 	0.000116292 	6.07073e-05 	1
46.8125 	6.8537e-05 	6.8537e-05 	0
46.875 	0.000108135 	5.13343e-05 	1
47.0 	7.16504e-05 	7.16504e-05 	0
47.0625 	0.000129887 	7.14394e-05 	1
47.125 	5.40223e-05 	5.40223e-05 	0
47.1875 	7.08912e-05 	7.08912e-05 	0
47.25 	9.84023e-05 	9.84023e-05 	0
47.3125 	0.000109488 	5.10639e-05 	1
47.375 	7.08318e-05 	7.08318e-05 	0
47.4375 	7.78571e-05 	7.78571e-05 	0
47.5 	8.44224e-05 	8.44224e-05 	0
47.5625 	6.5539e-05 	6.5539e-05 	0
47.625 	8.47788e-05 	8.47788e-05 	0
47.6875 	7.49798e-05 	7.49798e-05 	0
47.8125 	0.000129228 	5.72882e-05 	1
47.875 	3.75037e-05 	3.75037e-05 	0
48.0 	0.000113298 	3.69235e-05 	1
48.0625 	5.35133e-05 	5.35133e-05 	0
48.1875 	8.78982e-05 	8.78982e-05 	0
48.25 	7.87845e-05 	7.87845e-05 	0
48.3125 	9.24264e-05 	9.24264e-05 	0
48.375 	0.000132091 	7.6243e-05 	1
48.4375 	5.51205e-05 	5.51205e-05 	0
48.5 	4.5243e-05 	4.5243e-05 	0
48.5625 	8.42174e-05 	8.42174e-05 	0
48.75 	5.00746e-05 	5.00746e-05 	0
48.8125 	9.25834e-05 	9.25834e-05 	0
48.9375 	0.000103517 	3.85197e-05 	1
49.0 	6.4614e-05 	6.4614e-05 	0
49.125 	4.69745e-05 	4.69745e-05 	0
49.1875 	6.9629e-05 	6.9629e-05 	0
49.25 	0.000113413 	6.11485e-05 	1
49.3125 	0.000119972 	6.9752e-05 	1
49.375 	9.46333e-05 	9.46333e-05 	0
49.4375 	4.82015e-05 	4.82015e-05 	0
49.5 	5.91312e-05 	5.91312e-05 	0
49.5625 	9.44702e-05 	9.44702e-05 	0
49.625 	0.000110349 	6.96445e-05 	1
49.6875 	7.02382e-05 	7.02382e-05 	0
49.75 	0.000112967 	4.78376e-05 	1
50.0625 	7.41074e-05 	7.41074e-05 	0
50.125 	6.52652e-05 	6.52652e-05 	0
50.25 	9.16294e-05 	9.16294e-05 	0
50.3125 	9.55272e-05 	9.55272e-05 	0
50.375 	9.35186e-05 	9.35186e-05 	0
50.4375 	6.51145e-05 	6.51145e-05 	0
50.5 	0.000105712 	5.10239e-05 	1
50.5625 	7.12529e-05 	7.12529e-05 	0
50.625 	8.72402e-05 	8.72402e-05 	0
50.75 	3.23796e-05 	3.23796e-05 	0
50.8125 	7.26688e-05 	7.26688e-05 	0
50.875 	0.000113846 	2.81963e-05 	1
50.9375 	6.97976e-05 	6.97976e-05 	0
51.0 	8.52236e-05 	8.52236e-05 	0
51.0625 	3.96092e-05 	3.96092e-05 	0
51.125 	0.000111216 	5.07345e-05 	1
51.1875 	6.76791e-05 	6.76791e-05 	0
51.25 	8.12499e-05 	8.12499e-05 	0
51.3125 	7.80813e-05 	7.80813e-05 	0
51.375 	8.09915e-05 	8.09915e-05 	0
51.4375 	8.51154e-05 	8.51154e-05 	0
51.5 	8.58379e-05 	8.58379e-05 	0
51.5625 	8.6341e-05 	8.6341e-05 	0
51.625 	0.000105856 	5.76206e-05 	1
51.6875 	6.2878e-05 	6.2878e-05 	0
51.8125 	9.19468e-05 	9.19468e-05 	0
51.875 	6.89375e-05 	6.89375e-05 	0
52.0 	6.97026e-05 	6.97026e-05 	0
52.0625 	5.76656e-05 	5.76656e-05 	0
52.1875 	0.000113374 	4.85933e-05 	1
52.25 	7.63501e-05 	7.63501e-05 	0
52.3125 	9.79702e-05 	9.79702e-05 	0
52.375 	5.79479e-05 	5.79479e-05 	0
52.4375 	0.000144002 	6.51614e-05 	1
52.5 	5.83574e-05 	5.83574e-05 	0
52.5625 	7.95982e-05 	7.95982e-05 	0
52.625 	5.78069e-05 	5.78069e-05 	0
52.6875 	0.000128706 	5.30069e-05 	1
52.75 	0.000130715 	7.78467e-05 	1
52.8125 	6.04273e-05 	6.04273e-05 	0
52.875 	5.50658e-05 	5.50658e-05 	0
52.9375 	5.73685e-05 	5.73685e-05 	0
53.0 	9.79375e-05 	9.79375e-05 	0
53.125 	9.01649e-05 	9.01649e-05 	0
53.1875 	6.39424e-05 	6.39424e-05 	0
53.25 	6.18875e-05 	6.18875e-05 	0
53.3125 	0.000145332 	6.32273e-05 	1
53.375 	8.37486e-05 	8.37486e-05 	0
53.5 	8.79e-05 	8.79e-05 	0
53.5625 	6.31211e-05 	6.31211e-05 	0
53.625 	6.63336e-05 	6.63336e-05 	0
53.6875 	5.70865e-05 	5.70865e-05 	0
53.75 	0.000110928 	4.64948e-05 	1
53.8125 	0.000136193 	8.49601e-05 	1
53.875 	5.75109e-05 	5.75109e-05 	0
53.9375 	9.55428e-05 	9.55428e-05 	0
54.0 	6.7003e-05 	6.7003e-05 	0
54.0625 	0.000106428 	6.91027e-05 	1
54.125 	9.88624e-05 	9.88624e-05 	0
54.1875 	8.86738e-05 	8.86738e-05 	0
54.25 	4.50396e-05 	4.50396e-05 	0
54.3125 	7.65648e-05 	7.65648e-05 	0
54.375 	7.11156e-05 	7.11156e-05 	0
54.4375 	6.29488e-05 	6.29488e-05 	0
54.5 	6.28959e-05 	6.28959e-05 	0
54.625 	5.70163e-05 	5.70163e-05 	0
54.6875 	9.71365e-05 	9.71365e-05 	0
54.8125 	5.54865e-05 	5.54865e-05 	0
54.875 	8.48257e-05 	8.48257e-05 	0
54.9375 	9.70627e-05 	9.70627e-05 	0
55.0 	6.8085e-05 	6.8085e-05 	0
55.0625 	8.44729e-05 	8.44729e-05 	0
55.125 	5.96793e-05 	5.96793e-05 	0
55.1875 	8.86609e-05 	8.86609e-05 	0
55.3125 	0.000103895 	5.73596e-05 	1
55.4375 	7.63568e-05 	7.63568e-05 	0
55.5 	8.66885e-05 	8.66885e-05 	0
55.625 	0.00011034 	8.27811e-05 	1
55.6875 	7.46848e-05 	7.46848e-05 	0
55.75 	0.000117005 	6.27822e-05 	1
55.8125 	4.08672e-05 	4.08672e-05 	0
55.875 	0.000109598 	5.71234e-05 	1
55.9375 	4.77501e-05 	4.77501e-05 	0
56.0 	0.000137843 	6.03374e-05 	1
56.0625 	0.000171234 	6.39219e-05 	1
56.125 	0.00011679 	7.21326e-05 	1
56.1875 	4.46896e-05 	4.46896e-05 	0
56.25 	3.91644e-05 	3.91644e-05 	0
56.3125 	9.92575e-05 	9.92575e-05 	0
56.375 	0.000110015 	7.92772e-05 	1
56.4375 	9.27469e-05 	9.27469e-05 	0
56.5625 	6.69233e-05 	6.69233e-05 	0
56.625 	4.84002e-05 	4.84002e-05 	0
56.6875 	9.28205e-05 	9.28205e-05 	0
56.75 	5.70343e-05 	5.70343e-05 	0
56.8125 	0.000108713 	4.33315e-05 	1
56.875 	5.71515e-05 	5.71515e-05 	0
56.9375 	9.57892e-05 	9.57892e-05 	0
57.0 	0.000117856 	4.54105e-05 	1
57.0625 	9.26607e-05 	9.26607e-05 	0
57.125 	6.95444e-05 	6.95444e-05 	0
57.1875 	7.48633e-05 	7.48633e-05 	0
57.25 	7.0188e-05 	7.0188e-05 	0
57.3125 	9.97537e-05 	9.97537e-05 	0
57.375 	4.95675e-05 	4.95675e-05 	0
57.4375 	0.000108483 	4.8394e-05 	1
57.5 	0.000133947 	6.22042e-05 	1
57.5625 	7.9262e-05 	7.9262e-05 	0
57.625 	0.000115528 	4.86598e-05 	1
57.6875 	5.83657e-05 	5.83657e-05 	0
57.75 	5.5771e-05 	5.5771e-05 	0
57.8125 	9.53799e-05 	9.53799e-05 	0
57.9375 	0.000123998 	5.3477e-05 	1
58.0 	6.32685e-05 	6.32685e-05 	0
58.0625 	8.56677e-05 	8.56677e-05 	0
58.125 	6.5652e-05 	6.5652e-05 	0
58.1875 	7.041e-05 	7.041e-05 	0
58.25 	6.63032e-05 	6.63032e-05 	0
58.3125 	9.40824e-05 	9.40824e-05 	0
58.375 	4.3782e-05 	4.3782e-05 	0
58.4375 	6.49207e-05 	6.49207e-05 	0
58.5 	8.9521e-05 	8.9521e-05 	0
58.5625 	5.33648e-05 	5.33648e-05 	0
58.625 	6.57901e-05 	6.57901e-05 	0
58.6875 	8.56235e-05 	8.56235e-05 	0
58.8125 	8.81869e-05 	8.81869e-05 	0
58.875 	0.000183241 	6.565e-05 	1
58.9375 	9.33763e-05 	9.33763e-05 	0
59.0 	5.99943e-05 	5.99943e-05 	0
59.0625 	8.33229e-05 	8.33229e-05 	0
59.125 	7.71727e-05 	7.71727e-05 	0
59.1875 	7.78679e-05 	7.78679e-05 	0
59.25 	6.69968e-05 	6.69968e-05 	0
59.3125 	7.66795e-05 	7.66795e-05 	0
59.375 	5.70553e-05 	5.70553e-05 	0
59.4375 	9.34277e-05 	9.34277e-05 	0
59.5 	6.96007e-05 	6.96007e-05 	0
59.5625 	7.6134e-05 	7.6134e-05 	0
59.6875 	0.000106923 	5.15186e-05 	1
59.8125 	6.99896e-05 	6.99896e-05 	0
59.875 	6.62752e-05 	6.62752e-05 	0
59.9375 	0.000122776 	6.53285e-05 	1
60.0 	7.08176e-05 	7.08176e-05 	0
60.0625 	7.59419e-05 	7.59419e-05 	0
60.125 	6.19503e-05 	6.19503e-05 	0
60.375 	5.01319e-05 	5.01319e-05 	0
60.4375 	0.000105696 	4.29709e-05 	1
60.5 	0.000119493 	4.65708e-05 	1
60.5625 	0.000102243 	4.58705e-05 	1
60.625 	6.69541e-05 	6.69541e-05 	0
60.6875 	5.66124e-05 	5.66124e-05 	0
60.75 	5.91671e-05 	5.91671e-05 	0
60.8125 	7.55395e-05 	7.55395e-05 	0
60.875 	6.67375e-05 	6.67375e-05 	0
60.9375 	7.44408e-05 	7.44408e-05 	0
61.0 	9.48909e-05 	9.48909e-05 	0
61.0625 	5.29527e-05 	5.29527e-05 	0
61.125 	0.000112623 	7.19988e-05 	1
61.1875 	6.61795e-05 	6.61795e-05 	0
61.25 	9.58978e-05 	9.58978e-05 	0
61.3125 	8.26884e-05 	8.26884e-05 	0
61.375 	0.000126368 	6.19661e-05 	1
61.4375 	6.14179e-05 	6.14179e-05 	0
61.5 	0.000117804 	6.62651e-05 	1
61.625 	7.32009e-05 	7.32009e-05 	0
61.6875 	9.61589e-05 	9.61589e-05 	0
61.75 	7.90255e-05 	7.90255e-05 	0
61.8125 	9.27359e-05 	9.27359e-05 	0
61.875 	7.70413e-05 	7.70413e-05 	0
61.9375 	7.05093e-05 	7.05093e-05 	0
62.0 	3.65095e-05 	3.65095e-05 	0
62.125 	9.31511e-05 	9.31511e-05 	0
62.1875 	0.000107235 	5.24183e-05 	1
62.25 	5.7358e-05 	5.7358e-05 	0
62.3125 	0.000167168 	6.26571e-05 	1
62.375 	0.000122955 	5.52895e-05 	1
62.4375 	7.34405e-05 	7.34405e-05 	0
62.5 	0.000142199 	6.41346e-05 	1
62.5625 	8.4957e-05 	8.4957e-05 	0
62.6875 	0.000114579 	5.42874e-05 	1
62.75 	5.22622e-05 	5.22622e-05 	0
62.875 	0.000106236 	6.65198e-05 	1
62.9375 	6.64883e-05 	6.64883e-05 	0
63.0 	5.25891e-05 	5.25891e-05 	0
63.125 	7.49683e-05 	7.49683e-05 	0
63.25 	5.75414e-05 	5.75414e-05 	0
63.375 	0.000162563 	5.81083e-05 	1
63.4375 	3.94804e-05 	3.94804e-05 	0
63.5 	9.29966e-05 	9.29966e-05 	0
63.5625 	6.32442e-05 	6.32442e-05 	0
63.625 	7.69331e-05 	7.69331e-05 	0
63.8125 	0.000104269 	5.27348e-05 	1
63.875 	0.000100469 	4.003e-05 	1
63.9375 	8.23919e-05 	8.23919e-05 	0
64.0 	9.8375e-05 	9.8375e-05 	0
64.0625 	5.8744e-05 	5.8744e-05 	0
64.125 	6.78946e-05 	6.78946e-05 	0
64.25 	7.53708e-05 	7.53708e-05 	0
64.3125 	0.000102911 	5.7377e-05 	1
64.4375 	5.17101e-05 	5.17101e-05 	0
64.5 	6.48772e-05 	6.48772e-05 	0
64.5625 	8.53725e-05 	8.53725e-05 	0
64.6875 	0.000104089 	5.47689e-05 	1
64.75 	9.06826e-05 	9.06826e-05 	0
64.8125 	8.88566e-05 	8.88566e-05 	0
64.875 	0.000142262 	7.83903e-05 	2
64.9375 	4.65548e-05 	4.65548e-05 	0
65.0 	0.000104837 	4.60886e-05 	1
65.0625 	3.768e-05 	3.768e-05 	0
65.125 	7.1334e-05 	7.1334e-05 	0
65.1875 	6.98386e-05 	6.98386e-05 	0
65.25 	0.000144708 	8.40803e-05 	1
65.5 	7.74726e-05 	7.74726e-05 	0
65.625 	8.53602e-05 	8.53602e-05 	0
65.6875 	0.000123051 	5.56813e-05 	1
65.75 	5.81005e-05 	5.81005e-05 	0
65.8125 	5.88364e-05 	5.88364e-05 	0
65.875 	8.0901e-05 	8.0901e-05 	0
65.9375 	8.95213e-05 	8.95213e-05 	0
66.0 	0.000142587 	6.83164e-05 	1
66.0625 	0.000122219 	5.7697e-05 	1
66.1875 	8.13076e-05 	8.13076e-05 	0
66.25 	7.18489e-05 	7.18489e-05 	0
66.3125 	0.000135461 	5.77459e-05 	1
66.375 	4.46408e-05 	4.46408e-05 	0
66.4375 	7.55498e-05 	7.55498e-05 	0
66.5 	0.000104123 	4.75238e-05 	1
66.5625 	6.12972e-05 	6.12972e-05 	0
66.625 	5.29272e-05 	5.29272e-05 	0
66.75 	5.59433e-05 	5.59433e-05 	0
66.8125 	5.79389e-05 	5.79389e-05 	0
66.875 	0.000100757 	5.36562e-05 	1
66.9375 	6.52263e-05 	6.52263e-05 	0
67.0 	6.5999e-05 	6.5999e-05 	0
67.125 	7.77552e-05 	7.77552e-05 	0
67.1875 	6.78339e-05 	6.78339e-05 	0
67.25 	0.000160656 	5.60725e-05 	1
67.3125 	9.15114e-05 	9.15114e-05 	0
67.375 	0.000100284 	7.03949e-05 	1
67.4375 	0.000112506 	5.70109e-05 	1
67.5 	6.75979e-05 	6.75979e-05 	0
67.5625 	7.7784e-05 	7.7784e-05 	0
67.8125 	9.89222e-05 	9.89222e-05 	0
67.875 	7.1436e-05 	7.1436e-05 	0
67.9375 	8.56492e-05 	8.56492e-05 	0
68.0 	6.64208e-05 	6.64208e-05 	0
68.0625 	9.12264e-05 	9.12264e-05 	0
68.125 	5.06762e-05 	5.06762e-05 	0
68.1875 	0.000131078 	5.60121e-05 	1
68.25 	7.06558e-05 	7.06558e-05 	0
68.3125 	0.000103048 	4.37666e-05 	1
68.375 	8.90312e-05 	8.90312e-05 	0
68.4375 	8.90357e-05 	8.90357e-05 	0
68.5 	8.90939e-05 	8.90939e-05 	0
68.5625 	8.84606e-05 	8.84606e-05 	0
68.625 	0.000117783 	4.44727e-05 	1
68.6875 	0.000123799 	5.48604e-05 	1
68.75 	6.9929e-05 	6.9929e-05 	0
68.8125 	0.000102273 	4.09253e-05 	1
68.875 	0.000176949 	6.63262e-05 	1
68.9375 	0.000102097 	3.87467e-05 	1
69.0 	4.40673e-05 	4.40673e-05 	0
69.0625 	9.16373e-05 	9.16373e-05 	0
69.125 	6.21471e-05 	6.21471e-05 	0
69.1875 	4.79041e-05 	4.79041e-05 	0
69.25 	6.0009e-05 	6.0009e-05 	0
69.3125 	8.38433e-05 	8.38433e-05 	0
69.4375 	5.14466e-05 	5.14466e-05 	0
69.5 	0.000138846 	3.80761e-05 	1
69.5625 	5.94426e-05 	5.94426e-05 	0
69.625 	5.49014e-05 	5.49014e-05 	0
69.75 	6.09302e-05 	6.09302e-05 	0
69.8125 	8.01508e-05 	8.01508e-05 	0
69.875 	4.96305e-05 	4.96305e-05 	0
69.9375 	4.83375e-05 	4.83375e-05 	0
