# time 	Initial 	Final 	Iterations
0.333274 	0.000204772 	1.14083e-05 	1
0.579973 	0.000265035 	1.85797e-05 	1
0.642226 	0.000164018 	1.44376e-05 	1
0.70448 	0.000116158 	2.99426e-06 	2
0.766734 	0.000144598 	1.15586e-05 	1
0.828988 	0.000149475 	1.19089e-05 	1
1.01575 	0.000409606 	2.78641e-05 	1
1.078 	9.32046e-05 	9.01499e-06 	1
1.20251 	0.00013138 	3.26291e-06 	2
1.26477 	0.000218583 	1.54173e-05 	1
1.38927 	0.000224991 	1.63102e-05 	1
1.45153 	0.000492248 	3.30495e-05 	1
1.51378 	0.000306962 	2.00057e-05 	1
1.57604 	0.000130253 	1.09698e-05 	1
1.70054 	0.000161004 	1.47238e-05 	1
1.7628 	0.000173238 	1.49427e-05 	1
1.8873 	0.000236761 	1.66559e-05 	1
1.94956 	0.000285947 	1.94065e-05 	1
2.07407 	9.85914e-05 	9.60547e-06 	1
2.13632 	5.8615e-05 	6.39661e-06 	1
2.19857 	0.000188587 	1.48801e-05 	1
2.26083 	0.000258921 	1.94662e-05 	1
2.32308 	0.000261084 	1.83193e-05 	1
2.38534 	0.000137086 	1.10476e-05 	1
2.44759 	0.000134347 	3.73973e-06 	2
2.50984 	9.22076e-05 	8.64499e-06 	1
2.63435 	7.69031e-05 	8.92344e-06 	1
2.69661 	0.000198102 	1.4655e-05 	1
2.82111 	5.33455e-05 	5.31806e-06 	1
2.88337 	9.9311e-05 	2.50982e-06 	2
2.94562 	0.000128162 	1.02956e-05 	1
3.07013 	0.000178065 	1.33642e-05 	1
3.13238 	8.71774e-05 	7.84509e-06 	1
3.19464 	0.000207034 	1.58418e-05 	1
3.25689 	0.000169966 	1.32284e-05 	1
3.31914 	0.000147077 	1.34799e-05 	1
3.3814 	0.00010928 	2.74239e-06 	2
3.44365 	0.000106664 	1.00371e-05 	1
3.50591 	0.000257552 	1.71615e-05 	1
3.56816 	0.000185578 	1.41556e-05 	1
3.69267 	0.000318573 	2.2509e-05 	1
3.75492 	0.000147885 	3.86955e-06 	2
3.81718 	0.000165213 	1.40441e-05 	1
3.87943 	0.000129752 	3.03614e-06 	2
4.00394 	0.000170754 	1.34814e-05 	1
4.06619 	0.000176948 	1.39127e-05 	1
4.12845 	0.000263777 	1.83752e-05 	1
4.1907 	0.000335084 	2.28291e-05 	1
4.25295 	0.000149651 	1.48006e-05 	1
4.31521 	0.000106647 	2.3138e-06 	2
4.37746 	0.000230961 	1.61572e-05 	1
4.50197 	0.000462119 	3.35535e-05 	1
4.56422 	0.000186403 	1.36387e-05 	1
4.62648 	0.000374761 	2.51914e-05 	1
4.68873 	0.000167829 	1.19878e-05 	1
4.75098 	0.000131404 	9.71136e-06 	1
4.81324 	0.000226113 	1.59855e-05 	1
4.87549 	0.000207753 	1.56357e-05 	1
4.93775 	0.000130114 	1.29348e-05 	1
5.0 	0.000245019 	1.728e-05 	1
5.0625 	0.000159378 	1.32247e-05 	1
5.125 	0.000191809 	1.41348e-05 	1
5.25 	0.000251384 	1.79155e-05 	1
5.3125 	0.00022675 	1.58915e-05 	1
5.375 	0.000240172 	1.67362e-05 	1
5.5 	7.42537e-05 	7.28738e-06 	1
5.5625 	0.0002693 	1.93095e-05 	1
5.625 	0.000255397 	1.78417e-05 	1
5.6875 	0.000131298 	3.45129e-06 	2
5.75 	0.000317794 	2.14958e-05 	1
5.8125 	0.000246453 	1.7318e-05 	1
5.875 	0.00029743 	2.65845e-05 	1
5.9375 	0.00011747 	3.11663e-06 	2
6.0 	0.00016101 	1.1975e-05 	1
6.125 	0.000284467 	1.88021e-05 	1
6.1875 	0.000147299 	1.24622e-05 	1
6.25 	0.000269694 	1.82137e-05 	1
6.3125 	0.000114223 	9.03275e-06 	1
6.4375 	0.000230938 	1.5998e-05 	1
6.6875 	0.000231083 	1.67469e-05 	1
6.75 	8.5116e-05 	9.93041e-06 	1
6.8125 	0.000121461 	1.0973e-05 	1
6.9375 	0.000176843 	1.40799e-05 	1
7.0 	8.69247e-05 	8.86519e-06 	1
7.0625 	0.000157931 	1.22704e-05 	1
7.125 	0.000348321 	2.3953e-05 	1
7.1875 	8.84028e-05 	8.95745e-06 	1
7.25 	0.00015509 	1.41851e-05 	1
7.4375 	8.36209e-05 	7.72997e-06 	1
7.5625 	0.000168195 	3.9381e-06 	2
7.625 	0.000479687 	3.18197e-05 	1
7.6875 	0.000116377 	3.09251e-06 	2
7.8125 	0.000187654 	1.53527e-05 	1
7.9375 	0.000107078 	1.0517e-05 	1
8.0 	0.000162592 	1.35545e-05 	1
8.0625 	0.000101867 	2.65756e-06 	2
8.125 	0.000231058 	1.63394e-05 	1
8.25 	0.000194084 	1.35509e-05 	1
8.3125 	0.000416132 	3.48203e-05 	1
8.375 	0.000308137 	2.11546e-05 	1
8.4375 	0.000167003 	1.15546e-05 	1
8.5 	0.000233944 	1.64332e-05 	1
8.5625 	0.000158506 	1.17209e-05 	1
8.8125 	0.000154413 	1.25773e-05 	1
8.9375 	0.000200512 	1.90175e-05 	1
9.0 	0.000304953 	2.12766e-05 	1
9.0625 	0.000186248 	1.72202e-05 	1
9.125 	7.25136e-05 	6.0282e-06 	1
9.1875 	0.000167154 	1.66826e-05 	1
9.25 	0.000236042 	1.68692e-05 	1
9.3125 	0.000201852 	1.6987e-05 	1
9.375 	0.000286171 	2.00854e-05 	1
9.4375 	0.000256621 	1.79359e-05 	1
9.5625 	0.000193252 	1.60608e-05 	1
9.625 	0.000153053 	1.28039e-05 	1
9.6875 	0.000176451 	1.57542e-05 	1
9.75 	6.57282e-05 	7.35537e-06 	1
9.8125 	0.000149497 	1.13827e-05 	1
9.875 	0.000149885 	1.19865e-05 	1
9.9375 	0.000106304 	2.72467e-06 	2
10.0 	0.000204985 	1.76627e-05 	1
10.0625 	0.000113526 	9.88978e-06 	1
10.1875 	0.000131591 	1.03407e-05 	1
10.3125 	0.000160713 	1.18331e-05 	1
10.375 	0.000146291 	1.10471e-05 	1
10.5 	0.000279488 	2.34976e-05 	1
10.5625 	0.000239572 	1.72298e-05 	1
10.625 	0.000165644 	1.59387e-05 	1
10.6875 	0.000122965 	1.16518e-05 	1
10.75 	0.000113528 	2.70019e-06 	2
10.8125 	0.000449134 	3.01537e-05 	1
10.875 	0.000233485 	1.64944e-05 	1
10.9375 	6.70123e-05 	6.00658e-06 	1
11.0 	0.000110992 	9.79961e-06 	1
11.0625 	0.000308617 	2.11206e-05 	1
11.125 	9.44409e-05 	8.14909e-06 	1
11.1875 	0.000114929 	1.13531e-05 	1
11.25 	7.24033e-05 	8.38182e-06 	1
11.375 	0.000241353 	1.88818e-05 	1
11.4375 	0.000130529 	1.00225e-05 	1
11.5 	0.000216616 	1.53959e-05 	1
11.5625 	0.000213025 	1.46193e-05 	1
11.625 	0.00022365 	1.83916e-05 	1
11.6875 	0.00018358 	1.50352e-05 	1
11.75 	0.000431409 	2.92386e-05 	1
11.8125 	0.00020852 	1.44381e-05 	1
11.875 	0.000304858 	2.08827e-05 	1
11.9375 	0.000285882 	1.9489e-05 	1
12.0 	0.000182474 	1.27637e-05 	1
12.0625 	6.9584e-05 	6.80954e-06 	1
12.125 	0.00012498 	3.65016e-06 	2
12.1875 	0.000195245 	1.43389e-05 	1
12.25 	0.000104743 	8.66505e-06 	1
12.3125 	0.000300447 	1.97291e-05 	1
12.375 	0.0003477 	2.39888e-05 	1
12.5625 	7.30248e-05 	5.91708e-06 	1
12.625 	0.000226187 	1.71502e-05 	1
12.6875 	9.08942e-05 	7.84634e-06 	1
12.75 	0.000188697 	1.30917e-05 	1
12.8125 	6.99902e-05 	8.39736e-06 	1
12.875 	0.000116544 	1.06655e-05 	1
13.0 	0.000219134 	1.56751e-05 	1
13.0625 	0.000165615 	1.21296e-05 	1
13.125 	0.000104473 	2.58112e-06 	2
13.1875 	0.000216605 	1.4663e-05 	1
13.25 	0.000180332 	1.4122e-05 	1
13.3125 	6.70158e-05 	7.60262e-06 	1
13.375 	0.000231655 	1.62709e-05 	1
13.4375 	0.000177809 	1.24245e-05 	1
13.5 	0.000201173 	1.49132e-05 	1
13.5625 	0.000208368 	1.9327e-05 	1
13.625 	0.000168156 	1.53693e-05 	1
13.6875 	0.00021746 	1.66872e-05 	1
13.8125 	4.91838e-05 	5.02927e-06 	1
14.0 	0.000175611 	1.45623e-05 	1
14.0625 	0.000103493 	2.80335e-06 	2
14.125 	0.000265078 	1.88691e-05 	1
14.1875 	0.000127584 	3.59079e-06 	2
14.3125 	0.000295691 	2.03519e-05 	1
14.375 	0.000348647 	2.45252e-05 	1
14.4375 	0.000232215 	1.6537e-05 	1
14.5 	0.000313604 	2.14142e-05 	1
14.625 	0.000277985 	2.51459e-05 	1
14.6875 	0.000138337 	3.30795e-06 	2
14.75 	0.000254874 	1.87533e-05 	1
14.8125 	0.000372901 	2.53765e-05 	1
14.875 	0.000272204 	2.34388e-05 	1
14.9375 	0.000337865 	2.34083e-05 	1
15.0 	0.00011653 	9.71534e-06 	1
15.1875 	0.000151221 	1.34587e-05 	1
15.25 	8.8728e-05 	8.70686e-06 	1
15.3125 	0.000155217 	1.44133e-05 	1
15.375 	0.000124562 	1.11e-05 	1
15.4375 	0.000122547 	9.83665e-06 	1
15.5 	0.000165455 	1.39619e-05 	1
15.5625 	0.000290531 	1.9124e-05 	1
15.625 	5.7673e-05 	6.63552e-06 	1
15.75 	0.000133677 	3.42217e-06 	2
15.8125 	0.000226697 	1.5603e-05 	1
15.875 	0.00011317 	1.02722e-05 	1
15.9375 	0.000370509 	2.47538e-05 	1
16.0 	9.68302e-05 	7.77995e-06 	1
16.0625 	0.000224724 	1.6555e-05 	1
16.125 	0.000183685 	1.64289e-05 	1
16.1875 	0.00015141 	1.17747e-05 	1
16.25 	0.000235911 	1.62603e-05 	1
16.3125 	0.000145808 	1.21126e-05 	1
16.375 	9.56142e-05 	8.0478e-06 	1
16.4375 	9.25975e-05 	7.38658e-06 	1
16.5 	9.08429e-05 	9.24751e-06 	1
16.625 	0.000192546 	1.48895e-05 	1
16.6875 	0.000200975 	1.39286e-05 	1
16.75 	6.30317e-05 	7.32866e-06 	1
16.8125 	0.00013635 	1.14251e-05 	1
16.875 	0.000512202 	3.3883e-05 	1
16.9375 	0.000265656 	2.29433e-05 	1
17.1875 	6.99744e-05 	6.81624e-06 	1
17.25 	0.00011275 	8.24964e-06 	1
17.3125 	0.000222089 	1.53592e-05 	1
17.375 	0.000155423 	1.12067e-05 	1
17.4375 	0.000239227 	1.87333e-05 	1
17.5 	0.00016737 	1.24838e-05 	1
17.5625 	0.000296552 	1.9652e-05 	1
17.625 	0.000117676 	1.03276e-05 	1
17.6875 	0.000266336 	1.86e-05 	1
17.75 	0.000127794 	9.59375e-06 	1
17.8125 	0.000129635 	1.00285e-05 	1
17.9375 	9.95566e-05 	9.39019e-06 	1
18.0 	0.000253826 	1.83376e-05 	1
18.0625 	0.000248222 	2.30551e-05 	1
18.125 	0.000175127 	1.51389e-05 	1
18.1875 	0.000340889 	2.29782e-05 	1
18.25 	0.000175746 	1.5921e-05 	1
18.3125 	0.000255965 	1.76596e-05 	1
18.375 	0.000125524 	1.12133e-05 	1
18.4375 	0.000345993 	2.33417e-05 	1
18.5 	6.60917e-05 	6.32489e-06 	1
18.5625 	0.000281531 	1.89179e-05 	1
18.625 	8.6933e-05 	9.33551e-06 	1
18.75 	0.000235223 	1.73231e-05 	1
18.8125 	0.000454545 	3.05205e-05 	1
18.875 	0.000294848 	2.10267e-05 	1
18.9375 	0.000138227 	1.06715e-05 	1
19.125 	0.000223391 	1.53806e-05 	1
19.25 	0.000229925 	1.68381e-05 	1
19.3125 	8.97516e-05 	8.59224e-06 	1
19.375 	0.000143106 	1.14183e-05 	1
19.4375 	0.000234854 	1.62266e-05 	1
19.5 	0.000222771 	1.92532e-05 	1
19.625 	0.000179523 	1.4598e-05 	1
19.6875 	0.000161173 	1.21362e-05 	1
19.75 	0.000186272 	1.46047e-05 	1
19.875 	0.000202954 	1.52813e-05 	1
19.9375 	0.00038132 	2.50793e-05 	1
20.0 	0.000354981 	2.41152e-05 	1
20.0625 	0.000123651 	1.15577e-05 	1
20.125 	0.000162383 	1.17001e-05 	1
20.1875 	0.000207118 	1.53486e-05 	1
20.25 	0.000163633 	1.17555e-05 	1
20.3125 	0.000122923 	1.13041e-05 	1
20.375 	0.000281193 	1.94939e-05 	1
20.4375 	0.000318429 	2.66488e-05 	1
20.5 	0.000168477 	1.29245e-05 	1
20.5625 	0.00017807 	1.49053e-05 	1
20.625 	0.000117478 	3.06594e-06 	2
20.6875 	0.000205153 	1.72442e-05 	1
20.75 	0.000188894 	4.37278e-06 	2
20.8125 	0.000148099 	1.15501e-05 	1
20.875 	0.000292459 	2.00698e-05 	1
21.0 	0.000170423 	1.25681e-05 	1
21.0625 	7.80085e-05 	8.55101e-06 	1
21.1875 	0.000116547 	3.11176e-06 	2
21.3125 	0.000169378 	1.38474e-05 	1
21.375 	0.000165224 	1.22431e-05 	1
21.4375 	0.000167518 	1.39158e-05 	1
21.5 	9.0415e-05 	6.83065e-06 	1
21.5625 	0.000158328 	1.13404e-05 	1
21.625 	9.67973e-05 	2.71834e-06 	2
21.6875 	0.000151904 	1.49742e-05 	1
21.75 	0.000112082 	1.11807e-05 	1
21.8125 	0.000159943 	1.18723e-05 	1
21.875 	0.000261669 	1.83209e-05 	1
21.9375 	0.00024442 	1.66059e-05 	1
22.0 	0.000123332 	9.66183e-06 	1
22.125 	0.000130923 	3.16528e-06 	2
22.1875 	0.000248662 	1.68534e-05 	1
22.25 	0.000231745 	1.71853e-05 	1
22.3125 	0.000104544 	9.95845e-06 	1
22.375 	0.000131342 	1.07598e-05 	1
22.625 	0.000229221 	1.96275e-05 	1
22.6875 	0.000118892 	8.82955e-06 	1
22.75 	0.000341469 	2.26429e-05 	1
22.8125 	7.84796e-05 	8.11277e-06 	1
22.9375 	0.000308312 	2.07688e-05 	1
23.0 	0.000115053 	8.92585e-06 	1
23.0625 	0.000180634 	1.34194e-05 	1
23.125 	0.0001097 	1.03232e-05 	1
23.1875 	0.000194037 	1.43371e-05 	1
23.3125 	0.000250571 	1.86146e-05 	1
23.375 	0.00014621 	1.2411e-05 	1
23.4375 	0.000223894 	2.19111e-05 	1
23.5625 	0.000267574 	1.81349e-05 	1
23.6875 	0.00037353 	2.59017e-05 	1
23.75 	0.000101643 	9.11739e-06 	1
23.8125 	0.000149777 	1.08303e-05 	1
23.875 	0.000215193 	1.62922e-05 	1
23.9375 	0.000356293 	2.3608e-05 	1
24.0 	0.00023302 	2.08269e-05 	1
24.0625 	0.000155003 	1.45378e-05 	1
24.125 	0.000272419 	1.91319e-05 	1
24.1875 	9.12806e-05 	9.12582e-06 	1
24.3125 	0.000243275 	1.67766e-05 	1
24.375 	0.000304333 	2.18722e-05 	1
24.4375 	0.000173082 	1.42859e-05 	1
24.5 	0.000142976 	1.36743e-05 	1
24.5625 	0.000286607 	2.55486e-05 	1
24.625 	0.00015324 	1.16756e-05 	1
24.6875 	0.000148343 	1.11989e-05 	1
24.75 	0.000116265 	2.95741e-06 	2
24.8125 	0.000158551 	1.22319e-05 	1
25.0 	0.000302542 	2.05664e-05 	1
25.0625 	0.000225426 	1.59946e-05 	1
25.125 	0.000286142 	2.00578e-05 	1
25.25 	0.000204682 	1.9878e-05 	1
25.3125 	0.000239051 	1.59771e-05 	1
25.5 	8.13121e-05 	8.10713e-06 	1
25.5625 	0.000166126 	4.07171e-06 	2
25.625 	0.000299176 	2.01064e-05 	1
25.6875 	0.000291131 	1.98482e-05 	1
25.75 	0.000255804 	1.81727e-05 	1
25.8125 	0.000143045 	1.28636e-05 	1
25.875 	0.000106759 	3.42732e-06 	2
25.9375 	0.000101625 	9.43597e-06 	1
26.0 	0.000130475 	1.16576e-05 	1
26.0625 	0.000245053 	1.68935e-05 	1
26.125 	0.000304335 	2.12849e-05 	1
26.25 	0.000176754 	1.33417e-05 	1
26.3125 	0.000205374 	1.7713e-05 	1
26.375 	0.000155602 	1.38588e-05 	1
26.4375 	0.000196419 	1.48932e-05 	1
26.5 	0.000239452 	1.78462e-05 	1
26.5625 	0.000117671 	3.13456e-06 	2
26.625 	0.000144452 	1.03395e-05 	1
26.6875 	0.000237713 	1.7486e-05 	1
26.875 	0.000137723 	1.10175e-05 	1
26.9375 	0.000198788 	1.38246e-05 	1
27.0 	0.000100089 	3.04764e-06 	2
27.0625 	6.8129e-05 	6.9707e-06 	1
27.125 	7.67671e-05 	7.51311e-06 	1
27.25 	0.000228273 	1.57354e-05 	1
27.3125 	0.000227277 	1.58612e-05 	1
27.375 	8.21856e-05 	9.71437e-06 	1
27.5 	0.000227796 	1.60415e-05 	1
27.5625 	8.62801e-05 	7.95766e-06 	1
27.625 	0.000310431 	2.11635e-05 	1
27.6875 	0.00020988 	1.59968e-05 	1
27.75 	0.000227777 	1.6692e-05 	1
27.8125 	7.5353e-05 	7.89944e-06 	1
27.875 	0.000302214 	2.05989e-05 	1
28.0 	9.67894e-05 	9.2487e-06 	1
28.0625 	0.000260408 	1.71353e-05 	1
28.125 	8.88106e-05 	8.67853e-06 	1
28.3125 	0.000179871 	1.49007e-05 	1
28.375 	0.00013811 	1.08627e-05 	1
28.4375 	0.000184405 	1.7892e-05 	1
28.5 	0.000155229 	1.27129e-05 	1
28.625 	0.000274396 	1.8615e-05 	1
28.6875 	0.000264967 	2.03941e-05 	1
28.8125 	0.000142557 	3.79962e-06 	2
28.875 	9.10807e-05 	9.44924e-06 	1
28.9375 	0.000279483 	2.50182e-05 	1
29.0 	0.000438067 	2.94305e-05 	1
29.0625 	0.000176844 	1.27025e-05 	1
29.125 	0.000191793 	1.46897e-05 	1
29.1875 	0.000208768 	1.77402e-05 	1
29.25 	0.000136279 	1.30147e-05 	1
29.3125 	0.000146655 	1.4461e-05 	1
29.375 	0.000153619 	1.24127e-05 	1
29.4375 	0.000173199 	1.28004e-05 	1
29.5 	0.000179304 	4.31628e-06 	2
29.5625 	0.000256734 	1.73785e-05 	1
29.625 	0.000185506 	1.39633e-05 	1
29.6875 	0.000358547 	2.45422e-05 	1
29.75 	0.000338014 	2.2625e-05 	1
29.875 	0.000314093 	2.1414e-05 	1
29.9375 	0.00012653 	3.34432e-06 	2
30.0 	0.000287837 	1.93696e-05 	1
30.125 	0.000153162 	1.39968e-05 	1
30.1875 	0.000214892 	1.55594e-05 	1
30.25 	0.000128729 	1.0273e-05 	1
30.3125 	0.000159894 	1.26128e-05 	1
30.375 	9.59192e-05 	9.79382e-06 	1
30.4375 	0.00031837 	2.18177e-05 	1
30.5 	0.000127421 	1.02817e-05 	1
30.5625 	0.000251195 	2.00292e-05 	1
30.625 	0.00015107 	1.25651e-05 	1
30.6875 	0.000215959 	2.02986e-05 	1
30.75 	0.000308451 	2.12454e-05 	1
30.8125 	0.00015583 	1.17495e-05 	1
30.9375 	0.000159448 	1.43322e-05 	1
31.0 	0.000112474 	9.36606e-06 	1
31.125 	7.96082e-05 	7.29793e-06 	1
31.1875 	0.000108335 	2.84741e-06 	2
31.25 	0.000222097 	1.55497e-05 	1
31.3125 	0.000163555 	1.17682e-05 	1
31.375 	0.000214941 	1.51058e-05 	1
31.5 	0.000162837 	1.58968e-05 	1
31.5625 	0.000205802 	1.81219e-05 	1
31.625 	0.0001151 	1.0704e-05 	1
31.6875 	6.36653e-05 	5.91026e-06 	1
31.75 	0.000299329 	2.10049e-05 	1
31.8125 	0.000245556 	1.67209e-05 	1
31.875 	7.17208e-05 	7.01118e-06 	1
31.9375 	0.000372625 	2.45546e-05 	1
32.0 	0.00029469 	1.93616e-05 	1
32.0625 	0.000230872 	1.63224e-05 	1
32.125 	0.000348128 	2.95429e-05 	1
32.1875 	0.000139038 	3.48797e-06 	2
32.25 	9.60865e-05 	9.46695e-06 	1
32.3125 	0.000170768 	1.48693e-05 	1
32.4375 	0.000323321 	2.20147e-05 	1
32.5 	0.00028788 	2.00359e-05 	1
32.625 	0.000302902 	2.11717e-05 	1
32.6875 	0.000270259 	1.90547e-05 	1
32.75 	0.000150797 	1.24021e-05 	1
32.8125 	0.000411578 	2.99538e-05 	1
32.875 	0.000104642 	3.32423e-06 	2
32.9375 	0.000120684 	8.86935e-06 	1
33.0 	0.000262278 	1.7419e-05 	1
33.0625 	0.000116759 	9.38965e-06 	1
33.125 	0.000170999 	1.32515e-05 	1
33.1875 	0.000133164 	3.48457e-06 	2
33.25 	0.000116417 	1.13901e-05 	1
33.3125 	0.00028424 	1.99065e-05 	1
33.375 	9.96939e-05 	8.627e-06 	1
33.4375 	0.000196195 	1.3298e-05 	1
33.5 	0.00026277 	1.85364e-05 	1
33.625 	0.000246436 	1.76569e-05 	1
33.6875 	0.000239915 	1.69225e-05 	1
33.75 	0.000288723 	2.00369e-05 	1
33.875 	0.000159628 	1.14837e-05 	1
33.9375 	0.000362749 	2.45439e-05 	1
34.0625 	0.000110681 	2.91877e-06 	2
34.125 	0.000206796 	1.61424e-05 	1
34.1875 	0.000193379 	1.40374e-05 	1
34.25 	0.000197853 	1.72951e-05 	1
34.3125 	0.000128414 	1.26329e-05 	1
34.375 	0.000138585 	1.32886e-05 	1
34.4375 	0.000133781 	1.26809e-05 	1
34.5 	9.11851e-05 	8.77731e-06 	1
34.5625 	0.000261051 	1.83191e-05 	1
34.625 	0.00011646 	1.11407e-05 	1
34.6875 	0.000287784 	2.02685e-05 	1
34.75 	0.000204008 	1.50061e-05 	1
34.875 	0.000264485 	1.86259e-05 	1
34.9375 	0.000131669 	1.13729e-05 	1
35.0625 	0.000303484 	2.02327e-05 	1
35.125 	0.000176072 	1.43906e-05 	1
35.25 	9.34179e-05 	9.91395e-06 	1
35.3125 	0.000136692 	1.10235e-05 	1
35.375 	0.000142854 	1.11783e-05 	1
35.5625 	0.000365478 	2.49501e-05 	1
35.625 	0.000231965 	2.09052e-05 	1
35.6875 	0.000116359 	1.05927e-05 	1
35.75 	0.000148582 	1.05582e-05 	1
35.8125 	0.000250475 	2.1006e-05 	1
35.875 	0.000225075 	1.6545e-05 	1
35.9375 	0.000164137 	3.88679e-06 	2
36.0 	0.000133817 	1.17442e-05 	1
36.125 	0.000131962 	1.04595e-05 	1
36.25 	0.000114116 	2.8233e-06 	2
36.4375 	0.000226247 	1.57107e-05 	1
36.5 	0.000304392 	2.04065e-05 	1
36.5625 	0.000276572 	1.84333e-05 	1
36.625 	0.000164942 	1.16344e-05 	1
36.6875 	0.000250106 	2.28953e-05 	1
36.8125 	0.000308067 	2.16364e-05 	1
36.875 	0.000115165 	1.04915e-05 	1
36.9375 	0.000123511 	1.23472e-05 	1
37.0625 	0.000146137 	1.06137e-05 	1
37.125 	0.000284258 	1.95354e-05 	1
37.1875 	0.000259954 	1.84794e-05 	1
37.25 	0.000349955 	2.89074e-05 	1
37.3125 	9.04963e-05 	9.67799e-06 	1
37.375 	0.000167312 	1.26665e-05 	1
37.4375 	0.000160526 	1.19921e-05 	1
37.5 	0.000117879 	8.99526e-06 	1
37.5625 	0.000154061 	3.93128e-06 	2
37.625 	0.000211302 	1.59557e-05 	1
37.75 	0.000170839 	1.44475e-05 	1
37.8125 	0.000275819 	1.86387e-05 	1
37.875 	0.000220737 	1.50816e-05 	1
37.9375 	0.000101444 	3.13732e-06 	2
38.0 	0.000123035 	1.20531e-05 	1
38.0625 	0.000140326 	2.81362e-06 	2
38.125 	0.000319925 	2.17347e-05 	1
38.1875 	0.000268043 	2.3784e-05 	1
38.25 	0.000147777 	3.4753e-06 	2
38.3125 	0.000162198 	1.18023e-05 	1
38.375 	0.000172834 	1.26844e-05 	1
38.4375 	0.000127381 	3.38737e-06 	2
38.5625 	0.000362274 	2.5106e-05 	1
38.6875 	0.000203021 	1.47387e-05 	1
38.8125 	0.000263642 	1.81996e-05 	1
38.875 	0.000317265 	2.12462e-05 	1
38.9375 	0.000310807 	2.079e-05 	1
39.0 	0.000292313 	2.08208e-05 	1
39.0625 	0.000135374 	1.26317e-05 	1
39.125 	0.000252271 	1.85114e-05 	1
39.1875 	0.000124019 	1.0983e-05 	1
39.25 	0.000290205 	2.05395e-05 	1
39.3125 	0.000251772 	1.81772e-05 	1
39.375 	6.47711e-05 	5.5344e-06 	1
39.5 	0.000137343 	1.18636e-05 	1
39.5625 	0.000173039 	1.23841e-05 	1
39.625 	8.23905e-05 	9.22619e-06 	1
39.6875 	0.000208027 	1.53348e-05 	1
39.75 	0.000297533 	2.0553e-05 	1
39.8125 	0.000108684 	2.65881e-06 	2
39.875 	0.000171713 	1.64228e-05 	1
39.9375 	0.000261062 	2.19219e-05 	1
40.0 	0.000127628 	1.24463e-05 	1
40.125 	0.000124151 	3.20485e-06 	2
40.25 	0.000197661 	1.39221e-05 	1
40.3125 	0.000208247 	1.52567e-05 	1
40.4375 	0.000251053 	2.32631e-05 	1
40.5 	0.000183102 	1.49973e-05 	1
40.5625 	8.90221e-05 	7.84081e-06 	1
40.625 	0.000110729 	8.9951e-06 	1
40.8125 	0.000269142 	1.87337e-05 	1
40.875 	7.50644e-05 	6.82566e-06 	1
40.9375 	0.000334582 	2.25068e-05 	1
41.0 	0.00018351 	1.44535e-05 	1
41.125 	0.000166309 	1.2375e-05 	1
41.1875 	0.000381872 	2.60423e-05 	1
41.25 	0.000238773 	1.62538e-05 	1
41.3125 	0.000143694 	1.13151e-05 	1
41.4375 	0.000281097 	2.39252e-05 	1
41.5 	0.000193728 	1.33427e-05 	1
41.5625 	0.000137001 	1.25505e-05 	1
41.625 	9.34386e-05 	9.62486e-06 	1
41.6875 	0.000290971 	2.46534e-05 	1
41.8125 	0.000264821 	1.92416e-05 	1
41.875 	0.000170491 	1.21699e-05 	1
41.9375 	0.000133095 	1.27611e-05 	1
42.0 	0.000260058 	1.79683e-05 	1
42.125 	0.000344766 	2.93486e-05 	1
42.25 	0.000128741 	3.06419e-06 	2
42.375 	0.000124733 	1.04307e-05 	1
42.4375 	7.04477e-05 	6.8231e-06 	1
42.5 	0.00027898 	1.97683e-05 	1
42.625 	0.00012325 	7.89793e-06 	3
42.6875 	9.23747e-05 	8.72013e-06 	1
42.8125 	0.00017208 	1.30377e-05 	1
42.875 	0.000196929 	1.45493e-05 	1
42.9375 	0.000254004 	1.80618e-05 	1
43.0 	0.000274606 	1.90009e-05 	1
43.0625 	0.000143035 	1.23832e-05 	1
43.125 	0.000140659 	1.37505e-05 	1
43.1875 	0.000326939 	2.22141e-05 	1
43.3125 	0.000217525 	1.49018e-05 	1
43.375 	0.000139791 	1.18531e-05 	1
43.4375 	0.000269309 	1.83894e-05 	1
43.5625 	8.10437e-05 	9.4495e-06 	1
43.6875 	0.000180779 	1.73323e-05 	1
43.75 	0.000285381 	1.98205e-05 	1
43.8125 	0.00030217 	2.03998e-05 	1
43.875 	0.000128312 	1.0465e-05 	1
43.9375 	0.000122142 	1.12152e-05 	1
44.0 	0.000148078 	1.43399e-05 	1
44.0625 	0.000107154 	1.03715e-05 	1
44.125 	8.9928e-05 	8.27806e-06 	1
44.1875 	0.000124949 	2.87167e-06 	2
44.25 	0.000213884 	2.07273e-05 	1
44.3125 	0.000169612 	4.38463e-06 	2
44.375 	0.00018737 	1.77809e-05 	1
44.4375 	0.000188984 	1.39831e-05 	1
44.5 	0.000363346 	2.39049e-05 	1
44.5625 	0.000360702 	2.52011e-05 	1
44.625 	0.000382512 	2.59488e-05 	1
44.6875 	0.00027023 	1.89965e-05 	1
44.75 	0.000117441 	1.00068e-05 	1
44.8125 	0.000264586 	1.83716e-05 	1
44.875 	0.000207676 	1.78007e-05 	1
44.9375 	0.000140334 	1.22144e-05 	1
45.0 	0.000130505 	1.01783e-05 	1
45.0625 	0.000285942 	1.96864e-05 	1
45.125 	0.000120021 	8.78597e-06 	1
45.1875 	0.000167696 	1.26804e-05 	1
45.3125 	0.000272265 	1.83225e-05 	1
45.375 	0.00010723 	8.57176e-06 	1
45.5 	0.000362971 	2.99769e-05 	1
45.5625 	0.000135918 	1.28129e-05 	1
45.625 	0.000113703 	9.83931e-06 	1
45.6875 	0.000248004 	1.7395e-05 	1
45.75 	0.000178277 	1.24812e-05 	1
45.875 	0.000221566 	1.54444e-05 	1
45.9375 	0.000338915 	2.30339e-05 	1
46.0 	0.000311081 	2.13009e-05 	1
46.0625 	0.000275159 	1.88805e-05 	1
46.125 	0.000116441 	9.24804e-06 	1
46.3125 	0.000128785 	1.13416e-05 	1
46.375 	0.000193884 	1.47129e-05 	1
46.5 	0.000113727 	9.86905e-06 	1
46.5625 	0.000179833 	1.28772e-05 	1
46.625 	0.00010344 	8.1757e-06 	1
46.6875 	0.000295021 	2.07443e-05 	1
46.75 	0.000273135 	1.96392e-05 	1
46.8125 	8.21082e-05 	8.02553e-06 	1
46.875 	0.000145847 	1.19077e-05 	1
47.0 	0.000214339 	1.68891e-05 	1
47.0625 	0.000238748 	1.58772e-05 	1
47.125 	0.000182508 	1.29009e-05 	1
47.1875 	0.000198043 	1.40793e-05 	1
47.25 	0.000210455 	1.46629e-05 	1
47.3125 	0.000133337 	1.16971e-05 	1
47.375 	0.000169691 	1.20514e-05 	1
47.5 	0.000181102 	1.31164e-05 	1
47.5625 	0.000156828 	1.30769e-05 	1
47.625 	0.000241152 	1.75751e-05 	1
47.6875 	0.000239611 	2.05646e-05 	1
47.8125 	0.000286694 	1.99005e-05 	1
47.875 	0.000216663 	1.66083e-05 	1
48.0 	0.000146233 	1.30988e-05 	1
48.0625 	0.000183576 	1.62029e-05 	1
48.1875 	9.38209e-05 	7.53079e-06 	1
48.25 	0.00012831 	1.21265e-05 	1
48.3125 	0.00014952 	1.36246e-05 	1
48.375 	0.000209255 	1.59827e-05 	1
48.4375 	0.000238116 	1.64238e-05 	1
48.5 	0.000156281 	1.32053e-05 	1
48.5625 	6.81314e-05 	7.50741e-06 	1
48.75 	0.000125158 	9.45404e-06 	1
48.8125 	0.000174534 	1.28189e-05 	1
48.9375 	0.000247897 	1.68189e-05 	1
49.0 	0.00017429 	1.33653e-05 	1
49.125 	0.000178413 	1.61229e-05 	1
49.1875 	0.00017427 	1.31867e-05 	1
49.25 	0.000174301 	1.38519e-05 	1
49.3125 	0.000113426 	2.97417e-06 	2
49.375 	0.000331581 	2.27597e-05 	1
49.4375 	0.000398892 	2.70777e-05 	1
49.5 	0.000214803 	1.605e-05 	1
49.5625 	0.000281441 	1.94581e-05 	1
49.625 	0.000135663 	1.33053e-05 	1
49.6875 	0.000151623 	1.31668e-05 	1
49.75 	9.65449e-05 	9.39673e-06 	1
50.0625 	0.000339708 	2.22635e-05 	1
50.125 	0.000117319 	1.08445e-05 	1
50.25 	0.000151689 	1.09097e-05 	1
50.3125 	8.11788e-05 	8.46095e-06 	1
50.375 	0.000314196 	2.17632e-05 	1
50.4375 	0.000159814 	1.36304e-05 	1
50.5 	0.000230446 	1.64824e-05 	1
50.5625 	0.000274064 	1.82846e-05 	1
50.625 	7.96924e-05 	7.65079e-06 	1
50.75 	0.000187871 	1.38282e-05 	1
50.8125 	0.000239131 	1.65899e-05 	1
50.875 	0.000102394 	8.92249e-06 	1
50.9375 	0.000132153 	1.20759e-05 	1
51.0 	0.00019711 	1.51552e-05 	1
51.0625 	0.000211948 	1.54226e-05 	1
51.125 	0.000293827 	2.02236e-05 	1
51.1875 	8.07665e-05 	6.54352e-06 	1
51.25 	0.000146902 	1.15484e-05 	1
51.3125 	0.000326411 	2.77108e-05 	1
51.375 	0.000239932 	1.69769e-05 	1
51.4375 	0.000289606 	1.98009e-05 	1
51.5 	0.000193589 	1.78442e-05 	1
51.5625 	0.000178232 	1.61959e-05 	1
51.625 	7.82652e-05 	7.44001e-06 	1
51.6875 	0.000179857 	1.63226e-05 	1
51.8125 	0.00023649 	1.73709e-05 	1
51.875 	0.000284816 	1.96696e-05 	1
52.0 	0.000298631 	2.02151e-05 	1
52.0625 	0.000284943 	1.93594e-05 	1
52.1875 	0.000138554 	1.16092e-05 	1
52.25 	0.000118474 	3.41426e-06 	2
52.3125 	0.000220985 	1.56099e-05 	1
52.375 	0.000220143 	1.54395e-05 	1
52.4375 	0.000146249 	1.1125e-05 	1
52.5 	0.000142395 	3.51863e-06 	2
52.5625 	0.000105736 	7.9464e-06 	1
52.625 	0.000282075 	2.01494e-05 	1
52.6875 	0.000230844 	1.95848e-05 	1
52.75 	0.000304509 	2.01685e-05 	1
52.8125 	0.000129516 	1.02688e-05 	1
52.875 	0.000330311 	2.78154e-05 	1
52.9375 	0.000278798 	1.86416e-05 	1
53.0 	0.000112114 	8.84972e-06 	1
53.125 	0.000109101 	9.93642e-06 	1
53.1875 	0.00012936 	1.23159e-05 	1
53.25 	0.000333696 	2.2734e-05 	1
53.3125 	0.000174181 	1.27195e-05 	1
53.375 	0.000297881 	2.08718e-05 	1
53.5 	0.000223254 	1.89746e-05 	1
53.5625 	0.000191649 	1.54116e-05 	1
53.625 	0.000324668 	2.12652e-05 	1
53.6875 	0.000150249 	1.08134e-05 	1
53.75 	0.000253236 	1.75144e-05 	1
53.8125 	0.000130973 	9.87399e-06 	1
53.875 	0.000281319 	2.15383e-05 	1
53.9375 	0.000141417 	1.16987e-05 	1
54.0 	0.000270818 	1.96649e-05 	1
54.0625 	0.000385549 	2.6244e-05 	1
54.1875 	0.000363468 	2.55213e-05 	1
54.25 	0.000304689 	2.13338e-05 	1
54.3125 	8.21221e-05 	8.39056e-06 	1
54.375 	0.000128786 	9.44498e-06 	1
54.4375 	0.000129039 	3.32937e-06 	2
54.5 	5.38587e-05 	5.76855e-06 	1
54.625 	0.000249382 	2.08981e-05 	1
54.6875 	0.000166096 	1.21946e-05 	1
54.8125 	0.000268574 	2.52045e-05 	1
54.875 	0.000141015 	1.33459e-05 	1
54.9375 	0.000207072 	1.51766e-05 	1
55.0 	0.00011533 	2.85903e-06 	2
55.0625 	0.000234769 	1.59596e-05 	1
55.125 	0.000172102 	1.33706e-05 	1
55.1875 	0.000254244 	1.81389e-05 	1
55.3125 	0.000122374 	3.29485e-06 	2
55.4375 	6.25668e-05 	6.51217e-06 	1
55.5 	0.000154015 	1.19839e-05 	1
55.625 	0.00025984 	1.73874e-05 	1
55.6875 	0.000157574 	1.36452e-05 	1
55.75 	0.000131398 	1.11774e-05 	1
55.8125 	0.000126067 	1.24134e-05 	1
55.875 	8.83023e-05 	2.06678e-06 	2
55.9375 	0.000199133 	1.85499e-05 	1
56.0 	0.000150152 	1.17146e-05 	1
56.0625 	0.00016669 	1.51005e-05 	1
56.1875 	0.000212873 	1.84811e-05 	1
56.3125 	0.000136768 	1.18215e-05 	1
56.375 	0.000335805 	2.29361e-05 	1
56.4375 	0.000346701 	2.39485e-05 	1
56.5625 	0.000254408 	1.95499e-05 	1
56.6875 	0.000144536 	9.96852e-06 	1
56.75 	0.000202856 	1.42413e-05 	1
56.8125 	0.000192547 	1.45299e-05 	1
56.9375 	0.000248433 	2.29805e-05 	1
57.0 	0.000138453 	1.1457e-05 	1
57.0625 	0.000204047 	1.53367e-05 	1
57.125 	6.34453e-05 	6.1154e-06 	1
57.1875 	0.000166566 	1.22923e-05 	1
57.25 	0.000127278 	1.07954e-05 	1
57.3125 	0.00023179 	1.65422e-05 	1
57.375 	0.000116992 	1.01651e-05 	1
57.4375 	0.000188384 	1.42335e-05 	1
57.5 	0.000288969 	1.96433e-05 	1
57.5625 	0.000135065 	1.16086e-05 	1
57.625 	0.000284526 	2.01677e-05 	1
57.6875 	0.000289031 	2.09592e-05 	1
57.75 	0.000148084 	1.34787e-05 	1
57.8125 	0.000216576 	1.53145e-05 	1
57.9375 	7.30299e-05 	7.04876e-06 	1
58.0 	0.000118724 	1.02609e-05 	1
58.0625 	0.000176989 	1.2481e-05 	1
58.125 	0.000322962 	2.30759e-05 	1
58.1875 	0.000141845 	1.12935e-05 	1
58.25 	0.00012982 	1.02443e-05 	1
58.3125 	0.000121208 	3.17807e-06 	2
58.4375 	0.000372784 	3.15005e-05 	1
58.5 	6.09939e-05 	7.00218e-06 	1
58.5625 	0.000183372 	1.66947e-05 	1
58.625 	0.000190028 	1.59865e-05 	1
58.6875 	0.000306928 	2.10533e-05 	1
58.8125 	0.000201519 	1.42248e-05 	1
58.875 	0.000205121 	1.49826e-05 	1
58.9375 	0.000314264 	2.1659e-05 	1
59.0 	0.000324224 	2.71835e-05 	1
59.125 	9.60524e-05 	9.58852e-06 	1
59.25 	0.000177474 	1.69441e-05 	1
59.3125 	0.000109863 	1.07875e-05 	1
59.375 	0.00019272 	1.89895e-05 	1
59.4375 	0.0002596 	1.77129e-05 	1
59.5 	0.000262701 	1.839e-05 	1
59.5625 	9.39506e-05 	8.85282e-06 	1
59.6875 	0.000125779 	1.05399e-05 	1
59.8125 	0.00019644 	1.53998e-05 	1
59.875 	0.000247416 	1.84455e-05 	1
59.9375 	7.90325e-05 	7.56847e-06 	1
60.0 	0.000141727 	1.17668e-05 	1
60.0625 	0.00037161 	2.56238e-05 	1
60.125 	0.000156227 	1.29017e-05 	1
60.375 	0.00014151 	1.07211e-05 	1
60.4375 	0.000149209 	1.46768e-05 	1
60.5 	0.000383578 	2.60212e-05 	1
60.5625 	0.000146683 	1.37852e-05 	1
60.625 	0.000258849 	1.85796e-05 	1
60.6875 	0.000153457 	1.19915e-05 	1
60.75 	0.000194448 	1.56713e-05 	1
60.8125 	0.000215642 	1.48459e-05 	1
60.875 	0.000139687 	1.01917e-05 	1
60.9375 	0.0002654 	1.85074e-05 	1
61.0 	0.000163904 	1.51897e-05 	1
61.0625 	6.66206e-05 	6.57688e-06 	1
61.125 	0.000231343 	1.77274e-05 	1
61.1875 	0.000187183 	1.32406e-05 	1
61.25 	0.000112191 	9.50824e-06 	1
61.3125 	0.000260924 	1.78847e-05 	1
61.375 	0.000130431 	9.63062e-06 	1
61.4375 	0.000228275 	1.60861e-05 	1
61.5 	0.000426552 	2.91168e-05 	1
61.625 	0.000109374 	1.02826e-05 	1
61.6875 	0.00022386 	1.64657e-05 	1
61.75 	5.53429e-05 	6.71257e-06 	1
61.8125 	0.00010654 	2.85672e-06 	2
61.875 	0.000119377 	9.82051e-06 	1
61.9375 	0.000202337 	1.69403e-05 	1
62.0 	0.000307005 	2.11835e-05 	1
62.125 	0.000159501 	1.46578e-05 	1
62.1875 	0.000315546 	2.15565e-05 	1
62.25 	0.000326128 	2.1934e-05 	1
62.3125 	0.000286358 	2.01345e-05 	1
62.375 	0.000330782 	2.31076e-05 	1
62.5 	0.000142004 	1.1329e-05 	1
62.5625 	0.000125488 	1.03558e-05 	1
62.6875 	0.000155174 	1.37417e-05 	1
62.75 	0.000253949 	1.82449e-05 	1
62.875 	0.000117576 	1.12169e-05 	1
62.9375 	0.000125866 	1.23352e-05 	1
63.0 	0.00011762 	3.12123e-06 	2
63.125 	0.000262878 	1.86335e-05 	1
63.25 	0.000133 	1.06855e-05 	1
63.375 	0.000334505 	2.39274e-05 	1
63.4375 	0.000218861 	1.55455e-05 	1
63.5625 	0.000144015 	1.13483e-05 	1
63.625 	0.000262913 	1.91154e-05 	1
63.8125 	0.000135067 	1.01886e-05 	1
63.9375 	0.000164533 	1.31379e-05 	1
64.0 	0.000118466 	9.08718e-06 	1
64.0625 	0.000179369 	1.30422e-05 	1
64.25 	0.000117346 	1.00816e-05 	1
64.3125 	0.000143824 	1.02513e-05 	1
64.4375 	0.000256073 	1.79615e-05 	1
64.5625 	8.25942e-05 	7.35358e-06 	1
64.6875 	0.000233427 	1.67715e-05 	1
64.75 	0.000153976 	1.39185e-05 	1
64.8125 	0.000242407 	1.78774e-05 	1
64.875 	0.000188837 	1.4154e-05 	1
64.9375 	0.000142859 	1.16121e-05 	1
65.0 	0.000108676 	2.88722e-06 	2
65.0625 	0.00031698 	2.18764e-05 	1
65.125 	0.000175322 	1.59585e-05 	1
65.25 	0.000241721 	1.6866e-05 	1
65.5 	0.000168869 	1.1963e-05 	1
65.625 	0.00011282 	1.02996e-05 	1
65.6875 	0.00031579 	2.0999e-05 	1
65.75 	0.000273328 	2.23721e-05 	1
65.8125 	0.000317531 	2.73683e-05 	1
65.9375 	0.000114564 	2.9401e-06 	2
66.0 	8.41549e-05 	9.43981e-06 	1
66.0625 	0.000237576 	1.70743e-05 	1
66.1875 	0.00020808 	1.95063e-05 	1
66.25 	0.000262077 	1.84368e-05 	1
66.3125 	0.000298095 	2.06089e-05 	1
66.375 	0.000222199 	1.52641e-05 	1
66.4375 	0.000210589 	1.61791e-05 	1
66.5 	0.000137921 	1.25845e-05 	1
66.5625 	0.000121962 	9.64017e-06 	1
66.625 	0.000330073 	2.21826e-05 	1
66.75 	0.000271395 	2.24047e-05 	1
66.8125 	8.60995e-05 	8.63154e-06 	1
66.875 	0.000424898 	3.04341e-05 	1
66.9375 	0.000187297 	1.4185e-05 	1
67.0 	0.000279164 	2.01183e-05 	1
67.125 	0.000135147 	3.37359e-06 	2
67.1875 	0.00018764 	1.75483e-05 	1
67.25 	0.000157604 	4.64688e-06 	2
67.3125 	0.000242631 	1.67509e-05 	1
67.375 	0.0001748 	1.30952e-05 	1
67.4375 	0.000404365 	3.08817e-05 	1
67.5 	0.000256964 	1.8203e-05 	1
67.5625 	0.000339344 	2.316e-05 	1
67.8125 	0.000156391 	1.56084e-05 	1
67.875 	0.000176125 	1.29651e-05 	1
67.9375 	0.00051678 	4.21007e-05 	1
68.0 	0.00029124 	2.12273e-05 	1
68.0625 	0.00012867 	1.07249e-05 	1
68.125 	0.000198955 	1.46928e-05 	1
68.1875 	7.1122e-05 	7.19362e-06 	1
68.25 	0.000160111 	1.22137e-05 	1
68.3125 	0.000177392 	1.33782e-05 	1
68.375 	0.000244633 	1.66575e-05 	1
68.4375 	0.000262694 	1.83426e-05 	1
68.5 	0.000122595 	3.16004e-06 	2
68.5625 	0.000219882 	1.58168e-05 	1
68.625 	0.000157718 	1.1373e-05 	1
68.6875 	0.000188504 	1.36171e-05 	1
68.75 	0.000213052 	1.80414e-05 	1
68.8125 	7.84085e-05 	7.34251e-06 	1
68.875 	0.000225715 	1.64686e-05 	1
68.9375 	0.000143841 	1.09935e-05 	1
69.0625 	0.000206664 	1.51519e-05 	1
69.125 	0.00021381 	1.63836e-05 	1
69.1875 	0.000149495 	1.30784e-05 	1
69.25 	0.000324509 	2.18724e-05 	1
69.3125 	0.000413955 	2.81451e-05 	1
69.4375 	0.000125333 	1.04976e-05 	1
69.5 	0.000239848 	1.68287e-05 	1
69.5625 	0.000274289 	2.2726e-05 	1
69.625 	0.000216608 	1.55856e-05 	1
69.75 	0.000476364 	3.92369e-05 	1
69.8125 	0.00027205 	1.91987e-05 	1
69.875 	0.000312994 	2.28347e-05 	1
69.9375 	0.000313245 	2.15053e-05 	1
