# time 	Initial 	Final 	Iterations
0.333274 	7.5943e-05 	7.5943e-05 	0
0.579973 	0.000109519 	6.30745e-05 	1
0.642226 	8.12376e-05 	8.12376e-05 	0
0.70448 	7.7237e-05 	7.7237e-05 	0
0.766734 	9.13534e-05 	9.13534e-05 	0
0.828988 	0.000102481 	5.54732e-05 	1
1.01575 	5.21632e-05 	5.21632e-05 	0
1.26477 	5.448e-05 	5.448e-05 	0
1.38927 	8.37935e-05 	8.37935e-05 	0
1.45153 	0.000107847 	5.60756e-05 	1
1.51378 	0.000102407 	9.36963e-05 	1
1.7628 	0.000111847 	7.57247e-05 	1
1.8873 	0.000126299 	6.09637e-05 	1
1.94956 	8.02087e-05 	8.02087e-05 	0
2.07407 	8.06451e-05 	8.06451e-05 	0
2.19857 	6.37298e-05 	6.37298e-05 	0
2.26083 	6.16524e-05 	6.16524e-05 	0
2.32308 	8.58002e-05 	8.58002e-05 	0
2.38534 	9.83656e-05 	9.83656e-05 	0
2.44759 	0.000128533 	6.73234e-05 	1
2.63435 	0.000103169 	4.157e-05 	1
2.69661 	0.00011509 	5.33603e-05 	1
2.88337 	8.82116e-05 	8.82116e-05 	0
2.94562 	9.2122e-05 	9.2122e-05 	0
3.07013 	9.4279e-05 	9.4279e-05 	0
3.19464 	7.31467e-05 	7.31467e-05 	0
3.25689 	9.19559e-05 	9.19559e-05 	0
3.31914 	8.48944e-05 	8.48944e-05 	0
3.3814 	0.000117015 	6.72586e-05 	1
3.44365 	0.0001122 	5.63672e-05 	1
3.50591 	8.82056e-05 	8.82056e-05 	0
3.69267 	8.16822e-05 	8.16822e-05 	0
3.75492 	7.78346e-05 	7.78346e-05 	0
3.87943 	0.000115402 	5.6158e-05 	1
4.00394 	7.07411e-05 	7.07411e-05 	0
4.06619 	0.000102221 	3.92152e-05 	1
4.12845 	0.000122045 	5.63035e-05 	1
4.1907 	9.65713e-05 	9.65713e-05 	0
4.25295 	0.000112537 	5.64379e-05 	1
4.31521 	0.000110098 	3.10474e-05 	1
4.37746 	0.000113652 	7.31602e-05 	1
4.50197 	0.000126833 	7.25279e-05 	1
4.56422 	0.000124578 	6.51349e-05 	1
4.62648 	5.91284e-05 	5.91284e-05 	0
4.68873 	0.000121665 	4.75403e-05 	1
4.93775 	0.000147816 	5.7907e-05 	1
5.0 	0.00010376 	6.09896e-05 	1
5.0625 	0.000124182 	5.59406e-05 	1
5.125 	8.12113e-05 	8.12113e-05 	0
5.25 	0.000116333 	5.19179e-05 	1
5.375 	8.75798e-05 	8.75798e-05 	0
5.5 	0.000135945 	8.04689e-05 	1
5.5625 	0.000134556 	5.80991e-05 	1
5.625 	0.000102677 	5.36121e-05 	1
5.6875 	0.000114375 	6.41193e-05 	1
5.8125 	8.30062e-05 	8.30062e-05 	0
5.875 	8.97172e-05 	8.97172e-05 	0
5.9375 	0.000119195 	5.00182e-05 	1
6.0 	0.000131906 	6.14607e-05 	1
6.1875 	9.92246e-05 	9.92246e-05 	0
6.25 	9.92935e-05 	9.92935e-05 	0
6.4375 	7.55837e-05 	7.55837e-05 	0
6.75 	0.000130549 	6.17201e-05 	1
6.8125 	0.000120205 	6.76235e-05 	1
6.9375 	0.000104335 	4.93032e-05 	1
7.125 	9.58793e-05 	9.58793e-05 	0
7.1875 	0.000116548 	6.16819e-05 	1
7.25 	0.000102161 	4.48628e-05 	1
7.4375 	0.000127407 	3.42548e-05 	1
7.5625 	0.000123431 	5.96283e-05 	1
7.625 	7.92768e-05 	7.92768e-05 	0
7.6875 	0.000103968 	7.3202e-05 	1
7.8125 	6.79877e-05 	6.79877e-05 	0
7.9375 	8.51722e-05 	8.51722e-05 	0
8.0 	0.000115951 	6.3974e-05 	1
8.0625 	0.000102478 	6.65634e-05 	1
8.125 	8.2455e-05 	8.2455e-05 	0
8.25 	9.63363e-05 	9.63363e-05 	0
8.3125 	0.000109488 	5.52792e-05 	1
8.4375 	0.000142832 	7.2773e-05 	1
8.5 	9.89583e-05 	9.89583e-05 	0
8.5625 	0.000110389 	6.82151e-05 	1
8.8125 	9.1793e-05 	9.1793e-05 	0
8.9375 	0.000132907 	6.85778e-05 	1
9.0 	0.000114549 	5.52462e-05 	1
9.1875 	7.00794e-05 	7.00794e-05 	0
9.25 	0.000104485 	5.99614e-05 	1
9.3125 	8.20326e-05 	8.20326e-05 	0
9.375 	5.91796e-05 	5.91796e-05 	0
9.4375 	3.7895e-05 	3.7895e-05 	0
9.5625 	5.29267e-05 	5.29267e-05 	0
9.625 	8.35242e-05 	8.35242e-05 	0
9.6875 	0.000102928 	5.21482e-05 	1
9.8125 	4.18578e-05 	4.18578e-05 	0
9.9375 	5.33047e-05 	5.33047e-05 	0
10.0 	0.000141111 	8.28844e-05 	1
10.1875 	9.07515e-05 	9.07515e-05 	0
10.3125 	0.000112269 	3.76228e-05 	1
10.625 	0.000136367 	4.31522e-05 	1
10.6875 	0.000115799 	5.90569e-05 	1
10.75 	7.43262e-05 	7.43262e-05 	0
10.8125 	8.62393e-05 	8.62393e-05 	0
10.875 	0.000122446 	7.20465e-05 	1
11.0 	0.000103146 	5.56526e-05 	1
11.0625 	6.15583e-05 	6.15583e-05 	0
11.1875 	0.000112447 	6.27088e-05 	1
11.6875 	0.00010584 	5.97809e-05 	1
11.75 	9.91976e-05 	9.91976e-05 	0
11.8125 	7.9895e-05 	7.9895e-05 	0
11.875 	0.000138799 	6.28315e-05 	1
11.9375 	8.05754e-05 	8.05754e-05 	0
12.0 	9.13618e-05 	9.13618e-05 	0
12.0625 	0.000117648 	4.70716e-05 	1
12.1875 	0.00011326 	6.36229e-05 	1
12.3125 	8.09411e-05 	8.09411e-05 	0
12.375 	0.000112743 	6.59474e-05 	1
12.625 	0.000103784 	6.32232e-05 	1
12.6875 	8.80632e-05 	8.80632e-05 	0
12.8125 	6.16696e-05 	6.16696e-05 	0
12.875 	0.000124266 	6.5402e-05 	1
13.0 	8.30369e-05 	8.30369e-05 	0
13.0625 	0.000101717 	5.47689e-05 	1
13.1875 	0.00011927 	5.24906e-05 	1
13.25 	9.77683e-05 	9.77683e-05 	0
13.375 	9.64037e-05 	9.64037e-05 	0
13.4375 	6.66804e-05 	6.66804e-05 	0
13.5625 	9.98546e-05 	9.98546e-05 	0
13.625 	0.000118228 	6.97099e-05 	1
13.6875 	9.57712e-05 	9.57712e-05 	0
14.0 	9.25982e-05 	9.25982e-05 	0
14.0625 	4.46778e-05 	4.46778e-05 	0
14.125 	7.36422e-05 	7.36422e-05 	0
14.1875 	0.00010976 	6.28317e-05 	1
14.3125 	0.000114044 	6.13482e-05 	1
14.375 	8.99331e-05 	8.99331e-05 	0
14.4375 	0.00010545 	5.23437e-05 	1
14.5 	9.98056e-05 	9.98056e-05 	0
14.625 	9.63791e-05 	9.63791e-05 	0
14.6875 	0.000110008 	5.638e-05 	1
14.75 	0.000133047 	7.15218e-05 	1
14.8125 	0.000119615 	5.8657e-05 	1
14.9375 	0.000109709 	6.47692e-05 	1
15.0 	9.05834e-05 	9.05834e-05 	0
15.1875 	6.267e-05 	6.267e-05 	0
15.25 	7.23281e-05 	7.23281e-05 	0
15.3125 	9.40832e-05 	9.40832e-05 	0
15.375 	6.97941e-05 	6.97941e-05 	0
15.4375 	7.86847e-05 	7.86847e-05 	0
15.5 	9.89301e-05 	9.89301e-05 	0
15.8125 	9.78766e-05 	9.78766e-05 	0
15.875 	6.3555e-05 	6.3555e-05 	0
15.9375 	0.000130809 	5.69222e-05 	1
16.0 	0.000120384 	5.82225e-05 	1
16.0625 	7.10962e-05 	7.10962e-05 	0
16.125 	9.83192e-05 	9.83192e-05 	0
16.1875 	0.000158093 	6.22705e-05 	1
16.25 	0.000114569 	5.69874e-05 	1
16.3125 	0.000117201 	7.10822e-05 	1
16.375 	0.000113458 	5.17108e-05 	1
16.5 	0.000101703 	4.22928e-05 	1
16.625 	0.000111038 	6.43552e-05 	1
16.8125 	0.00010225 	5.40241e-05 	1
16.9375 	0.000141398 	5.46527e-05 	1
17.25 	0.000112727 	6.77405e-05 	1
17.3125 	3.2854e-05 	3.2854e-05 	0
17.375 	9.86834e-05 	9.86834e-05 	0
17.4375 	0.000109614 	5.95821e-05 	1
17.5625 	7.99993e-05 	7.99993e-05 	0
17.625 	9.06741e-05 	9.06741e-05 	0
17.6875 	8.04195e-05 	8.04195e-05 	0
18.0 	6.6121e-05 	6.6121e-05 	0
18.0625 	4.7019e-05 	4.7019e-05 	0
18.1875 	0.000107933 	6.43105e-05 	1
18.25 	7.7612e-05 	7.7612e-05 	0
18.375 	5.8164e-05 	5.8164e-05 	0
18.4375 	0.000118466 	6.2072e-05 	1
18.5625 	8.43223e-05 	8.43223e-05 	0
18.625 	0.000110202 	8.17332e-05 	1
18.8125 	9.93695e-05 	9.93695e-05 	0
18.875 	0.000151007 	6.72794e-05 	1
18.9375 	0.000120484 	6.1913e-05 	1
19.125 	0.000108155 	6.10674e-05 	1
19.4375 	8.21421e-05 	8.21421e-05 	0
19.5 	6.0173e-05 	6.0173e-05 	0
19.625 	8.96747e-05 	8.96747e-05 	0
19.6875 	7.34333e-05 	7.34333e-05 	0
19.75 	0.000114633 	5.27605e-05 	1
19.9375 	7.17099e-05 	7.17099e-05 	0
20.0 	8.75713e-05 	8.75713e-05 	0
20.0625 	5.24106e-05 	5.24106e-05 	0
20.125 	0.000136567 	7.56104e-05 	1
20.1875 	9.21928e-05 	9.21928e-05 	0
20.375 	0.000110058 	5.3552e-05 	1
20.4375 	9.15998e-05 	9.15998e-05 	0
20.5 	9.34908e-05 	9.34908e-05 	0
20.5625 	4.1819e-05 	4.1819e-05 	0
20.625 	0.000101503 	3.74397e-05 	1
20.6875 	4.10012e-05 	4.10012e-05 	0
20.75 	8.30874e-05 	8.30874e-05 	0
21.0 	0.000118842 	6.64053e-05 	1
21.0625 	9.83791e-05 	9.83791e-05 	0
21.1875 	9.6958e-05 	9.6958e-05 	0
21.3125 	0.000115981 	6.22674e-05 	1
21.5625 	8.7841e-05 	8.7841e-05 	0
21.625 	0.000101556 	4.10627e-05 	1
21.75 	9.69529e-05 	9.69529e-05 	0
21.8125 	8.65864e-05 	8.65864e-05 	0
21.875 	0.000123564 	6.45056e-05 	1
21.9375 	4.60821e-05 	4.60821e-05 	0
22.125 	0.000111176 	6.48411e-05 	1
22.1875 	6.33416e-05 	6.33416e-05 	0
22.25 	9.04172e-05 	9.04172e-05 	0
22.3125 	0.000107667 	4.69276e-05 	1
22.375 	0.000101096 	6.66044e-05 	1
22.8125 	6.63844e-05 	6.63844e-05 	0
22.9375 	0.000108575 	6.07493e-05 	1
23.0 	0.000134907 	7.10418e-05 	1
23.125 	0.000107863 	3.32697e-05 	1
23.1875 	0.000136966 	6.32855e-05 	1
23.3125 	8.84997e-05 	8.84997e-05 	0
23.375 	0.000116462 	7.27506e-05 	1
23.4375 	0.00011837 	4.28936e-05 	1
23.6875 	0.000139067 	6.6659e-05 	1
23.8125 	0.000107174 	7.24669e-05 	1
23.875 	7.18373e-05 	7.18373e-05 	0
24.0 	9.43936e-05 	9.43936e-05 	0
24.0625 	8.01571e-05 	8.01571e-05 	0
24.3125 	0.000106017 	6.31811e-05 	1
24.375 	9.20079e-05 	9.20079e-05 	0
24.4375 	0.000104559 	8.85292e-05 	1
24.5625 	0.000125542 	6.58197e-05 	1
24.625 	9.78375e-05 	9.78375e-05 	0
24.6875 	7.79931e-05 	7.79931e-05 	0
24.75 	9.95634e-05 	9.95634e-05 	0
24.8125 	0.00012467 	6.43467e-05 	1
25.0 	0.000107751 	4.27116e-05 	1
25.0625 	0.000116587 	8.15354e-05 	1
25.125 	7.71405e-05 	7.71405e-05 	0
25.25 	0.000108038 	5.46853e-05 	1
25.3125 	0.000116045 	6.66954e-05 	1
25.625 	8.12075e-05 	8.12075e-05 	0
25.6875 	8.73432e-05 	8.73432e-05 	0
25.75 	8.9224e-05 	8.9224e-05 	0
25.8125 	6.60589e-05 	6.60589e-05 	0
26.0 	9.48408e-05 	9.48408e-05 	0
26.125 	0.000106793 	4.4371e-05 	1
26.25 	0.000110495 	6.34043e-05 	1
26.3125 	0.000103331 	5.7002e-05 	1
26.375 	5.76295e-05 	5.76295e-05 	0
26.5 	0.000105467 	5.34073e-05 	1
26.5625 	0.000105735 	5.40406e-05 	1
26.625 	0.00010284 	5.64597e-05 	1
26.6875 	0.000131168 	7.46141e-05 	1
26.875 	0.000101899 	6.23627e-05 	1
26.9375 	0.000112458 	5.50127e-05 	1
27.0 	7.3567e-05 	7.3567e-05 	0
27.25 	8.75565e-05 	8.75565e-05 	0
27.3125 	0.000121301 	4.44227e-05 	1
27.375 	6.67242e-05 	6.67242e-05 	0
27.5 	0.000103412 	6.57e-05 	1
27.625 	0.000125782 	6.5654e-05 	1
27.6875 	8.64715e-05 	8.64715e-05 	0
27.75 	0.000112216 	6.16895e-05 	1
27.8125 	6.78807e-05 	6.78807e-05 	0
28.0 	7.54994e-05 	7.54994e-05 	0
28.0625 	0.000106583 	6.67354e-05 	1
28.125 	0.000109454 	3.96201e-05 	1
28.3125 	9.08501e-05 	9.08501e-05 	0
28.4375 	0.000130867 	5.44184e-05 	1
28.5 	7.51179e-05 	7.51179e-05 	0
28.625 	5.59497e-05 	5.59497e-05 	0
28.6875 	0.000100746 	9.62005e-05 	1
28.8125 	0.000127404 	6.22296e-05 	1
28.875 	9.68732e-05 	9.68732e-05 	0
28.9375 	0.000112123 	5.85819e-05 	1
29.0 	0.000127345 	7.17489e-05 	1
29.0625 	0.000106639 	4.73939e-05 	1
29.125 	0.000105128 	6.25989e-05 	1
29.1875 	0.000121577 	6.56372e-05 	1
29.25 	0.00010542 	7.33324e-05 	1
29.375 	0.000109154 	6.24497e-05 	1
29.4375 	9.20744e-05 	9.20744e-05 	0
29.5 	0.00011458 	6.39957e-05 	1
29.625 	8.87907e-05 	8.87907e-05 	0
29.6875 	8.73944e-05 	8.73944e-05 	0
29.75 	0.000124428 	6.14787e-05 	1
29.9375 	8.74626e-05 	8.74626e-05 	0
30.125 	0.000103882 	5.81188e-05 	1
30.1875 	7.99632e-05 	7.99632e-05 	0
30.25 	7.05159e-05 	7.05159e-05 	0
30.3125 	8.73161e-05 	8.73161e-05 	0
30.375 	0.000109207 	5.70372e-05 	1
30.4375 	8.60178e-05 	8.60178e-05 	0
30.5 	0.000111508 	7.0007e-05 	1
30.5625 	6.73354e-05 	6.73354e-05 	0
30.6875 	8.959e-05 	8.959e-05 	0
30.8125 	7.4392e-05 	7.4392e-05 	0
30.9375 	9.58569e-05 	9.58569e-05 	0
31.1875 	7.08858e-05 	7.08858e-05 	0
31.25 	6.15492e-05 	6.15492e-05 	0
31.375 	0.000110901 	6.16058e-05 	1
31.5 	5.61897e-05 	5.61897e-05 	0
31.625 	0.000129033 	6.79835e-05 	1
31.75 	0.000152934 	7.23797e-05 	1
31.8125 	0.000114217 	4.4884e-05 	1
31.875 	0.000128343 	7.07771e-05 	1
32.0 	9.36037e-05 	9.36037e-05 	0
32.125 	7.38025e-05 	7.38025e-05 	0
32.1875 	8.37315e-05 	8.37315e-05 	0
32.25 	0.000119871 	6.5976e-05 	1
32.3125 	0.000103034 	6.21605e-05 	1
32.4375 	9.75238e-05 	9.75238e-05 	0
32.5 	9.59132e-05 	9.59132e-05 	0
32.625 	9.59621e-05 	9.59621e-05 	0
32.6875 	0.00011057 	3.36545e-05 	1
32.75 	6.54313e-05 	6.54313e-05 	0
32.8125 	0.000108686 	5.14412e-05 	1
32.875 	0.000101958 	4.04823e-05 	1
33.0 	8.96287e-05 	8.96287e-05 	0
33.0625 	9.55577e-05 	9.55577e-05 	0
33.125 	0.000134097 	7.38e-05 	1
33.1875 	0.000121767 	6.26134e-05 	1
33.3125 	0.000118107 	6.02477e-05 	1
33.375 	7.6881e-05 	7.6881e-05 	0
33.4375 	0.000111324 	6.37263e-05 	1
33.625 	0.000102746 	3.87848e-05 	1
33.6875 	9.45259e-05 	9.45259e-05 	0
33.75 	8.98852e-05 	8.98852e-05 	0
33.875 	0.000111911 	7.1634e-05 	1
33.9375 	4.70318e-05 	4.70318e-05 	0
34.0625 	0.000136551 	6.67169e-05 	1
34.125 	0.000111437 	6.93673e-05 	1
34.1875 	0.000134258 	8.04262e-05 	1
34.25 	8.80126e-05 	8.80126e-05 	0
34.3125 	0.00013514 	6.29013e-05 	1
34.375 	0.00010451 	4.78109e-05 	1
34.4375 	8.69911e-05 	8.69911e-05 	0
34.5 	0.000111692 	6.15326e-05 	1
34.5625 	0.000131228 	6.1062e-05 	1
34.625 	6.26552e-05 	6.26552e-05 	0
34.6875 	0.000104876 	7.65822e-05 	1
34.875 	0.000112535 	4.95078e-05 	1
34.9375 	0.000114768 	5.41178e-05 	1
35.0625 	0.000112026 	7.15209e-05 	1
35.125 	7.94315e-05 	7.94315e-05 	0
35.25 	0.000117371 	7.12729e-05 	1
35.3125 	0.000109545 	7.50241e-05 	1
35.375 	5.15816e-05 	5.15816e-05 	0
35.625 	0.000123542 	6.57019e-05 	1
35.6875 	0.000149807 	7.19505e-05 	1
35.75 	9.41319e-05 	9.41319e-05 	0
35.8125 	6.88936e-05 	6.88936e-05 	0
35.875 	0.000100461 	6.4694e-05 	1
35.9375 	7.20106e-05 	7.20106e-05 	0
36.0 	9.12185e-05 	9.12185e-05 	0
36.125 	0.000128936 	5.89504e-05 	1
36.25 	6.15896e-05 	6.15896e-05 	0
36.4375 	0.00011903 	6.37822e-05 	1
36.5 	0.000126159 	6.08709e-05 	1
36.8125 	7.19349e-05 	7.19349e-05 	0
36.875 	0.000110317 	5.34949e-05 	1
37.125 	9.37286e-05 	9.37286e-05 	0
37.1875 	0.000117083 	5.74083e-05 	1
37.3125 	0.000115013 	4.07569e-05 	1
37.4375 	0.000124744 	5.39562e-05 	1
37.5 	9.74811e-05 	9.74811e-05 	0
37.5625 	6.54589e-05 	6.54589e-05 	0
37.75 	0.000122236 	6.40794e-05 	1
37.9375 	0.000112259 	6.06986e-05 	1
38.0 	8.17054e-05 	8.17054e-05 	0
38.0625 	0.000108358 	5.53912e-05 	1
38.125 	8.39288e-05 	8.39288e-05 	0
38.25 	9.53683e-05 	9.53683e-05 	0
38.3125 	6.96094e-05 	6.96094e-05 	0
38.4375 	9.58431e-05 	9.58431e-05 	0
38.5625 	8.32097e-05 	8.32097e-05 	0
38.6875 	5.03642e-05 	5.03642e-05 	0
38.8125 	9.70279e-05 	9.70279e-05 	0
38.875 	0.00013431 	8.10842e-05 	1
38.9375 	9.10084e-05 	9.10084e-05 	0
39.0 	5.2129e-05 	5.2129e-05 	0
39.0625 	0.000129803 	6.83791e-05 	1
39.125 	0.000111361 	7.06655e-05 	1
39.1875 	0.000115888 	5.84953e-05 	1
39.25 	0.000122495 	6.16226e-05 	1
39.3125 	0.00012437 	7.90044e-05 	1
39.5625 	8.79407e-05 	8.79407e-05 	0
39.625 	0.000109701 	5.45616e-05 	1
39.6875 	8.25465e-05 	8.25465e-05 	0
39.75 	8.94993e-05 	8.94993e-05 	0
39.875 	0.000104915 	4.78436e-05 	1
39.9375 	0.000131302 	6.81171e-05 	1
40.0 	0.000107847 	6.72335e-05 	1
40.125 	6.34434e-05 	6.34434e-05 	0
40.25 	8.34748e-05 	8.34748e-05 	0
40.3125 	0.000109847 	5.72793e-05 	1
40.4375 	0.000107094 	4.94329e-05 	1
40.5 	0.000140828 	4.91178e-05 	1
40.5625 	8.23218e-05 	8.23218e-05 	0
40.625 	5.80475e-05 	5.80475e-05 	0
40.8125 	9.56198e-05 	9.56198e-05 	0
40.9375 	6.42897e-05 	6.42897e-05 	0
41.125 	9.61765e-05 	9.61765e-05 	0
41.1875 	9.06299e-05 	9.06299e-05 	0
41.25 	0.000115623 	7.73331e-05 	1
41.3125 	0.000109882 	7.32081e-05 	1
41.4375 	0.000107265 	5.53788e-05 	1
41.5 	9.34756e-05 	9.34756e-05 	0
41.6875 	0.000104724 	6.23523e-05 	1
41.8125 	0.000123795 	6.68906e-05 	1
41.875 	6.36252e-05 	6.36252e-05 	0
41.9375 	0.000110978 	6.84684e-05 	1
42.0 	7.84545e-05 	7.84545e-05 	0
42.25 	8.63827e-05 	8.63827e-05 	0
42.5 	9.9224e-05 	9.9224e-05 	0
42.6875 	8.83628e-05 	8.83628e-05 	0
42.8125 	8.16889e-05 	8.16889e-05 	0
42.875 	0.000106862 	6.18029e-05 	1
42.9375 	0.000133645 	6.47653e-05 	1
43.0 	7.27533e-05 	7.27533e-05 	0
43.0625 	0.000131047 	7.37476e-05 	1
43.1875 	0.000127019 	6.70919e-05 	1
43.3125 	0.000100698 	5.07636e-05 	1
43.375 	5.25535e-05 	5.25535e-05 	0
43.6875 	0.000102321 	4.78935e-05 	1
43.8125 	9.93746e-05 	9.93746e-05 	0
43.9375 	0.000115832 	6.03793e-05 	1
44.0 	0.000151542 	6.32519e-05 	1
44.0625 	9.60394e-05 	9.60394e-05 	0
44.125 	8.58287e-05 	8.58287e-05 	0
44.1875 	9.32777e-05 	9.32777e-05 	0
44.25 	9.94765e-05 	9.94765e-05 	0
44.3125 	0.000125346 	4.6948e-05 	1
44.375 	6.32441e-05 	6.32441e-05 	0
44.4375 	9.73303e-05 	9.73303e-05 	0
44.5625 	0.000119347 	6.45018e-05 	1
44.6875 	8.32202e-05 	8.32202e-05 	0
44.8125 	8.71409e-05 	8.71409e-05 	0
44.875 	8.57314e-05 	8.57314e-05 	0
44.9375 	0.000109888 	5.39837e-05 	1
45.0 	8.23703e-05 	8.23703e-05 	0
45.0625 	7.16042e-05 	7.16042e-05 	0
45.1875 	9.66042e-05 	9.66042e-05 	0
45.3125 	8.09658e-05 	8.09658e-05 	0
45.5 	8.86547e-05 	8.86547e-05 	0
45.625 	0.00010917 	5.40632e-05 	1
45.6875 	7.13977e-05 	7.13977e-05 	0
45.75 	8.33749e-05 	8.33749e-05 	0
45.9375 	5.74397e-05 	5.74397e-05 	0
46.0 	0.00011828 	4.59491e-05 	1
46.0625 	0.000128042 	6.08241e-05 	1
46.3125 	0.000110597 	5.58005e-05 	1
46.5625 	9.40578e-05 	9.40578e-05 	0
46.625 	0.000156866 	7.09748e-05 	1
46.6875 	0.000116341 	5.42088e-05 	1
46.75 	0.000103869 	5.38183e-05 	1
46.875 	0.000113943 	4.5223e-05 	1
47.0 	9.28292e-05 	9.28292e-05 	0
47.0625 	0.000104274 	6.77161e-05 	1
47.125 	7.42026e-05 	7.42026e-05 	0
47.1875 	0.000104787 	4.7757e-05 	1
47.25 	0.000108925 	5.28928e-05 	1
47.375 	0.000104654 	4.58992e-05 	1
47.5 	0.000115407 	6.09583e-05 	1
47.5625 	8.51924e-05 	8.51924e-05 	0
47.625 	7.35408e-05 	7.35408e-05 	0
47.6875 	0.000117398 	6.08494e-05 	1
47.8125 	7.70259e-05 	7.70259e-05 	0
48.0625 	8.65092e-05 	8.65092e-05 	0
48.1875 	0.000147222 	5.99337e-05 	1
48.25 	0.000100384 	4.71618e-05 	1
48.3125 	7.05874e-05 	7.05874e-05 	0
48.4375 	4.65871e-05 	4.65871e-05 	0
48.5625 	0.000104753 	6.60014e-05 	1
48.75 	8.06071e-05 	8.06071e-05 	0
48.8125 	6.09699e-05 	6.09699e-05 	0
48.9375 	9.65245e-05 	9.65245e-05 	0
49.0 	8.88657e-05 	8.88657e-05 	0
49.125 	0.000123332 	6.31376e-05 	1
49.25 	0.000102996 	4.88281e-05 	1
49.3125 	0.000127536 	7.13648e-05 	1
49.375 	9.89036e-05 	9.89036e-05 	0
49.4375 	8.16628e-05 	8.16628e-05 	0
49.5 	0.000109829 	4.05354e-05 	1
49.5625 	6.08514e-05 	6.08514e-05 	0
49.625 	9.72524e-05 	9.72524e-05 	0
49.6875 	0.000119458 	6.16293e-05 	1
49.75 	9.38325e-05 	9.38325e-05 	0
50.0625 	8.31395e-05 	8.31395e-05 	0
50.25 	9.12002e-05 	9.12002e-05 	0
50.3125 	0.000103524 	5.10694e-05 	1
50.375 	0.000114688 	6.01153e-05 	1
50.4375 	9.02502e-05 	9.02502e-05 	0
50.5625 	0.000120376 	5.42503e-05 	1
50.625 	9.56699e-05 	9.56699e-05 	0
50.75 	6.80811e-05 	6.80811e-05 	0
50.8125 	8.3645e-05 	8.3645e-05 	0
50.875 	0.00011949 	5.99232e-05 	1
50.9375 	0.000101071 	4.88775e-05 	1
51.0 	0.000162729 	4.56095e-05 	1
51.125 	0.000120754 	4.83805e-05 	1
51.1875 	0.000100484 	4.23608e-05 	1
51.25 	0.00012352 	8.28692e-05 	1
51.3125 	0.000103026 	5.42129e-05 	1
51.375 	0.000113849 	5.45939e-05 	1
51.4375 	8.65568e-05 	8.65568e-05 	0
51.5 	0.000112216 	5.54969e-05 	1
51.625 	0.000125859 	6.60812e-05 	1
51.6875 	0.000134515 	6.29343e-05 	1
51.8125 	7.67166e-05 	7.67166e-05 	0
51.875 	8.75655e-05 	8.75655e-05 	0
52.0 	0.00013903 	6.28609e-05 	1
52.0625 	4.40762e-05 	4.40762e-05 	0
52.1875 	8.13365e-05 	8.13365e-05 	0
52.3125 	0.000120976 	5.9018e-05 	1
52.375 	7.79581e-05 	7.79581e-05 	0
52.5 	8.43416e-05 	8.43416e-05 	0
52.625 	5.14312e-05 	5.14312e-05 	0
52.75 	0.000116562 	3.90191e-05 	1
52.8125 	0.000105302 	4.49862e-05 	1
52.875 	0.000147101 	6.56491e-05 	1
52.9375 	8.04411e-05 	8.04411e-05 	0
53.1875 	0.000116301 	6.41121e-05 	1
53.25 	9.47566e-05 	9.47566e-05 	0
53.3125 	9.81378e-05 	9.81378e-05 	0
53.5 	0.000111754 	6.01228e-05 	1
53.5625 	9.71923e-05 	9.71923e-05 	0
53.625 	0.000102533 	6.87724e-05 	1
53.6875 	9.53227e-05 	9.53227e-05 	0
53.75 	0.000120333 	6.88763e-05 	1
53.8125 	7.3075e-05 	7.3075e-05 	0
53.875 	0.000102121 	6.3181e-05 	1
54.0 	0.000111388 	4.87984e-05 	1
54.0625 	9.99519e-05 	9.99519e-05 	0
54.1875 	7.35727e-05 	7.35727e-05 	0
54.25 	3.22026e-05 	3.22026e-05 	0
54.3125 	9.29511e-05 	9.29511e-05 	0
54.375 	0.000110588 	8.92939e-05 	1
54.4375 	0.000117001 	6.91371e-05 	1
54.6875 	7.17124e-05 	7.17124e-05 	0
54.8125 	0.000110569 	5.63108e-05 	1
54.875 	8.98167e-05 	8.98167e-05 	0
54.9375 	9.9554e-05 	9.9554e-05 	0
55.0 	7.9695e-05 	7.9695e-05 	0
55.0625 	6.75688e-05 	6.75688e-05 	0
55.125 	9.48484e-05 	9.48484e-05 	0
55.3125 	9.26607e-05 	9.26607e-05 	0
55.4375 	0.000113003 	6.74401e-05 	1
55.5 	0.000103326 	3.35582e-05 	1
55.6875 	8.61667e-05 	8.61667e-05 	0
55.75 	7.43735e-05 	7.43735e-05 	0
55.875 	0.000101527 	4.31744e-05 	1
55.9375 	9.44874e-05 	9.44874e-05 	0
56.0 	0.000100567 	5.79714e-05 	1
56.0625 	9.84267e-05 	9.84267e-05 	0
56.3125 	0.000122329 	6.65415e-05 	1
56.375 	6.20878e-05 	6.20878e-05 	0
56.4375 	0.000109531 	6.87804e-05 	1
56.5625 	0.000112998 	5.58712e-05 	1
56.6875 	0.000119717 	7.43997e-05 	1
56.75 	0.000106228 	5.85112e-05 	1
56.8125 	0.000101912 	5.15267e-05 	1
56.9375 	9.36574e-05 	9.36574e-05 	0
57.0 	6.94846e-05 	6.94846e-05 	0
57.0625 	9.57694e-05 	9.57694e-05 	0
57.1875 	0.000118271 	5.73157e-05 	1
57.25 	4.98165e-05 	4.98165e-05 	0
57.3125 	0.000100283 	2.24742e-05 	1
57.4375 	0.000100207 	6.09882e-05 	1
57.625 	8.2154e-05 	8.2154e-05 	0
57.6875 	8.80937e-05 	8.80937e-05 	0
57.75 	0.000135701 	4.58034e-05 	1
57.8125 	0.000112199 	5.69035e-05 	1
58.0 	0.000120789 	6.56127e-05 	1
58.0625 	0.000113704 	5.245e-05 	1
58.125 	0.000101348 	5.59027e-05 	1
58.1875 	0.000102247 	5.22698e-05 	1
58.25 	8.74043e-05 	8.74043e-05 	0
58.3125 	0.000114328 	7.5252e-05 	1
58.4375 	9.77518e-05 	9.77518e-05 	0
58.5625 	0.000113713 	5.82718e-05 	1
58.6875 	0.000117172 	5.87258e-05 	1
58.8125 	7.48391e-05 	7.48391e-05 	0
58.875 	9.24095e-05 	9.24095e-05 	0
58.9375 	0.000109641 	5.96845e-05 	1
59.0 	0.000115176 	6.06868e-05 	1
59.125 	7.73912e-05 	7.73912e-05 	0
59.25 	0.000111277 	6.56542e-05 	1
59.3125 	0.000132521 	6.29239e-05 	1
59.375 	9.9784e-05 	9.9784e-05 	0
59.4375 	8.94056e-05 	8.94056e-05 	0
59.5 	9.09231e-05 	9.09231e-05 	0
59.6875 	7.57169e-05 	7.57169e-05 	0
59.8125 	0.000107584 	7.02919e-05 	1
59.875 	0.000142524 	8.4542e-05 	1
59.9375 	0.000139877 	7.93233e-05 	1
60.125 	0.000102343 	3.15186e-05 	1
60.375 	0.000111192 	4.79636e-05 	1
60.4375 	7.79884e-05 	7.79884e-05 	0
60.5625 	0.000107328 	6.56063e-05 	1
60.625 	0.000151534 	8.20093e-05 	1
60.75 	0.000116207 	6.21281e-05 	1
60.8125 	7.92219e-05 	7.92219e-05 	0
60.875 	7.4884e-05 	7.4884e-05 	0
61.0 	8.37481e-05 	8.37481e-05 	0
61.125 	9.32788e-05 	9.32788e-05 	0
61.1875 	0.000116746 	4.61431e-05 	1
61.25 	7.33613e-05 	7.33613e-05 	0
61.4375 	0.000141727 	5.88833e-05 	1
61.5 	0.000123632 	5.8799e-05 	1
61.625 	8.56699e-05 	8.56699e-05 	0
61.6875 	8.28805e-05 	8.28805e-05 	0
61.8125 	0.000140539 	6.52928e-05 	1
61.9375 	7.51897e-05 	7.51897e-05 	0
62.0 	7.00289e-05 	7.00289e-05 	0
62.125 	9.71505e-05 	9.71505e-05 	0
62.1875 	8.78357e-05 	8.78357e-05 	0
62.25 	9.16025e-05 	9.16025e-05 	0
62.375 	0.000117649 	5.02802e-05 	1
62.5 	0.000131108 	6.74099e-05 	1
62.5625 	0.000110108 	6.38992e-05 	1
62.75 	5.09124e-05 	5.09124e-05 	0
62.875 	9.74922e-05 	9.74922e-05 	0
62.9375 	9.03387e-05 	9.03387e-05 	0
63.0 	7.33315e-05 	7.33315e-05 	0
63.25 	9.50834e-05 	9.50834e-05 	0
63.4375 	0.000132316 	5.59527e-05 	1
63.5625 	9.623e-05 	9.623e-05 	0
63.8125 	0.000109298 	5.88771e-05 	1
63.9375 	9.90803e-05 	9.90803e-05 	0
64.0 	8.28321e-05 	8.28321e-05 	0
64.0625 	9.44221e-05 	9.44221e-05 	0
64.25 	0.000116142 	5.46618e-05 	1
64.4375 	9.38407e-05 	9.38407e-05 	0
64.5625 	0.000130319 	7.09438e-05 	1
64.6875 	7.15968e-05 	7.15968e-05 	0
64.75 	9.74592e-05 	9.74592e-05 	0
64.8125 	9.90852e-05 	9.90852e-05 	0
64.875 	9.54258e-05 	9.54258e-05 	0
64.9375 	0.000100608 	9.8685e-05 	1
65.0 	0.000131402 	6.93182e-05 	1
65.0625 	9.58208e-05 	9.58208e-05 	0
65.125 	4.65222e-05 	4.65222e-05 	0
65.25 	4.67375e-05 	4.67375e-05 	0
65.5 	8.54537e-05 	8.54537e-05 	0
65.625 	7.74856e-05 	7.74856e-05 	0
65.8125 	0.000132315 	7.5753e-05 	1
65.9375 	0.000119094 	5.25358e-05 	1
66.0 	0.000119698 	5.58336e-05 	1
66.0625 	9.08211e-05 	9.08211e-05 	0
66.3125 	7.9621e-05 	7.9621e-05 	0
66.5 	0.000113832 	4.84288e-05 	1
66.75 	7.43992e-05 	7.43992e-05 	0
66.8125 	0.000140394 	6.97884e-05 	1
66.875 	0.000105573 	5.1842e-05 	1
66.9375 	4.50718e-05 	4.50718e-05 	0
67.0 	0.00013292 	3.93351e-05 	1
67.25 	0.000124088 	7.82588e-05 	1
67.375 	0.000121318 	5.76386e-05 	1
67.4375 	0.000112839 	5.431e-05 	1
67.5 	8.74437e-05 	8.74437e-05 	0
67.8125 	9.84022e-05 	9.84022e-05 	0
67.875 	0.000123358 	6.58286e-05 	1
67.9375 	0.00011691 	7.52423e-05 	1
68.0 	0.000100847 	5.44504e-05 	1
68.0625 	0.000116801 	7.33512e-05 	1
68.125 	0.000111319 	6.82186e-05 	1
68.1875 	7.77959e-05 	7.77959e-05 	0
68.3125 	0.000123738 	7.11134e-05 	1
68.375 	8.06901e-05 	8.06901e-05 	0
68.4375 	0.000134433 	6.4751e-05 	1
68.5625 	8.4236e-05 	8.4236e-05 	0
68.625 	6.63968e-05 	6.63968e-05 	0
68.6875 	7.05084e-05 	7.05084e-05 	0
68.75 	0.000115091 	6.26655e-05 	1
68.8125 	0.000111355 	6.4247e-05 	1
68.9375 	9.7912e-05 	9.7912e-05 	0
69.125 	8.51159e-05 	8.51159e-05 	0
69.1875 	7.98318e-05 	7.98318e-05 	0
69.25 	0.00010794 	6.51265e-05 	1
69.3125 	0.000105551 	6.42752e-05 	1
69.4375 	8.07148e-05 	8.07148e-05 	0
69.5 	0.000103196 	5.52422e-05 	1
69.75 	0.000118192 	5.02647e-05 	1
69.8125 	8.44409e-05 	8.44409e-05 	0
69.875 	4.76123e-05 	4.76123e-05 	0
69.9375 	5.10993e-05 	5.10993e-05 	0
