# time 	Initial 	Final 	Iterations
0.333274 	6.41393e-05 	6.41393e-05 	0
0.579973 	9.79313e-05 	9.79313e-05 	0
0.642226 	9.23481e-05 	9.23481e-05 	0
0.766734 	9.72842e-05 	9.72842e-05 	0
0.828988 	0.000109491 	6.82194e-05 	1
1.26477 	0.000151329 	3.43741e-05 	1
1.38927 	8.02883e-05 	8.02883e-05 	0
1.45153 	0.000106688 	9.25594e-05 	1
1.51378 	0.000107609 	6.03408e-05 	1
1.7628 	0.000114304 	6.80651e-05 	1
1.8873 	3.4216e-05 	3.4216e-05 	0
1.94956 	9.60696e-05 	9.60696e-05 	0
2.19857 	0.000101401 	9.53289e-05 	2
2.26083 	0.000111813 	3.00438e-05 	1
2.32308 	8.48884e-05 	8.48884e-05 	0
2.38534 	0.00010039 	8.6127e-05 	1
2.44759 	0.000108459 	8.35154e-05 	1
2.63435 	0.000115814 	8.28941e-05 	1
2.69661 	9.39187e-05 	9.39187e-05 	0
2.88337 	9.71939e-05 	9.71939e-05 	0
2.94562 	9.32724e-05 	9.32724e-05 	0
3.07013 	4.8307e-05 	4.8307e-05 	0
3.31914 	9.01986e-05 	9.01986e-05 	0
3.3814 	8.76124e-05 	8.76124e-05 	0
3.44365 	8.98152e-05 	8.98152e-05 	0
3.69267 	0.000114102 	4.48948e-05 	1
3.75492 	0.000101103 	4.96822e-05 	2
3.87943 	5.86779e-05 	5.86779e-05 	0
4.06619 	0.000101225 	7.28623e-05 	1
4.12845 	0.000106375 	3.39973e-05 	1
4.1907 	8.65134e-05 	8.65134e-05 	0
4.25295 	7.79866e-05 	7.79866e-05 	0
4.31521 	0.000102849 	6.96034e-05 	1
4.50197 	0.000109179 	3.29414e-05 	1
4.56422 	0.000105546 	6.77128e-05 	1
4.62648 	9.68535e-05 	9.68535e-05 	0
4.68873 	0.000104133 	7.64561e-05 	1
4.93775 	0.000132582 	7.47729e-05 	1
5.0 	9.04964e-05 	9.04964e-05 	0
5.0625 	8.73541e-05 	8.73541e-05 	0
5.125 	0.000101861 	9.03944e-05 	1
5.25 	0.000104008 	8.50089e-05 	1
5.375 	7.96492e-05 	7.96492e-05 	0
5.5 	8.29149e-05 	8.29149e-05 	0
5.5625 	9.81424e-05 	9.81424e-05 	0
5.625 	0.000114433 	7.67324e-05 	1
5.6875 	7.76776e-05 	7.76776e-05 	0
5.8125 	6.67507e-05 	6.67507e-05 	0
5.875 	0.000100313 	4.44403e-05 	1
5.9375 	0.000141242 	4.4001e-05 	1
6.0 	6.70949e-05 	6.70949e-05 	0
6.1875 	8.05908e-05 	8.05908e-05 	0
6.25 	5.2389e-05 	5.2389e-05 	0
6.4375 	7.76136e-05 	7.76136e-05 	0
6.75 	0.000100182 	6.78229e-05 	1
6.8125 	0.000102886 	5.87117e-05 	1
6.9375 	8.02237e-05 	8.02237e-05 	0
7.1875 	8.94306e-05 	8.94306e-05 	0
7.5625 	0.000123311 	2.75582e-05 	1
7.6875 	8.45888e-05 	8.45888e-05 	0
7.8125 	0.000108094 	7.69114e-05 	1
7.9375 	6.97367e-05 	6.97367e-05 	0
8.0 	5.76215e-05 	5.76215e-05 	0
8.0625 	0.000110136 	8.48388e-05 	1
8.125 	0.000110691 	7.63971e-05 	1
8.4375 	0.00011264 	7.06126e-05 	2
8.5 	0.000103574 	9.9083e-05 	1
8.5625 	0.000100051 	3.63551e-05 	1
8.8125 	0.000108367 	6.05773e-05 	1
8.9375 	0.000110568 	6.4688e-05 	1
9.0 	0.00011308 	6.02001e-05 	2
9.1875 	5.85231e-05 	5.85231e-05 	0
9.25 	0.000112685 	6.83043e-05 	2
9.3125 	0.00010792 	6.57872e-05 	1
9.375 	7.42165e-05 	7.42165e-05 	0
9.4375 	5.52961e-05 	5.52961e-05 	0
9.5625 	0.000132294 	3.84799e-05 	1
9.625 	7.97344e-05 	7.97344e-05 	0
9.6875 	8.54507e-05 	8.54507e-05 	0
9.8125 	0.000100477 	7.86849e-05 	1
9.9375 	7.42641e-05 	7.42641e-05 	0
10.0 	0.000130287 	3.97e-05 	1
10.3125 	9.09491e-05 	9.09491e-05 	0
10.625 	0.000123097 	7.85338e-05 	1
10.6875 	8.83022e-05 	8.83022e-05 	0
10.75 	0.000102876 	5.84693e-05 	1
10.8125 	0.00010267 	2.91788e-05 	1
10.875 	0.000167913 	4.22044e-05 	1
11.0 	0.000109691 	7.29761e-05 	1
11.0625 	9.61007e-05 	9.61007e-05 	0
11.1875 	0.000121585 	8.35558e-05 	1
11.6875 	0.00010709 	8.5581e-05 	1
11.75 	0.000142825 	7.67298e-05 	1
11.8125 	0.000116942 	7.01743e-05 	1
11.9375 	6.4903e-05 	6.4903e-05 	0
12.0 	9.84878e-05 	9.84878e-05 	0
12.0625 	9.49728e-05 	9.49728e-05 	0
12.1875 	0.000124441 	8.52615e-05 	1
12.3125 	0.00014004 	4.39447e-05 	1
12.375 	7.04015e-05 	7.04015e-05 	0
12.625 	8.56181e-05 	8.56181e-05 	0
12.6875 	0.0001107 	6.85718e-05 	1
12.8125 	5.09939e-05 	5.09939e-05 	0
12.875 	8.66533e-05 	8.66533e-05 	0
13.0 	0.000129591 	9.17593e-05 	1
13.0625 	0.000147903 	4.36322e-05 	1
13.1875 	0.000119933 	7.83546e-05 	1
13.25 	0.000155767 	9.28728e-05 	1
13.5625 	8.41369e-05 	8.41369e-05 	0
13.625 	0.00011291 	7.01839e-05 	1
13.6875 	9.93444e-05 	9.93444e-05 	0
14.0625 	0.000104854 	5.6376e-05 	1
14.125 	0.000102115 	8.00471e-05 	1
14.1875 	8.27892e-05 	8.27892e-05 	0
14.3125 	6.73492e-05 	6.73492e-05 	0
14.375 	0.000117157 	8.64487e-05 	1
14.4375 	9.59952e-05 	9.59952e-05 	0
14.5 	7.3644e-05 	7.3644e-05 	0
14.625 	9.37795e-05 	9.37795e-05 	0
14.6875 	9.3669e-05 	9.3669e-05 	0
14.75 	0.000101069 	8.33689e-05 	1
14.8125 	7.42613e-05 	7.42613e-05 	0
14.9375 	6.40656e-05 	6.40656e-05 	0
15.0 	5.60239e-05 	5.60239e-05 	0
15.1875 	0.000156369 	4.49646e-05 	1
15.25 	7.22364e-05 	7.22364e-05 	0
15.3125 	7.28614e-05 	7.28614e-05 	0
15.375 	9.81883e-05 	9.81883e-05 	0
15.4375 	7.92648e-05 	7.92648e-05 	0
15.5 	0.000107361 	8.83103e-05 	1
15.8125 	8.23802e-05 	8.23802e-05 	0
15.9375 	7.80943e-05 	7.80943e-05 	0
16.0 	6.31289e-05 	6.31289e-05 	0
16.0625 	0.000106414 	2.45528e-05 	1
16.125 	6.86349e-05 	6.86349e-05 	0
16.1875 	0.000116049 	9.30552e-05 	1
16.25 	0.000135934 	9.37003e-05 	1
16.375 	0.000111809 	7.91292e-05 	2
16.5 	0.000104099 	7.10351e-05 	1
16.625 	0.000114123 	7.69886e-05 	1
16.8125 	0.000111364 	8.0233e-05 	1
16.9375 	0.000104073 	8.21081e-05 	1
17.25 	8.20652e-05 	8.20652e-05 	0
17.3125 	0.000121996 	7.1269e-05 	1
17.375 	0.000114469 	7.93594e-05 	1
17.4375 	0.000117293 	5.05066e-05 	1
17.5625 	6.04473e-05 	6.04473e-05 	0
17.6875 	6.4596e-05 	6.4596e-05 	0
18.0 	7.51162e-05 	7.51162e-05 	0
18.0625 	0.000107449 	5.4292e-05 	1
18.1875 	0.000103149 	6.66186e-05 	1
18.25 	0.000111294 	2.81243e-05 	1
18.375 	0.000119958 	6.63698e-05 	2
18.4375 	0.000109543 	8.43774e-05 	1
18.5625 	0.000102414 	8.19548e-05 	1
18.625 	0.000107335 	6.83162e-05 	1
18.8125 	0.000162782 	4.36888e-05 	1
18.875 	0.00012105 	4.19785e-05 	1
18.9375 	5.95439e-05 	5.95439e-05 	0
19.125 	0.000101623 	8.14365e-05 	1
19.4375 	0.000126971 	8.24324e-05 	1
19.5 	0.00010092 	7.29042e-05 	1
19.625 	0.000129244 	3.79775e-05 	1
19.6875 	0.000112901 	7.67041e-05 	1
19.75 	0.000117273 	7.44137e-05 	1
19.9375 	0.000129691 	4.08671e-05 	1
20.125 	0.000102581 	2.82784e-05 	1
20.1875 	8.43821e-05 	8.43821e-05 	0
20.375 	9.83297e-05 	9.83297e-05 	0
20.4375 	9.23983e-05 	9.23983e-05 	0
20.5 	9.51663e-05 	9.51663e-05 	0
20.625 	8.74689e-05 	8.74689e-05 	0
20.6875 	9.38684e-05 	9.38684e-05 	0
20.75 	0.000121586 	3.43401e-05 	1
21.0 	0.000131888 	6.07768e-05 	1
21.0625 	0.000141292 	4.84182e-05 	1
21.1875 	0.000112179 	8.75261e-05 	1
21.3125 	0.000109903 	9.19415e-05 	1
21.5625 	0.000132437 	4.09193e-05 	1
21.75 	8.64154e-05 	8.64154e-05 	0
21.8125 	9.47565e-05 	9.47565e-05 	0
21.875 	8.14736e-05 	8.14736e-05 	0
21.9375 	0.000124369 	3.99085e-05 	1
22.1875 	0.000122775 	3.91352e-05 	1
22.25 	0.000125871 	8.42272e-05 	1
22.3125 	0.000105327 	7.45486e-05 	1
22.9375 	0.000101975 	5.85932e-05 	2
23.0 	0.000118243 	7.73545e-05 	1
23.125 	7.25285e-05 	7.25285e-05 	0
23.1875 	0.000126216 	4.05713e-05 	1
23.3125 	9.52658e-05 	9.52658e-05 	0
23.375 	0.000102708 	5.12868e-05 	1
23.4375 	0.000125666 	3.96277e-05 	1
23.6875 	9.10776e-05 	9.10776e-05 	0
23.8125 	9.54655e-05 	9.54655e-05 	0
24.0 	8.08953e-05 	8.08953e-05 	0
24.0625 	8.08499e-05 	8.08499e-05 	0
24.3125 	9.47164e-05 	9.47164e-05 	0
24.375 	9.55662e-05 	9.55662e-05 	0
24.4375 	0.000125608 	3.69973e-05 	1
24.5625 	0.000133031 	7.9699e-05 	1
24.6875 	9.91015e-05 	9.91015e-05 	0
24.75 	9.71353e-05 	9.71353e-05 	0
24.8125 	9.86977e-05 	9.86977e-05 	0
25.0 	0.000118747 	3.18504e-05 	1
25.0625 	0.000115151 	9.21196e-05 	1
25.125 	9.7158e-05 	9.7158e-05 	0
25.25 	0.000136128 	5.18072e-05 	1
25.3125 	8.80812e-05 	8.80812e-05 	0
25.625 	0.000114493 	7.3701e-05 	2
25.6875 	8.81064e-05 	8.81064e-05 	0
25.75 	9.50382e-05 	9.50382e-05 	0
25.8125 	0.000126959 	4.42922e-05 	1
26.0 	8.09257e-05 	8.09257e-05 	0
26.125 	6.75988e-05 	6.75988e-05 	0
26.25 	5.65017e-05 	5.65017e-05 	0
26.375 	9.68219e-05 	9.68219e-05 	0
26.5 	0.000137005 	6.22697e-05 	1
26.625 	0.000118182 	9.23578e-05 	1
26.6875 	8.73439e-05 	8.73439e-05 	0
26.875 	7.75841e-05 	7.75841e-05 	0
26.9375 	0.000117385 	8.95036e-05 	1
27.0 	8.36575e-05 	8.36575e-05 	0
27.25 	0.00011114 	7.69874e-05 	1
27.3125 	0.000114659 	6.05302e-05 	1
27.625 	8.98757e-05 	8.98757e-05 	0
27.75 	0.00011039 	6.999e-05 	1
28.0 	6.9608e-05 	6.9608e-05 	0
28.0625 	8.3587e-05 	8.3587e-05 	0
28.125 	0.000135114 	4.09744e-05 	1
28.3125 	0.000102938 	6.91399e-05 	1
28.5 	6.36438e-05 	6.36438e-05 	0
28.6875 	8.81119e-05 	8.81119e-05 	0
28.8125 	9.64943e-05 	9.64943e-05 	0
28.875 	9.71036e-05 	9.71036e-05 	0
29.0 	0.000117829 	7.28474e-05 	1
29.0625 	0.000114074 	2.71232e-05 	1
29.125 	7.26825e-05 	7.26825e-05 	0
29.1875 	6.6745e-05 	6.6745e-05 	0
29.25 	0.000108516 	9.16449e-05 	1
29.375 	7.32482e-05 	7.32482e-05 	0
29.4375 	0.000106385 	4.98332e-05 	1
29.625 	0.000106152 	5.76412e-05 	1
29.6875 	7.96803e-05 	7.96803e-05 	0
29.75 	0.000100953 	7.31369e-05 	1
29.9375 	5.24982e-05 	5.24982e-05 	0
30.125 	0.000135314 	4.16069e-05 	1
30.25 	8.19379e-05 	8.19379e-05 	0
30.3125 	0.000105274 	5.67241e-05 	1
30.375 	9.76717e-05 	9.76717e-05 	0
30.4375 	6.63225e-05 	6.63225e-05 	0
30.5 	6.17298e-05 	6.17298e-05 	0
30.5625 	0.00016126 	9.07973e-05 	1
30.8125 	4.83985e-05 	4.83985e-05 	0
30.9375 	8.20747e-05 	8.20747e-05 	0
31.1875 	7.77049e-05 	7.77049e-05 	0
31.25 	0.000107205 	8.01404e-05 	1
31.375 	7.70211e-05 	7.70211e-05 	0
31.625 	0.000118174 	8.60616e-05 	1
31.75 	0.000107872 	9.70437e-05 	1
31.8125 	7.29911e-05 	7.29911e-05 	0
31.875 	8.75975e-05 	8.75975e-05 	0
32.0 	0.000109938 	8.33437e-05 	1
32.125 	9.4953e-05 	9.4953e-05 	0
32.1875 	9.00454e-05 	9.00454e-05 	0
32.25 	9.96507e-05 	9.96507e-05 	0
32.3125 	9.54583e-05 	9.54583e-05 	0
32.4375 	9.18203e-05 	9.18203e-05 	0
32.5 	0.000114418 	8.01017e-05 	1
32.625 	9.63187e-05 	9.63187e-05 	0
32.6875 	8.19365e-05 	8.19365e-05 	0
32.75 	8.81231e-05 	8.81231e-05 	0
32.8125 	0.000122068 	4.71533e-05 	1
32.875 	8.76121e-05 	8.76121e-05 	0
33.0 	4.57914e-05 	4.57914e-05 	0
33.0625 	8.49002e-05 	8.49002e-05 	0
33.125 	5.78391e-05 	5.78391e-05 	0
33.3125 	0.000109635 	9.52921e-05 	1
33.375 	0.000103722 	9.63384e-05 	1
33.4375 	8.35107e-05 	8.35107e-05 	0
33.625 	7.98934e-05 	7.98934e-05 	0
33.6875 	8.32305e-05 	8.32305e-05 	0
33.875 	9.60398e-05 	9.60398e-05 	0
33.9375 	8.54119e-05 	8.54119e-05 	0
34.125 	0.000122851 	3.90496e-05 	1
34.1875 	9.46058e-05 	9.46058e-05 	0
34.25 	0.000112518 	9.36943e-05 	1
34.3125 	9.93999e-05 	9.93999e-05 	0
34.375 	8.21105e-05 	8.21105e-05 	0
34.5 	0.000114341 	7.86864e-05 	1
34.5625 	9.29049e-05 	9.29049e-05 	0
34.625 	8.86734e-05 	8.86734e-05 	0
34.6875 	9.81463e-05 	9.81463e-05 	0
34.875 	9.38199e-05 	9.38199e-05 	0
34.9375 	0.000127731 	3.70875e-05 	1
35.0625 	0.0001226 	3.18784e-05 	1
35.125 	4.94143e-05 	4.94143e-05 	0
35.25 	9.19607e-05 	9.19607e-05 	0
35.3125 	5.64811e-05 	5.64811e-05 	0
35.375 	0.000143276 	8.85074e-05 	1
35.625 	9.97887e-05 	9.97887e-05 	0
35.6875 	0.000129152 	3.92957e-05 	1
35.75 	0.000107163 	6.057e-05 	1
35.8125 	7.909e-05 	7.909e-05 	0
35.875 	7.51321e-05 	7.51321e-05 	0
35.9375 	9.29999e-05 	9.29999e-05 	0
36.0 	0.000130563 	5.96298e-05 	1
36.125 	9.57549e-05 	9.57549e-05 	0
36.25 	0.00010875 	4.44349e-05 	1
36.4375 	8.44729e-05 	8.44729e-05 	0
36.5 	9.29837e-05 	9.29837e-05 	0
36.8125 	8.71242e-05 	8.71242e-05 	0
36.875 	0.000121344 	9.97997e-05 	1
37.125 	0.000117845 	4.13266e-05 	1
37.1875 	0.000102212 	2.84222e-05 	1
37.3125 	0.00010632 	7.33521e-05 	1
37.4375 	0.000123574 	3.98058e-05 	1
37.5 	6.30036e-05 	6.30036e-05 	0
37.5625 	0.00010909 	2.89255e-05 	1
37.75 	8.51363e-05 	8.51363e-05 	0
37.9375 	0.00011383 	3.26134e-05 	1
38.0 	0.000105873 	7.31503e-05 	1
38.0625 	0.000110174 	6.55446e-05 	1
38.125 	0.000145137 	3.7012e-05 	1
38.25 	8.91299e-05 	8.91299e-05 	0
38.3125 	7.79046e-05 	7.79046e-05 	0
38.4375 	0.000120251 	8.74952e-05 	1
38.5625 	0.000106318 	8.30975e-05 	1
38.6875 	0.000148695 	4.98394e-05 	1
38.8125 	5.22662e-05 	5.22662e-05 	0
38.875 	0.000111066 	8.38183e-05 	1
38.9375 	0.000108003 	5.181e-05 	1
39.0 	0.000104536 	8.85267e-05 	1
39.0625 	7.35594e-05 	7.35594e-05 	0
39.1875 	0.000134573 	4.22505e-05 	1
39.25 	5.69175e-05 	5.69175e-05 	0
39.3125 	8.32778e-05 	8.32778e-05 	0
39.5625 	3.69208e-05 	3.69208e-05 	0
39.625 	0.00014286 	3.67247e-05 	1
39.6875 	0.000127592 	7.31182e-05 	1
39.75 	0.00012898 	3.65667e-05 	1
39.875 	8.06488e-05 	8.06488e-05 	0
39.9375 	6.41381e-05 	6.41381e-05 	0
40.0 	0.000105843 	6.03215e-05 	2
40.125 	7.29849e-05 	7.29849e-05 	0
40.25 	0.000128465 	4.68438e-05 	1
40.3125 	0.000100577 	8.4297e-05 	1
40.4375 	0.000107125 	6.99335e-05 	1
40.5 	8.67191e-05 	8.67191e-05 	0
40.5625 	0.000136477 	4.48885e-05 	1
40.625 	7.62374e-05 	7.62374e-05 	0
40.8125 	0.00010436 	2.63477e-05 	1
40.9375 	0.000130474 	7.91084e-05 	1
41.125 	9.22377e-05 	9.22377e-05 	0
41.1875 	0.000106887 	7.58503e-05 	1
41.25 	9.93507e-05 	9.93507e-05 	0
41.3125 	0.00010961 	9.69731e-05 	1
41.4375 	8.20351e-05 	8.20351e-05 	0
41.5 	0.00014883 	3.75442e-05 	1
41.6875 	7.71438e-05 	7.71438e-05 	0
41.8125 	0.000120821 	8.33821e-05 	1
41.9375 	9.48922e-05 	9.48922e-05 	0
42.0 	8.48316e-05 	8.48316e-05 	0
42.25 	8.21662e-05 	8.21662e-05 	0
42.5 	9.87137e-05 	9.87137e-05 	0
42.6875 	9.56447e-05 	9.56447e-05 	0
42.8125 	7.82721e-05 	7.82721e-05 	0
42.875 	0.000114563 	8.57305e-05 	1
42.9375 	0.000102152 	2.46176e-05 	1
43.0 	0.00015953 	5.35805e-05 	1
43.0625 	7.92427e-05 	7.92427e-05 	0
43.1875 	0.000109737 	3.98833e-05 	1
43.3125 	9.7696e-05 	9.7696e-05 	0
43.375 	0.000112733 	5.89182e-05 	1
43.9375 	8.71349e-05 	8.71349e-05 	0
44.0 	8.46144e-05 	8.46144e-05 	0
44.125 	9.16461e-05 	9.16461e-05 	0
44.25 	8.70923e-05 	8.70923e-05 	0
44.3125 	9.90113e-05 	9.90113e-05 	0
44.4375 	0.000119263 	8.98558e-05 	1
44.5625 	0.00013792 	3.88231e-05 	1
44.6875 	7.90955e-05 	7.90955e-05 	0
44.8125 	6.19206e-05 	6.19206e-05 	0
44.875 	6.66004e-05 	6.66004e-05 	0
44.9375 	0.000115567 	3.20532e-05 	1
45.0 	8.67339e-05 	8.67339e-05 	0
45.1875 	0.000103402 	8.06595e-05 	1
45.3125 	0.000139064 	3.86855e-05 	1
45.5 	0.00011242 	5.31296e-05 	1
45.625 	0.000126935 	3.33832e-05 	1
45.6875 	0.000116924 	8.4792e-05 	1
45.75 	9.67339e-05 	9.67339e-05 	0
46.0 	7.92252e-05 	7.92252e-05 	0
46.0625 	0.000108267 	7.04718e-05 	2
46.3125 	0.000115707 	8.98904e-05 	1
46.5625 	4.38051e-05 	4.38051e-05 	0
46.625 	7.81728e-05 	7.81728e-05 	0
46.6875 	0.000130006 	9.03783e-05 	1
46.75 	7.90586e-05 	7.90586e-05 	0
47.0 	7.93884e-05 	7.93884e-05 	0
47.0625 	0.000123814 	8.54265e-05 	1
47.125 	7.85085e-05 	7.85085e-05 	0
47.25 	8.53715e-05 	8.53715e-05 	0
47.375 	9.04876e-05 	9.04876e-05 	0
47.5 	7.9235e-05 	7.9235e-05 	0
47.5625 	0.000145324 	8.64123e-05 	1
47.625 	0.000125986 	7.14983e-05 	1
47.8125 	9.564e-05 	9.564e-05 	0
48.0625 	0.000108736 	4.73069e-05 	1
48.1875 	0.000112668 	7.52393e-05 	1
48.25 	8.42697e-05 	8.42697e-05 	0
48.3125 	9.6276e-05 	9.6276e-05 	0
48.4375 	0.000125612 	7.59298e-05 	1
48.5625 	0.000109881 	7.08571e-05 	1
48.75 	9.12221e-05 	9.12221e-05 	0
48.8125 	7.04865e-05 	7.04865e-05 	0
48.9375 	0.000108226 	6.08688e-05 	1
49.0 	8.79783e-05 	8.79783e-05 	0
49.3125 	8.75653e-05 	8.75653e-05 	0
49.375 	0.000113966 	2.48266e-05 	1
49.4375 	0.00012302 	4.53574e-05 	1
49.5625 	6.07541e-05 	6.07541e-05 	0
49.6875 	8.93712e-05 	8.93712e-05 	0
49.75 	8.02464e-05 	8.02464e-05 	0
50.0625 	8.42924e-05 	8.42924e-05 	0
50.25 	0.00011172 	7.8644e-05 	1
50.3125 	0.000139396 	3.56803e-05 	1
50.375 	9.8646e-05 	9.8646e-05 	0
50.4375 	7.02929e-05 	7.02929e-05 	0
50.5625 	7.73342e-05 	7.73342e-05 	0
50.625 	0.000100386 	6.85749e-05 	1
50.75 	0.000144713 	4.30861e-05 	1
50.8125 	6.55191e-05 	6.55191e-05 	0
50.875 	9.75695e-05 	9.75695e-05 	0
50.9375 	9.62243e-05 	9.62243e-05 	0
51.0 	0.000132214 	3.72565e-05 	1
51.125 	0.000111634 	3.13034e-05 	1
51.1875 	5.32223e-05 	5.32223e-05 	0
51.25 	8.55405e-05 	8.55405e-05 	0
51.375 	0.000102291 	7.73365e-05 	1
51.4375 	0.000112242 	6.81151e-05 	1
51.5 	0.00012137 	7.52718e-05 	1
51.625 	0.00012599 	6.11549e-05 	1
51.8125 	9.95541e-05 	9.95541e-05 	0
52.0625 	7.16754e-05 	7.16754e-05 	0
52.1875 	9.03822e-05 	9.03822e-05 	0
52.3125 	9.23088e-05 	9.23088e-05 	0
52.5 	0.000119803 	7.04967e-05 	2
52.75 	0.000117293 	6.29133e-05 	1
52.8125 	7.42319e-05 	7.42319e-05 	0
52.9375 	9.63706e-05 	9.63706e-05 	0
53.1875 	8.60215e-05 	8.60215e-05 	0
53.25 	6.6895e-05 	6.6895e-05 	0
53.3125 	9.65515e-05 	9.65515e-05 	0
53.5 	0.000105029 	6.87506e-05 	2
53.5625 	0.000143006 	8.02421e-05 	1
53.625 	0.000130362 	7.48983e-05 	1
53.6875 	0.000110499 	8.93714e-05 	1
53.75 	0.000113884 	7.76616e-05 	2
53.875 	0.000116462 	5.32123e-05 	2
54.0 	8.22422e-05 	8.22422e-05 	0
54.0625 	8.84637e-05 	8.84637e-05 	0
54.1875 	0.000122357 	5.39415e-05 	1
54.25 	0.00011848 	2.63543e-05 	1
54.3125 	9.2664e-05 	9.2664e-05 	0
54.375 	0.000105602 	9.54798e-05 	1
54.4375 	8.49956e-05 	8.49956e-05 	0
54.6875 	0.000134951 	7.87681e-05 	1
54.8125 	7.84441e-05 	7.84441e-05 	0
54.875 	4.46838e-05 	4.46838e-05 	0
54.9375 	0.000123744 	8.45687e-05 	1
55.0 	0.000110425 	7.69223e-05 	1
55.125 	8.34816e-05 	8.34816e-05 	0
55.3125 	6.00857e-05 	6.00857e-05 	0
55.4375 	0.000100514 	7.46676e-05 	1
55.5 	0.000148827 	4.78107e-05 	1
55.75 	0.000116464 	5.57585e-05 	1
55.875 	8.61108e-05 	8.61108e-05 	0
55.9375 	9.69744e-05 	9.69744e-05 	0
56.0 	7.85244e-05 	7.85244e-05 	0
56.0625 	0.000105507 	6.04869e-05 	1
56.3125 	0.000101723 	9.13274e-05 	1
56.375 	6.38051e-05 	6.38051e-05 	0
56.4375 	0.000110605 	3.18624e-05 	1
56.5625 	0.000110801 	7.32222e-05 	1
56.6875 	9.89839e-05 	9.89839e-05 	0
56.75 	0.000103912 	7.95037e-05 	1
56.8125 	8.65441e-05 	8.65441e-05 	0
57.0 	0.000108457 	2.82548e-05 	1
57.0625 	0.000138834 	4.75337e-05 	1
57.1875 	9.95757e-05 	9.95757e-05 	0
57.25 	0.000131327 	8.82093e-05 	1
57.3125 	0.000124903 	7.26627e-05 	1
57.4375 	6.26266e-05 	6.26266e-05 	0
57.6875 	8.75991e-05 	8.75991e-05 	0
57.8125 	8.68624e-05 	8.68624e-05 	0
58.0 	6.50441e-05 	6.50441e-05 	0
58.125 	0.000111752 	9.91742e-05 	1
58.1875 	0.00010061 	7.03119e-05 	1
58.25 	0.000125795 	7.65397e-05 	1
58.3125 	0.000113539 	7.48853e-05 	1
58.4375 	0.000103515 	7.33995e-05 	1
58.5625 	0.000105487 	5.07392e-05 	1
58.6875 	7.4337e-05 	7.4337e-05 	0
58.8125 	0.000105708 	6.56204e-05 	1
58.875 	0.000117592 	8.50148e-05 	1
59.0 	7.87436e-05 	7.87436e-05 	0
59.125 	7.38226e-05 	7.38226e-05 	0
59.25 	0.000125188 	5.83043e-05 	1
59.3125 	5.16973e-05 	5.16973e-05 	0
59.375 	8.22864e-05 	8.22864e-05 	0
59.5 	0.000113347 	7.53067e-05 	1
59.6875 	9.8508e-05 	9.8508e-05 	0
59.8125 	8.94498e-05 	8.94498e-05 	0
59.9375 	0.00010605 	3.4597e-05 	1
60.375 	5.89799e-05 	5.89799e-05 	0
60.4375 	8.5575e-05 	8.5575e-05 	0
60.5625 	0.000113694 	6.97744e-05 	1
60.625 	7.94366e-05 	7.94366e-05 	0
60.875 	0.000112829 	3.53205e-05 	1
61.0 	7.47054e-05 	7.47054e-05 	0
61.125 	0.00011834 	8.64072e-05 	1
61.4375 	8.75131e-05 	8.75131e-05 	0
61.625 	0.000140483 	5.33187e-05 	1
61.6875 	7.85069e-05 	7.85069e-05 	0
61.8125 	8.81936e-05 	8.81936e-05 	0
61.9375 	0.000135912 	4.39628e-05 	1
62.1875 	0.000106127 	9.94302e-05 	1
62.25 	6.33061e-05 	6.33061e-05 	0
62.375 	7.05785e-05 	7.05785e-05 	0
62.5 	9.32705e-05 	9.32705e-05 	0
62.5625 	7.72877e-05 	7.72877e-05 	0
62.875 	0.000104665 	2.62794e-05 	1
62.9375 	0.000105446 	7.90709e-05 	1
63.0 	6.68174e-05 	6.68174e-05 	0
63.25 	8.06892e-05 	8.06892e-05 	0
63.4375 	0.000114258 	3.25302e-05 	1
63.5625 	0.000105537 	5.49338e-05 	1
63.8125 	8.56737e-05 	8.56737e-05 	0
63.9375 	0.000108989 	7.62699e-05 	1
64.0 	0.000110767 	7.48807e-05 	2
64.25 	9.61078e-05 	9.61078e-05 	0
64.4375 	0.000132904 	6.20155e-05 	1
64.5625 	8.28719e-05 	8.28719e-05 	0
64.6875 	9.74845e-05 	9.74845e-05 	0
64.75 	0.000117059 	8.58863e-05 	1
64.8125 	0.000140652 	4.17141e-05 	1
64.875 	0.000108837 	5.41536e-05 	1
64.9375 	0.000108203 	9.05006e-05 	1
65.0 	6.90608e-05 	6.90608e-05 	0
65.0625 	0.000115808 	7.88736e-05 	1
65.125 	6.19621e-05 	6.19621e-05 	0
65.625 	7.14731e-05 	7.14731e-05 	0
65.8125 	0.00010085 	7.74422e-05 	1
65.9375 	0.000107114 	8.85611e-05 	1
66.0 	9.96546e-05 	9.96546e-05 	0
66.0625 	0.000107912 	8.09878e-05 	1
66.3125 	0.000106162 	5.27402e-05 	1
66.5 	0.000103034 	7.72396e-05 	1
66.75 	0.000121062 	5.83913e-05 	1
66.8125 	9.71222e-05 	9.71222e-05 	0
66.9375 	8.87177e-05 	8.87177e-05 	0
67.25 	5.04557e-05 	5.04557e-05 	0
67.4375 	6.98042e-05 	6.98042e-05 	0
67.5 	9.18166e-05 	9.18166e-05 	0
67.8125 	7.10665e-05 	7.10665e-05 	0
67.875 	0.000115339 	7.8391e-05 	1
67.9375 	0.000109915 	7.78863e-05 	1
68.0 	8.73391e-05 	8.73391e-05 	0
68.125 	0.000119943 	7.30167e-05 	1
68.1875 	0.00010856 	9.82139e-05 	1
68.3125 	0.000133532 	4.92271e-05 	1
68.375 	7.113e-05 	7.113e-05 	0
68.4375 	0.000121724 	8.0486e-05 	1
68.5625 	9.26218e-05 	9.26218e-05 	0
68.6875 	0.000110131 	7.60292e-05 	1
68.75 	5.80144e-05 	5.80144e-05 	0
68.8125 	0.000117806 	9.48668e-05 	1
68.9375 	5.5027e-05 	5.5027e-05 	0
69.125 	0.000115488 	8.60369e-05 	1
69.1875 	0.000103649 	7.2756e-05 	2
69.25 	7.15606e-05 	7.15606e-05 	0
69.3125 	8.7949e-05 	8.7949e-05 	0
69.4375 	8.89427e-05 	8.89427e-05 	0
69.5 	5.78428e-05 	5.78428e-05 	0
69.75 	6.17236e-05 	6.17236e-05 	0
69.8125 	8.85386e-05 	8.85386e-05 	0
69.875 	0.000129225 	7.53887e-05 	1
69.9375 	9.08709e-05 	9.08709e-05 	0
