# time 	Initial 	Final 	Iterations
0.333274 	0.000422604 	9.06369e-05 	1
0.579973 	0.000243953 	6.01439e-05 	2
0.642226 	0.000251502 	5.22302e-05 	1
0.70448 	0.000353381 	6.37106e-05 	1
0.766734 	0.000319572 	7.41429e-05 	1
0.828988 	0.000400915 	9.16419e-05 	1
1.01575 	0.000202695 	8.59035e-05 	1
1.26477 	0.000265544 	5.92089e-05 	1
1.38927 	0.000381167 	7.75513e-05 	1
1.45153 	0.000156104 	4.9365e-05 	1
1.51378 	0.000329564 	8.49459e-05 	1
1.57604 	0.000220065 	6.02968e-05 	1
1.7628 	0.00024434 	3.86302e-05 	1
1.8873 	0.000323233 	6.86561e-05 	1
1.94956 	0.000172034 	4.69566e-05 	1
2.07407 	0.000355581 	6.46233e-05 	1
2.19857 	0.000173627 	4.82152e-05 	2
2.26083 	0.000380151 	9.86224e-05 	1
2.32308 	0.000132386 	6.44022e-05 	1
2.38534 	0.000303738 	8.65358e-05 	1
2.44759 	0.000137373 	4.05249e-05 	1
2.63435 	0.000157394 	9.78323e-05 	1
2.69661 	0.000472995 	7.66869e-05 	1
2.88337 	0.000427285 	7.9316e-05 	1
2.94562 	0.000224971 	8.80431e-05 	1
3.07013 	0.000469476 	6.98778e-05 	1
3.13238 	0.000482552 	7.32887e-05 	1
3.19464 	0.000497559 	7.52299e-05 	1
3.25689 	0.000424917 	7.51123e-05 	2
3.31914 	0.000163855 	6.56199e-05 	1
3.3814 	0.000333567 	8.63985e-05 	1
3.44365 	0.00048299 	6.64278e-05 	1
3.50591 	0.000402824 	7.44709e-05 	1
3.56816 	0.000336794 	6.9544e-05 	1
3.69267 	0.000176417 	7.45742e-05 	1
3.75492 	0.000313809 	6.73473e-05 	1
3.81718 	0.000322791 	6.72622e-05 	2
3.87943 	0.000379424 	8.3402e-05 	1
4.00394 	0.000229973 	6.71653e-05 	2
4.06619 	0.000158089 	8.23508e-05 	1
4.12845 	0.000150033 	6.41019e-05 	1
4.1907 	0.00025244 	7.09558e-05 	1
4.25295 	0.00025862 	8.42199e-05 	1
4.31521 	0.000280994 	9.421e-05 	1
4.37746 	0.000303836 	7.90797e-05 	1
4.50197 	0.000226097 	5.68453e-05 	1
4.56422 	0.000291843 	8.98494e-05 	1
4.62648 	0.000341574 	7.5118e-05 	1
4.68873 	0.000449025 	8.85053e-05 	1
4.81324 	0.000263378 	7.86485e-05 	2
4.87549 	0.000332622 	7.80322e-05 	1
4.93775 	0.000220567 	8.43187e-05 	1
5.0 	0.000164848 	4.22229e-05 	2
5.0625 	0.000150414 	3.67325e-05 	1
5.125 	0.000503223 	8.1111e-05 	1
5.25 	0.000342707 	8.0813e-05 	1
5.3125 	0.000171615 	7.80461e-05 	1
5.375 	0.000181139 	7.06936e-05 	2
5.5 	0.000185322 	7.83775e-05 	1
5.5625 	0.000158869 	6.43969e-05 	2
5.625 	0.00037798 	6.92759e-05 	1
5.6875 	0.000444847 	7.40718e-05 	1
5.75 	0.000283855 	8.19724e-05 	1
5.8125 	0.000264063 	6.21123e-05 	1
5.875 	0.000287218 	8.04007e-05 	1
5.9375 	0.000378924 	8.41493e-05 	1
6.0 	0.000166232 	5.38278e-05 	1
6.125 	0.000169672 	5.8776e-05 	1
6.1875 	0.000332805 	6.55692e-05 	1
6.25 	0.000355303 	7.81737e-05 	1
6.4375 	0.000424039 	6.72289e-05 	1
6.6875 	0.000235154 	8.67876e-05 	1
6.75 	0.000368807 	9.76727e-05 	1
6.8125 	0.000247105 	8.38318e-05 	1
6.9375 	0.000283077 	6.67013e-05 	1
7.0 	0.000115414 	3.80719e-05 	1
7.125 	0.000271115 	7.14268e-05 	2
7.1875 	0.000388777 	6.98945e-05 	2
7.25 	0.00035641 	6.58844e-05 	1
7.4375 	0.00027749 	9.74266e-05 	1
7.5625 	0.000252754 	8.57154e-05 	1
7.625 	0.000534392 	8.08396e-05 	1
7.6875 	0.000109485 	4.5577e-05 	1
7.8125 	0.000232822 	9.20484e-05 	1
7.9375 	0.000198637 	9.95305e-05 	1
8.0 	0.000217075 	7.92788e-05 	2
8.0625 	0.000247897 	6.06169e-05 	1
8.125 	0.000167871 	6.13212e-05 	1
8.25 	0.000232058 	7.63624e-05 	1
8.3125 	0.000177256 	5.43509e-05 	1
8.375 	0.000235247 	3.99381e-05 	1
8.4375 	0.000437166 	7.31707e-05 	1
8.5 	0.000221628 	5.25325e-05 	1
8.5625 	0.000141952 	7.49767e-05 	1
8.8125 	0.000148883 	4.10802e-05 	1
8.9375 	0.000333193 	6.70994e-05 	1
9.0 	0.000222139 	8.35089e-05 	2
9.0625 	0.000341465 	8.9127e-05 	1
9.1875 	0.000149775 	5.37971e-05 	1
9.25 	0.000305476 	8.74902e-05 	1
9.3125 	0.000163624 	7.03107e-05 	1
9.375 	0.000406263 	6.79273e-05 	1
9.4375 	0.000260965 	9.8513e-05 	2
9.5625 	0.000420877 	6.8012e-05 	1
9.625 	0.00018484 	7.74413e-05 	1
9.6875 	0.000242981 	7.64047e-05 	1
9.8125 	0.000328167 	4.14297e-05 	1
9.9375 	0.000496978 	9.58841e-05 	1
10.0 	0.00015057 	7.48349e-05 	1
10.0625 	0.000161105 	8.54548e-05 	1
10.1875 	0.000222004 	5.61404e-05 	2
10.3125 	0.000311848 	3.52056e-05 	1
10.375 	0.000220382 	6.64409e-05 	2
10.625 	0.000215404 	8.05638e-05 	1
10.6875 	0.000330527 	8.47256e-05 	1
10.75 	0.000330695 	9.74174e-05 	1
10.8125 	0.000383788 	8.24758e-05 	1
10.875 	0.00027799 	7.10644e-05 	1
11.0 	0.000321298 	7.80723e-05 	1
11.0625 	0.000436712 	9.84829e-05 	1
11.1875 	0.000226007 	7.99769e-05 	1
11.375 	7.39469e-05 	7.39469e-05 	0
11.4375 	0.000168805 	2.94925e-05 	1
11.5625 	0.000249817 	5.41246e-05 	2
11.625 	0.000171161 	7.11793e-05 	1
11.6875 	0.000298009 	7.3427e-05 	2
11.75 	0.000171771 	6.28935e-05 	1
11.8125 	0.000462545 	9.17319e-05 	1
11.875 	0.000293475 	8.00272e-05 	1
11.9375 	0.000189331 	5.7332e-05 	1
12.0 	0.000238859 	8.68781e-05 	1
12.0625 	0.000224251 	7.52605e-05 	1
12.125 	0.000191868 	6.48412e-05 	1
12.1875 	0.000174005 	9.33944e-05 	1
12.25 	0.0003162 	6.74427e-05 	2
12.3125 	0.000474924 	7.35578e-05 	1
12.375 	0.000184175 	6.88621e-05 	1
12.5625 	0.000162874 	8.37159e-05 	1
12.625 	0.000129821 	3.64676e-05 	1
12.6875 	0.000204431 	5.60508e-05 	1
12.75 	0.000281999 	7.75099e-05 	1
12.8125 	0.000346891 	8.5183e-05 	1
12.875 	0.000278551 	9.88035e-05 	1
13.0 	0.00013424 	6.56528e-05 	1
13.0625 	0.000276236 	9.01967e-05 	1
13.1875 	0.000621693 	9.59865e-05 	1
13.25 	0.000297238 	8.81203e-05 	1
13.375 	0.000244895 	8.77119e-05 	1
13.4375 	0.000424547 	7.47548e-05 	1
13.5 	0.000347225 	9.63674e-05 	1
13.5625 	0.000515023 	7.4059e-05 	1
13.625 	0.000460203 	8.80897e-05 	1
13.6875 	0.000143172 	8.1738e-05 	1
14.0 	0.000225299 	6.82239e-05 	1
14.0625 	0.000261321 	9.44048e-05 	1
14.125 	0.0002488 	9.10126e-05 	1
14.1875 	0.000177609 	5.49221e-05 	1
14.3125 	0.000206673 	8.56683e-05 	1
14.375 	0.000356962 	9.53911e-05 	1
14.4375 	0.000137251 	8.72652e-05 	1
14.5 	0.000317274 	7.34802e-05 	1
14.625 	0.000291071 	8.23344e-05 	1
14.6875 	0.000362035 	4.41215e-05 	1
14.75 	0.000311799 	8.98807e-05 	1
14.8125 	0.000259538 	9.3255e-05 	1
14.9375 	0.000247456 	6.28671e-05 	1
15.0 	0.000180363 	8.84952e-05 	1
15.1875 	0.000401071 	9.92355e-05 	1
15.25 	0.000135521 	6.42466e-05 	1
15.3125 	0.000428881 	9.39031e-05 	1
15.375 	0.0001358 	5.614e-05 	1
15.4375 	0.000344289 	7.46414e-05 	1
15.5 	0.000302411 	8.15462e-05 	1
15.5625 	0.000484058 	6.80392e-05 	1
15.75 	0.000162144 	4.44016e-05 	1
15.8125 	0.000131104 	6.81123e-05 	1
15.875 	0.000197382 	6.85396e-05 	1
15.9375 	0.000139342 	4.7839e-05 	1
16.0 	0.000165447 	5.39047e-05 	1
16.0625 	0.000248843 	7.76219e-05 	1
16.125 	0.000141811 	3.68934e-05 	1
16.1875 	0.000159154 	4.59624e-05 	1
16.25 	0.000158232 	6.12592e-05 	1
16.3125 	0.000258039 	6.51936e-05 	1
16.375 	0.000300943 	6.79398e-05 	1
16.4375 	0.000218898 	7.92205e-05 	1
16.5 	0.00016669 	6.48111e-05 	1
16.625 	0.000205044 	6.69314e-05 	1
16.6875 	0.000276388 	7.65759e-05 	1
16.75 	0.000177173 	3.39541e-05 	1
16.8125 	0.000305162 	8.79395e-05 	1
16.875 	0.000450717 	7.72206e-05 	1
16.9375 	0.000141271 	3.27169e-05 	1
17.25 	0.000200628 	8.68255e-05 	1
17.3125 	0.000124615 	4.53223e-05 	1
17.375 	0.000256693 	4.79773e-05 	1
17.4375 	0.000319506 	9.47201e-05 	1
17.5 	0.000330472 	6.39775e-05 	1
17.5625 	0.000225519 	8.30335e-05 	1
17.625 	0.00024898 	7.92098e-05 	1
17.6875 	0.000162791 	9.98156e-05 	1
17.75 	0.000330069 	7.27687e-05 	1
18.0 	0.00022784 	6.93974e-05 	1
18.0625 	0.000290021 	9.25617e-05 	1
18.125 	0.000186095 	5.51388e-05 	2
18.1875 	0.000145871 	6.03285e-05 	2
18.25 	0.000257495 	9.15464e-05 	1
18.3125 	0.000237172 	8.09402e-05 	1
18.375 	0.000192919 	5.34859e-05 	1
18.4375 	0.000290687 	7.258e-05 	1
18.5 	0.000288693 	9.20336e-05 	1
18.5625 	0.000389395 	7.37919e-05 	1
18.625 	0.000246825 	8.36099e-05 	1
18.75 	0.000137568 	3.33448e-05 	1
18.8125 	0.000245142 	7.55726e-05 	1
18.875 	0.000495076 	7.36401e-05 	1
18.9375 	0.000169043 	8.56198e-05 	1
19.125 	0.000130824 	7.89869e-05 	1
19.25 	0.000245784 	6.34314e-05 	1
19.375 	0.000299123 	6.45472e-05 	1
19.4375 	0.000257681 	8.05028e-05 	1
19.5 	0.000229486 	8.53786e-05 	1
19.625 	0.000143239 	7.30313e-05 	1
19.6875 	0.000187136 	8.0166e-05 	1
19.75 	0.000256861 	4.44353e-05 	1
19.9375 	0.000249138 	7.25483e-05 	1
20.0 	0.000147382 	8.08927e-05 	1
20.0625 	0.000226056 	7.29132e-05 	2
20.125 	0.000604272 	4.34175e-05 	1
20.1875 	0.000297985 	6.36552e-05 	1
20.25 	0.00044397 	7.19376e-05 	1
20.3125 	0.00014669 	5.33294e-05 	1
20.375 	0.000371189 	8.52104e-05 	1
20.4375 	0.000234928 	5.64766e-05 	1
20.5 	0.000227119 	5.89813e-05 	1
20.5625 	0.000460666 	8.79131e-05 	1
20.625 	0.000358817 	9.22412e-05 	1
20.6875 	0.000508788 	9.56007e-05 	1
20.75 	0.000229922 	8.06965e-05 	1
20.8125 	0.00011013 	4.72736e-05 	1
21.0 	0.000119025 	9.33864e-05 	1
21.0625 	0.00021579 	5.78365e-05 	1
21.1875 	0.000207275 	7.56297e-05 	1
21.3125 	0.000206564 	4.88276e-05 	1
21.375 	0.000148588 	8.80121e-05 	1
21.4375 	0.000104607 	5.2511e-05 	1
21.5625 	0.000208408 	4.21676e-05 	1
21.625 	0.000260347 	9.73565e-05 	1
21.6875 	0.000287417 	5.83188e-05 	1
21.75 	0.000229268 	7.94551e-05 	2
21.8125 	0.000223354 	6.23775e-05 	1
21.875 	0.000223804 	5.62889e-05 	1
21.9375 	0.000121763 	6.49477e-05 	1
22.0 	9.31542e-05 	9.31542e-05 	0
22.125 	0.00035872 	6.03787e-05 	1
22.1875 	0.000173294 	6.47684e-05 	1
22.25 	0.000233686 	7.36458e-05 	1
22.3125 	9.93606e-05 	9.93606e-05 	0
22.375 	0.000289703 	7.84966e-05 	1
22.75 	9.93351e-05 	9.93351e-05 	0
22.8125 	0.000287851 	8.35392e-05 	1
22.9375 	0.000343061 	6.18281e-05 	1
23.0 	0.000416403 	9.2118e-05 	1
23.0625 	0.000216256 	5.4699e-05 	1
23.125 	0.00015857 	6.51002e-05 	1
23.1875 	0.000166162 	6.56048e-05 	2
23.3125 	0.000286335 	9.91056e-05 	3
23.375 	0.000295371 	9.71274e-05 	1
23.4375 	0.000352151 	5.36692e-05 	1
23.6875 	0.000145919 	6.41336e-05 	1
23.75 	0.000330498 	7.03756e-05 	1
23.8125 	0.000306214 	7.09027e-05 	1
23.875 	0.000186564 	4.06874e-05 	1
23.9375 	0.00038585 	7.37923e-05 	1
24.0 	0.000141236 	4.32988e-05 	1
24.0625 	0.000226971 	6.58307e-05 	1
24.125 	0.00011325 	4.25929e-05 	1
24.3125 	0.000133099 	2.59504e-05 	1
24.375 	0.000353556 	7.26275e-05 	1
24.4375 	0.000279943 	9.06779e-05 	1
24.5625 	0.000186894 	8.00621e-05 	1
24.625 	0.000372677 	9.33196e-05 	1
24.6875 	0.000468631 	7.72786e-05 	1
24.75 	0.000299954 	9.00436e-05 	1
24.8125 	0.000264517 	5.70217e-05 	1
25.0 	0.000264728 	2.70802e-05 	1
25.0625 	0.000347497 	4.13346e-05 	1
25.125 	0.000430436 	8.64648e-05 	1
25.25 	0.000179929 	7.1635e-05 	2
25.3125 	0.00013952 	4.73605e-05 	1
25.5 	0.000171749 	4.68483e-05 	1
25.625 	0.000428816 	9.34223e-05 	1
25.6875 	0.000337833 	7.10121e-05 	1
25.75 	0.00047353 	7.36836e-05 	1
25.8125 	0.000197675 	6.86787e-05 	1
25.875 	0.000268244 	8.01374e-05 	1
25.9375 	0.000287601 	3.99751e-05 	1
26.0 	0.000197098 	6.08253e-05 	1
26.0625 	0.000269429 	6.18372e-05 	1
26.125 	0.000147957 	6.17752e-05 	2
26.25 	0.000367383 	6.92637e-05 	1
26.3125 	0.000410007 	7.71422e-05 	1
26.375 	0.000199132 	3.87921e-05 	1
26.4375 	0.000393318 	7.098e-05 	2
26.5 	0.000116699 	5.561e-05 	1
26.5625 	0.000183105 	6.39143e-05 	1
26.625 	0.000187539 	6.45856e-05 	1
26.6875 	0.00034143 	8.94249e-05 	1
26.875 	0.000167765 	8.49696e-05 	1
26.9375 	0.000192487 	5.9821e-05 	1
27.0 	0.000125126 	2.97597e-05 	1
27.25 	0.000355901 	8.76518e-05 	1
27.3125 	0.000238715 	6.40024e-05 	1
27.375 	0.000360606 	9.26373e-05 	1
27.5 	0.000220451 	6.47836e-05 	1
27.5625 	0.000306705 	5.23247e-05 	1
27.625 	0.000202094 	3.23635e-05 	1
27.6875 	0.000381467 	8.64179e-05 	1
27.75 	0.000501243 	7.32424e-05 	1
27.8125 	0.000181235 	5.20794e-05 	2
27.875 	0.000158532 	9.77434e-05 	1
28.0 	0.000270095 	9.89522e-05 	1
28.0625 	0.000194988 	7.46014e-05 	1
28.125 	0.000172052 	5.83332e-05 	1
28.3125 	0.000362968 	8.63878e-05 	1
28.375 	0.000141352 	3.06329e-05 	1
28.4375 	0.000488207 	6.62334e-05 	1
28.5 	0.000263577 	7.19124e-05 	1
28.625 	0.000214416 	4.60775e-05 	1
28.6875 	0.000222153 	7.46428e-05 	1
28.8125 	0.000279696 	9.05868e-05 	1
28.875 	0.000205715 	6.34887e-05 	1
28.9375 	0.000443223 	7.48268e-05 	1
29.0 	0.000215154 	5.43995e-05 	1
29.0625 	0.000169424 	6.41929e-05 	1
29.125 	0.000339219 	7.2052e-05 	1
29.1875 	0.000308654 	7.90601e-05 	1
29.25 	0.000249658 	3.81253e-05 	1
29.375 	0.000301698 	5.90984e-05 	1
29.4375 	0.000109814 	4.31774e-05 	1
29.5 	0.000441719 	7.37105e-05 	1
29.5625 	0.000273066 	9.4154e-05 	1
29.625 	0.000190097 	6.23657e-05 	1
29.6875 	0.000225401 	7.5223e-05 	2
29.75 	0.000449099 	6.77735e-05 	1
29.875 	0.000496711 	8.11965e-05 	1
29.9375 	0.000281018 	6.44111e-05 	1
30.0 	0.000140983 	7.42874e-05 	1
30.125 	0.000343409 	8.5658e-05 	1
30.1875 	0.000202341 	9.23436e-05 	1
30.25 	0.000274253 	7.93506e-05 	1
30.3125 	0.000266718 	7.55725e-05 	1
30.375 	0.000295412 	5.13346e-05 	1
30.4375 	0.000192188 	5.14505e-05 	2
30.5 	0.000148246 	3.62422e-05 	1
30.5625 	0.00040722 	7.02849e-05 	1
30.6875 	0.000114653 	4.55776e-05 	1
30.8125 	0.000182687 	5.69194e-05 	1
30.9375 	0.000256225 	6.49082e-05 	2
31.125 	0.000418669 	7.46875e-05 	1
31.1875 	0.000237963 	8.22646e-05 	1
31.25 	0.000356319 	7.76468e-05 	1
31.375 	0.00015701 	9.77258e-05 	1
31.5 	0.000228416 	7.80871e-05 	1
31.625 	0.000275715 	5.07129e-05 	1
31.6875 	0.000192172 	9.45277e-05 	1
31.75 	0.000402288 	7.47219e-05 	1
31.8125 	0.000309394 	7.48924e-05 	1
31.875 	0.000234779 	6.23055e-05 	2
32.0 	0.000353813 	7.73014e-05 	1
32.125 	0.00041004 	7.18679e-05 	1
32.1875 	0.000277114 	7.54844e-05 	2
32.25 	0.000354246 	6.56533e-05 	1
32.3125 	0.000136698 	5.7292e-05 	1
32.4375 	0.000282602 	9.34564e-05 	1
32.5 	0.000442388 	7.51507e-05 	1
32.625 	0.000440693 	7.48705e-05 	1
32.6875 	0.000226236 	9.62081e-05 	1
32.75 	0.000192183 	6.57834e-05 	1
32.8125 	0.00046386 	7.05399e-05 	1
32.875 	0.000367761 	6.12535e-05 	1
32.9375 	0.000223135 	7.41852e-05 	1
33.0 	0.000288081 	9.18272e-05 	1
33.0625 	0.000358161 	7.14372e-05 	1
33.125 	0.000264669 	9.39712e-05 	1
33.1875 	0.000185538 	6.89608e-05 	2
33.25 	0.000284747 	4.64774e-05 	1
33.3125 	0.000223624 	6.35486e-05 	1
33.375 	0.000287638 	9.43639e-05 	1
33.4375 	0.000125745 	1.72431e-05 	1
33.625 	0.00033862 	7.59209e-05 	1
33.6875 	0.000441008 	8.22e-05 	1
33.75 	0.000170968 	9.3565e-05 	1
33.875 	0.000367838 	6.78839e-05 	1
33.9375 	0.000263314 	7.18356e-05 	1
34.0625 	0.000245229 	7.31901e-05 	1
34.125 	0.000363566 	6.95332e-05 	1
34.1875 	0.000276569 	7.61138e-05 	1
34.25 	0.000183746 	7.88909e-05 	1
34.3125 	0.000458383 	9.82358e-05 	1
34.375 	0.000220314 	5.91728e-05 	2
34.4375 	0.000362799 	4.26267e-05 	1
34.5 	0.00035571 	7.97327e-05 	1
34.5625 	0.00051559 	9.39918e-05 	1
34.625 	0.000371613 	6.21642e-05 	1
34.6875 	0.000265402 	5.34273e-05 	1
34.75 	0.000158006 	4.8798e-05 	1
34.875 	0.000318514 	7.45382e-05 	1
34.9375 	0.00027792 	5.69926e-05 	1
35.0625 	0.000374452 	9.17073e-05 	1
35.125 	0.000369113 	6.28317e-05 	1
35.25 	0.000301144 	4.4629e-05 	1
35.3125 	0.000152153 	7.87252e-05 	2
35.375 	0.000168516 	6.47534e-05 	4
35.5625 	0.000245314 	7.7064e-05 	3
35.625 	0.000183507 	8.95868e-05 	1
35.6875 	0.00018946 	5.33414e-05 	1
35.75 	0.000126614 	7.76009e-05 	1
35.8125 	0.000200491 	9.41021e-05 	1
35.875 	0.000289971 	8.25246e-05 	1
35.9375 	0.000505037 	7.48567e-05 	1
36.0 	0.000173256 	9.70935e-05 	1
36.125 	0.000278849 	6.59234e-05 	2
36.25 	0.000183154 	7.91448e-05 	1
36.4375 	0.000142552 	3.97381e-05 	1
36.5 	0.000346937 	7.51255e-05 	1
36.5625 	0.000197978 	6.4756e-05 	2
36.625 	0.00014661 	7.92309e-05 	1
36.6875 	0.000202234 	5.1969e-05 	1
36.8125 	0.000242218 	6.24359e-05 	2
36.875 	0.000248763 	7.1663e-05 	1
37.0625 	0.000208644 	6.10568e-05 	1
37.125 	0.000253498 	7.38809e-05 	1
37.1875 	0.000151996 	6.00339e-05 	1
37.25 	0.000294173 	6.3116e-05 	1
37.3125 	0.000241017 	8.35617e-05 	1
37.375 	0.000209042 	6.29313e-05 	1
37.4375 	0.00020398 	6.33835e-05 	2
37.5 	0.000250777 	7.37427e-05 	2
37.5625 	0.000215832 	8.46256e-05 	2
37.625 	0.00034785 	7.95263e-05 	1
37.75 	0.000110111 	6.7601e-05 	1
37.8125 	0.000257953 	7.66466e-05 	1
37.9375 	0.000347256 	9.10522e-05 	1
38.0 	0.000270525 	7.66468e-05 	1
38.0625 	0.000379596 	8.63778e-05 	1
38.125 	0.000293582 	8.72022e-05 	1
38.1875 	0.000250546 	6.4402e-05 	1
38.25 	0.000205478 	7.26754e-05 	2
38.3125 	0.000262674 	6.15868e-05 	1
38.375 	0.000414406 	8.23185e-05 	1
38.4375 	0.000274203 	7.65327e-05 	2
38.5625 	0.000139581 	5.57919e-05 	1
38.6875 	0.000271752 	8.68904e-05 	2
38.8125 	0.000186571 	6.73278e-05 	1
38.875 	0.000424968 	7.63212e-05 	1
38.9375 	0.000210055 	5.80151e-05 	2
39.0 	0.00027073 	9.26186e-05 	3
39.0625 	0.000124473 	2.42025e-05 	1
39.125 	0.000268223 	8.25034e-05 	1
39.1875 	0.000197659 	6.5483e-05 	1
39.25 	0.000235763 	9.57966e-05 	2
39.3125 	0.000322308 	9.50782e-05 	1
39.5 	0.000365025 	8.21718e-05 	1
39.5625 	0.000185188 	6.42097e-05 	1
39.625 	0.000165497 	6.84907e-05 	1
39.6875 	0.00020646 	6.53846e-05 	2
39.75 	0.000390896 	7.53898e-05 	1
39.8125 	0.000284566 	6.50762e-05 	1
39.875 	0.000226822 	9.03382e-05 	1
39.9375 	0.000267096 	6.96651e-05 	2
40.0 	0.000169897 	7.0866e-05 	1
40.125 	0.000259013 	6.02382e-05 	1
40.25 	0.000370522 	7.00687e-05 	1
40.3125 	0.000341376 	6.00399e-05 	1
40.4375 	0.000310924 	6.66648e-05 	2
40.5 	0.00046007 	7.23704e-05 	1
40.5625 	0.000189819 	7.41814e-05 	1
40.625 	0.000284329 	9.64731e-05 	1
40.8125 	0.000132465 	7.23343e-05 	1
40.9375 	0.000138582 	7.22408e-05 	1
41.125 	0.000328576 	4.77213e-05 	1
41.1875 	0.000329216 	6.81735e-05 	1
41.25 	0.000149602 	5.88416e-05 	1
41.3125 	0.000139103 	7.14959e-05 	1
41.4375 	0.000326293 	4.98086e-05 	1
41.5 	0.000331191 	8.48757e-05 	1
41.5625 	0.000566566 	7.45674e-05 	2
41.625 	0.000114713 	3.87451e-05 	1
41.6875 	0.000385231 	8.26216e-05 	1
41.8125 	0.000201134 	3.8759e-05 	1
41.875 	0.000347362 	9.88757e-05 	1
41.9375 	0.000244001 	7.1058e-05 	1
42.0 	0.000467497 	9.39786e-05 	1
42.125 	0.000348192 	7.3143e-05 	1
42.25 	0.00017523 	6.47352e-05 	2
42.5 	0.000364884 	7.93802e-05 	1
42.6875 	0.000302138 	7.17132e-05 	2
42.8125 	0.000106956 	4.76583e-05 	1
42.875 	0.000179145 	6.49257e-05 	1
42.9375 	0.000170581 	5.7045e-05 	1
43.0 	0.000359268 	6.42746e-05 	1
43.0625 	0.000273618 	6.80895e-05 	1
43.125 	0.000218261 	6.40627e-05 	1
43.1875 	0.000405574 	7.16992e-05 	1
43.3125 	0.000424599 	8.45054e-05 	1
43.375 	0.000403244 	8.03064e-05 	1
43.6875 	0.00014927 	8.71937e-05 	1
43.75 	0.000454965 	7.59344e-05 	1
43.8125 	0.000330333 	6.72776e-05 	1
43.9375 	0.000217849 	8.10317e-05 	1
44.0 	0.000263259 	2.94678e-05 	1
44.0625 	0.000163555 	6.03319e-05 	1
44.125 	0.000175957 	9.97936e-05 	1
44.1875 	0.00012739 	7.23006e-05 	1
44.25 	0.00022429 	7.93702e-05 	1
44.3125 	0.000293941 	8.25412e-05 	1
44.375 	0.000293624 	7.56423e-05 	1
44.4375 	0.000325516 	7.66699e-05 	1
44.5625 	0.000265878 	5.80042e-05 	1
44.625 	0.000268262 	9.51181e-05 	1
44.6875 	0.000217017 	7.43396e-05 	1
44.75 	0.000389815 	9.18411e-05 	1
44.8125 	0.000189167 	6.42269e-05 	1
44.875 	0.00014731 	3.98884e-05 	1
44.9375 	0.000442988 	4.81413e-05 	1
45.0 	0.000324173 	7.99494e-05 	1
45.0625 	0.000249051 	8.04872e-05 	1
45.1875 	0.000189052 	5.89949e-05 	1
45.3125 	0.00013761 	5.4618e-05 	1
45.375 	0.00013341 	5.00927e-05 	1
45.5 	0.000269045 	8.99123e-05 	1
45.5625 	0.000216732 	4.95395e-05 	1
45.625 	0.000231064 	7.96605e-05 	1
45.6875 	0.000134597 	6.17435e-05 	1
45.75 	0.000219569 	8.78114e-05 	2
45.875 	0.00011914 	5.55127e-05 	1
45.9375 	0.000201827 	8.51979e-05 	1
46.0 	0.00015575 	7.72423e-05 	1
46.0625 	0.000190044 	8.64082e-05 	1
46.125 	0.000283049 	9.90749e-05 	1
46.3125 	0.00023005 	5.21984e-05 	1
46.375 	0.000298266 	6.89294e-05 	1
46.5625 	0.000239447 	9.74081e-05 	1
46.625 	0.000297628 	7.45746e-05 	1
46.6875 	0.000143341 	8.84061e-05 	1
46.75 	0.00048939 	8.55328e-05 	1
46.8125 	0.000202313 	7.91013e-05 	1
46.875 	0.000182121 	7.72502e-05 	1
47.0 	0.000224728 	5.70761e-05 	1
47.0625 	0.000178709 	6.3632e-05 	1
47.125 	0.000277374 	6.33975e-05 	1
47.1875 	0.000273668 	8.35609e-05 	1
47.25 	0.000111011 	6.51287e-05 	2
47.3125 	0.000284029 	7.86182e-05 	2
47.375 	0.000275756 	7.11164e-05 	1
47.5 	0.000145547 	4.25334e-05 	1
47.5625 	0.000210654 	7.18405e-05 	1
47.625 	0.000238525 	4.30671e-05 	1
47.6875 	0.000122901 	3.82488e-05 	1
47.8125 	0.000224361 	9.15857e-05 	1
47.875 	0.000188855 	5.78608e-05 	1
48.0 	0.000252378 	7.06918e-05 	1
48.0625 	0.000280298 	5.49259e-05 	1
48.1875 	0.000230746 	5.9067e-05 	1
48.25 	0.000170829 	4.91105e-05 	1
48.3125 	0.000271687 	6.8516e-05 	1
48.4375 	0.000352887 	7.11108e-05 	1
48.5 	0.000503359 	9.43533e-05 	1
48.5625 	0.000269223 	7.53252e-05 	1
48.75 	0.000423892 	5.58177e-05 	1
48.8125 	0.000153942 	5.91001e-05 	1
48.9375 	0.000202443 	6.26194e-05 	2
49.0 	0.000192581 	5.25831e-05 	2
49.125 	0.000277085 	7.5763e-05 	1
49.1875 	0.000547341 	9.45358e-05 	1
49.25 	0.000454516 	7.22948e-05 	1
49.3125 	0.000154902 	5.97803e-05 	2
49.375 	0.000253091 	6.93575e-05 	1
49.4375 	0.000180367 	6.69682e-05 	2
49.5 	0.000192525 	6.29479e-05 	1
49.5625 	0.000165729 	5.504e-05 	1
49.625 	0.00022887 	7.96751e-05 	1
49.6875 	0.000170976 	7.30444e-05 	1
49.75 	0.000128604 	4.61269e-05 	1
50.0625 	0.000229705 	7.20654e-05 	1
50.125 	0.000241289 	8.15417e-05 	1
50.25 	0.000427423 	7.62391e-05 	1
50.3125 	0.00020011 	8.52528e-05 	1
50.375 	0.000126682 	9.27625e-05 	2
50.4375 	0.00027302 	8.22001e-05 	1
50.5 	0.000177198 	6.18486e-05 	1
50.5625 	0.000254467 	5.6465e-05 	1
50.625 	0.000505721 	7.93179e-05 	1
50.75 	0.000276824 	7.26416e-05 	1
50.8125 	0.000161087 	9.0225e-05 	1
50.875 	0.000161982 	5.82693e-05 	1
50.9375 	0.000318676 	8.31561e-05 	1
51.0 	0.000127417 	7.08551e-05 	1
51.0625 	0.000242177 	3.5952e-05 	1
51.125 	0.000293536 	9.36126e-05 	2
51.1875 	0.000157308 	4.10964e-05 	1
51.25 	0.000227317 	8.90557e-05 	1
51.3125 	0.000450037 	8.37018e-05 	1
51.375 	0.000243478 	4.95594e-05 	1
51.4375 	0.000209862 	7.09498e-05 	1
51.5 	0.000194578 	3.97452e-05 	1
51.5625 	0.000297689 	8.82071e-05 	1
51.625 	0.000393398 	9.0263e-05 	1
51.6875 	0.000405627 	6.57851e-05 	1
51.8125 	0.000105759 	4.49864e-05 	1
51.875 	0.000121343 	5.82093e-05 	1
52.0 	0.00016017 	3.67995e-05 	1
52.0625 	0.00010257 	5.82877e-05 	1
52.1875 	0.000157557 	6.20126e-05 	1
52.3125 	0.000428136 	6.58026e-05 	1
52.375 	0.000218397 	8.24092e-05 	1
52.4375 	0.000279385 	7.14025e-05 	2
52.5 	0.000258995 	6.50878e-05 	1
52.625 	0.000420106 	7.71297e-05 	1
52.6875 	0.000300991 	9.77908e-05 	3
52.75 	0.000347803 	6.58392e-05 	1
52.8125 	0.000524786 	9.80462e-05 	1
52.875 	0.000181278 	5.11879e-05 	1
52.9375 	0.000276594 	9.76539e-05 	1
53.0 	8.85921e-05 	8.85921e-05 	0
53.125 	0.000345753 	9.00063e-05 	1
53.1875 	0.000266163 	7.60756e-05 	1
53.25 	0.000399126 	8.01988e-05 	1
53.3125 	0.000446379 	7.63665e-05 	1
53.375 	0.000318181 	8.80881e-05 	1
53.5 	0.000212588 	7.567e-05 	1
53.5625 	0.000108699 	5.30585e-05 	1
53.625 	0.000141764 	7.76232e-05 	1
53.6875 	0.000348549 	7.32325e-05 	1
53.75 	0.000161633 	9.91371e-05 	1
53.8125 	0.000282285 	7.88855e-05 	1
53.875 	0.000185932 	6.60026e-05 	2
54.0 	0.00028566 	6.44033e-05 	1
54.0625 	0.00050083 	7.93107e-05 	1
54.1875 	0.000181736 	8.38241e-05 	1
54.25 	0.000179229 	8.59463e-05 	1
54.3125 	0.000140643 	4.72733e-05 	1
54.375 	0.000384413 	3.71774e-05 	1
54.4375 	0.00028936 	9.55753e-05 	2
54.6875 	0.000254128 	6.9653e-05 	1
54.8125 	0.000172208 	6.85972e-05 	1
54.875 	0.000407879 	7.60905e-05 	1
54.9375 	0.000242598 	9.19865e-05 	2
55.0 	0.000187701 	6.75888e-05 	2
55.0625 	0.000200034 	9.15175e-05 	1
55.125 	0.000328018 	9.10861e-05 	1
55.1875 	0.000165153 	8.19287e-05 	1
55.3125 	0.000473816 	7.07129e-05 	1
55.4375 	9.87754e-05 	9.87754e-05 	0
55.5 	0.000344263 	8.58428e-05 	1
55.625 	0.000213656 	8.68931e-05 	1
55.6875 	0.00016891 	3.21513e-05 	1
55.75 	0.00014687 	7.30815e-05 	1
55.8125 	0.00013485 	5.53007e-05 	1
55.875 	0.000216838 	6.6801e-05 	1
55.9375 	0.000310751 	6.59212e-05 	1
56.0 	0.000297135 	8.32609e-05 	1
56.0625 	0.000189344 	5.00525e-05 	1
56.1875 	0.000189683 	6.94153e-05 	1
56.3125 	0.000548949 	7.78192e-05 	1
56.375 	0.000288719 	6.82879e-05 	1
56.4375 	0.000258651 	7.14126e-05 	1
56.5625 	0.000243286 	6.67989e-05 	1
56.6875 	0.000147736 	6.30354e-05 	1
56.75 	0.000201055 	6.89921e-05 	1
56.8125 	0.000477944 	6.83792e-05 	1
56.9375 	0.00015288 	8.44044e-05 	1
57.0 	0.000403832 	7.84514e-05 	1
57.0625 	0.000143702 	3.20195e-05 	1
57.1875 	0.000167067 	5.4929e-05 	1
57.25 	0.000286821 	6.21322e-05 	1
57.3125 	0.000182639 	8.72924e-05 	1
57.375 	0.000605984 	9.65596e-05 	1
57.4375 	0.000167592 	4.70146e-05 	1
57.5 	0.000343552 	8.02657e-05 	1
57.5625 	0.000502453 	7.19512e-05 	1
57.625 	0.00020651 	7.59101e-05 	1
57.6875 	0.000474986 	6.70222e-05 	1
57.75 	0.00031824 	9.3525e-05 	1
57.8125 	0.00027726 	7.97568e-05 	1
58.0 	0.000177479 	7.4108e-05 	1
58.0625 	0.000449177 	8.02459e-05 	1
58.125 	0.000156875 	8.36573e-05 	1
58.1875 	0.000207966 	8.69532e-05 	2
58.25 	0.000305823 	9.32002e-05 	1
58.3125 	0.000281013 	7.09457e-05 	1
58.4375 	0.000196343 	6.42945e-05 	2
58.5625 	0.000424141 	5.95872e-05 	1
58.625 	0.00021165 	6.3136e-05 	2
58.6875 	0.000298557 	8.28454e-05 	1
58.8125 	0.000264435 	6.38121e-05 	1
58.875 	0.000109526 	4.8376e-05 	1
58.9375 	0.000440832 	9.44775e-05 	1
59.0 	0.000162755 	8.81961e-05 	1
59.125 	0.000197591 	6.95942e-05 	1
59.25 	0.000251424 	3.57542e-05 	1
59.3125 	0.000346593 	7.83976e-05 	1
59.375 	0.00013484 	6.44633e-05 	1
59.4375 	0.000234876 	7.96234e-05 	1
59.5 	0.00017228 	7.84862e-05 	1
59.5625 	0.000120088 	3.80224e-05 	1
59.6875 	0.000249458 	8.46795e-05 	1
59.8125 	0.000385961 	4.56003e-05 	1
59.875 	0.000343399 	8.67876e-05 	1
59.9375 	0.000379584 	7.20192e-05 	1
60.0625 	0.000277949 	8.30634e-05 	1
60.125 	0.000130869 	7.93835e-05 	1
60.375 	0.00015902 	7.61173e-05 	1
60.4375 	0.000284009 	5.06676e-05 	1
60.5625 	0.000232746 	6.29654e-05 	2
60.625 	0.000134098 	7.89931e-05 	1
60.75 	0.000282981 	6.20203e-05 	1
60.8125 	0.000299383 	3.69514e-05 	1
60.875 	0.000226038 	7.85436e-05 	1
61.0 	0.000211163 	7.00679e-05 	2
61.125 	0.000191186 	7.3799e-05 	1
61.1875 	0.000231208 	8.37623e-05 	1
61.25 	0.000467295 	7.33317e-05 	1
61.3125 	0.000361101 	7.46449e-05 	1
61.375 	0.00020646 	5.81419e-05 	1
61.4375 	0.000247483 	8.49723e-05 	1
61.5 	0.000444599 	7.11189e-05 	1
61.625 	0.000179482 	8.70328e-05 	1
61.6875 	0.000179967 	2.3502e-05 	1
61.8125 	0.000131243 	5.07622e-05 	1
61.875 	0.000378409 	7.4707e-05 	1
61.9375 	0.000287138 	6.54549e-05 	1
62.0 	0.000299344 	7.37604e-05 	1
62.125 	0.000401227 	6.79363e-05 	1
62.1875 	0.000387044 	9.20714e-05 	1
62.25 	0.000334515 	5.83455e-05 	2
62.375 	0.000313536 	7.72076e-05 	1
62.5 	0.00019434 	8.12157e-05 	2
62.5625 	0.000129417 	5.07885e-05 	1
62.6875 	0.000207521 	8.2054e-05 	2
62.75 	0.000131345 	4.58578e-05 	1
62.875 	0.000395978 	8.40378e-05 	1
62.9375 	0.000135016 	8.12602e-05 	1
63.0 	0.000309226 	6.64557e-05 	1
63.125 	0.000297526 	7.29591e-05 	2
63.25 	0.000325293 	9.05911e-05 	1
63.4375 	0.000180518 	8.01284e-05 	1
63.5625 	0.000168705 	8.09315e-05 	1
63.625 	9.36165e-05 	9.36165e-05 	0
63.8125 	0.000392294 	7.60161e-05 	2
63.9375 	0.000241352 	7.27448e-05 	2
64.0 	0.000308987 	6.99249e-05 	2
64.0625 	0.000195958 	3.40652e-05 	1
64.25 	0.000144702 	5.87215e-05 	1
64.3125 	0.000112421 	3.92469e-05 	1
64.4375 	0.000309974 	6.43249e-05 	1
64.5625 	0.000113376 	8.30255e-05 	1
64.6875 	0.000168339 	5.89851e-05 	1
64.75 	0.000280339 	7.27892e-05 	2
64.8125 	0.000124008 	9.67574e-05 	1
64.875 	0.000220751 	7.40144e-05 	3
64.9375 	0.000200582 	6.84135e-05 	1
65.0 	0.000105315 	5.85499e-05 	1
65.0625 	0.000196236 	9.04053e-05 	1
65.125 	0.000213147 	7.87734e-05 	1
65.25 	0.000282381 	9.50761e-05 	3
65.5 	0.00044208 	6.70478e-05 	1
65.625 	0.000110027 	6.09098e-05 	1
65.75 	0.000330788 	7.67368e-05 	1
65.8125 	0.000182607 	6.53178e-05 	1
65.9375 	0.00023503 	6.36154e-05 	1
66.0 	0.000115271 	2.94348e-05 	1
66.0625 	0.000233913 	7.45899e-05 	2
66.1875 	0.000253177 	9.54403e-05 	2
66.25 	0.000262885 	6.45156e-05 	2
66.3125 	0.000299499 	7.01001e-05 	2
66.375 	0.000366405 	8.0145e-05 	1
66.4375 	0.000263464 	6.83464e-05 	1
66.5 	0.000437679 	8.13836e-05 	1
66.75 	0.000101753 	4.89533e-05 	1
66.8125 	0.000302898 	5.44374e-05 	1
66.875 	0.000245763 	8.01526e-05 	1
66.9375 	0.000250027 	6.21526e-05 	1
67.0 	0.000215382 	6.97804e-05 	1
67.125 	0.000425178 	7.75196e-05 	1
67.1875 	0.000242349 	8.92496e-05 	1
67.25 	0.000170371 	5.4645e-05 	1
67.3125 	0.000240941 	8.24159e-05 	1
67.375 	0.000241107 	4.60964e-05 	1
67.4375 	0.000163132 	5.83164e-05 	2
67.5 	0.000378975 	6.14142e-05 	1
67.8125 	0.000372596 	7.52875e-05 	1
67.875 	0.000237748 	8.96335e-05 	3
67.9375 	0.000524199 	7.98518e-05 	1
68.0 	0.000139791 	6.69283e-05 	1
68.0625 	0.000126627 	5.33248e-05 	1
68.125 	0.000187947 	4.65792e-05 	1
68.1875 	0.000154409 	6.67352e-05 	2
68.25 	0.000427698 	9.46142e-05 	1
68.3125 	0.000188598 	5.83489e-05 	1
68.375 	0.0001675 	6.71938e-05 	1
68.4375 	0.000156141 	8.15987e-05 	2
68.5625 	0.000290318 	7.11731e-05 	1
68.625 	0.000158123 	8.0315e-05 	1
68.6875 	0.000216893 	5.77096e-05 	1
68.75 	0.000218903 	7.43893e-05 	2
68.8125 	0.000337896 	8.12589e-05 	1
68.9375 	0.000237818 	7.51528e-05 	1
69.0625 	0.00035963 	8.98315e-05 	3
69.125 	0.00018546 	6.03617e-05 	1
69.1875 	0.000254574 	6.62336e-05 	2
69.25 	0.00020832 	7.32848e-05 	1
69.3125 	0.000284252 	9.03082e-05 	1
69.4375 	0.000153531 	5.38682e-05 	1
69.5 	0.000235082 	5.43553e-05 	1
69.625 	0.000289784 	9.2987e-05 	2
69.75 	0.000329847 	6.46223e-05 	1
69.8125 	0.000176129 	3.38458e-05 	1
69.875 	0.000258892 	8.94434e-05 	1
69.9375 	0.000672499 	8.22043e-05 	1
