# time 	Initial 	Final 	Iterations
0.642226 	0.000126978 	8.17091e-05 	2
0.766734 	0.000143241 	8.9181e-05 	1
0.828988 	0.000115831 	8.91726e-05 	1
1.26477 	8.05468e-05 	8.05468e-05 	0
1.38927 	0.00017458 	6.30085e-05 	1
1.45153 	0.000177318 	7.99873e-05 	2
1.51378 	0.000141718 	5.70792e-05 	1
1.7628 	0.000173305 	7.5619e-05 	2
1.94956 	0.000186534 	8.01551e-05 	3
2.19857 	0.000138471 	6.28959e-05 	1
2.26083 	0.000106089 	7.11182e-05 	1
2.32308 	0.000124865 	4.26243e-05 	1
2.38534 	0.00019407 	9.76969e-05 	1
2.44759 	0.000104103 	5.48986e-05 	1
2.63435 	0.000175494 	8.63678e-05 	3
2.69661 	0.000142812 	5.2028e-05 	1
2.88337 	0.000136454 	7.63456e-05 	2
2.94562 	0.000113732 	5.90151e-05 	2
3.07013 	0.000191453 	9.82894e-05 	2
3.31914 	0.000151659 	6.54633e-05 	2
3.3814 	0.000146693 	5.52078e-05 	1
3.44365 	0.000145957 	8.12439e-05 	2
3.69267 	0.000136691 	5.41507e-05 	1
3.75492 	0.00017058 	8.94538e-05 	2
3.87943 	0.00013805 	8.06664e-05 	2
4.06619 	0.00014809 	8.32294e-05 	2
4.12845 	0.000217618 	9.98195e-05 	2
4.1907 	0.000172071 	6.73382e-05 	3
4.25295 	0.000159213 	9.6113e-05 	1
4.31521 	0.000104293 	3.82617e-05 	1
4.50197 	0.000130951 	7.96461e-05 	1
4.56422 	0.00012333 	5.72027e-05 	1
4.62648 	0.00017258 	6.11936e-05 	3
4.68873 	0.000225374 	8.64238e-05 	4
4.93775 	0.000191051 	8.58934e-05 	2
5.0 	9.29738e-05 	9.29738e-05 	0
5.0625 	0.000134783 	6.68135e-05 	2
5.125 	0.000147639 	6.60588e-05 	2
5.25 	0.000153509 	8.49251e-05 	2
5.375 	0.000150725 	7.59196e-05 	1
5.5 	0.000186743 	5.2776e-05 	3
5.5625 	0.000119857 	9.92382e-05 	1
5.625 	0.000223054 	8.35007e-05 	4
5.6875 	0.000163531 	9.63217e-05 	1
5.875 	0.000227082 	9.59292e-05 	4
5.9375 	0.000167103 	3.9254e-05 	1
6.0 	0.000171106 	7.87807e-05 	2
6.1875 	0.000166941 	9.24529e-05 	2
6.25 	0.000169276 	7.92751e-05 	1
6.4375 	0.00018312 	9.48092e-05 	2
6.75 	0.000210728 	9.93978e-05 	3
6.8125 	0.000175216 	4.4219e-05 	2
6.9375 	0.0001649 	8.26782e-05 	2
7.1875 	0.000209777 	9.27271e-05 	3
7.5625 	0.000136069 	9.43311e-05 	1
7.6875 	0.000140464 	9.2611e-05 	2
7.8125 	0.000184182 	5.29401e-05 	3
7.9375 	0.000159449 	9.43085e-05 	2
8.0 	0.000160945 	7.82129e-05 	1
8.0625 	0.000108065 	4.18537e-05 	1
8.125 	0.000184447 	9.34368e-05 	3
8.4375 	0.000148036 	7.09755e-05 	2
8.5 	0.000207403 	7.59325e-05 	4
8.5625 	0.00016847 	6.83276e-05 	1
8.8125 	0.00020616 	6.2864e-05 	3
8.9375 	0.000226708 	8.50022e-05 	4
9.0 	0.000186358 	8.94928e-05 	1
9.1875 	0.000180473 	7.87147e-05 	1
9.25 	0.000129581 	9.5617e-05 	1
9.3125 	9.8094e-05 	9.8094e-05 	0
9.375 	0.00013593 	6.25174e-05 	2
9.4375 	0.000131717 	8.46284e-05 	1
9.5625 	0.000108013 	3.32652e-05 	1
9.625 	0.00012569 	6.891e-05 	2
9.6875 	0.000192491 	9.97719e-05 	1
9.8125 	0.000155682 	8.44013e-05 	1
9.9375 	0.000155031 	7.40862e-05 	1
10.0 	0.000155784 	7.6196e-05 	2
10.3125 	0.000111525 	8.22327e-05 	1
10.625 	0.000120349 	4.87607e-05 	1
10.6875 	0.000155045 	7.80897e-05 	1
10.75 	0.000166753 	7.33134e-05 	3
10.8125 	0.000182718 	9.76762e-05 	2
10.875 	0.000196619 	9.71057e-05 	1
11.0 	0.000153373 	7.4598e-05 	2
11.0625 	0.000209241 	9.27629e-05 	3
11.1875 	0.000141068 	7.23505e-05 	1
11.6875 	8.75457e-05 	8.75457e-05 	0
11.75 	0.000141267 	7.96875e-05 	1
11.8125 	0.000190132 	8.74796e-05 	4
11.9375 	0.000164622 	6.82648e-05 	1
12.0 	0.000122725 	9.74465e-05 	1
12.1875 	0.000172437 	6.70041e-05 	3
12.3125 	0.00019117 	8.59913e-05 	1
12.375 	0.000214103 	7.27337e-05 	3
12.625 	0.000163379 	8.14373e-05 	2
12.6875 	0.000176261 	8.15965e-05 	1
12.8125 	0.000176594 	8.92578e-05 	1
12.875 	0.000140036 	5.82257e-05 	2
13.0 	0.000188865 	8.97911e-05 	1
13.0625 	0.000160806 	4.70677e-05 	1
13.1875 	0.000221698 	9.26437e-05 	2
13.25 	0.000169264 	5.49182e-05 	1
13.5625 	0.00011576 	4.06187e-05 	1
13.625 	0.00017975 	8.54018e-05 	1
13.6875 	0.000169668 	7.61378e-05 	2
14.0625 	0.000124176 	8.74439e-05 	1
14.125 	0.000130752 	7.19822e-05 	2
14.1875 	0.000145437 	7.78871e-05 	2
14.3125 	0.000161237 	9.66933e-05 	1
14.375 	0.000176106 	8.14221e-05 	2
14.4375 	0.000159037 	4.60275e-05 	3
14.5 	0.000171581 	7.33631e-05 	2
14.625 	0.000122793 	5.90829e-05 	1
14.6875 	0.000159837 	9.231e-05 	2
14.75 	0.000180683 	7.82416e-05 	2
14.8125 	0.000108413 	6.94111e-05 	1
14.9375 	0.000162386 	7.16313e-05 	1
15.0 	0.000138174 	5.95855e-05 	1
15.1875 	0.000183197 	8.58873e-05 	2
15.25 	9.64586e-05 	9.64586e-05 	0
15.3125 	0.000106763 	4.31393e-05 	1
15.375 	0.000158291 	5.91509e-05 	1
15.4375 	0.000212075 	8.12062e-05 	4
15.5 	0.000153608 	8.08602e-05 	2
15.8125 	0.000140463 	7.79734e-05 	1
15.9375 	0.000195102 	7.24407e-05 	3
16.0 	0.000177943 	5.79102e-05 	1
16.0625 	0.000150816 	8.08612e-05 	1
16.125 	0.000114913 	5.36687e-05 	1
16.1875 	0.000166789 	9.4355e-05 	2
16.25 	0.000143406 	6.68844e-05 	2
16.375 	0.000145296 	8.17152e-05 	2
16.5 	0.000142276 	5.14983e-05 	2
16.625 	0.000133116 	8.15084e-05 	2
16.8125 	0.000168131 	8.69962e-05 	2
16.9375 	0.000200678 	7.52675e-05 	4
17.25 	0.00019396 	9.89544e-05 	2
17.3125 	9.23246e-05 	9.23246e-05 	0
17.375 	8.97797e-05 	8.97797e-05 	0
17.4375 	0.000104101 	5.20094e-05 	1
17.5625 	0.000146691 	7.13776e-05 	1
17.6875 	0.000137757 	4.90975e-05 	2
18.0 	0.000166232 	9.59516e-05 	2
18.0625 	0.000178776 	9.83738e-05 	2
18.1875 	0.000104905 	5.1495e-05 	1
18.25 	0.000146265 	8.82148e-05 	2
18.375 	0.000183798 	8.19385e-05 	2
18.4375 	0.000159067 	6.95633e-05 	3
18.5625 	0.000186202 	7.63373e-05 	1
18.625 	0.000208896 	8.22183e-05 	4
18.8125 	0.000122263 	5.95694e-05 	1
18.875 	0.000146524 	9.80088e-05 	1
18.9375 	0.000185081 	8.42169e-05 	2
19.125 	0.000224668 	7.71826e-05 	5
19.4375 	0.000162509 	5.66726e-05 	3
19.5 	0.00013742 	4.54435e-05 	2
19.625 	0.000108924 	5.25125e-05 	1
19.6875 	0.000201574 	9.84624e-05 	1
19.75 	0.000148058 	7.84396e-05 	2
19.9375 	0.00014117 	5.88679e-05 	2
20.125 	0.000180831 	8.74968e-05 	2
20.1875 	0.000138743 	6.10923e-05 	2
20.375 	0.000137122 	5.29761e-05 	1
20.4375 	0.000143224 	7.78797e-05 	2
20.5 	0.000176396 	9.22279e-05 	1
20.625 	0.000177667 	7.08377e-05 	2
20.6875 	0.000179574 	8.76173e-05 	3
20.75 	0.000155063 	7.1203e-05 	2
21.0 	0.000191959 	6.41718e-05 	3
21.0625 	0.000161683 	7.36821e-05 	2
21.1875 	0.000201853 	8.46388e-05 	2
21.3125 	0.000158525 	6.61142e-05 	1
21.5625 	0.000154049 	5.50947e-05 	1
21.8125 	0.000190035 	7.27476e-05 	1
21.875 	0.000122698 	6.12199e-05 	2
21.9375 	0.000200543 	8.73015e-05 	3
22.1875 	0.000175585 	8.19847e-05 	2
22.25 	0.000136239 	4.67833e-05 	2
22.3125 	0.000214254 	7.71266e-05 	3
22.9375 	0.000109389 	5.34719e-05 	1
23.0 	0.000165514 	8.14033e-05 	1
23.125 	0.000124934 	9.00728e-05 	1
23.1875 	0.000233378 	7.7856e-05 	3
23.3125 	0.000113081 	9.25089e-05 	1
23.375 	0.000116914 	9.50657e-05 	1
23.4375 	0.000196213 	6.80239e-05 	2
23.8125 	0.000167666 	9.13911e-05 	2
24.0 	0.000137898 	5.76838e-05 	2
24.0625 	0.000184547 	9.20699e-05 	1
24.3125 	0.000120665 	8.99923e-05 	1
24.375 	0.000121268 	8.33553e-05 	2
24.4375 	9.25108e-05 	9.25108e-05 	0
24.5625 	0.000165942 	5.40911e-05 	1
24.6875 	0.000141442 	6.80909e-05 	1
24.75 	0.000224224 	9.7058e-05 	4
24.8125 	0.00017826 	8.91192e-05 	2
25.0 	0.000116324 	5.3424e-05 	2
25.0625 	0.000216447 	9.75686e-05 	3
25.125 	0.000124435 	7.54653e-05 	1
25.25 	0.000212682 	9.99913e-05 	3
25.3125 	0.000153474 	5.10658e-05 	3
25.625 	0.00015819 	6.46673e-05 	2
25.6875 	0.000201129 	9.93386e-05 	2
25.75 	0.000220999 	9.81715e-05 	3
25.8125 	0.000192928 	9.97569e-05 	1
26.0 	0.00012435 	5.45887e-05 	1
26.125 	0.00023089 	9.5695e-05 	3
26.375 	0.000132956 	5.42357e-05 	2
26.5 	0.000189345 	6.7694e-05 	2
26.625 	0.00020131 	8.41074e-05 	1
26.6875 	0.000227397 	9.17137e-05 	1
26.875 	0.000149899 	8.55601e-05 	1
26.9375 	0.000148534 	7.51427e-05 	2
27.0 	0.000207001 	9.21251e-05 	2
27.25 	0.000124428 	6.49379e-05 	1
27.3125 	0.000134093 	4.95087e-05 	1
27.625 	0.000187542 	7.00471e-05 	1
27.75 	0.000162029 	6.5676e-05 	1
28.0 	0.000186883 	6.88724e-05 	2
28.0625 	0.000140446 	5.86521e-05 	1
28.125 	0.000122305 	7.926e-05 	1
28.3125 	0.000123793 	4.14447e-05 	2
28.5 	0.00017315 	4.47614e-05 	3
28.6875 	0.000131901 	5.62068e-05 	2
28.8125 	0.000134114 	4.59451e-05 	3
28.875 	0.000199289 	8.83529e-05 	1
29.0 	0.000196042 	7.55915e-05 	4
29.0625 	0.000191826 	5.71984e-05 	2
29.125 	0.000160407 	7.1611e-05 	2
29.1875 	0.000188667 	9.99877e-05 	3
29.25 	0.000146331 	6.04402e-05 	1
29.375 	0.000124799 	5.64652e-05 	2
29.4375 	0.000148653 	6.57326e-05 	2
29.625 	8.95971e-05 	8.95971e-05 	0
29.6875 	0.000235422 	8.39919e-05 	4
29.75 	0.000185095 	9.62163e-05 	1
29.9375 	0.000204082 	8.84338e-05 	1
30.125 	0.000155053 	9.16201e-05 	1
30.25 	0.000177009 	8.09371e-05 	4
30.3125 	8.9878e-05 	8.9878e-05 	0
30.375 	0.00011378 	8.68042e-05 	1
30.4375 	0.000162196 	7.95567e-05 	1
30.5 	0.000105251 	6.89806e-05 	1
30.5625 	0.000181061 	5.88629e-05 	1
30.9375 	0.000159008 	9.11153e-05 	2
31.1875 	0.000143111 	7.00084e-05 	1
31.25 	0.000206968 	8.47603e-05 	4
31.375 	9.32573e-05 	9.32573e-05 	0
31.625 	0.000194712 	8.62654e-05 	3
31.75 	0.000195079 	7.68843e-05 	3
31.8125 	0.000200971 	9.4782e-05 	2
31.875 	0.000134288 	4.45032e-05 	1
32.0 	0.000173386 	5.55195e-05 	3
32.125 	0.000231349 	8.7308e-05 	3
32.1875 	0.000127585 	5.41958e-05 	2
32.25 	0.000160018 	9.65332e-05 	2
32.3125 	0.000208603 	9.10221e-05 	3
32.4375 	0.000116004 	5.86979e-05 	1
32.5 	0.000149683 	3.0987e-05 	1
32.625 	0.000160388 	6.93451e-05 	2
32.6875 	9.87743e-05 	9.87743e-05 	0
32.75 	0.000138366 	7.57507e-05 	2
32.8125 	0.000193238 	7.62243e-05 	1
32.875 	0.00011683 	8.57398e-05 	1
33.0 	0.000180107 	9.05342e-05 	2
33.0625 	0.000134558 	6.88285e-05 	2
33.125 	0.000118575 	6.33325e-05 	1
33.3125 	0.000117022 	5.79413e-05 	1
33.375 	0.000135502 	6.44859e-05 	2
33.4375 	0.000110576 	8.93496e-05 	1
33.625 	0.000155681 	8.35998e-05 	2
33.6875 	0.000218699 	8.57781e-05 	2
33.875 	0.000222144 	6.13059e-05 	3
33.9375 	0.000209907 	6.81863e-05 	2
34.125 	0.000166552 	8.99889e-05 	1
34.1875 	0.000192447 	8.64545e-05 	4
34.25 	0.000132048 	5.71247e-05 	1
34.3125 	0.00020781 	8.66384e-05 	3
34.375 	0.000139039 	5.94557e-05 	2
34.5 	0.000125193 	9.61377e-05 	1
34.5625 	0.000139234 	7.87444e-05 	2
34.625 	0.000154656 	9.10043e-05 	1
34.6875 	0.00020447 	9.56278e-05 	3
34.875 	0.000156747 	7.18266e-05 	2
34.9375 	0.000101626 	3.12819e-05 	1
35.0625 	0.000110475 	6.76531e-05 	1
35.125 	0.000191567 	8.12911e-05 	1
35.25 	0.00014427 	7.75122e-05 	1
35.3125 	0.000122634 	9.37861e-05 	1
35.375 	0.00010725 	6.10552e-05 	1
35.625 	0.000169716 	6.71885e-05 	3
35.6875 	0.000115407 	5.56485e-05 	1
35.75 	0.000222835 	6.87109e-05 	3
35.8125 	0.000120381 	4.08305e-05 	1
35.875 	0.000205049 	9.6795e-05 	2
35.9375 	0.000172371 	6.83751e-05 	3
36.0 	0.000192797 	4.9626e-05 	3
36.125 	0.000137927 	7.11335e-05 	2
36.25 	0.00015244 	4.24964e-05 	1
36.4375 	0.000195746 	7.33995e-05 	1
36.5 	0.000194445 	9.52216e-05 	3
36.8125 	0.000204892 	9.9277e-05 	2
36.875 	0.000158813 	7.66603e-05 	2
37.125 	0.000157683 	6.34973e-05 	1
37.1875 	0.000113281 	7.42706e-05 	1
37.3125 	0.000182647 	9.64737e-05 	2
37.4375 	0.00016245 	8.31388e-05 	1
37.5 	8.52159e-05 	8.52159e-05 	0
37.5625 	0.000171207 	8.94342e-05 	1
37.75 	0.000143921 	8.31927e-05 	1
37.9375 	0.00012355 	8.68995e-05 	1
38.0 	0.000236633 	8.20356e-05 	4
38.0625 	0.000201755 	8.95925e-05 	3
38.125 	0.000190544 	9.95011e-05 	1
38.25 	0.000181353 	8.26728e-05 	1
38.3125 	0.000120505 	6.82166e-05 	1
38.4375 	0.00011069 	8.44322e-05 	1
38.5625 	0.000211945 	7.98348e-05 	1
38.6875 	0.000208652 	8.49914e-05 	4
38.875 	0.000185174 	7.0601e-05 	1
38.9375 	0.000134995 	5.74156e-05 	1
39.0 	0.00014065 	7.71707e-05 	2
39.0625 	0.000152419 	9.05853e-05 	1
39.1875 	0.000107477 	5.14753e-05 	1
39.25 	9.41436e-05 	9.41436e-05 	0
39.3125 	0.000131299 	9.6433e-05 	1
39.5625 	0.000104315 	6.5038e-05 	1
39.625 	0.000203181 	9.8536e-05 	3
39.6875 	0.000206479 	8.22626e-05 	3
39.75 	0.000191564 	4.16345e-05 	2
39.875 	0.000190766 	9.15013e-05 	3
39.9375 	0.000168033 	9.34243e-05 	2
40.0 	0.0001771 	8.48688e-05 	2
40.125 	0.000121757 	7.40741e-05 	1
40.25 	0.00016304 	8.10022e-05 	1
40.3125 	0.000101886 	4.93104e-05 	1
40.4375 	0.000119114 	7.57307e-05 	2
40.5 	0.000148429 	2.99618e-05 	1
40.5625 	0.00017742 	8.35016e-05 	3
40.625 	0.000158121 	7.23852e-05 	2
40.8125 	0.000150471 	5.1979e-05 	1
40.9375 	0.000119375 	3.56807e-05 	1
41.125 	0.000189251 	9.4717e-05 	2
41.1875 	0.00017053 	5.85966e-05 	3
41.25 	0.000172224 	7.28512e-05 	2
41.3125 	0.000211168 	8.11456e-05 	3
41.4375 	0.000144879 	5.38544e-05 	1
41.5 	0.00021272 	9.51196e-05 	2
41.6875 	0.000207433 	9.36577e-05 	2
41.8125 	0.000203198 	8.54475e-05 	4
41.9375 	0.000198127 	6.77944e-05 	3
42.0 	0.000199108 	8.47055e-05 	4
42.25 	0.000164195 	8.78628e-05 	2
42.5 	0.000150187 	9.58334e-05 	1
42.6875 	0.000118898 	8.70822e-05 	1
42.8125 	0.000149674 	8.51491e-05 	2
42.875 	0.000192018 	6.85086e-05 	2
42.9375 	0.000145541 	8.68021e-05 	1
43.0 	0.000160561 	6.99437e-05 	2
43.0625 	0.00015783 	6.14991e-05 	1
43.1875 	0.000145103 	9.17779e-05 	2
43.3125 	8.3046e-05 	8.3046e-05 	0
43.375 	0.000129 	5.09451e-05 	2
43.9375 	8.21398e-05 	8.21398e-05 	0
44.0 	0.000156498 	5.54348e-05 	3
44.125 	0.000155603 	6.79262e-05 	2
44.25 	0.000160477 	7.71459e-05 	2
44.3125 	0.000141606 	9.73972e-05 	2
44.4375 	0.000215188 	8.83356e-05 	3
44.5625 	0.000164925 	6.95481e-05 	3
44.6875 	0.000179638 	9.85762e-05 	2
44.8125 	0.000202855 	9.66988e-05 	2
44.875 	0.000160085 	6.44215e-05 	1
44.9375 	0.000148369 	7.66279e-05 	2
45.0 	0.000214181 	8.31162e-05 	4
45.1875 	0.000153325 	7.76232e-05 	1
45.3125 	0.000148916 	5.21472e-05 	1
45.5 	0.00010621 	4.30905e-05 	1
45.625 	0.000137537 	9.42007e-05 	1
45.6875 	0.000119464 	6.68656e-05 	2
45.75 	0.000185063 	5.2957e-05 	1
46.0 	0.000220202 	8.26153e-05 	4
46.0625 	0.000259129 	7.56066e-05 	6
46.3125 	0.000178045 	5.53845e-05 	3
46.5625 	0.00015843 	6.00329e-05 	1
46.625 	0.000109014 	7.50013e-05 	2
46.6875 	0.000144101 	8.64742e-05 	1
46.75 	0.000243992 	7.44499e-05 	5
47.0 	0.000117326 	6.80666e-05 	1
47.0625 	0.000124641 	9.84594e-05 	1
47.125 	0.000128877 	4.06834e-05 	1
47.25 	0.000147268 	7.39539e-05 	1
47.375 	0.000153679 	9.88512e-05 	2
47.5 	0.000203159 	8.83328e-05 	3
47.5625 	0.000123452 	6.32154e-05 	1
47.625 	0.000165034 	6.35747e-05 	1
47.8125 	0.000169441 	9.63819e-05 	2
48.0625 	0.000149948 	7.71449e-05 	1
48.1875 	0.000111559 	5.53869e-05 	1
48.25 	0.000206581 	5.18311e-05 	3
48.3125 	0.000116171 	5.56454e-05 	1
48.4375 	0.000131124 	7.53012e-05 	2
48.5625 	0.000180621 	8.06174e-05 	2
48.75 	0.00018614 	9.50402e-05 	2
48.8125 	0.000149243 	7.7514e-05 	2
48.9375 	0.000143271 	9.76294e-05 	2
49.0 	0.000228939 	9.79266e-05 	4
49.3125 	0.000110683 	6.66702e-05 	1
49.375 	0.000147084 	5.80889e-05 	1
49.4375 	0.000145007 	6.04918e-05 	1
49.5625 	0.000127662 	8.60122e-05 	1
49.6875 	0.000187988 	9.69081e-05 	2
49.75 	0.000142206 	5.21095e-05 	2
50.0625 	0.00014975 	8.02449e-05 	1
50.25 	0.000117061 	4.72194e-05 	1
50.3125 	0.00015806 	5.93445e-05 	1
50.375 	8.27774e-05 	8.27774e-05 	0
50.4375 	0.000198651 	7.58065e-05 	2
50.5625 	0.000210641 	9.7057e-05 	2
50.625 	0.000128806 	6.45439e-05 	2
50.75 	0.000181539 	9.35805e-05 	3
50.8125 	0.000130627 	6.64918e-05 	2
50.875 	0.000154318 	8.40659e-05 	2
50.9375 	0.000155747 	9.16322e-05 	2
51.0 	0.000166756 	7.67057e-05 	2
51.125 	0.00010301 	4.98265e-05 	1
51.1875 	0.00010113 	5.73358e-05 	1
51.25 	0.000165644 	9.17954e-05 	1
51.375 	0.000178037 	7.70493e-05 	2
51.4375 	9.22837e-05 	9.22837e-05 	0
51.5 	0.000204935 	8.90414e-05 	3
51.625 	0.000107782 	3.14615e-05 	1
51.8125 	0.000109166 	6.24623e-05 	1
52.0625 	0.000190475 	8.27643e-05 	2
52.1875 	0.000156348 	9.06301e-05 	2
52.3125 	0.000190868 	8.203e-05 	1
52.5 	0.000199181 	9.08718e-05 	2
52.75 	0.000189359 	9.58281e-05 	1
52.8125 	0.000168153 	7.39168e-05 	3
52.9375 	0.000215373 	9.22998e-05 	4
53.1875 	0.000108255 	5.82164e-05 	1
53.25 	0.000152229 	5.05002e-05 	2
53.5 	0.00017283 	7.77557e-05 	1
53.5625 	0.000103969 	4.288e-05 	1
53.625 	0.000179194 	7.23062e-05 	3
53.6875 	0.000128792 	4.05806e-05 	1
53.75 	0.000237147 	9.25215e-05 	4
53.875 	0.000185806 	5.69489e-05 	1
54.0 	0.000132842 	5.63659e-05 	2
54.0625 	0.000229737 	8.89379e-05 	1
54.1875 	0.000129453 	9.25809e-05 	1
54.25 	6.85537e-05 	6.85537e-05 	0
54.3125 	0.000175476 	5.68459e-05 	3
54.375 	0.000182845 	6.02681e-05 	3
54.4375 	0.00016621 	9.30635e-05 	2
54.6875 	0.000199183 	8.46205e-05 	1
54.8125 	0.000139546 	8.72224e-05 	1
54.875 	0.000123895 	7.008e-05 	1
54.9375 	0.000148175 	4.78125e-05 	1
55.0 	0.000185412 	9.14221e-05 	2
55.3125 	0.000110902 	5.30778e-05 	1
55.4375 	0.000103725 	8.63935e-05 	1
55.5 	0.000130404 	6.35424e-05 	2
55.75 	0.000188883 	8.73823e-05 	2
55.9375 	0.000193886 	7.62339e-05 	3
56.0 	0.000172241 	8.64357e-05 	2
56.0625 	0.000147412 	3.8599e-05 	1
56.3125 	0.000222288 	8.03283e-05 	4
56.375 	9.34037e-05 	9.34037e-05 	0
56.4375 	0.000129616 	6.5714e-05 	2
56.5625 	6.84339e-05 	6.84339e-05 	0
56.6875 	0.000205576 	9.23343e-05 	1
56.75 	0.000186375 	7.23237e-05 	3
57.0 	0.000162303 	5.56265e-05 	2
57.0625 	0.000177233 	6.59312e-05 	4
57.1875 	0.000141835 	8.75834e-05 	2
57.25 	0.000150916 	8.48817e-05 	2
57.3125 	0.000189746 	8.39639e-05 	3
57.4375 	0.00014263 	9.6619e-05 	1
57.6875 	0.000236534 	7.99232e-05 	4
57.8125 	0.000162965 	7.64088e-05 	1
58.125 	0.000119057 	5.70355e-05 	1
58.1875 	0.000202764 	9.27817e-05 	2
58.25 	0.000195512 	7.53135e-05 	3
58.3125 	0.000105987 	4.50431e-05 	1
58.4375 	0.000153494 	8.54412e-05 	2
58.5625 	0.000158709 	9.76205e-05 	1
58.8125 	0.000138615 	7.34295e-05 	2
58.875 	0.00020291 	7.38804e-05 	3
59.0 	0.000125595 	6.71922e-05 	1
59.125 	0.000131336 	5.71472e-05 	2
59.25 	0.00016495 	9.03316e-05 	2
59.3125 	0.000228262 	8.44777e-05 	4
59.375 	0.000162379 	7.21545e-05 	2
59.5 	0.000187657 	9.82447e-05 	2
59.6875 	0.000213153 	9.57835e-05 	3
59.8125 	0.000115612 	5.93921e-05 	1
60.4375 	0.00019088 	8.4444e-05 	4
60.5625 	0.000160725 	9.47186e-05 	1
60.625 	0.000159582 	9.27728e-05 	2
60.875 	0.000190513 	7.49924e-05 	1
61.0 	0.000155115 	8.62833e-05 	2
61.125 	0.000117074 	8.56957e-05 	1
61.4375 	0.00018786 	9.00208e-05 	1
61.625 	0.000112783 	7.02241e-05 	1
61.6875 	0.000139086 	8.88434e-05 	1
61.8125 	9.67977e-05 	9.67977e-05 	0
61.9375 	0.000216967 	6.76079e-05 	4
62.1875 	0.000123345 	8.653e-05 	1
62.25 	0.000163181 	7.71661e-05 	1
62.375 	0.000183396 	9.54292e-05 	1
62.5 	0.00016926 	8.51255e-05 	1
62.5625 	0.000112433 	6.64765e-05 	1
62.875 	0.000170384 	7.48383e-05 	2
62.9375 	0.0001499 	6.73768e-05 	2
63.0 	0.000154103 	7.89484e-05 	2
63.25 	9.9601e-05 	9.9601e-05 	0
63.4375 	0.000139866 	7.2249e-05 	1
63.5625 	0.000121337 	9.83841e-05 	1
63.8125 	0.000154835 	5.81503e-05 	3
63.9375 	9.84811e-05 	9.84811e-05 	0
64.0 	0.000222862 	8.40302e-05 	4
64.25 	0.000137669 	5.06747e-05 	2
64.4375 	0.00024975 	9.7827e-05 	3
64.5625 	0.00014691 	4.7448e-05 	1
64.6875 	0.000120668 	6.44692e-05 	1
64.75 	0.000197422 	8.71771e-05 	1
64.8125 	0.000160393 	9.14112e-05 	1
64.875 	0.000102204 	7.39385e-05 	1
64.9375 	0.000214174 	8.05787e-05 	3
65.0 	0.000201663 	6.06082e-05 	1
65.0625 	0.000169852 	8.25787e-05 	1
65.125 	0.00015656 	8.64212e-05 	1
65.625 	0.000170536 	9.73207e-05 	1
65.8125 	0.000118713 	9.1799e-05 	1
65.9375 	8.81516e-05 	8.81516e-05 	0
66.0 	0.000188009 	9.14119e-05 	1
66.0625 	0.000184983 	8.07995e-05 	1
66.3125 	0.000164184 	7.42736e-05 	1
66.5 	0.000213939 	9.62569e-05 	4
66.75 	0.000116698 	7.02883e-05 	1
66.8125 	0.000127912 	7.24825e-05 	2
66.9375 	8.28898e-05 	8.28898e-05 	0
67.25 	0.000169519 	7.81478e-05 	2
67.4375 	0.000125557 	4.84004e-05 	2
67.5 	0.000214865 	8.08743e-05 	3
67.8125 	0.00016015 	9.12235e-05 	2
67.875 	0.000192834 	7.44365e-05 	3
67.9375 	0.000140699 	4.58017e-05 	3
68.0 	0.000210319 	7.0593e-05 	4
68.125 	0.00012 	9.66314e-05 	1
68.1875 	0.000130474 	8.76214e-05 	1
68.3125 	0.000211401 	8.59274e-05 	1
68.4375 	0.000203389 	8.36855e-05 	3
68.5625 	0.000164784 	7.61486e-05 	1
68.6875 	0.000175096 	9.92652e-05 	2
68.75 	0.00014153 	6.0471e-05 	1
68.8125 	0.000118655 	9.74201e-05 	1
68.9375 	0.000113496 	5.88128e-05 	1
69.125 	0.000133502 	5.34984e-05 	1
69.1875 	0.000163715 	8.20458e-05 	1
69.25 	0.000119811 	6.34338e-05 	2
69.3125 	0.000135552 	8.80042e-05 	1
69.4375 	0.000202921 	7.87674e-05 	4
69.5 	0.000193465 	9.94931e-05 	3
69.75 	0.00013219 	8.4371e-05 	1
69.8125 	0.000183914 	7.27574e-05 	4
69.875 	0.000119076 	4.86108e-05 	2
69.9375 	0.000205019 	7.86652e-05 	1
