# time 	Initial 	Final 	Iterations
1.2e-06 	7.15864e-05 	7.15864e-05 	0
2.64e-06 	9.99862e-05 	9.99862e-05 	0
4.368e-06 	4.21376e-05 	4.21376e-05 	0
6.4416e-06 	7.87797e-05 	7.87797e-05 	0
8.92992e-06 	9.25464e-05 	9.25464e-05 	0
1.19159e-05 	7.24534e-05 	7.24534e-05 	0
1.54991e-05 	7.1245e-05 	7.1245e-05 	0
1.97989e-05 	7.00922e-05 	7.00922e-05 	0
2.49587e-05 	4.36777e-05 	4.36777e-05 	0
3.11504e-05 	7.19513e-05 	7.19513e-05 	0
3.85805e-05 	8.22503e-05 	8.22503e-05 	0
4.74965e-05 	7.81097e-05 	7.81097e-05 	0
5.81958e-05 	7.70315e-05 	7.70315e-05 	0
7.1035e-05 	9.285e-05 	9.285e-05 	0
8.6442e-05 	7.58047e-05 	7.58047e-05 	0
0.00010493 	6.23131e-05 	6.23131e-05 	0
0.000127116 	6.99979e-05 	6.99979e-05 	0
0.00015374 	8.91018e-05 	8.91018e-05 	0
0.000185688 	8.38254e-05 	8.38254e-05 	0
0.000224025 	8.83214e-05 	8.83214e-05 	0
0.00027003 	2.74308e-05 	2.74308e-05 	0
0.000325236 	3.02623e-05 	3.02623e-05 	0
0.000391483 	2.16144e-05 	2.16144e-05 	0
0.00047098 	6.50963e-05 	6.50963e-05 	0
0.000566376 	4.58694e-05 	4.58694e-05 	0
0.00068085 	4.63429e-05 	4.63429e-05 	0
0.000818221 	4.26827e-05 	4.26827e-05 	0
0.000983063 	4.19478e-05 	4.19478e-05 	0
0.00118087 	4.56664e-05 	4.56664e-05 	0
0.00141824 	4.18319e-05 	4.18319e-05 	0
0.0017031 	4.12554e-05 	4.12554e-05 	0
0.00204491 	5.46404e-05 	5.46404e-05 	0
0.00245508 	5.63297e-05 	5.63297e-05 	0
0.0029473 	5.14776e-05 	5.14776e-05 	0
0.00353797 	5.7409e-05 	5.7409e-05 	0
0.00424679 	6.74071e-05 	6.74071e-05 	0
0.00509742 	9.66458e-05 	9.66458e-05 	0
0.00611825 	8.93805e-05 	8.93805e-05 	0
0.00734314 	8.0684e-05 	8.0684e-05 	0
0.00881286 	0.000125762 	3.4262e-05 	1
0.0105765 	0.000185903 	3.24789e-05 	1
0.0126925 	0.000206536 	2.12236e-05 	1
0.0152319 	0.0003109 	1.42614e-05 	1
0.0182788 	0.00041687 	5.84135e-05 	1
0.0219337 	0.000536893 	1.59944e-05 	1
0.0263197 	0.000732223 	2.87821e-05 	1
0.0315829 	0.000943021 	5.80523e-05 	1
0.037896 	0.00125177 	9.82967e-05 	1
0.0454717 	0.00168278 	6.32701e-05 	1
0.0545626 	0.0021016 	1.79842e-05 	2
0.0654797 	0.00273621 	2.95504e-05 	2
0.0785686 	0.0034935 	2.26892e-05 	3
0.094292 	0.00440696 	2.20572e-05 	2
0.11316 	0.0054913 	3.74129e-05 	2
0.135784 	0.00682007 	6.2411e-05 	2
0.162959 	0.0085188 	4.43711e-05 	3
0.195641 	0.0105993 	9.60956e-05 	2
0.235021 	0.0135094 	8.30693e-05 	3
0.280839 	0.016044 	0.000149277 	2
0.333274 	0.0199996 	7.18656e-05 	3
0.392346 	0.0244989 	0.000100247 	3
0.455465 	0.0266631 	6.7089e-05 	3
0.517719 	0.0246939 	0.00012318 	3
0.579973 	0.0232366 	6.078e-05 	3
0.642226 	0.0207076 	0.000106085 	3
0.70448 	0.0178412 	0.000120022 	3
0.766734 	0.0150183 	7.54129e-05 	3
0.828988 	0.0125377 	6.97295e-05 	3
0.891242 	0.0102004 	6.14126e-05 	3
0.953496 	0.00801759 	4.7854e-05 	4
1.01575 	0.00629025 	9.14774e-05 	3
1.078 	0.00503625 	9.66114e-05 	3
1.14026 	0.0036263 	4.38264e-05 	3
1.20251 	0.00284792 	7.58486e-05 	2
1.26477 	0.00209036 	9.85126e-05 	2
1.32702 	0.00153987 	6.14669e-05 	2
1.38927 	0.00130559 	8.97386e-05 	3
1.45153 	0.00144359 	4.83596e-05 	4
1.51378 	0.000943233 	5.93995e-05 	2
1.57604 	0.000700565 	6.5897e-05 	2
1.63829 	0.000741296 	9.22874e-05 	2
1.70054 	0.000576674 	9.25624e-05 	1
1.7628 	0.000982103 	7.55685e-05 	8
1.82505 	0.000663967 	7.00317e-05 	3
1.8873 	0.000456846 	8.48703e-05 	1
1.94956 	0.000304495 	3.15185e-05 	2
2.01181 	0.000407153 	8.0845e-05 	1
2.07407 	0.000535274 	9.6985e-05 	4
2.13632 	0.000646615 	7.75965e-05 	3
2.19857 	0.000558338 	6.56708e-05 	3
2.26083 	0.000697781 	7.04206e-05 	3
2.32308 	0.000510376 	4.79543e-05 	2
2.38534 	0.000526935 	9.50254e-05 	3
2.44759 	0.000545944 	5.45685e-05 	2
2.50984 	0.000625725 	9.63162e-05 	2
2.5721 	0.000385439 	6.25261e-05 	2
2.63435 	0.000368193 	7.0203e-05 	2
2.69661 	0.00060931 	8.2468e-05 	3
2.75886 	0.000564943 	8.24933e-05 	3
2.82111 	0.000671546 	9.28037e-05 	6
2.88337 	0.000523114 	8.07523e-05 	2
2.94562 	0.00078366 	8.30766e-05 	6
3.00787 	0.000416718 	9.51486e-05 	2
3.07013 	0.000557695 	5.40408e-05 	2
3.13238 	0.000327085 	6.91097e-05 	2
3.19464 	0.000418664 	9.85996e-05 	2
3.25689 	0.000687829 	9.01793e-05 	2
3.31914 	0.000451885 	8.06109e-05 	2
3.3814 	0.000382426 	8.87311e-05 	1
3.44365 	0.000640457 	7.01382e-05 	2
3.50591 	0.000384869 	8.92194e-05 	2
3.56816 	0.000354829 	8.46012e-05 	2
3.63041 	0.000616275 	8.69134e-05 	3
3.69267 	0.000558882 	6.69732e-05 	3
3.75492 	0.00048613 	5.17296e-05 	3
3.81718 	0.000406978 	7.37625e-05 	2
3.87943 	0.000479215 	9.03461e-05 	2
3.94168 	0.000367565 	7.43235e-05 	2
4.00394 	0.000294862 	3.55175e-05 	2
4.06619 	0.000429028 	8.15838e-05 	1
4.12845 	0.000395095 	8.60038e-05 	2
4.1907 	0.000542148 	4.85753e-05 	4
4.25295 	0.000536004 	8.17305e-05 	3
4.31521 	0.000739368 	5.82115e-05 	4
4.37746 	0.000670523 	8.73637e-05 	4
4.43971 	0.000706521 	9.33284e-05 	2
4.50197 	0.000425847 	9.24182e-05 	1
4.56422 	0.00062464 	5.09093e-05 	6
4.62648 	0.000330015 	8.78103e-05 	1
4.68873 	0.000474692 	5.20937e-05 	3
4.75098 	0.00060784 	8.94692e-05 	2
4.81324 	0.000431395 	6.40866e-05 	3
4.87549 	0.000687225 	7.93617e-05 	6
4.93775 	0.000299294 	6.06045e-05 	2
5.0 	0.000326053 	8.97048e-05 	1
5.0625 	0.000441133 	9.43289e-05 	1
5.125 	0.000426688 	6.19318e-05 	4
5.1875 	0.000248222 	6.20794e-05 	1
5.25 	0.000492943 	6.31492e-05 	3
5.3125 	0.000550467 	6.51024e-05 	4
5.375 	0.000539399 	6.93536e-05 	3
5.4375 	0.000351385 	9.91747e-05 	2
5.5 	0.000555551 	7.02571e-05 	2
5.5625 	0.000457699 	9.76834e-05 	1
5.625 	0.000286032 	6.12957e-05 	2
5.6875 	0.000302705 	4.11987e-05 	2
5.75 	0.000560649 	7.48285e-05 	3
5.8125 	0.000718492 	9.31929e-05 	4
5.875 	0.00069615 	8.2906e-05 	4
5.9375 	0.000719409 	6.83907e-05 	4
6.0 	0.000698186 	9.47868e-05 	2
6.0625 	0.000649525 	9.20746e-05 	3
6.125 	0.000381173 	6.58187e-05 	2
6.1875 	0.000534944 	9.94653e-05 	3
6.25 	0.000247251 	7.03164e-05 	2
6.3125 	0.00040807 	9.47569e-05 	2
6.375 	0.000386584 	9.39477e-05 	3
6.4375 	0.000398923 	9.81809e-05 	3
6.5 	0.000393522 	6.20023e-05 	2
6.5625 	0.000251176 	5.81305e-05 	1
6.625 	0.000535231 	7.65656e-05 	3
6.6875 	0.000230623 	9.66316e-05 	1
6.75 	0.000408859 	6.29678e-05 	4
6.8125 	0.000624209 	9.00695e-05 	2
6.875 	0.000517197 	5.46729e-05 	2
6.9375 	0.000262641 	4.85165e-05 	2
7.0 	0.000796764 	8.05566e-05 	6
7.0625 	0.000583288 	5.7668e-05 	6
7.125 	0.000518769 	7.99619e-05 	4
7.1875 	0.000523649 	7.61776e-05 	4
7.25 	0.000425142 	7.55201e-05 	2
7.3125 	0.00038466 	6.73932e-05 	1
7.375 	0.00023666 	6.581e-05 	2
7.4375 	0.000339171 	8.52127e-05 	2
7.5 	0.000498451 	5.11892e-05 	3
7.5625 	0.000502968 	8.43515e-05 	2
7.625 	0.000547755 	7.99271e-05 	3
7.6875 	0.000591705 	6.95458e-05 	4
7.75 	0.000596029 	5.72313e-05 	2
7.8125 	0.000202971 	3.8603e-05 	1
7.875 	0.000310281 	8.30276e-05 	1
7.9375 	0.000371924 	5.85246e-05 	4
8.0 	0.000228479 	6.86815e-05 	2
8.0625 	0.000590654 	9.9802e-05 	2
8.125 	0.000420098 	8.8313e-05 	2
8.1875 	0.000577268 	8.63153e-05 	3
8.25 	0.000345065 	9.57166e-05 	2
8.3125 	0.000378761 	7.17337e-05 	2
8.375 	0.000676819 	9.65704e-05 	3
8.4375 	0.000351278 	8.30414e-05 	2
8.5 	0.000383128 	7.43098e-05 	1
8.5625 	0.000398418 	9.20189e-05 	3
8.625 	0.000589248 	9.42246e-05 	5
8.6875 	0.000383033 	4.8275e-05 	2
8.75 	0.000384504 	5.13376e-05 	2
8.8125 	0.000397562 	8.01683e-05 	2
8.875 	0.000619359 	5.89338e-05 	3
8.9375 	0.000815041 	8.37429e-05 	4
9.0 	0.000385029 	7.81368e-05 	1
9.0625 	0.000511169 	6.40701e-05 	2
9.125 	0.000681024 	7.49078e-05 	5
9.1875 	0.000413499 	8.74551e-05 	2
9.25 	0.000527032 	7.88249e-05 	2
9.3125 	0.000586301 	7.847e-05 	3
9.375 	0.000597748 	9.58207e-05 	2
9.4375 	0.000380457 	4.64e-05 	2
9.5 	0.000675712 	7.82229e-05 	4
9.5625 	0.00041497 	7.55134e-05 	3
9.625 	0.000334765 	7.34141e-05 	2
9.6875 	0.000285475 	6.72112e-05 	2
9.75 	0.000526736 	8.74848e-05 	2
9.8125 	0.000784662 	8.01362e-05 	4
9.875 	0.000482497 	7.90995e-05 	4
9.9375 	0.000453201 	9.22947e-05 	2
10.0 	0.00043102 	6.95646e-05 	3
10.0625 	0.000225681 	7.34254e-05 	1
10.125 	0.000295112 	6.2609e-05 	2
10.1875 	0.00039035 	6.03663e-05 	2
10.25 	0.000359125 	5.47715e-05 	2
10.3125 	0.000208208 	5.02918e-05 	2
10.375 	0.000477085 	4.54074e-05 	2
10.4375 	0.000465442 	3.48133e-05 	3
10.5 	0.000359937 	8.72396e-05 	1
10.5625 	0.000444191 	6.97507e-05 	4
10.625 	0.000405665 	6.7673e-05 	3
10.6875 	0.000714237 	9.7013e-05 	2
10.75 	0.000934974 	6.59266e-05 	8
10.8125 	0.000688366 	9.97023e-05 	5
10.875 	0.000618607 	9.50439e-05 	5
10.9375 	0.000365432 	8.72639e-05 	2
11.0 	0.000500738 	6.29725e-05 	2
11.0625 	0.000646838 	5.69234e-05 	4
11.125 	0.000415307 	5.84173e-05 	4
11.1875 	0.000448962 	7.88789e-05 	4
11.25 	0.000302441 	7.96336e-05 	2
11.3125 	0.000334945 	5.07569e-05 	2
11.375 	0.000733573 	6.74581e-05 	4
11.4375 	0.000489117 	7.67241e-05 	4
11.5 	0.000376849 	6.18513e-05 	2
11.5625 	0.000660506 	6.81192e-05 	4
11.625 	0.000598132 	9.97402e-05 	2
11.6875 	0.000451798 	6.05485e-05 	2
11.75 	0.000540956 	9.18844e-05 	3
11.8125 	0.000281839 	5.75091e-05 	2
11.875 	0.000478937 	9.40162e-05 	2
11.9375 	0.000422383 	9.37754e-05 	2
12.0 	0.000327745 	7.94099e-05 	2
12.0625 	0.000400063 	9.68056e-05 	2
12.125 	0.000468462 	8.49774e-05 	2
12.1875 	0.000285084 	8.08427e-05 	1
12.25 	0.000573858 	5.37161e-05 	4
12.3125 	0.000495189 	7.89487e-05 	4
12.375 	0.000574251 	6.86272e-05 	2
12.4375 	0.000372526 	9.58234e-05 	2
12.5 	0.000344958 	5.29812e-05 	1
12.5625 	0.000623151 	9.86461e-05 	3
12.625 	0.000347991 	6.20152e-05 	2
12.6875 	0.000507764 	7.13052e-05 	4
12.75 	0.000365593 	5.33453e-05 	3
12.8125 	0.00053679 	8.3289e-05 	4
12.875 	0.000462628 	7.78661e-05 	4
12.9375 	0.000621156 	6.54519e-05 	3
13.0 	0.000529616 	8.10471e-05 	2
13.0625 	0.000599312 	6.79922e-05 	2
13.125 	0.000424667 	6.87964e-05 	4
13.1875 	0.00056452 	9.11846e-05 	3
13.25 	0.000436179 	5.80092e-05 	3
13.3125 	0.000502609 	6.03989e-05 	4
13.375 	0.000268924 	7.74334e-05 	2
13.4375 	0.000335392 	8.3603e-05 	2
13.5 	0.000390906 	6.99335e-05 	2
13.5625 	0.000403895 	8.40998e-05 	3
13.625 	0.000736131 	9.01422e-05 	3
13.6875 	0.000625278 	9.42456e-05 	2
13.75 	0.000438966 	8.77132e-05 	2
13.8125 	0.000476954 	7.81815e-05 	2
13.875 	0.0001235 	3.07476e-05 	1
13.9375 	0.000411132 	4.80708e-05 	3
14.0 	0.00054449 	8.15019e-05 	4
14.0625 	0.000491434 	9.57715e-05 	3
14.125 	0.000679358 	7.27973e-05 	3
14.1875 	0.000337085 	5.69694e-05 	3
14.25 	0.000478821 	5.10709e-05 	3
14.3125 	0.000538977 	5.85971e-05 	4
14.375 	0.000555511 	9.11382e-05 	2
14.4375 	0.000330666 	7.37444e-05 	2
14.5 	0.000383295 	4.79245e-05 	2
14.5625 	0.000523826 	8.99751e-05 	3
14.625 	0.000593856 	9.10346e-05 	2
14.6875 	0.000703576 	7.07509e-05 	6
14.75 	0.000372848 	5.95352e-05 	4
14.8125 	0.000488628 	5.72001e-05 	2
14.875 	0.000577526 	8.70022e-05 	4
14.9375 	0.000590347 	8.61201e-05 	3
15.0 	0.000474449 	7.78184e-05 	5
15.0625 	0.00064194 	5.83096e-05 	4
15.125 	0.000296769 	4.82535e-05 	2
15.1875 	0.000282809 	8.71903e-05 	1
15.25 	0.000419029 	5.9115e-05 	3
15.3125 	0.000468728 	7.60898e-05 	4
15.375 	0.00041884 	8.58218e-05 	2
15.4375 	0.000569589 	9.93958e-05 	3
15.5 	0.000401727 	9.07728e-05 	2
15.5625 	0.000520637 	7.71112e-05 	4
15.625 	0.000518139 	7.56577e-05 	2
15.6875 	0.000480418 	9.06907e-05 	1
15.75 	0.000374907 	5.43679e-05 	2
15.8125 	0.000402456 	5.88253e-05 	3
15.875 	0.000458481 	7.14374e-05 	2
15.9375 	0.000509563 	8.89329e-05 	2
16.0 	0.000591787 	8.13772e-05 	5
16.0625 	0.00041902 	7.91795e-05 	2
16.125 	0.000533707 	9.34409e-05 	3
16.1875 	0.000570425 	8.60903e-05 	4
16.25 	0.000507765 	4.9192e-05 	3
16.3125 	0.000350596 	5.87391e-05 	4
16.375 	0.000433971 	5.85662e-05 	2
16.4375 	0.000799166 	5.65611e-05 	4
16.5 	0.000570864 	7.62706e-05 	3
16.5625 	0.000640621 	5.37019e-05 	3
16.625 	0.000515389 	7.7209e-05 	2
16.6875 	0.000616942 	8.61484e-05 	2
16.75 	0.000611619 	8.99685e-05 	2
16.8125 	0.000597031 	7.05918e-05 	3
16.875 	0.00031466 	4.3018e-05 	2
16.9375 	0.000506704 	8.76095e-05 	2
17.0 	0.000719633 	9.96893e-05 	7
17.0625 	0.000516484 	9.14597e-05 	4
17.125 	0.000405113 	7.66544e-05 	2
17.1875 	0.000508471 	9.41804e-05 	5
17.25 	0.000540626 	6.2786e-05 	6
17.3125 	0.00040281 	8.10849e-05 	1
17.375 	0.000561262 	8.54059e-05 	3
17.4375 	0.000703785 	8.0019e-05 	3
17.5 	0.000763986 	8.55803e-05 	3
17.5625 	0.00045241 	5.7681e-05 	3
17.625 	0.000420456 	5.72324e-05 	3
17.6875 	0.000560285 	7.57426e-05 	3
17.75 	0.000639159 	7.75129e-05 	7
17.8125 	0.000228234 	9.07318e-05 	1
17.875 	0.000499747 	9.47254e-05 	3
17.9375 	0.00022937 	5.98034e-05 	1
18.0 	0.000512255 	9.88445e-05 	4
18.0625 	0.000854501 	9.23725e-05 	7
18.125 	0.000504551 	6.22009e-05 	4
18.1875 	0.000786331 	8.84415e-05 	6
18.25 	0.000403503 	5.21351e-05 	4
18.3125 	0.000272675 	5.54192e-05 	2
18.375 	0.000745572 	5.87036e-05 	4
18.4375 	0.000569009 	8.21631e-05 	3
18.5 	0.000705116 	8.79268e-05 	5
18.5625 	0.000734425 	7.76767e-05 	6
18.625 	0.000571601 	8.37221e-05 	3
18.6875 	0.000225872 	8.77894e-05 	1
18.75 	0.000404335 	9.93125e-05 	1
18.8125 	0.000596809 	6.99593e-05 	4
18.875 	0.000429457 	9.36956e-05 	2
18.9375 	0.00035338 	4.30735e-05 	2
19.0 	0.000186122 	5.32916e-05 	1
19.0625 	0.000300913 	5.11088e-05 	2
19.125 	0.000433354 	5.71305e-05 	2
19.1875 	0.000495618 	6.21984e-05 	3
19.25 	0.000460097 	9.04142e-05 	3
19.3125 	0.000744548 	9.54175e-05 	6
19.375 	0.000401799 	5.66215e-05 	2
19.4375 	0.000388069 	6.63502e-05 	2
19.5 	0.000521862 	6.862e-05 	3
19.5625 	0.000386562 	8.51077e-05 	2
19.625 	0.000394568 	4.04532e-05 	2
19.6875 	0.000687835 	8.14155e-05 	3
19.75 	0.000354781 	9.12195e-05 	2
19.8125 	0.00040007 	9.53979e-05 	1
19.875 	0.00039435 	8.75523e-05 	2
19.9375 	0.000321814 	5.15969e-05 	2
20.0 	0.000650428 	7.06304e-05 	4
20.0625 	0.000514886 	8.7688e-05 	1
20.125 	0.000679855 	8.37668e-05 	5
20.1875 	0.000414158 	7.00698e-05 	2
20.25 	0.000361486 	9.65049e-05 	1
20.3125 	0.000596409 	9.59419e-05 	3
20.375 	0.000685873 	6.52299e-05 	4
20.4375 	0.000528133 	7.99811e-05 	3
20.5 	0.000615212 	9.02959e-05 	3
20.5625 	0.000590903 	8.00225e-05 	4
20.625 	0.000359305 	9.62867e-05 	2
20.6875 	0.000404388 	9.00487e-05 	3
20.75 	0.000403327 	4.93914e-05 	4
20.8125 	0.000432508 	5.99237e-05 	2
20.875 	0.000325649 	8.21917e-05 	1
20.9375 	0.000633597 	7.14919e-05 	6
21.0 	0.000682926 	9.53512e-05 	3
21.0625 	0.000707078 	6.03398e-05 	4
21.125 	0.000712283 	7.29863e-05 	4
21.1875 	0.000463173 	8.81939e-05 	2
21.25 	0.000641676 	9.1749e-05 	4
21.3125 	0.000432735 	5.47491e-05 	4
21.375 	0.000645724 	9.28153e-05 	4
21.4375 	0.000377416 	5.01562e-05 	3
21.5 	0.000486137 	9.71173e-05 	5
21.5625 	0.000315176 	6.1846e-05 	2
21.625 	0.000596039 	5.40348e-05 	3
21.6875 	0.00066641 	8.12231e-05 	3
21.75 	0.000338756 	9.70521e-05 	1
21.8125 	0.000618593 	7.51147e-05 	3
21.875 	0.000667449 	7.70262e-05 	6
21.9375 	0.000591151 	7.73567e-05 	3
22.0 	0.000299193 	7.49948e-05 	1
22.0625 	0.000583128 	8.95971e-05 	3
22.125 	0.000297704 	6.63632e-05 	2
22.1875 	0.000479969 	7.21836e-05 	4
22.25 	0.00034945 	9.90961e-05 	2
22.3125 	0.000402868 	9.04361e-05 	3
22.375 	0.00065113 	8.78546e-05 	2
22.4375 	0.000336513 	6.50372e-05 	2
22.5 	0.000263122 	8.88854e-05 	1
22.5625 	0.000312314 	7.91647e-05 	2
22.625 	0.000441514 	9.83616e-05 	2
22.6875 	0.000729316 	9.49578e-05 	7
22.75 	0.000635584 	7.41026e-05 	3
22.8125 	0.000588946 	5.85976e-05 	3
22.875 	0.000291982 	5.07902e-05 	2
22.9375 	0.000405194 	9.72366e-05 	1
23.0 	0.00049191 	7.61129e-05 	4
23.0625 	0.000632549 	8.2517e-05 	4
23.125 	0.000379222 	9.99626e-05 	1
23.1875 	0.000799566 	8.16762e-05 	6
23.25 	0.000246835 	6.53731e-05 	1
23.3125 	0.000763466 	9.58372e-05 	4
23.375 	0.000382678 	9.11004e-05 	1
23.4375 	0.000648178 	9.48437e-05 	4
23.5 	0.000807683 	8.91757e-05 	6
23.5625 	0.000831432 	9.2595e-05 	7
23.625 	0.000420061 	5.95784e-05 	3
23.6875 	0.000481198 	9.59521e-05 	3
23.75 	0.000256001 	3.32315e-05 	2
23.8125 	0.000482244 	9.30731e-05 	2
23.875 	0.000617929 	8.36502e-05 	3
23.9375 	0.000434999 	8.94859e-05 	1
24.0 	0.000620159 	9.4715e-05 	3
24.0625 	0.000606244 	7.2748e-05 	3
24.125 	0.000252503 	7.02549e-05 	2
24.1875 	0.000674149 	8.08231e-05 	2
24.25 	0.000388075 	9.19466e-05 	1
24.3125 	0.000594612 	6.52083e-05 	4
24.375 	0.000458335 	3.92875e-05 	3
24.4375 	0.00064761 	5.72128e-05 	4
24.5 	0.000478659 	6.67275e-05 	4
24.5625 	0.000284848 	9.54314e-05 	1
24.625 	0.000461917 	8.37355e-05 	2
24.6875 	0.000324645 	4.87396e-05 	1
24.75 	0.000623963 	9.39533e-05 	2
24.8125 	0.000623688 	6.78664e-05 	3
24.875 	0.000537213 	7.00911e-05 	2
24.9375 	0.000508916 	8.16806e-05 	2
25.0 	0.000461916 	9.95768e-05 	2
25.0625 	0.000600888 	7.57043e-05 	4
25.125 	0.000601264 	8.11587e-05 	5
25.1875 	0.000383428 	5.8812e-05 	2
25.25 	0.000829794 	9.09167e-05 	4
25.3125 	0.000918412 	8.5349e-05 	4
25.375 	0.000665123 	9.82098e-05 	3
25.4375 	0.000436998 	6.26878e-05 	4
25.5 	0.00045037 	7.5706e-05 	2
25.5625 	0.000427357 	8.61791e-05 	2
25.625 	0.000587188 	8.75335e-05 	2
25.6875 	0.000374371 	9.26754e-05 	1
25.75 	0.000385719 	6.57616e-05 	3
25.8125 	0.000790225 	7.96058e-05 	4
25.875 	0.000401236 	8.0632e-05 	2
25.9375 	0.000331849 	6.22942e-05 	2
26.0 	0.000803271 	9.33554e-05 	6
26.0625 	0.000405204 	7.19802e-05 	2
26.125 	0.000617456 	8.01708e-05 	3
26.1875 	0.000233012 	4.34125e-05 	1
26.25 	0.000396257 	9.76073e-05 	2
26.3125 	0.000401304 	7.64063e-05 	3
26.375 	0.000552424 	4.76028e-05 	4
26.4375 	0.000482764 	7.23158e-05 	2
26.5 	0.000708707 	8.81417e-05 	2
26.5625 	0.000788489 	9.78849e-05 	2
26.625 	0.00044391 	9.85751e-05 	2
26.6875 	0.000863796 	9.42859e-05 	4
26.75 	0.000240881 	8.32061e-05 	1
26.8125 	0.000318381 	7.08831e-05 	1
26.875 	0.000374927 	6.15324e-05 	2
26.9375 	0.00055436 	8.39618e-05 	2
27.0 	0.000418065 	8.28955e-05 	2
27.0625 	0.000437456 	8.84693e-05 	2
27.125 	0.000333105 	8.27365e-05 	2
27.1875 	0.00036153 	4.47397e-05 	2
27.25 	0.000302802 	7.18391e-05 	1
27.3125 	0.000504914 	5.52932e-05 	3
27.375 	0.000622569 	9.28663e-05 	3
27.4375 	0.000273344 	5.71038e-05 	1
27.5 	0.000467645 	7.97525e-05 	2
27.5625 	0.000394919 	9.94797e-05 	2
27.625 	0.000457738 	9.52087e-05 	2
27.6875 	0.000365816 	5.72894e-05 	4
27.75 	0.000405093 	7.46612e-05 	2
27.8125 	0.000357972 	6.1286e-05 	2
27.875 	0.000480145 	7.1635e-05 	4
27.9375 	0.000349156 	5.43869e-05 	2
28.0 	0.000726332 	8.28698e-05 	4
28.0625 	0.000287845 	7.63669e-05 	2
28.125 	0.000461747 	8.08468e-05 	3
28.1875 	0.000441127 	4.77939e-05 	4
28.25 	0.000720435 	8.50404e-05 	6
28.3125 	0.000446398 	9.26455e-05 	2
28.375 	0.000428164 	8.35069e-05 	3
28.4375 	0.000261478 	4.93212e-05 	2
28.5 	0.000425112 	8.68097e-05 	3
28.5625 	0.000562193 	5.65194e-05 	2
28.625 	0.000661559 	8.15634e-05 	5
28.6875 	0.000336404 	6.68021e-05 	2
28.75 	0.000511069 	5.95801e-05 	2
28.8125 	0.000468172 	6.3887e-05 	4
28.875 	0.000396569 	8.00264e-05 	2
28.9375 	0.000531335 	6.91027e-05 	4
29.0 	0.000596884 	9.74776e-05 	5
29.0625 	0.000349547 	7.72533e-05 	2
29.125 	0.00039177 	3.77409e-05 	2
29.1875 	0.000785224 	6.28783e-05 	5
29.25 	0.000324434 	7.87262e-05 	2
29.3125 	0.000606809 	7.71537e-05 	3
29.375 	0.000324423 	6.09147e-05 	2
29.4375 	0.000432681 	8.80918e-05 	3
29.5 	0.000820111 	8.74148e-05 	4
29.5625 	0.000586151 	8.97131e-05 	3
29.625 	0.00037694 	9.96152e-05 	2
29.6875 	0.000660878 	7.93341e-05 	2
29.75 	0.000724692 	8.89548e-05 	6
29.8125 	0.000582263 	6.681e-05 	3
29.875 	0.000601302 	9.41403e-05 	5
29.9375 	0.000539448 	7.56662e-05 	3
30.0 	0.000231748 	5.08652e-05 	2
30.0625 	0.000516039 	5.24763e-05 	3
30.125 	0.000567226 	6.03457e-05 	4
30.1875 	0.000488754 	8.53183e-05 	3
30.25 	0.000498892 	9.93972e-05 	3
30.3125 	0.000702235 	8.05503e-05 	4
30.375 	0.000585268 	9.00498e-05 	2
30.4375 	0.000697373 	9.65081e-05 	3
30.5 	0.000493593 	6.45752e-05 	4
30.5625 	0.000352718 	6.6103e-05 	2
30.625 	0.000459853 	9.8869e-05 	2
30.6875 	0.000368788 	5.48638e-05 	4
30.75 	0.00061064 	5.87268e-05 	4
30.8125 	0.000373167 	9.41724e-05 	2
30.875 	0.000674835 	9.32683e-05 	4
30.9375 	0.000322392 	9.13353e-05 	2
31.0 	0.00038607 	8.79826e-05 	2
31.0625 	0.000262465 	7.79656e-05 	1
31.125 	0.000432089 	7.75563e-05 	2
31.1875 	0.000682205 	8.3304e-05 	8
31.25 	0.000419633 	8.29976e-05 	1
31.3125 	0.000553964 	5.56793e-05 	2
31.375 	0.000407625 	4.44198e-05 	3
31.4375 	0.000342465 	6.52671e-05 	2
31.5 	0.00039356 	9.40891e-05 	2
31.5625 	0.000399777 	9.04599e-05 	3
31.625 	0.000435599 	9.81543e-05 	3
31.6875 	0.000531318 	7.53854e-05 	4
31.75 	0.000287443 	5.29642e-05 	2
31.8125 	0.000735997 	9.19546e-05 	3
31.875 	0.000712326 	9.38544e-05 	4
31.9375 	0.000572652 	7.30654e-05 	3
32.0 	0.000618601 	8.50339e-05 	2
32.0625 	0.000817518 	8.87031e-05 	5
32.125 	0.000436122 	7.05845e-05 	2
32.1875 	0.000527455 	6.20281e-05 	3
32.25 	0.000365366 	9.91259e-05 	2
32.3125 	0.000586476 	8.0957e-05 	3
32.375 	0.000842287 	6.40695e-05 	4
32.4375 	0.00038546 	6.45022e-05 	2
32.5 	0.000379512 	8.07051e-05 	2
32.5625 	0.000162342 	5.72848e-05 	1
32.625 	0.000399937 	8.48982e-05 	2
32.6875 	0.000494697 	5.70182e-05 	2
32.75 	0.000385844 	8.57525e-05 	2
32.8125 	0.000564772 	6.56766e-05 	3
32.875 	0.000624578 	9.09546e-05 	3
32.9375 	0.000457061 	7.31348e-05 	2
33.0 	0.000307453 	5.01366e-05 	2
33.0625 	0.000449914 	5.37911e-05 	3
33.125 	0.00036669 	9.24857e-05 	1
33.1875 	0.000705384 	9.45988e-05 	4
33.25 	0.000574854 	5.97963e-05 	3
33.3125 	0.000450843 	5.92247e-05 	4
33.375 	0.000258258 	7.5842e-05 	2
33.4375 	0.000815304 	9.20995e-05 	6
33.5 	0.000459747 	5.24203e-05 	4
33.5625 	0.000578588 	7.50206e-05 	3
33.625 	0.000469037 	5.97347e-05 	2
33.6875 	0.000287376 	6.99435e-05 	1
33.75 	0.000441903 	7.5467e-05 	2
33.8125 	0.000564907 	9.45217e-05 	3
33.875 	0.000465606 	8.93314e-05 	2
33.9375 	0.000284715 	8.54854e-05 	1
34.0 	0.00084517 	8.99607e-05 	7
34.0625 	0.000459928 	7.63504e-05 	2
34.125 	0.000466438 	8.39554e-05 	4
34.1875 	0.000912859 	6.90828e-05 	8
34.25 	0.000647547 	8.69512e-05 	2
34.3125 	0.000638093 	9.78304e-05 	3
34.375 	0.000607291 	8.28927e-05 	4
34.4375 	0.000353858 	7.35184e-05 	1
34.5 	0.000535567 	9.42543e-05 	4
34.5625 	0.000622707 	7.14792e-05 	3
34.625 	0.00058409 	9.79149e-05 	2
34.6875 	0.00048614 	7.55266e-05 	2
34.75 	0.000772133 	5.33256e-05 	4
34.8125 	0.000411547 	8.95742e-05 	1
34.875 	0.000590273 	9.88196e-05 	6
34.9375 	0.000615354 	9.47341e-05 	3
35.0 	0.000387459 	8.98305e-05 	2
35.0625 	0.000643596 	9.50035e-05 	2
35.125 	0.000601564 	6.48987e-05 	3
35.1875 	0.000559852 	9.25123e-05 	4
35.25 	0.000524984 	9.10201e-05 	2
35.3125 	0.000464927 	8.9366e-05 	3
35.375 	0.000393079 	9.22331e-05 	2
35.4375 	0.000266301 	4.18862e-05 	2
35.5 	0.000531163 	8.19925e-05 	2
35.5625 	0.000476998 	8.7993e-05 	2
35.625 	0.000345613 	5.54855e-05 	2
35.6875 	0.000694746 	8.91352e-05 	4
35.75 	0.000288554 	7.54763e-05 	2
35.8125 	0.000304246 	9.92607e-05 	1
35.875 	0.000351563 	8.54555e-05 	2
35.9375 	0.00056394 	8.38183e-05 	4
36.0 	0.000452282 	8.43435e-05 	2
36.0625 	0.000228601 	8.4424e-05 	1
36.125 	0.00047683 	9.32356e-05 	2
36.1875 	0.00057177 	7.05677e-05 	4
36.25 	0.000420449 	8.67703e-05 	2
36.3125 	0.000447413 	7.09087e-05 	2
36.375 	0.000493617 	6.97051e-05 	3
36.4375 	0.000350388 	9.60543e-05 	1
36.5 	0.000344694 	9.25447e-05 	1
36.5625 	0.000432242 	8.44731e-05 	2
36.625 	0.000578529 	7.51522e-05 	2
36.6875 	0.00054069 	8.84654e-05 	2
36.75 	0.000694888 	7.35361e-05 	4
36.8125 	0.000719779 	5.97738e-05 	4
36.875 	0.00037264 	9.15692e-05 	1
36.9375 	0.000274119 	5.05308e-05 	2
37.0 	0.000523435 	6.5827e-05 	3
37.0625 	0.000478064 	8.09244e-05 	3
37.125 	0.000753491 	8.82878e-05 	4
37.1875 	0.000388871 	9.08916e-05 	3
37.25 	0.000561796 	7.73067e-05 	2
37.3125 	0.000315366 	8.57019e-05 	2
37.375 	0.000466788 	5.00409e-05 	4
37.4375 	0.000801195 	6.6891e-05 	8
37.5 	0.000635745 	8.94487e-05 	5
37.5625 	0.000392001 	4.93888e-05 	3
37.625 	0.000586243 	9.28393e-05 	5
37.6875 	0.000359121 	6.73758e-05 	2
37.75 	0.000413079 	8.37048e-05 	2
37.8125 	0.000640631 	5.00112e-05 	4
37.875 	0.000454037 	5.24747e-05 	4
37.9375 	0.000636504 	9.39289e-05 	3
38.0 	0.000540599 	6.87119e-05 	2
38.0625 	0.00027423 	8.4168e-05 	2
38.125 	0.000610269 	7.27125e-05 	5
38.1875 	0.000303704 	4.42519e-05 	2
38.25 	0.000295258 	9.09548e-05 	1
38.3125 	0.000557597 	6.62698e-05 	3
38.375 	0.00049447 	5.57111e-05 	4
38.4375 	0.000414021 	9.56535e-05 	2
38.5 	0.000624389 	6.97971e-05 	4
38.5625 	0.000524732 	6.4246e-05 	4
38.625 	0.000484917 	4.09486e-05 	4
38.6875 	0.000476196 	9.24256e-05 	2
38.75 	0.00057556 	6.40675e-05 	2
38.8125 	0.000708608 	9.28626e-05 	4
38.875 	0.000353638 	6.13793e-05 	3
38.9375 	0.000504506 	8.39262e-05 	2
39.0 	0.000616444 	8.26288e-05 	4
39.0625 	0.000279327 	7.28839e-05 	1
39.125 	0.000689231 	8.00178e-05 	5
39.1875 	0.000355227 	9.01107e-05 	3
39.25 	0.000794309 	8.33814e-05 	6
39.3125 	0.000512697 	7.44478e-05 	2
39.375 	0.000278679 	6.73595e-05 	2
39.4375 	0.000485652 	9.50861e-05 	2
39.5 	0.00031379 	7.85254e-05 	2
39.5625 	0.000639587 	3.21677e-05 	3
39.625 	0.000433579 	8.16396e-05 	2
39.6875 	0.0003236 	9.61638e-05 	1
39.75 	0.00041697 	9.79497e-05 	2
39.8125 	0.000357743 	6.23361e-05 	2
39.875 	0.000417176 	6.33336e-05 	2
39.9375 	0.000402083 	7.23438e-05 	1
40.0 	0.000505173 	6.46201e-05 	1
40.0625 	0.000304548 	4.86481e-05 	2
40.125 	0.000501044 	7.59693e-05 	3
40.1875 	0.000419043 	7.09462e-05 	2
40.25 	0.000561749 	8.04207e-05 	2
40.3125 	0.000303762 	5.3686e-05 	2
40.375 	0.000540251 	8.38901e-05 	4
40.4375 	0.000653861 	9.53652e-05 	2
40.5 	0.000757991 	7.96931e-05 	7
40.5625 	0.000593972 	6.24941e-05 	3
40.625 	0.000652331 	9.1376e-05 	2
40.6875 	0.000243928 	7.84139e-05 	1
40.75 	0.000319534 	6.64006e-05 	1
40.8125 	0.000345492 	8.54821e-05 	2
40.875 	0.000344343 	5.36942e-05 	1
40.9375 	0.000420714 	5.86548e-05 	2
41.0 	0.000383592 	7.18603e-05 	2
41.0625 	0.000601481 	7.57238e-05 	2
41.125 	0.000697241 	9.43936e-05 	4
41.1875 	0.000558943 	7.56117e-05 	4
41.25 	0.00051845 	9.26678e-05 	2
41.3125 	0.000406708 	5.0777e-05 	2
41.375 	0.000293447 	6.97596e-05 	1
41.4375 	0.000392804 	7.06514e-05 	2
41.5 	0.000396144 	6.9591e-05 	2
41.5625 	0.000983204 	9.71434e-05 	6
41.625 	0.000314119 	5.28808e-05 	2
41.6875 	0.000516947 	9.02712e-05 	4
41.75 	0.000423999 	6.0874e-05 	2
41.8125 	0.000304684 	7.60128e-05 	2
41.875 	0.000511346 	9.51022e-05 	2
41.9375 	0.00065481 	5.36999e-05 	4
42.0 	0.000705521 	7.89151e-05 	4
42.0625 	0.000416765 	4.48861e-05 	2
42.125 	0.000262678 	8.83148e-05 	1
42.1875 	0.000397573 	7.06993e-05 	2
42.25 	0.000686324 	6.37508e-05 	6
42.3125 	0.00052738 	6.81345e-05 	4
42.375 	0.00041472 	5.4658e-05 	3
42.4375 	0.000684955 	9.55036e-05 	5
42.5 	0.000638579 	7.48633e-05 	5
42.5625 	0.000832868 	7.66002e-05 	4
42.625 	0.000598519 	9.88378e-05 	5
42.6875 	0.000537069 	7.04043e-05 	2
42.75 	0.000640874 	7.66644e-05 	3
42.8125 	0.000323599 	5.46994e-05 	3
42.875 	0.000563638 	8.88671e-05 	3
42.9375 	0.000559657 	8.31272e-05 	3
43.0 	0.000505221 	6.78567e-05 	2
43.0625 	0.000583784 	5.81122e-05 	2
43.125 	0.000470869 	8.54376e-05 	1
43.1875 	0.000952979 	9.63294e-05 	8
43.25 	0.000678658 	7.45011e-05 	4
43.3125 	0.000496554 	6.75236e-05 	2
43.375 	0.000491118 	8.6584e-05 	2
43.4375 	0.000556791 	6.93569e-05 	2
43.5 	0.000404077 	3.3709e-05 	3
43.5625 	0.000602585 	6.13508e-05 	6
43.625 	0.000139143 	3.52725e-05 	1
43.6875 	0.000526245 	8.09486e-05 	3
43.75 	0.000273354 	8.37005e-05 	1
43.8125 	0.000603102 	7.59862e-05 	4
43.875 	0.000398728 	9.60236e-05 	2
43.9375 	0.000567007 	7.63877e-05 	3
44.0 	0.00046331 	9.15994e-05 	2
44.0625 	0.000376967 	6.87776e-05 	3
44.125 	0.00040385 	4.23337e-05 	3
44.1875 	0.000470675 	5.85055e-05 	3
44.25 	0.000485953 	8.42344e-05 	3
44.3125 	0.000386032 	6.74651e-05 	2
44.375 	0.000495368 	9.70471e-05 	2
44.4375 	0.000263746 	5.18373e-05 	2
44.5 	0.000732955 	8.53564e-05 	3
44.5625 	0.000506547 	9.21761e-05 	3
44.625 	0.000371309 	7.8277e-05 	2
44.6875 	0.000927474 	8.03206e-05 	4
44.75 	0.000582482 	7.88308e-05 	3
44.8125 	0.000449558 	8.38978e-05 	3
44.875 	0.000566171 	8.43247e-05 	3
44.9375 	0.000351019 	9.22467e-05 	1
45.0 	0.00036449 	9.72588e-05 	2
45.0625 	0.000731574 	8.37064e-05 	2
45.125 	0.000789223 	9.8065e-05 	6
45.1875 	0.000253295 	8.47504e-05 	1
45.25 	0.000811346 	9.29038e-05 	3
45.3125 	0.000361622 	6.66186e-05 	2
45.375 	0.000831903 	7.96155e-05 	8
45.4375 	0.000339464 	9.49833e-05 	2
45.5 	0.000696824 	6.25516e-05 	6
45.5625 	0.000431269 	4.93616e-05 	3
45.625 	0.000240356 	7.87209e-05 	1
45.6875 	0.00041619 	6.26508e-05 	4
45.75 	0.000641512 	5.52247e-05 	4
45.8125 	0.000524443 	6.32332e-05 	3
45.875 	0.000483612 	8.54355e-05 	2
45.9375 	0.000621605 	7.17227e-05 	3
46.0 	0.000293943 	6.53479e-05 	2
46.0625 	0.000679776 	9.96557e-05 	2
46.125 	0.0005794 	7.59435e-05 	3
46.1875 	0.000473577 	8.58159e-05 	1
46.25 	0.000603499 	9.70789e-05 	3
46.3125 	0.000378537 	7.98775e-05 	2
46.375 	0.000449815 	5.62377e-05 	4
46.4375 	0.000511236 	8.63447e-05 	4
46.5 	0.000510418 	8.65524e-05 	2
46.5625 	0.000678968 	8.39075e-05 	6
46.625 	0.000179093 	5.52349e-05 	1
46.6875 	0.000260721 	6.89946e-05 	2
46.75 	0.000634458 	9.71552e-05 	4
46.8125 	0.000448154 	9.56529e-05 	2
46.875 	0.000602896 	6.47097e-05 	4
46.9375 	0.000523535 	6.20492e-05 	3
47.0 	0.000693675 	8.18786e-05 	7
47.0625 	0.000312695 	9.78195e-05 	2
47.125 	0.00059606 	7.44389e-05 	3
47.1875 	0.000518052 	9.59891e-05 	3
47.25 	0.000517991 	7.77071e-05 	3
47.3125 	0.000537219 	8.2729e-05 	3
47.375 	0.000603865 	9.3173e-05 	5
47.4375 	0.000405489 	7.81774e-05 	1
47.5 	0.000420319 	8.29577e-05 	3
47.5625 	0.000729367 	9.98955e-05 	6
47.625 	0.000445462 	9.6045e-05 	1
47.6875 	0.000277175 	5.69688e-05 	2
47.75 	0.000308819 	6.71455e-05 	2
47.8125 	0.000445399 	6.86112e-05 	4
47.875 	0.000304632 	6.91221e-05 	2
47.9375 	0.000161711 	7.97733e-05 	1
48.0 	0.000341675 	9.55224e-05 	1
48.0625 	0.000587481 	9.88315e-05 	5
48.125 	0.000554829 	5.48246e-05 	2
48.1875 	0.000804103 	9.67666e-05 	3
48.25 	0.000659228 	8.32069e-05 	6
48.3125 	0.000454185 	9.17948e-05 	1
48.375 	0.000594669 	5.39046e-05 	2
48.4375 	0.000396829 	4.68924e-05 	3
48.5 	0.0005784 	8.2451e-05 	3
48.5625 	0.000407197 	6.2862e-05 	2
48.625 	0.00051848 	7.0263e-05 	4
48.6875 	0.000267479 	8.71153e-05 	1
48.75 	0.00061821 	6.48573e-05 	4
48.8125 	0.000308493 	5.79299e-05 	2
48.875 	0.000635038 	8.99768e-05 	3
48.9375 	0.00051655 	4.92125e-05 	3
49.0 	0.000307173 	9.31019e-05 	1
49.0625 	0.000397001 	9.26087e-05 	2
49.125 	0.000492592 	7.93314e-05 	2
49.1875 	0.000400958 	3.13902e-05 	3
49.25 	0.000726959 	7.93113e-05 	3
49.3125 	0.000569457 	6.78663e-05 	5
49.375 	0.000580753 	5.38138e-05 	2
49.4375 	0.000498665 	9.31414e-05 	2
49.5 	0.000687668 	8.54795e-05 	4
49.5625 	0.000569217 	9.59239e-05 	2
49.625 	0.000614639 	9.19379e-05 	3
49.6875 	0.000378218 	9.62346e-05 	3
49.75 	0.000425778 	8.67971e-05 	2
49.8125 	0.000342788 	6.0555e-05 	1
49.875 	0.000321912 	8.92232e-05 	1
49.9375 	0.00030494 	7.3892e-05 	2
50.0 	0.000669864 	5.30499e-05 	3
50.0625 	0.000432841 	5.36838e-05 	2
50.125 	0.000209954 	7.1094e-05 	1
50.1875 	0.000571663 	6.50762e-05 	3
50.25 	0.000542016 	6.76703e-05 	3
50.3125 	0.000369136 	5.54492e-05 	2
50.375 	0.000766867 	9.6078e-05 	3
50.4375 	0.000327193 	6.90836e-05 	2
50.5 	0.000616408 	7.99234e-05 	6
50.5625 	0.000484376 	9.36104e-05 	2
50.625 	0.00046295 	6.01771e-05 	2
50.6875 	0.000551338 	5.13398e-05 	3
50.75 	0.000563766 	7.58302e-05 	4
50.8125 	0.000602052 	9.0327e-05 	3
50.875 	0.000426037 	5.59416e-05 	4
50.9375 	0.000545447 	9.74284e-05 	3
51.0 	0.000467645 	9.53954e-05 	2
51.0625 	0.000689371 	8.51226e-05 	5
51.125 	0.000385817 	7.64265e-05 	2
51.1875 	0.000779463 	9.26359e-05 	2
51.25 	0.000381827 	6.44552e-05 	2
51.3125 	0.000797851 	9.61158e-05 	2
51.375 	0.000518211 	8.69925e-05 	3
51.4375 	0.000418137 	8.30145e-05 	1
51.5 	0.000252448 	4.71561e-05 	2
51.5625 	0.000486032 	9.53398e-05 	3
51.625 	0.000389491 	7.96021e-05 	2
51.6875 	0.000539833 	9.33833e-05 	3
51.75 	0.000484589 	9.91595e-05 	4
51.8125 	0.000259425 	4.1907e-05 	2
51.875 	0.000331891 	7.54162e-05 	1
51.9375 	0.000429872 	8.94721e-05 	1
52.0 	0.000329757 	9.25704e-05 	2
52.0625 	0.000429373 	9.66636e-05 	2
52.125 	0.00048438 	5.75145e-05 	4
52.1875 	0.000359525 	5.57912e-05 	3
52.25 	0.000662913 	6.39464e-05 	4
52.3125 	0.000565121 	9.16568e-05 	4
52.375 	0.000697769 	7.94444e-05 	3
52.4375 	0.000823913 	6.83844e-05 	4
52.5 	0.000440274 	7.87354e-05 	2
52.5625 	0.000534921 	6.95833e-05 	3
52.625 	0.00040674 	7.80164e-05 	2
52.6875 	0.000633159 	6.33612e-05 	3
52.75 	0.000325141 	4.82804e-05 	2
52.8125 	0.000325207 	6.52631e-05 	2
52.875 	0.000417465 	5.3857e-05 	1
52.9375 	0.000291742 	9.31081e-05 	1
53.0 	0.000390109 	5.2044e-05 	2
53.0625 	0.00033848 	5.83074e-05 	2
53.125 	0.000427324 	5.79307e-05 	3
53.1875 	0.0003382 	9.41659e-05 	2
53.25 	0.000408432 	6.66398e-05 	2
53.3125 	0.000321 	5.35551e-05 	2
53.375 	0.000482696 	6.15425e-05 	2
53.4375 	0.000798978 	9.42214e-05 	3
53.5 	0.000322082 	7.88466e-05 	1
53.5625 	0.000477485 	8.53027e-05 	4
53.625 	0.000620205 	7.2246e-05 	3
53.6875 	0.000476925 	7.34844e-05 	4
53.75 	0.000433733 	9.42898e-05 	2
53.8125 	0.000429356 	9.66801e-05 	2
53.875 	0.00053105 	7.72704e-05 	5
53.9375 	0.0005269 	6.1609e-05 	4
54.0 	0.000462839 	6.7461e-05 	3
54.0625 	0.000646184 	9.26775e-05 	3
54.125 	0.0002562 	9.72413e-05 	1
54.1875 	0.00032658 	5.62796e-05 	2
54.25 	0.000390721 	6.25001e-05 	3
54.3125 	0.000696566 	9.94142e-05 	4
54.375 	0.000598566 	9.72338e-05 	3
54.4375 	0.000246604 	4.55096e-05 	2
54.5 	0.000503194 	8.73493e-05 	1
54.5625 	0.0006753 	7.75132e-05 	4
54.625 	0.000323298 	5.99148e-05 	2
54.6875 	0.000742645 	9.03706e-05 	6
54.75 	0.000393242 	8.24272e-05 	2
54.8125 	0.000575096 	6.93628e-05 	3
54.875 	0.000684458 	5.78227e-05 	4
54.9375 	0.00049656 	7.34053e-05 	2
55.0 	0.000617728 	6.80777e-05 	4
55.0625 	0.000390824 	8.85572e-05 	3
55.125 	0.00043466 	6.72599e-05 	3
55.1875 	0.000339564 	5.89465e-05 	2
55.25 	0.000512951 	8.97217e-05 	2
55.3125 	0.000556013 	7.03748e-05 	2
55.375 	0.000261502 	5.91235e-05 	1
55.4375 	0.000803593 	9.96062e-05 	6
55.5 	0.000704928 	6.43487e-05 	4
55.5625 	0.000460383 	7.72171e-05 	2
55.625 	0.000546109 	5.59997e-05 	3
55.6875 	0.000376049 	4.76625e-05 	2
55.75 	0.000404421 	7.30178e-05 	2
55.8125 	0.000789812 	4.58183e-05 	4
55.875 	0.000631321 	8.62081e-05 	4
55.9375 	0.000567034 	9.26806e-05 	3
56.0 	0.000651098 	9.3327e-05 	2
56.0625 	0.000384997 	5.36251e-05 	2
56.125 	0.00069303 	7.73291e-05 	6
56.1875 	0.000568874 	8.23952e-05 	2
56.25 	0.000317671 	6.29502e-05 	2
56.3125 	0.000331743 	7.32967e-05 	2
56.375 	0.000454026 	5.24979e-05 	3
56.4375 	0.000547324 	6.81906e-05 	4
56.5 	0.000596508 	8.41491e-05 	3
56.5625 	0.000241665 	6.04998e-05 	2
56.625 	0.000488296 	7.17167e-05 	3
56.6875 	0.000375466 	7.31107e-05 	2
56.75 	0.00051814 	7.44755e-05 	2
56.8125 	0.000519695 	9.23643e-05 	2
56.875 	0.000354218 	9.51933e-05 	1
56.9375 	0.000452529 	9.48792e-05 	2
57.0 	0.000387099 	6.76202e-05 	2
57.0625 	0.000539798 	6.81781e-05 	5
57.125 	0.000603685 	7.05502e-05 	3
57.1875 	0.000333155 	8.2383e-05 	2
57.25 	0.000684422 	8.84921e-05 	6
57.3125 	0.000376163 	9.19443e-05 	2
57.375 	0.000731706 	7.91426e-05 	4
57.4375 	0.000519836 	9.6903e-05 	2
57.5 	0.000358016 	9.63355e-05 	2
57.5625 	0.000575069 	8.82799e-05 	4
57.625 	0.000476724 	8.45362e-05 	1
57.6875 	0.000920775 	6.43475e-05 	4
57.75 	0.000659117 	8.55911e-05 	3
57.8125 	0.000430994 	6.33164e-05 	3
57.875 	0.000278586 	6.60023e-05 	1
57.9375 	0.000552196 	9.81647e-05 	3
58.0 	0.000523896 	6.06245e-05 	6
58.0625 	0.000270442 	4.27898e-05 	2
58.125 	0.000487355 	5.33967e-05 	3
58.1875 	0.000518009 	7.72261e-05 	4
58.25 	0.000498562 	4.84513e-05 	2
58.3125 	0.000381706 	8.1885e-05 	2
58.375 	0.000324018 	8.75106e-05 	2
58.4375 	0.000659548 	7.61406e-05 	3
58.5 	0.000733953 	9.02674e-05 	2
58.5625 	0.000541468 	9.09471e-05 	3
58.625 	0.000515862 	8.94841e-05 	2
58.6875 	0.000432653 	6.96314e-05 	4
58.75 	0.00037516 	9.58005e-05 	1
58.8125 	0.000613135 	9.60413e-05 	2
58.875 	0.000960329 	7.1491e-05 	4
58.9375 	0.000557537 	5.99878e-05 	4
59.0 	0.000465235 	8.28401e-05 	3
59.0625 	0.000770715 	7.80173e-05 	6
59.125 	0.000545531 	8.24008e-05 	4
59.1875 	0.000476638 	6.79761e-05 	4
59.25 	0.000771128 	6.98252e-05 	4
59.3125 	0.000605378 	9.67116e-05 	3
59.375 	0.000332565 	4.48417e-05 	2
59.4375 	0.000627734 	8.383e-05 	4
59.5 	0.000295459 	8.75632e-05 	2
59.5625 	0.000451056 	8.18874e-05 	2
59.625 	0.000426533 	6.73738e-05 	2
59.6875 	0.000590189 	8.27027e-05 	3
59.75 	0.000272473 	5.89251e-05 	2
59.8125 	0.000388972 	8.49094e-05 	2
59.875 	0.000432005 	9.76635e-05 	2
59.9375 	0.000377633 	6.49743e-05 	2
60.0 	0.000611143 	5.8401e-05 	4
60.0625 	0.000378967 	9.34555e-05 	2
60.125 	0.00038286 	9.48867e-05 	2
60.1875 	0.000435951 	8.0086e-05 	2
60.25 	0.000260512 	6.37946e-05 	2
60.3125 	0.000604188 	8.94854e-05 	2
60.375 	0.000474535 	7.72922e-05 	4
60.4375 	0.000321514 	6.79698e-05 	2
60.5 	0.000411759 	7.17659e-05 	4
60.5625 	0.000469937 	8.18176e-05 	2
60.625 	0.000337878 	6.63536e-05 	3
60.6875 	0.000465289 	6.25868e-05 	2
60.75 	0.000259668 	7.80689e-05 	1
60.8125 	0.000576604 	6.70055e-05 	4
60.875 	0.000408864 	6.94871e-05 	3
60.9375 	0.000505025 	6.89383e-05 	4
61.0 	0.00039998 	6.95861e-05 	1
61.0625 	0.000616038 	9.32788e-05 	2
61.125 	0.000473991 	7.89278e-05 	4
61.1875 	0.000714012 	8.42435e-05 	3
61.25 	0.000619761 	9.06343e-05 	3
61.3125 	0.000343622 	6.70816e-05 	2
61.375 	0.000991171 	9.30622e-05 	6
61.4375 	0.000544115 	9.30885e-05 	2
61.5 	0.000553853 	6.95581e-05 	3
61.5625 	0.00078432 	8.79683e-05 	3
61.625 	0.000399653 	5.74491e-05 	2
61.6875 	0.000358193 	5.36742e-05 	3
61.75 	0.000384622 	6.01285e-05 	2
61.8125 	0.00054501 	6.32285e-05 	4
61.875 	0.000972157 	9.04911e-05 	6
61.9375 	0.000308808 	8.78566e-05 	2
62.0 	0.000365292 	9.67112e-05 	2
62.0625 	0.000370581 	6.03381e-05 	2
62.125 	0.000694582 	7.68728e-05 	6
62.1875 	0.000342294 	9.58688e-05 	1
62.25 	0.000606405 	7.9192e-05 	4
62.3125 	0.000390492 	5.52454e-05 	2
62.375 	0.000476514 	8.11563e-05 	2
62.4375 	0.000550148 	5.85868e-05 	5
62.5 	0.000523776 	8.51273e-05 	3
62.5625 	0.000249174 	3.91382e-05 	2
62.625 	0.000412815 	5.58149e-05 	2
62.6875 	0.000201037 	8.24969e-05 	1
62.75 	0.000336606 	8.61329e-05 	1
62.8125 	0.000470119 	9.13215e-05 	3
62.875 	0.000496804 	8.11961e-05 	3
62.9375 	0.000644876 	8.80198e-05 	2
63.0 	0.000483873 	7.71919e-05 	2
63.0625 	0.000422662 	6.4739e-05 	2
63.125 	0.00051326 	8.58897e-05 	2
63.1875 	0.000445207 	9.54424e-05 	2
63.25 	0.000479954 	5.82944e-05 	3
63.3125 	0.000337838 	8.75334e-05 	2
63.375 	0.000393913 	8.56214e-05 	2
63.4375 	0.000387796 	6.52385e-05 	3
63.5 	0.000520959 	5.18217e-05 	2
63.5625 	0.000432269 	8.10256e-05 	3
63.625 	0.000678928 	6.29029e-05 	6
63.6875 	0.000412213 	2.5946e-05 	4
63.75 	0.000135674 	3.1869e-05 	1
63.8125 	0.000693847 	6.72328e-05 	6
63.875 	0.000385658 	7.75881e-05 	4
63.9375 	0.000366183 	7.87126e-05 	3
64.0 	0.000391255 	4.59823e-05 	2
64.0625 	0.000763597 	7.29323e-05 	3
64.125 	0.000521903 	6.01146e-05 	3
64.1875 	0.000570717 	9.22235e-05 	2
64.25 	0.000686237 	8.91643e-05 	4
64.3125 	0.000440714 	8.45403e-05 	4
64.375 	0.000362417 	6.48867e-05 	2
64.4375 	0.00033271 	9.80106e-05 	2
64.5 	0.000347277 	7.57974e-05 	2
64.5625 	0.000401279 	5.60061e-05 	3
64.625 	0.000202723 	5.14744e-05 	1
64.6875 	0.000388226 	9.59382e-05 	1
64.75 	0.000420856 	5.57515e-05 	3
64.8125 	0.000365645 	9.60652e-05 	2
64.875 	0.000569298 	8.30292e-05 	3
64.9375 	0.000995667 	6.9904e-05 	8
65.0 	0.000556118 	9.57852e-05 	2
65.0625 	0.000391765 	5.95415e-05 	2
65.125 	0.000357515 	9.63302e-05 	2
65.1875 	0.000486911 	9.1806e-05 	1
65.25 	0.000348365 	7.29252e-05 	2
65.3125 	0.000299885 	8.48832e-05 	1
65.375 	0.00018367 	9.94635e-05 	1
65.4375 	0.000519825 	6.89599e-05 	3
65.5 	0.000647649 	4.80391e-05 	4
65.5625 	0.000384323 	9.91396e-05 	1
65.625 	0.000580355 	9.27083e-05 	4
65.6875 	0.000451581 	9.91503e-05 	2
65.75 	0.000701585 	9.17049e-05 	5
65.8125 	0.000382267 	7.20107e-05 	2
65.875 	0.000775942 	7.74598e-05 	4
65.9375 	0.000169016 	4.66438e-05 	1
66.0 	0.000390943 	8.35405e-05 	2
66.0625 	0.000551397 	5.69676e-05 	4
66.125 	0.000410321 	5.64884e-05 	3
66.1875 	0.000597463 	8.68016e-05 	3
66.25 	0.000706952 	7.85648e-05 	4
66.3125 	0.000311469 	8.85134e-05 	2
66.375 	0.000682189 	8.75638e-05 	4
66.4375 	0.000395952 	3.93004e-05 	3
66.5 	0.000446085 	8.89027e-05 	2
66.5625 	0.000226973 	5.90679e-05 	2
66.625 	0.000261946 	9.8889e-05 	1
66.6875 	0.000354092 	9.84528e-05 	1
66.75 	0.000580592 	7.60115e-05 	3
66.8125 	0.000512818 	5.91721e-05 	5
66.875 	0.000524713 	4.53424e-05 	2
66.9375 	0.00044684 	8.95185e-05 	2
67.0 	0.000520513 	8.89849e-05 	3
67.0625 	0.000466448 	5.41807e-05 	4
67.125 	0.000417317 	6.24979e-05 	2
67.1875 	0.000276185 	7.4275e-05 	1
67.25 	0.00046932 	8.79638e-05 	2
67.3125 	0.000485204 	9.61445e-05 	2
67.375 	0.000521266 	9.048e-05 	3
67.4375 	0.000436406 	8.75305e-05 	1
67.5 	0.000638166 	7.02304e-05 	4
67.5625 	0.000634926 	8.88112e-05 	3
67.625 	0.000282512 	4.42872e-05 	2
67.6875 	0.000377163 	3.88705e-05 	2
67.75 	0.000202992 	4.91572e-05 	1
67.8125 	0.000373974 	9.14402e-05 	2
67.875 	0.000565233 	9.8964e-05 	1
67.9375 	0.000471208 	9.26529e-05 	2
68.0 	0.000715963 	6.56628e-05 	4
68.0625 	0.000706484 	8.66014e-05 	6
68.125 	0.000435686 	9.92878e-05 	2
68.1875 	0.000763829 	9.64827e-05 	2
68.25 	0.000624989 	5.27767e-05 	6
68.3125 	0.000572583 	6.32319e-05 	4
68.375 	0.00074671 	8.36342e-05 	4
68.4375 	0.000330494 	9.05891e-05 	2
68.5 	0.000707592 	7.44255e-05 	3
68.5625 	0.000608648 	6.13484e-05 	4
68.625 	0.000626329 	5.88872e-05 	3
68.6875 	0.000618713 	9.33265e-05 	4
68.75 	0.000448184 	8.2105e-05 	2
68.8125 	0.00059824 	9.03905e-05 	2
68.875 	0.000686192 	8.21038e-05 	3
68.9375 	0.000509066 	9.92493e-05 	3
69.0 	0.000760529 	6.58602e-05 	4
69.0625 	0.000302148 	4.72808e-05 	2
69.125 	0.000501737 	8.89847e-05 	3
69.1875 	0.000765922 	8.31302e-05 	3
69.25 	0.000353326 	6.43693e-05 	2
69.3125 	0.000706996 	8.71342e-05 	3
69.375 	0.000687422 	7.16758e-05 	3
69.4375 	0.000346962 	9.43011e-05 	2
69.5 	0.000308908 	8.28163e-05 	1
69.5625 	0.000788564 	5.54425e-05 	4
69.625 	0.000565896 	9.58162e-05 	3
69.6875 	0.00027759 	7.0127e-05 	1
69.75 	0.000582644 	8.38717e-05 	4
69.8125 	0.00062231 	8.22974e-05 	4
69.875 	0.000400088 	9.71889e-05 	2
69.9375 	0.000542852 	9.26042e-05 	2
70.0 	0.000450688 	4.89439e-05 	3
