# time 	Initial 	Final 	Iterations
0.333274 	0.00024631 	1.44794e-05 	1
0.579973 	0.000214813 	1.50216e-05 	1
0.642226 	9.95112e-05 	9.27723e-06 	1
0.70448 	0.000121711 	9.44459e-06 	1
0.766734 	0.000288653 	2.06108e-05 	1
0.828988 	0.000312849 	2.19394e-05 	1
1.01575 	0.000170542 	1.40755e-05 	1
1.26477 	0.000239501 	1.78365e-05 	1
1.38927 	0.00020989 	1.59905e-05 	1
1.45153 	0.000145742 	1.12354e-05 	1
1.51378 	0.000118976 	9.49582e-06 	1
1.7628 	0.000279421 	1.9207e-05 	1
1.8873 	0.000184178 	1.34087e-05 	1
1.94956 	0.000141645 	3.64455e-06 	2
2.07407 	0.000169541 	1.27646e-05 	1
2.19857 	0.000299258 	2.00489e-05 	1
2.26083 	0.000155731 	1.34475e-05 	1
2.32308 	0.000140985 	1.35676e-05 	1
2.38534 	0.00012334 	3.26172e-06 	2
2.44759 	0.000193558 	1.41514e-05 	1
2.63435 	0.000207365 	1.56056e-05 	1
2.69661 	0.000196156 	1.41175e-05 	1
2.88337 	0.000410311 	2.86429e-05 	1
2.94562 	0.000247756 	1.70669e-05 	1
3.07013 	0.000129477 	1.27806e-05 	1
3.19464 	0.000200964 	1.38477e-05 	1
3.25689 	0.000216636 	1.64085e-05 	1
3.31914 	0.000158708 	1.44442e-05 	1
3.3814 	0.000143129 	1.03807e-05 	1
3.44365 	0.000118592 	1.1289e-05 	1
3.50591 	0.00019383 	1.52147e-05 	1
3.69267 	5.80221e-05 	6.45126e-06 	1
3.75492 	0.000129832 	3.344e-06 	2
3.87943 	0.000248537 	2.3164e-05 	1
4.00394 	0.000184774 	4.44092e-06 	2
4.06619 	8.14244e-05 	8.77503e-06 	1
4.12845 	0.00011105 	8.0889e-06 	1
4.1907 	0.000144574 	1.22238e-05 	1
4.25295 	0.000278565 	1.83515e-05 	1
4.31521 	0.000136615 	1.0398e-05 	1
4.37746 	0.000123513 	3.02863e-06 	2
4.50197 	0.000152963 	1.31002e-05 	1
4.56422 	0.000309058 	2.08336e-05 	1
4.62648 	9.52412e-05 	2.55268e-06 	2
4.68873 	0.000113994 	9.55184e-06 	1
4.93775 	0.000289217 	2.02734e-05 	1
5.0 	7.03622e-05 	5.89408e-06 	1
5.0625 	0.000204299 	1.98413e-05 	1
5.125 	0.000186229 	1.30328e-05 	1
5.25 	0.000297806 	2.01114e-05 	1
5.375 	0.000203008 	1.40389e-05 	1
5.5 	0.000154136 	1.29136e-05 	1
5.5625 	0.000116989 	3.11666e-06 	2
5.625 	0.00012057 	9.19991e-06 	1
5.6875 	0.000251149 	1.71876e-05 	1
5.8125 	0.000291609 	2.03521e-05 	1
5.875 	0.000101647 	1.91722e-06 	2
5.9375 	0.000171497 	1.49705e-05 	1
6.0 	0.00019467 	1.51847e-05 	1
6.1875 	0.000338623 	2.99024e-05 	1
6.25 	0.000265226 	1.88919e-05 	1
6.4375 	0.000483905 	3.49581e-05 	1
6.75 	0.000141733 	1.30809e-05 	1
6.8125 	0.00014242 	1.08499e-05 	1
6.9375 	0.00012529 	8.87315e-06 	1
7.125 	0.000212218 	1.47543e-05 	1
7.1875 	0.000109372 	1.09304e-05 	1
7.25 	0.000230274 	1.63658e-05 	1
7.5625 	0.00027074 	1.83869e-05 	1
7.6875 	0.000298011 	2.81982e-05 	1
7.8125 	0.000176332 	1.29916e-05 	1
7.9375 	0.000174204 	1.27488e-05 	1
8.0 	9.51772e-05 	7.69897e-06 	1
8.0625 	0.000389352 	2.59355e-05 	1
8.125 	0.000354979 	2.34212e-05 	1
8.25 	0.000281877 	1.97966e-05 	1
8.3125 	7.75706e-05 	8.04932e-06 	1
8.4375 	0.000304869 	2.08145e-05 	1
8.5 	0.000291893 	2.08864e-05 	1
8.5625 	0.000336318 	2.34058e-05 	1
8.8125 	9.81979e-05 	2.39343e-06 	2
8.9375 	0.000216348 	1.49771e-05 	1
9.0 	0.000101103 	8.54866e-06 	1
9.1875 	0.00010326 	9.33062e-06 	1
9.25 	0.000325129 	2.17783e-05 	1
9.3125 	0.000148622 	1.22648e-05 	1
9.375 	0.000167071 	1.20051e-05 	1
9.4375 	0.000107589 	1.0297e-05 	1
9.5625 	0.000175783 	1.65554e-05 	1
9.625 	8.51555e-05 	7.52512e-06 	1
9.6875 	0.000131253 	1.20554e-05 	1
9.8125 	0.000324195 	2.22453e-05 	1
9.9375 	0.000174989 	1.40505e-05 	1
10.0 	0.000195261 	1.32317e-05 	1
10.1875 	0.000316258 	2.22469e-05 	1
10.3125 	0.000203454 	1.88398e-05 	1
10.625 	0.000107808 	1.04609e-05 	1
10.6875 	0.000131282 	1.28648e-05 	1
10.75 	0.000135277 	1.18377e-05 	1
10.8125 	0.000239176 	1.74377e-05 	1
10.875 	0.000116434 	9.68154e-06 	1
11.0 	0.000164844 	1.40817e-05 	1
11.0625 	0.000225719 	1.6176e-05 	1
11.1875 	0.000278087 	1.90484e-05 	1
11.6875 	0.000262805 	1.86347e-05 	1
11.75 	0.000150505 	1.20009e-05 	1
11.8125 	0.000198422 	1.60788e-05 	1
11.875 	0.0003156 	2.16995e-05 	1
11.9375 	0.000201866 	1.50088e-05 	1
12.0 	0.000261145 	1.78869e-05 	1
12.0625 	0.000128621 	3.37944e-06 	2
12.1875 	0.000304409 	2.05258e-05 	1
12.3125 	0.000317569 	2.19396e-05 	1
12.375 	0.000274457 	1.91558e-05 	1
12.625 	0.00020428 	1.45179e-05 	1
12.6875 	0.000104626 	8.39973e-06 	1
12.8125 	0.000235942 	2.06467e-05 	1
12.875 	0.000300948 	2.01268e-05 	1
13.0 	0.000157585 	1.28987e-05 	1
13.0625 	0.000190637 	1.78498e-05 	1
13.1875 	0.000254362 	1.84921e-05 	1
13.25 	0.000232236 	1.75361e-05 	1
13.375 	0.000172329 	1.24614e-05 	1
13.5625 	0.000202312 	1.5145e-05 	1
13.625 	0.000151813 	1.17498e-05 	1
13.6875 	0.000252954 	2.17204e-05 	1
14.0 	0.000275056 	1.98808e-05 	1
14.0625 	0.000193579 	1.44537e-05 	1
14.125 	0.000187972 	1.46589e-05 	1
14.1875 	0.000488308 	4.01237e-05 	1
14.3125 	0.000324402 	2.37362e-05 	1
14.375 	0.000230487 	1.83414e-05 	1
14.4375 	0.000245955 	1.73742e-05 	1
14.5 	0.000383253 	2.54061e-05 	1
14.625 	0.000269603 	1.89284e-05 	1
14.6875 	0.000195092 	1.41664e-05 	1
14.75 	0.000155209 	1.12847e-05 	1
14.8125 	0.000143934 	1.23534e-05 	1
14.9375 	0.000272559 	1.88089e-05 	1
15.0 	8.68539e-05 	9.84256e-06 	1
15.1875 	0.000326807 	2.25625e-05 	1
15.25 	0.000116457 	1.04004e-05 	1
15.3125 	0.000320413 	2.84232e-05 	1
15.375 	0.000115438 	3.3865e-06 	2
15.4375 	0.000188343 	1.40644e-05 	1
15.5 	0.000185555 	1.37647e-05 	1
15.8125 	0.000155885 	1.41247e-05 	1
15.875 	0.000162986 	1.23492e-05 	1
15.9375 	0.000242773 	1.95121e-05 	1
16.0 	8.74109e-05 	8.66917e-06 	1
16.0625 	0.000231661 	1.68053e-05 	1
16.125 	0.000169743 	1.44049e-05 	1
16.1875 	0.000163575 	1.21287e-05 	1
16.25 	0.000231969 	1.59282e-05 	1
16.3125 	0.000165738 	1.13359e-05 	1
16.375 	0.000282488 	2.00479e-05 	1
16.5 	0.000104163 	9.61338e-06 	1
16.625 	0.000272065 	1.9954e-05 	1
16.8125 	0.000160324 	1.35847e-05 	1
16.9375 	8.34852e-05 	8.55729e-06 	1
17.25 	0.000200861 	1.4997e-05 	1
17.3125 	0.000162007 	1.19567e-05 	1
17.375 	0.000119655 	1.02029e-05 	1
17.4375 	0.000118921 	9.24133e-06 	1
17.5625 	0.000116751 	9.47236e-06 	1
17.6875 	0.000268581 	1.97069e-05 	1
18.0 	0.000185727 	1.4588e-05 	1
18.0625 	0.000238522 	1.65153e-05 	1
18.1875 	0.000132099 	2.72474e-06 	2
18.25 	0.00026374 	1.86735e-05 	1
18.375 	0.00031481 	2.16062e-05 	1
18.4375 	0.000109504 	9.62608e-06 	1
18.5625 	0.000156789 	1.43407e-05 	1
18.625 	0.000155208 	1.30482e-05 	1
18.8125 	0.000325514 	2.2302e-05 	1
18.875 	0.000195172 	1.35804e-05 	1
18.9375 	0.000130359 	1.22647e-05 	1
19.125 	0.000134503 	1.16231e-05 	1
19.4375 	0.000192548 	1.57815e-05 	1
19.5 	6.87858e-05 	7.66975e-06 	1
19.625 	0.000404001 	2.80686e-05 	1
19.6875 	0.00030305 	2.02192e-05 	1
19.75 	0.000210059 	1.47502e-05 	1
19.9375 	0.000135114 	3.49767e-06 	2
20.0 	0.000275381 	1.96667e-05 	1
20.125 	0.000186413 	1.36341e-05 	1
20.1875 	0.000263056 	1.77898e-05 	1
20.375 	9.68571e-05 	2.09439e-06 	2
20.4375 	7.65688e-05 	7.85223e-06 	1
20.5 	0.000193966 	1.65292e-05 	1
20.625 	0.000252762 	1.71904e-05 	1
20.6875 	0.000139577 	1.32559e-05 	1
20.75 	0.000187156 	1.30142e-05 	1
21.0 	0.000163916 	1.28871e-05 	1
21.0625 	0.000278036 	1.96283e-05 	1
21.1875 	0.000114889 	2.84727e-06 	2
21.3125 	0.000402111 	2.66598e-05 	1
21.5625 	0.000116789 	2.4511e-06 	2
21.75 	0.000272271 	1.89204e-05 	1
21.8125 	0.000111092 	1.05461e-05 	1
21.875 	0.000158727 	1.21859e-05 	1
21.9375 	0.000306721 	2.14126e-05 	1
22.125 	0.000150749 	1.46094e-05 	1
22.1875 	0.000166155 	1.22699e-05 	1
22.25 	7.53564e-05 	6.65723e-06 	1
22.3125 	0.000243767 	2.26784e-05 	1
22.375 	0.00031016 	2.58934e-05 	1
22.9375 	0.000123027 	9.11571e-06 	1
23.0 	0.000148029 	1.17488e-05 	1
23.125 	0.000150881 	1.08112e-05 	1
23.1875 	0.000216524 	1.56345e-05 	1
23.3125 	0.000191279 	1.42668e-05 	1
23.375 	0.000195454 	1.34659e-05 	1
23.4375 	7.01699e-05 	6.75779e-06 	1
23.6875 	9.32814e-05 	9.74927e-06 	1
23.8125 	0.000375861 	2.55226e-05 	1
24.0 	0.000383011 	3.14787e-05 	1
24.0625 	0.000185523 	1.46382e-05 	1
24.3125 	0.000101815 	2.61435e-06 	2
24.375 	0.000194778 	1.37334e-05 	1
24.4375 	0.000217839 	1.623e-05 	1
24.5625 	0.000142075 	1.28955e-05 	1
24.6875 	0.000102976 	9.43016e-06 	1
24.75 	0.000332887 	2.21784e-05 	1
24.8125 	0.000135908 	1.15094e-05 	1
25.0 	0.00016066 	1.14344e-05 	1
25.0625 	0.000119943 	1.1464e-05 	1
25.125 	0.000124402 	1.09845e-05 	1
25.25 	0.000249892 	1.84448e-05 	1
25.3125 	0.000168606 	1.22029e-05 	1
25.625 	0.000128208 	1.14358e-05 	1
25.6875 	0.000279915 	1.9284e-05 	1
25.75 	0.000175285 	1.29416e-05 	1
25.8125 	0.000213859 	1.47871e-05 	1
26.0 	0.000125318 	3.20196e-06 	2
26.125 	0.00010908 	3.01599e-06 	2
26.25 	0.000257312 	2.19138e-05 	1
26.3125 	0.000245386 	1.73875e-05 	1
26.375 	8.73502e-05 	8.58682e-06 	1
26.5 	0.000205602 	1.4761e-05 	1
26.5625 	0.00010618 	2.66935e-06 	2
26.625 	0.000114577 	1.11836e-05 	1
26.6875 	0.000106568 	2.96652e-06 	2
26.875 	0.000273588 	1.87587e-05 	1
26.9375 	0.000297932 	2.07197e-05 	1
27.0 	0.000126719 	1.00251e-05 	1
27.25 	0.000170946 	1.35714e-05 	1
27.3125 	0.000175324 	1.31901e-05 	1
27.375 	0.000109591 	2.8868e-06 	2
27.5 	0.000265933 	1.88569e-05 	1
27.625 	0.000261138 	1.79051e-05 	1
27.6875 	0.000216751 	1.62892e-05 	1
27.75 	0.000227915 	1.61455e-05 	1
27.8125 	0.000125586 	1.08069e-05 	1
28.0 	6.91144e-05 	6.53305e-06 	1
28.0625 	0.000301491 	2.02475e-05 	1
28.125 	0.000173859 	1.22118e-05 	1
28.3125 	0.00023224 	1.72151e-05 	1
28.4375 	6.19156e-05 	6.87646e-06 	1
28.5 	0.000123596 	9.33889e-06 	1
28.625 	0.000141969 	3.70223e-06 	2
28.6875 	0.000185881 	1.6139e-05 	1
28.8125 	0.000145534 	1.15585e-05 	1
28.875 	0.000160686 	1.48644e-05 	1
28.9375 	8.58352e-05 	8.32753e-06 	1
29.0 	0.000148739 	1.06521e-05 	1
29.0625 	0.000207413 	1.89356e-05 	1
29.125 	0.000137431 	1.06673e-05 	1
29.1875 	0.000208164 	1.56276e-05 	1
29.25 	0.000319289 	2.15159e-05 	1
29.375 	0.00012731 	1.16277e-05 	1
29.4375 	0.000116919 	9.72119e-06 	1
29.625 	0.000214225 	1.65844e-05 	1
29.6875 	0.000210692 	2.00047e-05 	1
29.75 	0.000112696 	3.01091e-06 	2
29.9375 	0.000225352 	1.7577e-05 	1
30.125 	0.000107209 	8.58504e-06 	1
30.1875 	4.2878e-05 	3.89139e-06 	1
30.25 	0.000227674 	1.65355e-05 	1
30.3125 	9.06653e-05 	8.93431e-06 	1
30.375 	0.000252221 	1.80182e-05 	1
30.4375 	0.000169408 	1.43683e-05 	1
30.5 	0.0002763 	1.94812e-05 	1
30.5625 	0.000183192 	1.34518e-05 	1
30.6875 	8.81484e-05 	8.10936e-06 	1
30.8125 	9.73644e-05 	9.65836e-06 	1
30.9375 	0.000313081 	2.15771e-05 	1
31.1875 	0.000118046 	1.09784e-05 	1
31.25 	0.000388224 	3.12425e-05 	1
31.375 	0.000129727 	1.09072e-05 	1
31.5 	0.000213634 	1.45629e-05 	1
31.625 	8.95154e-05 	8.46292e-06 	1
31.75 	0.000323806 	2.30705e-05 	1
31.8125 	0.000507986 	4.18724e-05 	1
31.875 	0.000285733 	1.97405e-05 	1
32.0 	0.00012847 	3.83831e-06 	2
32.125 	0.000107502 	7.87908e-06 	1
32.1875 	0.00019288 	1.4777e-05 	1
32.25 	0.000264774 	2.31914e-05 	1
32.3125 	0.000142636 	1.211e-05 	1
32.4375 	0.000258465 	1.88093e-05 	1
32.5 	0.000130761 	2.74333e-06 	2
32.625 	0.000278829 	1.96965e-05 	1
32.6875 	0.000121471 	1.1544e-05 	1
32.75 	0.000163629 	1.35556e-05 	1
32.8125 	0.000116366 	1.12489e-05 	1
32.875 	0.000300815 	2.06585e-05 	1
33.0 	0.000128914 	3.73102e-06 	2
33.0625 	0.000105628 	8.95922e-06 	1
33.125 	0.000201853 	1.6576e-05 	1
33.1875 	0.000116808 	2.84164e-06 	2
33.3125 	0.000120029 	1.06898e-05 	1
33.375 	0.000101122 	3.27499e-06 	2
33.4375 	0.00014605 	1.38517e-05 	1
33.625 	0.000254182 	1.75962e-05 	1
33.6875 	0.000262866 	1.83038e-05 	1
33.875 	0.000146314 	1.04247e-05 	1
33.9375 	0.000235549 	1.62789e-05 	1
34.0625 	7.89297e-05 	7.00118e-06 	1
34.125 	0.000173282 	1.26209e-05 	1
34.1875 	0.000347066 	2.40493e-05 	1
34.25 	0.000256292 	1.82465e-05 	1
34.3125 	0.00014961 	1.30447e-05 	1
34.375 	0.000105787 	2.3926e-06 	2
34.4375 	0.000188176 	1.30056e-05 	1
34.5 	0.00020376 	1.52503e-05 	1
34.5625 	0.000140887 	1.05435e-05 	1
34.625 	0.000155701 	3.83266e-06 	2
34.6875 	0.000181032 	1.36245e-05 	1
34.875 	0.000272393 	1.87908e-05 	1
34.9375 	0.000142135 	1.22694e-05 	1
35.0625 	0.000128431 	2.49543e-06 	2
35.125 	0.000319224 	2.20803e-05 	1
35.25 	0.000106247 	9.2175e-06 	1
35.3125 	0.000175656 	1.1946e-05 	1
35.375 	0.000160003 	1.36575e-05 	1
35.625 	0.000164215 	1.24932e-05 	1
35.6875 	0.000203802 	1.41864e-05 	1
35.75 	0.000372697 	2.52431e-05 	1
35.8125 	0.000283742 	1.91804e-05 	1
35.875 	0.000139828 	1.14814e-05 	1
35.9375 	0.000155573 	1.21319e-05 	1
36.0 	0.000100508 	3.12113e-06 	2
36.125 	0.000150579 	1.13982e-05 	1
36.25 	0.000248733 	1.7909e-05 	1
36.4375 	0.000159882 	1.24087e-05 	1
36.5 	0.000234658 	1.76861e-05 	1
36.8125 	0.000230136 	1.64967e-05 	1
36.875 	0.000125661 	3.47373e-06 	2
37.125 	0.000130479 	1.08287e-05 	1
37.1875 	0.000102238 	9.21378e-06 	1
37.3125 	7.7041e-05 	8.19169e-06 	1
37.4375 	0.000188028 	1.28016e-05 	1
37.5 	0.000225422 	1.61401e-05 	1
37.5625 	0.000219065 	1.54969e-05 	1
37.75 	0.000275709 	1.8897e-05 	1
37.9375 	0.000104707 	9.81337e-06 	1
38.0 	0.000106811 	9.55741e-06 	1
38.0625 	0.000278302 	1.94242e-05 	1
38.125 	0.000176496 	1.63073e-05 	1
38.25 	0.0001774 	1.33729e-05 	1
38.3125 	0.000209929 	1.771e-05 	1
38.4375 	0.000232943 	1.69728e-05 	1
38.5625 	0.000147655 	1.46082e-05 	1
38.6875 	0.000168172 	1.30687e-05 	1
38.8125 	0.000115242 	3.16872e-06 	2
38.875 	0.00017151 	1.29772e-05 	1
38.9375 	0.000121015 	9.15185e-06 	1
39.0 	0.00022026 	5.23575e-06 	2
39.0625 	0.000286219 	1.97872e-05 	1
39.125 	7.54825e-05 	6.90617e-06 	1
39.1875 	0.000103659 	1.0206e-05 	1
39.25 	0.000121836 	9.25775e-06 	1
39.3125 	0.000162275 	1.29407e-05 	1
39.5625 	0.000151935 	1.20766e-05 	1
39.625 	0.000199544 	1.4612e-05 	1
39.6875 	0.000334997 	2.23383e-05 	1
39.75 	0.00033507 	2.34118e-05 	1
39.875 	0.000269417 	1.86671e-05 	1
39.9375 	0.000206405 	1.5519e-05 	1
40.0 	0.000165002 	1.28278e-05 	1
40.125 	0.000310617 	2.06946e-05 	1
40.25 	8.64641e-05 	9.3841e-06 	1
40.3125 	0.000152073 	1.1473e-05 	1
40.4375 	0.000194437 	1.39163e-05 	1
40.5 	0.000370257 	2.51821e-05 	1
40.5625 	0.000119108 	1.16137e-05 	1
40.625 	0.000129018 	9.7249e-06 	1
40.8125 	0.000111419 	9.12327e-06 	1
40.9375 	0.000231204 	2.02228e-05 	1
41.125 	0.000262191 	1.83292e-05 	1
41.1875 	0.000188808 	1.33694e-05 	1
41.25 	0.000288953 	2.13696e-05 	1
41.3125 	0.000229706 	1.68805e-05 	1
41.4375 	7.99385e-05 	9.72553e-06 	1
41.5 	0.00012372 	9.87627e-06 	1
41.6875 	0.000261521 	1.72358e-05 	1
41.8125 	0.000218176 	1.50881e-05 	1
41.9375 	8.49096e-05 	8.47167e-06 	1
42.0 	0.000328042 	2.22712e-05 	1
42.25 	0.000148167 	1.0708e-05 	1
42.5 	0.000320882 	2.13997e-05 	1
42.6875 	0.000193986 	1.50908e-05 	1
42.8125 	0.00018619 	1.3592e-05 	1
42.875 	0.000309031 	2.19577e-05 	1
42.9375 	0.000178962 	1.70548e-05 	1
43.0 	0.000133866 	1.19363e-05 	1
43.0625 	0.000189182 	1.32448e-05 	1
43.1875 	0.000190372 	1.42375e-05 	1
43.3125 	0.00016801 	1.25658e-05 	1
43.375 	0.00030382 	2.10004e-05 	1
43.6875 	0.00017795 	1.35976e-05 	1
43.8125 	6.89162e-05 	5.97623e-06 	1
43.9375 	8.97651e-05 	9.58889e-06 	1
44.0 	0.000142718 	1.24757e-05 	1
44.0625 	0.00013398 	1.12307e-05 	1
44.125 	0.000204836 	1.6009e-05 	1
44.1875 	0.000137552 	1.14589e-05 	1
44.25 	8.63113e-05 	8.82793e-06 	1
44.3125 	0.000365226 	2.48363e-05 	1
44.4375 	0.000142066 	1.0324e-05 	1
44.5625 	0.000197129 	1.68862e-05 	1
44.6875 	0.000231063 	1.68689e-05 	1
44.8125 	8.8302e-05 	6.98676e-06 	1
44.875 	0.000220546 	1.58675e-05 	1
44.9375 	0.000153892 	1.08124e-05 	1
45.0 	0.000180127 	1.39949e-05 	1
45.0625 	0.000280474 	5.96001e-06 	2
45.1875 	0.00024061 	1.69673e-05 	1
45.3125 	0.000211509 	1.47868e-05 	1
45.5 	0.00031521 	2.21488e-05 	1
45.625 	0.000143547 	1.39745e-05 	1
45.6875 	0.000199021 	1.43255e-05 	1
45.75 	0.000134744 	1.0045e-05 	1
46.0 	0.000157559 	1.15749e-05 	1
46.0625 	9.50986e-05 	7.60621e-06 	1
46.3125 	0.000178256 	1.32167e-05 	1
46.5625 	0.000188314 	1.44024e-05 	1
46.625 	0.00033257 	2.33848e-05 	1
46.6875 	0.000154554 	1.19766e-05 	1
46.75 	0.000221122 	1.84065e-05 	1
46.875 	0.000214172 	1.69326e-05 	1
47.0 	9.75904e-05 	7.66962e-06 	1
47.0625 	0.000162456 	1.13872e-05 	1
47.125 	0.00016089 	1.45775e-05 	1
47.1875 	0.000111776 	2.97515e-06 	2
47.25 	0.000262366 	1.8417e-05 	1
47.375 	8.66285e-05 	9.06013e-06 	1
47.5 	0.000268988 	2.28477e-05 	1
47.5625 	8.291e-05 	8.84146e-06 	1
47.625 	0.000162554 	1.16635e-05 	1
47.6875 	6.40572e-05 	7.33217e-06 	1
47.8125 	0.000276261 	2.37257e-05 	1
48.0625 	0.000157863 	1.21696e-05 	1
48.1875 	8.7813e-05 	7.56338e-06 	1
48.25 	0.000298009 	2.07238e-05 	1
48.3125 	0.000329621 	2.20977e-05 	1
48.4375 	0.000276205 	1.86716e-05 	1
48.5625 	0.000168217 	1.57307e-05 	1
48.75 	0.000100321 	9.53407e-06 	1
48.8125 	0.000268608 	1.87608e-05 	1
48.9375 	0.000234858 	1.59881e-05 	1
49.0 	0.000217191 	1.58515e-05 	1
49.125 	0.000190746 	1.51608e-05 	1
49.25 	0.000135288 	3.78108e-06 	2
49.3125 	9.68596e-05 	8.28874e-06 	1
49.375 	0.000177668 	1.286e-05 	1
49.4375 	0.000120705 	9.76996e-06 	1
49.5 	0.000171633 	1.53096e-05 	1
49.5625 	0.00012666 	9.85565e-06 	1
49.6875 	0.000140619 	1.22277e-05 	1
49.75 	0.000196066 	1.94602e-05 	1
50.0625 	0.000170844 	1.21878e-05 	1
50.25 	0.000135217 	1.22153e-05 	1
50.3125 	0.000370039 	2.49413e-05 	1
50.375 	0.000153229 	1.17035e-05 	1
50.4375 	0.000191868 	1.79314e-05 	1
50.5625 	8.16877e-05 	8.89563e-06 	1
50.625 	0.000138566 	1.34203e-05 	1
50.75 	7.45651e-05 	7.65233e-06 	1
50.8125 	8.61119e-05 	7.79806e-06 	1
50.875 	9.15897e-05 	8.48648e-06 	1
50.9375 	0.000173536 	1.26042e-05 	1
51.0 	0.000196326 	1.60143e-05 	1
51.125 	0.000327727 	2.15646e-05 	1
51.1875 	0.000161948 	1.11935e-05 	1
51.25 	0.000411059 	2.77765e-05 	1
51.3125 	0.000282583 	1.94256e-05 	1
51.375 	0.000206435 	1.43153e-05 	1
51.4375 	0.000209001 	1.7955e-05 	1
51.5 	0.000341778 	2.34864e-05 	1
51.625 	0.00024895 	2.37298e-05 	1
51.6875 	0.000134968 	1.17335e-05 	1
51.8125 	0.000187487 	1.35636e-05 	1
52.0 	0.000220914 	1.5184e-05 	1
52.0625 	8.43015e-05 	8.84181e-06 	1
52.1875 	0.000235437 	1.68766e-05 	1
52.3125 	0.000264843 	1.90297e-05 	1
52.375 	8.29652e-05 	9.10583e-06 	1
52.5 	0.000303194 	2.0579e-05 	1
52.625 	0.000171733 	1.26891e-05 	1
52.75 	0.000145107 	1.05747e-05 	1
52.8125 	0.00013747 	4.18417e-06 	2
52.875 	0.000119137 	8.672e-06 	1
52.9375 	0.000255651 	1.75857e-05 	1
53.1875 	0.000225481 	1.57806e-05 	1
53.25 	0.000133213 	1.1322e-05 	1
53.3125 	0.000108562 	3.59029e-06 	2
53.5 	0.000236561 	1.79056e-05 	1
53.5625 	0.000166961 	1.45985e-05 	1
53.625 	0.000293294 	2.02163e-05 	1
53.6875 	0.000113063 	8.39394e-06 	1
53.75 	0.000127253 	9.71458e-06 	1
53.8125 	0.000143708 	3.46136e-06 	2
53.875 	0.000137596 	3.51525e-06 	2
54.0 	0.000356727 	2.36702e-05 	1
54.0625 	0.000298691 	2.1199e-05 	1
54.1875 	0.000337524 	2.23678e-05 	1
54.25 	0.000117781 	9.62676e-06 	1
54.3125 	0.000282622 	1.88242e-05 	1
54.375 	0.000185678 	1.29267e-05 	1
54.4375 	0.000335643 	2.40911e-05 	1
54.6875 	0.000158386 	1.20075e-05 	1
54.8125 	0.000171434 	1.26421e-05 	1
54.875 	0.000209642 	1.62492e-05 	1
54.9375 	0.000193706 	1.37634e-05 	1
55.0 	0.00014837 	1.12108e-05 	1
55.125 	0.000212761 	1.50939e-05 	1
55.3125 	0.000281289 	2.04187e-05 	1
55.4375 	0.000304054 	2.60131e-05 	1
55.5 	0.000210722 	1.4513e-05 	1
55.6875 	0.000341662 	2.32284e-05 	1
55.75 	0.00012645 	3.19064e-06 	2
55.875 	0.000166148 	1.51251e-05 	1
55.9375 	0.000246817 	1.76315e-05 	1
56.0 	0.000211374 	1.90405e-05 	1
56.0625 	0.000125989 	1.08561e-05 	1
56.3125 	0.00033159 	2.32201e-05 	1
56.375 	0.000145154 	1.39447e-05 	1
56.4375 	0.000137695 	1.17283e-05 	1
56.5625 	0.000161723 	1.32283e-05 	1
56.6875 	0.000270893 	1.92088e-05 	1
56.75 	0.000264735 	1.80905e-05 	1
56.8125 	0.000271455 	1.88621e-05 	1
56.9375 	0.000164113 	1.34377e-05 	1
57.0 	0.00030444 	2.08904e-05 	1
57.0625 	0.00030476 	2.07308e-05 	1
57.1875 	0.00022268 	1.58941e-05 	1
57.25 	0.000132964 	1.16364e-05 	1
57.3125 	0.000276589 	1.98128e-05 	1
57.4375 	0.000143067 	1.40051e-05 	1
57.625 	0.000254729 	1.74007e-05 	1
57.6875 	0.000345532 	2.33642e-05 	1
57.75 	5.53778e-05 	5.60502e-06 	1
57.8125 	0.000246051 	2.25859e-05 	1
58.0 	0.000113565 	8.88195e-06 	1
58.0625 	0.000281777 	1.89081e-05 	1
58.125 	0.000154414 	1.27113e-05 	1
58.1875 	0.000231747 	1.72139e-05 	1
58.25 	0.000117201 	2.72429e-06 	2
58.3125 	0.000196977 	1.44205e-05 	1
58.4375 	0.000134045 	1.02342e-05 	1
58.5625 	0.000100213 	2.38329e-06 	2
58.6875 	0.000128989 	1.10862e-05 	1
58.8125 	0.000135918 	1.34491e-05 	1
58.875 	0.000162572 	4.04125e-06 	2
58.9375 	0.000144824 	1.2559e-05 	1
59.0 	0.000108866 	8.8262e-06 	1
59.125 	0.000289044 	2.02411e-05 	1
59.25 	0.000184861 	1.3691e-05 	1
59.3125 	7.88728e-05 	7.56954e-06 	1
59.375 	0.000296575 	2.14903e-05 	1
59.5 	0.00013173 	3.4868e-06 	2
59.6875 	0.000283737 	2.01034e-05 	1
59.8125 	0.000199443 	1.72252e-05 	1
59.875 	0.000275017 	1.95421e-05 	1
59.9375 	0.000217555 	1.53091e-05 	1
60.125 	0.000103911 	8.65727e-06 	1
60.375 	0.000266549 	1.81026e-05 	1
60.4375 	0.000305974 	2.14423e-05 	1
60.5625 	0.000139113 	1.03355e-05 	1
60.625 	0.000140607 	1.10593e-05 	1
60.875 	0.000313112 	2.08572e-05 	1
61.0 	0.000158437 	1.13818e-05 	1
61.125 	0.000127919 	3.03955e-06 	2
61.1875 	0.000106376 	8.61062e-06 	1
61.25 	0.000193475 	1.39557e-05 	1
61.4375 	0.000331581 	2.24107e-05 	1
61.5 	0.000127621 	9.689e-06 	1
61.625 	0.000346857 	2.39064e-05 	1
61.6875 	0.000135952 	1.09082e-05 	1
61.8125 	0.000268353 	1.87596e-05 	1
61.9375 	0.000206959 	1.52484e-05 	1
62.125 	0.000232881 	1.67382e-05 	1
62.1875 	0.00026917 	1.94605e-05 	1
62.25 	0.000276235 	1.9768e-05 	1
62.375 	0.000257457 	1.81036e-05 	1
62.5 	6.74414e-05 	7.06489e-06 	1
62.5625 	0.000135123 	1.21635e-05 	1
62.75 	0.00010764 	8.4221e-06 	1
62.875 	0.000319111 	2.19062e-05 	1
62.9375 	0.000152611 	1.30042e-05 	1
63.0 	0.000264797 	2.43232e-05 	1
63.25 	0.0004093 	2.77462e-05 	1
63.4375 	0.000119618 	3.09999e-06 	2
63.5625 	0.000200946 	1.40188e-05 	1
63.8125 	0.000249529 	1.77108e-05 	1
63.9375 	0.000327083 	2.25751e-05 	1
64.0 	0.00023327 	2.20899e-05 	1
64.25 	0.000274209 	2.47008e-05 	1
64.4375 	0.000120953 	8.87713e-06 	1
64.5625 	0.000216188 	1.5095e-05 	1
64.6875 	0.000223353 	2.01349e-05 	1
64.75 	0.000217308 	2.1309e-05 	1
64.8125 	0.000286267 	2.05523e-05 	1
64.875 	0.000207916 	1.55697e-05 	1
64.9375 	0.000346896 	2.41244e-05 	1
65.0 	0.000103316 	9.5654e-06 	1
65.0625 	0.000182138 	1.34505e-05 	1
65.125 	0.000282052 	1.98926e-05 	1
65.5 	6.59682e-05 	7.21593e-06 	1
65.625 	0.000134758 	1.12529e-05 	1
65.8125 	0.000216386 	1.62724e-05 	1
65.9375 	0.000124241 	2.94651e-06 	2
66.0 	0.000280964 	1.94166e-05 	1
66.0625 	0.000186319 	1.48549e-05 	1
66.3125 	0.00026376 	2.52148e-05 	1
66.5 	9.77736e-05 	8.45567e-06 	1
66.75 	0.000150332 	1.43899e-05 	1
66.8125 	0.000132153 	3.72787e-06 	2
66.875 	0.000116587 	1.09856e-05 	1
66.9375 	0.000126102 	9.47562e-06 	1
67.25 	0.000188189 	1.74899e-05 	1
67.375 	0.000272967 	1.82912e-05 	1
67.4375 	0.000312449 	2.13228e-05 	1
67.5 	0.00015171 	3.65896e-06 	2
67.8125 	0.000143674 	3.58409e-06 	2
67.875 	0.000142634 	1.38996e-05 	1
67.9375 	0.000166724 	1.62429e-05 	1
68.0 	0.000225602 	1.97212e-05 	1
68.0625 	0.000253428 	2.33392e-05 	1
68.125 	0.000133382 	1.27115e-05 	1
68.1875 	0.000202924 	1.8269e-05 	1
68.3125 	0.000342466 	2.33505e-05 	1
68.375 	0.000133898 	1.01451e-05 	1
68.4375 	0.000105309 	8.3362e-06 	1
68.5625 	0.000159207 	1.15461e-05 	1
68.6875 	0.00019991 	1.39412e-05 	1
68.75 	0.000121541 	8.99116e-06 	1
68.8125 	0.000270987 	1.90398e-05 	1
68.9375 	0.000186398 	1.64659e-05 	1
69.125 	0.000260916 	1.81406e-05 	1
69.1875 	0.000254594 	1.78611e-05 	1
69.25 	0.00030716 	2.16529e-05 	1
69.3125 	7.36875e-05 	6.11003e-06 	1
69.4375 	0.000328317 	2.21282e-05 	1
69.5 	0.000143245 	1.14534e-05 	1
69.75 	0.000128426 	9.31253e-06 	1
69.8125 	0.00027856 	1.91926e-05 	1
69.875 	0.00017934 	1.27637e-05 	1
69.9375 	0.00025533 	1.81214e-05 	1
