# time 	Initial 	Final 	Iterations
0.333274 	0.000656154 	6.2159e-05 	4
0.579973 	0.000526408 	6.46083e-05 	5
0.642226 	0.000601689 	9.18448e-05 	6
0.70448 	0.000611491 	8.72192e-05 	8
0.766734 	0.000662555 	9.92714e-05 	6
0.828988 	0.00079847 	6.88546e-05 	6
1.01575 	0.00043531 	9.18765e-05 	3
1.078 	0.000723553 	8.48692e-05 	6
1.20251 	0.000464843 	8.7368e-05 	3
1.26477 	0.00047102 	8.46835e-05 	4
1.38927 	0.000531769 	9.8518e-05 	4
1.45153 	0.000754687 	8.83305e-05 	4
1.51378 	0.000662264 	8.11543e-05 	8
1.57604 	0.000678556 	8.62911e-05 	6
1.70054 	0.000495914 	9.7625e-05 	3
1.7628 	0.000619199 	6.48212e-05 	8
1.8873 	0.00061458 	8.0239e-05 	4
1.94956 	0.000873145 	9.01142e-05 	9
2.07407 	0.000911539 	9.76859e-05 	7
2.19857 	0.000712235 	7.21465e-05 	8
2.26083 	0.000859312 	9.59133e-05 	8
2.32308 	0.00038988 	5.47395e-05 	3
2.38534 	0.000780458 	9.84279e-05 	5
2.44759 	0.000533611 	5.51497e-05 	6
2.50984 	0.000739425 	7.08849e-05 	4
2.63435 	0.000648452 	7.81967e-05 	9
2.69661 	0.000838761 	8.70061e-05 	8
2.88337 	0.000440693 	7.22168e-05 	5
2.94562 	0.000461237 	5.10696e-05 	4
3.07013 	0.000505308 	8.88734e-05 	5
3.13238 	0.000673214 	8.14038e-05 	8
3.19464 	0.000463689 	8.88227e-05 	5
3.25689 	0.000449068 	8.86023e-05 	5
3.31914 	0.000363299 	8.50683e-05 	2
3.3814 	0.000738889 	9.77236e-05 	4
3.44365 	0.000427474 	7.45986e-05 	4
3.50591 	0.000510758 	9.92887e-05 	4
3.56816 	0.000751083 	9.21901e-05 	6
3.69267 	0.000897046 	8.19935e-05 	8
3.75492 	0.000594904 	5.11219e-05 	3
3.81718 	0.00064582 	7.07306e-05 	8
3.87943 	0.000477317 	7.3047e-05 	4
4.00394 	0.000726339 	9.76485e-05 	4
4.06619 	0.000755574 	7.72329e-05 	4
4.12845 	0.000462773 	5.51622e-05 	2
4.1907 	0.00098137 	8.30985e-05 	8
4.25295 	0.000486911 	5.69113e-05 	3
4.31521 	0.000297814 	8.53435e-05 	1
4.37746 	0.000719901 	8.5736e-05 	4
4.50197 	0.000871094 	8.89794e-05 	8
4.56422 	0.000674514 	7.97154e-05 	6
4.62648 	0.000416023 	6.00069e-05 	3
4.68873 	0.000369007 	4.90978e-05 	2
4.75098 	0.000581478 	6.15318e-05 	6
4.81324 	0.000599573 	8.43941e-05 	4
4.87549 	0.000519506 	6.95169e-05 	3
4.93775 	0.000589992 	5.04481e-05 	4
5.0 	0.000733945 	8.80692e-05 	7
5.0625 	0.000617647 	9.06009e-05 	4
5.125 	0.000659405 	9.22445e-05 	5
5.25 	0.000810794 	7.1656e-05 	8
5.3125 	0.000702761 	7.26683e-05 	4
5.375 	0.000874938 	8.12555e-05 	8
5.5 	0.000339391 	8.55425e-05 	3
5.5625 	0.000660263 	6.34849e-05 	5
5.625 	0.00081262 	9.42393e-05 	4
5.6875 	0.000897756 	9.19707e-05 	11
5.75 	0.000502492 	8.46411e-05 	6
5.8125 	0.00104322 	7.90568e-05 	8
5.875 	0.000419987 	8.3488e-05 	4
5.9375 	0.000301121 	8.80126e-05 	2
6.0 	0.000947743 	7.98548e-05 	11
6.125 	0.000441859 	9.64247e-05 	3
6.1875 	0.000530934 	9.2708e-05 	4
6.25 	0.000332717 	7.05544e-05 	2
6.3125 	0.000637161 	7.80777e-05 	6
6.4375 	0.000362537 	7.83791e-05 	2
6.6875 	0.000703193 	9.13859e-05 	7
6.75 	0.000588786 	8.43319e-05 	7
6.8125 	0.00084214 	9.67014e-05 	4
6.9375 	0.000937676 	9.05535e-05 	8
7.0 	0.000687787 	9.36613e-05 	6
7.0625 	0.000704857 	9.7728e-05 	7
7.125 	0.00076941 	8.30622e-05 	7
7.1875 	0.000611862 	8.12262e-05 	6
7.25 	0.000644623 	5.86871e-05 	4
7.4375 	0.000516073 	8.94721e-05 	3
7.5625 	0.000333543 	7.745e-05 	3
7.625 	0.000913486 	8.04773e-05 	10
7.6875 	0.000802719 	7.46011e-05 	8
7.8125 	0.000608332 	9.14776e-05 	4
7.9375 	0.000599589 	9.52513e-05 	4
8.0 	0.000376713 	6.05089e-05 	2
8.0625 	0.000436298 	8.27351e-05 	3
8.125 	0.000707779 	8.34495e-05 	8
8.25 	0.000545475 	8.37629e-05 	4
8.3125 	0.000786254 	7.11375e-05 	4
8.375 	0.000702162 	6.58525e-05 	6
8.4375 	0.000296769 	8.23503e-05 	2
8.5 	0.00067449 	7.55177e-05 	6
8.5625 	0.000930345 	9.30715e-05 	9
8.8125 	0.000316441 	9.40414e-05 	2
8.9375 	0.000642258 	4.60941e-05 	4
9.0 	0.000486317 	8.05683e-05 	6
9.0625 	0.000582535 	8.89216e-05 	7
9.125 	0.000546668 	8.80806e-05 	4
9.1875 	0.000552193 	9.23273e-05 	3
9.25 	0.000473151 	7.82579e-05 	6
9.3125 	0.000620282 	9.73529e-05 	6
9.375 	0.000463788 	9.49831e-05 	2
9.4375 	0.000444199 	6.60821e-05 	4
9.5625 	0.00048823 	6.91737e-05 	4
9.625 	0.00041045 	8.93704e-05 	3
9.6875 	0.000480381 	6.83217e-05 	5
9.8125 	0.000731288 	8.03126e-05 	8
9.875 	0.000780973 	7.3279e-05 	6
9.9375 	0.000644182 	9.77249e-05 	3
10.0 	0.000971843 	9.03461e-05 	7
10.0625 	0.00066834 	7.80914e-05 	6
10.1875 	0.000754326 	8.46138e-05 	8
10.3125 	0.000432686 	7.58689e-05 	4
10.375 	0.000567226 	6.80729e-05 	6
10.5 	0.000452096 	9.48984e-05 	4
10.5625 	0.000624004 	7.14281e-05 	6
10.625 	0.000296062 	7.77735e-05 	2
10.6875 	0.000604682 	8.31454e-05 	4
10.75 	0.000729476 	8.16605e-05 	8
10.8125 	0.00109129 	8.04699e-05 	10
10.875 	0.000811488 	7.36186e-05 	4
11.0 	0.000402617 	6.5719e-05 	5
11.0625 	0.000721863 	8.82121e-05 	6
11.1875 	0.000525098 	7.65751e-05 	6
11.25 	0.000489802 	6.09252e-05 	3
11.375 	0.000403419 	9.21681e-05 	4
11.4375 	0.00105221 	9.20395e-05 	8
11.5 	0.000686066 	8.67981e-05 	3
11.5625 	0.000455817 	7.84689e-05 	3
11.625 	0.000646822 	6.64369e-05 	6
11.6875 	0.000650473 	9.07e-05 	6
11.75 	0.000471979 	5.52855e-05 	4
11.8125 	0.000806372 	8.46065e-05 	8
11.875 	0.0007676 	9.46908e-05 	7
11.9375 	0.000499793 	7.80232e-05 	4
12.0 	0.000396012 	9.04673e-05 	4
12.0625 	0.000384098 	9.70777e-05 	4
12.125 	0.000570869 	8.49961e-05 	6
12.1875 	0.000748996 	7.99443e-05 	8
12.25 	0.000607424 	9.22754e-05 	4
12.3125 	0.000603337 	7.94787e-05 	4
12.375 	0.000601777 	7.26998e-05 	3
12.5625 	0.000503436 	7.12643e-05 	4
12.625 	0.000434864 	8.91971e-05 	4
12.6875 	0.000536167 	9.62894e-05 	3
12.75 	0.000564386 	7.3136e-05 	4
12.8125 	0.00049661 	7.77464e-05 	3
12.875 	0.000421689 	9.96405e-05 	2
13.0 	0.000365599 	8.12043e-05 	2
13.0625 	0.000375269 	6.4486e-05 	5
13.125 	0.000862304 	8.60021e-05 	8
13.1875 	0.00042407 	7.87436e-05 	3
13.25 	0.000638811 	6.53452e-05 	4
13.375 	0.000786374 	7.70774e-05 	8
13.4375 	0.000507294 	6.48549e-05 	3
13.5 	0.000526339 	8.74913e-05 	6
13.5625 	0.000597724 	9.41964e-05 	6
13.625 	0.000821642 	5.40469e-05 	5
13.6875 	0.000448806 	7.56586e-05 	4
14.0 	0.00084991 	9.72834e-05 	6
14.0625 	0.000389836 	7.39588e-05 	2
14.125 	0.000426835 	8.80457e-05 	4
14.1875 	0.000593755 	9.34854e-05 	5
14.3125 	0.000576708 	7.46847e-05 	4
14.375 	0.000341414 	8.04594e-05 	2
14.4375 	0.000501908 	5.84152e-05 	3
14.5 	0.000728908 	7.4652e-05 	8
14.625 	0.000836481 	9.45659e-05 	8
14.6875 	0.000303638 	2.734e-05 	3
14.75 	0.000763738 	8.50894e-05 	4
14.8125 	0.000626808 	7.282e-05 	7
14.875 	0.000790729 	8.163e-05 	6
14.9375 	0.000517542 	6.95258e-05 	3
15.0 	0.000567629 	9.47995e-05 	3
15.1875 	0.000863552 	9.06943e-05 	8
15.25 	0.00038662 	5.66545e-05 	4
15.3125 	0.000414855 	9.82132e-05 	2
15.375 	0.000400432 	6.96576e-05 	3
15.4375 	0.000498443 	8.56091e-05 	5
15.5 	0.000767809 	9.77776e-05 	5
15.5625 	0.000467496 	6.93612e-05 	4
15.75 	0.000778151 	9.20095e-05 	5
15.8125 	0.000631551 	8.27133e-05 	3
15.875 	0.000422695 	9.19882e-05 	2
15.9375 	0.000513756 	9.89489e-05 	4
16.0 	0.00047767 	9.30932e-05 	4
16.0625 	0.000687028 	7.21312e-05 	9
16.125 	0.000764506 	9.48637e-05 	5
16.1875 	0.000803259 	7.76031e-05 	4
16.25 	0.000629119 	9.27157e-05 	4
16.3125 	0.000818804 	8.28826e-05 	8
16.375 	0.000732813 	9.87099e-05 	5
16.4375 	0.000699209 	9.38437e-05 	8
16.5 	0.000650958 	9.61164e-05 	4
16.625 	0.000535786 	9.05153e-05 	4
16.6875 	0.000619816 	9.66515e-05 	4
16.75 	0.000568834 	8.66449e-05 	6
16.8125 	0.000614133 	7.53608e-05 	5
16.875 	0.000448828 	6.82215e-05 	4
16.9375 	0.000610855 	6.96388e-05 	3
17.25 	0.000656957 	9.57671e-05 	5
17.3125 	0.000591331 	8.68614e-05 	5
17.375 	0.000768502 	4.90472e-05 	4
17.4375 	0.000710262 	8.59613e-05 	4
17.5 	0.000510067 	9.72269e-05 	3
17.5625 	0.000653718 	8.73297e-05 	6
17.625 	0.000497554 	9.83338e-05 	5
17.6875 	0.000532326 	6.10466e-05 	4
17.75 	0.000511842 	7.87024e-05 	3
17.8125 	0.00100274 	9.51666e-05 	8
18.0 	0.000469813 	9.26936e-05 	6
18.0625 	0.000391851 	5.95243e-05 	3
18.125 	0.00041313 	6.74323e-05 	3
18.1875 	0.000549524 	8.44168e-05 	5
18.25 	0.000535146 	7.90666e-05 	5
18.3125 	0.000262101 	6.60428e-05 	2
18.375 	0.00042056 	7.63891e-05 	6
18.4375 	0.000669099 	6.64972e-05 	5
18.5 	0.000665519 	7.35604e-05 	8
18.5625 	0.000643228 	7.25068e-05 	5
18.625 	0.000685889 	8.71654e-05 	8
18.75 	0.000495572 	3.49325e-05 	3
18.8125 	0.000662499 	9.49128e-05 	3
18.875 	0.000859893 	9.68429e-05 	7
18.9375 	0.00072584 	6.38339e-05 	4
19.125 	0.000548973 	5.10137e-05 	4
19.25 	0.00096092 	9.43093e-05 	9
19.3125 	0.000279155 	6.38166e-05 	2
19.375 	0.000552484 	6.75249e-05 	6
19.4375 	0.000528348 	9.83952e-05 	5
19.5 	0.000481143 	6.10093e-05 	4
19.625 	0.000771443 	8.04534e-05 	4
19.6875 	0.000828414 	7.69299e-05 	4
19.75 	0.000444857 	7.50512e-05 	7
19.875 	0.000839434 	7.54561e-05 	7
19.9375 	0.000630139 	8.72276e-05 	6
20.0 	0.000876509 	7.61647e-05 	10
20.0625 	0.000625489 	9.73323e-05 	6
20.125 	0.000611589 	5.95005e-05 	4
20.1875 	0.000297373 	8.44937e-05 	2
20.25 	0.000669041 	8.62003e-05 	6
20.3125 	0.000691188 	8.78383e-05 	8
20.375 	0.000586723 	6.23764e-05 	4
20.4375 	0.000948652 	7.47799e-05 	10
20.5 	0.000416568 	5.12121e-05 	3
20.5625 	0.000582744 	8.07658e-05 	3
20.625 	0.00078092 	7.89581e-05 	8
20.6875 	0.000831203 	9.19924e-05 	8
20.75 	0.0005273 	9.08848e-05 	3
20.8125 	0.000430351 	9.27326e-05 	4
20.875 	0.000570081 	7.35291e-05 	4
21.0 	0.00049896 	8.91621e-05 	3
21.0625 	0.000381792 	8.05204e-05 	2
21.1875 	0.000448681 	9.00983e-05 	3
21.3125 	0.000436265 	9.13533e-05 	2
21.375 	0.000831246 	7.22898e-05 	8
21.4375 	0.000893369 	9.74908e-05 	8
21.5625 	0.000484924 	9.49593e-05 	2
21.625 	0.000606946 	8.66685e-05 	3
21.6875 	0.000776654 	9.72053e-05 	4
21.75 	0.000663532 	6.97609e-05 	6
21.8125 	0.000341075 	9.20278e-05 	3
21.875 	0.000490311 	5.15459e-05 	4
21.9375 	0.000698633 	9.66999e-05 	6
22.0 	0.000448096 	8.35744e-05 	2
22.125 	0.000841681 	9.85256e-05 	8
22.1875 	0.000996589 	7.64843e-05 	10
22.25 	0.000342784 	8.44006e-05 	3
22.3125 	0.000598138 	9.14289e-05 	3
22.375 	0.000736587 	7.24312e-05 	6
22.625 	0.000492721 	8.53222e-05 	5
22.6875 	0.000377571 	8.83172e-05 	3
22.75 	0.000497363 	6.79802e-05 	6
22.8125 	0.000653174 	7.0953e-05 	6
22.9375 	0.00052609 	8.94444e-05 	3
23.0 	0.00070054 	9.14735e-05 	8
23.0625 	0.000542246 	8.41925e-05 	5
23.125 	0.000466808 	9.24174e-05 	3
23.1875 	0.00061142 	8.25217e-05 	6
23.3125 	0.000474811 	9.47828e-05 	5
23.375 	0.000630993 	7.11533e-05 	3
23.4375 	0.000650655 	5.78062e-05 	4
23.5625 	0.000667349 	5.96618e-05 	5
23.6875 	0.000642894 	7.84027e-05 	4
23.75 	0.000529698 	9.15313e-05 	4
23.8125 	0.000424739 	9.9401e-05 	3
23.875 	0.000960434 	9.37822e-05 	9
23.9375 	0.00036285 	4.88638e-05 	3
24.0 	0.00075768 	9.61031e-05 	6
24.0625 	0.000518227 	8.80857e-05 	3
24.125 	0.000598671 	9.72283e-05 	6
24.1875 	0.000530937 	6.66224e-05 	2
24.3125 	0.000359796 	9.7308e-05 	2
24.375 	0.000539963 	7.41314e-05 	4
24.4375 	0.00076895 	9.73312e-05 	4
24.5 	0.000520446 	7.00678e-05 	4
24.5625 	0.000478112 	6.3979e-05 	4
24.625 	0.000513636 	6.20261e-05 	3
24.6875 	0.000370921 	5.99248e-05 	3
24.75 	0.000455654 	6.76036e-05 	5
24.8125 	0.00089319 	8.74342e-05 	4
25.0 	0.00104153 	7.78679e-05 	4
25.0625 	0.000585206 	6.12926e-05 	4
25.125 	0.000403368 	6.06614e-05 	3
25.25 	0.000379265 	8.6605e-05 	2
25.3125 	0.000860403 	7.68241e-05 	11
25.5 	0.000479548 	7.11985e-05 	4
25.5625 	0.000443175 	9.08283e-05 	2
25.625 	0.000622001 	9.68612e-05 	4
25.6875 	0.000714173 	8.41683e-05 	3
25.75 	0.000513644 	4.74203e-05 	3
25.8125 	0.000557562 	5.95676e-05 	6
25.875 	0.000415196 	9.42683e-05 	3
25.9375 	0.000378182 	8.07167e-05 	3
26.0 	0.000330092 	9.39316e-05 	2
26.0625 	0.000950106 	8.55635e-05 	11
26.125 	0.000442572 	9.53055e-05 	3
26.25 	0.000622634 	9.30087e-05 	5
26.3125 	0.000985762 	8.5866e-05 	6
26.375 	0.000912554 	8.70975e-05 	4
26.4375 	0.000821699 	9.59455e-05 	5
26.5 	0.000521908 	8.41149e-05 	4
26.5625 	0.000445777 	8.79443e-05 	4
26.625 	0.000440163 	8.12071e-05 	3
26.6875 	0.00108481 	8.3335e-05 	10
26.875 	0.000412322 	5.5343e-05 	3
26.9375 	0.000427478 	7.38252e-05 	3
27.0 	0.000625681 	9.69533e-05 	6
27.0625 	0.000222717 	9.92187e-05 	1
27.125 	0.000590657 	9.4759e-05 	2
27.25 	0.000593698 	9.34363e-05 	6
27.3125 	0.000765304 	8.93126e-05 	3
27.375 	0.00080491 	9.16373e-05 	8
27.5 	0.00032259 	6.27034e-05 	2
27.5625 	0.000408279 	7.99782e-05 	5
27.625 	0.000602347 	9.65375e-05 	5
27.6875 	0.000612872 	7.8457e-05 	4
27.75 	0.000332573 	9.12916e-05 	2
27.8125 	0.000393242 	8.2427e-05 	2
27.875 	0.000857554 	8.70608e-05 	9
28.0 	0.000442394 	7.20388e-05 	3
28.0625 	0.000440238 	8.3377e-05 	2
28.125 	0.000572833 	6.22799e-05 	6
28.3125 	0.000363914 	9.73185e-05 	3
28.375 	0.000458684 	5.17264e-05 	3
28.4375 	0.000419555 	7.10938e-05 	3
28.5 	0.000660495 	8.80278e-05 	6
28.625 	0.000497899 	7.38014e-05 	4
28.6875 	0.000753016 	8.0049e-05 	8
28.8125 	0.00050097 	7.53384e-05 	4
28.875 	0.000730952 	9.39913e-05 	6
28.9375 	0.00091614 	9.73698e-05 	8
29.0 	0.000313921 	6.06819e-05 	4
29.0625 	0.000496082 	6.02195e-05 	3
29.125 	0.000366378 	4.66567e-05 	3
29.1875 	0.000661894 	7.88754e-05 	7
29.25 	0.000531785 	9.50935e-05 	5
29.3125 	0.000675785 	6.5624e-05 	3
29.375 	0.000587931 	8.95614e-05 	7
29.4375 	0.000860615 	8.90005e-05 	5
29.5 	0.000521507 	9.15201e-05 	3
29.5625 	0.000645154 	9.87039e-05 	3
29.625 	0.000540465 	7.5847e-05 	2
29.6875 	0.000318099 	8.66745e-05 	2
29.75 	0.000777124 	7.95208e-05 	4
29.875 	0.000684597 	7.48382e-05 	4
29.9375 	0.000705011 	8.46453e-05 	8
30.0 	0.000349837 	8.24274e-05 	3
30.125 	0.000686599 	8.60999e-05 	5
30.1875 	0.000892845 	9.22648e-05 	9
30.25 	0.000460245 	7.99231e-05 	3
30.3125 	0.000559675 	8.27014e-05 	3
30.375 	0.000788628 	9.25275e-05 	10
30.4375 	0.000815767 	9.59612e-05 	8
30.5 	0.00111559 	8.84021e-05 	10
30.5625 	0.000875914 	9.59452e-05 	9
30.625 	0.000488763 	6.8911e-05 	4
30.6875 	0.000531415 	9.48394e-05 	4
30.75 	0.000692231 	7.31505e-05 	4
30.8125 	0.000576645 	9.29987e-05 	3
30.9375 	0.000487571 	9.56735e-05 	6
31.0 	0.00072929 	9.16931e-05 	6
31.125 	0.000324029 	8.30839e-05 	2
31.1875 	0.000366666 	4.96959e-05 	4
31.25 	0.000922707 	8.33669e-05 	10
31.3125 	0.000292074 	9.64705e-05 	2
31.375 	0.00051966 	5.5515e-05 	4
31.5 	0.000392166 	5.85188e-05 	4
31.5625 	0.000765882 	9.74214e-05 	8
31.625 	0.000283907 	6.32678e-05 	2
31.6875 	0.000316054 	8.55191e-05 	2
31.75 	0.000443367 	7.76019e-05 	3
31.8125 	0.000406036 	9.11697e-05 	4
31.875 	0.000562117 	8.95703e-05 	4
31.9375 	0.000461838 	8.08385e-05 	2
32.0 	0.000422023 	4.46959e-05 	3
32.0625 	0.000423136 	4.79873e-05 	4
32.125 	0.000699656 	9.40798e-05 	6
32.1875 	0.000847636 	8.39178e-05 	4
32.25 	0.000537134 	5.86161e-05 	4
32.3125 	0.000467001 	8.08594e-05 	5
32.4375 	0.000502001 	9.87264e-05 	3
32.5 	0.000478665 	7.88746e-05 	6
32.625 	0.000478313 	9.06007e-05 	3
32.6875 	0.000448088 	9.55429e-05 	4
32.75 	0.000435134 	8.57816e-05 	5
32.8125 	0.000439951 	7.77223e-05 	3
32.875 	0.000429892 	8.54435e-05 	4
32.9375 	0.00052367 	7.91817e-05 	8
33.0 	0.000649013 	6.94782e-05 	4
33.0625 	0.000795533 	8.88344e-05 	8
33.125 	0.000550246 	7.18507e-05 	4
33.1875 	0.000576959 	5.80333e-05 	4
33.25 	0.000501147 	6.66406e-05 	3
33.3125 	0.000394755 	8.41232e-05 	2
33.375 	0.000352333 	9.99843e-05 	3
33.4375 	0.0004437 	7.4295e-05 	4
33.5 	0.000361211 	9.34055e-05 	1
33.625 	0.000682439 	8.93301e-05 	6
33.6875 	0.000682042 	9.75385e-05 	7
33.75 	0.000391268 	6.63453e-05 	3
33.875 	0.000638238 	7.03676e-05 	8
33.9375 	0.000415158 	4.93905e-05 	3
34.0625 	0.000806451 	8.46749e-05 	7
34.125 	0.000780846 	8.97116e-05 	8
34.1875 	0.00032534 	7.01159e-05 	2
34.25 	0.000472483 	9.087e-05 	3
34.3125 	0.00054135 	9.10635e-05 	5
34.375 	0.000809328 	7.38851e-05 	8
34.4375 	0.000821742 	8.52983e-05 	10
34.5 	0.000611435 	7.44369e-05 	3
34.5625 	0.000564364 	8.75797e-05 	3
34.625 	0.000702394 	7.88063e-05 	8
34.6875 	0.000422784 	8.65138e-05 	3
34.75 	0.000570299 	8.67874e-05 	6
34.875 	0.000799233 	8.1374e-05 	6
34.9375 	0.000526681 	8.32156e-05 	3
35.0625 	0.000495741 	9.67015e-05 	3
35.125 	0.000794176 	7.77666e-05 	9
35.25 	0.000431407 	6.97554e-05 	3
35.3125 	0.000576384 	7.6244e-05 	5
35.375 	0.000626479 	8.39649e-05 	6
35.5625 	0.00104547 	7.66871e-05 	10
35.625 	0.000799989 	9.56652e-05 	4
35.6875 	0.00096913 	8.11935e-05 	10
35.75 	0.000762 	9.50172e-05 	4
35.8125 	0.000849777 	5.46787e-05 	8
35.875 	0.000354619 	9.27248e-05 	2
35.9375 	0.000624286 	5.35603e-05 	6
36.0 	0.00092129 	8.83955e-05 	8
36.125 	0.000739104 	7.5877e-05 	8
36.25 	0.000583132 	7.78575e-05 	5
36.4375 	0.000664807 	5.84875e-05 	4
36.5 	0.000484126 	7.87241e-05 	6
36.5625 	0.000409981 	7.93782e-05 	2
36.625 	0.000366194 	8.71402e-05 	2
36.6875 	0.000507744 	9.37812e-05 	3
36.8125 	0.000733288 	9.84237e-05 	6
36.875 	0.000672677 	8.40916e-05 	6
36.9375 	0.000644048 	7.65077e-05 	6
37.0625 	0.000571698 	7.81638e-05 	4
37.125 	0.000461048 	8.3601e-05 	3
37.1875 	0.000365134 	6.47936e-05 	4
37.25 	0.00098327 	7.57585e-05 	8
37.3125 	0.000455064 	8.17022e-05 	3
37.375 	0.000738417 	6.73844e-05 	8
37.4375 	0.000557474 	9.80087e-05 	5
37.5 	0.000350938 	7.38093e-05 	3
37.5625 	0.000740754 	9.25208e-05 	6
37.625 	0.000662583 	6.69072e-05 	4
37.75 	0.000731974 	7.06199e-05 	4
37.8125 	0.00058375 	7.89005e-05 	5
37.875 	0.00055 	7.93005e-05 	5
37.9375 	0.00103551 	9.25821e-05 	10
38.0 	0.000520182 	7.51399e-05 	5
38.0625 	0.000414725 	8.09169e-05 	6
38.125 	0.000418355 	7.61043e-05 	4
38.1875 	0.000785962 	8.04726e-05 	6
38.25 	0.000783451 	6.69357e-05 	8
38.3125 	0.000873717 	7.65989e-05 	10
38.375 	0.000663582 	7.49484e-05 	5
38.4375 	0.000562713 	9.18789e-05 	4
38.5625 	0.00071464 	6.25905e-05 	4
38.6875 	0.000939987 	9.79202e-05 	8
38.8125 	0.000840556 	9.70837e-05 	4
38.875 	0.000457033 	9.24673e-05 	3
38.9375 	0.000437017 	9.47519e-05 	3
39.0 	0.000743906 	8.47414e-05 	4
39.0625 	0.000825118 	8.01399e-05 	8
39.125 	0.000462305 	8.30516e-05 	2
39.1875 	0.000821766 	6.16983e-05 	8
39.25 	0.00062793 	9.75729e-05 	3
39.3125 	0.000468413 	8.31969e-05 	2
39.5 	0.000933809 	9.71437e-05 	9
39.5625 	0.000676865 	7.60434e-05 	4
39.625 	0.000450528 	9.53161e-05 	2
39.6875 	0.00072602 	9.26965e-05 	3
39.75 	0.00103514 	7.74577e-05 	10
39.8125 	0.000578787 	8.81252e-05 	4
39.875 	0.000544925 	9.28972e-05 	3
39.9375 	0.000847388 	7.24379e-05 	8
40.0 	0.000710671 	9.31134e-05 	5
40.125 	0.000606546 	9.70334e-05 	5
40.25 	0.000800784 	9.60562e-05 	4
40.3125 	0.000739143 	4.96614e-05 	4
40.4375 	0.000376886 	5.51376e-05 	3
40.5 	0.000610277 	4.43769e-05 	6
40.5625 	0.000501606 	7.86693e-05 	7
40.625 	0.000921077 	7.80528e-05 	11
40.8125 	0.000447079 	6.8842e-05 	3
40.9375 	0.000792033 	8.18556e-05 	4
41.0 	0.000279826 	7.27252e-05 	1
41.125 	0.000891104 	9.21526e-05 	8
41.1875 	0.000357195 	8.51637e-05 	4
41.25 	0.00092319 	8.64846e-05 	10
41.3125 	0.000739574 	9.01411e-05 	6
41.4375 	0.000628096 	8.96603e-05 	6
41.5 	0.000482777 	8.008e-05 	3
41.5625 	0.000470133 	9.84435e-05 	4
41.625 	0.000473291 	7.66429e-05 	3
41.6875 	0.000363378 	8.24178e-05 	4
41.8125 	0.000468202 	7.41328e-05 	4
41.875 	0.000676923 	8.20064e-05 	8
41.9375 	0.000695095 	6.5422e-05 	7
42.0 	0.000436333 	6.53934e-05 	4
42.125 	0.00056431 	8.42548e-05 	5
42.25 	0.000506598 	9.09847e-05 	4
42.375 	0.000962196 	9.75589e-05 	8
42.4375 	0.000616271 	8.23734e-05 	4
42.5 	0.000830462 	8.1529e-05 	6
42.6875 	0.000547095 	9.45995e-05 	3
42.8125 	0.000663199 	7.62041e-05 	4
42.875 	0.000595332 	7.60921e-05 	4
42.9375 	0.000690858 	7.26505e-05 	6
43.0 	0.000507582 	9.17352e-05 	2
43.0625 	0.000810992 	6.2622e-05 	8
43.125 	0.000564293 	9.03296e-05 	5
43.1875 	0.000580365 	7.19922e-05 	2
43.3125 	0.00088434 	9.91841e-05 	7
43.375 	0.000666237 	6.98306e-05 	6
43.4375 	0.000253145 	3.46368e-05 	2
43.5625 	0.00069428 	9.42437e-05 	7
43.6875 	0.00048786 	8.75404e-05 	7
43.75 	0.000394199 	7.42202e-05 	3
43.8125 	0.000663055 	7.3451e-05 	6
43.875 	0.000537447 	7.64112e-05 	7
43.9375 	0.000705786 	8.72615e-05 	6
44.0 	0.000769617 	5.99068e-05 	4
44.0625 	0.00034433 	8.04795e-05 	2
44.125 	0.000533897 	9.73311e-05 	7
44.1875 	0.000704236 	8.2728e-05 	7
44.25 	0.000877869 	8.90213e-05 	8
44.3125 	0.000784776 	9.25903e-05 	8
44.375 	0.00067368 	8.69042e-05 	3
44.4375 	0.00057538 	9.57278e-05 	4
44.5 	0.000341813 	5.32459e-05 	4
44.5625 	0.000669101 	6.85915e-05 	4
44.625 	0.000831645 	8.96203e-05 	6
44.6875 	0.000752976 	6.71899e-05 	4
44.75 	0.000815567 	8.80039e-05 	8
44.8125 	0.000631963 	6.79181e-05 	5
44.875 	0.000706896 	8.49417e-05 	10
44.9375 	0.000576443 	9.4537e-05 	5
45.0 	0.000753008 	9.04042e-05 	4
45.0625 	0.00041921 	9.51013e-05 	2
45.1875 	0.000520468 	6.01704e-05 	4
45.3125 	0.00032364 	9.57521e-05 	2
45.375 	0.000449327 	7.5171e-05 	5
45.5 	0.000913702 	7.80319e-05 	10
45.5625 	0.000785056 	8.14434e-05 	10
45.625 	0.000551055 	7.86723e-05 	7
45.6875 	0.000547791 	8.35449e-05 	4
45.75 	0.000680667 	9.30047e-05 	8
45.875 	0.000950719 	9.53234e-05 	8
45.9375 	0.000582415 	6.92962e-05 	5
46.0 	0.000231549 	8.68987e-05 	2
46.0625 	0.000581821 	9.54448e-05 	5
46.125 	0.000530156 	6.53833e-05 	4
46.3125 	0.000711984 	7.41726e-05 	4
46.375 	0.000584295 	7.10601e-05 	6
46.5 	0.000500979 	6.89006e-05 	4
46.5625 	0.000647457 	8.48148e-05 	6
46.625 	0.000387388 	7.47961e-05 	2
46.6875 	0.00043002 	7.9208e-05 	3
46.75 	0.000483617 	8.12277e-05 	2
46.8125 	0.000691132 	7.51623e-05 	6
46.875 	0.000935193 	9.43663e-05 	9
47.0 	0.000831285 	9.72415e-05 	8
47.0625 	0.000644735 	5.35068e-05 	3
47.125 	0.000475422 	6.20382e-05 	5
47.1875 	0.000706781 	8.78108e-05 	8
47.25 	0.000557984 	8.38402e-05 	7
47.3125 	0.000357112 	9.43841e-05 	3
47.375 	0.000565675 	9.86911e-05 	4
47.5 	0.000590151 	7.52566e-05 	6
47.5625 	0.000538395 	9.74771e-05 	7
47.625 	0.000948805 	9.19303e-05 	8
47.6875 	0.000373261 	6.67529e-05 	4
47.8125 	0.000427554 	8.19758e-05 	4
47.875 	0.000647789 	6.3435e-05 	4
48.0 	0.00101255 	8.34019e-05 	10
48.0625 	0.000597379 	6.72309e-05 	8
48.1875 	0.000319853 	8.36682e-05 	3
48.25 	0.00063824 	6.02415e-05 	4
48.3125 	0.00024778 	7.10923e-05 	2
48.375 	0.000556751 	9.26204e-05 	5
48.4375 	0.000908265 	9.55123e-05 	9
48.5 	0.000754567 	9.65278e-05 	7
48.5625 	0.000987122 	8.50035e-05 	8
48.75 	0.00049469 	7.99936e-05 	6
48.8125 	0.000565125 	9.35817e-05 	3
48.9375 	0.000469549 	6.7067e-05 	3
49.0 	0.000589568 	7.94833e-05 	4
49.125 	0.000708057 	5.67394e-05 	6
49.1875 	0.00108668 	8.54947e-05 	10
49.25 	0.000771946 	9.76198e-05 	4
49.3125 	0.000765399 	8.07111e-05 	8
49.375 	0.00032623 	6.67035e-05 	2
49.4375 	0.000495739 	8.10921e-05 	6
49.5 	0.000707705 	8.46025e-05 	9
49.5625 	0.00065785 	4.86049e-05 	6
49.625 	0.000530817 	7.78402e-05 	8
49.6875 	0.000441023 	9.76427e-05 	1
49.75 	0.000317833 	8.15625e-05 	3
50.0625 	0.000466631 	5.66578e-05 	4
50.125 	0.000508773 	7.24373e-05 	4
50.25 	0.000449145 	7.41577e-05 	3
50.3125 	0.000816096 	9.15701e-05 	8
50.375 	0.000423863 	7.6361e-05 	4
50.4375 	0.000741899 	7.85831e-05 	8
50.5 	0.000953743 	9.30726e-05 	9
50.5625 	0.000505367 	6.47877e-05 	3
50.625 	0.0005145 	7.58037e-05 	4
50.75 	0.00062136 	9.81721e-05 	3
50.8125 	0.000706127 	7.65627e-05 	4
50.875 	0.000391816 	9.41738e-05 	2
50.9375 	0.000474703 	4.55689e-05 	4
51.0 	0.000667794 	7.5444e-05 	8
51.0625 	0.000520014 	8.44116e-05 	6
51.125 	0.000932473 	8.04078e-05 	6
51.1875 	0.000621313 	5.39564e-05 	4
51.25 	0.000752464 	9.40623e-05 	4
51.3125 	0.000520356 	8.92882e-05 	5
51.375 	0.000642727 	8.31621e-05 	8
51.4375 	0.000404091 	7.35933e-05 	3
51.5 	0.000329917 	5.60203e-05 	3
51.5625 	0.00100952 	7.22541e-05 	10
51.625 	0.00090824 	8.84716e-05 	9
51.6875 	0.000693343 	8.67927e-05 	3
51.8125 	0.000747182 	5.92046e-05 	8
51.875 	0.000883362 	9.37515e-05 	8
52.0 	0.000444151 	7.18864e-05 	5
52.0625 	0.000953206 	7.02886e-05 	8
52.1875 	0.00066426 	7.87942e-05 	10
52.3125 	0.000753262 	9.78146e-05 	6
52.375 	0.00064331 	9.66707e-05 	6
52.4375 	0.00048811 	9.80509e-05 	6
52.5 	0.000374035 	6.00771e-05 	4
52.5625 	0.000579464 	4.68379e-05 	4
52.625 	0.000677918 	8.04756e-05 	8
52.6875 	0.0004731 	7.48939e-05 	4
52.75 	0.000540857 	7.80812e-05 	5
52.8125 	0.000414157 	7.3848e-05 	3
52.875 	0.00072394 	9.7717e-05 	9
52.9375 	0.000757057 	8.32078e-05 	4
53.0 	0.000732005 	9.35577e-05 	6
53.125 	0.000502969 	9.4213e-05 	3
53.1875 	0.000624513 	6.98982e-05 	4
53.25 	0.000333456 	7.39036e-05 	4
53.3125 	0.000304209 	8.1103e-05 	2
53.375 	0.000781273 	9.92672e-05 	5
53.5 	0.000443578 	6.12602e-05 	3
53.5625 	0.000467828 	9.08036e-05 	5
53.625 	0.000643317 	7.80703e-05 	3
53.6875 	0.000646446 	8.88953e-05 	2
53.75 	0.000753556 	7.60237e-05 	4
53.8125 	0.00061896 	5.68671e-05 	4
53.875 	0.000603225 	7.19312e-05 	6
53.9375 	0.00075388 	6.56288e-05 	4
54.0 	0.000322649 	6.21615e-05 	3
54.0625 	0.000758003 	9.50738e-05 	7
54.1875 	0.000696434 	7.01271e-05 	4
54.25 	0.000581825 	7.7594e-05 	4
54.3125 	0.000822863 	9.72439e-05 	10
54.375 	0.000552748 	9.50478e-05 	4
54.4375 	0.000529204 	7.97823e-05 	3
54.625 	0.000649021 	8.77592e-05 	3
54.6875 	0.000424561 	8.97282e-05 	2
54.8125 	0.000755506 	9.01754e-05 	4
54.875 	0.000303694 	5.13657e-05 	2
54.9375 	0.00058161 	8.38526e-05 	3
55.0 	0.00054268 	8.92143e-05 	3
55.0625 	0.000462758 	8.46275e-05 	5
55.125 	0.00101465 	7.65466e-05 	10
55.1875 	0.00065914 	9.34089e-05 	6
55.3125 	0.000762264 	8.59286e-05 	6
55.4375 	0.000534814 	9.00686e-05 	4
55.5 	0.00055468 	8.63983e-05 	4
55.625 	0.000411703 	6.74099e-05 	4
55.6875 	0.00033214 	6.61822e-05 	3
55.75 	0.000732207 	7.45069e-05 	8
55.8125 	0.000505224 	8.06011e-05 	7
55.875 	0.000554096 	6.89243e-05 	4
55.9375 	0.000842161 	9.83139e-05 	6
56.0 	0.000846277 	9.95439e-05 	4
56.0625 	0.000590255 	8.02483e-05 	4
56.1875 	0.000356639 	8.35846e-05 	5
56.3125 	0.000335316 	9.38667e-05 	2
56.375 	0.000622901 	7.3871e-05 	9
56.4375 	0.000344657 	8.01313e-05 	2
56.5625 	0.000796185 	7.73393e-05 	4
56.6875 	0.00042398 	4.13655e-05 	3
56.75 	0.000739403 	6.78886e-05 	6
56.8125 	0.000856973 	8.67516e-05 	4
56.9375 	0.00072345 	8.35587e-05 	4
57.0 	0.000689261 	8.74314e-05 	8
57.0625 	0.000995432 	7.81537e-05 	5
57.1875 	0.000662667 	9.46417e-05 	6
57.25 	0.000327517 	6.22518e-05 	2
57.3125 	0.000396762 	4.21084e-05 	4
57.375 	0.000735416 	9.32152e-05 	8
57.4375 	0.000515293 	6.72273e-05 	3
57.5 	0.000490407 	7.89964e-05 	2
57.5625 	0.000334484 	9.80673e-05 	3
57.625 	0.000649684 	9.93693e-05 	8
57.6875 	0.000590658 	8.55138e-05 	6
57.75 	0.000467081 	7.81247e-05 	4
57.8125 	0.000538963 	8.53494e-05 	6
58.0 	0.000589067 	5.60845e-05 	4
58.0625 	0.00096429 	9.0863e-05 	7
58.125 	0.000563201 	7.97328e-05 	5
58.1875 	0.00063873 	9.19431e-05 	5
58.25 	0.000670802 	8.79415e-05 	8
58.3125 	0.000520552 	8.81058e-05 	5
58.4375 	0.000888962 	9.21033e-05 	8
58.5625 	0.000528057 	9.60119e-05 	2
58.625 	0.000840171 	9.8338e-05 	9
58.6875 	0.000843968 	9.42896e-05 	9
58.8125 	0.000512187 	6.26303e-05 	3
58.875 	0.000667668 	7.68725e-05 	5
58.9375 	0.000585336 	9.16438e-05 	4
59.0 	0.000732157 	8.32301e-05 	5
59.125 	0.000956678 	9.67618e-05 	9
59.25 	0.000868457 	8.40357e-05 	8
59.3125 	0.000257225 	6.76469e-05 	3
59.375 	0.000588168 	9.29636e-05 	8
59.4375 	0.000441412 	8.55687e-05 	2
59.5 	0.000515948 	7.39682e-05 	3
59.5625 	0.000709189 	6.6801e-05 	8
59.6875 	0.000464046 	6.73666e-05 	4
59.8125 	0.000689859 	9.29156e-05 	4
59.875 	0.000390294 	6.27659e-05 	2
59.9375 	0.000715167 	9.67857e-05 	9
60.0 	0.00053729 	9.3843e-05 	5
60.0625 	0.000561919 	8.02922e-05 	3
60.125 	0.000872324 	6.34852e-05 	4
60.375 	0.000520447 	9.74693e-05 	6
60.4375 	0.000634691 	8.91917e-05 	7
60.5 	0.000749705 	8.70211e-05 	4
60.5625 	0.000379222 	9.07046e-05 	2
60.625 	0.00054248 	9.67939e-05 	6
60.6875 	0.000591928 	6.40753e-05 	2
60.75 	0.000717601 	7.50342e-05 	4
60.8125 	0.000602828 	9.54171e-05 	6
60.875 	0.000632386 	6.23434e-05 	4
60.9375 	0.000466544 	7.79658e-05 	3
61.0 	0.000425879 	6.64827e-05 	4
61.125 	0.000523622 	7.73117e-05 	6
61.1875 	0.000576537 	9.10542e-05 	4
61.25 	0.000738995 	8.85279e-05 	8
61.3125 	0.000683572 	8.94684e-05 	7
61.375 	0.000691088 	8.48001e-05 	6
61.4375 	0.000772919 	9.33182e-05 	5
61.5 	0.000498521 	9.27449e-05 	4
61.625 	0.000685565 	9.6253e-05 	8
61.6875 	0.000787511 	8.38029e-05 	6
61.8125 	0.000796223 	6.57025e-05 	4
61.875 	0.000326663 	7.59577e-05 	3
61.9375 	0.000355269 	9.64708e-05 	2
62.0 	0.000922894 	9.24439e-05 	8
62.125 	0.00102617 	8.65385e-05 	8
62.1875 	0.000541706 	9.56337e-05 	6
62.25 	0.000711397 	8.05929e-05 	4
62.3125 	0.000418946 	9.5379e-05 	3
62.375 	0.000608352 	8.90713e-05 	4
62.5 	0.000435706 	8.97158e-05 	3
62.5625 	0.000686171 	9.61762e-05 	5
62.6875 	0.000604615 	8.65074e-05 	4
62.75 	0.00063131 	7.09262e-05 	4
62.875 	0.000527995 	8.13087e-05 	5
62.9375 	0.00042118 	7.4741e-05 	3
63.0 	0.000420072 	9.49369e-05 	4
63.125 	0.000723992 	8.45227e-05 	4
63.25 	0.000712723 	8.81978e-05 	8
63.375 	0.000428221 	4.44252e-05 	4
63.4375 	0.000478825 	8.02843e-05 	3
63.5625 	0.000597201 	9.27051e-05 	4
63.625 	0.000497572 	7.55522e-05 	4
63.8125 	0.000308411 	6.61603e-05 	2
63.9375 	0.000867274 	7.93248e-05 	4
64.0 	0.000674121 	9.78871e-05 	2
64.0625 	0.000588983 	8.03948e-05 	4
64.25 	0.00044754 	7.69132e-05 	4
64.3125 	0.000732363 	6.52364e-05 	4
64.4375 	0.000758303 	9.17391e-05 	7
64.5625 	0.000645071 	9.35847e-05 	6
64.6875 	0.000672689 	6.85728e-05 	4
64.75 	0.000415016 	7.86961e-05 	3
64.8125 	0.000746665 	9.16687e-05 	4
64.875 	0.000582312 	7.80876e-05 	8
64.9375 	0.000845225 	9.90314e-05 	7
65.0 	0.000605409 	9.78799e-05 	8
65.0625 	0.000417304 	8.06518e-05 	4
65.125 	0.000671361 	9.06624e-05 	4
65.25 	0.000362648 	9.83408e-05 	2
65.5 	0.000841596 	9.0575e-05 	6
65.625 	0.000623382 	6.02574e-05 	4
65.6875 	0.000788382 	8.17198e-05 	9
65.75 	0.000686236 	9.26618e-05 	6
65.8125 	0.000729791 	8.77284e-05 	4
65.9375 	0.000504494 	8.4409e-05 	3
66.0 	0.000436337 	7.63257e-05 	3
66.0625 	0.000466629 	9.67506e-05 	3
66.1875 	0.000745528 	8.42735e-05 	4
66.25 	0.000507972 	7.83312e-05 	6
66.3125 	0.000415585 	9.88461e-05 	2
66.375 	0.000313038 	9.78899e-05 	2
66.4375 	0.000698329 	6.39571e-05 	4
66.5 	0.000926803 	9.91733e-05 	10
66.5625 	0.000342164 	3.25434e-05 	3
66.625 	0.00071245 	8.09989e-05 	4
66.75 	0.000591847 	7.99391e-05 	5
66.8125 	0.000614084 	7.41345e-05 	3
66.875 	0.000846485 	8.46406e-05 	8
66.9375 	0.000832177 	6.90857e-05 	8
67.0 	0.000938348 	9.95543e-05 	8
67.125 	0.000891424 	7.66966e-05 	10
67.1875 	0.000761363 	9.17888e-05 	7
67.25 	0.000384644 	8.16712e-05 	5
67.3125 	0.000672905 	7.61499e-05 	4
67.375 	0.00039967 	8.9186e-05 	4
67.4375 	0.000775771 	8.6452e-05 	4
67.5 	0.000468413 	8.39692e-05 	4
67.5625 	0.000553995 	8.24192e-05 	3
67.8125 	0.0004046 	4.54938e-05 	4
67.875 	0.000975043 	8.44454e-05 	10
67.9375 	0.000671243 	7.93742e-05 	4
68.0 	0.000528898 	9.00724e-05 	4
68.0625 	0.00050348 	7.85236e-05 	3
68.125 	0.000327756 	7.49654e-05 	2
68.1875 	0.000406381 	7.33198e-05 	3
68.25 	0.000417254 	9.32831e-05 	3
68.3125 	0.00074803 	7.3655e-05 	6
68.375 	0.000619167 	6.33623e-05 	5
68.4375 	0.000804214 	8.25432e-05 	6
68.5 	0.00059575 	7.76693e-05 	6
68.5625 	0.000702982 	9.09538e-05 	4
68.625 	0.00083001 	5.59578e-05 	4
68.6875 	0.000510027 	7.31044e-05 	2
68.75 	0.000333548 	4.30667e-05 	4
68.8125 	0.000423729 	8.37979e-05 	2
68.875 	0.000559433 	9.42823e-05 	4
68.9375 	0.000806434 	8.71612e-05 	6
69.0625 	0.000392794 	9.19131e-05 	3
69.125 	0.000351653 	9.01809e-05 	2
69.1875 	0.00047194 	7.07219e-05 	2
69.25 	0.000460295 	8.51263e-05 	3
69.3125 	0.000646192 	9.88725e-05 	8
69.4375 	0.000499473 	8.28431e-05 	4
69.5 	0.000497526 	7.7476e-05 	3
69.5625 	0.000632924 	8.07344e-05 	3
69.625 	0.000576637 	7.80775e-05 	3
69.75 	0.000428734 	7.23824e-05 	6
69.8125 	0.000429829 	7.4511e-05 	2
69.875 	0.000690226 	8.12251e-05 	4
69.9375 	0.000434493 	7.86303e-05 	2
