# time 	Initial 	Final 	Iterations
0.333274 	0.000145194 	5.37813e-05 	1
0.579973 	0.00015158 	6.78275e-05 	1
0.642226 	0.000195108 	8.72739e-05 	3
0.766734 	0.000162442 	8.83526e-05 	2
0.828988 	0.000160333 	8.18197e-05 	2
1.26477 	0.000216674 	8.68173e-05 	4
1.38927 	0.000128489 	7.11221e-05 	2
1.45153 	0.000150789 	8.94481e-05 	2
1.51378 	0.000183288 	8.19961e-05 	2
1.7628 	0.000183929 	6.53844e-05 	3
1.8873 	0.000202017 	8.7726e-05 	3
1.94956 	0.000192799 	9.67113e-05 	1
2.19857 	0.000217279 	9.26361e-05 	2
2.26083 	0.000116927 	5.58581e-05 	1
2.32308 	0.000209064 	8.94113e-05 	2
2.38534 	0.00013437 	6.60686e-05 	2
2.44759 	0.000229031 	8.72476e-05 	4
2.63435 	0.000191832 	9.08165e-05 	1
2.69661 	0.00021494 	7.62008e-05 	4
2.88337 	0.000164192 	8.32319e-05 	2
2.94562 	0.000176512 	7.10015e-05 	3
3.07013 	0.000174567 	6.98389e-05 	1
3.19464 	9.90675e-05 	9.90675e-05 	0
3.25689 	0.000143874 	8.21482e-05 	1
3.31914 	0.000147795 	8.01654e-05 	1
3.3814 	0.000229393 	8.92151e-05 	3
3.44365 	0.000116248 	6.61635e-05 	1
3.69267 	0.000166814 	9.82524e-05 	2
3.75492 	0.000178648 	7.10758e-05 	1
3.87943 	0.000103059 	6.02061e-05 	1
4.06619 	0.000150339 	7.10653e-05 	2
4.12845 	9.56987e-05 	9.56987e-05 	0
4.1907 	0.000160164 	6.93581e-05 	1
4.25295 	0.00014779 	9.536e-05 	2
4.31521 	0.000205476 	9.62054e-05 	3
4.37746 	9.86258e-05 	9.86258e-05 	0
4.50197 	0.000142026 	6.61776e-05 	2
4.56422 	0.000105072 	6.6024e-05 	1
4.62648 	0.000122159 	9.14505e-05 	1
4.68873 	0.00012456 	4.73266e-05 	1
4.93775 	0.000119133 	6.87291e-05 	1
5.0 	0.000110222 	8.01798e-05 	2
5.0625 	0.000122133 	9.11157e-05 	2
5.125 	0.000109091 	8.63043e-05 	1
5.25 	0.000199402 	5.76271e-05 	1
5.375 	0.000160064 	7.10361e-05 	1
5.5 	0.000149326 	9.1008e-05 	2
5.5625 	0.000201243 	8.83805e-05 	1
5.625 	0.000125856 	5.88233e-05 	1
5.6875 	0.000155325 	9.364e-05 	2
5.8125 	0.00019523 	6.27877e-05 	3
5.875 	0.00022011 	8.92276e-05 	4
5.9375 	0.000177266 	6.15143e-05 	1
6.0 	0.000183094 	7.68628e-05 	3
6.1875 	0.000214834 	6.3981e-05 	3
6.25 	9.78362e-05 	9.78362e-05 	0
6.4375 	0.000187697 	7.1759e-05 	3
6.75 	0.000192918 	9.29033e-05 	3
6.8125 	0.000174483 	6.78707e-05 	1
6.9375 	0.000174528 	8.00271e-05 	2
7.125 	0.000172026 	5.40555e-05 	1
7.1875 	0.000227161 	9.02205e-05 	3
7.5625 	0.000219545 	6.20826e-05 	3
7.6875 	0.00021341 	9.58097e-05 	4
7.8125 	0.000146445 	3.68354e-05 	1
7.9375 	0.000154442 	4.42582e-05 	1
8.0 	0.000192671 	9.78459e-05 	2
8.0625 	0.000151054 	4.35698e-05 	1
8.125 	0.000182002 	8.88415e-05 	1
8.4375 	0.000135978 	7.59466e-05 	2
8.5 	0.00018656 	7.28109e-05 	1
8.5625 	0.000147702 	9.91823e-05 	1
8.8125 	0.000173092 	7.82448e-05 	1
8.9375 	0.000159691 	7.44994e-05 	1
9.0 	0.000167369 	8.70088e-05 	2
9.1875 	0.000189213 	8.29259e-05 	1
9.25 	0.000170208 	7.95731e-05 	1
9.3125 	0.000126617 	9.31922e-05 	1
9.375 	0.000142076 	5.38717e-05 	2
9.4375 	0.000125146 	8.24828e-05 	1
9.5625 	0.000161641 	8.97958e-05 	2
9.625 	0.000174511 	6.70064e-05 	2
9.6875 	9.41358e-05 	9.41358e-05 	0
9.8125 	9.68464e-05 	9.68464e-05 	0
9.9375 	0.000165315 	9.74467e-05 	2
10.0 	0.000131188 	5.13488e-05 	2
10.1875 	0.000137819 	5.6748e-05 	2
10.3125 	0.000145591 	5.01244e-05 	1
10.625 	0.000179279 	8.18674e-05 	2
10.6875 	0.000126273 	2.63366e-05 	1
10.75 	0.000104743 	8.06779e-05 	2
10.8125 	0.000150036 	9.88068e-05 	1
10.875 	0.000144381 	5.60942e-05 	1
11.0 	0.000130067 	5.41644e-05 	1
11.0625 	0.00016045 	8.74785e-05 	2
11.1875 	0.000118019 	6.21273e-05 	1
11.6875 	0.000116056 	6.57636e-05 	1
11.75 	0.000172539 	7.82183e-05 	1
11.8125 	0.000146454 	6.37542e-05 	1
11.9375 	0.000175127 	7.32439e-05 	1
12.0 	0.000129743 	4.6421e-05 	2
12.0625 	0.000153063 	5.34609e-05 	1
12.1875 	0.000150955 	7.62857e-05 	1
12.3125 	0.000160795 	5.42382e-05 	2
12.375 	0.000148696 	9.11837e-05 	1
12.625 	9.36576e-05 	9.36576e-05 	0
12.6875 	0.000138564 	8.86773e-05 	1
12.8125 	0.000206839 	9.17791e-05 	1
12.875 	0.000167378 	5.0576e-05 	1
13.0 	0.000170803 	9.37296e-05 	2
13.0625 	0.000163437 	8.69636e-05 	1
13.1875 	0.000199448 	6.31457e-05 	3
13.25 	0.000181795 	9.11604e-05 	2
13.375 	0.000119003 	8.75354e-05 	1
13.5625 	0.000224696 	9.28466e-05 	4
13.625 	0.000159514 	5.16954e-05 	1
13.6875 	0.000205751 	8.57507e-05 	4
14.0625 	0.0001387 	7.48819e-05 	1
14.125 	0.000151192 	5.51563e-05 	1
14.1875 	0.000105152 	8.08596e-05 	2
14.3125 	0.00017205 	9.34893e-05 	2
14.375 	0.000191551 	6.51868e-05 	3
14.4375 	0.000152727 	6.14173e-05 	1
14.5 	0.000185893 	7.56621e-05 	1
14.625 	0.000181757 	7.95798e-05 	2
14.6875 	0.00016298 	8.09319e-05 	1
14.75 	0.000113818 	6.86241e-05 	1
14.8125 	0.000195911 	7.86852e-05 	3
14.9375 	0.000172703 	4.94773e-05 	3
15.0 	0.000139659 	6.81411e-05 	2
15.1875 	0.000182198 	6.17914e-05 	1
15.25 	0.00014965 	8.73533e-05 	2
15.3125 	0.000239848 	8.84875e-05 	4
15.375 	0.000128958 	8.92256e-05 	1
15.4375 	0.000109895 	7.09683e-05 	1
15.5 	0.000148208 	7.01757e-05 	1
15.8125 	0.000190287 	8.04369e-05 	1
15.9375 	0.000145706 	7.13216e-05 	1
16.0 	0.00017161 	7.21953e-05 	1
16.0625 	9.01686e-05 	9.01686e-05 	0
16.125 	0.000131815 	7.67786e-05 	2
16.1875 	9.42133e-05 	9.42133e-05 	0
16.25 	9.65946e-05 	9.65946e-05 	0
16.3125 	0.000117943 	9.17541e-05 	1
16.375 	0.000158458 	7.28234e-05 	2
16.5 	0.000180713 	7.80968e-05 	1
16.625 	0.000148483 	9.36513e-05 	2
16.8125 	0.000201569 	9.30062e-05 	2
16.9375 	0.000186148 	8.79028e-05 	1
17.25 	0.000108273 	6.96003e-05 	1
17.3125 	0.00014291 	6.55906e-05 	1
17.375 	0.0001144 	7.94847e-05 	1
17.4375 	0.000129372 	6.28027e-05 	2
17.5625 	0.000109754 	8.42824e-05 	2
17.6875 	0.000169182 	7.04516e-05 	1
18.0 	0.000118492 	7.68725e-05 	1
18.0625 	0.000200217 	8.66799e-05 	3
18.1875 	0.000149257 	6.43545e-05 	1
18.25 	0.000138209 	9.61424e-05 	1
18.375 	0.000122286 	6.88489e-05 	1
18.4375 	0.000162028 	7.66986e-05 	2
18.5625 	0.00011916 	5.42786e-05 	1
18.625 	0.000126012 	5.71765e-05 	2
18.8125 	0.000198432 	8.03533e-05 	3
18.875 	0.000120887 	7.38801e-05 	2
18.9375 	0.000176938 	8.4951e-05 	1
19.125 	0.000128756 	8.39047e-05 	1
19.4375 	0.000168163 	6.26732e-05 	1
19.5 	0.000132084 	9.90585e-05 	2
19.625 	0.000164513 	9.03491e-05 	1
19.6875 	0.000224575 	7.40289e-05 	4
19.75 	0.000170801 	5.80518e-05 	1
19.9375 	0.000142171 	6.66709e-05 	2
20.0 	0.000178646 	9.53788e-05 	2
20.125 	0.000179209 	9.04124e-05 	2
20.1875 	0.000133349 	7.33677e-05 	2
20.375 	0.000198022 	7.63229e-05 	4
20.4375 	0.000134337 	5.36047e-05 	2
20.5 	0.000128624 	7.08737e-05 	2
20.625 	0.000281494 	8.58019e-05 	5
20.6875 	0.000102049 	4.85513e-05 	1
20.75 	0.000149711 	8.83648e-05 	2
21.0 	0.000160314 	5.1742e-05 	1
21.0625 	0.000197395 	4.79195e-05 	3
21.1875 	0.000165118 	8.25516e-05 	2
21.3125 	0.000165045 	5.83409e-05 	1
21.5625 	0.0001916 	7.16622e-05 	4
21.75 	0.000208 	9.69391e-05 	4
21.8125 	0.000177268 	6.9959e-05 	2
21.875 	0.000199033 	9.50988e-05 	2
21.9375 	0.000195952 	7.70327e-05 	1
22.125 	0.000151319 	5.51626e-05 	1
22.1875 	0.000114407 	9.16898e-05 	1
22.25 	0.000179387 	8.48721e-05 	2
22.3125 	0.000203852 	8.02845e-05 	4
22.375 	0.000126071 	3.60885e-05 	1
22.9375 	0.000146583 	9.07546e-05 	2
23.0 	0.000161576 	6.40554e-05 	1
23.125 	0.000179044 	7.59168e-05 	2
23.1875 	0.00022128 	8.24785e-05 	4
23.3125 	0.000187924 	6.65768e-05 	3
23.375 	0.000167343 	6.91101e-05 	1
23.4375 	0.000103326 	8.79429e-05 	1
23.6875 	0.000186631 	6.33497e-05 	1
23.8125 	0.000169793 	9.3556e-05 	2
24.0 	0.000192025 	7.74986e-05 	2
24.0625 	0.000136675 	7.41087e-05 	2
24.3125 	0.000165026 	6.72191e-05 	1
24.375 	0.000223693 	7.14174e-05 	3
24.4375 	0.000155501 	7.68534e-05 	1
24.5625 	0.000112964 	5.89781e-05 	2
24.6875 	0.000203122 	9.13432e-05 	1
24.75 	0.00017587 	9.78744e-05 	1
24.8125 	0.000117613 	6.89714e-05 	2
25.0 	0.000107853 	4.33091e-05 	1
25.0625 	0.000178018 	9.53851e-05 	1
25.125 	0.00016163 	9.27282e-05 	1
25.25 	6.69556e-05 	6.69556e-05 	0
25.3125 	0.000126934 	3.88397e-05 	1
25.625 	0.000161992 	8.96991e-05 	2
25.6875 	0.000122407 	6.13926e-05 	1
25.75 	0.00018364 	6.76576e-05 	3
25.8125 	0.000165758 	7.38688e-05 	2
26.0 	0.000208636 	7.97005e-05 	4
26.125 	0.00012261 	7.97037e-05 	1
26.25 	0.00020801 	8.66254e-05 	4
26.375 	0.000148018 	6.31815e-05 	2
26.5 	0.000135591 	8.27753e-05 	1
26.5625 	0.000130262 	6.82029e-05 	2
26.625 	0.000125778 	6.08346e-05 	2
26.6875 	0.000177162 	9.44232e-05 	1
26.875 	0.000145385 	6.07952e-05 	1
26.9375 	0.000170267 	9.26375e-05 	1
27.0 	0.000105009 	8.09619e-05 	2
27.25 	0.000184578 	9.58834e-05 	1
27.3125 	0.000211059 	7.7492e-05 	4
27.5 	0.000124851 	7.72922e-05 	1
27.625 	0.000161738 	9.06385e-05 	2
27.75 	0.000117787 	8.8531e-05 	1
27.8125 	0.000135205 	5.26589e-05 	1
28.0 	0.000201542 	9.94395e-05 	3
28.0625 	0.000123427 	7.8825e-05 	1
28.125 	0.00023063 	9.51252e-05 	3
28.3125 	0.000178488 	4.94466e-05 	2
28.5 	0.000127883 	6.42348e-05 	1
28.625 	0.00014445 	5.44408e-05 	1
28.6875 	0.000202565 	9.79771e-05 	3
28.8125 	0.000220842 	7.95111e-05 	4
28.875 	0.000168294 	4.43736e-05 	2
29.0 	0.000162503 	7.24132e-05 	1
29.0625 	0.000131775 	4.45938e-05 	1
29.125 	0.000209505 	8.18685e-05 	4
29.1875 	0.000192027 	8.49724e-05 	2
29.25 	0.000236015 	6.44904e-05 	3
29.375 	0.000188487 	7.3654e-05 	2
29.4375 	0.000181328 	8.21657e-05 	2
29.625 	0.000137726 	6.2825e-05 	2
29.6875 	0.000100747 	7.85097e-05 	2
29.75 	0.000120422 	5.60386e-05 	1
29.9375 	0.000196268 	8.52585e-05 	2
30.125 	0.000138268 	7.7039e-05 	2
30.25 	0.00014608 	7.38166e-05 	2
30.3125 	0.000120725 	6.40168e-05 	1
30.375 	0.00010559 	9.81155e-05 	1
30.4375 	0.00018469 	9.72963e-05 	2
30.5 	0.000163443 	4.33661e-05 	3
30.5625 	0.00017286 	8.69288e-05 	2
30.6875 	0.000122034 	5.19087e-05 	1
30.8125 	7.92e-05 	7.92e-05 	0
30.9375 	0.000122114 	6.88947e-05 	1
31.1875 	0.000149002 	8.15747e-05 	2
31.25 	0.000127983 	9.09023e-05 	1
31.375 	0.000164474 	7.93133e-05 	1
31.625 	0.000165524 	9.90369e-05 	2
31.75 	9.12781e-05 	9.12781e-05 	0
31.8125 	0.000157603 	5.65991e-05 	2
31.875 	0.000204257 	9.11765e-05 	4
32.0 	0.000105753 	3.91039e-05 	1
32.125 	0.000191845 	9.32036e-05 	2
32.1875 	0.000207652 	7.68669e-05 	3
32.25 	0.000143841 	8.58077e-05 	1
32.3125 	0.000165226 	6.87393e-05 	1
32.4375 	0.000180869 	6.94653e-05 	4
32.5 	0.00018705 	8.10122e-05 	2
32.625 	0.000228687 	8.57519e-05 	4
32.6875 	0.000136442 	8.17189e-05 	1
32.75 	0.000152501 	8.89089e-05 	1
32.8125 	0.000202738 	7.3104e-05 	4
32.875 	0.000165992 	8.01539e-05 	2
33.0 	0.000108526 	7.36278e-05 	1
33.0625 	0.000121525 	5.88199e-05 	2
33.125 	0.000152276 	9.21348e-05 	1
33.1875 	0.000181689 	7.12627e-05 	1
33.3125 	0.000139969 	6.69529e-05 	2
33.375 	0.00018888 	9.98676e-05 	2
33.4375 	0.000216558 	9.26703e-05 	3
33.625 	0.000108915 	6.06345e-05 	1
33.6875 	0.00011905 	8.87222e-05 	1
33.875 	0.000159704 	7.54007e-05 	1
33.9375 	0.000109419 	5.20035e-05 	1
34.125 	0.000143489 	7.08769e-05 	2
34.1875 	0.000168767 	7.32611e-05 	3
34.25 	0.000148211 	9.83259e-05 	1
34.3125 	0.000105152 	8.20302e-05 	2
34.375 	0.000161445 	9.42863e-05 	2
34.5 	0.000178969 	9.92607e-05 	2
34.5625 	9.15955e-05 	9.15955e-05 	0
34.625 	0.000211173 	7.78848e-05 	5
34.6875 	0.000142608 	9.83495e-05 	1
34.875 	0.000150363 	7.86634e-05 	2
34.9375 	0.000180258 	9.15273e-05 	2
35.0625 	9.69841e-05 	9.69841e-05 	0
35.125 	0.000174337 	7.68016e-05 	3
35.25 	0.000185165 	9.49358e-05 	1
35.3125 	0.000157614 	8.55854e-05 	2
35.375 	0.000135566 	9.27296e-05 	1
35.625 	0.000173652 	7.7057e-05 	2
35.6875 	9.824e-05 	9.824e-05 	0
35.75 	0.000192144 	9.35626e-05 	1
35.8125 	0.000116063 	6.90464e-05 	1
35.875 	0.000157302 	8.05664e-05 	1
35.9375 	0.00015589 	9.43152e-05 	2
36.0 	0.000229289 	9.24418e-05 	4
36.125 	0.00014779 	7.72229e-05 	1
36.25 	0.000135393 	7.69134e-05 	1
36.4375 	0.000197405 	9.62863e-05 	3
36.5 	0.000188803 	8.17346e-05 	2
36.8125 	0.000103203 	5.87663e-05 	1
36.875 	0.000209615 	9.66093e-05 	3
37.125 	0.000154717 	7.14632e-05 	2
37.1875 	0.000174032 	7.49371e-05 	3
37.3125 	0.000132849 	9.96722e-05 	1
37.4375 	0.000189234 	5.64324e-05 	3
37.5 	0.000124039 	7.57495e-05 	1
37.5625 	0.000212034 	7.07224e-05 	4
37.75 	8.03188e-05 	8.03188e-05 	0
37.9375 	0.000155225 	6.98251e-05 	1
38.0 	0.000171731 	8.84389e-05 	2
38.0625 	0.000136382 	8.89915e-05 	2
38.125 	0.000140964 	8.36062e-05 	2
38.25 	0.000160033 	9.30894e-05 	1
38.3125 	7.7674e-05 	7.7674e-05 	0
38.4375 	0.000145926 	6.50781e-05 	2
38.5625 	0.000167583 	5.92434e-05 	1
38.6875 	9.93246e-05 	9.93246e-05 	0
38.8125 	0.00016609 	8.73067e-05 	2
38.875 	0.0001993 	8.13794e-05 	1
38.9375 	0.000149358 	8.58959e-05 	2
39.0 	0.000192537 	9.18505e-05 	3
39.0625 	0.000119917 	9.00613e-05 	1
39.1875 	0.000182792 	5.26654e-05 	2
39.25 	0.000134826 	4.89258e-05 	2
39.3125 	0.000160052 	6.98988e-05 	2
39.5625 	0.000206125 	7.46776e-05 	4
39.625 	0.000217396 	7.99204e-05 	4
39.6875 	0.000159473 	4.95039e-05 	3
39.75 	0.000167023 	8.32935e-05 	2
39.875 	0.000230884 	9.70958e-05 	4
39.9375 	9.96575e-05 	9.96575e-05 	0
40.0 	0.000151057 	6.71452e-05 	1
40.125 	0.000140707 	9.51501e-05 	2
40.25 	9.18423e-05 	9.18423e-05 	0
40.3125 	0.00011299 	5.26835e-05 	1
40.4375 	0.000152249 	5.6601e-05 	3
40.5 	0.000176947 	7.67908e-05 	3
40.5625 	0.000144068 	9.44764e-05 	2
40.625 	0.000173998 	6.64328e-05 	1
40.8125 	0.000129168 	4.39321e-05 	2
40.9375 	0.000123371 	7.54023e-05 	1
41.125 	0.000171312 	7.55324e-05 	2
41.1875 	0.000100757 	5.82259e-05 	1
41.25 	0.000138568 	5.98751e-05 	1
41.3125 	9.92514e-05 	9.92514e-05 	0
41.4375 	0.000232383 	7.79179e-05 	5
41.5 	0.000155248 	8.72795e-05 	2
41.6875 	0.000139434 	8.49279e-05 	1
41.8125 	0.000143453 	8.06754e-05 	1
41.9375 	0.000221741 	9.98256e-05 	2
42.0 	0.000210956 	9.48485e-05 	1
42.25 	9.89619e-05 	9.89619e-05 	0
42.5 	0.000226931 	9.75283e-05 	4
42.6875 	0.000213749 	9.11629e-05 	3
42.8125 	0.000107598 	5.70245e-05 	1
42.875 	0.000156102 	6.12354e-05 	3
42.9375 	0.000171155 	6.83888e-05 	1
43.0 	0.000148083 	7.91943e-05 	1
43.0625 	0.000102463 	4.79113e-05 	1
43.1875 	0.000134154 	5.00188e-05 	1
43.3125 	0.000178877 	7.89775e-05 	1
43.375 	0.000165131 	6.09729e-05 	2
43.6875 	0.000161127 	6.62141e-05 	1
43.9375 	9.53724e-05 	9.53724e-05 	0
44.0 	0.000100586 	5.64674e-05 	1
44.125 	0.000206929 	7.90937e-05 	4
44.1875 	0.00015728 	3.31503e-05 	2
44.25 	0.000127613 	8.80285e-05 	1
44.3125 	0.000193906 	9.73802e-05 	1
44.4375 	0.000165696 	7.6302e-05 	2
44.5625 	0.000105178 	5.5165e-05 	2
44.6875 	0.000161532 	5.38973e-05 	1
44.8125 	0.000167801 	9.45934e-05 	2
44.875 	0.000164887 	6.47509e-05 	4
44.9375 	0.000217639 	5.76515e-05 	3
45.0 	0.000155377 	6.04762e-05 	1
45.1875 	0.000197893 	8.32033e-05 	1
45.3125 	0.000141685 	3.02333e-05 	1
45.5 	0.00018921 	6.45843e-05 	3
45.625 	0.000140239 	4.34665e-05 	2
45.6875 	0.000178839 	8.30534e-05 	1
45.75 	0.00015419 	7.66769e-05 	1
46.0 	0.000154501 	6.10376e-05 	1
46.0625 	0.000131072 	7.49716e-05 	1
46.3125 	0.00018814 	6.8459e-05 	3
46.5625 	0.000105998 	6.21083e-05 	1
46.625 	7.76019e-05 	7.76019e-05 	0
46.6875 	0.000165399 	6.34241e-05 	1
46.75 	0.000138224 	7.66406e-05 	1
46.875 	0.000198955 	9.72743e-05 	1
47.0 	0.000125599 	9.92129e-05 	1
47.0625 	9.70747e-05 	9.70747e-05 	0
47.125 	0.000138585 	9.16168e-05 	2
47.1875 	0.000111443 	3.58691e-05 	1
47.25 	0.000225883 	8.96287e-05 	4
47.375 	0.000129537 	9.81779e-05 	1
47.5 	0.000159108 	6.43191e-05 	2
47.5625 	0.00020078 	9.5877e-05 	3
47.625 	0.000127985 	6.36065e-05 	2
47.8125 	0.000174854 	7.64835e-05 	1
48.0625 	0.000119834 	8.68144e-05 	1
48.1875 	0.000186141 	9.20027e-05 	3
48.25 	0.000159105 	9.18645e-05 	1
48.3125 	0.000133213 	9.89031e-05 	1
48.4375 	0.000139632 	8.10706e-05 	1
48.5625 	0.000240189 	9.83996e-05 	4
48.75 	0.000206925 	9.08045e-05 	3
48.8125 	0.000104329 	7.99411e-05 	2
48.9375 	0.000225473 	8.19058e-05 	4
49.0 	0.000111699 	8.40419e-05 	1
49.25 	0.000129912 	4.43495e-05 	2
49.3125 	0.000222325 	9.48195e-05 	4
49.375 	0.00022151 	9.27137e-05 	4
49.4375 	0.000214712 	8.01155e-05 	4
49.5625 	0.000206656 	6.77244e-05 	4
49.6875 	0.000115068 	5.43067e-05 	1
49.75 	0.000156882 	5.73061e-05 	3
50.0625 	0.000181067 	8.53492e-05 	1
50.25 	0.000151113 	9.72368e-05 	2
50.3125 	0.000140351 	4.41237e-05 	1
50.375 	0.00012514 	6.37655e-05 	1
50.4375 	0.000133761 	8.03285e-05 	1
50.5625 	0.000227396 	9.35473e-05 	4
50.625 	0.000124535 	5.06483e-05 	1
50.75 	0.00018152 	8.42834e-05 	1
50.8125 	0.000188533 	9.11544e-05 	3
50.875 	0.000214207 	9.45738e-05 	4
50.9375 	0.000146678 	3.1275e-05 	1
51.0 	0.000157017 	6.62378e-05 	3
51.125 	0.000139086 	5.56496e-05 	2
51.1875 	0.000147899 	5.3748e-05 	1
51.25 	0.00016585 	7.55386e-05 	1
51.375 	0.000111048 	5.27499e-05 	1
51.4375 	0.000168841 	8.73504e-05 	2
51.5 	7.35041e-05 	7.35041e-05 	0
51.625 	0.000203009 	8.75361e-05 	4
51.8125 	0.000120815 	8.92084e-05 	1
52.0 	0.00010767 	5.25497e-05 	1
52.0625 	0.000215778 	6.28313e-05 	3
52.1875 	0.000202869 	8.58109e-05 	2
52.3125 	0.000120191 	9.24351e-05 	1
52.5 	0.000106441 	5.7532e-05 	1
52.625 	0.000125903 	8.39584e-05 	1
52.75 	0.000151645 	9.41003e-05 	2
52.8125 	0.00011859 	4.70255e-05 	1
52.9375 	0.000146976 	9.85114e-05 	2
53.1875 	0.000131696 	7.47503e-05 	2
53.25 	0.000153357 	4.99462e-05 	1
53.3125 	0.000190001 	8.21629e-05 	3
53.5 	0.000111224 	5.86334e-05 	1
53.5625 	0.000124017 	6.27825e-05 	1
53.625 	0.000214177 	9.21266e-05 	2
53.6875 	0.000162432 	9.81289e-05 	1
53.75 	0.000196275 	7.27603e-05 	1
53.875 	0.000202981 	8.1902e-05 	3
54.0 	0.000185284 	7.43641e-05 	2
54.0625 	0.000241996 	9.70531e-05 	4
54.1875 	0.000155742 	7.79371e-05 	1
54.25 	0.000162509 	9.10879e-05 	2
54.3125 	0.000150567 	7.28669e-05 	1
54.375 	0.000215186 	8.03846e-05 	5
54.4375 	0.000208863 	7.17934e-05 	4
54.6875 	0.000175127 	9.78772e-05 	2
54.8125 	0.00017992 	9.01433e-05 	3
54.875 	0.000202372 	8.19644e-05 	3
54.9375 	0.000203592 	8.2979e-05 	4
55.0 	0.000177019 	4.83722e-05 	1
55.125 	0.000163265 	5.7268e-05 	2
55.3125 	0.000142519 	4.1467e-05 	1
55.4375 	0.000161322 	7.81222e-05 	1
55.5 	0.00016324 	7.78545e-05 	3
55.6875 	0.000159277 	6.22321e-05 	3
55.75 	0.00015946 	9.59005e-05 	1
55.875 	0.000137415 	7.53841e-05 	2
55.9375 	0.000161621 	4.78385e-05 	1
56.0 	0.000168663 	7.65715e-05 	1
56.0625 	0.000226625 	8.59366e-05 	4
56.3125 	0.000108466 	9.56249e-05 	1
56.375 	0.000145642 	8.38771e-05 	2
56.4375 	0.000209828 	8.65449e-05 	3
56.5625 	0.000181764 	8.47068e-05 	1
56.6875 	0.000109627 	3.48823e-05 	1
56.75 	9.78248e-05 	9.78248e-05 	0
56.8125 	0.000169078 	8.5883e-05 	2
57.0 	0.000155108 	5.96909e-05 	2
57.0625 	0.000162804 	9.13326e-05 	2
57.1875 	0.000208237 	9.73864e-05 	3
57.25 	9.71036e-05 	9.71036e-05 	0
57.3125 	0.000130952 	6.51121e-05 	2
57.4375 	0.000133612 	8.93905e-05 	2
57.6875 	0.000211285 	7.74942e-05 	2
57.8125 	0.000217895 	8.00634e-05 	4
58.0 	0.000115986 	4.99207e-05 	1
58.0625 	0.000104084 	4.27253e-05 	1
58.125 	0.000185815 	6.04688e-05 	1
58.1875 	0.00016569 	8.33801e-05 	1
58.25 	0.000155405 	8.79782e-05 	2
58.3125 	0.000217749 	8.60671e-05 	4
58.4375 	0.000156213 	6.44396e-05 	2
58.5625 	0.000185678 	7.20785e-05 	1
58.6875 	0.000161392 	6.36467e-05 	3
58.8125 	0.000161577 	9.09282e-05 	1
58.875 	0.000126485 	4.16649e-05 	1
58.9375 	0.000152628 	7.97327e-05 	1
59.0 	0.000130738 	8.32414e-05 	1
59.125 	0.000153773 	8.17951e-05 	1
59.25 	0.000257273 	8.01074e-05 	5
59.3125 	0.00017219 	7.89017e-05 	2
59.375 	0.000127585 	9.77537e-05 	1
59.5 	0.000100452 	7.86946e-05 	2
59.6875 	0.000164889 	5.88265e-05 	3
59.8125 	0.00011699 	5.45064e-05 	1
59.875 	9.2697e-05 	9.2697e-05 	0
59.9375 	0.000201093 	9.238e-05 	2
60.375 	0.000217463 	8.76104e-05 	3
60.4375 	0.000212413 	9.0865e-05 	4
60.5625 	0.000216823 	8.55772e-05 	4
60.625 	0.000102159 	6.63809e-05 	1
60.875 	0.000162574 	7.72064e-05 	1
61.0 	0.000116908 	4.74232e-05 	1
61.125 	0.000120581 	9.81513e-05 	1
61.1875 	0.000110683 	7.81425e-05 	1
61.25 	0.000100287 	5.68709e-05 	2
61.4375 	0.000216611 	9.71104e-05 	5
61.5 	0.000171536 	7.51537e-05 	1
61.625 	7.35666e-05 	7.35666e-05 	0
61.6875 	0.000128716 	7.50908e-05 	1
61.8125 	0.000193467 	8.14956e-05 	3
61.9375 	0.000122639 	5.2078e-05 	1
62.1875 	0.000150636 	8.32812e-05 	1
62.25 	0.000173954 	9.02995e-05 	1
62.375 	0.000184539 	8.52314e-05 	2
62.5 	0.000153824 	9.8727e-05 	2
62.5625 	0.000139968 	7.59557e-05 	2
62.875 	0.000203958 	9.95959e-05 	3
62.9375 	0.000192008 	8.27386e-05 	4
63.0 	0.000180696 	9.34347e-05 	3
63.25 	0.000153587 	7.09766e-05 	2
63.4375 	0.000128001 	5.56343e-05 	2
63.5625 	0.000145711 	9.7404e-05 	1
63.8125 	0.000181747 	6.00427e-05 	3
63.9375 	0.000162715 	7.86212e-05 	1
64.0 	0.000183196 	8.36048e-05 	2
64.25 	0.00022122 	8.71793e-05 	5
64.4375 	0.000165985 	7.52601e-05 	1
64.5625 	0.000127437 	6.01949e-05 	1
64.6875 	0.000103971 	6.12009e-05 	1
64.75 	0.000199959 	8.5164e-05 	4
64.8125 	0.000118244 	5.3128e-05 	1
64.875 	0.000203424 	9.0224e-05 	3
64.9375 	0.00011352 	7.9982e-05 	1
65.0 	0.0001249 	8.71878e-05 	1
65.0625 	0.0001404 	8.25262e-05 	2
65.125 	0.00017926 	8.48616e-05 	2
65.625 	0.000222449 	8.26893e-05 	4
65.8125 	0.000140371 	8.1218e-05 	2
65.9375 	0.00012375 	6.94886e-05 	1
66.0 	9.4589e-05 	9.4589e-05 	0
66.0625 	0.000162913 	7.05021e-05 	3
66.3125 	0.000178896 	7.69952e-05 	1
66.5 	0.000153662 	6.88613e-05 	1
66.75 	0.000155018 	8.28839e-05 	1
66.8125 	0.000157995 	7.40484e-05 	1
66.875 	0.000134113 	6.16083e-05 	2
66.9375 	0.000163781 	8.95589e-05 	2
67.25 	0.000255957 	7.64045e-05 	5
67.375 	0.000168971 	6.50195e-05 	1
67.4375 	0.000185535 	6.39525e-05 	1
67.5 	0.000138051 	8.58061e-05 	1
67.8125 	0.000133059 	6.81788e-05 	2
67.875 	0.000180013 	7.20172e-05 	1
67.9375 	0.000112424 	5.87994e-05 	1
68.0 	0.000133237 	5.61456e-05 	2
68.0625 	0.000134964 	4.73013e-05 	1
68.125 	0.000223809 	9.61368e-05 	1
68.1875 	0.000196214 	9.82639e-05 	2
68.3125 	0.000225606 	9.1213e-05 	3
68.375 	0.000147218 	8.50355e-05 	1
68.4375 	0.000141838 	7.38813e-05 	2
68.5625 	0.000168814 	4.83737e-05 	3
68.6875 	0.000178036 	8.79235e-05 	2
68.75 	0.000198744 	8.5229e-05 	3
68.8125 	0.000166953 	9.81857e-05 	2
68.9375 	0.000200821 	8.08155e-05 	4
69.125 	0.000142398 	9.11735e-05 	2
69.1875 	0.000149372 	7.18744e-05 	1
69.25 	0.000137725 	9.35915e-05 	1
69.3125 	0.000124914 	5.33108e-05 	1
69.4375 	0.000165578 	7.17614e-05 	2
69.5 	0.000150693 	6.95405e-05 	1
69.75 	0.000133611 	6.32453e-05 	2
69.8125 	0.000148192 	6.80368e-05 	1
69.875 	0.000170884 	6.98767e-05 	2
69.9375 	0.000178626 	6.6788e-05 	1
