# time 	Initial 	Final 	Iterations
0.094292 	6.21493e-05 	6.21493e-05 	0
0.11316 	9.24114e-05 	9.24114e-05 	0
0.135784 	8.78602e-05 	8.78602e-05 	0
0.162959 	8.3527e-05 	8.3527e-05 	0
0.195641 	5.86942e-05 	5.86942e-05 	0
0.235021 	9.06274e-05 	9.06274e-05 	0
0.280839 	9.53467e-05 	9.53467e-05 	0
0.333274 	5.59393e-05 	5.59393e-05 	0
0.392346 	0.000124653 	6.44424e-05 	1
0.455465 	5.92849e-05 	5.92849e-05 	0
0.517719 	6.44962e-05 	6.44962e-05 	0
0.579973 	9.19345e-05 	9.19345e-05 	0
0.642226 	6.39257e-05 	6.39257e-05 	0
0.70448 	9.55397e-05 	9.55397e-05 	0
0.766734 	0.000116077 	4.76496e-05 	1
0.828988 	8.07265e-05 	8.07265e-05 	0
0.891242 	4.4049e-05 	4.4049e-05 	0
0.953496 	7.65127e-05 	7.65127e-05 	0
1.01575 	7.57945e-05 	7.57945e-05 	0
1.078 	8.74194e-05 	8.74194e-05 	0
1.20251 	6.88e-05 	6.88e-05 	0
1.26477 	8.08077e-05 	8.08077e-05 	0
1.38927 	6.21374e-05 	6.21374e-05 	0
1.45153 	0.000120755 	5.04233e-05 	1
1.51378 	3.90731e-05 	3.90731e-05 	0
1.57604 	0.000110561 	5.01359e-05 	1
1.63829 	9.96193e-05 	9.96193e-05 	0
1.70054 	0.000108074 	7.00712e-05 	1
1.7628 	0.000147091 	6.6713e-05 	2
1.8873 	0.00012215 	8.49652e-05 	1
1.94956 	8.28667e-05 	8.28667e-05 	0
2.01181 	6.93189e-05 	6.93189e-05 	0
2.07407 	0.000157701 	8.40118e-05 	1
2.13632 	0.000117347 	4.3984e-05 	1
2.19857 	0.00010821 	5.4497e-05 	1
2.26083 	7.85224e-05 	7.85224e-05 	0
2.32308 	8.22798e-05 	8.22798e-05 	0
2.38534 	6.49317e-05 	6.49317e-05 	0
2.44759 	8.59644e-05 	8.59644e-05 	0
2.50984 	0.000128963 	5.88558e-05 	1
2.63435 	5.68951e-05 	5.68951e-05 	0
2.69661 	9.17475e-05 	9.17475e-05 	0
2.75886 	9.65586e-05 	9.65586e-05 	0
2.82111 	4.91837e-05 	4.91837e-05 	0
2.88337 	0.000100481 	5.81967e-05 	1
2.94562 	0.000106604 	6.39075e-05 	1
3.00787 	5.20666e-05 	5.20666e-05 	0
3.07013 	4.43644e-05 	4.43644e-05 	0
3.13238 	0.0001106 	4.50544e-05 	1
3.19464 	8.00924e-05 	8.00924e-05 	0
3.25689 	8.78941e-05 	8.78941e-05 	0
3.31914 	7.26574e-05 	7.26574e-05 	0
3.3814 	0.000102196 	4.24837e-05 	1
3.44365 	0.00011906 	5.3143e-05 	1
3.50591 	8.18935e-05 	8.18935e-05 	0
3.56816 	7.65114e-05 	7.65114e-05 	0
3.63041 	9.63847e-05 	9.63847e-05 	0
3.69267 	0.000116241 	6.07873e-05 	1
3.75492 	9.14445e-05 	9.14445e-05 	0
3.81718 	3.77228e-05 	3.77228e-05 	0
3.87943 	8.05014e-05 	8.05014e-05 	0
4.00394 	8.99296e-05 	8.99296e-05 	0
4.06619 	9.79233e-05 	9.79233e-05 	0
4.12845 	0.000154329 	9.35694e-05 	1
4.1907 	0.000122937 	5.53304e-05 	1
4.25295 	7.13133e-05 	7.13133e-05 	0
4.31521 	0.000100799 	5.57429e-05 	1
4.37746 	5.36077e-05 	5.36077e-05 	0
4.43971 	6.70187e-05 	6.70187e-05 	0
4.50197 	0.00012249 	6.38671e-05 	1
4.56422 	5.61132e-05 	5.61132e-05 	0
4.62648 	0.000101307 	4.07684e-05 	1
4.68873 	0.000144086 	3.78897e-05 	1
4.75098 	9.05285e-05 	9.05285e-05 	0
4.81324 	8.65955e-05 	8.65955e-05 	0
4.87549 	5.53936e-05 	5.53936e-05 	0
4.93775 	0.000116806 	5.65787e-05 	1
5.0 	7.81759e-05 	7.81759e-05 	0
5.0625 	7.13093e-05 	7.13093e-05 	0
5.125 	9.63991e-05 	9.63991e-05 	0
5.25 	5.46212e-05 	5.46212e-05 	0
5.3125 	9.24694e-05 	9.24694e-05 	0
5.375 	9.52413e-05 	9.52413e-05 	0
5.4375 	0.000127537 	5.7134e-05 	1
5.5 	0.000124698 	5.80162e-05 	1
5.5625 	6.02542e-05 	6.02542e-05 	0
5.625 	7.40508e-05 	7.40508e-05 	0
5.6875 	6.93456e-05 	6.93456e-05 	0
5.75 	5.70834e-05 	5.70834e-05 	0
5.8125 	4.73721e-05 	4.73721e-05 	0
5.875 	8.25348e-05 	8.25348e-05 	0
5.9375 	5.45655e-05 	5.45655e-05 	0
6.0 	8.72938e-05 	8.72938e-05 	0
6.0625 	8.98974e-05 	8.98974e-05 	0
6.125 	9.86622e-05 	9.86622e-05 	0
6.1875 	0.000115872 	5.46494e-05 	1
6.25 	7.04116e-05 	7.04116e-05 	0
6.3125 	8.79128e-05 	8.79128e-05 	0
6.375 	7.17517e-05 	7.17517e-05 	0
6.4375 	0.000109856 	4.20759e-05 	1
6.625 	7.11984e-05 	7.11984e-05 	0
6.6875 	3.28043e-05 	3.28043e-05 	0
6.75 	0.000103772 	4.09115e-05 	1
6.8125 	0.000107691 	6.96539e-05 	1
6.875 	0.000102414 	2.93633e-05 	1
6.9375 	7.40071e-05 	7.40071e-05 	0
7.0 	9.59887e-05 	9.59887e-05 	0
7.0625 	0.000146142 	5.79611e-05 	1
7.125 	0.000148605 	6.1346e-05 	1
7.1875 	8.08956e-05 	8.08956e-05 	0
7.25 	8.59227e-05 	8.59227e-05 	0
7.4375 	9.94495e-05 	9.94495e-05 	0
7.5625 	0.000131383 	3.58986e-05 	1
7.625 	5.99916e-05 	5.99916e-05 	0
7.6875 	3.91142e-05 	3.91142e-05 	0
7.75 	0.000103589 	4.29257e-05 	1
7.8125 	0.00010366 	6.42621e-05 	1
7.875 	9.97804e-05 	9.97804e-05 	0
7.9375 	0.000176031 	5.90849e-05 	1
8.0 	0.000113588 	5.50279e-05 	1
8.0625 	9.46687e-05 	9.46687e-05 	0
8.125 	6.33267e-05 	6.33267e-05 	0
8.1875 	5.21247e-05 	5.21247e-05 	0
8.25 	0.000144593 	9.01403e-05 	1
8.3125 	0.00011805 	5.11579e-05 	1
8.375 	0.000143372 	6.00552e-05 	1
8.4375 	5.60576e-05 	5.60576e-05 	0
8.5 	0.000128531 	4.8388e-05 	1
8.5625 	6.31975e-05 	6.31975e-05 	0
8.625 	5.42324e-05 	5.42324e-05 	0
8.8125 	4.65486e-05 	4.65486e-05 	0
8.875 	9.28703e-05 	9.28703e-05 	0
8.9375 	5.88549e-05 	5.88549e-05 	0
9.0 	4.29805e-05 	4.29805e-05 	0
9.0625 	9.84968e-05 	9.84968e-05 	0
9.125 	0.000104178 	4.99928e-05 	1
9.1875 	7.91558e-05 	7.91558e-05 	0
9.25 	0.000113475 	8.73718e-05 	1
9.3125 	6.73671e-05 	6.73671e-05 	0
9.375 	8.5607e-05 	8.5607e-05 	0
9.4375 	8.69539e-05 	8.69539e-05 	0
9.5 	4.63637e-05 	4.63637e-05 	0
9.5625 	3.35035e-05 	3.35035e-05 	0
9.625 	5.96083e-05 	5.96083e-05 	0
9.6875 	8.3034e-05 	8.3034e-05 	0
9.75 	6.95205e-05 	6.95205e-05 	0
9.8125 	4.89754e-05 	4.89754e-05 	0
9.875 	5.17538e-05 	5.17538e-05 	0
9.9375 	6.26198e-05 	6.26198e-05 	0
10.0 	9.41362e-05 	9.41362e-05 	0
10.0625 	0.000119894 	6.35165e-05 	1
10.125 	0.000104959 	4.74862e-05 	1
10.1875 	0.000107138 	3.90436e-05 	1
10.25 	9.90506e-05 	9.90506e-05 	0
10.3125 	0.000101577 	5.34823e-05 	1
10.375 	6.62602e-05 	6.62602e-05 	0
10.5 	8.73529e-05 	8.73529e-05 	0
10.5625 	4.64672e-05 	4.64672e-05 	0
10.625 	5.32523e-05 	5.32523e-05 	0
10.6875 	8.66147e-05 	8.66147e-05 	0
10.75 	0.000112289 	3.69352e-05 	1
10.8125 	4.99422e-05 	4.99422e-05 	0
10.875 	7.72762e-05 	7.72762e-05 	0
10.9375 	7.05421e-05 	7.05421e-05 	0
11.0 	8.30355e-05 	8.30355e-05 	0
11.0625 	5.63808e-05 	5.63808e-05 	0
11.125 	5.68862e-05 	5.68862e-05 	0
11.1875 	8.81341e-05 	8.81341e-05 	0
11.25 	8.77104e-05 	8.77104e-05 	0
11.3125 	7.9302e-05 	7.9302e-05 	0
11.375 	8.94656e-05 	8.94656e-05 	0
11.4375 	8.83105e-05 	8.83105e-05 	0
11.5 	6.108e-05 	6.108e-05 	0
11.5625 	0.000102199 	4.42917e-05 	1
11.625 	5.87153e-05 	5.87153e-05 	0
11.6875 	5.99759e-05 	5.99759e-05 	0
11.75 	5.56886e-05 	5.56886e-05 	0
11.8125 	7.39891e-05 	7.39891e-05 	0
11.875 	0.000104849 	4.24026e-05 	1
11.9375 	5.92933e-05 	5.92933e-05 	0
12.0 	6.71521e-05 	6.71521e-05 	0
12.0625 	7.57231e-05 	7.57231e-05 	0
12.125 	0.000102515 	3.97634e-05 	1
12.1875 	3.86314e-05 	3.86314e-05 	0
12.25 	6.96506e-05 	6.96506e-05 	0
12.3125 	0.000122579 	6.20908e-05 	1
12.375 	9.85436e-05 	9.85436e-05 	0
12.4375 	8.24979e-05 	8.24979e-05 	0
12.5625 	4.45679e-05 	4.45679e-05 	0
12.625 	8.88854e-05 	8.88854e-05 	0
12.6875 	5.99958e-05 	5.99958e-05 	0
12.75 	0.00010067 	4.14729e-05 	1
12.8125 	9.86871e-05 	9.86871e-05 	0
12.875 	8.53521e-05 	8.53521e-05 	0
12.9375 	5.65028e-05 	5.65028e-05 	0
13.0 	0.000169218 	6.13224e-05 	1
13.0625 	5.03841e-05 	5.03841e-05 	0
13.125 	8.25934e-05 	8.25934e-05 	0
13.1875 	4.19286e-05 	4.19286e-05 	0
13.25 	0.000103391 	5.67306e-05 	1
13.3125 	4.74017e-05 	4.74017e-05 	0
13.375 	5.00865e-05 	5.00865e-05 	0
13.4375 	4.51331e-05 	4.51331e-05 	0
13.5 	7.89563e-05 	7.89563e-05 	0
13.5625 	7.15889e-05 	7.15889e-05 	0
13.625 	0.00011305 	6.91207e-05 	1
13.6875 	5.01636e-05 	5.01636e-05 	0
13.75 	5.56666e-05 	5.56666e-05 	0
13.8125 	7.98998e-05 	7.98998e-05 	0
14.0 	9.20755e-05 	9.20755e-05 	0
14.0625 	0.000133622 	5.76999e-05 	1
14.125 	9.644e-05 	9.644e-05 	0
14.1875 	6.3703e-05 	6.3703e-05 	0
14.25 	0.000115881 	5.07054e-05 	1
14.3125 	7.68752e-05 	7.68752e-05 	0
14.375 	0.000103597 	5.38963e-05 	1
14.4375 	0.000101177 	4.07922e-05 	1
14.5 	8.55443e-05 	8.55443e-05 	0
14.5625 	0.000118918 	4.86474e-05 	1
14.625 	8.26982e-05 	8.26982e-05 	0
14.6875 	4.05629e-05 	4.05629e-05 	0
14.75 	6.42571e-05 	6.42571e-05 	0
14.8125 	0.00010449 	3.67272e-05 	1
14.875 	0.000103658 	4.59214e-05 	1
14.9375 	8.03908e-05 	8.03908e-05 	0
15.0 	0.000118282 	6.89323e-05 	1
15.0625 	9.83768e-05 	9.83768e-05 	0
15.1875 	0.00011596 	4.22949e-05 	1
15.25 	0.000104935 	4.14981e-05 	1
15.3125 	9.24767e-05 	9.24767e-05 	0
15.375 	5.49927e-05 	5.49927e-05 	0
15.4375 	4.85389e-05 	4.85389e-05 	0
15.5 	7.88535e-05 	7.88535e-05 	0
15.5625 	8.36824e-05 	8.36824e-05 	0
15.625 	0.000101925 	4.11412e-05 	1
15.6875 	0.0001049 	4.35398e-05 	1
15.75 	0.000111606 	4.95578e-05 	1
15.8125 	7.2953e-05 	7.2953e-05 	0
15.875 	4.43946e-05 	4.43946e-05 	0
15.9375 	8.97135e-05 	8.97135e-05 	0
16.0 	5.17986e-05 	5.17986e-05 	0
16.0625 	7.59763e-05 	7.59763e-05 	0
16.125 	8.15669e-05 	8.15669e-05 	0
16.1875 	7.1521e-05 	7.1521e-05 	0
16.25 	7.04524e-05 	7.04524e-05 	0
16.3125 	9.6983e-05 	9.6983e-05 	0
16.375 	0.000110337 	3.90902e-05 	1
16.4375 	8.74921e-05 	8.74921e-05 	0
16.5 	0.000105106 	4.46741e-05 	1
16.5625 	4.24282e-05 	4.24282e-05 	0
16.625 	7.64341e-05 	7.64341e-05 	0
16.6875 	0.00018636 	6.68171e-05 	1
16.75 	8.33075e-05 	8.33075e-05 	0
16.8125 	0.000100615 	5.38905e-05 	1
16.875 	5.59214e-05 	5.59214e-05 	0
16.9375 	8.71326e-05 	8.71326e-05 	0
17.0 	0.00011435 	6.46301e-05 	1
17.0625 	9.85774e-05 	9.85774e-05 	0
17.125 	6.4044e-05 	6.4044e-05 	0
17.1875 	4.40142e-05 	4.40142e-05 	0
17.25 	7.94713e-05 	7.94713e-05 	0
17.3125 	7.65662e-05 	7.65662e-05 	0
17.375 	6.06914e-05 	6.06914e-05 	0
17.4375 	7.45423e-05 	7.45423e-05 	0
17.5 	0.000115542 	4.71643e-05 	1
17.5625 	7.86247e-05 	7.86247e-05 	0
17.625 	7.80365e-05 	7.80365e-05 	0
17.6875 	9.97836e-05 	9.97836e-05 	0
17.75 	9.46953e-05 	9.46953e-05 	0
17.8125 	0.000108831 	3.85589e-05 	1
17.875 	8.40599e-05 	8.40599e-05 	0
17.9375 	9.45745e-05 	9.45745e-05 	0
18.0 	5.06503e-05 	5.06503e-05 	0
18.0625 	0.000116678 	8.37704e-05 	1
18.125 	8.96582e-05 	8.96582e-05 	0
18.1875 	0.000100471 	4.94645e-05 	1
18.25 	9.66661e-05 	9.66661e-05 	0
18.3125 	7.20401e-05 	7.20401e-05 	0
18.375 	0.000174729 	6.25091e-05 	1
18.4375 	0.000115089 	5.13547e-05 	1
18.5 	0.000142914 	6.32328e-05 	1
18.5625 	5.1249e-05 	5.1249e-05 	0
18.625 	9.90494e-05 	9.90494e-05 	0
18.75 	0.000125563 	6.427e-05 	1
18.8125 	8.3013e-05 	8.3013e-05 	0
18.875 	7.30424e-05 	7.30424e-05 	0
18.9375 	0.00012652 	5.63469e-05 	1
19.125 	9.95167e-05 	9.95167e-05 	0
19.25 	6.40579e-05 	6.40579e-05 	0
19.3125 	0.000110164 	4.61263e-05 	1
19.375 	9.10086e-05 	9.10086e-05 	0
19.4375 	4.26799e-05 	4.26799e-05 	0
19.5 	7.47645e-05 	7.47645e-05 	0
19.5625 	9.92853e-05 	9.92853e-05 	0
19.625 	8.65859e-05 	8.65859e-05 	0
19.6875 	6.29819e-05 	6.29819e-05 	0
19.75 	7.67033e-05 	7.67033e-05 	0
19.8125 	0.000117148 	8.27018e-05 	1
19.875 	5.88042e-05 	5.88042e-05 	0
19.9375 	8.42453e-05 	8.42453e-05 	0
20.0 	8.5949e-05 	8.5949e-05 	0
20.0625 	0.00010388 	5.8386e-05 	1
20.125 	7.56757e-05 	7.56757e-05 	0
20.1875 	7.18179e-05 	7.18179e-05 	0
20.25 	9.06548e-05 	9.06548e-05 	0
20.3125 	9.73824e-05 	9.73824e-05 	0
20.375 	9.83353e-05 	9.83353e-05 	0
20.4375 	5.85869e-05 	5.85869e-05 	0
20.5 	5.18995e-05 	5.18995e-05 	0
20.5625 	8.98195e-05 	8.98195e-05 	0
20.625 	5.94925e-05 	5.94925e-05 	0
20.6875 	5.07687e-05 	5.07687e-05 	0
20.75 	8.0576e-05 	8.0576e-05 	0
20.8125 	8.61254e-05 	8.61254e-05 	0
20.875 	9.09164e-05 	9.09164e-05 	0
20.9375 	0.000105775 	7.51277e-05 	2
21.0 	5.42074e-05 	5.42074e-05 	0
21.0625 	0.00010402 	5.46792e-05 	1
21.125 	5.34524e-05 	5.34524e-05 	0
21.1875 	8.13725e-05 	8.13725e-05 	0
21.25 	0.000124881 	4.62211e-05 	1
21.3125 	0.000104918 	3.56111e-05 	1
21.375 	7.9657e-05 	7.9657e-05 	0
21.4375 	5.2828e-05 	5.2828e-05 	0
21.5 	0.000122532 	5.62005e-05 	1
21.5625 	0.000113412 	7.22486e-05 	1
21.625 	0.000137687 	5.79587e-05 	1
21.6875 	9.73052e-05 	9.73052e-05 	0
21.75 	9.33185e-05 	9.33185e-05 	0
21.8125 	0.000103094 	4.10347e-05 	1
21.875 	4.35665e-05 	4.35665e-05 	0
21.9375 	0.000118129 	8.05018e-05 	1
22.0 	8.97895e-05 	8.97895e-05 	0
22.0625 	5.99009e-05 	5.99009e-05 	0
22.125 	5.42012e-05 	5.42012e-05 	0
22.1875 	4.34302e-05 	4.34302e-05 	0
22.25 	0.000136367 	6.88381e-05 	1
22.3125 	8.33049e-05 	8.33049e-05 	0
22.375 	6.80553e-05 	6.80553e-05 	0
22.4375 	0.00012098 	5.4754e-05 	1
22.5 	9.54601e-05 	9.54601e-05 	0
22.625 	0.000171487 	8.80328e-05 	1
22.6875 	7.527e-05 	7.527e-05 	0
22.75 	0.00010899 	5.57804e-05 	1
22.8125 	9.29113e-05 	9.29113e-05 	0
22.9375 	7.19895e-05 	7.19895e-05 	0
23.0 	7.02685e-05 	7.02685e-05 	0
23.0625 	0.00014907 	9.29201e-05 	1
23.125 	0.000107092 	6.63611e-05 	1
23.1875 	6.2498e-05 	6.2498e-05 	0
23.3125 	5.72717e-05 	5.72717e-05 	0
23.375 	7.46816e-05 	7.46816e-05 	0
23.4375 	9.09072e-05 	9.09072e-05 	0
23.5 	4.53152e-05 	4.53152e-05 	0
23.5625 	7.84932e-05 	7.84932e-05 	0
23.625 	5.69133e-05 	5.69133e-05 	0
23.6875 	7.34596e-05 	7.34596e-05 	0
23.75 	8.75569e-05 	8.75569e-05 	0
23.8125 	0.000116248 	5.69488e-05 	1
23.875 	0.000104407 	4.90183e-05 	1
23.9375 	7.95373e-05 	7.95373e-05 	0
24.0 	8.70882e-05 	8.70882e-05 	0
24.0625 	5.95293e-05 	5.95293e-05 	0
24.125 	0.000105551 	6.85817e-05 	1
24.1875 	6.14383e-05 	6.14383e-05 	0
24.25 	9.74133e-05 	9.74133e-05 	0
24.3125 	5.25194e-05 	5.25194e-05 	0
24.375 	0.000125508 	4.99536e-05 	1
24.4375 	0.000140437 	7.05464e-05 	1
24.5 	0.000171882 	8.58739e-05 	1
24.5625 	0.000108771 	3.02311e-05 	1
24.625 	9.19795e-05 	9.19795e-05 	0
24.6875 	0.000123303 	4.95648e-05 	1
24.75 	6.31705e-05 	6.31705e-05 	0
24.8125 	7.79189e-05 	7.79189e-05 	0
24.875 	7.84283e-05 	7.84283e-05 	0
24.9375 	6.21798e-05 	6.21798e-05 	0
25.0 	0.000107998 	5.6804e-05 	1
25.0625 	7.47872e-05 	7.47872e-05 	0
25.125 	0.000122326 	4.52756e-05 	1
25.25 	9.92664e-05 	9.92664e-05 	0
25.3125 	9.73122e-05 	9.73122e-05 	0
25.375 	9.61851e-05 	9.61851e-05 	0
25.4375 	6.48201e-05 	6.48201e-05 	0
25.5 	4.8642e-05 	4.8642e-05 	0
25.5625 	0.000105865 	4.04945e-05 	1
25.625 	0.000107726 	6.82986e-05 	1
25.6875 	0.00010397 	3.88218e-05 	1
25.75 	3.80161e-05 	3.80161e-05 	0
25.8125 	0.000103286 	4.61738e-05 	1
25.875 	0.000106398 	6.48107e-05 	1
25.9375 	6.80434e-05 	6.80434e-05 	0
26.0 	9.47714e-05 	9.47714e-05 	0
26.0625 	0.000105891 	4.14047e-05 	1
26.125 	5.5899e-05 	5.5899e-05 	0
26.1875 	8.03502e-05 	8.03502e-05 	0
26.25 	3.24453e-05 	3.24453e-05 	0
26.3125 	0.0001129 	5.2758e-05 	1
26.375 	8.99939e-05 	8.99939e-05 	0
26.4375 	8.07263e-05 	8.07263e-05 	0
26.5 	7.30617e-05 	7.30617e-05 	0
26.5625 	9.30492e-05 	9.30492e-05 	0
26.625 	8.94151e-05 	8.94151e-05 	0
26.6875 	7.71276e-05 	7.71276e-05 	0
26.875 	0.000106945 	6.01034e-05 	1
26.9375 	7.36761e-05 	7.36761e-05 	0
27.0 	9.23226e-05 	9.23226e-05 	0
27.0625 	7.07305e-05 	7.07305e-05 	0
27.125 	0.000104258 	4.74607e-05 	1
27.25 	0.000154703 	5.47783e-05 	1
27.3125 	5.63503e-05 	5.63503e-05 	0
27.375 	7.08012e-05 	7.08012e-05 	0
27.5 	9.39926e-05 	9.39926e-05 	0
27.5625 	8.06722e-05 	8.06722e-05 	0
27.625 	0.000116156 	4.91655e-05 	1
27.6875 	0.000104575 	4.46266e-05 	1
27.75 	0.000105362 	3.97694e-05 	1
27.8125 	0.000136591 	6.17894e-05 	1
27.875 	8.15194e-05 	8.15194e-05 	0
27.9375 	0.000142543 	6.02493e-05 	1
28.0 	5.63612e-05 	5.63612e-05 	0
28.0625 	6.56795e-05 	6.56795e-05 	0
28.125 	6.21103e-05 	6.21103e-05 	0
28.25 	0.000138078 	9.23696e-05 	1
28.3125 	9.01136e-05 	9.01136e-05 	0
28.375 	0.000111309 	4.82321e-05 	1
28.4375 	8.32643e-05 	8.32643e-05 	0
28.5 	8.85734e-05 	8.85734e-05 	0
28.5625 	4.56119e-05 	4.56119e-05 	0
28.625 	0.000123839 	4.7189e-05 	1
28.6875 	7.52816e-05 	7.52816e-05 	0
28.8125 	0.000108609 	5.1657e-05 	1
28.875 	9.01032e-05 	9.01032e-05 	0
28.9375 	5.54538e-05 	5.54538e-05 	0
29.0 	0.000110655 	5.40382e-05 	1
29.0625 	9.97338e-05 	9.97338e-05 	0
29.125 	9.34402e-05 	9.34402e-05 	0
29.1875 	8.05164e-05 	8.05164e-05 	0
29.25 	0.000110542 	5.28201e-05 	1
29.3125 	9.27458e-05 	9.27458e-05 	0
29.375 	5.89444e-05 	5.89444e-05 	0
29.4375 	9.53326e-05 	9.53326e-05 	0
29.5 	5.8321e-05 	5.8321e-05 	0
29.5625 	7.6644e-05 	7.6644e-05 	0
29.625 	4.34925e-05 	4.34925e-05 	0
29.6875 	0.000114497 	5.6089e-05 	1
29.75 	8.70928e-05 	8.70928e-05 	0
29.8125 	9.04938e-05 	9.04938e-05 	0
29.875 	9.23772e-05 	9.23772e-05 	0
29.9375 	7.24468e-05 	7.24468e-05 	0
30.0 	7.01541e-05 	7.01541e-05 	0
30.125 	8.24532e-05 	8.24532e-05 	0
30.1875 	0.000112813 	5.1491e-05 	1
30.25 	5.6474e-05 	5.6474e-05 	0
30.3125 	9.07685e-05 	9.07685e-05 	0
30.375 	7.24872e-05 	7.24872e-05 	0
30.4375 	0.000114306 	7.62962e-05 	1
30.5 	0.000107822 	4.51995e-05 	1
30.5625 	9.85791e-05 	9.85791e-05 	0
30.625 	0.000131294 	6.84142e-05 	1
30.6875 	7.21056e-05 	7.21056e-05 	0
30.75 	5.97066e-05 	5.97066e-05 	0
30.8125 	8.0769e-05 	8.0769e-05 	0
30.875 	5.1457e-05 	5.1457e-05 	0
30.9375 	5.52187e-05 	5.52187e-05 	0
31.0 	0.000102193 	4.59745e-05 	1
31.125 	6.8207e-05 	6.8207e-05 	0
31.1875 	8.14626e-05 	8.14626e-05 	0
31.25 	0.000104044 	4.58897e-05 	1
31.3125 	7.6089e-05 	7.6089e-05 	0
31.375 	0.000114802 	4.9708e-05 	1
31.5 	6.75722e-05 	6.75722e-05 	0
31.5625 	9.55928e-05 	9.55928e-05 	0
31.625 	8.07104e-05 	8.07104e-05 	0
31.6875 	8.50633e-05 	8.50633e-05 	0
31.75 	5.46563e-05 	5.46563e-05 	0
31.8125 	0.000101574 	5.81296e-05 	1
31.875 	8.27407e-05 	8.27407e-05 	0
31.9375 	0.000107534 	3.55997e-05 	1
32.0 	0.000109512 	5.24921e-05 	1
32.0625 	9.50183e-05 	9.50183e-05 	0
32.125 	0.000120069 	5.44275e-05 	1
32.1875 	9.07086e-05 	9.07086e-05 	0
32.25 	0.000104214 	6.3241e-05 	1
32.3125 	9.17697e-05 	9.17697e-05 	0
32.375 	6.78828e-05 	6.78828e-05 	0
32.4375 	0.00013184 	6.48719e-05 	1
32.5 	5.98248e-05 	5.98248e-05 	0
32.625 	6.48156e-05 	6.48156e-05 	0
32.6875 	8.48217e-05 	8.48217e-05 	0
32.75 	0.000123458 	4.11672e-05 	1
32.8125 	0.000122627 	5.73852e-05 	1
32.875 	0.000110307 	5.60588e-05 	1
32.9375 	5.79424e-05 	5.79424e-05 	0
33.0 	8.40109e-05 	8.40109e-05 	0
33.0625 	9.67907e-05 	9.67907e-05 	0
33.125 	9.2773e-05 	9.2773e-05 	0
33.1875 	5.69089e-05 	5.69089e-05 	0
33.25 	7.09159e-05 	7.09159e-05 	0
33.3125 	0.000183911 	6.53131e-05 	1
33.375 	0.0001158 	5.67753e-05 	1
33.4375 	0.000130447 	4.90261e-05 	1
33.5 	6.37644e-05 	6.37644e-05 	0
33.625 	8.33787e-05 	8.33787e-05 	0
33.6875 	3.75613e-05 	3.75613e-05 	0
33.75 	5.27621e-05 	5.27621e-05 	0
33.8125 	5.6117e-05 	5.6117e-05 	0
33.875 	9.05323e-05 	9.05323e-05 	0
33.9375 	5.50705e-05 	5.50705e-05 	0
34.0 	9.03478e-05 	9.03478e-05 	0
34.0625 	8.58847e-05 	8.58847e-05 	0
34.125 	0.000108866 	5.83756e-05 	1
34.1875 	6.56546e-05 	6.56546e-05 	0
34.25 	0.000112946 	4.68508e-05 	1
34.3125 	7.28619e-05 	7.28619e-05 	0
34.375 	7.57797e-05 	7.57797e-05 	0
34.4375 	5.79315e-05 	5.79315e-05 	0
34.5 	7.64659e-05 	7.64659e-05 	0
34.5625 	4.56959e-05 	4.56959e-05 	0
34.625 	0.000107808 	6.1442e-05 	1
34.6875 	8.33425e-05 	8.33425e-05 	0
34.75 	7.79395e-05 	7.79395e-05 	0
34.8125 	4.96541e-05 	4.96541e-05 	0
34.875 	7.97095e-05 	7.97095e-05 	0
34.9375 	5.20132e-05 	5.20132e-05 	0
35.0 	6.73521e-05 	6.73521e-05 	0
35.0625 	6.87449e-05 	6.87449e-05 	0
35.125 	0.000125275 	5.70771e-05 	1
35.1875 	8.77656e-05 	8.77656e-05 	0
35.25 	0.000129978 	5.70531e-05 	1
35.3125 	8.3684e-05 	8.3684e-05 	0
35.375 	4.54143e-05 	4.54143e-05 	0
35.4375 	8.50866e-05 	8.50866e-05 	0
35.5625 	9.24503e-05 	9.24503e-05 	0
35.625 	8.8594e-05 	8.8594e-05 	0
35.6875 	5.22738e-05 	5.22738e-05 	0
35.75 	4.40004e-05 	4.40004e-05 	0
35.8125 	8.50772e-05 	8.50772e-05 	0
35.875 	4.06647e-05 	4.06647e-05 	0
35.9375 	0.000130449 	9.7415e-05 	1
36.0 	6.58388e-05 	6.58388e-05 	0
36.125 	7.08283e-05 	7.08283e-05 	0
36.1875 	6.1851e-05 	6.1851e-05 	0
36.25 	9.47999e-05 	9.47999e-05 	0
36.3125 	5.82735e-05 	5.82735e-05 	0
36.375 	8.97357e-05 	8.97357e-05 	0
36.4375 	6.56721e-05 	6.56721e-05 	0
36.5 	6.9953e-05 	6.9953e-05 	0
36.5625 	6.0784e-05 	6.0784e-05 	0
36.625 	9.41284e-05 	9.41284e-05 	0
36.6875 	7.97657e-05 	7.97657e-05 	0
36.75 	0.000114461 	5.56257e-05 	1
36.8125 	4.55163e-05 	4.55163e-05 	0
36.875 	0.000117664 	5.41609e-05 	1
36.9375 	0.000117076 	4.86368e-05 	1
37.0 	0.000108535 	4.8115e-05 	1
37.0625 	0.00013884 	8.41576e-05 	1
37.125 	9.63767e-05 	9.63767e-05 	0
37.1875 	0.000105569 	1.5167e-05 	1
37.25 	7.27828e-05 	7.27828e-05 	0
37.3125 	7.33343e-05 	7.33343e-05 	0
37.375 	0.00010739 	4.96564e-05 	1
37.4375 	5.94926e-05 	5.94926e-05 	0
37.5 	5.58229e-05 	5.58229e-05 	0
37.5625 	7.31736e-05 	7.31736e-05 	0
37.625 	0.0001282 	5.02585e-05 	1
37.75 	0.000110749 	5.89337e-05 	1
37.8125 	0.000102709 	3.51238e-05 	1
37.875 	9.62904e-05 	9.62904e-05 	0
37.9375 	9.25944e-05 	9.25944e-05 	0
38.0 	0.000110205 	5.46272e-05 	1
38.0625 	9.3693e-05 	9.3693e-05 	0
38.125 	6.74499e-05 	6.74499e-05 	0
38.1875 	8.80103e-05 	8.80103e-05 	0
38.25 	6.44956e-05 	6.44956e-05 	0
38.3125 	5.73663e-05 	5.73663e-05 	0
38.375 	0.000119812 	5.03171e-05 	1
38.4375 	0.000102626 	5.03651e-05 	1
38.5 	0.000107828 	4.06435e-05 	1
38.5625 	0.00010999 	4.86083e-05 	1
38.6875 	8.66722e-05 	8.66722e-05 	0
38.75 	0.000116912 	5.06328e-05 	1
38.8125 	5.77677e-05 	5.77677e-05 	0
38.875 	8.79858e-05 	8.79858e-05 	0
38.9375 	0.000102199 	5.18919e-05 	1
39.0 	7.59298e-05 	7.59298e-05 	0
39.0625 	9.74844e-05 	9.74844e-05 	0
39.125 	8.02062e-05 	8.02062e-05 	0
39.1875 	0.000110886 	5.78336e-05 	1
39.25 	6.61854e-05 	6.61854e-05 	0
39.3125 	0.000125764 	4.99799e-05 	1
39.375 	3.32208e-05 	3.32208e-05 	0
39.5 	7.48358e-05 	7.48358e-05 	0
39.5625 	0.000100478 	4.95336e-05 	1
39.625 	0.000102474 	5.27287e-05 	1
39.6875 	7.12062e-05 	7.12062e-05 	0
39.75 	8.98201e-05 	8.98201e-05 	0
39.8125 	7.81361e-05 	7.81361e-05 	0
39.875 	0.000109353 	6.74014e-05 	1
39.9375 	6.50115e-05 	6.50115e-05 	0
40.0 	7.70547e-05 	7.70547e-05 	0
40.0625 	7.77194e-05 	7.77194e-05 	0
40.125 	0.00010441 	4.91102e-05 	1
40.1875 	7.25594e-05 	7.25594e-05 	0
40.25 	0.000100096 	3.01882e-05 	1
40.3125 	0.000114946 	8.88089e-05 	1
40.4375 	5.23417e-05 	5.23417e-05 	0
40.5 	9.06795e-05 	9.06795e-05 	0
40.5625 	8.55368e-05 	8.55368e-05 	0
40.625 	3.87913e-05 	3.87913e-05 	0
40.6875 	5.20401e-05 	5.20401e-05 	0
40.8125 	0.000118974 	9.22421e-05 	1
40.875 	9.27539e-05 	9.27539e-05 	0
40.9375 	9.92696e-05 	9.92696e-05 	0
41.0 	0.000102907 	4.04914e-05 	1
41.0625 	7.71448e-05 	7.71448e-05 	0
41.125 	0.000114746 	4.70404e-05 	1
41.1875 	9.78102e-05 	9.78102e-05 	0
41.25 	0.000102436 	5.04453e-05 	1
41.3125 	7.42093e-05 	7.42093e-05 	0
41.375 	5.97986e-05 	5.97986e-05 	0
41.4375 	6.45467e-05 	6.45467e-05 	0
41.5 	8.55484e-05 	8.55484e-05 	0
41.5625 	7.59715e-05 	7.59715e-05 	0
41.625 	5.94609e-05 	5.94609e-05 	0
41.6875 	7.0304e-05 	7.0304e-05 	0
41.8125 	7.36982e-05 	7.36982e-05 	0
41.875 	0.000117955 	5.92066e-05 	1
41.9375 	0.000134845 	5.33253e-05 	1
42.0 	0.000108076 	4.86885e-05 	1
42.125 	3.75735e-05 	3.75735e-05 	0
42.1875 	5.3284e-05 	5.3284e-05 	0
42.25 	7.15137e-05 	7.15137e-05 	0
42.375 	0.000106064 	4.41825e-05 	1
42.4375 	6.80095e-05 	6.80095e-05 	0
42.5 	6.4931e-05 	6.4931e-05 	0
42.5625 	9.32774e-05 	9.32774e-05 	0
42.625 	0.000114119 	4.79076e-05 	1
42.6875 	6.05212e-05 	6.05212e-05 	0
42.75 	0.000165911 	6.25754e-05 	1
42.8125 	7.73236e-05 	7.73236e-05 	0
42.875 	5.6739e-05 	5.6739e-05 	0
42.9375 	8.82879e-05 	8.82879e-05 	0
43.0 	9.26356e-05 	9.26356e-05 	0
43.0625 	6.18873e-05 	6.18873e-05 	0
43.125 	8.63869e-05 	8.63869e-05 	0
43.1875 	8.67314e-05 	8.67314e-05 	0
43.25 	9.026e-05 	9.026e-05 	0
43.3125 	6.9769e-05 	6.9769e-05 	0
43.375 	4.36994e-05 	4.36994e-05 	0
43.4375 	9.03613e-05 	9.03613e-05 	0
43.5 	5.92944e-05 	5.92944e-05 	0
43.5625 	6.60148e-05 	6.60148e-05 	0
43.6875 	5.24545e-05 	5.24545e-05 	0
43.75 	7.83952e-05 	7.83952e-05 	0
43.8125 	0.000112621 	6.27884e-05 	1
43.875 	0.000107877 	5.22761e-05 	1
43.9375 	0.000139339 	6.20689e-05 	1
44.0 	0.000126941 	6.38178e-05 	1
44.0625 	0.000111611 	5.12244e-05 	1
44.125 	4.66234e-05 	4.66234e-05 	0
44.1875 	6.02143e-05 	6.02143e-05 	0
44.25 	8.99023e-05 	8.99023e-05 	0
44.3125 	8.46512e-05 	8.46512e-05 	0
44.375 	9.95683e-05 	9.95683e-05 	0
44.4375 	6.44113e-05 	6.44113e-05 	0
44.5 	6.0541e-05 	6.0541e-05 	0
44.5625 	5.31313e-05 	5.31313e-05 	0
44.625 	7.64991e-05 	7.64991e-05 	0
44.6875 	5.90873e-05 	5.90873e-05 	0
44.75 	4.36845e-05 	4.36845e-05 	0
44.8125 	6.05967e-05 	6.05967e-05 	0
44.875 	0.000106237 	5.26364e-05 	1
44.9375 	6.64547e-05 	6.64547e-05 	0
45.0 	7.55288e-05 	7.55288e-05 	0
45.0625 	6.63099e-05 	6.63099e-05 	0
45.125 	0.000100707 	9.92504e-05 	1
45.1875 	7.58474e-05 	7.58474e-05 	0
45.25 	9.89202e-05 	9.89202e-05 	0
45.3125 	0.00016218 	7.59675e-05 	1
45.375 	7.05971e-05 	7.05971e-05 	0
45.5 	9.46528e-05 	9.46528e-05 	0
45.5625 	8.93696e-05 	8.93696e-05 	0
45.625 	0.000118282 	8.15088e-05 	1
45.6875 	8.87113e-05 	8.87113e-05 	0
45.75 	6.98511e-05 	6.98511e-05 	0
45.8125 	0.00010246 	6.90186e-05 	1
45.875 	6.95364e-05 	6.95364e-05 	0
45.9375 	0.000100703 	3.86596e-05 	1
46.0 	0.00011558 	5.48719e-05 	1
46.0625 	7.14562e-05 	7.14562e-05 	0
46.125 	7.69789e-05 	7.69789e-05 	0
46.25 	8.50698e-05 	8.50698e-05 	0
46.3125 	5.86972e-05 	5.86972e-05 	0
46.375 	6.53348e-05 	6.53348e-05 	0
46.4375 	8.73523e-05 	8.73523e-05 	0
46.5 	0.000120976 	4.94285e-05 	1
46.5625 	6.1574e-05 	6.1574e-05 	0
46.625 	0.000114018 	5.84833e-05 	2
46.6875 	0.000111355 	5.0848e-05 	1
46.75 	8.89819e-05 	8.89819e-05 	0
46.8125 	6.64125e-05 	6.64125e-05 	0
46.875 	7.90025e-05 	7.90025e-05 	0
46.9375 	5.15269e-05 	5.15269e-05 	0
47.0 	6.91972e-05 	6.91972e-05 	0
47.0625 	9.21849e-05 	9.21849e-05 	0
47.125 	0.000111613 	5.6268e-05 	1
47.1875 	8.95892e-05 	8.95892e-05 	0
47.25 	0.000157447 	5.70155e-05 	1
47.3125 	6.40608e-05 	6.40608e-05 	0
47.375 	6.95532e-05 	6.95532e-05 	0
47.4375 	3.68228e-05 	3.68228e-05 	0
47.5 	7.32109e-05 	7.32109e-05 	0
47.5625 	6.12121e-05 	6.12121e-05 	0
47.625 	8.80841e-05 	8.80841e-05 	0
47.6875 	9.70341e-05 	9.70341e-05 	0
47.75 	7.144e-05 	7.144e-05 	0
47.8125 	7.61115e-05 	7.61115e-05 	0
47.875 	8.70516e-05 	8.70516e-05 	0
48.0 	4.43602e-05 	4.43602e-05 	0
48.0625 	8.1305e-05 	8.1305e-05 	0
48.125 	0.000104321 	5.95157e-05 	1
48.1875 	9.9476e-05 	9.9476e-05 	0
48.25 	5.07361e-05 	5.07361e-05 	0
48.3125 	5.76949e-05 	5.76949e-05 	0
48.375 	5.89352e-05 	5.89352e-05 	0
48.4375 	6.07108e-05 	6.07108e-05 	0
48.5 	8.74077e-05 	8.74077e-05 	0
48.5625 	4.65697e-05 	4.65697e-05 	0
48.625 	9.77778e-05 	9.77778e-05 	0
48.75 	0.000113296 	6.64691e-05 	1
48.8125 	7.34886e-05 	7.34886e-05 	0
48.875 	5.78873e-05 	5.78873e-05 	0
48.9375 	8.71733e-05 	8.71733e-05 	0
49.0 	3.83675e-05 	3.83675e-05 	0
49.0625 	8.34845e-05 	8.34845e-05 	0
49.125 	7.48257e-05 	7.48257e-05 	0
49.1875 	9.21048e-05 	9.21048e-05 	0
49.25 	8.06043e-05 	8.06043e-05 	0
49.3125 	0.000140543 	6.07337e-05 	1
49.375 	0.000114343 	4.24983e-05 	1
49.4375 	7.03454e-05 	7.03454e-05 	0
49.5 	0.000135236 	6.53977e-05 	1
49.5625 	0.000102074 	4.66235e-05 	1
49.625 	8.59851e-05 	8.59851e-05 	0
49.6875 	0.000112862 	4.48466e-05 	1
49.75 	0.000115625 	4.88295e-05 	1
50.0625 	6.03594e-05 	6.03594e-05 	0
50.125 	0.000154313 	5.71157e-05 	1
50.1875 	6.16153e-05 	6.16153e-05 	0
50.25 	8.4654e-05 	8.4654e-05 	0
50.3125 	0.000157186 	5.66737e-05 	1
50.375 	6.71879e-05 	6.71879e-05 	0
50.4375 	0.000130861 	6.09993e-05 	1
50.5 	7.43652e-05 	7.43652e-05 	0
50.5625 	8.11623e-05 	8.11623e-05 	0
50.625 	8.22495e-05 	8.22495e-05 	0
50.6875 	7.22219e-05 	7.22219e-05 	0
50.75 	5.05616e-05 	5.05616e-05 	0
50.8125 	8.16969e-05 	8.16969e-05 	0
50.875 	3.82247e-05 	3.82247e-05 	0
50.9375 	7.43791e-05 	7.43791e-05 	0
51.0 	0.000109239 	4.26892e-05 	1
51.0625 	0.00011563 	5.42868e-05 	1
51.125 	4.67046e-05 	4.67046e-05 	0
51.1875 	7.61475e-05 	7.61475e-05 	0
51.25 	7.14006e-05 	7.14006e-05 	0
51.3125 	7.08836e-05 	7.08836e-05 	0
51.375 	7.373e-05 	7.373e-05 	0
51.4375 	0.000114489 	6.30402e-05 	1
51.5 	9.70237e-05 	9.70237e-05 	0
51.5625 	5.31117e-05 	5.31117e-05 	0
51.625 	8.44435e-05 	8.44435e-05 	0
51.6875 	6.21193e-05 	6.21193e-05 	0
51.75 	8.89436e-05 	8.89436e-05 	0
51.8125 	6.43718e-05 	6.43718e-05 	0
51.875 	7.83104e-05 	7.83104e-05 	0
52.0 	8.13055e-05 	8.13055e-05 	0
52.0625 	0.0001169 	4.43068e-05 	1
52.125 	0.000104201 	5.70916e-05 	1
52.1875 	6.23784e-05 	6.23784e-05 	0
52.25 	5.7443e-05 	5.7443e-05 	0
52.3125 	9.08657e-05 	9.08657e-05 	0
52.375 	3.68724e-05 	3.68724e-05 	0
52.4375 	8.51803e-05 	8.51803e-05 	0
52.5 	9.03548e-05 	9.03548e-05 	0
52.5625 	9.90335e-05 	9.90335e-05 	0
52.625 	0.000166976 	7.90942e-05 	1
52.6875 	7.30508e-05 	7.30508e-05 	0
52.75 	4.36937e-05 	4.36937e-05 	0
52.8125 	7.67824e-05 	7.67824e-05 	0
52.875 	6.14421e-05 	6.14421e-05 	0
52.9375 	4.72098e-05 	4.72098e-05 	0
53.0 	6.45698e-05 	6.45698e-05 	0
53.0625 	4.93323e-05 	4.93323e-05 	0
53.125 	7.63599e-05 	7.63599e-05 	0
53.1875 	9.50072e-05 	9.50072e-05 	0
53.25 	9.32732e-05 	9.32732e-05 	0
53.3125 	3.45408e-05 	3.45408e-05 	0
53.375 	9.60116e-05 	9.60116e-05 	0
53.5 	7.81231e-05 	7.81231e-05 	0
53.5625 	9.98353e-05 	9.98353e-05 	0
53.625 	4.82748e-05 	4.82748e-05 	0
53.6875 	7.78397e-05 	7.78397e-05 	0
53.75 	8.83975e-05 	8.83975e-05 	0
53.8125 	7.35577e-05 	7.35577e-05 	0
53.875 	0.000122885 	6.80518e-05 	1
53.9375 	0.000114637 	5.98758e-05 	1
54.0 	6.60346e-05 	6.60346e-05 	0
54.0625 	7.2052e-05 	7.2052e-05 	0
54.125 	0.000133716 	5.77053e-05 	1
54.1875 	0.00010489 	3.70839e-05 	1
54.25 	9.93905e-05 	9.93905e-05 	0
54.3125 	7.59169e-05 	7.59169e-05 	0
54.375 	0.0001187 	4.7742e-05 	1
54.4375 	0.000137653 	9.35557e-05 	1
54.5 	9.11318e-05 	9.11318e-05 	0
54.5625 	9.80364e-05 	9.80364e-05 	0
54.625 	6.31995e-05 	6.31995e-05 	0
54.6875 	0.000122388 	4.7844e-05 	1
54.75 	4.91301e-05 	4.91301e-05 	0
54.8125 	7.00869e-05 	7.00869e-05 	0
54.875 	5.19609e-05 	5.19609e-05 	0
54.9375 	0.000104532 	4.94887e-05 	1
55.0 	0.00010166 	7.06386e-05 	1
55.0625 	0.000117667 	7.50686e-05 	1
55.125 	5.07877e-05 	5.07877e-05 	0
55.1875 	8.14356e-05 	8.14356e-05 	0
55.3125 	8.63567e-05 	8.63567e-05 	0
55.4375 	4.92525e-05 	4.92525e-05 	0
55.5 	6.89326e-05 	6.89326e-05 	0
55.5625 	0.000109241 	6.46449e-05 	1
55.625 	8.88716e-05 	8.88716e-05 	0
55.6875 	0.000104133 	6.32606e-05 	1
55.75 	3.50459e-05 	3.50459e-05 	0
55.8125 	0.000172808 	6.0022e-05 	1
55.875 	7.28506e-05 	7.28506e-05 	0
55.9375 	0.000106641 	4.60161e-05 	1
56.0 	7.55546e-05 	7.55546e-05 	0
56.0625 	5.77627e-05 	5.77627e-05 	0
56.125 	9.21522e-05 	9.21522e-05 	0
56.1875 	0.000108426 	5.00307e-05 	1
56.25 	4.75241e-05 	4.75241e-05 	0
56.3125 	8.78312e-05 	8.78312e-05 	0
56.375 	0.000143363 	9.45375e-05 	1
56.4375 	0.000143102 	6.32876e-05 	1
56.5 	7.45206e-05 	7.45206e-05 	0
56.5625 	5.4707e-05 	5.4707e-05 	0
56.625 	0.000110682 	4.56634e-05 	1
56.6875 	8.44133e-05 	8.44133e-05 	0
56.75 	0.000133059 	5.74162e-05 	1
56.8125 	0.000155891 	6.94404e-05 	1
56.875 	9.19861e-05 	9.19861e-05 	0
56.9375 	5.26788e-05 	5.26788e-05 	0
57.0 	0.000130999 	6.19187e-05 	1
57.0625 	7.85881e-05 	7.85881e-05 	0
57.125 	0.000120408 	6.25927e-05 	1
57.1875 	6.04896e-05 	6.04896e-05 	0
57.25 	8.44062e-05 	8.44062e-05 	0
57.3125 	0.000125442 	5.413e-05 	1
57.375 	0.00011925 	5.13225e-05 	2
57.4375 	7.69397e-05 	7.69397e-05 	0
57.5 	7.82541e-05 	7.82541e-05 	0
57.5625 	0.000109267 	6.74245e-05 	1
57.625 	0.000115728 	5.20785e-05 	1
57.6875 	4.00666e-05 	4.00666e-05 	0
57.75 	0.000114627 	5.50425e-05 	1
57.8125 	7.67209e-05 	7.67209e-05 	0
57.9375 	0.000119003 	6.14485e-05 	1
58.0 	0.000111612 	4.3001e-05 	1
58.0625 	0.000126521 	5.42528e-05 	1
58.125 	3.09861e-05 	3.09861e-05 	0
58.1875 	0.000114742 	5.20488e-05 	1
58.25 	9.7259e-05 	9.7259e-05 	0
58.3125 	0.00011635 	5.24321e-05 	1
58.375 	6.66949e-05 	6.66949e-05 	0
58.4375 	9.64346e-05 	9.64346e-05 	0
58.5 	8.49517e-05 	8.49517e-05 	0
58.5625 	6.36941e-05 	6.36941e-05 	0
58.625 	4.34772e-05 	4.34772e-05 	0
58.6875 	7.98256e-05 	7.98256e-05 	0
58.75 	5.66849e-05 	5.66849e-05 	0
58.8125 	9.25806e-05 	9.25806e-05 	0
58.875 	7.69615e-05 	7.69615e-05 	0
58.9375 	7.12197e-05 	7.12197e-05 	0
59.0 	7.4813e-05 	7.4813e-05 	0
59.0625 	6.92612e-05 	6.92612e-05 	0
59.125 	9.98925e-05 	9.98925e-05 	0
59.1875 	0.000101816 	4.41037e-05 	1
59.25 	8.61788e-05 	8.61788e-05 	0
59.3125 	8.03567e-05 	8.03567e-05 	0
59.375 	8.84382e-05 	8.84382e-05 	0
59.4375 	9.50606e-05 	9.50606e-05 	0
59.5 	8.88724e-05 	8.88724e-05 	0
59.5625 	7.19603e-05 	7.19603e-05 	0
59.6875 	5.57286e-05 	5.57286e-05 	0
59.75 	4.19598e-05 	4.19598e-05 	0
59.8125 	3.27765e-05 	3.27765e-05 	0
59.875 	7.88784e-05 	7.88784e-05 	0
59.9375 	4.10405e-05 	4.10405e-05 	0
60.0 	6.83835e-05 	6.83835e-05 	0
60.0625 	0.000105217 	7.55498e-05 	2
60.125 	4.83639e-05 	4.83639e-05 	0
60.25 	9.92597e-05 	9.92597e-05 	0
60.3125 	6.46396e-05 	6.46396e-05 	0
60.375 	8.79468e-05 	8.79468e-05 	0
60.4375 	8.76569e-05 	8.76569e-05 	0
60.5 	5.89103e-05 	5.89103e-05 	0
60.5625 	8.32479e-05 	8.32479e-05 	0
60.625 	0.000124288 	6.3362e-05 	1
60.6875 	0.000161549 	8.69366e-05 	1
60.75 	0.000117365 	4.35009e-05 	1
60.8125 	6.08501e-05 	6.08501e-05 	0
60.875 	7.76023e-05 	7.76023e-05 	0
60.9375 	0.000118917 	5.67356e-05 	1
61.0 	0.000119601 	5.73065e-05 	1
61.0625 	0.000114436 	5.61812e-05 	1
61.125 	6.91913e-05 	6.91913e-05 	0
61.1875 	0.000157183 	8.62216e-05 	1
61.25 	9.48267e-05 	9.48267e-05 	0
61.3125 	8.69344e-05 	8.69344e-05 	0
61.375 	8.66181e-05 	8.66181e-05 	0
61.4375 	5.30916e-05 	5.30916e-05 	0
61.5 	5.27344e-05 	5.27344e-05 	0
61.5625 	8.57659e-05 	8.57659e-05 	0
61.625 	0.000125618 	6.42917e-05 	1
61.6875 	0.000149647 	5.62894e-05 	1
61.75 	0.000115719 	6.03016e-05 	1
61.8125 	7.22005e-05 	7.22005e-05 	0
61.875 	8.86181e-05 	8.86181e-05 	0
61.9375 	8.67063e-05 	8.67063e-05 	0
62.0 	8.85836e-05 	8.85836e-05 	0
62.0625 	8.14041e-05 	8.14041e-05 	0
62.125 	0.000122196 	4.34872e-05 	1
62.1875 	0.000155335 	9.41614e-05 	1
62.25 	0.000100308 	3.86714e-05 	1
62.3125 	9.2808e-05 	9.2808e-05 	0
62.375 	4.55823e-05 	4.55823e-05 	0
62.4375 	7.0855e-05 	7.0855e-05 	0
62.5 	6.02624e-05 	6.02624e-05 	0
62.5625 	9.37558e-05 	9.37558e-05 	0
62.6875 	5.91165e-05 	5.91165e-05 	0
62.75 	0.00013488 	5.71369e-05 	1
62.8125 	3.86797e-05 	3.86797e-05 	0
62.875 	6.35559e-05 	6.35559e-05 	0
62.9375 	0.00011374 	5.03092e-05 	1
63.0 	0.000100696 	5.5618e-05 	1
63.0625 	7.15091e-05 	7.15091e-05 	0
63.125 	7.92697e-05 	7.92697e-05 	0
63.1875 	6.91123e-05 	6.91123e-05 	0
63.25 	8.38633e-05 	8.38633e-05 	0
63.3125 	7.27831e-05 	7.27831e-05 	0
63.375 	6.84365e-05 	6.84365e-05 	0
63.4375 	8.73421e-05 	8.73421e-05 	0
63.5 	7.14252e-05 	7.14252e-05 	0
63.5625 	0.000108284 	6.08271e-05 	1
63.625 	5.53638e-05 	5.53638e-05 	0
63.8125 	0.000117662 	5.05591e-05 	1
63.875 	0.000103029 	4.52793e-05 	1
63.9375 	8.06366e-05 	8.06366e-05 	0
64.0 	7.48033e-05 	7.48033e-05 	0
64.0625 	0.000108242 	3.8147e-05 	1
64.125 	0.000112157 	6.18146e-05 	1
64.1875 	6.02917e-05 	6.02917e-05 	0
64.25 	0.000107336 	4.83098e-05 	1
64.3125 	6.9459e-05 	6.9459e-05 	0
64.4375 	7.11618e-05 	7.11618e-05 	0
64.5 	7.30857e-05 	7.30857e-05 	0
64.5625 	9.34703e-05 	9.34703e-05 	0
64.6875 	4.00212e-05 	4.00212e-05 	0
64.75 	0.000111682 	4.29699e-05 	1
64.8125 	6.58049e-05 	6.58049e-05 	0
64.875 	5.2915e-05 	5.2915e-05 	0
64.9375 	0.000139998 	5.78146e-05 	1
65.0 	0.000120233 	6.42594e-05 	1
65.0625 	5.7887e-05 	5.7887e-05 	0
65.125 	5.2229e-05 	5.2229e-05 	0
65.1875 	9.96115e-05 	9.96115e-05 	0
65.25 	0.000112751 	5.23953e-05 	1
65.4375 	0.00010537 	2.16529e-05 	1
65.5 	5.81534e-05 	5.81534e-05 	0
65.625 	8.2939e-05 	8.2939e-05 	0
65.6875 	9.49651e-05 	9.49651e-05 	0
65.75 	8.876e-05 	8.876e-05 	0
65.8125 	8.86884e-05 	8.86884e-05 	0
65.875 	8.14488e-05 	8.14488e-05 	0
65.9375 	9.2527e-05 	9.2527e-05 	0
66.0 	0.000123352 	4.33377e-05 	1
66.0625 	5.83401e-05 	5.83401e-05 	0
66.125 	6.89996e-05 	6.89996e-05 	0
66.1875 	8.68089e-05 	8.68089e-05 	0
66.25 	0.00010074 	5.6094e-05 	1
66.3125 	9.20649e-05 	9.20649e-05 	0
66.375 	9.16401e-05 	9.16401e-05 	0
66.4375 	8.01054e-05 	8.01054e-05 	0
66.5 	9.44681e-05 	9.44681e-05 	0
66.5625 	8.34434e-05 	8.34434e-05 	0
66.625 	0.000134713 	5.25832e-05 	1
66.75 	9.31692e-05 	9.31692e-05 	0
66.8125 	6.56316e-05 	6.56316e-05 	0
66.875 	0.000142123 	6.53779e-05 	1
66.9375 	0.000102908 	4.92856e-05 	1
67.0 	0.000152117 	7.28542e-05 	1
67.125 	7.49564e-05 	7.49564e-05 	0
67.1875 	9.27033e-05 	9.27033e-05 	0
67.25 	0.00011331 	5.31405e-05 	1
67.3125 	5.72446e-05 	5.72446e-05 	0
67.375 	5.28019e-05 	5.28019e-05 	0
67.4375 	8.38609e-05 	8.38609e-05 	0
67.5 	6.94808e-05 	6.94808e-05 	0
67.5625 	4.98121e-05 	4.98121e-05 	0
67.625 	6.46325e-05 	6.46325e-05 	0
67.6875 	0.000104649 	2.34941e-05 	1
67.8125 	6.67638e-05 	6.67638e-05 	0
67.875 	5.60737e-05 	5.60737e-05 	0
67.9375 	0.00012997 	8.08155e-05 	1
68.0 	0.000118924 	5.84383e-05 	1
68.0625 	0.000108823 	7.10794e-05 	1
68.125 	7.9768e-05 	7.9768e-05 	0
68.1875 	9.05164e-05 	9.05164e-05 	0
68.25 	5.95069e-05 	5.95069e-05 	0
68.3125 	5.94938e-05 	5.94938e-05 	0
68.375 	6.75278e-05 	6.75278e-05 	0
68.4375 	8.57776e-05 	8.57776e-05 	0
68.5 	6.76567e-05 	6.76567e-05 	0
68.5625 	6.21426e-05 	6.21426e-05 	0
68.625 	0.000100629 	4.87473e-05 	1
68.6875 	6.29301e-05 	6.29301e-05 	0
68.75 	8.53276e-05 	8.53276e-05 	0
68.8125 	0.00010417 	6.89982e-05 	1
68.875 	9.55419e-05 	9.55419e-05 	0
68.9375 	7.41521e-05 	7.41521e-05 	0
69.0 	9.84918e-05 	9.84918e-05 	0
69.0625 	6.64093e-05 	6.64093e-05 	0
69.125 	7.6702e-05 	7.6702e-05 	0
69.1875 	6.22787e-05 	6.22787e-05 	0
69.25 	0.000115344 	4.96304e-05 	1
69.3125 	0.000132193 	6.90075e-05 	1
69.375 	0.00012257 	5.60295e-05 	1
69.4375 	7.57256e-05 	7.57256e-05 	0
69.5 	0.000118361 	5.98483e-05 	1
69.5625 	7.27773e-05 	7.27773e-05 	0
69.625 	9.24095e-05 	9.24095e-05 	0
69.6875 	5.0824e-05 	5.0824e-05 	0
69.75 	0.000115241 	4.33703e-05 	1
69.8125 	0.00010697 	5.32608e-05 	1
69.875 	0.000104168 	4.97167e-05 	1
69.9375 	6.55915e-05 	6.55915e-05 	0
70.0 	8.92076e-05 	8.92076e-05 	0
