# time 	Initial 	Final 	Iterations
0.333274 	6.85249e-05 	6.85249e-05 	0
0.392346 	3.6087e-05 	3.6087e-05 	0
0.579973 	4.3183e-05 	4.3183e-05 	0
0.642226 	5.67389e-05 	5.67389e-05 	0
0.70448 	7.74538e-05 	7.74538e-05 	0
0.766734 	4.37526e-05 	4.37526e-05 	0
0.828988 	9.00148e-05 	9.00148e-05 	0
0.953496 	4.16125e-05 	4.16125e-05 	0
1.01575 	8.26059e-05 	8.26059e-05 	0
1.078 	4.37542e-05 	4.37542e-05 	0
1.20251 	9.20713e-05 	9.20713e-05 	0
1.26477 	8.01694e-05 	8.01694e-05 	0
1.38927 	6.80514e-05 	6.80514e-05 	0
1.45153 	6.50225e-05 	6.50225e-05 	0
1.51378 	7.56543e-05 	7.56543e-05 	0
1.57604 	2.96298e-05 	2.96298e-05 	0
1.70054 	9.9338e-05 	9.9338e-05 	0
1.7628 	4.6926e-05 	4.6926e-05 	0
1.8873 	0.000110402 	5.17246e-05 	1
1.94956 	9.25858e-05 	9.25858e-05 	0
2.01181 	6.12544e-05 	6.12544e-05 	0
2.07407 	9.80707e-05 	9.80707e-05 	0
2.13632 	9.14762e-05 	9.14762e-05 	0
2.19857 	9.27725e-05 	9.27725e-05 	0
2.26083 	6.9426e-05 	6.9426e-05 	0
2.32308 	7.93828e-05 	7.93828e-05 	0
2.38534 	9.43232e-05 	9.43232e-05 	0
2.44759 	5.93871e-05 	5.93871e-05 	0
2.50984 	8.78597e-05 	8.78597e-05 	0
2.63435 	7.12129e-05 	7.12129e-05 	0
2.69661 	8.52092e-05 	8.52092e-05 	0
2.75886 	7.4305e-05 	7.4305e-05 	0
2.82111 	9.41162e-05 	9.41162e-05 	0
2.88337 	9.10799e-05 	9.10799e-05 	0
2.94562 	9.95287e-05 	9.95287e-05 	0
3.00787 	8.39296e-05 	8.39296e-05 	0
3.07013 	9.84161e-05 	9.84161e-05 	0
3.13238 	9.17001e-05 	9.17001e-05 	0
3.19464 	4.54969e-05 	4.54969e-05 	0
3.25689 	8.9645e-05 	8.9645e-05 	0
3.31914 	8.78892e-05 	8.78892e-05 	0
3.3814 	8.52634e-05 	8.52634e-05 	0
3.44365 	7.78731e-05 	7.78731e-05 	0
3.50591 	9.52409e-05 	9.52409e-05 	0
3.56816 	8.66425e-05 	8.66425e-05 	0
3.69267 	6.10132e-05 	6.10132e-05 	0
3.75492 	6.00205e-05 	6.00205e-05 	0
3.81718 	6.8539e-05 	6.8539e-05 	0
3.87943 	9.88542e-05 	9.88542e-05 	0
4.00394 	8.99179e-05 	8.99179e-05 	0
4.06619 	9.18417e-05 	9.18417e-05 	0
4.12845 	7.56295e-05 	7.56295e-05 	0
4.1907 	9.88817e-05 	9.88817e-05 	0
4.25295 	8.8176e-05 	8.8176e-05 	0
4.31521 	8.11895e-05 	8.11895e-05 	0
4.37746 	7.65042e-05 	7.65042e-05 	0
4.50197 	6.12953e-05 	6.12953e-05 	0
4.56422 	7.81759e-05 	7.81759e-05 	0
4.62648 	8.00296e-05 	8.00296e-05 	0
4.68873 	0.000132248 	6.0941e-05 	1
4.75098 	5.77078e-05 	5.77078e-05 	0
4.81324 	0.000100061 	6.18184e-05 	1
4.87549 	9.59666e-05 	9.59666e-05 	0
4.93775 	8.7977e-05 	8.7977e-05 	0
5.0 	9.60489e-05 	9.60489e-05 	0
5.0625 	6.87454e-05 	6.87454e-05 	0
5.125 	9.10282e-05 	9.10282e-05 	0
5.25 	8.54123e-05 	8.54123e-05 	0
5.3125 	5.48499e-05 	5.48499e-05 	0
5.375 	6.95004e-05 	6.95004e-05 	0
5.4375 	8.2555e-05 	8.2555e-05 	0
5.5 	7.70159e-05 	7.70159e-05 	0
5.5625 	4.56142e-05 	4.56142e-05 	0
5.625 	9.65755e-05 	9.65755e-05 	0
5.6875 	7.72646e-05 	7.72646e-05 	0
5.75 	8.61676e-05 	8.61676e-05 	0
5.8125 	9.30373e-05 	9.30373e-05 	0
5.875 	0.000104758 	7.0985e-05 	1
5.9375 	9.74592e-05 	9.74592e-05 	0
6.0 	9.50231e-05 	9.50231e-05 	0
6.125 	6.82452e-05 	6.82452e-05 	0
6.1875 	9.53011e-05 	9.53011e-05 	0
6.25 	0.000104668 	6.89431e-05 	1
6.3125 	7.58879e-05 	7.58879e-05 	0
6.4375 	9.81824e-05 	9.81824e-05 	0
6.625 	9.19406e-05 	9.19406e-05 	0
6.6875 	9.56246e-05 	9.56246e-05 	0
6.75 	9.51439e-05 	9.51439e-05 	0
6.8125 	9.57208e-05 	9.57208e-05 	0
6.9375 	8.55716e-05 	8.55716e-05 	0
7.0 	9.44129e-05 	9.44129e-05 	0
7.0625 	4.27346e-05 	4.27346e-05 	0
7.125 	6.63961e-05 	6.63961e-05 	0
7.1875 	4.99821e-05 	4.99821e-05 	0
7.25 	9.32887e-05 	9.32887e-05 	0
7.4375 	8.50653e-05 	8.50653e-05 	0
7.5625 	5.98772e-05 	5.98772e-05 	0
7.625 	8.56547e-05 	8.56547e-05 	0
7.6875 	4.39427e-05 	4.39427e-05 	0
7.75 	6.5663e-05 	6.5663e-05 	0
7.8125 	8.12998e-05 	8.12998e-05 	0
7.9375 	7.8887e-05 	7.8887e-05 	0
8.0 	8.67662e-05 	8.67662e-05 	0
8.0625 	5.49691e-05 	5.49691e-05 	0
8.125 	3.88532e-05 	3.88532e-05 	0
8.25 	9.42187e-05 	9.42187e-05 	0
8.3125 	3.60344e-05 	3.60344e-05 	0
8.375 	9.05013e-05 	9.05013e-05 	0
8.4375 	5.78496e-05 	5.78496e-05 	0
8.5 	8.97613e-05 	8.97613e-05 	0
8.5625 	8.87459e-05 	8.87459e-05 	0
8.625 	6.69547e-05 	6.69547e-05 	0
8.8125 	8.90052e-05 	8.90052e-05 	0
8.875 	7.75287e-05 	7.75287e-05 	0
8.9375 	6.97603e-05 	6.97603e-05 	0
9.0 	8.70132e-05 	8.70132e-05 	0
9.0625 	9.8799e-05 	9.8799e-05 	0
9.125 	6.17282e-05 	6.17282e-05 	0
9.1875 	9.66103e-05 	9.66103e-05 	0
9.25 	9.96406e-05 	9.96406e-05 	0
9.3125 	9.56119e-05 	9.56119e-05 	0
9.375 	7.51032e-05 	7.51032e-05 	0
9.4375 	5.52315e-05 	5.52315e-05 	0
9.5625 	7.62388e-05 	7.62388e-05 	0
9.625 	9.68965e-05 	9.68965e-05 	0
9.6875 	8.42479e-05 	8.42479e-05 	0
9.75 	9.8405e-05 	9.8405e-05 	0
9.8125 	3.21425e-05 	3.21425e-05 	0
9.875 	6.01517e-05 	6.01517e-05 	0
9.9375 	7.32297e-05 	7.32297e-05 	0
10.0 	8.54538e-05 	8.54538e-05 	0
10.0625 	6.64869e-05 	6.64869e-05 	0
10.125 	7.71813e-05 	7.71813e-05 	0
10.1875 	8.01397e-05 	8.01397e-05 	0
10.25 	7.39122e-05 	7.39122e-05 	0
10.3125 	5.92777e-05 	5.92777e-05 	0
10.375 	9.61674e-05 	9.61674e-05 	0
10.5 	4.27739e-05 	4.27739e-05 	0
10.5625 	6.49157e-05 	6.49157e-05 	0
10.625 	8.59271e-05 	8.59271e-05 	0
10.6875 	5.15671e-05 	5.15671e-05 	0
10.75 	8.74439e-05 	8.74439e-05 	0
10.8125 	9.96515e-05 	9.96515e-05 	0
10.875 	8.59656e-05 	8.59656e-05 	0
10.9375 	7.74625e-05 	7.74625e-05 	0
11.0 	0.000108178 	5.31456e-05 	1
11.0625 	7.21284e-05 	7.21284e-05 	0
11.125 	7.274e-05 	7.274e-05 	0
11.1875 	8.55227e-05 	8.55227e-05 	0
11.25 	7.75873e-05 	7.75873e-05 	0
11.375 	9.99993e-05 	9.99993e-05 	0
11.4375 	9.36826e-05 	9.36826e-05 	0
11.5 	7.3189e-05 	7.3189e-05 	0
11.5625 	8.906e-05 	8.906e-05 	0
11.625 	7.44622e-05 	7.44622e-05 	0
11.6875 	8.78495e-05 	8.78495e-05 	0
11.75 	9.273e-05 	9.273e-05 	0
11.8125 	9.25082e-05 	9.25082e-05 	0
11.875 	5.23117e-05 	5.23117e-05 	0
11.9375 	4.73295e-05 	4.73295e-05 	0
12.0 	7.35024e-05 	7.35024e-05 	0
12.0625 	7.68696e-05 	7.68696e-05 	0
12.125 	9.27363e-05 	9.27363e-05 	0
12.1875 	7.54843e-05 	7.54843e-05 	0
12.25 	8.84947e-05 	8.84947e-05 	0
12.3125 	7.89418e-05 	7.89418e-05 	0
12.375 	9.60979e-05 	9.60979e-05 	0
12.4375 	9.22046e-05 	9.22046e-05 	0
12.5625 	5.93101e-05 	5.93101e-05 	0
12.625 	6.80826e-05 	6.80826e-05 	0
12.6875 	8.71059e-05 	8.71059e-05 	0
12.75 	8.02451e-05 	8.02451e-05 	0
12.8125 	9.66763e-05 	9.66763e-05 	0
12.875 	7.93911e-05 	7.93911e-05 	0
13.0 	9.6721e-05 	9.6721e-05 	0
13.0625 	9.94003e-05 	9.94003e-05 	0
13.125 	9.44312e-05 	9.44312e-05 	0
13.1875 	9.6825e-05 	9.6825e-05 	0
13.25 	6.66613e-05 	6.66613e-05 	0
13.3125 	5.96905e-05 	5.96905e-05 	0
13.375 	9.53636e-05 	9.53636e-05 	0
13.4375 	8.51723e-05 	8.51723e-05 	0
13.5 	0.00010495 	7.02329e-05 	1
13.5625 	9.78532e-05 	9.78532e-05 	0
13.625 	3.62938e-05 	3.62938e-05 	0
13.6875 	3.8485e-05 	3.8485e-05 	0
13.8125 	9.78097e-05 	9.78097e-05 	0
14.0 	8.05412e-05 	8.05412e-05 	0
14.0625 	8.84139e-05 	8.84139e-05 	0
14.125 	5.58188e-05 	5.58188e-05 	0
14.1875 	6.77799e-05 	6.77799e-05 	0
14.3125 	7.21623e-05 	7.21623e-05 	0
14.375 	9.59084e-05 	9.59084e-05 	0
14.4375 	9.38659e-05 	9.38659e-05 	0
14.5 	5.31238e-05 	5.31238e-05 	0
14.5625 	7.05851e-05 	7.05851e-05 	0
14.625 	7.96444e-05 	7.96444e-05 	0
14.6875 	7.36457e-05 	7.36457e-05 	0
14.75 	9.40745e-05 	9.40745e-05 	0
14.8125 	6.08994e-05 	6.08994e-05 	0
14.875 	8.06016e-05 	8.06016e-05 	0
14.9375 	7.06744e-05 	7.06744e-05 	0
15.0 	9.55805e-05 	9.55805e-05 	0
15.1875 	8.60186e-05 	8.60186e-05 	0
15.25 	8.31924e-05 	8.31924e-05 	0
15.3125 	0.00010755 	6.26028e-05 	1
15.375 	7.54764e-05 	7.54764e-05 	0
15.4375 	6.3394e-05 	6.3394e-05 	0
15.5 	3.65304e-05 	3.65304e-05 	0
15.5625 	6.84618e-05 	6.84618e-05 	0
15.625 	5.65262e-05 	5.65262e-05 	0
15.75 	7.51979e-05 	7.51979e-05 	0
15.8125 	8.23781e-05 	8.23781e-05 	0
15.875 	8.92462e-05 	8.92462e-05 	0
15.9375 	9.66242e-05 	9.66242e-05 	0
16.0 	7.71343e-05 	7.71343e-05 	0
16.0625 	6.58119e-05 	6.58119e-05 	0
16.125 	3.961e-05 	3.961e-05 	0
16.1875 	9.20737e-05 	9.20737e-05 	0
16.25 	4.64092e-05 	4.64092e-05 	0
16.3125 	8.27782e-05 	8.27782e-05 	0
16.375 	6.54169e-05 	6.54169e-05 	0
16.4375 	7.02259e-05 	7.02259e-05 	0
16.5 	7.61975e-05 	7.61975e-05 	0
16.5625 	8.68586e-05 	8.68586e-05 	0
16.625 	7.3404e-05 	7.3404e-05 	0
16.6875 	3.67875e-05 	3.67875e-05 	0
16.75 	8.81976e-05 	8.81976e-05 	0
16.8125 	9.90872e-05 	9.90872e-05 	0
16.875 	8.70208e-05 	8.70208e-05 	0
16.9375 	7.22882e-05 	7.22882e-05 	0
17.1875 	9.40041e-05 	9.40041e-05 	0
17.25 	8.22826e-05 	8.22826e-05 	0
17.3125 	6.46127e-05 	6.46127e-05 	0
17.375 	9.60443e-05 	9.60443e-05 	0
17.4375 	9.03114e-05 	9.03114e-05 	0
17.5 	7.88214e-05 	7.88214e-05 	0
17.5625 	8.22488e-05 	8.22488e-05 	0
17.625 	7.7113e-05 	7.7113e-05 	0
17.6875 	8.39099e-05 	8.39099e-05 	0
17.75 	7.99028e-05 	7.99028e-05 	0
17.8125 	7.3646e-05 	7.3646e-05 	0
17.875 	8.87986e-05 	8.87986e-05 	0
17.9375 	9.42567e-05 	9.42567e-05 	0
18.0 	7.85259e-05 	7.85259e-05 	0
18.0625 	8.96757e-05 	8.96757e-05 	0
18.125 	8.92101e-05 	8.92101e-05 	0
18.1875 	3.67873e-05 	3.67873e-05 	0
18.25 	6.4313e-05 	6.4313e-05 	0
18.3125 	8.02794e-05 	8.02794e-05 	0
18.375 	8.01779e-05 	8.01779e-05 	0
18.4375 	9.75451e-05 	9.75451e-05 	0
18.5 	8.03588e-05 	8.03588e-05 	0
18.5625 	9.48087e-05 	9.48087e-05 	0
18.625 	4.5907e-05 	4.5907e-05 	0
18.75 	6.85177e-05 	6.85177e-05 	0
18.8125 	6.49186e-05 	6.49186e-05 	0
18.875 	4.98937e-05 	4.98937e-05 	0
18.9375 	6.76236e-05 	6.76236e-05 	0
19.125 	8.04259e-05 	8.04259e-05 	0
19.25 	9.57827e-05 	9.57827e-05 	0
19.3125 	9.74352e-05 	9.74352e-05 	0
19.375 	4.90601e-05 	4.90601e-05 	0
19.4375 	8.04296e-05 	8.04296e-05 	0
19.5 	9.96506e-05 	9.96506e-05 	0
19.625 	5.84676e-05 	5.84676e-05 	0
19.6875 	6.29017e-05 	6.29017e-05 	0
19.75 	6.90713e-05 	6.90713e-05 	0
19.8125 	8.32177e-05 	8.32177e-05 	0
19.875 	8.32849e-05 	8.32849e-05 	0
19.9375 	9.22857e-05 	9.22857e-05 	0
20.0 	6.00194e-05 	6.00194e-05 	0
20.0625 	7.67501e-05 	7.67501e-05 	0
20.125 	4.68517e-05 	4.68517e-05 	0
20.1875 	4.1179e-05 	4.1179e-05 	0
20.25 	9.4119e-05 	9.4119e-05 	0
20.3125 	6.80912e-05 	6.80912e-05 	0
20.375 	7.91834e-05 	7.91834e-05 	0
20.4375 	4.68042e-05 	4.68042e-05 	0
20.5 	8.96074e-05 	8.96074e-05 	0
20.5625 	5.31467e-05 	5.31467e-05 	0
20.625 	3.48921e-05 	3.48921e-05 	0
20.6875 	3.25332e-05 	3.25332e-05 	0
20.75 	9.34459e-05 	9.34459e-05 	0
20.8125 	6.83349e-05 	6.83349e-05 	0
20.875 	6.66609e-05 	6.66609e-05 	0
20.9375 	8.66549e-05 	8.66549e-05 	0
21.0 	6.89162e-05 	6.89162e-05 	0
21.0625 	8.34251e-05 	8.34251e-05 	0
21.1875 	7.01627e-05 	7.01627e-05 	0
21.3125 	6.79048e-05 	6.79048e-05 	0
21.375 	3.69826e-05 	3.69826e-05 	0
21.4375 	4.14743e-05 	4.14743e-05 	0
21.5 	8.16358e-05 	8.16358e-05 	0
21.5625 	8.61867e-05 	8.61867e-05 	0
21.625 	8.47949e-05 	8.47949e-05 	0
21.6875 	3.62881e-05 	3.62881e-05 	0
21.75 	8.1527e-05 	8.1527e-05 	0
21.8125 	6.7011e-05 	6.7011e-05 	0
21.875 	9.18272e-05 	9.18272e-05 	0
21.9375 	4.64399e-05 	4.64399e-05 	0
22.0 	6.1374e-05 	6.1374e-05 	0
22.0625 	8.27916e-05 	8.27916e-05 	0
22.125 	9.2521e-05 	9.2521e-05 	0
22.1875 	8.92346e-05 	8.92346e-05 	0
22.25 	8.41412e-05 	8.41412e-05 	0
22.3125 	7.81376e-05 	7.81376e-05 	0
22.375 	9.05756e-05 	9.05756e-05 	0
22.4375 	7.77327e-05 	7.77327e-05 	0
22.625 	9.1978e-05 	9.1978e-05 	0
22.6875 	5.5626e-05 	5.5626e-05 	0
22.75 	8.30914e-05 	8.30914e-05 	0
22.8125 	9.66978e-05 	9.66978e-05 	0
22.9375 	9.93552e-05 	9.93552e-05 	0
23.0 	4.66709e-05 	4.66709e-05 	0
23.0625 	4.37221e-05 	4.37221e-05 	0
23.125 	8.19611e-05 	8.19611e-05 	0
23.1875 	9.89532e-05 	9.89532e-05 	0
23.3125 	9.50182e-05 	9.50182e-05 	0
23.375 	9.29982e-05 	9.29982e-05 	0
23.4375 	9.2219e-05 	9.2219e-05 	0
23.5625 	4.85218e-05 	4.85218e-05 	0
23.6875 	4.62219e-05 	4.62219e-05 	0
23.75 	7.53878e-05 	7.53878e-05 	0
23.8125 	8.16241e-05 	8.16241e-05 	0
23.875 	6.7676e-05 	6.7676e-05 	0
23.9375 	8.75095e-05 	8.75095e-05 	0
24.0 	9.29778e-05 	9.29778e-05 	0
24.0625 	5.50728e-05 	5.50728e-05 	0
24.125 	9.38024e-05 	9.38024e-05 	0
24.1875 	4.06136e-05 	4.06136e-05 	0
24.3125 	6.30989e-05 	6.30989e-05 	0
24.375 	9.43578e-05 	9.43578e-05 	0
24.4375 	6.64006e-05 	6.64006e-05 	0
24.5 	3.72393e-05 	3.72393e-05 	0
24.5625 	9.66378e-05 	9.66378e-05 	0
24.625 	7.99097e-05 	7.99097e-05 	0
24.6875 	8.36545e-05 	8.36545e-05 	0
24.75 	9.52616e-05 	9.52616e-05 	0
24.8125 	8.83559e-05 	8.83559e-05 	0
24.875 	6.60702e-05 	6.60702e-05 	0
24.9375 	9.39081e-05 	9.39081e-05 	0
25.0 	0.000101119 	7.36124e-05 	1
25.0625 	4.16544e-05 	4.16544e-05 	0
25.125 	8.46605e-05 	8.46605e-05 	0
25.25 	6.43518e-05 	6.43518e-05 	0
25.3125 	9.66175e-05 	9.66175e-05 	0
25.375 	7.87378e-05 	7.87378e-05 	0
25.4375 	9.61758e-05 	9.61758e-05 	0
25.5 	6.16769e-05 	6.16769e-05 	0
25.5625 	8.58063e-05 	8.58063e-05 	0
25.625 	9.20146e-05 	9.20146e-05 	0
25.6875 	4.95706e-05 	4.95706e-05 	0
25.75 	7.45021e-05 	7.45021e-05 	0
25.8125 	9.92306e-05 	9.92306e-05 	0
25.875 	7.40097e-05 	7.40097e-05 	0
25.9375 	5.15813e-05 	5.15813e-05 	0
26.0 	8.25102e-05 	8.25102e-05 	0
26.0625 	8.40559e-05 	8.40559e-05 	0
26.125 	7.71103e-05 	7.71103e-05 	0
26.1875 	8.47376e-05 	8.47376e-05 	0
26.25 	7.73715e-05 	7.73715e-05 	0
26.3125 	8.75154e-05 	8.75154e-05 	0
26.375 	8.09615e-05 	8.09615e-05 	0
26.4375 	9.03756e-05 	9.03756e-05 	0
26.5 	8.69702e-05 	8.69702e-05 	0
26.5625 	7.78059e-05 	7.78059e-05 	0
26.625 	9.07773e-05 	9.07773e-05 	0
26.6875 	4.96783e-05 	4.96783e-05 	0
26.875 	8.11954e-05 	8.11954e-05 	0
26.9375 	5.04424e-05 	5.04424e-05 	0
27.0 	7.498e-05 	7.498e-05 	0
27.0625 	8.22517e-05 	8.22517e-05 	0
27.125 	8.18947e-05 	8.18947e-05 	0
27.25 	9.88301e-05 	9.88301e-05 	0
27.3125 	8.40075e-05 	8.40075e-05 	0
27.375 	9.5367e-05 	9.5367e-05 	0
27.5 	6.9565e-05 	6.9565e-05 	0
27.5625 	8.85689e-05 	8.85689e-05 	0
27.625 	8.89434e-05 	8.89434e-05 	0
27.6875 	8.64096e-05 	8.64096e-05 	0
27.75 	8.40785e-05 	8.40785e-05 	0
27.8125 	4.33897e-05 	4.33897e-05 	0
27.875 	7.21548e-05 	7.21548e-05 	0
28.0 	5.71124e-05 	5.71124e-05 	0
28.0625 	9.51433e-05 	9.51433e-05 	0
28.125 	4.17046e-05 	4.17046e-05 	0
28.25 	5.25592e-05 	5.25592e-05 	0
28.3125 	8.38531e-05 	8.38531e-05 	0
28.375 	8.18396e-05 	8.18396e-05 	0
28.4375 	9.15642e-05 	9.15642e-05 	0
28.5 	9.71759e-05 	9.71759e-05 	0
28.625 	7.7052e-05 	7.7052e-05 	0
28.6875 	3.98359e-05 	3.98359e-05 	0
28.8125 	8.76252e-05 	8.76252e-05 	0
28.875 	9.02423e-05 	9.02423e-05 	0
28.9375 	8.37765e-05 	8.37765e-05 	0
29.0 	9.31975e-05 	9.31975e-05 	0
29.0625 	0.00010292 	7.07492e-05 	1
29.125 	7.49707e-05 	7.49707e-05 	0
29.1875 	6.71526e-05 	6.71526e-05 	0
29.25 	6.08115e-05 	6.08115e-05 	0
29.3125 	9.90258e-05 	9.90258e-05 	0
29.375 	7.37554e-05 	7.37554e-05 	0
29.4375 	9.32297e-05 	9.32297e-05 	0
29.5 	9.41476e-05 	9.41476e-05 	0
29.5625 	7.57796e-05 	7.57796e-05 	0
29.625 	8.57815e-05 	8.57815e-05 	0
29.6875 	9.88778e-05 	9.88778e-05 	0
29.75 	8.066e-05 	8.066e-05 	0
29.875 	3.52031e-05 	3.52031e-05 	0
29.9375 	7.89705e-05 	7.89705e-05 	0
30.0 	9.29438e-05 	9.29438e-05 	0
30.125 	7.63609e-05 	7.63609e-05 	0
30.1875 	6.66635e-05 	6.66635e-05 	0
30.25 	6.90085e-05 	6.90085e-05 	0
30.3125 	0.000103804 	6.76606e-05 	1
30.375 	7.0057e-05 	7.0057e-05 	0
30.4375 	6.91987e-05 	6.91987e-05 	0
30.5 	8.15777e-05 	8.15777e-05 	0
30.5625 	7.08787e-05 	7.08787e-05 	0
30.625 	7.3555e-05 	7.3555e-05 	0
30.6875 	6.73088e-05 	6.73088e-05 	0
30.75 	9.89973e-05 	9.89973e-05 	0
30.8125 	7.30921e-05 	7.30921e-05 	0
30.9375 	8.85686e-05 	8.85686e-05 	0
31.0 	9.69397e-05 	9.69397e-05 	0
31.125 	6.46707e-05 	6.46707e-05 	0
31.1875 	9.66395e-05 	9.66395e-05 	0
31.25 	9.94713e-05 	9.94713e-05 	0
31.3125 	7.30973e-05 	7.30973e-05 	0
31.375 	8.87088e-05 	8.87088e-05 	0
31.5 	2.95097e-05 	2.95097e-05 	0
31.5625 	9.98624e-05 	9.98624e-05 	0
31.625 	8.0429e-05 	8.0429e-05 	0
31.6875 	8.52503e-05 	8.52503e-05 	0
31.75 	9.25738e-05 	9.25738e-05 	0
31.8125 	6.7564e-05 	6.7564e-05 	0
31.875 	7.70989e-05 	7.70989e-05 	0
31.9375 	8.4113e-05 	8.4113e-05 	0
32.0 	9.20372e-05 	9.20372e-05 	0
32.0625 	9.89563e-05 	9.89563e-05 	0
32.125 	5.76184e-05 	5.76184e-05 	0
32.1875 	4.95922e-05 	4.95922e-05 	0
32.25 	8.00993e-05 	8.00993e-05 	0
32.3125 	9.20059e-05 	9.20059e-05 	0
32.375 	6.42335e-05 	6.42335e-05 	0
32.4375 	9.41465e-05 	9.41465e-05 	0
32.5 	8.87494e-05 	8.87494e-05 	0
32.625 	7.0578e-05 	7.0578e-05 	0
32.6875 	6.9874e-05 	6.9874e-05 	0
32.75 	3.77174e-05 	3.77174e-05 	0
32.8125 	8.08172e-05 	8.08172e-05 	0
32.875 	8.0532e-05 	8.0532e-05 	0
32.9375 	8.51237e-05 	8.51237e-05 	0
33.0 	4.87579e-05 	4.87579e-05 	0
33.0625 	6.60016e-05 	6.60016e-05 	0
33.125 	5.0231e-05 	5.0231e-05 	0
33.1875 	4.59057e-05 	4.59057e-05 	0
33.25 	8.43364e-05 	8.43364e-05 	0
33.3125 	4.66374e-05 	4.66374e-05 	0
33.375 	9.53588e-05 	9.53588e-05 	0
33.4375 	9.8552e-05 	9.8552e-05 	0
33.5 	4.7546e-05 	4.7546e-05 	0
33.625 	5.38839e-05 	5.38839e-05 	0
33.6875 	6.46507e-05 	6.46507e-05 	0
33.75 	5.75994e-05 	5.75994e-05 	0
33.8125 	8.92395e-05 	8.92395e-05 	0
33.875 	3.83939e-05 	3.83939e-05 	0
33.9375 	6.80174e-05 	6.80174e-05 	0
34.0 	8.56628e-05 	8.56628e-05 	0
34.0625 	8.31523e-05 	8.31523e-05 	0
34.125 	8.44114e-05 	8.44114e-05 	0
34.1875 	8.37126e-05 	8.37126e-05 	0
34.25 	8.09941e-05 	8.09941e-05 	0
34.3125 	3.752e-05 	3.752e-05 	0
34.375 	7.34723e-05 	7.34723e-05 	0
34.4375 	8.45157e-05 	8.45157e-05 	0
34.5 	9.82195e-05 	9.82195e-05 	0
34.5625 	9.36898e-05 	9.36898e-05 	0
34.625 	6.39759e-05 	6.39759e-05 	0
34.6875 	8.58824e-05 	8.58824e-05 	0
34.75 	7.23537e-05 	7.23537e-05 	0
34.875 	9.91517e-05 	9.91517e-05 	0
34.9375 	7.95059e-05 	7.95059e-05 	0
35.0 	7.54462e-05 	7.54462e-05 	0
35.0625 	7.72278e-05 	7.72278e-05 	0
35.125 	4.60458e-05 	4.60458e-05 	0
35.25 	9.09459e-05 	9.09459e-05 	0
35.3125 	7.9734e-05 	7.9734e-05 	0
35.375 	4.56685e-05 	4.56685e-05 	0
35.5625 	2.93968e-05 	2.93968e-05 	0
35.625 	8.10712e-05 	8.10712e-05 	0
35.6875 	8.02773e-05 	8.02773e-05 	0
35.75 	6.01845e-05 	6.01845e-05 	0
35.8125 	7.25359e-05 	7.25359e-05 	0
35.875 	3.43614e-05 	3.43614e-05 	0
35.9375 	9.3021e-05 	9.3021e-05 	0
36.0 	7.89753e-05 	7.89753e-05 	0
36.125 	8.69205e-05 	8.69205e-05 	0
36.25 	3.741e-05 	3.741e-05 	0
36.3125 	9.33332e-05 	9.33332e-05 	0
36.4375 	7.73839e-05 	7.73839e-05 	0
36.5 	5.75397e-05 	5.75397e-05 	0
36.5625 	8.24976e-05 	8.24976e-05 	0
36.625 	8.30722e-05 	8.30722e-05 	0
36.6875 	8.41095e-05 	8.41095e-05 	0
36.75 	5.44236e-05 	5.44236e-05 	0
36.8125 	9.72879e-05 	9.72879e-05 	0
36.875 	9.63232e-05 	9.63232e-05 	0
36.9375 	6.43649e-05 	6.43649e-05 	0
37.0625 	7.4792e-05 	7.4792e-05 	0
37.125 	9.9425e-05 	9.9425e-05 	0
37.1875 	7.89572e-05 	7.89572e-05 	0
37.25 	8.74526e-05 	8.74526e-05 	0
37.3125 	7.03177e-05 	7.03177e-05 	0
37.375 	9.8617e-05 	9.8617e-05 	0
37.4375 	9.68569e-05 	9.68569e-05 	0
37.5 	9.83612e-05 	9.83612e-05 	0
37.5625 	9.01256e-05 	9.01256e-05 	0
37.625 	8.51042e-05 	8.51042e-05 	0
37.75 	8.64106e-05 	8.64106e-05 	0
37.8125 	6.25961e-05 	6.25961e-05 	0
37.875 	9.07462e-05 	9.07462e-05 	0
37.9375 	9.20216e-05 	9.20216e-05 	0
38.0 	9.64809e-05 	9.64809e-05 	0
38.0625 	6.83374e-05 	6.83374e-05 	0
38.125 	8.61385e-05 	8.61385e-05 	0
38.1875 	8.9253e-05 	8.9253e-05 	0
38.25 	6.8514e-05 	6.8514e-05 	0
38.3125 	8.1972e-05 	8.1972e-05 	0
38.375 	8.50317e-05 	8.50317e-05 	0
38.4375 	8.72055e-05 	8.72055e-05 	0
38.5625 	6.87849e-05 	6.87849e-05 	0
38.6875 	0.000103287 	7.30732e-05 	1
38.8125 	9.32176e-05 	9.32176e-05 	0
38.875 	6.59557e-05 	6.59557e-05 	0
38.9375 	5.93305e-05 	5.93305e-05 	0
39.0 	9.68717e-05 	9.68717e-05 	0
39.0625 	7.00524e-05 	7.00524e-05 	0
39.125 	4.85015e-05 	4.85015e-05 	0
39.1875 	6.29462e-05 	6.29462e-05 	0
39.25 	9.96728e-05 	9.96728e-05 	0
39.3125 	5.98018e-05 	5.98018e-05 	0
39.375 	7.0634e-05 	7.0634e-05 	0
39.5 	4.02071e-05 	4.02071e-05 	0
39.5625 	6.74801e-05 	6.74801e-05 	0
39.625 	5.56509e-05 	5.56509e-05 	0
39.6875 	9.16177e-05 	9.16177e-05 	0
39.75 	8.52449e-05 	8.52449e-05 	0
39.8125 	9.01356e-05 	9.01356e-05 	0
39.875 	9.29474e-05 	9.29474e-05 	0
39.9375 	4.28655e-05 	4.28655e-05 	0
40.0 	4.75591e-05 	4.75591e-05 	0
40.0625 	9.16746e-05 	9.16746e-05 	0
40.125 	3.91929e-05 	3.91929e-05 	0
40.1875 	9.889e-05 	9.889e-05 	0
40.25 	7.15235e-05 	7.15235e-05 	0
40.3125 	7.94833e-05 	7.94833e-05 	0
40.4375 	9.78364e-05 	9.78364e-05 	0
40.5 	9.44366e-05 	9.44366e-05 	0
40.5625 	9.30314e-05 	9.30314e-05 	0
40.625 	9.91592e-05 	9.91592e-05 	0
40.8125 	8.99604e-05 	8.99604e-05 	0
40.875 	9.79959e-05 	9.79959e-05 	0
40.9375 	9.67606e-05 	9.67606e-05 	0
41.0 	8.84804e-05 	8.84804e-05 	0
41.125 	2.84521e-05 	2.84521e-05 	0
41.1875 	5.38822e-05 	5.38822e-05 	0
41.25 	9.93699e-05 	9.93699e-05 	0
41.3125 	5.83304e-05 	5.83304e-05 	0
41.375 	8.41162e-05 	8.41162e-05 	0
41.4375 	7.14801e-05 	7.14801e-05 	0
41.5 	6.04103e-05 	6.04103e-05 	0
41.5625 	5.63651e-05 	5.63651e-05 	0
41.625 	9.9578e-05 	9.9578e-05 	0
41.6875 	8.06621e-05 	8.06621e-05 	0
41.8125 	8.5551e-05 	8.5551e-05 	0
41.875 	9.59568e-05 	9.59568e-05 	0
41.9375 	7.96147e-05 	7.96147e-05 	0
42.0 	9.33423e-05 	9.33423e-05 	0
42.125 	8.89776e-05 	8.89776e-05 	0
42.25 	5.26096e-05 	5.26096e-05 	0
42.375 	6.74204e-05 	6.74204e-05 	0
42.4375 	8.82381e-05 	8.82381e-05 	0
42.5 	6.27412e-05 	6.27412e-05 	0
42.5625 	8.10531e-05 	8.10531e-05 	0
42.625 	4.49118e-05 	4.49118e-05 	0
42.6875 	8.15366e-05 	8.15366e-05 	0
42.75 	4.01643e-05 	4.01643e-05 	0
42.8125 	7.68623e-05 	7.68623e-05 	0
42.875 	7.49176e-05 	7.49176e-05 	0
42.9375 	4.37761e-05 	4.37761e-05 	0
43.0 	8.77615e-05 	8.77615e-05 	0
43.0625 	8.00389e-05 	8.00389e-05 	0
43.125 	4.95986e-05 	4.95986e-05 	0
43.1875 	9.62964e-05 	9.62964e-05 	0
43.3125 	8.85748e-05 	8.85748e-05 	0
43.375 	7.44469e-05 	7.44469e-05 	0
43.4375 	8.31216e-05 	8.31216e-05 	0
43.5625 	5.22352e-05 	5.22352e-05 	0
43.6875 	9.43912e-05 	9.43912e-05 	0
43.75 	8.34135e-05 	8.34135e-05 	0
43.8125 	9.94315e-05 	9.94315e-05 	0
43.875 	8.27043e-05 	8.27043e-05 	0
43.9375 	9.50383e-05 	9.50383e-05 	0
44.0 	8.95569e-05 	8.95569e-05 	0
44.0625 	9.07343e-05 	9.07343e-05 	0
44.125 	7.28534e-05 	7.28534e-05 	0
44.1875 	0.000102794 	6.99892e-05 	1
44.25 	7.14074e-05 	7.14074e-05 	0
44.3125 	8.59162e-05 	8.59162e-05 	0
44.375 	7.52157e-05 	7.52157e-05 	0
44.4375 	9.69407e-05 	9.69407e-05 	0
44.5 	8.63478e-05 	8.63478e-05 	0
44.5625 	7.44625e-05 	7.44625e-05 	0
44.625 	8.018e-05 	8.018e-05 	0
44.6875 	5.2883e-05 	5.2883e-05 	0
44.75 	3.3647e-05 	3.3647e-05 	0
44.8125 	6.43739e-05 	6.43739e-05 	0
44.875 	7.96495e-05 	7.96495e-05 	0
44.9375 	9.421e-05 	9.421e-05 	0
45.0 	5.66795e-05 	5.66795e-05 	0
45.0625 	7.3904e-05 	7.3904e-05 	0
45.125 	6.6554e-05 	6.6554e-05 	0
45.1875 	7.39544e-05 	7.39544e-05 	0
45.25 	3.49821e-05 	3.49821e-05 	0
45.3125 	9.91876e-05 	9.91876e-05 	0
45.375 	0.000104298 	7.69107e-05 	1
45.5 	8.89534e-05 	8.89534e-05 	0
45.5625 	8.89412e-05 	8.89412e-05 	0
45.625 	4.37096e-05 	4.37096e-05 	0
45.6875 	0.000102503 	7.42155e-05 	1
45.75 	2.94607e-05 	2.94607e-05 	0
45.875 	7.90256e-05 	7.90256e-05 	0
45.9375 	6.53806e-05 	6.53806e-05 	0
46.0 	8.61003e-05 	8.61003e-05 	0
46.0625 	0.000102921 	6.64616e-05 	1
46.125 	7.49084e-05 	7.49084e-05 	0
46.3125 	0.000101847 	6.61114e-05 	1
46.375 	4.19076e-05 	4.19076e-05 	0
46.4375 	9.45442e-05 	9.45442e-05 	0
46.5 	8.24313e-05 	8.24313e-05 	0
46.5625 	3.91758e-05 	3.91758e-05 	0
46.625 	8.01559e-05 	8.01559e-05 	0
46.6875 	9.21538e-05 	9.21538e-05 	0
46.75 	7.8452e-05 	7.8452e-05 	0
46.8125 	6.855e-05 	6.855e-05 	0
46.875 	9.85174e-05 	9.85174e-05 	0
47.0 	6.59196e-05 	6.59196e-05 	0
47.0625 	9.91636e-05 	9.91636e-05 	0
47.125 	9.72954e-05 	9.72954e-05 	0
47.1875 	7.47856e-05 	7.47856e-05 	0
47.25 	8.26543e-05 	8.26543e-05 	0
47.3125 	7.59405e-05 	7.59405e-05 	0
47.375 	9.66161e-05 	9.66161e-05 	0
47.4375 	9.49654e-05 	9.49654e-05 	0
47.5 	2.8576e-05 	2.8576e-05 	0
47.5625 	9.85562e-05 	9.85562e-05 	0
47.625 	6.11456e-05 	6.11456e-05 	0
47.6875 	7.17899e-05 	7.17899e-05 	0
47.8125 	9.69593e-05 	9.69593e-05 	0
47.875 	9.16154e-05 	9.16154e-05 	0
48.0 	7.89749e-05 	7.89749e-05 	0
48.0625 	8.27355e-05 	8.27355e-05 	0
48.125 	4.39016e-05 	4.39016e-05 	0
48.1875 	6.74756e-05 	6.74756e-05 	0
48.25 	9.47244e-05 	9.47244e-05 	0
48.3125 	6.3934e-05 	6.3934e-05 	0
48.375 	8.87809e-05 	8.87809e-05 	0
48.4375 	6.24578e-05 	6.24578e-05 	0
48.5 	6.60028e-05 	6.60028e-05 	0
48.5625 	8.56668e-05 	8.56668e-05 	0
48.75 	8.75424e-05 	8.75424e-05 	0
48.8125 	4.73178e-05 	4.73178e-05 	0
48.9375 	0.000100846 	7.22411e-05 	1
49.0 	7.60122e-05 	7.60122e-05 	0
49.125 	7.96476e-05 	7.96476e-05 	0
49.1875 	9.8918e-05 	9.8918e-05 	0
49.25 	4.29735e-05 	4.29735e-05 	0
49.3125 	8.38433e-05 	8.38433e-05 	0
49.375 	9.24396e-05 	9.24396e-05 	0
49.4375 	4.47813e-05 	4.47813e-05 	0
49.5 	7.2731e-05 	7.2731e-05 	0
49.5625 	7.84332e-05 	7.84332e-05 	0
49.625 	9.27052e-05 	9.27052e-05 	0
49.6875 	9.94205e-05 	9.94205e-05 	0
49.75 	9.7691e-05 	9.7691e-05 	0
50.0625 	8.94144e-05 	8.94144e-05 	0
50.125 	9.97428e-05 	9.97428e-05 	0
50.25 	8.13153e-05 	8.13153e-05 	0
50.3125 	9.41248e-05 	9.41248e-05 	0
50.375 	5.63337e-05 	5.63337e-05 	0
50.4375 	8.61694e-05 	8.61694e-05 	0
50.5 	3.26902e-05 	3.26902e-05 	0
50.5625 	8.81981e-05 	8.81981e-05 	0
50.625 	7.83173e-05 	7.83173e-05 	0
50.75 	9.52354e-05 	9.52354e-05 	0
50.8125 	7.21306e-05 	7.21306e-05 	0
50.875 	9.70634e-05 	9.70634e-05 	0
50.9375 	7.88549e-05 	7.88549e-05 	0
51.0 	5.77714e-05 	5.77714e-05 	0
51.0625 	9.18488e-05 	9.18488e-05 	0
51.125 	6.64671e-05 	6.64671e-05 	0
51.1875 	8.46584e-05 	8.46584e-05 	0
51.25 	4.06503e-05 	4.06503e-05 	0
51.3125 	8.79721e-05 	8.79721e-05 	0
51.375 	5.24183e-05 	5.24183e-05 	0
51.4375 	7.47524e-05 	7.47524e-05 	0
51.5 	9.96452e-05 	9.96452e-05 	0
51.5625 	4.64666e-05 	4.64666e-05 	0
51.625 	5.31216e-05 	5.31216e-05 	0
51.6875 	4.84453e-05 	4.84453e-05 	0
51.8125 	9.07484e-05 	9.07484e-05 	0
51.875 	8.29881e-05 	8.29881e-05 	0
52.0 	9.21975e-05 	9.21975e-05 	0
52.0625 	9.00583e-05 	9.00583e-05 	0
52.1875 	5.50875e-05 	5.50875e-05 	0
52.25 	4.46767e-05 	4.46767e-05 	0
52.3125 	8.58737e-05 	8.58737e-05 	0
52.375 	6.06925e-05 	6.06925e-05 	0
52.4375 	9.74636e-05 	9.74636e-05 	0
52.5 	8.35677e-05 	8.35677e-05 	0
52.5625 	7.80836e-05 	7.80836e-05 	0
52.625 	8.9893e-05 	8.9893e-05 	0
52.6875 	5.45769e-05 	5.45769e-05 	0
52.75 	5.25426e-05 	5.25426e-05 	0
52.8125 	8.55171e-05 	8.55171e-05 	0
52.875 	8.74879e-05 	8.74879e-05 	0
52.9375 	7.16976e-05 	7.16976e-05 	0
53.0 	6.13493e-05 	6.13493e-05 	0
53.125 	5.2995e-05 	5.2995e-05 	0
53.1875 	5.44527e-05 	5.44527e-05 	0
53.25 	8.92235e-05 	8.92235e-05 	0
53.3125 	9.74779e-05 	9.74779e-05 	0
53.375 	6.65721e-05 	6.65721e-05 	0
53.5 	9.43618e-05 	9.43618e-05 	0
53.5625 	6.69532e-05 	6.69532e-05 	0
53.625 	5.53146e-05 	5.53146e-05 	0
53.6875 	0.000101121 	6.35179e-05 	1
53.75 	3.27929e-05 	3.27929e-05 	0
53.8125 	8.61825e-05 	8.61825e-05 	0
53.875 	6.07371e-05 	6.07371e-05 	0
53.9375 	7.02712e-05 	7.02712e-05 	0
54.0 	8.83107e-05 	8.83107e-05 	0
54.0625 	4.01987e-05 	4.01987e-05 	0
54.125 	8.92533e-05 	8.92533e-05 	0
54.1875 	6.4842e-05 	6.4842e-05 	0
54.25 	6.14578e-05 	6.14578e-05 	0
54.3125 	7.59555e-05 	7.59555e-05 	0
54.375 	9.57109e-05 	9.57109e-05 	0
54.4375 	8.66568e-05 	8.66568e-05 	0
54.5 	6.19921e-05 	6.19921e-05 	0
54.625 	4.5284e-05 	4.5284e-05 	0
54.6875 	8.17536e-05 	8.17536e-05 	0
54.8125 	6.95389e-05 	6.95389e-05 	0
54.875 	6.64346e-05 	6.64346e-05 	0
54.9375 	8.43204e-05 	8.43204e-05 	0
55.0 	7.81043e-05 	7.81043e-05 	0
55.0625 	4.90178e-05 	4.90178e-05 	0
55.125 	4.32244e-05 	4.32244e-05 	0
55.1875 	7.47506e-05 	7.47506e-05 	0
55.3125 	9.68918e-05 	9.68918e-05 	0
55.4375 	4.19265e-05 	4.19265e-05 	0
55.5 	7.78682e-05 	7.78682e-05 	0
55.5625 	3.44047e-05 	3.44047e-05 	0
55.625 	8.74035e-05 	8.74035e-05 	0
55.6875 	6.6325e-05 	6.6325e-05 	0
55.75 	8.14954e-05 	8.14954e-05 	0
55.8125 	6.02004e-05 	6.02004e-05 	0
55.875 	8.90086e-05 	8.90086e-05 	0
55.9375 	9.1448e-05 	9.1448e-05 	0
56.0 	9.64026e-05 	9.64026e-05 	0
56.0625 	9.01927e-05 	9.01927e-05 	0
56.125 	9.8095e-05 	9.8095e-05 	0
56.1875 	4.57137e-05 	4.57137e-05 	0
56.25 	9.58421e-05 	9.58421e-05 	0
56.3125 	9.15686e-05 	9.15686e-05 	0
56.375 	8.9556e-05 	8.9556e-05 	0
56.4375 	7.50631e-05 	7.50631e-05 	0
56.5625 	0.000106357 	7.00509e-05 	1
56.625 	8.93691e-05 	8.93691e-05 	0
56.6875 	6.24683e-05 	6.24683e-05 	0
56.75 	9.36378e-05 	9.36378e-05 	0
56.8125 	8.46713e-05 	8.46713e-05 	0
56.875 	7.46505e-05 	7.46505e-05 	0
56.9375 	7.45378e-05 	7.45378e-05 	0
57.0 	9.37078e-05 	9.37078e-05 	0
57.0625 	4.18664e-05 	4.18664e-05 	0
57.125 	6.36557e-05 	6.36557e-05 	0
57.1875 	8.40375e-05 	8.40375e-05 	0
57.25 	6.37511e-05 	6.37511e-05 	0
57.3125 	7.25503e-05 	7.25503e-05 	0
57.375 	0.000101174 	7.18909e-05 	1
57.4375 	3.93757e-05 	3.93757e-05 	0
57.5 	8.68045e-05 	8.68045e-05 	0
57.5625 	6.87191e-05 	6.87191e-05 	0
57.625 	8.85667e-05 	8.85667e-05 	0
57.6875 	7.92682e-05 	7.92682e-05 	0
57.75 	7.81828e-05 	7.81828e-05 	0
57.8125 	3.1093e-05 	3.1093e-05 	0
57.9375 	8.36708e-05 	8.36708e-05 	0
58.0 	8.318e-05 	8.318e-05 	0
58.0625 	9.17815e-05 	9.17815e-05 	0
58.125 	3.12545e-05 	3.12545e-05 	0
58.1875 	8.34418e-05 	8.34418e-05 	0
58.25 	9.99227e-05 	9.99227e-05 	0
58.3125 	3.26745e-05 	3.26745e-05 	0
58.375 	8.11195e-05 	8.11195e-05 	0
58.4375 	7.68845e-05 	7.68845e-05 	0
58.5 	7.76732e-05 	7.76732e-05 	0
58.5625 	6.34857e-05 	6.34857e-05 	0
58.625 	9.30779e-05 	9.30779e-05 	0
58.6875 	8.46794e-05 	8.46794e-05 	0
58.8125 	8.13979e-05 	8.13979e-05 	0
58.875 	9.70726e-05 	9.70726e-05 	0
58.9375 	0.000107571 	6.16869e-05 	1
59.0 	5.43863e-05 	5.43863e-05 	0
59.0625 	7.36451e-05 	7.36451e-05 	0
59.125 	8.73812e-05 	8.73812e-05 	0
59.1875 	6.8492e-05 	6.8492e-05 	0
59.25 	9.92591e-05 	9.92591e-05 	0
59.3125 	8.9374e-05 	8.9374e-05 	0
59.375 	8.24912e-05 	8.24912e-05 	0
59.4375 	9.66595e-05 	9.66595e-05 	0
59.5 	0.000104035 	6.19255e-05 	1
59.5625 	9.95319e-05 	9.95319e-05 	0
59.6875 	5.82393e-05 	5.82393e-05 	0
59.8125 	9.96453e-05 	9.96453e-05 	0
59.875 	8.23209e-05 	8.23209e-05 	0
59.9375 	6.46331e-05 	6.46331e-05 	0
60.0 	6.07944e-05 	6.07944e-05 	0
60.0625 	8.03349e-05 	8.03349e-05 	0
60.125 	9.72921e-05 	9.72921e-05 	0
60.25 	8.29572e-05 	8.29572e-05 	0
60.375 	9.69522e-05 	9.69522e-05 	0
60.4375 	7.46341e-05 	7.46341e-05 	0
60.5 	6.94519e-05 	6.94519e-05 	0
60.5625 	4.61541e-05 	4.61541e-05 	0
60.625 	9.41143e-05 	9.41143e-05 	0
60.6875 	7.90675e-05 	7.90675e-05 	0
60.75 	7.57745e-05 	7.57745e-05 	0
60.8125 	6.96807e-05 	6.96807e-05 	0
60.875 	7.21877e-05 	7.21877e-05 	0
60.9375 	7.37292e-05 	7.37292e-05 	0
61.0 	7.17688e-05 	7.17688e-05 	0
61.0625 	6.43919e-05 	6.43919e-05 	0
61.125 	9.85788e-05 	9.85788e-05 	0
61.1875 	7.72624e-05 	7.72624e-05 	0
61.25 	7.73814e-05 	7.73814e-05 	0
61.3125 	7.42029e-05 	7.42029e-05 	0
61.375 	8.74348e-05 	8.74348e-05 	0
61.4375 	8.58324e-05 	8.58324e-05 	0
61.5 	8.41807e-05 	8.41807e-05 	0
61.625 	0.000103659 	5.62338e-05 	1
61.6875 	5.0406e-05 	5.0406e-05 	0
61.75 	8.09679e-05 	8.09679e-05 	0
61.8125 	0.000105834 	6.63993e-05 	1
61.875 	9.58987e-05 	9.58987e-05 	0
61.9375 	9.63378e-05 	9.63378e-05 	0
62.0 	6.86419e-05 	6.86419e-05 	0
62.125 	5.87057e-05 	5.87057e-05 	0
62.1875 	9.98472e-05 	9.98472e-05 	0
62.25 	7.64099e-05 	7.64099e-05 	0
62.3125 	6.89034e-05 	6.89034e-05 	0
62.375 	8.4656e-05 	8.4656e-05 	0
62.4375 	9.8415e-05 	9.8415e-05 	0
62.5 	6.09086e-05 	6.09086e-05 	0
62.5625 	4.24477e-05 	4.24477e-05 	0
62.6875 	4.83397e-05 	4.83397e-05 	0
62.75 	4.76919e-05 	4.76919e-05 	0
62.875 	0.000101465 	7.11657e-05 	1
62.9375 	7.07053e-05 	7.07053e-05 	0
63.0 	8.35159e-05 	8.35159e-05 	0
63.0625 	7.63334e-05 	7.63334e-05 	0
63.125 	9.68323e-05 	9.68323e-05 	0
63.25 	9.1831e-05 	9.1831e-05 	0
63.375 	5.69506e-05 	5.69506e-05 	0
63.4375 	8.00023e-05 	8.00023e-05 	0
63.5 	3.73172e-05 	3.73172e-05 	0
63.5625 	8.47753e-05 	8.47753e-05 	0
63.625 	9.02873e-05 	9.02873e-05 	0
63.8125 	9.22339e-05 	9.22339e-05 	0
63.875 	0.000100523 	9.11967e-05 	1
63.9375 	4.5544e-05 	4.5544e-05 	0
64.0 	9.45646e-05 	9.45646e-05 	0
64.0625 	3.90282e-05 	3.90282e-05 	0
64.125 	9.61605e-05 	9.61605e-05 	0
64.25 	6.57155e-05 	6.57155e-05 	0
64.3125 	3.54348e-05 	3.54348e-05 	0
64.4375 	8.92608e-05 	8.92608e-05 	0
64.5 	7.15874e-05 	7.15874e-05 	0
64.5625 	9.59393e-05 	9.59393e-05 	0
64.6875 	5.44063e-05 	5.44063e-05 	0
64.75 	9.14318e-05 	9.14318e-05 	0
64.8125 	3.25146e-05 	3.25146e-05 	0
64.875 	0.000104055 	6.95239e-05 	1
64.9375 	8.02312e-05 	8.02312e-05 	0
65.0 	9.75748e-05 	9.75748e-05 	0
65.0625 	7.12678e-05 	7.12678e-05 	0
65.125 	4.52082e-05 	4.52082e-05 	0
65.1875 	9.67605e-05 	9.67605e-05 	0
65.25 	8.53927e-05 	8.53927e-05 	0
65.5 	6.37707e-05 	6.37707e-05 	0
65.625 	7.90896e-05 	7.90896e-05 	0
65.6875 	9.45462e-05 	9.45462e-05 	0
65.75 	4.5966e-05 	4.5966e-05 	0
65.8125 	8.00277e-05 	8.00277e-05 	0
65.875 	4.19886e-05 	4.19886e-05 	0
65.9375 	9.59152e-05 	9.59152e-05 	0
66.0 	4.58034e-05 	4.58034e-05 	0
66.0625 	4.45943e-05 	4.45943e-05 	0
66.125 	6.41211e-05 	6.41211e-05 	0
66.1875 	9.26592e-05 	9.26592e-05 	0
66.25 	8.37457e-05 	8.37457e-05 	0
66.3125 	8.87819e-05 	8.87819e-05 	0
66.375 	8.96742e-05 	8.96742e-05 	0
66.4375 	6.90812e-05 	6.90812e-05 	0
66.5 	6.16249e-05 	6.16249e-05 	0
66.5625 	8.23771e-05 	8.23771e-05 	0
66.625 	9.4378e-05 	9.4378e-05 	0
66.75 	4.63799e-05 	4.63799e-05 	0
66.8125 	7.08748e-05 	7.08748e-05 	0
66.875 	6.20047e-05 	6.20047e-05 	0
66.9375 	9.7522e-05 	9.7522e-05 	0
67.0 	3.85023e-05 	3.85023e-05 	0
67.125 	5.88081e-05 	5.88081e-05 	0
67.1875 	6.22339e-05 	6.22339e-05 	0
67.25 	6.64357e-05 	6.64357e-05 	0
67.3125 	0.000108523 	5.9232e-05 	1
67.375 	9.6548e-05 	9.6548e-05 	0
67.4375 	5.93754e-05 	5.93754e-05 	0
67.5 	6.36472e-05 	6.36472e-05 	0
67.5625 	9.98936e-05 	9.98936e-05 	0
67.8125 	7.15137e-05 	7.15137e-05 	0
67.875 	7.44971e-05 	7.44971e-05 	0
67.9375 	9.1078e-05 	9.1078e-05 	0
68.0 	2.78587e-05 	2.78587e-05 	0
68.0625 	5.46061e-05 	5.46061e-05 	0
68.125 	9.8553e-05 	9.8553e-05 	0
68.1875 	9.82301e-05 	9.82301e-05 	0
68.25 	6.23368e-05 	6.23368e-05 	0
68.3125 	9.34613e-05 	9.34613e-05 	0
68.375 	9.49814e-05 	9.49814e-05 	0
68.4375 	6.24516e-05 	6.24516e-05 	0
68.5 	6.58174e-05 	6.58174e-05 	0
68.5625 	3.60907e-05 	3.60907e-05 	0
68.625 	8.28079e-05 	8.28079e-05 	0
68.6875 	9.3196e-05 	9.3196e-05 	0
68.75 	8.28509e-05 	8.28509e-05 	0
68.8125 	8.4069e-05 	8.4069e-05 	0
68.875 	3.434e-05 	3.434e-05 	0
68.9375 	7.6827e-05 	7.6827e-05 	0
69.0 	9.40436e-05 	9.40436e-05 	0
69.0625 	9.99963e-05 	9.99963e-05 	0
69.125 	9.43368e-05 	9.43368e-05 	0
69.1875 	8.6584e-05 	8.6584e-05 	0
69.25 	7.28766e-05 	7.28766e-05 	0
69.3125 	8.99901e-05 	8.99901e-05 	0
69.4375 	6.48514e-05 	6.48514e-05 	0
69.5 	9.54332e-05 	9.54332e-05 	0
69.5625 	9.24151e-05 	9.24151e-05 	0
69.625 	3.67552e-05 	3.67552e-05 	0
69.75 	9.65612e-05 	9.65612e-05 	0
69.8125 	0.000100223 	7.26824e-05 	1
69.875 	9.75501e-05 	9.75501e-05 	0
69.9375 	8.42409e-05 	8.42409e-05 	0
