# time 	Initial 	Final 	Iterations
0.642226 	0.000306293 	7.83092e-05 	1
0.766734 	0.000111684 	3.74149e-05 	1
0.828988 	0.000218152 	4.89076e-05 	1
1.38927 	0.000141636 	5.09491e-05 	1
1.45153 	0.00014222 	5.447e-05 	1
1.51378 	0.000132488 	5.12514e-05 	1
1.7628 	0.000139313 	7.22826e-05 	1
1.94956 	0.000148709 	4.93064e-05 	1
2.19857 	0.000143633 	5.82657e-05 	1
2.26083 	0.000278409 	5.95809e-05 	1
2.32308 	0.000176508 	5.54561e-05 	2
2.38534 	0.000280569 	7.48233e-05 	1
2.63435 	0.000310465 	8.51494e-05 	3
2.69661 	0.000296528 	6.28615e-05 	1
2.88337 	0.000260407 	5.18893e-05 	1
2.94562 	0.000152158 	6.57265e-05 	1
3.07013 	0.00030378 	8.32019e-05 	2
3.31914 	0.000233494 	6.59263e-05 	1
3.3814 	0.000152044 	3.19136e-05 	1
3.44365 	0.000351283 	5.7071e-05 	1
3.69267 	8.86633e-05 	8.86633e-05 	0
3.75492 	0.000184371 	2.78861e-05 	1
3.87943 	0.000140774 	6.12187e-05 	1
4.06619 	0.000250313 	3.64679e-05 	1
4.12845 	0.000219291 	7.98057e-05 	1
4.1907 	0.000244844 	7.95238e-05 	1
4.25295 	0.00024542 	5.27692e-05 	1
4.31521 	0.000162698 	4.71386e-05 	2
4.50197 	0.000219789 	8.58918e-05 	1
4.56422 	0.0002046 	6.33324e-05 	1
4.62648 	0.000132868 	4.0558e-05 	1
4.68873 	0.000216001 	7.73549e-05 	1
4.93775 	0.000255992 	7.58162e-05 	1
5.0625 	0.000276903 	5.39918e-05 	1
5.25 	0.000106544 	3.61292e-05 	1
5.375 	0.000197874 	3.25921e-05 	1
5.5 	0.00018027 	7.30073e-05 	1
5.5625 	0.000148456 	6.84017e-05 	1
5.625 	0.000267472 	3.0888e-05 	1
5.6875 	0.000264753 	8.2349e-05 	1
5.875 	0.000170204 	8.16242e-05 	1
6.0 	0.000252413 	5.30832e-05 	1
6.1875 	0.000115233 	4.85435e-05 	1
6.25 	0.000282282 	5.89278e-05 	1
6.4375 	0.000297534 	6.74217e-05 	1
6.75 	0.000177198 	5.86398e-05 	1
6.8125 	0.000113756 	3.12095e-05 	1
6.9375 	0.000167115 	5.18068e-05 	1
7.6875 	0.000111025 	3.14786e-05 	1
7.8125 	0.000139182 	8.2561e-05 	1
7.9375 	0.000291818 	8.40384e-05 	1
8.0 	0.000280027 	9.46154e-05 	1
8.0625 	0.000203208 	5.2427e-05 	1
8.125 	0.00022683 	6.54162e-05 	1
8.4375 	0.000125938 	6.75738e-05 	1
8.5 	0.000202696 	5.51673e-05 	1
8.5625 	0.000217868 	7.07715e-05 	2
8.8125 	0.000249937 	7.6163e-05 	1
8.9375 	0.000215809 	9.45136e-05 	2
9.0 	0.000192177 	8.43566e-05 	1
9.1875 	0.000109124 	3.66e-05 	1
9.3125 	0.000471179 	4.371e-05 	1
9.375 	0.000212616 	5.16898e-05 	1
9.4375 	0.000217498 	3.72739e-05 	1
9.625 	0.000164592 	6.01863e-05 	1
9.6875 	0.000302563 	7.87545e-05 	1
9.8125 	0.000167371 	5.16582e-05 	1
9.9375 	0.000166563 	9.84989e-05 	1
10.3125 	0.000253186 	6.28669e-05 	2
10.75 	0.000151958 	6.05636e-05 	1
10.8125 	0.000328492 	9.67747e-05 	2
10.875 	0.000202544 	4.50712e-05 	1
11.0 	0.0001598 	5.81872e-05 	1
11.0625 	0.000327167 	6.01004e-05 	1
11.1875 	9.60077e-05 	9.60077e-05 	0
11.6875 	0.000169411 	3.6352e-05 	1
11.75 	0.000218821 	8.10105e-05 	1
11.8125 	0.000150726 	5.04403e-05 	1
11.9375 	0.000137301 	3.84115e-05 	1
12.0 	0.000202821 	5.07748e-05 	1
12.1875 	0.000173873 	5.45218e-05 	1
12.3125 	0.000146372 	5.33526e-05 	1
12.375 	0.000259832 	4.34443e-05 	1
12.625 	0.000236567 	8.04192e-05 	1
12.6875 	0.000135155 	4.42763e-05 	1
12.8125 	0.000216526 	8.64841e-05 	2
12.875 	0.000161925 	3.12008e-05 	1
13.0 	0.000418022 	6.68905e-05 	1
13.0625 	0.000151553 	5.22829e-05 	1
13.1875 	0.000225613 	4.85544e-05 	1
13.25 	0.000294852 	5.54598e-05 	1
13.5625 	0.000157178 	6.66828e-05 	1
13.625 	0.000127137 	3.39679e-05 	1
13.6875 	0.00019264 	4.37256e-05 	1
14.0625 	0.000317174 	8.78238e-05 	1
14.125 	0.000229154 	6.90618e-05 	1
14.1875 	0.000137635 	7.64214e-05 	1
14.3125 	0.000119894 	3.9137e-05 	1
14.4375 	0.000269727 	9.41477e-05 	2
14.5 	0.000154121 	6.26967e-05 	1
14.625 	0.000166636 	3.00828e-05 	1
14.6875 	0.000135917 	4.6695e-05 	1
14.8125 	0.000235497 	8.55599e-05 	1
14.9375 	0.000133881 	9.42511e-05 	1
15.0 	0.000207402 	7.62689e-05 	2
15.1875 	0.000110599 	3.61882e-05 	1
15.25 	0.000267797 	6.03822e-05 	1
15.3125 	0.000114697 	4.61048e-05 	1
15.375 	0.000313846 	5.54945e-05 	1
15.4375 	0.000341822 	6.92437e-05 	1
15.5 	0.000268585 	7.44855e-05 	3
15.8125 	0.00015223 	5.40836e-05 	2
15.9375 	0.000116903 	5.55591e-05 	1
16.0 	0.00025918 	5.59933e-05 	1
16.0625 	0.000341084 	6.75199e-05 	1
16.125 	8.99444e-05 	8.99444e-05 	0
16.1875 	0.000322905 	7.60713e-05 	1
16.25 	0.000148317 	8.4132e-05 	1
16.375 	0.000274537 	5.98992e-05 	1
16.625 	0.0001337 	7.30943e-05 	1
16.8125 	0.00024374 	8.3063e-05 	1
16.9375 	0.000354909 	6.48203e-05 	1
17.25 	0.000144762 	5.85617e-05 	1
17.375 	0.000137512 	4.61027e-05 	1
17.4375 	0.000121125 	4.62194e-05 	1
17.6875 	0.000125845 	3.88225e-05 	1
18.0 	0.000282059 	6.48295e-05 	1
18.0625 	0.000203382 	9.24046e-05 	1
18.1875 	0.000333655 	7.14034e-05 	2
18.25 	0.000307099 	5.07931e-05 	1
18.375 	0.000104465 	3.50699e-05 	1
18.4375 	0.000247164 	6.02602e-05 	1
18.5625 	0.000123058 	5.30531e-05 	1
18.625 	0.000389359 	5.54191e-05 	1
18.8125 	0.000254641 	6.23475e-05 	1
18.875 	0.000138774 	4.62816e-05 	1
18.9375 	0.000340716 	7.34341e-05 	1
19.125 	0.000340051 	6.0525e-05 	1
19.4375 	0.000232854 	9.4307e-05 	1
19.5 	0.000149646 	2.79958e-05 	1
19.625 	0.000168342 	8.29725e-05 	1
19.6875 	0.000168029 	6.06014e-05 	1
19.75 	0.000244845 	5.54204e-05 	1
19.9375 	0.000235974 	7.43839e-05 	1
20.125 	0.000203894 	7.59936e-05 	1
20.1875 	0.000268915 	5.12144e-05 	1
20.375 	0.000218679 	4.62923e-05 	1
20.4375 	0.000266326 	9.9918e-05 	3
20.5 	0.000125325 	4.89182e-05 	1
20.6875 	0.00020327 	4.53088e-05 	1
20.75 	0.000138633 	2.11691e-05 	1
21.0 	0.000140414 	9.88547e-05 	1
21.0625 	0.000245643 	3.54849e-05 	1
21.1875 	0.000148312 	8.1506e-05 	1
21.3125 	0.000181958 	6.54362e-05 	1
21.5625 	0.000224836 	8.05525e-05 	1
21.8125 	0.000146176 	4.91951e-05 	1
21.875 	0.000140848 	3.68448e-05 	1
21.9375 	0.000133702 	3.0685e-05 	1
22.1875 	0.000359523 	9.67854e-05 	1
22.25 	0.000164629 	9.97281e-05 	1
22.3125 	0.000169838 	8.13114e-05 	1
23.0 	0.000329497 	9.75671e-05 	1
23.125 	0.000270478 	9.83185e-05 	2
23.1875 	0.000163439 	6.79299e-05 	1
23.3125 	0.000266033 	8.81808e-05 	1
23.375 	0.000221693 	4.21912e-05 	1
23.4375 	0.000203892 	9.42634e-05 	1
23.8125 	0.000188038 	6.67755e-05 	1
24.0 	0.000169902 	4.79253e-05 	1
24.0625 	0.000183517 	4.60821e-05 	1
24.3125 	0.000210168 	5.03341e-05 	2
24.375 	0.000194985 	4.04012e-05 	1
24.4375 	0.000311127 	8.04169e-05 	3
24.5625 	0.000156618 	7.24259e-05 	1
24.6875 	0.000126799 	6.47261e-05 	1
24.75 	0.000242212 	7.04477e-05 	1
24.8125 	0.000151158 	4.74386e-05 	1
25.0 	0.000169756 	9.81684e-05 	1
25.0625 	0.000287162 	8.39881e-05 	1
25.125 	0.000157228 	5.94508e-05 	1
25.25 	0.000113876 	4.79833e-05 	1
25.625 	0.000131171 	5.18638e-05 	1
25.6875 	0.000127333 	6.5803e-05 	1
25.75 	0.000177853 	6.60277e-05 	1
25.8125 	0.000206677 	5.61049e-05 	1
26.0 	0.000198029 	8.7508e-05 	1
26.125 	7.3273e-05 	7.3273e-05 	0
26.375 	0.00037223 	9.73969e-05 	1
26.5 	0.000209318 	6.64607e-05 	2
26.625 	0.000142217 	3.05135e-05 	1
26.6875 	0.000413522 	6.67076e-05 	1
26.875 	0.000324387 	6.22326e-05 	1
26.9375 	0.000196999 	6.0362e-05 	1
27.0 	0.00019374 	3.45557e-05 	1
27.3125 	0.000255365 	3.83906e-05 	1
27.625 	0.000186949 	3.71774e-05 	1
27.75 	0.000131282 	7.20586e-05 	1
28.0 	0.000202413 	8.3168e-05 	2
28.125 	0.000130094 	4.54521e-05 	1
28.3125 	0.000144486 	5.56806e-05 	1
28.5 	0.000254904 	6.15386e-05 	1
28.6875 	0.000248082 	7.18607e-05 	2
28.8125 	0.00025197 	6.26462e-05 	1
28.875 	0.000147631 	4.09379e-05 	1
29.0 	0.000199368 	5.75124e-05 	1
29.0625 	0.000123387 	5.74139e-05 	1
29.125 	0.000169239 	3.7896e-05 	1
29.25 	0.000181595 	6.72338e-05 	1
29.375 	0.000265419 	7.96338e-05 	1
29.625 	0.000374983 	7.289e-05 	4
29.6875 	0.000148777 	5.20988e-05 	1
29.75 	0.000130404 	8.4674e-05 	1
29.9375 	0.000119863 	4.44159e-05 	1
30.25 	0.000163489 	7.40273e-05 	1
30.3125 	0.000174114 	4.21823e-05 	1
30.375 	0.0001338 	4.95873e-05 	1
30.4375 	0.000328678 	7.41576e-05 	1
30.5 	0.000165376 	6.87447e-05 	1
30.5625 	0.000188245 	5.01258e-05 	1
30.9375 	0.000287308 	8.34867e-05 	2
31.1875 	0.000388869 	6.39218e-05 	1
31.25 	0.000123294 	5.84646e-05 	1
31.625 	0.000144505 	4.63694e-05 	1
31.8125 	0.000218331 	7.98085e-05 	2
31.875 	0.00019502 	9.64951e-05 	1
32.125 	0.000147103 	4.40938e-05 	1
32.1875 	0.00019905 	4.3425e-05 	1
32.25 	0.00011456 	2.7984e-05 	1
32.3125 	0.000190739 	7.36663e-05 	1
32.4375 	0.000191614 	9.22215e-05 	1
32.625 	0.000176581 	4.80308e-05 	1
32.6875 	0.000182821 	6.89955e-05 	1
32.75 	0.000176517 	7.32629e-05 	2
32.8125 	0.000124758 	2.38328e-05 	1
32.875 	0.000174868 	3.64675e-05 	1
33.0 	0.000262322 	5.19494e-05 	1
33.0625 	0.000104603 	5.94487e-05 	1
33.125 	0.000205189 	2.5503e-05 	1
33.3125 	0.00016985 	6.76566e-05 	1
33.375 	0.000134598 	5.84561e-05 	1
33.4375 	0.000128688 	4.3571e-05 	1
33.625 	8.52483e-05 	8.52483e-05 	0
33.6875 	0.000121187 	4.95368e-05 	1
33.875 	0.000103632 	3.4744e-05 	1
33.9375 	0.000254584 	7.03287e-05 	1
34.125 	0.00032508 	9.45881e-05 	3
34.1875 	0.000354126 	6.71578e-05 	1
34.25 	0.000260994 	4.72778e-05 	1
34.3125 	0.000164571 	6.64727e-05 	2
34.375 	0.000246092 	4.54096e-05 	1
34.5 	0.000187849 	8.211e-05 	1
34.5625 	0.000155863 	8.32384e-05 	1
34.625 	0.000183984 	4.49822e-05 	1
34.6875 	0.000175298 	6.98035e-05 	1
34.875 	0.000138349 	7.14041e-05 	1
34.9375 	0.000230788 	7.87663e-05 	1
35.0625 	0.000222058 	6.58838e-05 	1
35.25 	0.000137433 	4.33353e-05 	1
35.3125 	0.000395738 	8.30747e-05 	1
35.375 	0.000190507 	2.9293e-05 	1
35.625 	0.000273032 	9.46177e-05 	1
35.6875 	0.000179993 	4.08793e-05 	1
35.75 	0.000295729 	6.15699e-05 	1
35.875 	0.000239947 	5.60937e-05 	1
35.9375 	0.000115163 	4.15381e-05 	1
36.0 	8.86752e-05 	8.86752e-05 	0
36.125 	0.000244723 	6.78445e-05 	1
36.25 	0.000168743 	4.99494e-05 	1
36.4375 	0.000166008 	4.32681e-05 	1
36.5 	0.000236071 	7.42783e-05 	2
36.8125 	0.000480191 	8.0293e-05 	1
36.875 	0.000163448 	5.72415e-05 	1
37.125 	0.000151748 	3.41037e-05 	1
37.1875 	0.00012688 	6.3614e-05 	1
37.3125 	0.000174811 	6.53803e-05 	1
37.4375 	0.000214424 	8.20058e-05 	1
37.5625 	0.000241948 	7.73847e-05 	2
37.9375 	0.000220909 	3.95541e-05 	1
38.0 	0.000500735 	7.14627e-05 	1
38.0625 	0.00012884 	5.41626e-05 	1
38.125 	9.75869e-05 	9.75869e-05 	0
38.3125 	0.000296276 	8.06299e-05 	1
38.4375 	0.000298844 	7.71768e-05 	3
38.5625 	0.000378415 	6.78217e-05 	1
38.6875 	0.000137148 	5.5647e-05 	1
38.875 	0.000269854 	6.24623e-05 	1
38.9375 	0.000374027 	9.07797e-05 	1
39.0625 	0.00018604 	4.02383e-05 	1
39.1875 	0.00022242 	5.58228e-05 	1
39.25 	0.000220462 	5.75876e-05 	1
39.3125 	0.000384141 	7.75005e-05 	1
39.5625 	9.28051e-05 	9.28051e-05 	0
39.625 	0.000181748 	9.4126e-05 	1
39.875 	0.00014793 	8.4715e-05 	1
39.9375 	0.000355542 	5.88369e-05 	1
40.0 	0.000318651 	9.02551e-05 	3
40.125 	0.000168996 	5.2341e-05 	1
40.25 	0.000404066 	9.09341e-05 	1
40.3125 	0.000160459 	3.91386e-05 	1
40.5 	8.50317e-05 	8.50317e-05 	0
40.5625 	0.000250586 	4.6145e-05 	1
40.625 	0.000128666 	6.34887e-05 	1
40.8125 	0.000101154 	3.149e-05 	1
40.9375 	0.000187062 	7.30179e-05 	1
41.125 	0.000253103 	9.55686e-05 	1
41.1875 	0.000144344 	4.48142e-05 	1
41.25 	0.000278416 	7.57403e-05 	1
41.3125 	0.000192147 	4.8389e-05 	1
41.5 	0.000112141 	4.13699e-05 	1
41.6875 	0.000304186 	6.0459e-05 	2
41.8125 	0.000119069 	2.43253e-05 	1
41.9375 	0.000188633 	7.79019e-05 	2
42.0 	0.00018746 	3.82217e-05 	1
42.25 	0.000134259 	9.05567e-05 	1
42.5 	0.000288936 	7.06329e-05 	1
42.6875 	0.000290176 	9.23898e-05 	2
42.8125 	0.00021808 	8.59165e-05 	1
42.875 	0.000191826 	6.32849e-05 	1
42.9375 	0.000239724 	6.38437e-05 	2
43.0 	0.000159146 	9.89822e-05 	1
43.0625 	0.000288821 	5.05566e-05 	1
43.1875 	0.000170928 	9.80738e-05 	1
43.3125 	0.000119011 	4.45937e-05 	1
43.375 	0.000241212 	7.16247e-05 	1
43.9375 	0.000168315 	4.71562e-05 	2
44.0 	0.000100977 	5.01884e-05 	1
44.125 	0.000412902 	6.67353e-05 	1
44.25 	8.95166e-05 	8.95166e-05 	0
44.3125 	0.000211173 	9.47979e-05 	1
44.4375 	0.000223405 	6.56749e-05 	1
44.5625 	0.000128437 	2.77741e-05 	1
44.6875 	0.00030903 	6.76147e-05 	1
44.8125 	0.000194509 	7.64027e-05 	1
44.875 	0.000380696 	9.53207e-05 	1
45.0 	0.000324286 	7.81159e-05 	1
45.1875 	0.000191291 	2.84768e-05 	1
45.3125 	0.000269389 	4.50162e-05 	1
45.5 	0.000141783 	6.00931e-05 	1
45.625 	9.20616e-05 	9.20616e-05 	0
45.6875 	0.000145696 	4.14737e-05 	1
45.75 	0.000191265 	4.71588e-05 	1
46.0 	0.000152468 	5.9191e-05 	1
46.0625 	0.000214265 	3.85899e-05 	1
46.3125 	0.000209757 	6.58616e-05 	1
46.5625 	0.00026646 	6.96404e-05 	1
46.625 	0.000170481 	8.01346e-05 	1
46.6875 	0.000180331 	5.63355e-05 	1
46.75 	0.000487352 	7.7734e-05 	1
47.0 	0.000192876 	6.67055e-05 	2
47.0625 	0.000114964 	6.04411e-05 	1
47.25 	0.000288051 	9.80759e-05 	3
47.375 	0.000319518 	8.72454e-05 	2
47.5 	0.000118121 	4.15353e-05 	1
47.5625 	0.00040005 	6.13219e-05 	1
47.8125 	0.000114654 	4.59139e-05 	1
48.1875 	0.000167536 	7.08886e-05 	1
48.25 	0.000124846 	5.02668e-05 	1
48.3125 	0.000256024 	3.81947e-05 	1
48.4375 	0.00012483 	5.95324e-05 	1
48.5625 	0.000180112 	8.78022e-05 	1
48.75 	0.000144122 	5.23504e-05 	1
48.8125 	0.000167542 	7.61642e-05 	1
49.0 	0.000133226 	6.72145e-05 	1
49.3125 	0.000226845 	6.43869e-05 	2
49.375 	0.000181058 	3.0639e-05 	1
49.4375 	0.000147653 	7.11613e-05 	1
49.5625 	0.000289494 	9.15491e-05 	1
49.6875 	0.000264859 	6.99306e-05 	2
49.75 	0.000114852 	4.40734e-05 	1
50.3125 	0.000261309 	6.04186e-05 	1
50.375 	0.000384086 	8.95274e-05 	1
50.4375 	0.000265067 	6.15535e-05 	2
50.5625 	0.000208105 	6.67877e-05 	2
50.625 	0.000233244 	4.173e-05 	1
50.75 	0.000202367 	5.96261e-05 	1
50.875 	0.000241964 	3.88039e-05 	1
50.9375 	0.000210522 	5.39166e-05 	1
51.0 	0.000177576 	5.07455e-05 	1
51.125 	0.00025298 	4.71657e-05 	1
51.1875 	9.45045e-05 	9.45045e-05 	0
51.25 	0.000133582 	7.43315e-05 	1
51.375 	0.000253696 	6.31516e-05 	1
51.4375 	0.000126836 	5.19889e-05 	1
51.5 	0.000270873 	6.14152e-05 	1
51.8125 	0.00025244 	9.91892e-05 	1
52.0625 	0.000265097 	8.80113e-05 	1
52.1875 	0.000270422 	7.04405e-05 	1
52.3125 	0.000177718 	7.12681e-05 	1
52.5 	0.000242333 	6.53046e-05 	1
52.8125 	0.00028571 	4.08347e-05 	1
52.9375 	0.000122435 	4.40176e-05 	1
53.1875 	0.000229229 	6.65997e-05 	2
53.5 	0.000108695 	4.2889e-05 	1
53.5625 	0.000236666 	4.33673e-05 	1
53.625 	0.000167397 	8.50104e-05 	1
53.6875 	9.58578e-05 	9.58578e-05 	0
53.75 	0.00021731 	8.99151e-05 	1
53.875 	0.000102371 	3.83775e-05 	1
54.0 	0.000137325 	6.06057e-05 	1
54.0625 	0.000212396 	7.18989e-05 	1
54.1875 	0.000181425 	4.88964e-05 	1
54.25 	0.000320434 	7.16348e-05 	1
54.3125 	0.000133237 	6.93462e-05 	1
54.375 	0.000320643 	8.15482e-05 	1
54.4375 	0.000283742 	5.1845e-05 	1
54.6875 	0.000118725 	4.40001e-05 	1
54.8125 	0.000367353 	6.03302e-05 	1
54.875 	0.000173408 	7.76945e-05 	1
54.9375 	0.0001484 	6.64124e-05 	1
55.0 	0.000174798 	3.63064e-05 	1
55.3125 	0.000274984 	9.19356e-05 	2
55.4375 	0.000204817 	7.6478e-05 	1
55.5 	0.00010191 	4.94839e-05 	1
55.75 	0.000219535 	6.42901e-05 	1
55.9375 	0.000139952 	4.12644e-05 	1
56.0 	0.000352392 	8.87889e-05 	1
56.0625 	0.000381947 	8.79907e-05 	2
56.3125 	0.000164532 	5.66028e-05 	1
56.375 	0.000122242 	3.72765e-05 	1
56.4375 	0.000157355 	6.22355e-05 	1
56.5625 	0.000322507 	7.11921e-05 	1
56.6875 	0.000174166 	8.47938e-05 	1
56.75 	0.000205177 	5.76901e-05 	1
57.0 	0.000124464 	3.88171e-05 	1
57.0625 	0.000231073 	5.80163e-05 	1
57.1875 	0.000110594 	3.63449e-05 	1
57.25 	0.000328693 	7.8077e-05 	2
57.3125 	0.000131494 	2.10218e-05 	1
57.4375 	0.000222989 	5.87644e-05 	1
57.6875 	8.82238e-05 	8.82238e-05 	0
58.125 	0.000271757 	7.71441e-05 	2
58.1875 	0.000247522 	8.69136e-05 	2
58.25 	0.000183586 	5.48564e-05 	1
58.3125 	0.000159624 	8.67014e-05 	1
58.4375 	0.000168429 	3.01004e-05 	1
58.5625 	0.000296411 	8.31398e-05 	1
58.8125 	0.000115042 	5.13043e-05 	1
58.875 	0.000155408 	6.03549e-05 	1
59.0 	0.000153305 	4.87535e-05 	1
59.125 	0.00025794 	7.28869e-05 	1
59.25 	9.57164e-05 	9.57164e-05 	0
59.3125 	0.00020535 	6.01295e-05 	2
59.375 	0.000157467 	4.32656e-05 	1
59.5 	0.000216553 	8.92926e-05 	1
59.6875 	0.000161645 	5.40894e-05 	1
59.8125 	0.000261105 	5.52705e-05 	1
60.4375 	0.000147819 	7.16439e-05 	1
60.5625 	0.000134912 	3.04559e-05 	1
60.625 	0.000213555 	5.46429e-05 	2
61.0 	0.000124678 	6.5372e-05 	1
61.125 	0.000355043 	9.38049e-05 	1
61.4375 	0.000116756 	5.20849e-05 	1
61.625 	0.000116017 	2.39409e-05 	1
61.8125 	0.000269241 	5.61357e-05 	1
61.9375 	0.000157831 	6.78386e-05 	1
62.1875 	0.000276336 	4.10595e-05 	1
62.375 	0.000148187 	6.48128e-05 	1
62.5 	0.000410312 	7.87163e-05 	1
62.5625 	0.000186672 	3.587e-05 	1
62.875 	0.000148433 	6.80914e-05 	1
62.9375 	0.00015248 	3.32666e-05 	1
63.0 	0.00019054 	5.60115e-05 	1
63.25 	0.000157117 	6.10943e-05 	1
63.5625 	0.000290192 	9.02086e-05 	3
63.8125 	0.00038722 	8.09627e-05 	1
63.9375 	0.000156846 	7.80683e-05 	1
64.0 	0.000322857 	7.69836e-05 	1
64.4375 	0.000181162 	5.12177e-05 	1
64.6875 	0.000130178 	9.25963e-05 	1
64.75 	0.000171104 	6.12122e-05 	1
64.8125 	0.000169713 	6.40709e-05 	1
64.875 	0.000256046 	9.09197e-05 	2
64.9375 	0.000197109 	5.72267e-05 	1
65.0 	0.000200024 	3.02222e-05 	1
65.0625 	0.000221788 	3.47008e-05 	1
65.125 	0.000177488 	4.79381e-05 	1
65.625 	0.000226931 	5.20483e-05 	1
65.8125 	0.000164093 	7.53504e-05 	1
65.9375 	0.000163344 	4.12726e-05 	1
66.0 	0.000136719 	6.63739e-05 	1
66.0625 	0.000252858 	5.90221e-05 	1
66.3125 	0.000261729 	7.00364e-05 	2
66.5 	0.000188975 	4.55672e-05 	1
66.75 	0.000346556 	8.55525e-05 	3
66.8125 	0.000107082 	4.84822e-05 	1
66.9375 	0.000206018 	5.42373e-05 	1
67.25 	0.000257084 	5.0404e-05 	1
67.5 	0.000223336 	4.07301e-05 	1
67.8125 	0.000136129 	6.02684e-05 	1
67.875 	0.000140361 	5.30702e-05 	1
67.9375 	0.000194403 	6.61841e-05 	1
68.0 	0.000233353 	7.38896e-05 	1
68.125 	0.000220804 	9.7721e-05 	1
68.1875 	0.000191627 	4.99713e-05 	1
68.3125 	0.000287313 	7.6427e-05 	1
68.4375 	0.00028868 	9.411e-05 	1
68.5625 	0.000224309 	4.31047e-05 	1
68.6875 	0.000244519 	7.69915e-05 	2
68.75 	0.000285961 	8.10761e-05 	3
68.8125 	8.81834e-05 	8.81834e-05 	0
68.9375 	0.000187352 	4.73553e-05 	1
69.125 	0.000196012 	3.72324e-05 	1
69.1875 	0.000216187 	7.2296e-05 	1
69.25 	0.000153859 	6.47967e-05 	1
69.3125 	0.000125456 	9.91885e-05 	1
69.4375 	0.000194463 	7.40353e-05 	1
69.5 	9.21051e-05 	9.21051e-05 	0
69.75 	0.000121877 	5.1323e-05 	1
69.8125 	0.000177788 	5.2416e-05 	1
69.875 	0.000167324 	3.6276e-05 	1
69.9375 	0.000249144 	3.4781e-05 	1
