# time 	Initial 	Final 	Iterations
0.333274 	0.000263258 	1.40964e-05 	1
0.579973 	0.000408443 	2.97948e-05 	1
0.642226 	0.00019536 	1.46583e-05 	1
0.70448 	0.000163443 	1.29273e-05 	1
0.766734 	0.000229301 	1.85949e-05 	1
0.828988 	0.00051607 	3.73336e-05 	1
1.01575 	0.000477528 	3.4794e-05 	1
1.078 	0.000351468 	2.47637e-05 	1
1.20251 	0.000147893 	1.40363e-05 	1
1.26477 	0.000239649 	2.3115e-05 	1
1.38927 	7.12428e-05 	7.73797e-06 	1
1.45153 	7.49512e-05 	7.85072e-06 	1
1.51378 	0.000209499 	1.60665e-05 	1
1.57604 	0.000226613 	1.80476e-05 	1
1.70054 	0.000128073 	1.16353e-05 	1
1.7628 	0.000522247 	3.67833e-05 	1
1.8873 	0.000192492 	1.64942e-05 	1
1.94956 	0.00012025 	2.86205e-06 	2
2.01181 	0.000140226 	3.60274e-06 	2
2.07407 	0.000302278 	2.26802e-05 	1
2.13632 	0.00027903 	2.24612e-05 	1
2.19857 	0.000240968 	2.00628e-05 	1
2.26083 	0.000197024 	1.7179e-05 	1
2.32308 	0.000259373 	1.85939e-05 	1
2.38534 	0.000137776 	1.30094e-05 	1
2.44759 	0.000135252 	1.01783e-05 	1
2.50984 	0.00037098 	2.61928e-05 	1
2.63435 	0.000220263 	1.76204e-05 	1
2.69661 	0.000209283 	1.51404e-05 	1
2.82111 	0.000304722 	2.21094e-05 	1
2.88337 	0.000363176 	2.61335e-05 	1
2.94562 	0.000310897 	2.22997e-05 	1
3.00787 	9.41184e-05 	8.13417e-06 	1
3.07013 	0.000260521 	2.04407e-05 	1
3.13238 	0.000253573 	1.8205e-05 	1
3.19464 	0.000213244 	1.82132e-05 	1
3.25689 	9.62395e-05 	2.31785e-06 	2
3.31914 	9.18338e-05 	8.53983e-06 	1
3.3814 	0.000170103 	4.31027e-06 	2
3.44365 	0.000181312 	1.47275e-05 	1
3.50591 	0.000396413 	2.8687e-05 	1
3.56816 	0.000243823 	1.95793e-05 	1
3.69267 	0.000246813 	1.88227e-05 	1
3.75492 	0.000174181 	1.53116e-05 	1
3.81718 	0.000336863 	2.45043e-05 	1
3.87943 	0.000181852 	1.50915e-05 	1
4.00394 	0.000184098 	1.8307e-05 	1
4.06619 	0.000327283 	2.79419e-05 	1
4.12845 	0.000333698 	2.34806e-05 	1
4.1907 	0.000263352 	2.06368e-05 	1
4.25295 	0.000431168 	3.13439e-05 	1
4.31521 	0.000329497 	2.32356e-05 	1
4.37746 	0.000275988 	2.00055e-05 	1
4.50197 	0.000260693 	1.86442e-05 	1
4.56422 	0.000156039 	1.37856e-05 	1
4.62648 	0.000335394 	2.42192e-05 	1
4.68873 	0.000315762 	2.27867e-05 	1
4.75098 	0.000218043 	1.68855e-05 	1
4.81324 	0.000179955 	1.33979e-05 	1
4.87549 	7.74327e-05 	6.83138e-06 	1
4.93775 	0.000372603 	2.75358e-05 	1
5.0 	0.00031728 	2.91942e-05 	1
5.0625 	0.000234675 	1.73159e-05 	1
5.125 	0.000269934 	1.94196e-05 	1
5.25 	0.000309575 	2.20755e-05 	1
5.3125 	0.000211081 	1.54328e-05 	1
5.375 	0.000221859 	2.01458e-05 	1
5.4375 	0.000163102 	4.1771e-06 	2
5.5 	0.000254758 	1.84488e-05 	1
5.5625 	0.000154042 	1.4015e-05 	1
5.625 	0.000164407 	4.18172e-06 	2
5.6875 	0.000380877 	2.81074e-05 	1
5.75 	0.000153597 	4.11414e-06 	2
5.8125 	0.000121834 	1.04615e-05 	1
5.875 	0.000351931 	2.53906e-05 	1
5.9375 	0.000414902 	2.93252e-05 	1
6.0 	0.000386733 	3.49636e-05 	1
6.125 	0.000354166 	2.58249e-05 	1
6.1875 	0.000139331 	1.01992e-05 	1
6.25 	0.000192023 	1.41346e-05 	1
6.3125 	8.93194e-05 	8.55565e-06 	1
6.4375 	0.000341448 	2.41823e-05 	1
6.6875 	0.000225715 	1.72781e-05 	1
6.75 	0.000209598 	1.68736e-05 	1
6.8125 	0.000139712 	1.14812e-05 	1
6.9375 	0.000287748 	2.21762e-05 	1
7.0 	0.000235014 	1.84139e-05 	1
7.0625 	0.000108786 	3.25435e-06 	2
7.125 	0.000224083 	1.6557e-05 	1
7.1875 	0.000144885 	3.66698e-06 	2
7.25 	0.000222756 	1.70933e-05 	1
7.4375 	0.000246929 	1.94973e-05 	1
7.5625 	0.000182395 	1.45926e-05 	1
7.625 	0.000156653 	4.22638e-06 	2
7.6875 	0.000398819 	2.85619e-05 	1
7.8125 	0.000156171 	1.41746e-05 	1
7.9375 	0.000407931 	2.92792e-05 	1
8.0 	0.00039536 	2.79639e-05 	1
8.0625 	0.000153223 	1.4318e-05 	1
8.125 	0.00014457 	3.98678e-06 	2
8.25 	0.000110677 	2.53543e-06 	2
8.3125 	0.000255252 	1.89695e-05 	1
8.375 	0.000150987 	3.82425e-06 	2
8.4375 	0.000361962 	2.60928e-05 	1
8.5 	0.000194254 	1.58185e-05 	1
8.5625 	0.000195848 	1.94982e-05 	1
8.8125 	0.000237658 	1.79242e-05 	1
8.9375 	0.000154312 	1.3657e-05 	1
9.0 	0.000235131 	1.83166e-05 	1
9.0625 	0.000226104 	1.73327e-05 	1
9.125 	0.000100551 	2.39008e-06 	2
9.1875 	0.000176316 	1.51361e-05 	1
9.25 	0.000229654 	1.78731e-05 	1
9.3125 	0.000227307 	1.68767e-05 	1
9.375 	0.000125872 	1.15302e-05 	1
9.4375 	0.000201722 	1.57868e-05 	1
9.5625 	0.000156722 	1.15984e-05 	1
9.625 	0.000345408 	2.49374e-05 	1
9.6875 	0.000319068 	2.29192e-05 	1
9.75 	0.000213598 	2.12106e-05 	1
9.8125 	8.0547e-05 	8.86137e-06 	1
9.875 	0.000151272 	4.06894e-06 	2
9.9375 	0.000310473 	2.30131e-05 	1
10.0 	0.00060588 	4.33882e-05 	1
10.0625 	0.000132553 	1.00567e-05 	1
10.125 	0.000165112 	4.33702e-06 	2
10.1875 	0.000242711 	1.72847e-05 	1
10.3125 	0.000306196 	2.17538e-05 	1
10.375 	0.000301533 	2.22526e-05 	1
10.5 	0.000447027 	3.21356e-05 	1
10.5625 	0.000350756 	2.57115e-05 	1
10.625 	0.000341623 	2.48793e-05 	1
10.6875 	0.000113032 	9.4785e-06 	1
10.75 	0.000179067 	1.63419e-05 	1
10.8125 	0.000183254 	1.58657e-05 	1
10.875 	0.000125336 	1.01941e-05 	1
10.9375 	0.000178607 	1.58153e-05 	1
11.0 	0.000100721 	3.17471e-06 	2
11.0625 	0.000335929 	2.53244e-05 	1
11.125 	0.000264584 	1.93614e-05 	1
11.1875 	0.000160985 	1.21282e-05 	1
11.25 	0.000480863 	4.08678e-05 	1
11.375 	0.000112159 	1.02262e-05 	1
11.4375 	0.000314276 	2.22755e-05 	1
11.5 	0.000338961 	2.42828e-05 	1
11.5625 	0.000383764 	2.73333e-05 	1
11.625 	0.000308985 	2.84413e-05 	1
11.6875 	0.000191919 	1.79884e-05 	1
11.75 	0.000274826 	1.95098e-05 	1
11.8125 	0.00026607 	2.07443e-05 	1
11.875 	0.000168407 	1.56352e-05 	1
11.9375 	0.000242277 	1.86314e-05 	1
12.0 	0.000157545 	1.55468e-05 	1
12.0625 	0.000329965 	2.41342e-05 	1
12.125 	0.000157321 	1.18888e-05 	1
12.1875 	0.000224446 	1.67446e-05 	1
12.25 	0.000210253 	1.70223e-05 	1
12.3125 	0.00040695 	2.88327e-05 	1
12.375 	0.00023902 	1.79543e-05 	1
12.5625 	0.000432641 	3.10637e-05 	1
12.625 	8.6683e-05 	8.82246e-06 	1
12.6875 	9.83055e-05 	2.64168e-06 	2
12.75 	0.00057981 	4.11826e-05 	1
12.8125 	0.000142306 	1.35966e-05 	1
12.875 	0.000309853 	2.22997e-05 	1
13.0 	0.000279377 	2.00161e-05 	1
13.0625 	0.000225108 	1.62506e-05 	1
13.125 	0.000467568 	3.32319e-05 	1
13.1875 	0.00035551 	2.53872e-05 	1
13.25 	0.000352554 	2.56178e-05 	1
13.3125 	0.000233394 	1.79116e-05 	1
13.375 	0.000167911 	4.44611e-06 	2
13.4375 	0.000226221 	1.64602e-05 	1
13.5 	0.000334546 	2.40846e-05 	1
13.5625 	0.00024485 	1.81247e-05 	1
13.625 	0.000103193 	2.5564e-06 	2
13.6875 	0.000183329 	1.58706e-05 	1
13.8125 	0.000183742 	1.46195e-05 	1
14.0 	0.000654216 	4.65743e-05 	1
14.0625 	0.00027217 	2.55222e-05 	1
14.125 	0.000265911 	2.42589e-05 	1
14.1875 	0.000445655 	3.19609e-05 	1
14.3125 	0.000277419 	2.09272e-05 	1
14.375 	0.000264605 	1.89518e-05 	1
14.4375 	0.000478268 	3.43013e-05 	1
14.5 	0.000163708 	1.43053e-05 	1
14.625 	0.00016353 	1.3511e-05 	1
14.6875 	0.000345816 	2.461e-05 	1
14.75 	0.000108843 	2.74396e-06 	2
14.8125 	0.000256605 	2.35348e-05 	1
14.875 	0.000211321 	1.58685e-05 	1
14.9375 	0.000149707 	1.33384e-05 	1
15.0 	0.00018945 	1.85288e-05 	1
15.1875 	0.000300254 	2.1956e-05 	1
15.25 	0.000163039 	1.36397e-05 	1
15.3125 	0.000149557 	1.1878e-05 	1
15.375 	0.000155919 	1.30732e-05 	1
15.4375 	0.00024642 	1.90158e-05 	1
15.5 	0.00037656 	2.7143e-05 	1
15.5625 	0.000253038 	2.28936e-05 	1
15.625 	0.000223956 	1.6969e-05 	1
15.75 	0.000393492 	3.40332e-05 	1
15.8125 	0.000299589 	2.23515e-05 	1
15.875 	0.000102894 	3.08107e-06 	2
15.9375 	0.000398496 	2.8285e-05 	1
16.0 	0.000107878 	2.94776e-06 	2
16.0625 	0.000155543 	1.17775e-05 	1
16.125 	0.000304039 	2.81777e-05 	1
16.1875 	0.000206686 	1.58381e-05 	1
16.25 	0.000423958 	2.97912e-05 	1
16.3125 	0.000228911 	1.65707e-05 	1
16.375 	0.000323037 	2.32492e-05 	1
16.4375 	0.000115119 	3.00501e-06 	2
16.5 	0.000448336 	3.83872e-05 	1
16.625 	0.000390845 	2.77858e-05 	1
16.6875 	0.000176183 	4.13872e-06 	2
16.75 	0.000167985 	1.53605e-05 	1
16.8125 	0.000350218 	2.51281e-05 	1
16.875 	0.000387829 	2.82377e-05 	1
16.9375 	0.000197173 	1.5715e-05 	1
17.1875 	0.000180805 	1.60153e-05 	1
17.25 	0.000135637 	3.67429e-06 	2
17.3125 	0.00046939 	3.36278e-05 	1
17.375 	0.00039499 	2.8336e-05 	1
17.4375 	0.000288471 	2.07378e-05 	1
17.5 	0.000162761 	4.3458e-06 	2
17.5625 	0.000143159 	1.20098e-05 	1
17.625 	0.000157041 	1.12402e-05 	1
17.6875 	0.000177647 	1.44015e-05 	1
17.75 	0.000355322 	2.60137e-05 	1
17.8125 	0.000252189 	1.86202e-05 	1
17.9375 	0.000200141 	1.60399e-05 	1
18.0 	0.00021402 	1.92932e-05 	1
18.0625 	0.000503767 	3.60823e-05 	1
18.125 	0.000316925 	2.30021e-05 	1
18.1875 	0.000215315 	2.1189e-05 	1
18.25 	0.00031819 	2.31471e-05 	1
18.3125 	0.000156682 	1.1558e-05 	1
18.375 	0.000162309 	1.40744e-05 	1
18.4375 	0.000171592 	1.60769e-05 	1
18.5 	0.000105103 	2.97569e-06 	2
18.5625 	0.000147617 	1.29907e-05 	1
18.625 	0.000239779 	6.12807e-06 	2
18.75 	0.000328855 	3.04125e-05 	1
18.8125 	0.00057036 	4.03972e-05 	1
18.875 	0.000165156 	1.2921e-05 	1
18.9375 	0.000266644 	2.32254e-05 	1
19.125 	0.000456425 	3.29182e-05 	1
19.25 	0.0002298 	1.71687e-05 	1
19.3125 	7.50197e-05 	7.68246e-06 	1
19.375 	0.00017249 	1.2925e-05 	1
19.4375 	0.000233963 	1.70658e-05 	1
19.5 	0.000179737 	1.31804e-05 	1
19.625 	0.000115292 	1.11431e-05 	1
19.6875 	8.12643e-05 	8.71411e-06 	1
19.75 	0.000198845 	1.47672e-05 	1
19.875 	0.000298611 	2.17059e-05 	1
19.9375 	0.000113265 	2.78477e-06 	2
20.0 	0.000442272 	3.1812e-05 	1
20.0625 	0.000175005 	1.57314e-05 	1
20.125 	0.000208229 	1.69149e-05 	1
20.1875 	0.000331618 	2.4086e-05 	1
20.25 	0.000392346 	3.2685e-05 	1
20.3125 	0.000330981 	2.37434e-05 	1
20.375 	0.000189679 	1.43643e-05 	1
20.4375 	0.00050856 	3.66087e-05 	1
20.5 	0.000331837 	2.36383e-05 	1
20.5625 	0.00038675 	2.84885e-05 	1
20.625 	0.000142338 	3.94438e-06 	2
20.6875 	0.00029871 	2.18328e-05 	1
20.75 	0.000306063 	2.24373e-05 	1
20.8125 	8.4746e-05 	9.02571e-06 	1
20.875 	0.000217538 	1.8476e-05 	1
20.9375 	7.33117e-05 	6.12989e-06 	1
21.0 	0.000144301 	1.28694e-05 	1
21.0625 	0.000376491 	3.41436e-05 	1
21.1875 	0.000396205 	2.84484e-05 	1
21.3125 	0.000178155 	1.4553e-05 	1
21.375 	0.000233883 	2.00134e-05 	1
21.4375 	0.00046444 	3.32716e-05 	1
21.5 	0.000274948 	2.50979e-05 	1
21.5625 	0.000105716 	9.43067e-06 	1
21.625 	0.000273333 	2.13304e-05 	1
21.6875 	7.93291e-05 	6.91293e-06 	1
21.75 	9.46548e-05 	2.76761e-06 	2
21.8125 	0.00028239 	2.45127e-05 	1
21.875 	0.000147464 	1.35024e-05 	1
21.9375 	0.000117679 	1.10754e-05 	1
22.0 	0.000224155 	1.63075e-05 	1
22.125 	0.000170871 	1.27716e-05 	1
22.1875 	0.000196184 	1.76151e-05 	1
22.25 	0.000239189 	1.71533e-05 	1
22.3125 	0.000408971 	2.89539e-05 	1
22.375 	0.000144859 	3.90061e-06 	2
22.625 	0.000328263 	2.32534e-05 	1
22.6875 	0.000162207 	1.46529e-05 	1
22.75 	0.000316035 	2.91931e-05 	1
22.8125 	0.000186859 	1.65467e-05 	1
22.9375 	0.000163156 	1.18328e-05 	1
23.0 	0.000355556 	2.60247e-05 	1
23.0625 	0.000133876 	1.28597e-05 	1
23.125 	0.000365961 	2.63301e-05 	1
23.1875 	0.00015861 	1.43055e-05 	1
23.3125 	0.000353119 	2.53537e-05 	1
23.375 	0.0002809 	2.13209e-05 	1
23.4375 	0.000206678 	1.59633e-05 	1
23.5625 	0.000433742 	3.12112e-05 	1
23.6875 	0.000222424 	1.75515e-05 	1
23.75 	0.000165168 	1.3617e-05 	1
23.8125 	0.000158001 	4.21667e-06 	2
23.875 	0.000342047 	2.53252e-05 	1
23.9375 	0.000133962 	3.42096e-06 	2
24.0 	0.000129909 	1.12448e-05 	1
24.0625 	0.000283781 	2.09147e-05 	1
24.125 	0.000352857 	2.54086e-05 	1
24.1875 	0.00029761 	2.20516e-05 	1
24.3125 	0.000110976 	1.05592e-05 	1
24.375 	0.000148868 	1.22856e-05 	1
24.4375 	0.000147966 	1.45527e-05 	1
24.5 	0.000379442 	2.81724e-05 	1
24.5625 	0.000225457 	1.73328e-05 	1
24.625 	0.000160968 	1.5279e-05 	1
24.6875 	0.000107097 	2.52623e-06 	2
24.75 	0.000202296 	1.58925e-05 	1
24.8125 	0.000383515 	2.78614e-05 	1
25.0 	0.000210348 	1.68576e-05 	1
25.0625 	0.000320332 	2.32499e-05 	1
25.125 	0.000403981 	2.84813e-05 	1
25.25 	0.000340496 	2.40479e-05 	1
25.3125 	0.00017624 	1.33144e-05 	1
25.4375 	5.27817e-05 	4.42017e-06 	1
25.5 	0.000524987 	3.75659e-05 	1
25.5625 	0.000145701 	1.14981e-05 	1
25.625 	0.000134916 	3.58724e-06 	2
25.6875 	0.000341455 	2.45183e-05 	1
25.75 	0.000154173 	1.13298e-05 	1
25.8125 	0.000295852 	2.52304e-05 	1
25.875 	0.000213611 	2.10962e-05 	1
25.9375 	0.000514502 	4.31891e-05 	1
26.0 	0.000139904 	3.86009e-06 	2
26.0625 	0.000196652 	1.6597e-05 	1
26.125 	0.000100023 	8.65563e-06 	1
26.25 	9.63471e-05 	9.93144e-06 	1
26.3125 	0.00049161 	3.53308e-05 	1
26.375 	0.000210769 	1.55081e-05 	1
26.4375 	0.000109206 	2.85206e-06 	2
26.5 	0.000113758 	1.03025e-05 	1
26.5625 	0.000405933 	2.8572e-05 	1
26.625 	0.000452919 	3.18962e-05 	1
26.6875 	0.000303065 	2.2495e-05 	1
26.875 	0.000117808 	1.17415e-05 	1
26.9375 	0.00036226 	2.58023e-05 	1
27.0 	0.00030974 	2.30313e-05 	1
27.0625 	6.10273e-05 	4.96576e-06 	1
27.125 	0.000270655 	1.98685e-05 	1
27.25 	0.000264473 	2.11814e-05 	1
27.3125 	0.000134835 	1.10087e-05 	1
27.375 	0.000211065 	1.56846e-05 	1
27.5 	0.000295356 	2.22488e-05 	1
27.5625 	0.000123096 	1.19103e-05 	1
27.625 	0.00010877 	1.05449e-05 	1
27.6875 	0.000201254 	1.482e-05 	1
27.75 	0.000107342 	3.37227e-06 	2
27.8125 	0.000221177 	1.60228e-05 	1
27.875 	0.000152886 	1.15905e-05 	1
28.0 	0.00013352 	1.27408e-05 	1
28.0625 	0.00016913 	1.49065e-05 	1
28.125 	0.000234227 	1.90301e-05 	1
28.3125 	0.000150134 	1.29957e-05 	1
28.375 	0.00014897 	3.9927e-06 	2
28.4375 	0.000177848 	1.49089e-05 	1
28.5 	0.000181993 	1.34067e-05 	1
28.625 	8.19589e-05 	9.27745e-06 	1
28.6875 	0.000289429 	2.54219e-05 	1
28.8125 	0.000164479 	1.43402e-05 	1
28.875 	0.000251416 	6.48978e-06 	2
28.9375 	0.000111132 	8.97436e-06 	1
29.0 	0.000167727 	1.28511e-05 	1
29.0625 	0.00032071 	2.25468e-05 	1
29.125 	0.000146043 	1.05931e-05 	1
29.1875 	0.000421134 	3.53997e-05 	1
29.25 	0.000328148 	2.3348e-05 	1
29.3125 	0.000137766 	1.22701e-05 	1
29.375 	0.000100343 	2.68432e-06 	2
29.4375 	0.000132915 	2.9897e-06 	2
29.5 	0.000283703 	2.08044e-05 	1
29.5625 	0.000200018 	1.51388e-05 	1
29.625 	0.000187583 	1.84839e-05 	1
29.6875 	0.000165306 	1.2419e-05 	1
29.75 	0.000279549 	2.07973e-05 	1
29.875 	0.000163497 	1.56179e-05 	1
29.9375 	0.000168361 	1.60931e-05 	1
30.0 	0.000333656 	2.41306e-05 	1
30.125 	0.000211841 	1.58582e-05 	1
30.1875 	0.000171828 	1.32756e-05 	1
30.25 	0.000216884 	1.96129e-05 	1
30.3125 	0.000273343 	2.48646e-05 	1
30.375 	0.00014356 	1.2732e-05 	1
30.4375 	0.000617738 	4.37588e-05 	1
30.5 	0.000245495 	2.06026e-05 	1
30.5625 	0.000144973 	1.40417e-05 	1
30.625 	0.000175968 	1.49252e-05 	1
30.6875 	0.000359553 	2.56274e-05 	1
30.75 	0.000385066 	2.70168e-05 	1
30.8125 	0.000358685 	2.75172e-05 	1
30.9375 	0.000174476 	1.33406e-05 	1
31.0 	0.000140398 	3.56063e-06 	2
31.125 	0.000106886 	2.66138e-06 	2
31.1875 	0.000317251 	2.26786e-05 	1
31.25 	0.000337429 	2.87025e-05 	1
31.3125 	0.000139602 	1.04147e-05 	1
31.375 	0.000423444 	3.03443e-05 	1
31.5 	0.000136622 	1.34993e-05 	1
31.5625 	9.6753e-05 	2.79113e-06 	2
31.625 	0.000304077 	2.25071e-05 	1
31.6875 	0.00010235 	2.63261e-06 	2
31.75 	0.000376869 	2.68081e-05 	1
31.8125 	0.000521185 	3.74412e-05 	1
31.875 	0.000123519 	1.0193e-05 	1
31.9375 	0.000328363 	2.37546e-05 	1
32.0 	0.000170998 	4.26449e-06 	2
32.0625 	0.000130146 	1.12046e-05 	1
32.125 	0.000352949 	2.54564e-05 	1
32.1875 	0.000131871 	3.18972e-06 	2
32.25 	0.000226751 	1.79143e-05 	1
32.3125 	0.000626727 	4.48294e-05 	1
32.4375 	0.000311716 	2.37617e-05 	1
32.5 	0.000145497 	1.42693e-05 	1
32.625 	0.000167572 	4.4582e-06 	2
32.6875 	0.000298685 	2.15193e-05 	1
32.75 	0.000458304 	3.31977e-05 	1
32.8125 	0.000309184 	2.23231e-05 	1
32.875 	0.000193952 	1.43068e-05 	1
32.9375 	0.00030819 	2.33724e-05 	1
33.0 	0.000406322 	3.6186e-05 	1
33.0625 	0.000193657 	1.61024e-05 	1
33.125 	0.000237064 	1.70264e-05 	1
33.1875 	0.000111654 	9.59772e-06 	1
33.25 	0.000224659 	1.71094e-05 	1
33.3125 	0.000125944 	1.15076e-05 	1
33.375 	0.000144203 	3.68067e-06 	2
33.4375 	0.000211085 	1.54099e-05 	1
33.5 	0.000282925 	2.54225e-05 	1
33.625 	0.000200809 	1.55136e-05 	1
33.6875 	0.000271662 	2.036e-05 	1
33.75 	0.000220585 	1.89219e-05 	1
33.8125 	0.000134597 	9.94036e-06 	1
33.875 	0.000411722 	2.89625e-05 	1
33.9375 	0.000109373 	2.91059e-06 	2
34.0625 	0.000208585 	1.58577e-05 	1
34.125 	0.000299242 	2.15826e-05 	1
34.1875 	0.000255061 	1.88949e-05 	1
34.25 	0.000134444 	1.10432e-05 	1
34.3125 	0.000379868 	2.70226e-05 	1
34.375 	0.000208013 	1.51476e-05 	1
34.4375 	0.00036293 	2.60507e-05 	1
34.5 	0.000139107 	3.43781e-06 	2
34.5625 	0.000178941 	1.37393e-05 	1
34.625 	0.000279242 	2.01624e-05 	1
34.6875 	0.000351208 	2.50681e-05 	1
34.75 	0.000154884 	1.46657e-05 	1
34.875 	0.000226796 	1.70404e-05 	1
34.9375 	0.000154548 	3.89034e-06 	2
35.0 	8.66e-05 	2.17345e-06 	2
35.0625 	0.000407195 	2.88771e-05 	1
35.125 	0.000300082 	2.19194e-05 	1
35.25 	0.00013084 	1.09672e-05 	1
35.3125 	0.000192687 	1.43699e-05 	1
35.375 	0.000226714 	1.80846e-05 	1
35.5625 	0.000265812 	1.93721e-05 	1
35.625 	0.000368292 	2.6491e-05 	1
35.6875 	0.000162932 	1.5722e-05 	1
35.75 	0.000140458 	3.74501e-06 	2
35.8125 	0.000240928 	1.72771e-05 	1
35.875 	0.000471644 	3.33442e-05 	1
35.9375 	0.000236998 	1.80705e-05 	1
36.0 	0.000189634 	1.40422e-05 	1
36.125 	0.000316646 	2.91979e-05 	1
36.25 	0.000264253 	1.90838e-05 	1
36.4375 	0.000106717 	3.05314e-06 	2
36.5 	0.000202963 	1.79393e-05 	1
36.5625 	0.000172223 	1.33858e-05 	1
36.625 	0.000311965 	2.26313e-05 	1
36.6875 	0.000433488 	3.11043e-05 	1
36.8125 	0.000209944 	1.96472e-05 	1
36.875 	0.000579376 	4.13253e-05 	1
36.9375 	0.000355037 	2.5967e-05 	1
37.0625 	0.000347903 	2.51385e-05 	1
37.125 	0.000270089 	2.02239e-05 	1
37.1875 	8.74284e-05 	9.36787e-06 	1
37.25 	0.000399951 	2.83368e-05 	1
37.3125 	0.000429769 	3.0688e-05 	1
37.375 	0.000239589 	1.80053e-05 	1
37.4375 	0.000120294 	1.03831e-05 	1
37.5 	0.000339206 	2.49393e-05 	1
37.5625 	0.000197251 	1.62249e-05 	1
37.625 	0.000145008 	1.30811e-05 	1
37.75 	0.000174749 	1.374e-05 	1
37.8125 	0.000252614 	2.32881e-05 	1
37.875 	0.000245979 	1.97309e-05 	1
37.9375 	0.000142356 	1.3651e-05 	1
38.0 	0.00032855 	2.43162e-05 	1
38.0625 	0.00020202 	1.62945e-05 	1
38.125 	0.00018379 	1.61757e-05 	1
38.1875 	0.000322372 	2.35765e-05 	1
38.25 	0.000201242 	1.71179e-05 	1
38.3125 	9.69778e-05 	9.80088e-06 	1
38.375 	9.19257e-05 	9.71411e-06 	1
38.4375 	0.000331631 	2.60138e-05 	1
38.5625 	0.000140865 	1.13495e-05 	1
38.6875 	0.000220893 	1.69086e-05 	1
38.8125 	0.000188888 	1.42905e-05 	1
38.875 	0.000157424 	1.32838e-05 	1
38.9375 	0.000124176 	1.05441e-05 	1
39.0 	0.000154151 	1.22921e-05 	1
39.0625 	0.000480208 	3.40226e-05 	1
39.125 	0.000148722 	3.86555e-06 	2
39.1875 	0.000348502 	2.51779e-05 	1
39.25 	0.000371032 	2.64779e-05 	1
39.3125 	0.000304412 	2.31554e-05 	1
39.375 	7.308e-05 	8.13727e-06 	1
39.5 	0.000393006 	2.78819e-05 	1
39.5625 	0.000121257 	1.0611e-05 	1
39.625 	0.000150162 	1.21745e-05 	1
39.6875 	0.000172478 	4.84574e-06 	2
39.75 	0.000160831 	1.41685e-05 	1
39.8125 	0.000142902 	3.63711e-06 	2
39.875 	0.000364758 	2.60611e-05 	1
39.9375 	0.000214921 	1.57514e-05 	1
40.0 	0.000317296 	2.73315e-05 	1
40.125 	0.00029456 	2.25455e-05 	1
40.25 	8.1175e-05 	7.70673e-06 	1
40.3125 	0.000147212 	1.25056e-05 	1
40.4375 	0.000472044 	3.33989e-05 	1
40.5 	0.00039535 	2.85529e-05 	1
40.5625 	0.000129517 	1.29275e-05 	1
40.625 	0.000237378 	1.83017e-05 	1
40.8125 	0.000181116 	1.67581e-05 	1
40.875 	0.000147336 	3.85925e-06 	2
40.9375 	0.000201048 	1.74691e-05 	1
41.0 	0.000308721 	2.24707e-05 	1
41.125 	0.000128686 	2.98827e-06 	2
41.1875 	0.00011037 	2.89127e-06 	2
41.25 	0.000540406 	3.86018e-05 	1
41.3125 	0.000240548 	1.90676e-05 	1
41.375 	0.000103559 	7.838e-06 	1
41.4375 	0.000238701 	1.80666e-05 	1
41.5 	0.000257279 	1.91972e-05 	1
41.5625 	0.000172561 	1.4884e-05 	1
41.625 	0.000284439 	2.0999e-05 	1
41.6875 	0.000121162 	1.18416e-05 	1
41.8125 	0.000288834 	2.1218e-05 	1
41.875 	0.000383457 	2.72524e-05 	1
41.9375 	0.000272746 	2.04414e-05 	1
42.0 	0.000221571 	1.60103e-05 	1
42.125 	0.000264527 	1.95422e-05 	1
42.25 	0.000170102 	1.56773e-05 	1
42.375 	0.000514803 	3.6772e-05 	1
42.4375 	0.000204359 	1.55517e-05 	1
42.5 	0.000155845 	3.88729e-06 	2
42.625 	0.000241834 	2.10352e-05 	1
42.6875 	0.000315715 	2.29873e-05 	1
42.75 	0.000129807 	9.50301e-06 	1
42.8125 	0.000159116 	1.39316e-05 	1
42.875 	0.000313681 	2.76494e-05 	1
42.9375 	0.00023674 	1.71698e-05 	1
43.0 	0.000173524 	4.47786e-06 	2
43.0625 	0.000276845 	2.00228e-05 	1
43.125 	0.000309294 	2.26527e-05 	1
43.1875 	0.000194766 	1.66638e-05 	1
43.3125 	0.000303937 	2.22991e-05 	1
43.375 	0.000290769 	2.1003e-05 	1
43.4375 	0.000162658 	1.4078e-05 	1
43.5625 	0.0002606 	1.86701e-05 	1
43.6875 	0.000220248 	1.65563e-05 	1
43.75 	0.000180841 	1.61149e-05 	1
43.8125 	0.000186127 	1.38128e-05 	1
43.875 	0.000317275 	2.70344e-05 	1
43.9375 	0.000237094 	1.73511e-05 	1
44.0 	0.000306034 	2.20971e-05 	1
44.0625 	0.00044595 	3.82058e-05 	1
44.125 	0.000275902 	2.35988e-05 	1
44.1875 	0.000359053 	2.57294e-05 	1
44.25 	0.00024636 	1.79198e-05 	1
44.3125 	0.00018621 	1.46212e-05 	1
44.375 	0.000449477 	3.80691e-05 	1
44.4375 	0.000113368 	9.61985e-06 	1
44.5 	0.000283319 	2.03706e-05 	1
44.5625 	0.000234828 	1.84301e-05 	1
44.625 	0.000252792 	1.85958e-05 	1
44.6875 	0.00021641 	1.60983e-05 	1
44.75 	0.000287105 	2.11312e-05 	1
44.8125 	8.78631e-05 	8.78102e-06 	1
44.875 	0.000237045 	1.78651e-05 	1
44.9375 	0.000331802 	2.48163e-05 	1
45.0 	0.000146457 	1.30434e-05 	1
45.0625 	0.000153081 	1.46841e-05 	1
45.125 	0.000216449 	1.55033e-05 	1
45.1875 	0.000266372 	1.91209e-05 	1
45.3125 	0.000147309 	3.94489e-06 	2
45.375 	0.000108402 	8.03406e-06 	1
45.5 	0.000374931 	2.67877e-05 	1
45.5625 	0.000213141 	1.90663e-05 	1
45.625 	0.000396076 	2.87143e-05 	1
45.6875 	0.00010324 	9.8934e-06 	1
45.75 	0.000157517 	1.22703e-05 	1
45.875 	0.00022457 	1.64395e-05 	1
45.9375 	0.000334336 	2.47978e-05 	1
46.0 	0.000249973 	1.82594e-05 	1
46.0625 	0.000327544 	2.48038e-05 	1
46.125 	0.000346287 	3.01488e-05 	1
46.3125 	0.000308245 	2.32129e-05 	1
46.375 	0.000142966 	1.20596e-05 	1
46.5 	0.00019806 	1.82122e-05 	1
46.5625 	0.000141273 	1.08555e-05 	1
46.625 	8.98882e-05 	7.34823e-06 	1
46.6875 	0.000279613 	2.33191e-05 	1
46.75 	0.000301511 	2.18851e-05 	1
46.8125 	0.000142179 	1.17075e-05 	1
46.875 	0.000112537 	3.28354e-06 	2
47.0 	0.000265684 	1.95278e-05 	1
47.0625 	0.000525541 	3.74539e-05 	1
47.125 	0.000271262 	2.0274e-05 	1
47.1875 	9.14262e-05 	9.69103e-06 	1
47.25 	0.000309984 	2.76592e-05 	1
47.3125 	9.56753e-05 	2.74029e-06 	2
47.375 	0.000178782 	1.69316e-05 	1
47.5 	0.000130501 	3.51459e-06 	2
47.5625 	0.000154685 	1.52345e-05 	1
47.625 	0.000122296 	1.21857e-05 	1
47.6875 	0.000128543 	3.40739e-06 	2
47.8125 	0.000180343 	1.60532e-05 	1
47.875 	0.000319236 	2.30508e-05 	1
48.0 	0.000127172 	1.22819e-05 	1
48.0625 	0.000144981 	1.2826e-05 	1
48.1875 	0.000271751 	2.3435e-05 	1
48.25 	0.000439469 	3.11857e-05 	1
48.3125 	0.000211997 	1.52978e-05 	1
48.375 	0.000420553 	3.04556e-05 	1
48.4375 	0.000184853 	1.53647e-05 	1
48.5 	0.000233675 	1.72267e-05 	1
48.5625 	0.000123966 	1.02349e-05 	1
48.75 	0.000220093 	1.64644e-05 	1
48.8125 	0.00014306 	1.1024e-05 	1
48.9375 	0.000133793 	1.31431e-05 	1
49.0 	0.000143144 	1.20846e-05 	1
49.125 	0.000135523 	3.38018e-06 	2
49.1875 	5.75312e-05 	5.22263e-06 	1
49.25 	0.000265637 	2.00581e-05 	1
49.3125 	0.000174374 	1.61704e-05 	1
49.375 	0.000208193 	1.9442e-05 	1
49.4375 	0.000142792 	1.15323e-05 	1
49.5 	0.000190495 	1.69163e-05 	1
49.5625 	0.000388227 	2.73824e-05 	1
49.625 	0.000176569 	1.45288e-05 	1
49.6875 	0.000436166 	3.25736e-05 	1
49.75 	0.00023693 	2.22159e-05 	1
50.0625 	0.00032671 	2.86886e-05 	1
50.125 	0.000297338 	2.16691e-05 	1
50.25 	0.000279719 	2.00529e-05 	1
50.3125 	0.00016188 	1.54108e-05 	1
50.375 	0.000136632 	4.33103e-06 	2
50.4375 	0.00014687 	1.06913e-05 	1
50.5 	0.0002197 	1.6272e-05 	1
50.5625 	0.000262023 	1.98595e-05 	1
50.625 	0.00037249 	2.64093e-05 	1
50.75 	0.000210071 	1.6294e-05 	1
50.8125 	0.000181879 	1.34447e-05 	1
50.875 	0.00013011 	9.82153e-06 	1
50.9375 	0.000236434 	1.90331e-05 	1
51.0 	0.000190994 	1.38982e-05 	1
51.0625 	0.000125175 	3.76784e-06 	2
51.125 	0.000129585 	1.27048e-05 	1
51.1875 	0.000213555 	1.61952e-05 	1
51.25 	0.000212428 	1.54413e-05 	1
51.3125 	0.00012655 	3.0494e-06 	2
51.375 	0.000331386 	2.96261e-05 	1
51.4375 	0.000144707 	1.27414e-05 	1
51.5 	0.000189662 	1.58044e-05 	1
51.5625 	0.000405003 	2.96527e-05 	1
51.625 	0.000224728 	1.73549e-05 	1
51.6875 	0.000148433 	1.40731e-05 	1
51.8125 	0.000358856 	2.57965e-05 	1
51.875 	0.000131898 	1.23862e-05 	1
52.0 	0.000284098 	2.02935e-05 	1
52.0625 	0.000226633 	1.98043e-05 	1
52.1875 	0.000258096 	2.4241e-05 	1
52.25 	0.000211694 	1.92822e-05 	1
52.3125 	9.4881e-05 	7.88986e-06 	1
52.375 	9.74742e-05 	8.95822e-06 	1
52.4375 	0.000142404 	3.85325e-06 	2
52.5 	0.000155397 	3.70158e-06 	2
52.5625 	0.000360804 	2.55897e-05 	1
52.625 	0.000165597 	1.33255e-05 	1
52.6875 	0.000433771 	3.11825e-05 	1
52.75 	0.000433066 	3.11408e-05 	1
52.8125 	0.000304417 	2.15269e-05 	1
52.875 	0.000401228 	2.93987e-05 	1
52.9375 	0.000249633 	1.95986e-05 	1
53.0 	0.000176518 	1.43821e-05 	1
53.125 	9.4005e-05 	9.35972e-06 	1
53.1875 	0.000231704 	1.78149e-05 	1
53.25 	0.000130573 	3.46756e-06 	2
53.3125 	0.000295926 	2.10413e-05 	1
53.375 	0.000391551 	2.79098e-05 	1
53.5 	0.00013682 	1.10037e-05 	1
53.5625 	0.000146111 	3.87655e-06 	2
53.625 	0.000276585 	2.01537e-05 	1
53.6875 	0.000184368 	1.3554e-05 	1
53.75 	0.000186485 	1.45448e-05 	1
53.8125 	0.000248118 	2.19959e-05 	1
53.875 	0.000217947 	1.60969e-05 	1
53.9375 	0.000172842 	1.31665e-05 	1
54.0 	0.000258246 	1.86955e-05 	1
54.0625 	0.000415516 	3.01922e-05 	1
54.125 	6.63036e-05 	7.25793e-06 	1
54.1875 	0.000460603 	3.26165e-05 	1
54.25 	0.000188069 	1.73379e-05 	1
54.3125 	0.00051416 	3.65848e-05 	1
54.375 	0.00038645 	2.76366e-05 	1
54.4375 	0.000218119 	1.72616e-05 	1
54.5 	0.000221621 	2.07935e-05 	1
54.625 	0.000111543 	8.1315e-06 	1
54.6875 	0.000163136 	1.38458e-05 	1
54.8125 	0.000209944 	1.66963e-05 	1
54.875 	0.000318149 	2.32185e-05 	1
54.9375 	0.000168471 	1.47413e-05 	1
55.0 	0.000247423 	1.82928e-05 	1
55.0625 	0.000182749 	1.57086e-05 	1
55.125 	0.000106748 	8.85774e-06 	1
55.1875 	0.000147715 	1.20114e-05 	1
55.3125 	0.000182558 	1.7066e-05 	1
55.4375 	0.000197428 	1.46651e-05 	1
55.5 	0.000210945 	1.55919e-05 	1
55.625 	0.00043046 	3.67692e-05 	1
55.6875 	0.000382918 	2.73924e-05 	1
55.75 	0.000284669 	2.04355e-05 	1
55.8125 	0.000268062 	1.96654e-05 	1
55.875 	0.000127128 	3.35905e-06 	2
55.9375 	0.000204601 	1.52753e-05 	1
56.0 	0.000190199 	1.66356e-05 	1
56.0625 	0.000213573 	1.53972e-05 	1
56.125 	0.000202828 	5.01867e-06 	2
56.1875 	0.000309705 	2.30476e-05 	1
56.25 	6.00562e-05 	6.25107e-06 	1
56.3125 	0.000155462 	4.18606e-06 	2
56.375 	0.000200487 	1.57534e-05 	1
56.4375 	0.000234036 	1.89147e-05 	1
56.5625 	0.000173323 	1.27471e-05 	1
56.625 	6.33855e-05 	5.99002e-06 	1
56.6875 	0.000151171 	4.11867e-06 	2
56.75 	0.000315523 	2.57245e-05 	1
56.8125 	0.000170534 	1.59364e-05 	1
56.875 	5.75992e-05 	5.32145e-06 	1
56.9375 	0.000223467 	1.67251e-05 	1
57.0 	0.000408127 	3.56962e-05 	1
57.0625 	0.000235525 	1.73322e-05 	1
57.125 	0.000125173 	1.07667e-05 	1
57.1875 	0.000134192 	1.02953e-05 	1
57.25 	0.0003779 	2.72214e-05 	1
57.3125 	0.00012243 	9.48018e-06 	1
57.375 	0.000291384 	2.08309e-05 	1
57.4375 	0.000269854 	2.48301e-05 	1
57.5 	0.000203812 	1.8214e-05 	1
57.5625 	0.000172498 	1.45317e-05 	1
57.625 	0.000147613 	1.36015e-05 	1
57.6875 	0.000172147 	1.44126e-05 	1
57.75 	0.000311585 	2.24047e-05 	1
57.8125 	0.000174101 	1.71653e-05 	1
57.9375 	0.000334351 	2.43307e-05 	1
58.0 	0.000252087 	2.00175e-05 	1
58.0625 	0.000475943 	3.48232e-05 	1
58.125 	0.000139268 	3.22721e-06 	2
58.1875 	0.0001539 	3.88417e-06 	2
58.25 	0.000148834 	1.48393e-05 	1
58.3125 	0.00032824 	2.36677e-05 	1
58.375 	0.000108539 	8.13865e-06 	1
58.4375 	0.000338952 	2.55091e-05 	1
58.5 	0.000133527 	1.15546e-05 	1
58.5625 	0.000237789 	2.09906e-05 	1
58.625 	0.000302202 	2.20351e-05 	1
58.6875 	0.000264014 	1.91618e-05 	1
58.8125 	9.89509e-05 	9.31918e-06 	1
58.875 	0.000109775 	9.76624e-06 	1
58.9375 	0.000308856 	2.17047e-05 	1
59.0 	0.000259805 	1.97253e-05 	1
59.125 	0.000166308 	1.24243e-05 	1
59.1875 	7.37426e-05 	8.37074e-06 	1
59.25 	0.000166131 	4.25756e-06 	2
59.3125 	0.000156513 	4.17124e-06 	2
59.375 	0.00019132 	1.58601e-05 	1
59.4375 	0.000342593 	2.49924e-05 	1
59.5 	0.000377504 	2.70511e-05 	1
59.5625 	0.000155686 	1.24968e-05 	1
59.6875 	0.000349653 	2.59364e-05 	1
59.8125 	0.000335618 	2.45439e-05 	1
59.875 	0.000161229 	4.14241e-06 	2
59.9375 	0.000349214 	2.55261e-05 	1
60.0 	0.000324701 	2.35075e-05 	1
60.0625 	0.000211812 	1.89445e-05 	1
60.125 	0.00023534 	1.76391e-05 	1
60.375 	0.000188383 	1.39326e-05 	1
60.4375 	0.000166767 	1.54087e-05 	1
60.5 	0.000188441 	1.64632e-05 	1
60.5625 	0.00037442 	2.73687e-05 	1
60.625 	0.000261353 	1.84764e-05 	1
60.6875 	0.000176475 	1.46465e-05 	1
60.75 	0.000250315 	1.82004e-05 	1
60.8125 	0.000189651 	1.73083e-05 	1
60.875 	0.000116318 	1.00044e-05 	1
60.9375 	0.000149049 	1.18634e-05 	1
61.0 	0.000476421 	3.40013e-05 	1
61.0625 	0.000117568 	1.02963e-05 	1
61.125 	0.000219516 	1.59951e-05 	1
61.1875 	0.000179866 	1.64848e-05 	1
61.25 	0.000297859 	2.71836e-05 	1
61.3125 	0.00012251 	3.37784e-06 	2
61.375 	0.000293984 	2.10512e-05 	1
61.4375 	0.000368878 	2.72551e-05 	1
61.5 	0.000246335 	1.94619e-05 	1
61.625 	0.000328937 	2.34562e-05 	1
61.6875 	0.000294555 	2.20152e-05 	1
61.75 	0.000427342 	3.06775e-05 	1
61.8125 	0.000367835 	2.58066e-05 	1
61.875 	0.000293089 	2.1913e-05 	1
61.9375 	0.00020003 	1.58191e-05 	1
62.0 	0.000134121 	1.16335e-05 	1
62.125 	0.000432059 	3.02127e-05 	1
62.1875 	0.000108656 	2.97945e-06 	2
62.25 	0.00015558 	1.24375e-05 	1
62.3125 	0.000313108 	2.23686e-05 	1
62.375 	0.000125754 	1.0366e-05 	1
62.5 	0.000152152 	4.10265e-06 	2
62.5625 	0.000226954 	1.81594e-05 	1
62.6875 	0.000420084 	2.96446e-05 	1
62.75 	7.52969e-05 	8.33335e-06 	1
62.875 	0.000238684 	1.73917e-05 	1
62.9375 	0.000213568 	2.1059e-05 	1
63.0 	0.000209519 	1.59528e-05 	1
63.125 	0.00021954 	1.64169e-05 	1
63.25 	0.000109879 	8.55835e-06 	1
63.375 	9.26232e-05 	8.35457e-06 	1
63.4375 	0.000115348 	3.47181e-06 	2
63.5625 	0.000111795 	9.24486e-06 	1
63.625 	0.000160514 	1.21558e-05 	1
63.8125 	0.000156243 	1.16115e-05 	1
63.875 	0.000166261 	4.29948e-06 	2
63.9375 	0.000339677 	3.10799e-05 	1
64.0 	0.000365467 	2.62217e-05 	1
64.0625 	0.000129076 	1.09077e-05 	1
64.25 	0.000369395 	2.64901e-05 	1
64.3125 	0.000138123 	3.69331e-06 	2
64.4375 	0.000406746 	2.97224e-05 	1
64.5625 	9.81251e-05 	7.91314e-06 	1
64.6875 	0.000195031 	1.58492e-05 	1
64.75 	0.000197733 	1.45476e-05 	1
64.8125 	0.000133802 	1.28666e-05 	1
64.875 	0.000188626 	1.42299e-05 	1
64.9375 	0.000256355 	1.90401e-05 	1
65.0 	0.000252983 	2.05486e-05 	1
65.0625 	0.000216537 	1.72691e-05 	1
65.125 	0.000468154 	3.29364e-05 	1
65.25 	0.000407806 	2.92126e-05 	1
65.5 	0.000387985 	2.76112e-05 	1
65.625 	0.000135639 	1.17894e-05 	1
65.6875 	0.000179182 	1.40574e-05 	1
65.75 	9.30561e-05 	6.98701e-06 	1
65.8125 	0.000377796 	2.75403e-05 	1
65.9375 	0.00010336 	2.50672e-06 	2
66.0 	0.000399338 	2.87894e-05 	1
66.0625 	0.00023273 	1.71356e-05 	1
66.1875 	0.000165408 	1.43804e-05 	1
66.25 	0.000133807 	1.2624e-05 	1
66.3125 	0.000633163 	4.52912e-05 	1
66.375 	0.000175026 	4.43003e-06 	2
66.4375 	0.000155256 	1.37737e-05 	1
66.5 	0.000175288 	1.44634e-05 	1
66.5625 	0.000266357 	1.97821e-05 	1
66.625 	0.000339269 	2.44505e-05 	1
66.75 	0.000101594 	7.48023e-06 	1
66.8125 	0.000269084 	1.94857e-05 	1
66.875 	0.000166697 	1.21791e-05 	1
66.9375 	0.000107978 	9.49497e-06 	1
67.0 	0.00024697 	1.81385e-05 	1
67.125 	0.000212583 	1.57528e-05 	1
67.1875 	0.000249044 	1.86491e-05 	1
67.25 	0.000629714 	4.46678e-05 	1
67.3125 	0.000471337 	3.37242e-05 	1
67.375 	0.000316001 	2.9239e-05 	1
67.4375 	0.000308382 	2.23877e-05 	1
67.5 	0.000224605 	1.63846e-05 	1
67.5625 	0.000287651 	2.09933e-05 	1
67.8125 	0.000212889 	1.61985e-05 	1
67.875 	0.000131627 	1.29606e-05 	1
67.9375 	0.000226607 	1.98143e-05 	1
68.0 	0.000165869 	1.34786e-05 	1
68.0625 	5.6767e-05 	5.12094e-06 	1
68.125 	9.85039e-05 	8.01574e-06 	1
68.1875 	0.000136927 	3.34958e-06 	2
68.25 	0.000330974 	2.44905e-05 	1
68.3125 	0.000287004 	2.0783e-05 	1
68.375 	0.000385954 	2.72463e-05 	1
68.4375 	0.000249464 	1.83056e-05 	1
68.5 	0.000193412 	1.54614e-05 	1
68.5625 	0.000371698 	2.65397e-05 	1
68.625 	0.000151079 	1.43268e-05 	1
68.6875 	0.000166929 	1.32189e-05 	1
68.75 	0.000507041 	3.63173e-05 	1
68.8125 	0.000148776 	1.48557e-05 	1
68.875 	0.000163442 	1.58462e-05 	1
68.9375 	0.00027329 	2.08002e-05 	1
69.0 	0.000174335 	4.26564e-06 	2
69.0625 	0.000187586 	1.5137e-05 	1
69.125 	0.000129189 	1.20111e-05 	1
69.1875 	0.000265062 	1.96208e-05 	1
69.25 	0.000298969 	2.56683e-05 	1
69.3125 	0.00014168 	1.36781e-05 	1
69.4375 	0.000105938 	9.66021e-06 	1
69.5 	0.000152511 	1.18299e-05 	1
69.5625 	0.000236605 	1.80824e-05 	1
69.625 	0.000338968 	2.51902e-05 	1
69.75 	0.000358643 	2.65615e-05 	1
69.8125 	0.000142168 	3.64811e-06 	2
69.875 	0.000174831 	1.48878e-05 	1
69.9375 	9.85599e-05 	7.79731e-06 	1
