# time 	Initial 	Final 	Iterations
0.642226 	7.38887e-05 	7.38887e-05 	0
0.766734 	6.91388e-05 	6.91388e-05 	0
0.828988 	8.59464e-05 	8.59464e-05 	0
1.38927 	8.56595e-05 	8.56595e-05 	0
1.45153 	7.76032e-05 	7.76032e-05 	0
1.51378 	8.98386e-05 	8.98386e-05 	0
1.7628 	8.50917e-05 	8.50917e-05 	0
1.94956 	4.45613e-05 	4.45613e-05 	0
2.19857 	7.01125e-05 	7.01125e-05 	0
2.26083 	7.01137e-05 	7.01137e-05 	0
2.32308 	6.79335e-05 	6.79335e-05 	0
2.38534 	7.26339e-05 	7.26339e-05 	0
2.63435 	8.76963e-05 	8.76963e-05 	0
2.69661 	7.51194e-05 	7.51194e-05 	0
2.88337 	5.54754e-05 	5.54754e-05 	0
2.94562 	9.08489e-05 	9.08489e-05 	0
3.07013 	6.61285e-05 	6.61285e-05 	0
3.31914 	6.36893e-05 	6.36893e-05 	0
3.3814 	5.18499e-05 	5.18499e-05 	0
3.44365 	6.34925e-05 	6.34925e-05 	0
3.69267 	9.43715e-05 	9.43715e-05 	0
3.75492 	8.47416e-05 	8.47416e-05 	0
3.87943 	8.33681e-05 	8.33681e-05 	0
4.06619 	3.35786e-05 	3.35786e-05 	0
4.12845 	7.48914e-05 	7.48914e-05 	0
4.1907 	9.3086e-05 	9.3086e-05 	0
4.25295 	7.23347e-05 	7.23347e-05 	0
4.31521 	8.57454e-05 	8.57454e-05 	0
4.50197 	4.22311e-05 	4.22311e-05 	0
4.56422 	5.56525e-05 	5.56525e-05 	0
4.62648 	8.86893e-05 	8.86893e-05 	0
4.68873 	7.45628e-05 	7.45628e-05 	0
4.93775 	0.000102288 	7.20075e-05 	1
5.0625 	4.71761e-05 	4.71761e-05 	0
5.25 	8.23592e-05 	8.23592e-05 	0
5.375 	9.31315e-05 	9.31315e-05 	0
5.5 	9.60877e-05 	9.60877e-05 	0
5.5625 	8.86277e-05 	8.86277e-05 	0
5.625 	9.44499e-05 	9.44499e-05 	0
5.6875 	9.87914e-05 	9.87914e-05 	0
5.875 	7.4145e-05 	7.4145e-05 	0
6.0 	6.76544e-05 	6.76544e-05 	0
6.1875 	5.61236e-05 	5.61236e-05 	0
6.25 	8.98436e-05 	8.98436e-05 	0
6.4375 	4.29361e-05 	4.29361e-05 	0
6.75 	3.78019e-05 	3.78019e-05 	0
6.8125 	8.35695e-05 	8.35695e-05 	0
6.9375 	4.55813e-05 	4.55813e-05 	0
7.6875 	6.0409e-05 	6.0409e-05 	0
7.8125 	7.37701e-05 	7.37701e-05 	0
7.9375 	9.63838e-05 	9.63838e-05 	0
8.0 	6.32054e-05 	6.32054e-05 	0
8.0625 	6.58055e-05 	6.58055e-05 	0
8.125 	9.93256e-05 	9.93256e-05 	0
8.4375 	9.40259e-05 	9.40259e-05 	0
8.5 	5.1779e-05 	5.1779e-05 	0
8.5625 	9.58061e-05 	9.58061e-05 	0
8.8125 	4.23467e-05 	4.23467e-05 	0
8.9375 	8.8437e-05 	8.8437e-05 	0
9.0 	7.17528e-05 	7.17528e-05 	0
9.1875 	7.59643e-05 	7.59643e-05 	0
9.3125 	3.7659e-05 	3.7659e-05 	0
9.375 	9.92677e-05 	9.92677e-05 	0
9.4375 	9.99166e-05 	9.99166e-05 	0
9.625 	9.80536e-05 	9.80536e-05 	0
9.6875 	8.55633e-05 	8.55633e-05 	0
9.8125 	7.00202e-05 	7.00202e-05 	0
9.9375 	3.29726e-05 	3.29726e-05 	0
10.3125 	7.57203e-05 	7.57203e-05 	0
10.75 	9.58523e-05 	9.58523e-05 	0
10.8125 	0.000102943 	6.34225e-05 	1
10.875 	7.04827e-05 	7.04827e-05 	0
11.0 	8.78985e-05 	8.78985e-05 	0
11.0625 	7.66457e-05 	7.66457e-05 	0
11.1875 	9.06629e-05 	9.06629e-05 	0
11.6875 	8.59017e-05 	8.59017e-05 	0
11.75 	4.15141e-05 	4.15141e-05 	0
11.8125 	8.02568e-05 	8.02568e-05 	0
11.9375 	6.11182e-05 	6.11182e-05 	0
12.0 	6.95304e-05 	6.95304e-05 	0
12.1875 	8.02616e-05 	8.02616e-05 	0
12.3125 	5.88695e-05 	5.88695e-05 	0
12.375 	9.99254e-05 	9.99254e-05 	0
12.625 	7.57622e-05 	7.57622e-05 	0
12.6875 	9.50137e-05 	9.50137e-05 	0
12.8125 	7.09241e-05 	7.09241e-05 	0
12.875 	8.81653e-05 	8.81653e-05 	0
13.0 	8.50541e-05 	8.50541e-05 	0
13.0625 	9.3809e-05 	9.3809e-05 	0
13.1875 	5.20978e-05 	5.20978e-05 	0
13.25 	9.02053e-05 	9.02053e-05 	0
13.5625 	9.60829e-05 	9.60829e-05 	0
13.625 	6.13849e-05 	6.13849e-05 	0
13.6875 	9.12219e-05 	9.12219e-05 	0
14.0625 	4.12152e-05 	4.12152e-05 	0
14.125 	9.9224e-05 	9.9224e-05 	0
14.1875 	7.76282e-05 	7.76282e-05 	0
14.3125 	9.58479e-05 	9.58479e-05 	0
14.4375 	6.6443e-05 	6.6443e-05 	0
14.5 	7.70001e-05 	7.70001e-05 	0
14.625 	5.18752e-05 	5.18752e-05 	0
14.6875 	9.81393e-05 	9.81393e-05 	0
14.8125 	7.86909e-05 	7.86909e-05 	0
14.9375 	9.03069e-05 	9.03069e-05 	0
15.0 	8.95252e-05 	8.95252e-05 	0
15.1875 	7.99081e-05 	7.99081e-05 	0
15.25 	8.60034e-05 	8.60034e-05 	0
15.3125 	5.24436e-05 	5.24436e-05 	0
15.375 	9.81888e-05 	9.81888e-05 	0
15.4375 	9.22439e-05 	9.22439e-05 	0
15.5 	7.9044e-05 	7.9044e-05 	0
15.8125 	9.97906e-05 	9.97906e-05 	0
15.9375 	4.73983e-05 	4.73983e-05 	0
16.0 	8.49333e-05 	8.49333e-05 	0
16.0625 	7.26792e-05 	7.26792e-05 	0
16.125 	7.75886e-05 	7.75886e-05 	0
16.1875 	8.32089e-05 	8.32089e-05 	0
16.25 	7.90673e-05 	7.90673e-05 	0
16.375 	8.69963e-05 	8.69963e-05 	0
16.625 	9.1757e-05 	9.1757e-05 	0
16.8125 	9.58401e-05 	9.58401e-05 	0
16.9375 	6.77756e-05 	6.77756e-05 	0
17.25 	7.76017e-05 	7.76017e-05 	0
17.375 	9.28809e-05 	9.28809e-05 	0
17.4375 	9.32439e-05 	9.32439e-05 	0
17.6875 	6.34144e-05 	6.34144e-05 	0
18.0 	7.21322e-05 	7.21322e-05 	0
18.0625 	7.52044e-05 	7.52044e-05 	0
18.1875 	8.57318e-05 	8.57318e-05 	0
18.25 	8.44051e-05 	8.44051e-05 	0
18.375 	5.63861e-05 	5.63861e-05 	0
18.4375 	7.47369e-05 	7.47369e-05 	0
18.5625 	4.07244e-05 	4.07244e-05 	0
18.625 	3.91978e-05 	3.91978e-05 	0
18.8125 	8.61024e-05 	8.61024e-05 	0
18.875 	9.84668e-05 	9.84668e-05 	0
18.9375 	8.62419e-05 	8.62419e-05 	0
19.125 	4.01255e-05 	4.01255e-05 	0
19.4375 	3.5473e-05 	3.5473e-05 	0
19.5 	8.69031e-05 	8.69031e-05 	0
19.625 	6.70253e-05 	6.70253e-05 	0
19.6875 	8.53841e-05 	8.53841e-05 	0
19.75 	8.34094e-05 	8.34094e-05 	0
19.9375 	8.76679e-05 	8.76679e-05 	0
20.125 	9.12847e-05 	9.12847e-05 	0
20.1875 	4.86375e-05 	4.86375e-05 	0
20.375 	4.44474e-05 	4.44474e-05 	0
20.4375 	8.63737e-05 	8.63737e-05 	0
20.5 	9.88e-05 	9.88e-05 	0
20.6875 	7.53644e-05 	7.53644e-05 	0
20.75 	4.83923e-05 	4.83923e-05 	0
21.0 	5.53827e-05 	5.53827e-05 	0
21.0625 	9.56843e-05 	9.56843e-05 	0
21.1875 	7.51115e-05 	7.51115e-05 	0
21.3125 	8.69003e-05 	8.69003e-05 	0
21.5625 	8.65594e-05 	8.65594e-05 	0
21.8125 	8.34552e-05 	8.34552e-05 	0
21.875 	8.01442e-05 	8.01442e-05 	0
21.9375 	8.23307e-05 	8.23307e-05 	0
22.1875 	8.3746e-05 	8.3746e-05 	0
22.25 	7.64998e-05 	7.64998e-05 	0
22.3125 	9.1321e-05 	9.1321e-05 	0
23.0 	9.9216e-05 	9.9216e-05 	0
23.125 	6.96269e-05 	6.96269e-05 	0
23.1875 	6.52805e-05 	6.52805e-05 	0
23.3125 	7.30851e-05 	7.30851e-05 	0
23.375 	4.86984e-05 	4.86984e-05 	0
23.4375 	9.26387e-05 	9.26387e-05 	0
23.8125 	6.70026e-05 	6.70026e-05 	0
24.0 	7.00696e-05 	7.00696e-05 	0
24.0625 	9.65329e-05 	9.65329e-05 	0
24.3125 	9.09542e-05 	9.09542e-05 	0
24.375 	9.01569e-05 	9.01569e-05 	0
24.4375 	8.45147e-05 	8.45147e-05 	0
24.5625 	7.10203e-05 	7.10203e-05 	0
24.6875 	7.6413e-05 	7.6413e-05 	0
24.75 	0.00010687 	6.86549e-05 	1
24.8125 	7.38743e-05 	7.38743e-05 	0
25.0 	6.74748e-05 	6.74748e-05 	0
25.0625 	8.03965e-05 	8.03965e-05 	0
25.125 	9.41687e-05 	9.41687e-05 	0
25.25 	8.49149e-05 	8.49149e-05 	0
25.625 	7.05925e-05 	7.05925e-05 	0
25.6875 	7.55304e-05 	7.55304e-05 	0
25.75 	7.02419e-05 	7.02419e-05 	0
25.8125 	9.45979e-05 	9.45979e-05 	0
26.0 	4.17689e-05 	4.17689e-05 	0
26.125 	5.6775e-05 	5.6775e-05 	0
26.375 	9.28912e-05 	9.28912e-05 	0
26.5 	9.12645e-05 	9.12645e-05 	0
26.625 	8.33889e-05 	8.33889e-05 	0
26.6875 	8.42763e-05 	8.42763e-05 	0
26.875 	9.03796e-05 	9.03796e-05 	0
26.9375 	6.33722e-05 	6.33722e-05 	0
27.0 	9.03868e-05 	9.03868e-05 	0
27.3125 	3.70775e-05 	3.70775e-05 	0
27.625 	3.16115e-05 	3.16115e-05 	0
27.75 	9.4167e-05 	9.4167e-05 	0
28.0 	7.24005e-05 	7.24005e-05 	0
28.125 	5.85775e-05 	5.85775e-05 	0
28.3125 	6.88459e-05 	6.88459e-05 	0
28.5 	9.27488e-05 	9.27488e-05 	0
28.6875 	8.9597e-05 	8.9597e-05 	0
28.8125 	9.7793e-05 	9.7793e-05 	0
28.875 	7.64592e-05 	7.64592e-05 	0
29.0 	6.57029e-05 	6.57029e-05 	0
29.0625 	5.87272e-05 	5.87272e-05 	0
29.125 	8.26204e-05 	8.26204e-05 	0
29.25 	7.0797e-05 	7.0797e-05 	0
29.375 	9.36241e-05 	9.36241e-05 	0
29.625 	0.000101344 	7.30588e-05 	1
29.6875 	9.6787e-05 	9.6787e-05 	0
29.75 	5.53126e-05 	5.53126e-05 	0
29.9375 	7.7966e-05 	7.7966e-05 	0
30.25 	6.40711e-05 	6.40711e-05 	0
30.3125 	3.53642e-05 	3.53642e-05 	0
30.375 	5.50597e-05 	5.50597e-05 	0
30.4375 	4.36349e-05 	4.36349e-05 	0
30.5 	7.81621e-05 	7.81621e-05 	0
30.5625 	9.72203e-05 	9.72203e-05 	0
30.9375 	6.62715e-05 	6.62715e-05 	0
31.1875 	6.31876e-05 	6.31876e-05 	0
31.25 	8.84871e-05 	8.84871e-05 	0
31.625 	6.74566e-05 	6.74566e-05 	0
31.8125 	7.78469e-05 	7.78469e-05 	0
31.875 	9.10112e-05 	9.10112e-05 	0
32.125 	5.80819e-05 	5.80819e-05 	0
32.1875 	5.72922e-05 	5.72922e-05 	0
32.25 	9.55459e-05 	9.55459e-05 	0
32.3125 	9.97822e-05 	9.97822e-05 	0
32.4375 	9.19664e-05 	9.19664e-05 	0
32.625 	6.22973e-05 	6.22973e-05 	0
32.6875 	9.15439e-05 	9.15439e-05 	0
32.75 	9.71205e-05 	9.71205e-05 	0
32.8125 	4.99444e-05 	4.99444e-05 	0
32.875 	3.87335e-05 	3.87335e-05 	0
33.0 	3.75456e-05 	3.75456e-05 	0
33.0625 	6.53015e-05 	6.53015e-05 	0
33.125 	5.08302e-05 	5.08302e-05 	0
33.3125 	9.54505e-05 	9.54505e-05 	0
33.375 	7.78961e-05 	7.78961e-05 	0
33.4375 	4.80546e-05 	4.80546e-05 	0
33.625 	7.67965e-05 	7.67965e-05 	0
33.6875 	9.99233e-05 	9.99233e-05 	0
33.875 	9.01302e-05 	9.01302e-05 	0
33.9375 	6.70325e-05 	6.70325e-05 	0
34.125 	7.56558e-05 	7.56558e-05 	0
34.1875 	6.60021e-05 	6.60021e-05 	0
34.25 	8.98212e-05 	8.98212e-05 	0
34.3125 	4.6003e-05 	4.6003e-05 	0
34.375 	4.80037e-05 	4.80037e-05 	0
34.5 	7.95324e-05 	7.95324e-05 	0
34.5625 	9.22165e-05 	9.22165e-05 	0
34.625 	6.92343e-05 	6.92343e-05 	0
34.6875 	8.1193e-05 	8.1193e-05 	0
34.875 	9.20938e-05 	9.20938e-05 	0
34.9375 	9.34905e-05 	9.34905e-05 	0
35.0625 	5.72156e-05 	5.72156e-05 	0
35.25 	7.0691e-05 	7.0691e-05 	0
35.3125 	9.39924e-05 	9.39924e-05 	0
35.375 	9.1906e-05 	9.1906e-05 	0
35.625 	8.92909e-05 	8.92909e-05 	0
35.6875 	3.66227e-05 	3.66227e-05 	0
35.75 	6.77864e-05 	6.77864e-05 	0
35.875 	8.31408e-05 	8.31408e-05 	0
35.9375 	6.98244e-05 	6.98244e-05 	0
36.0 	6.9137e-05 	6.9137e-05 	0
36.125 	8.42034e-05 	8.42034e-05 	0
36.25 	6.83782e-05 	6.83782e-05 	0
36.4375 	9.53098e-05 	9.53098e-05 	0
36.5 	8.10054e-05 	8.10054e-05 	0
36.8125 	7.86498e-05 	7.86498e-05 	0
36.875 	8.34306e-05 	8.34306e-05 	0
37.125 	9.6643e-05 	9.6643e-05 	0
37.1875 	9.24895e-05 	9.24895e-05 	0
37.3125 	9.88347e-05 	9.88347e-05 	0
37.4375 	7.82974e-05 	7.82974e-05 	0
37.5625 	5.48789e-05 	5.48789e-05 	0
37.9375 	3.98591e-05 	3.98591e-05 	0
38.0 	8.81664e-05 	8.81664e-05 	0
38.0625 	5.13113e-05 	5.13113e-05 	0
38.125 	9.6417e-05 	9.6417e-05 	0
38.3125 	8.6103e-05 	8.6103e-05 	0
38.4375 	9.80897e-05 	9.80897e-05 	0
38.5625 	6.96611e-05 	6.96611e-05 	0
38.6875 	9.55556e-05 	9.55556e-05 	0
38.875 	0.000100931 	6.39683e-05 	1
38.9375 	9.57093e-05 	9.57093e-05 	0
39.0625 	9.89843e-05 	9.89843e-05 	0
39.1875 	8.53135e-05 	8.53135e-05 	0
39.25 	5.50359e-05 	5.50359e-05 	0
39.3125 	9.52353e-05 	9.52353e-05 	0
39.5625 	8.36829e-05 	8.36829e-05 	0
39.625 	9.67956e-05 	9.67956e-05 	0
39.875 	7.57991e-05 	7.57991e-05 	0
39.9375 	4.56523e-05 	4.56523e-05 	0
40.0 	8.64917e-05 	8.64917e-05 	0
40.125 	6.80276e-05 	6.80276e-05 	0
40.25 	9.00858e-05 	9.00858e-05 	0
40.3125 	9.07194e-05 	9.07194e-05 	0
40.5 	5.38599e-05 	5.38599e-05 	0
40.5625 	8.65443e-05 	8.65443e-05 	0
40.625 	0.000107485 	5.52354e-05 	1
40.8125 	5.36859e-05 	5.36859e-05 	0
40.9375 	5.50882e-05 	5.50882e-05 	0
41.125 	4.10036e-05 	4.10036e-05 	0
41.1875 	7.83463e-05 	7.83463e-05 	0
41.25 	9.32003e-05 	9.32003e-05 	0
41.3125 	8.59618e-05 	8.59618e-05 	0
41.5 	7.34754e-05 	7.34754e-05 	0
41.6875 	9.74177e-05 	9.74177e-05 	0
41.8125 	9.46698e-05 	9.46698e-05 	0
41.9375 	9.87804e-05 	9.87804e-05 	0
42.0 	8.43697e-05 	8.43697e-05 	0
42.25 	8.50238e-05 	8.50238e-05 	0
42.5 	6.70603e-05 	6.70603e-05 	0
42.6875 	8.08527e-05 	8.08527e-05 	0
42.8125 	8.38742e-05 	8.38742e-05 	0
42.875 	8.55237e-05 	8.55237e-05 	0
42.9375 	6.883e-05 	6.883e-05 	0
43.0 	7.61654e-05 	7.61654e-05 	0
43.0625 	8.81658e-05 	8.81658e-05 	0
43.1875 	3.96714e-05 	3.96714e-05 	0
43.3125 	9.94102e-05 	9.94102e-05 	0
43.375 	9.76114e-05 	9.76114e-05 	0
43.9375 	8.20659e-05 	8.20659e-05 	0
44.0 	6.25199e-05 	6.25199e-05 	0
44.125 	8.84534e-05 	8.84534e-05 	0
44.25 	0.000102077 	5.3637e-05 	1
44.3125 	3.53929e-05 	3.53929e-05 	0
44.4375 	7.06952e-05 	7.06952e-05 	0
44.5625 	7.76348e-05 	7.76348e-05 	0
44.6875 	9.79517e-05 	9.79517e-05 	0
44.8125 	8.68705e-05 	8.68705e-05 	0
44.875 	4.63613e-05 	4.63613e-05 	0
45.0 	4.56732e-05 	4.56732e-05 	0
45.1875 	9.85204e-05 	9.85204e-05 	0
45.3125 	5.15295e-05 	5.15295e-05 	0
45.5 	8.89966e-05 	8.89966e-05 	0
45.625 	9.72268e-05 	9.72268e-05 	0
45.6875 	7.47236e-05 	7.47236e-05 	0
45.75 	8.43098e-05 	8.43098e-05 	0
46.0 	9.61943e-05 	9.61943e-05 	0
46.0625 	3.72068e-05 	3.72068e-05 	0
46.3125 	9.83989e-05 	9.83989e-05 	0
46.5625 	8.97556e-05 	8.97556e-05 	0
46.625 	7.33488e-05 	7.33488e-05 	0
46.6875 	0.000105592 	6.44605e-05 	1
46.75 	8.67646e-05 	8.67646e-05 	0
47.0 	9.79593e-05 	9.79593e-05 	0
47.0625 	8.71518e-05 	8.71518e-05 	0
47.25 	8.55348e-05 	8.55348e-05 	0
47.375 	9.81317e-05 	9.81317e-05 	0
47.5 	7.57376e-05 	7.57376e-05 	0
47.5625 	9.613e-05 	9.613e-05 	0
47.8125 	5.11569e-05 	5.11569e-05 	0
48.1875 	9.91967e-05 	9.91967e-05 	0
48.25 	9.75246e-05 	9.75246e-05 	0
48.3125 	3.14139e-05 	3.14139e-05 	0
48.4375 	9.25955e-05 	9.25955e-05 	0
48.5625 	9.62868e-05 	9.62868e-05 	0
48.75 	8.7899e-05 	8.7899e-05 	0
48.8125 	7.87588e-05 	7.87588e-05 	0
49.0 	8.63343e-05 	8.63343e-05 	0
49.3125 	7.5784e-05 	7.5784e-05 	0
49.375 	8.73258e-05 	8.73258e-05 	0
49.4375 	7.28444e-05 	7.28444e-05 	0
49.5625 	7.79505e-05 	7.79505e-05 	0
49.6875 	9.95693e-05 	9.95693e-05 	0
49.75 	3.54925e-05 	3.54925e-05 	0
50.3125 	8.02603e-05 	8.02603e-05 	0
50.375 	4.48456e-05 	4.48456e-05 	0
50.4375 	9.64922e-05 	9.64922e-05 	0
50.5625 	9.45078e-05 	9.45078e-05 	0
50.625 	7.17402e-05 	7.17402e-05 	0
50.75 	6.5861e-05 	6.5861e-05 	0
50.875 	7.73247e-05 	7.73247e-05 	0
50.9375 	7.33547e-05 	7.33547e-05 	0
51.0 	7.6566e-05 	7.6566e-05 	0
51.125 	9.17893e-05 	9.17893e-05 	0
51.1875 	5.22614e-05 	5.22614e-05 	0
51.25 	7.35848e-05 	7.35848e-05 	0
51.375 	8.55017e-05 	8.55017e-05 	0
51.4375 	8.46285e-05 	8.46285e-05 	0
51.5 	7.83893e-05 	7.83893e-05 	0
51.8125 	8.77679e-05 	8.77679e-05 	0
52.0625 	8.39738e-05 	8.39738e-05 	0
52.1875 	4.80243e-05 	4.80243e-05 	0
52.3125 	6.96125e-05 	6.96125e-05 	0
52.5 	6.76393e-05 	6.76393e-05 	0
52.8125 	3.95298e-05 	3.95298e-05 	0
52.9375 	7.96608e-05 	7.96608e-05 	0
53.1875 	9.27709e-05 	9.27709e-05 	0
53.5 	8.4368e-05 	8.4368e-05 	0
53.5625 	3.8539e-05 	3.8539e-05 	0
53.625 	7.89369e-05 	7.89369e-05 	0
53.6875 	7.06642e-05 	7.06642e-05 	0
53.75 	9.39054e-05 	9.39054e-05 	0
53.875 	9.6445e-05 	9.6445e-05 	0
54.0 	4.65528e-05 	4.65528e-05 	0
54.0625 	9.6514e-05 	9.6514e-05 	0
54.1875 	6.39802e-05 	6.39802e-05 	0
54.25 	4.16892e-05 	4.16892e-05 	0
54.3125 	9.31198e-05 	9.31198e-05 	0
54.375 	4.2767e-05 	4.2767e-05 	0
54.4375 	4.52646e-05 	4.52646e-05 	0
54.6875 	8.25136e-05 	8.25136e-05 	0
54.8125 	9.4996e-05 	9.4996e-05 	0
54.875 	9.95522e-05 	9.95522e-05 	0
54.9375 	8.69482e-05 	8.69482e-05 	0
55.0 	6.01316e-05 	6.01316e-05 	0
55.3125 	5.78166e-05 	5.78166e-05 	0
55.4375 	9.24565e-05 	9.24565e-05 	0
55.5 	5.84725e-05 	5.84725e-05 	0
55.75 	8.26574e-05 	8.26574e-05 	0
55.9375 	9.68473e-05 	9.68473e-05 	0
56.0 	9.41157e-05 	9.41157e-05 	0
56.0625 	9.54871e-05 	9.54871e-05 	0
56.3125 	8.49838e-05 	8.49838e-05 	0
56.375 	9.25689e-05 	9.25689e-05 	0
56.4375 	7.84493e-05 	7.84493e-05 	0
56.5625 	8.07365e-05 	8.07365e-05 	0
56.6875 	9.07403e-05 	9.07403e-05 	0
56.75 	9.95117e-05 	9.95117e-05 	0
57.0 	5.52643e-05 	5.52643e-05 	0
57.0625 	2.83861e-05 	2.83861e-05 	0
57.1875 	8.19969e-05 	8.19969e-05 	0
57.25 	8.8685e-05 	8.8685e-05 	0
57.3125 	6.48369e-05 	6.48369e-05 	0
57.4375 	5.43936e-05 	5.43936e-05 	0
57.6875 	5.02241e-05 	5.02241e-05 	0
58.125 	6.53878e-05 	6.53878e-05 	0
58.1875 	6.0213e-05 	6.0213e-05 	0
58.25 	7.00857e-05 	7.00857e-05 	0
58.3125 	8.60705e-05 	8.60705e-05 	0
58.4375 	4.66194e-05 	4.66194e-05 	0
58.5625 	7.78145e-05 	7.78145e-05 	0
58.8125 	8.68801e-05 	8.68801e-05 	0
58.875 	8.22489e-05 	8.22489e-05 	0
59.0 	5.93151e-05 	5.93151e-05 	0
59.125 	4.1993e-05 	4.1993e-05 	0
59.25 	6.77471e-05 	6.77471e-05 	0
59.3125 	9.89724e-05 	9.89724e-05 	0
59.375 	4.5643e-05 	4.5643e-05 	0
59.5 	3.18938e-05 	3.18938e-05 	0
59.6875 	8.81849e-05 	8.81849e-05 	0
59.8125 	6.2226e-05 	6.2226e-05 	0
60.4375 	9.08749e-05 	9.08749e-05 	0
60.5625 	3.33308e-05 	3.33308e-05 	0
60.625 	9.50165e-05 	9.50165e-05 	0
61.0 	5.58245e-05 	5.58245e-05 	0
61.125 	4.66344e-05 	4.66344e-05 	0
61.4375 	9.391e-05 	9.391e-05 	0
61.625 	8.70501e-05 	8.70501e-05 	0
61.8125 	5.93977e-05 	5.93977e-05 	0
61.9375 	8.91918e-05 	8.91918e-05 	0
62.1875 	4.05534e-05 	4.05534e-05 	0
62.375 	6.49647e-05 	6.49647e-05 	0
62.5 	7.94603e-05 	7.94603e-05 	0
62.5625 	5.19657e-05 	5.19657e-05 	0
62.875 	8.95017e-05 	8.95017e-05 	0
62.9375 	9.41759e-05 	9.41759e-05 	0
63.0 	6.25782e-05 	6.25782e-05 	0
63.25 	7.76298e-05 	7.76298e-05 	0
63.5625 	6.36563e-05 	6.36563e-05 	0
63.8125 	9.14845e-05 	9.14845e-05 	0
63.9375 	9.76754e-05 	9.76754e-05 	0
64.0 	4.52222e-05 	4.52222e-05 	0
64.4375 	9.51133e-05 	9.51133e-05 	0
64.6875 	9.35767e-05 	9.35767e-05 	0
64.75 	7.01183e-05 	7.01183e-05 	0
64.8125 	8.95263e-05 	8.95263e-05 	0
64.875 	8.21909e-05 	8.21909e-05 	0
64.9375 	4.74276e-05 	4.74276e-05 	0
65.0 	6.53503e-05 	6.53503e-05 	0
65.0625 	8.52993e-05 	8.52993e-05 	0
65.125 	6.29309e-05 	6.29309e-05 	0
65.625 	5.42768e-05 	5.42768e-05 	0
65.8125 	7.50545e-05 	7.50545e-05 	0
65.9375 	9.96024e-05 	9.96024e-05 	0
66.0 	9.426e-05 	9.426e-05 	0
66.0625 	4.72094e-05 	4.72094e-05 	0
66.3125 	8.94044e-05 	8.94044e-05 	0
66.5 	8.22541e-05 	8.22541e-05 	0
66.75 	8.70617e-05 	8.70617e-05 	0
66.8125 	6.08569e-05 	6.08569e-05 	0
66.9375 	6.89877e-05 	6.89877e-05 	0
67.25 	9.91572e-05 	9.91572e-05 	0
67.5 	6.88594e-05 	6.88594e-05 	0
67.8125 	9.96542e-05 	9.96542e-05 	0
67.875 	6.47576e-05 	6.47576e-05 	0
67.9375 	6.60953e-05 	6.60953e-05 	0
68.0 	2.88131e-05 	2.88131e-05 	0
68.125 	9.73687e-05 	9.73687e-05 	0
68.1875 	5.88524e-05 	5.88524e-05 	0
68.3125 	6.91097e-05 	6.91097e-05 	0
68.4375 	4.89085e-05 	4.89085e-05 	0
68.5625 	3.29856e-05 	3.29856e-05 	0
68.6875 	6.46795e-05 	6.46795e-05 	0
68.75 	8.71091e-05 	8.71091e-05 	0
68.8125 	9.39547e-05 	9.39547e-05 	0
68.9375 	6.99486e-05 	6.99486e-05 	0
69.125 	9.66503e-05 	9.66503e-05 	0
69.1875 	9.90645e-05 	9.90645e-05 	0
69.25 	8.82237e-05 	8.82237e-05 	0
69.3125 	8.49542e-05 	8.49542e-05 	0
69.4375 	6.92974e-05 	6.92974e-05 	0
69.5 	9.55951e-05 	9.55951e-05 	0
69.75 	3.829e-05 	3.829e-05 	0
69.8125 	4.49143e-05 	4.49143e-05 	0
69.875 	8.62556e-05 	8.62556e-05 	0
69.9375 	3.13392e-05 	3.13392e-05 	0
