# time 	Initial 	Final 	Iterations
0.333274 	0.000115957 	3.42036e-05 	1
0.579973 	5.73577e-05 	5.73577e-05 	0
0.642226 	0.000110155 	9.77365e-05 	1
0.70448 	0.000123067 	7.44136e-05 	1
0.766734 	6.16041e-05 	6.16041e-05 	0
0.828988 	4.7496e-05 	4.7496e-05 	0
1.01575 	8.39437e-05 	8.39437e-05 	0
1.078 	0.000116145 	5.5763e-05 	1
1.20251 	0.000138086 	4.0627e-05 	1
1.26477 	9.07645e-05 	9.07645e-05 	0
1.38927 	8.43657e-05 	8.43657e-05 	0
1.45153 	9.66897e-05 	9.66897e-05 	0
1.51378 	9.83684e-05 	9.83684e-05 	0
1.57604 	9.28363e-05 	9.28363e-05 	0
1.70054 	0.000113351 	2.68549e-05 	1
1.7628 	0.000112932 	9.88555e-05 	1
1.8873 	8.27388e-05 	8.27388e-05 	0
1.94956 	0.000123125 	7.64508e-05 	1
2.07407 	0.000119598 	3.66405e-05 	1
2.13632 	6.91784e-05 	6.91784e-05 	0
2.19857 	7.87487e-05 	7.87487e-05 	0
2.26083 	5.96478e-05 	5.96478e-05 	0
2.32308 	9.71023e-05 	9.71023e-05 	0
2.38534 	6.76733e-05 	6.76733e-05 	0
2.44759 	0.000130469 	3.71812e-05 	1
2.50984 	8.2836e-05 	8.2836e-05 	0
2.63435 	6.86627e-05 	6.86627e-05 	0
2.69661 	9.59915e-05 	9.59915e-05 	0
2.82111 	7.58676e-05 	7.58676e-05 	0
2.88337 	0.000123707 	7.55892e-05 	1
2.94562 	9.60154e-05 	9.60154e-05 	0
3.00787 	0.000109441 	7.87433e-05 	1
3.07013 	6.12197e-05 	6.12197e-05 	0
3.13238 	7.84299e-05 	7.84299e-05 	0
3.19464 	0.000116527 	9.30454e-05 	1
3.25689 	9.20918e-05 	9.20918e-05 	0
3.31914 	0.000119251 	9.14237e-05 	1
3.3814 	0.000109488 	3.23162e-05 	1
3.44365 	0.000132865 	7.28326e-05 	1
3.50591 	0.000116874 	7.12709e-05 	1
3.56816 	5.85677e-05 	5.85677e-05 	0
3.69267 	9.93827e-05 	9.93827e-05 	0
3.75492 	0.000147554 	9.12077e-05 	1
3.81718 	0.000108878 	9.59531e-05 	1
3.87943 	0.000111059 	4.28861e-05 	1
4.00394 	9.30092e-05 	9.30092e-05 	0
4.06619 	7.52211e-05 	7.52211e-05 	0
4.12845 	9.05019e-05 	9.05019e-05 	0
4.1907 	7.74789e-05 	7.74789e-05 	0
4.25295 	0.000150549 	9.02249e-05 	1
4.31521 	0.00012382 	8.00494e-05 	1
4.37746 	0.000108524 	5.08419e-05 	1
4.50197 	9.42094e-05 	9.42094e-05 	0
4.56422 	0.000119605 	3.75705e-05 	1
4.62648 	9.70904e-05 	9.70904e-05 	0
4.68873 	9.84986e-05 	9.84986e-05 	0
4.75098 	7.68275e-05 	7.68275e-05 	0
4.81324 	8.1252e-05 	8.1252e-05 	0
4.87549 	9.56129e-05 	9.56129e-05 	0
4.93775 	0.000129771 	4.11839e-05 	1
5.0 	7.08394e-05 	7.08394e-05 	0
5.0625 	9.73931e-05 	9.73931e-05 	0
5.125 	6.26879e-05 	6.26879e-05 	0
5.25 	9.03161e-05 	9.03161e-05 	0
5.3125 	8.52956e-05 	8.52956e-05 	0
5.375 	8.18184e-05 	8.18184e-05 	0
5.5 	9.5189e-05 	9.5189e-05 	0
5.5625 	9.19312e-05 	9.19312e-05 	0
5.625 	9.19447e-05 	9.19447e-05 	0
5.6875 	0.000122209 	8.76341e-05 	1
5.75 	0.000117328 	7.63207e-05 	1
5.8125 	8.00773e-05 	8.00773e-05 	0
5.875 	0.000133296 	3.91926e-05 	1
5.9375 	0.000114452 	8.24826e-05 	1
6.0 	9.39282e-05 	9.39282e-05 	0
6.125 	9.62408e-05 	9.62408e-05 	0
6.1875 	0.000105027 	9.34739e-05 	1
6.25 	8.05065e-05 	8.05065e-05 	0
6.3125 	7.31457e-05 	7.31457e-05 	0
6.4375 	7.61144e-05 	7.61144e-05 	0
6.6875 	7.59704e-05 	7.59704e-05 	0
6.75 	0.000137256 	8.96181e-05 	1
6.8125 	0.000112249 	8.63592e-05 	1
6.9375 	8.92838e-05 	8.92838e-05 	0
7.0 	0.000133427 	6.80854e-05 	1
7.0625 	8.69196e-05 	8.69196e-05 	0
7.125 	0.000102205 	9.18332e-05 	1
7.1875 	0.000128931 	6.15635e-05 	1
7.25 	0.00011843 	7.48087e-05 	2
7.4375 	7.31165e-05 	7.31165e-05 	0
7.5625 	0.000104611 	4.63015e-05 	1
7.625 	9.11464e-05 	9.11464e-05 	0
7.6875 	0.000113693 	8.13576e-05 	1
7.8125 	0.000124316 	7.44658e-05 	1
7.9375 	0.000111266 	4.09413e-05 	1
8.0 	0.000129232 	8.44097e-05 	1
8.0625 	0.000104908 	7.26993e-05 	1
8.125 	7.45678e-05 	7.45678e-05 	0
8.25 	9.34469e-05 	9.34469e-05 	0
8.3125 	0.000155236 	3.60581e-05 	1
8.375 	0.00011316 	8.3318e-05 	1
8.4375 	0.000100127 	5.30645e-05 	1
8.5 	8.50214e-05 	8.50214e-05 	0
8.5625 	9.64668e-05 	9.64668e-05 	0
8.8125 	9.19826e-05 	9.19826e-05 	0
8.9375 	0.000105216 	5.45724e-05 	1
9.0 	7.74943e-05 	7.74943e-05 	0
9.0625 	0.00012657 	3.25317e-05 	1
9.125 	6.54958e-05 	6.54958e-05 	0
9.1875 	0.000110675 	6.64986e-05 	1
9.25 	5.85777e-05 	5.85777e-05 	0
9.3125 	0.00012096 	4.00834e-05 	1
9.375 	0.000114747 	7.54536e-05 	1
9.4375 	0.000105459 	9.26642e-05 	1
9.5625 	0.000105521 	5.57462e-05 	2
9.625 	0.000124482 	9.70898e-05 	1
9.6875 	9.41374e-05 	9.41374e-05 	0
9.75 	7.67159e-05 	7.67159e-05 	0
9.8125 	6.77604e-05 	6.77604e-05 	0
9.875 	9.56921e-05 	9.56921e-05 	0
9.9375 	0.000133203 	8.91255e-05 	1
10.0 	0.000132418 	3.14459e-05 	1
10.0625 	8.59595e-05 	8.59595e-05 	0
10.1875 	8.77741e-05 	8.77741e-05 	0
10.3125 	7.78501e-05 	7.78501e-05 	0
10.375 	9.04397e-05 	9.04397e-05 	0
10.5 	0.000121019 	2.9896e-05 	1
10.5625 	7.91955e-05 	7.91955e-05 	0
10.625 	0.000112062 	6.9917e-05 	2
10.6875 	0.000117504 	7.6314e-05 	1
10.75 	0.000145108 	7.75458e-05 	1
10.8125 	9.19661e-05 	9.19661e-05 	0
10.875 	0.000111197 	6.97535e-05 	1
10.9375 	0.000132474 	4.04358e-05 	1
11.0 	9.11744e-05 	9.11744e-05 	0
11.0625 	8.85356e-05 	8.85356e-05 	0
11.125 	7.38736e-05 	7.38736e-05 	0
11.1875 	0.000105775 	5.44002e-05 	1
11.25 	8.17989e-05 	8.17989e-05 	0
11.375 	9.88341e-05 	9.88341e-05 	0
11.4375 	4.66869e-05 	4.66869e-05 	0
11.5 	8.33097e-05 	8.33097e-05 	0
11.5625 	0.000107785 	6.84325e-05 	1
11.625 	0.00010211 	9.58437e-05 	1
11.6875 	8.55247e-05 	8.55247e-05 	0
11.75 	9.95329e-05 	9.95329e-05 	0
11.8125 	6.06161e-05 	6.06161e-05 	0
11.875 	9.98344e-05 	9.98344e-05 	0
11.9375 	5.7794e-05 	5.7794e-05 	0
12.0 	9.45082e-05 	9.45082e-05 	0
12.0625 	0.000123051 	4.28515e-05 	1
12.125 	0.000116173 	4.76536e-05 	1
12.1875 	0.000121513 	9.35437e-05 	1
12.25 	5.82424e-05 	5.82424e-05 	0
12.3125 	0.000112815 	7.12349e-05 	1
12.375 	9.1278e-05 	9.1278e-05 	0
12.5625 	6.10934e-05 	6.10934e-05 	0
12.625 	8.77369e-05 	8.77369e-05 	0
12.6875 	6.02024e-05 	6.02024e-05 	0
12.75 	0.000106493 	7.29909e-05 	1
12.8125 	7.02836e-05 	7.02836e-05 	0
12.875 	0.000100341 	3.52267e-05 	1
13.0 	6.7969e-05 	6.7969e-05 	0
13.0625 	0.00010902 	7.67265e-05 	1
13.125 	0.000101286 	2.78321e-05 	1
13.1875 	0.000108691 	8.1407e-05 	1
13.25 	7.50706e-05 	7.50706e-05 	0
13.3125 	6.66528e-05 	6.66528e-05 	0
13.375 	9.06581e-05 	9.06581e-05 	0
13.4375 	8.09058e-05 	8.09058e-05 	0
13.5 	8.67822e-05 	8.67822e-05 	0
13.5625 	0.000124167 	6.56019e-05 	1
13.625 	0.000113739 	2.86866e-05 	1
13.6875 	0.000111654 	3.72722e-05 	1
13.8125 	4.55548e-05 	4.55548e-05 	0
14.0 	0.000105814 	3.52035e-05 	1
14.0625 	0.000115405 	7.65473e-05 	1
14.125 	0.000106263 	9.537e-05 	1
14.1875 	0.000117251 	8.66349e-05 	1
14.3125 	0.000103233 	7.03282e-05 	1
14.375 	9.71991e-05 	9.71991e-05 	0
14.4375 	7.51081e-05 	7.51081e-05 	0
14.5 	9.47744e-05 	9.47744e-05 	0
14.625 	0.000130456 	4.80643e-05 	1
14.6875 	0.000129728 	3.44411e-05 	1
14.75 	7.94568e-05 	7.94568e-05 	0
14.8125 	8.40318e-05 	8.40318e-05 	0
14.875 	0.000122552 	4.20914e-05 	1
14.9375 	9.88435e-05 	9.88435e-05 	0
15.0 	6.51427e-05 	6.51427e-05 	0
15.1875 	0.000112008 	9.49138e-05 	1
15.25 	0.000104977 	6.34055e-05 	1
15.3125 	0.000122311 	8.38967e-05 	1
15.375 	8.76004e-05 	8.76004e-05 	0
15.4375 	9.01603e-05 	9.01603e-05 	0
15.5 	0.000114561 	8.28533e-05 	1
15.5625 	9.3783e-05 	9.3783e-05 	0
15.625 	0.000106946 	8.18299e-05 	1
15.75 	0.000124581 	3.85685e-05 	1
15.8125 	0.000111106 	7.50716e-05 	1
15.875 	0.00010239 	6.11192e-05 	2
15.9375 	9.09841e-05 	9.09841e-05 	0
16.0 	7.18271e-05 	7.18271e-05 	0
16.0625 	8.17343e-05 	8.17343e-05 	0
16.125 	9.97532e-05 	9.97532e-05 	0
16.1875 	0.000107255 	7.03964e-05 	1
16.25 	7.79086e-05 	7.79086e-05 	0
16.3125 	7.864e-05 	7.864e-05 	0
16.375 	6.86978e-05 	6.86978e-05 	0
16.4375 	8.71841e-05 	8.71841e-05 	0
16.5 	0.000106089 	2.4537e-05 	1
16.625 	0.00011868 	8.20905e-05 	1
16.6875 	9.2666e-05 	9.2666e-05 	0
16.75 	0.000103212 	9.22819e-05 	1
16.8125 	4.8509e-05 	4.8509e-05 	0
16.875 	9.84994e-05 	9.84994e-05 	0
16.9375 	0.000130287 	4.82176e-05 	1
17.1875 	0.000126626 	3.83736e-05 	1
17.25 	8.91805e-05 	8.91805e-05 	0
17.3125 	8.85111e-05 	8.85111e-05 	0
17.375 	6.69387e-05 	6.69387e-05 	0
17.4375 	9.71475e-05 	9.71475e-05 	0
17.5 	7.35831e-05 	7.35831e-05 	0
17.5625 	0.000110646 	7.71285e-05 	1
17.625 	0.000104447 	6.0122e-05 	2
17.6875 	0.000102378 	7.66433e-05 	1
17.75 	0.000109655 	5.50983e-05 	1
17.8125 	5.70224e-05 	5.70224e-05 	0
17.9375 	9.44225e-05 	9.44225e-05 	0
18.0 	0.000111423 	6.47924e-05 	1
18.0625 	0.000128891 	4.06191e-05 	1
18.125 	0.000114769 	9.42202e-05 	1
18.1875 	0.000126021 	7.88669e-05 	1
18.25 	0.000145159 	4.41537e-05 	1
18.3125 	6.93071e-05 	6.93071e-05 	0
18.375 	8.86801e-05 	8.86801e-05 	0
18.4375 	0.000114037 	7.34925e-05 	1
18.5 	7.47277e-05 	7.47277e-05 	0
18.5625 	9.93979e-05 	9.93979e-05 	0
18.625 	8.70332e-05 	8.70332e-05 	0
18.75 	8.26151e-05 	8.26151e-05 	0
18.8125 	7.86744e-05 	7.86744e-05 	0
18.875 	0.000109335 	8.64555e-05 	1
18.9375 	9.62791e-05 	9.62791e-05 	0
19.125 	8.19028e-05 	8.19028e-05 	0
19.25 	7.08112e-05 	7.08112e-05 	0
19.3125 	9.00819e-05 	9.00819e-05 	0
19.375 	6.82777e-05 	6.82777e-05 	0
19.4375 	9.6089e-05 	9.6089e-05 	0
19.5 	0.000102313 	2.45851e-05 	1
19.625 	9.964e-05 	9.964e-05 	0
19.6875 	7.99295e-05 	7.99295e-05 	0
19.75 	9.81508e-05 	9.81508e-05 	0
19.875 	0.000102668 	9.41927e-05 	1
19.9375 	9.6159e-05 	9.6159e-05 	0
20.0 	7.46666e-05 	7.46666e-05 	0
20.0625 	0.000128457 	3.73046e-05 	1
20.125 	9.38316e-05 	9.38316e-05 	0
20.1875 	0.00012269 	8.20318e-05 	1
20.25 	7.01627e-05 	7.01627e-05 	0
20.3125 	7.93762e-05 	7.93762e-05 	0
20.375 	6.72889e-05 	6.72889e-05 	0
20.4375 	0.000159788 	3.31121e-05 	1
20.5 	4.84105e-05 	4.84105e-05 	0
20.5625 	0.000121409 	9.52719e-05 	1
20.625 	0.000100804 	6.43568e-05 	2
20.6875 	9.69225e-05 	9.69225e-05 	0
20.75 	0.000119559 	4.02242e-05 	1
20.8125 	5.39552e-05 	5.39552e-05 	0
20.875 	0.000104774 	6.94145e-05 	1
21.0 	8.07091e-05 	8.07091e-05 	0
21.0625 	9.76552e-05 	9.76552e-05 	0
21.1875 	0.000113197 	8.13634e-05 	1
21.3125 	0.000112647 	8.38782e-05 	1
21.375 	8.83538e-05 	8.83538e-05 	0
21.4375 	0.000119967 	8.28842e-05 	1
21.5 	8.3297e-05 	8.3297e-05 	0
21.5625 	8.19782e-05 	8.19782e-05 	0
21.625 	0.000109766 	4.97638e-05 	1
21.6875 	0.000123223 	3.6825e-05 	1
21.75 	0.000101506 	5.74754e-05 	1
21.8125 	6.24129e-05 	6.24129e-05 	0
21.875 	0.000104112 	7.69565e-05 	1
21.9375 	0.000107543 	7.84068e-05 	1
22.0 	0.000105283 	8.70339e-05 	1
22.125 	0.000113213 	8.4351e-05 	1
22.1875 	0.00010866 	7.73042e-05 	1
22.25 	0.00012144 	4.73434e-05 	1
22.3125 	0.000100513 	5.03515e-05 	1
22.375 	8.53801e-05 	8.53801e-05 	0
22.625 	0.00013843 	3.45967e-05 	1
22.6875 	8.90544e-05 	8.90544e-05 	0
22.75 	0.000108586 	6.97658e-05 	1
22.8125 	0.000128015 	3.84501e-05 	1
22.9375 	0.000105558 	7.89706e-05 	1
23.0 	0.000113533 	5.34503e-05 	1
23.0625 	7.74425e-05 	7.74425e-05 	0
23.125 	9.37055e-05 	9.37055e-05 	0
23.1875 	0.000112793 	8.14618e-05 	1
23.3125 	0.000111992 	3.99285e-05 	1
23.375 	7.70559e-05 	7.70559e-05 	0
23.4375 	0.000127333 	3.95513e-05 	1
23.5625 	9.36272e-05 	9.36272e-05 	0
23.6875 	9.55966e-05 	9.55966e-05 	0
23.75 	9.03967e-05 	9.03967e-05 	0
23.8125 	6.08662e-05 	6.08662e-05 	0
23.875 	0.000121084 	4.61516e-05 	1
23.9375 	9.22614e-05 	9.22614e-05 	0
24.0 	0.000138328 	3.76452e-05 	1
24.0625 	0.000124824 	6.6243e-05 	1
24.125 	9.41908e-05 	9.41908e-05 	0
24.1875 	9.16706e-05 	9.16706e-05 	0
24.3125 	9.66954e-05 	9.66954e-05 	0
24.375 	9.69706e-05 	9.69706e-05 	0
24.4375 	0.0001087 	8.42882e-05 	1
24.5 	0.000118039 	3.8553e-05 	1
24.5625 	0.000153272 	7.0918e-05 	1
24.625 	6.39483e-05 	6.39483e-05 	0
24.6875 	6.86159e-05 	6.86159e-05 	0
24.75 	0.000145753 	4.75369e-05 	1
24.8125 	0.0001137 	9.94654e-05 	1
25.0 	0.000100631 	6.55917e-05 	1
25.0625 	0.000121136 	7.64829e-05 	1
25.125 	0.000107231 	5.79889e-05 	1
25.25 	0.000139777 	3.94594e-05 	1
25.3125 	4.95405e-05 	4.95405e-05 	0
25.5 	8.8471e-05 	8.8471e-05 	0
25.5625 	0.000119469 	3.82032e-05 	1
25.625 	0.000108377 	7.67681e-05 	1
25.6875 	9.35104e-05 	9.35104e-05 	0
25.75 	0.000113601 	8.33996e-05 	1
25.8125 	9.93014e-05 	9.93014e-05 	0
25.875 	7.93978e-05 	7.93978e-05 	0
25.9375 	8.62221e-05 	8.62221e-05 	0
26.0 	8.6065e-05 	8.6065e-05 	0
26.0625 	8.42538e-05 	8.42538e-05 	0
26.125 	9.06245e-05 	9.06245e-05 	0
26.25 	7.89729e-05 	7.89729e-05 	0
26.3125 	0.000126433 	2.88759e-05 	1
26.375 	0.000117939 	4.60765e-05 	1
26.4375 	9.36005e-05 	9.36005e-05 	0
26.5 	9.78861e-05 	9.78861e-05 	0
26.5625 	0.000112749 	8.22346e-05 	1
26.625 	4.85453e-05 	4.85453e-05 	0
26.6875 	7.50484e-05 	7.50484e-05 	0
26.875 	0.000107205 	6.34549e-05 	1
26.9375 	8.97567e-05 	8.97567e-05 	0
27.0 	0.000113744 	5.57681e-05 	1
27.0625 	5.88005e-05 	5.88005e-05 	0
27.125 	0.00010092 	2.84517e-05 	1
27.25 	9.82981e-05 	9.82981e-05 	0
27.3125 	9.42396e-05 	9.42396e-05 	0
27.375 	0.000101136 	6.56231e-05 	2
27.5 	7.08497e-05 	7.08497e-05 	0
27.5625 	0.000115917 	3.90797e-05 	1
27.625 	0.000102785 	6.5709e-05 	1
27.6875 	8.26803e-05 	8.26803e-05 	0
27.75 	9.5316e-05 	9.5316e-05 	0
27.8125 	0.000104016 	6.10519e-05 	1
27.875 	6.50945e-05 	6.50945e-05 	0
28.0 	0.000109993 	8.02761e-05 	1
28.0625 	7.80098e-05 	7.80098e-05 	0
28.125 	8.41685e-05 	8.41685e-05 	0
28.3125 	0.000120682 	4.54341e-05 	1
28.375 	6.26908e-05 	6.26908e-05 	0
28.4375 	0.000106372 	6.18928e-05 	1
28.5 	0.00010336 	5.34156e-05 	1
28.625 	9.23351e-05 	9.23351e-05 	0
28.6875 	9.88903e-05 	9.88903e-05 	0
28.8125 	0.000106235 	9.6113e-05 	1
28.875 	0.000124945 	6.31928e-05 	1
28.9375 	0.000116781 	3.83296e-05 	1
29.0 	9.06411e-05 	9.06411e-05 	0
29.0625 	7.33238e-05 	7.33238e-05 	0
29.125 	0.000120389 	7.2304e-05 	1
29.1875 	8.18617e-05 	8.18617e-05 	0
29.25 	0.000103266 	9.37938e-05 	1
29.3125 	0.00010676 	5.18775e-05 	1
29.375 	8.52109e-05 	8.52109e-05 	0
29.4375 	8.00134e-05 	8.00134e-05 	0
29.5 	0.000127303 	3.48995e-05 	1
29.5625 	7.92985e-05 	7.92985e-05 	0
29.625 	6.04746e-05 	6.04746e-05 	0
29.6875 	8.9565e-05 	8.9565e-05 	0
29.75 	8.33864e-05 	8.33864e-05 	0
29.875 	0.000110752 	7.58462e-05 	1
29.9375 	0.000111598 	7.29548e-05 	2
30.0 	9.33655e-05 	9.33655e-05 	0
30.125 	0.000113912 	8.39366e-05 	1
30.1875 	9.42185e-05 	9.42185e-05 	0
30.25 	6.45961e-05 	6.45961e-05 	0
30.3125 	6.87389e-05 	6.87389e-05 	0
30.375 	9.82844e-05 	9.82844e-05 	0
30.4375 	0.000105481 	8.65558e-05 	1
30.5 	7.95434e-05 	7.95434e-05 	0
30.5625 	9.93188e-05 	9.93188e-05 	0
30.625 	0.000110347 	6.69142e-05 	2
30.6875 	0.000167916 	9.03548e-05 	1
30.75 	0.000109715 	6.56269e-05 	1
30.8125 	9.65538e-05 	9.65538e-05 	0
30.9375 	0.000100641 	7.63358e-05 	1
31.0 	7.08907e-05 	7.08907e-05 	0
31.125 	6.10702e-05 	6.10702e-05 	0
31.1875 	0.000118405 	7.93535e-05 	1
31.25 	8.92294e-05 	8.92294e-05 	0
31.3125 	9.73188e-05 	9.73188e-05 	0
31.375 	8.36248e-05 	8.36248e-05 	0
31.5 	0.000107451 	5.57864e-05 	1
31.5625 	0.000119144 	3.94005e-05 	1
31.625 	9.44432e-05 	9.44432e-05 	0
31.6875 	6.21605e-05 	6.21605e-05 	0
31.75 	0.000110791 	6.1688e-05 	1
31.8125 	4.76068e-05 	4.76068e-05 	0
31.875 	0.000111903 	5.0194e-05 	1
31.9375 	8.3069e-05 	8.3069e-05 	0
32.0 	9.8979e-05 	9.8979e-05 	0
32.0625 	0.000109719 	8.90653e-05 	1
32.125 	0.000135207 	3.97239e-05 	1
32.1875 	0.000119656 	3.39546e-05 	1
32.25 	9.66474e-05 	9.66474e-05 	0
32.3125 	0.000122148 	2.90974e-05 	1
32.4375 	8.68387e-05 	8.68387e-05 	0
32.5 	0.00010726 	6.81681e-05 	1
32.625 	0.000113065 	7.95174e-05 	1
32.6875 	9.77548e-05 	9.77548e-05 	0
32.75 	7.55795e-05 	7.55795e-05 	0
32.8125 	8.91411e-05 	8.91411e-05 	0
32.875 	0.000102864 	5.21131e-05 	1
32.9375 	6.39465e-05 	6.39465e-05 	0
33.0 	8.75068e-05 	8.75068e-05 	0
33.0625 	6.14148e-05 	6.14148e-05 	0
33.125 	0.000103144 	5.71941e-05 	1
33.1875 	0.000102617 	9.67045e-05 	1
33.25 	0.000127155 	5.97005e-05 	1
33.3125 	9.78867e-05 	9.78867e-05 	0
33.375 	6.36551e-05 	6.36551e-05 	0
33.4375 	8.73007e-05 	8.73007e-05 	0
33.5 	8.6027e-05 	8.6027e-05 	0
33.625 	0.000115635 	9.08877e-05 	1
33.6875 	5.37207e-05 	5.37207e-05 	0
33.75 	0.000106376 	5.92154e-05 	1
33.875 	7.08624e-05 	7.08624e-05 	0
33.9375 	8.70475e-05 	8.70475e-05 	0
34.0625 	0.000124286 	7.15542e-05 	1
34.125 	8.10212e-05 	8.10212e-05 	0
34.1875 	0.000103344 	7.09048e-05 	1
34.25 	0.000115335 	6.38695e-05 	1
34.3125 	0.000112893 	3.133e-05 	1
34.375 	9.20313e-05 	9.20313e-05 	0
34.4375 	0.000142891 	6.24224e-05 	1
34.5 	0.000124081 	3.82151e-05 	1
34.5625 	0.000116475 	7.40126e-05 	1
34.625 	0.000135285 	6.83363e-05 	1
34.6875 	0.000113223 	6.04101e-05 	1
34.75 	8.08551e-05 	8.08551e-05 	0
34.875 	0.000119213 	6.72688e-05 	1
34.9375 	9.27744e-05 	9.27744e-05 	0
35.0 	9.76814e-05 	9.76814e-05 	0
35.0625 	0.000106702 	8.92318e-05 	1
35.125 	9.79644e-05 	9.79644e-05 	0
35.25 	8.76097e-05 	8.76097e-05 	0
35.3125 	6.24209e-05 	6.24209e-05 	0
35.375 	6.03476e-05 	6.03476e-05 	0
35.5625 	9.88361e-05 	9.88361e-05 	0
35.625 	0.000140089 	4.04683e-05 	1
35.6875 	0.000113406 	3.96302e-05 	1
35.75 	0.000106385 	5.97658e-05 	1
35.8125 	0.000133718 	3.27632e-05 	1
35.875 	0.000131606 	8.973e-05 	1
35.9375 	0.00011001 	6.66266e-05 	2
36.0 	0.000106977 	6.29846e-05 	1
36.125 	5.66474e-05 	5.66474e-05 	0
36.25 	0.000122594 	8.47706e-05 	1
36.4375 	8.28445e-05 	8.28445e-05 	0
36.5 	0.000119457 	8.07864e-05 	1
36.5625 	0.00011085 	7.09194e-05 	1
36.625 	0.000105103 	5.46993e-05 	1
36.6875 	0.000140452 	4.51028e-05 	1
36.8125 	6.50877e-05 	6.50877e-05 	0
36.875 	0.000101513 	2.70809e-05 	1
36.9375 	0.000132429 	8.02744e-05 	1
37.0625 	0.00010924 	4.64211e-05 	1
37.125 	0.000102939 	6.13433e-05 	1
37.1875 	8.59065e-05 	8.59065e-05 	0
37.25 	0.000147317 	4.49766e-05 	1
37.3125 	0.000135302 	5.47968e-05 	1
37.375 	9.54426e-05 	9.54426e-05 	0
37.4375 	9.98219e-05 	9.98219e-05 	0
37.5 	0.000109161 	5.27574e-05 	1
37.5625 	0.000115764 	7.35933e-05 	2
37.625 	0.000105529 	7.90452e-05 	1
37.75 	0.000119628 	8.55015e-05 	1
37.8125 	9.5434e-05 	9.5434e-05 	0
37.875 	9.54859e-05 	9.54859e-05 	0
37.9375 	0.000121871 	5.65868e-05 	1
38.0 	0.000100134 	3.21571e-05 	1
38.0625 	0.000136652 	7.55035e-05 	2
38.125 	0.000108759 	6.67956e-05 	1
38.1875 	0.000148501 	3.90536e-05 	1
38.25 	0.000115234 	5.7297e-05 	1
38.3125 	0.000105944 	5.58348e-05 	1
38.375 	8.85919e-05 	8.85919e-05 	0
38.4375 	0.000115422 	8.64956e-05 	1
38.5625 	9.6748e-05 	9.6748e-05 	0
38.6875 	0.000117132 	9.35338e-05 	1
38.8125 	9.61269e-05 	9.61269e-05 	0
38.875 	9.81552e-05 	9.81552e-05 	0
38.9375 	8.99957e-05 	8.99957e-05 	0
39.0 	9.44573e-05 	9.44573e-05 	0
39.0625 	0.000123801 	3.98293e-05 	1
39.125 	0.000106706 	6.85596e-05 	1
39.1875 	6.70084e-05 	6.70084e-05 	0
39.25 	9.14094e-05 	9.14094e-05 	0
39.3125 	8.07729e-05 	8.07729e-05 	0
39.375 	0.000108935 	4.87582e-05 	1
39.5 	0.000110963 	3.24163e-05 	1
39.5625 	8.30118e-05 	8.30118e-05 	0
39.625 	9.66898e-05 	9.66898e-05 	0
39.6875 	6.87024e-05 	6.87024e-05 	0
39.75 	0.000114858 	7.30736e-05 	1
39.8125 	0.000101793 	9.98153e-05 	1
39.875 	0.000140092 	4.09028e-05 	1
39.9375 	0.000146315 	4.30002e-05 	1
40.0 	0.000127013 	9.8911e-05 	1
40.125 	0.000106874 	7.06257e-05 	2
40.25 	9.4555e-05 	9.4555e-05 	0
40.3125 	8.63921e-05 	8.63921e-05 	0
40.4375 	0.000127133 	4.02498e-05 	1
40.5 	0.000116791 	7.15899e-05 	2
40.5625 	9.33441e-05 	9.33441e-05 	0
40.625 	6.7891e-05 	6.7891e-05 	0
40.8125 	8.58332e-05 	8.58332e-05 	0
40.875 	8.02328e-05 	8.02328e-05 	0
40.9375 	8.74065e-05 	8.74065e-05 	0
41.0 	0.000107463 	9.16347e-05 	1
41.125 	8.68413e-05 	8.68413e-05 	0
41.1875 	9.46449e-05 	9.46449e-05 	0
41.25 	6.62452e-05 	6.62452e-05 	0
41.3125 	6.28982e-05 	6.28982e-05 	0
41.4375 	0.000128486 	3.26698e-05 	1
41.5 	9.9427e-05 	9.9427e-05 	0
41.5625 	0.000107232 	4.24412e-05 	1
41.625 	7.04016e-05 	7.04016e-05 	0
41.6875 	0.000123314 	3.89419e-05 	1
41.8125 	6.90717e-05 	6.90717e-05 	0
41.875 	0.000105049 	3.35469e-05 	1
41.9375 	0.000103756 	7.65228e-05 	1
42.0 	9.79391e-05 	9.79391e-05 	0
42.125 	0.000148084 	4.57416e-05 	1
42.25 	0.000129526 	8.4247e-05 	1
42.375 	6.52311e-05 	6.52311e-05 	0
42.4375 	7.50919e-05 	7.50919e-05 	0
42.5 	8.97176e-05 	8.97176e-05 	0
42.625 	7.08157e-05 	7.08157e-05 	0
42.6875 	8.35796e-05 	8.35796e-05 	0
42.8125 	9.82224e-05 	9.82224e-05 	0
42.875 	9.25819e-05 	9.25819e-05 	0
42.9375 	7.55442e-05 	7.55442e-05 	0
43.0 	6.10599e-05 	6.10599e-05 	0
43.0625 	0.000110141 	4.48333e-05 	1
43.125 	0.000113031 	8.36519e-05 	1
43.1875 	0.000107299 	6.88914e-05 	1
43.3125 	8.12663e-05 	8.12663e-05 	0
43.375 	0.000121769 	5.86849e-05 	1
43.4375 	3.48599e-05 	3.48599e-05 	0
43.5625 	9.95411e-05 	9.95411e-05 	0
43.6875 	0.000115502 	7.29224e-05 	2
43.75 	0.000130292 	5.95991e-05 	1
43.8125 	8.89493e-05 	8.89493e-05 	0
43.875 	9.81975e-05 	9.81975e-05 	0
43.9375 	8.38717e-05 	8.38717e-05 	0
44.0 	0.000118554 	8.80396e-05 	1
44.0625 	0.000116005 	2.43127e-05 	1
44.125 	9.25224e-05 	9.25224e-05 	0
44.1875 	0.000100485 	4.73121e-05 	1
44.25 	0.000140944 	4.7268e-05 	1
44.3125 	0.000116486 	6.75459e-05 	2
44.375 	0.000122374 	4.30719e-05 	1
44.4375 	9.97576e-05 	9.97576e-05 	0
44.5 	0.000111691 	9.14564e-05 	1
44.5625 	9.2438e-05 	9.2438e-05 	0
44.625 	8.49042e-05 	8.49042e-05 	0
44.6875 	9.59861e-05 	9.59861e-05 	0
44.75 	0.000100393 	4.35573e-05 	1
44.8125 	9.69707e-05 	9.69707e-05 	0
44.875 	0.000117987 	9.2701e-05 	1
44.9375 	0.000111781 	6.38908e-05 	1
45.0 	7.44186e-05 	7.44186e-05 	0
45.0625 	0.000101125 	9.14325e-05 	1
45.125 	8.23431e-05 	8.23431e-05 	0
45.1875 	6.94259e-05 	6.94259e-05 	0
45.3125 	9.52046e-05 	9.52046e-05 	0
45.375 	4.88615e-05 	4.88615e-05 	0
45.5 	0.000162413 	4.66717e-05 	1
45.5625 	0.000131981 	9.7952e-05 	1
45.625 	7.74715e-05 	7.74715e-05 	0
45.6875 	0.000101309 	8.83655e-05 	1
45.75 	0.000109256 	6.44297e-05 	1
45.875 	7.83321e-05 	7.83321e-05 	0
45.9375 	0.000113064 	7.19887e-05 	1
46.0 	7.42612e-05 	7.42612e-05 	0
46.0625 	8.5511e-05 	8.5511e-05 	0
46.125 	0.000123483 	5.1938e-05 	1
46.3125 	7.51363e-05 	7.51363e-05 	0
46.375 	0.00012893 	9.48814e-05 	1
46.5 	4.33479e-05 	4.33479e-05 	0
46.5625 	9.57363e-05 	9.57363e-05 	0
46.625 	6.17948e-05 	6.17948e-05 	0
46.6875 	0.000105232 	6.05544e-05 	1
46.75 	7.76202e-05 	7.76202e-05 	0
46.8125 	0.000105538 	4.90129e-05 	1
46.875 	7.3257e-05 	7.3257e-05 	0
47.0 	0.000117326 	6.78218e-05 	1
47.0625 	0.000103851 	7.09158e-05 	1
47.125 	7.7897e-05 	7.7897e-05 	0
47.1875 	7.3782e-05 	7.3782e-05 	0
47.25 	9.1289e-05 	9.1289e-05 	0
47.3125 	6.83348e-05 	6.83348e-05 	0
47.375 	8.47382e-05 	8.47382e-05 	0
47.5 	7.39837e-05 	7.39837e-05 	0
47.5625 	0.000125034 	7.36107e-05 	1
47.625 	7.93621e-05 	7.93621e-05 	0
47.6875 	0.0001491 	4.58372e-05 	1
47.8125 	0.000112887 	6.06197e-05 	1
47.875 	0.000102469 	8.47318e-05 	1
48.0 	0.000110738 	8.05123e-05 	1
48.0625 	0.000133368 	4.20964e-05 	1
48.1875 	9.42765e-05 	9.42765e-05 	0
48.25 	0.000104733 	3.50202e-05 	1
48.3125 	0.000112564 	4.42422e-05 	1
48.375 	0.000120853 	3.88767e-05 	1
48.4375 	7.74047e-05 	7.74047e-05 	0
48.5 	0.000118782 	3.54282e-05 	1
48.5625 	0.000112372 	3.32107e-05 	1
48.75 	7.34273e-05 	7.34273e-05 	0
48.8125 	6.20539e-05 	6.20539e-05 	0
48.9375 	8.06588e-05 	8.06588e-05 	0
49.0 	6.61102e-05 	6.61102e-05 	0
49.125 	0.000110008 	3.02721e-05 	1
49.1875 	7.84738e-05 	7.84738e-05 	0
49.25 	0.000105904 	8.1052e-05 	2
49.3125 	0.000100271 	7.18026e-05 	1
49.375 	9.74056e-05 	9.74056e-05 	0
49.4375 	9.64007e-05 	9.64007e-05 	0
49.5 	8.96357e-05 	8.96357e-05 	0
49.5625 	7.97248e-05 	7.97248e-05 	0
49.625 	0.000121318 	6.68027e-05 	2
49.6875 	0.000117912 	3.30156e-05 	1
49.75 	6.49948e-05 	6.49948e-05 	0
50.0625 	0.00010565 	6.91473e-05 	1
50.125 	0.000103109 	8.07403e-05 	1
50.25 	8.13814e-05 	8.13814e-05 	0
50.3125 	0.000136043 	6.99737e-05 	1
50.375 	0.000102143 	6.68714e-05 	1
50.4375 	8.99047e-05 	8.99047e-05 	0
50.5 	0.000111473 	8.95099e-05 	1
50.5625 	9.788e-05 	9.788e-05 	0
50.625 	6.28929e-05 	6.28929e-05 	0
50.75 	6.88738e-05 	6.88738e-05 	0
50.8125 	0.000100904 	3.51798e-05 	1
50.875 	0.000106211 	4.93952e-05 	1
50.9375 	0.000106376 	3.91099e-05 	1
51.0 	5.38928e-05 	5.38928e-05 	0
51.0625 	9.35625e-05 	9.35625e-05 	0
51.125 	8.93106e-05 	8.93106e-05 	0
51.1875 	5.24682e-05 	5.24682e-05 	0
51.25 	0.000105542 	9.2718e-05 	1
51.3125 	0.000139271 	3.12185e-05 	1
51.375 	9.69348e-05 	9.69348e-05 	0
51.4375 	0.000103851 	5.93418e-05 	1
51.5 	0.000109721 	8.53729e-05 	1
51.5625 	0.000125676 	4.0393e-05 	1
51.625 	0.000135013 	9.01378e-05 	1
51.6875 	0.000129948 	3.80702e-05 	1
51.8125 	0.000121342 	7.62106e-05 	2
51.875 	0.000107588 	7.47089e-05 	2
52.0 	9.74508e-05 	9.74508e-05 	0
52.0625 	9.13088e-05 	9.13088e-05 	0
52.1875 	8.59311e-05 	8.59311e-05 	0
52.25 	8.46816e-05 	8.46816e-05 	0
52.3125 	9.85685e-05 	9.85685e-05 	0
52.375 	8.44269e-05 	8.44269e-05 	0
52.4375 	7.06543e-05 	7.06543e-05 	0
52.5 	0.000114119 	8.61455e-05 	1
52.5625 	7.02997e-05 	7.02997e-05 	0
52.625 	9.05379e-05 	9.05379e-05 	0
52.6875 	0.000119238 	2.74108e-05 	1
52.75 	9.03435e-05 	9.03435e-05 	0
52.8125 	0.000115628 	7.54807e-05 	2
52.875 	0.000160976 	5.34336e-05 	1
52.9375 	0.000102662 	7.02675e-05 	1
53.0 	5.94565e-05 	5.94565e-05 	0
53.125 	8.45033e-05 	8.45033e-05 	0
53.1875 	0.000105591 	7.51615e-05 	1
53.25 	8.92223e-05 	8.92223e-05 	0
53.3125 	7.7402e-05 	7.7402e-05 	0
53.375 	0.000109238 	9.25809e-05 	1
53.5 	0.000109199 	3.20643e-05 	1
53.5625 	0.000110862 	8.49795e-05 	1
53.625 	9.43287e-05 	9.43287e-05 	0
53.6875 	0.000104609 	5.41328e-05 	1
53.75 	0.000117477 	9.92149e-05 	1
53.8125 	4.95545e-05 	4.95545e-05 	0
53.875 	0.000122522 	7.90586e-05 	1
53.9375 	8.55879e-05 	8.55879e-05 	0
54.0 	0.000114835 	5.37024e-05 	1
54.0625 	0.000108426 	7.13655e-05 	2
54.125 	7.50468e-05 	7.50468e-05 	0
54.1875 	8.11418e-05 	8.11418e-05 	0
54.25 	0.000110965 	7.16748e-05 	1
54.3125 	9.08396e-05 	9.08396e-05 	0
54.375 	9.453e-05 	9.453e-05 	0
54.4375 	0.000110183 	8.3971e-05 	1
54.5 	0.000104352 	8.73047e-05 	1
54.625 	0.000113381 	3.19695e-05 	1
54.6875 	0.000106541 	7.06361e-05 	1
54.8125 	0.000129454 	2.22264e-05 	1
54.875 	0.000112374 	8.10157e-05 	1
54.9375 	9.38367e-05 	9.38367e-05 	0
55.0 	0.000122116 	8.42926e-05 	1
55.0625 	6.57523e-05 	6.57523e-05 	0
55.125 	0.000120906 	7.58379e-05 	1
55.1875 	8.49614e-05 	8.49614e-05 	0
55.3125 	0.000103946 	6.36058e-05 	1
55.4375 	6.794e-05 	6.794e-05 	0
55.5 	9.10907e-05 	9.10907e-05 	0
55.625 	9.00614e-05 	9.00614e-05 	0
55.6875 	0.000114429 	7.29562e-05 	2
55.75 	7.28819e-05 	7.28819e-05 	0
55.8125 	0.000121866 	9.06262e-05 	1
55.875 	0.000119778 	7.31196e-05 	1
55.9375 	0.000116162 	4.98759e-05 	1
56.0 	8.7625e-05 	8.7625e-05 	0
56.0625 	0.000124372 	9.80382e-05 	1
56.1875 	9.89138e-05 	9.89138e-05 	0
56.25 	5.06717e-05 	5.06717e-05 	0
56.3125 	0.000107404 	4.60384e-05 	1
56.375 	0.00011152 	7.00936e-05 	1
56.4375 	9.48433e-05 	9.48433e-05 	0
56.5625 	0.000109527 	6.38973e-05 	1
56.6875 	0.000110384 	6.19941e-05 	1
56.75 	7.91072e-05 	7.91072e-05 	0
56.8125 	7.17159e-05 	7.17159e-05 	0
56.875 	5.66914e-05 	5.66914e-05 	0
56.9375 	0.000151474 	3.94978e-05 	1
57.0 	0.000116047 	8.86591e-05 	1
57.0625 	0.000111807 	9.06567e-05 	1
57.125 	7.25267e-05 	7.25267e-05 	0
57.1875 	8.69946e-05 	8.69946e-05 	0
57.25 	0.000120016 	9.43991e-05 	1
57.3125 	0.000105677 	5.49745e-05 	1
57.375 	0.000110284 	4.33947e-05 	1
57.4375 	9.60171e-05 	9.60171e-05 	0
57.5 	9.59428e-05 	9.59428e-05 	0
57.5625 	9.07805e-05 	9.07805e-05 	0
57.625 	8.26683e-05 	8.26683e-05 	0
57.6875 	9.23758e-05 	9.23758e-05 	0
57.75 	0.00010593 	8.09409e-05 	1
57.8125 	8.71483e-05 	8.71483e-05 	0
57.9375 	7.6321e-05 	7.6321e-05 	0
58.0 	9.82723e-05 	9.82723e-05 	0
58.0625 	6.91828e-05 	6.91828e-05 	0
58.125 	8.15949e-05 	8.15949e-05 	0
58.1875 	7.86876e-05 	7.86876e-05 	0
58.25 	5.72717e-05 	5.72717e-05 	0
58.3125 	0.000117448 	7.60967e-05 	1
58.4375 	0.000139624 	3.02063e-05 	1
58.5 	8.18228e-05 	8.18228e-05 	0
58.5625 	0.000108753 	7.30707e-05 	1
58.625 	9.24131e-05 	9.24131e-05 	0
58.6875 	8.68075e-05 	8.68075e-05 	0
58.8125 	0.00010538 	8.52819e-05 	1
58.875 	0.000102059 	7.43976e-05 	2
58.9375 	9.59826e-05 	9.59826e-05 	0
59.0 	0.00015287 	5.97694e-05 	1
59.125 	8.53226e-05 	8.53226e-05 	0
59.1875 	8.97538e-05 	8.97538e-05 	0
59.25 	0.000102755 	5.04051e-05 	1
59.3125 	0.000118037 	3.37454e-05 	1
59.375 	0.000112663 	6.95935e-05 	1
59.4375 	8.39862e-05 	8.39862e-05 	0
59.5 	6.75402e-05 	6.75402e-05 	0
59.5625 	0.000110998 	4.50136e-05 	1
59.6875 	8.65985e-05 	8.65985e-05 	0
59.8125 	8.0367e-05 	8.0367e-05 	0
59.875 	0.000112498 	9.81031e-05 	1
59.9375 	8.455e-05 	8.455e-05 	0
60.0 	0.00010644 	9.4654e-05 	1
60.0625 	7.47191e-05 	7.47191e-05 	0
60.125 	0.000109109 	5.27818e-05 	1
60.375 	8.47195e-05 	8.47195e-05 	0
60.4375 	0.000133627 	4.00037e-05 	1
60.5 	8.10451e-05 	8.10451e-05 	0
60.5625 	0.000107584 	8.24851e-05 	1
60.625 	9.45359e-05 	9.45359e-05 	0
60.6875 	0.000113918 	8.74536e-05 	1
60.75 	0.000102756 	8.91714e-05 	1
60.8125 	9.48201e-05 	9.48201e-05 	0
60.875 	0.000113201 	8.27483e-05 	1
60.9375 	8.78412e-05 	8.78412e-05 	0
61.0 	0.000138414 	4.28216e-05 	1
61.0625 	7.51207e-05 	7.51207e-05 	0
61.125 	0.000105571 	8.60515e-05 	1
61.1875 	7.34055e-05 	7.34055e-05 	0
61.25 	0.000115847 	5.9682e-05 	1
61.3125 	0.000109598 	6.16737e-05 	1
61.375 	0.000107128 	5.18141e-05 	1
61.4375 	0.000101546 	3.32546e-05 	1
61.5 	9.59147e-05 	9.59147e-05 	0
61.625 	0.000104782 	5.22455e-05 	1
61.6875 	8.73448e-05 	8.73448e-05 	0
61.75 	9.70429e-05 	9.70429e-05 	0
61.8125 	0.000100965 	7.44184e-05 	1
61.875 	7.23838e-05 	7.23838e-05 	0
61.9375 	9.49128e-05 	9.49128e-05 	0
62.0 	0.000110014 	7.41971e-05 	1
62.125 	0.000114417 	8.68402e-05 	1
62.1875 	9.0552e-05 	9.0552e-05 	0
62.25 	0.00011817 	6.08851e-05 	1
62.3125 	0.000111784 	5.95719e-05 	1
62.375 	0.000105828 	8.34083e-05 	1
62.5 	8.23975e-05 	8.23975e-05 	0
62.5625 	0.000101156 	9.93182e-05 	1
62.6875 	0.000117554 	3.19053e-05 	1
62.75 	9.7798e-05 	9.7798e-05 	0
62.875 	0.000117581 	6.32334e-05 	1
62.9375 	0.000131493 	9.39711e-05 	1
63.0 	0.000131023 	3.67142e-05 	1
63.125 	0.000104363 	6.75545e-05 	1
63.25 	7.69831e-05 	7.69831e-05 	0
63.375 	9.72717e-05 	9.72717e-05 	0
63.4375 	6.95249e-05 	6.95249e-05 	0
63.5625 	9.50921e-05 	9.50921e-05 	0
63.625 	0.000109377 	9.29328e-05 	1
63.8125 	9.27368e-05 	9.27368e-05 	0
63.9375 	7.72945e-05 	7.72945e-05 	0
64.0 	0.000115518 	7.13641e-05 	1
64.0625 	6.47387e-05 	6.47387e-05 	0
64.25 	8.8501e-05 	8.8501e-05 	0
64.3125 	0.000104645 	5.94504e-05 	1
64.4375 	6.37902e-05 	6.37902e-05 	0
64.5625 	9.55864e-05 	9.55864e-05 	0
64.6875 	0.000104831 	8.618e-05 	1
64.75 	0.000112393 	4.00877e-05 	1
64.8125 	8.43764e-05 	8.43764e-05 	0
64.875 	8.64115e-05 	8.64115e-05 	0
64.9375 	6.88355e-05 	6.88355e-05 	0
65.0 	0.000132928 	7.38806e-05 	1
65.0625 	0.000112827 	6.78934e-05 	1
65.125 	0.000123248 	3.88598e-05 	1
65.25 	7.7235e-05 	7.7235e-05 	0
65.5 	0.000103054 	5.32479e-05 	1
65.625 	9.19118e-05 	9.19118e-05 	0
65.6875 	9.95556e-05 	9.95556e-05 	0
65.75 	0.000106854 	2.95552e-05 	1
65.8125 	0.000131965 	4.24593e-05 	1
65.9375 	0.000114275 	8.01645e-05 	1
66.0 	0.000127337 	5.61332e-05 	1
66.0625 	8.08846e-05 	8.08846e-05 	0
66.1875 	0.000119607 	4.07813e-05 	1
66.25 	7.77514e-05 	7.77514e-05 	0
66.3125 	0.000112892 	6.7936e-05 	1
66.375 	8.82549e-05 	8.82549e-05 	0
66.4375 	0.000118378 	6.31769e-05 	1
66.5 	0.000125904 	8.27325e-05 	2
66.5625 	7.74292e-05 	7.74292e-05 	0
66.625 	6.31062e-05 	6.31062e-05 	0
66.75 	0.000112147 	3.1379e-05 	1
66.8125 	0.000108268 	6.08731e-05 	1
66.875 	9.4702e-05 	9.4702e-05 	0
66.9375 	0.000105323 	5.53416e-05 	1
67.0 	9.16149e-05 	9.16149e-05 	0
67.125 	0.000120785 	3.3067e-05 	1
67.1875 	0.00013485 	6.48158e-05 	1
67.25 	0.00011188 	7.7995e-05 	2
67.3125 	4.51744e-05 	4.51744e-05 	0
67.375 	5.52982e-05 	5.52982e-05 	0
67.4375 	9.60887e-05 	9.60887e-05 	0
67.5 	7.44204e-05 	7.44204e-05 	0
67.5625 	0.000114924 	8.22358e-05 	2
67.8125 	0.000112556 	6.98744e-05 	2
67.875 	0.000100011 	3.06895e-05 	1
67.9375 	0.000164776 	4.17387e-05 	1
68.0 	0.000104851 	8.93956e-05 	1
68.0625 	6.09277e-05 	6.09277e-05 	0
68.125 	0.000110572 	7.05259e-05 	1
68.1875 	0.000131429 	3.99043e-05 	1
68.25 	9.33527e-05 	9.33527e-05 	0
68.3125 	0.000105496 	9.26661e-05 	1
68.375 	8.15817e-05 	8.15817e-05 	0
68.4375 	0.000111495 	6.92565e-05 	1
68.5 	0.000105985 	6.77503e-05 	2
68.5625 	0.000101937 	8.10377e-05 	1
68.625 	6.00295e-05 	6.00295e-05 	0
68.6875 	8.79533e-05 	8.79533e-05 	0
68.75 	0.000101976 	2.22129e-05 	1
68.8125 	8.06044e-05 	8.06044e-05 	0
68.875 	8.8506e-05 	8.8506e-05 	0
68.9375 	8.56622e-05 	8.56622e-05 	0
69.0625 	9.60063e-05 	9.60063e-05 	0
69.125 	7.91037e-05 	7.91037e-05 	0
69.1875 	0.000118364 	9.90866e-05 	1
69.25 	6.31192e-05 	6.31192e-05 	0
69.3125 	8.64596e-05 	8.64596e-05 	0
69.4375 	0.000110595 	5.80649e-05 	1
69.5 	5.14517e-05 	5.14517e-05 	0
69.5625 	0.000107313 	2.76934e-05 	1
69.625 	8.05284e-05 	8.05284e-05 	0
69.75 	0.000157599 	3.8276e-05 	1
69.8125 	0.000113082 	5.54317e-05 	1
69.875 	9.7876e-05 	9.7876e-05 	0
69.9375 	7.53475e-05 	7.53475e-05 	0
