# time 	Initial 	Final 	Iterations
0.333274 	7.50139e-05 	7.50139e-05 	0
0.579973 	9.15743e-05 	9.15743e-05 	0
0.642226 	4.07973e-05 	4.07973e-05 	0
0.70448 	9.94033e-05 	9.94033e-05 	0
0.766734 	7.04469e-05 	7.04469e-05 	0
0.828988 	9.8213e-05 	9.8213e-05 	0
1.01575 	8.03593e-05 	8.03593e-05 	0
1.26477 	9.63789e-05 	9.63789e-05 	0
1.38927 	7.59246e-05 	7.59246e-05 	0
1.45153 	5.1406e-05 	5.1406e-05 	0
1.51378 	8.80682e-05 	8.80682e-05 	0
1.7628 	4.66108e-05 	4.66108e-05 	0
1.8873 	9.0882e-05 	9.0882e-05 	0
1.94956 	8.58903e-05 	8.58903e-05 	0
2.07407 	5.83667e-05 	5.83667e-05 	0
2.19857 	6.8012e-05 	6.8012e-05 	0
2.26083 	8.9236e-05 	8.9236e-05 	0
2.32308 	3.90791e-05 	3.90791e-05 	0
2.38534 	6.83219e-05 	6.83219e-05 	0
2.44759 	6.56585e-05 	6.56585e-05 	0
2.63435 	5.60728e-05 	5.60728e-05 	0
2.69661 	9.65262e-05 	9.65262e-05 	0
2.88337 	9.70708e-05 	9.70708e-05 	0
2.94562 	5.14635e-05 	5.14635e-05 	0
3.07013 	8.80899e-05 	8.80899e-05 	0
3.19464 	8.89964e-05 	8.89964e-05 	0
3.25689 	8.80992e-05 	8.80992e-05 	0
3.31914 	6.18005e-05 	6.18005e-05 	0
3.3814 	7.33621e-05 	7.33621e-05 	0
3.44365 	8.11076e-05 	8.11076e-05 	0
3.50591 	6.82091e-05 	6.82091e-05 	0
3.69267 	9.96231e-05 	9.96231e-05 	0
3.75492 	9.53379e-05 	9.53379e-05 	0
3.87943 	4.8459e-05 	4.8459e-05 	0
4.00394 	6.78982e-05 	6.78982e-05 	0
4.06619 	6.39425e-05 	6.39425e-05 	0
4.12845 	8.48118e-05 	8.48118e-05 	0
4.1907 	8.86215e-05 	8.86215e-05 	0
4.25295 	9.12694e-05 	9.12694e-05 	0
4.31521 	6.38046e-05 	6.38046e-05 	0
4.37746 	4.77831e-05 	4.77831e-05 	0
4.50197 	8.35482e-05 	8.35482e-05 	0
4.56422 	7.62227e-05 	7.62227e-05 	0
4.62648 	9.04648e-05 	9.04648e-05 	0
4.68873 	3.08574e-05 	3.08574e-05 	0
4.93775 	7.52976e-05 	7.52976e-05 	0
5.0 	2.88586e-05 	2.88586e-05 	0
5.0625 	7.8747e-05 	7.8747e-05 	0
5.125 	4.38839e-05 	4.38839e-05 	0
5.25 	3.98247e-05 	3.98247e-05 	0
5.375 	8.07074e-05 	8.07074e-05 	0
5.5 	9.56939e-05 	9.56939e-05 	0
5.5625 	7.14652e-05 	7.14652e-05 	0
5.625 	4.7642e-05 	4.7642e-05 	0
5.6875 	3.29706e-05 	3.29706e-05 	0
5.8125 	6.4531e-05 	6.4531e-05 	0
5.875 	5.7783e-05 	5.7783e-05 	0
5.9375 	9.08439e-05 	9.08439e-05 	0
6.0 	7.57009e-05 	7.57009e-05 	0
6.1875 	9.77172e-05 	9.77172e-05 	0
6.25 	8.94796e-05 	8.94796e-05 	0
6.4375 	9.39041e-05 	9.39041e-05 	0
6.75 	8.04871e-05 	8.04871e-05 	0
6.8125 	9.07624e-05 	9.07624e-05 	0
6.9375 	0.000101401 	6.39699e-05 	1
7.125 	9.04447e-05 	9.04447e-05 	0
7.1875 	6.73053e-05 	6.73053e-05 	0
7.25 	8.75288e-05 	8.75288e-05 	0
7.4375 	8.36991e-05 	8.36991e-05 	0
7.5625 	9.84452e-05 	9.84452e-05 	0
7.625 	6.51215e-05 	6.51215e-05 	0
7.6875 	5.69651e-05 	5.69651e-05 	0
7.8125 	9.62199e-05 	9.62199e-05 	0
7.9375 	0.000102822 	6.2888e-05 	1
8.0 	5.46385e-05 	5.46385e-05 	0
8.0625 	9.93138e-05 	9.93138e-05 	0
8.125 	7.06005e-05 	7.06005e-05 	0
8.25 	9.99306e-05 	9.99306e-05 	0
8.3125 	7.98236e-05 	7.98236e-05 	0
8.4375 	8.37531e-05 	8.37531e-05 	0
8.5 	8.97396e-05 	8.97396e-05 	0
8.5625 	7.84679e-05 	7.84679e-05 	0
8.8125 	7.99917e-05 	7.99917e-05 	0
8.9375 	4.86534e-05 	4.86534e-05 	0
9.0 	8.78465e-05 	8.78465e-05 	0
9.1875 	8.77789e-05 	8.77789e-05 	0
9.25 	8.01583e-05 	8.01583e-05 	0
9.3125 	9.32452e-05 	9.32452e-05 	0
9.375 	8.85104e-05 	8.85104e-05 	0
9.4375 	7.89159e-05 	7.89159e-05 	0
9.5625 	7.10872e-05 	7.10872e-05 	0
9.625 	7.31782e-05 	7.31782e-05 	0
9.6875 	5.94579e-05 	5.94579e-05 	0
9.8125 	8.88135e-05 	8.88135e-05 	0
9.9375 	5.26392e-05 	5.26392e-05 	0
10.0 	4.27368e-05 	4.27368e-05 	0
10.1875 	9.59457e-05 	9.59457e-05 	0
10.3125 	5.06048e-05 	5.06048e-05 	0
10.625 	7.18656e-05 	7.18656e-05 	0
10.6875 	6.39498e-05 	6.39498e-05 	0
10.75 	8.36949e-05 	8.36949e-05 	0
10.8125 	5.38785e-05 	5.38785e-05 	0
10.875 	4.61439e-05 	4.61439e-05 	0
11.0 	8.69738e-05 	8.69738e-05 	0
11.0625 	9.86007e-05 	9.86007e-05 	0
11.1875 	9.8862e-05 	9.8862e-05 	0
11.6875 	8.25495e-05 	8.25495e-05 	0
11.75 	8.56182e-05 	8.56182e-05 	0
11.8125 	9.73275e-05 	9.73275e-05 	0
11.875 	0.000101855 	7.21652e-05 	1
11.9375 	5.3127e-05 	5.3127e-05 	0
12.0 	8.73502e-05 	8.73502e-05 	0
12.0625 	9.75838e-05 	9.75838e-05 	0
12.1875 	9.00005e-05 	9.00005e-05 	0
12.3125 	3.51361e-05 	3.51361e-05 	0
12.375 	3.34195e-05 	3.34195e-05 	0
12.625 	8.38711e-05 	8.38711e-05 	0
12.6875 	3.08144e-05 	3.08144e-05 	0
12.8125 	5.19748e-05 	5.19748e-05 	0
12.875 	9.30996e-05 	9.30996e-05 	0
13.0 	4.61957e-05 	4.61957e-05 	0
13.0625 	9.05829e-05 	9.05829e-05 	0
13.1875 	7.15504e-05 	7.15504e-05 	0
13.25 	9.84453e-05 	9.84453e-05 	0
13.375 	9.4967e-05 	9.4967e-05 	0
13.4375 	3.72516e-05 	3.72516e-05 	0
13.5625 	9.13503e-05 	9.13503e-05 	0
13.625 	4.51623e-05 	4.51623e-05 	0
13.6875 	9.30256e-05 	9.30256e-05 	0
14.0 	7.06253e-05 	7.06253e-05 	0
14.0625 	8.95853e-05 	8.95853e-05 	0
14.125 	9.67431e-05 	9.67431e-05 	0
14.1875 	9.32269e-05 	9.32269e-05 	0
14.3125 	9.65944e-05 	9.65944e-05 	0
14.375 	4.01393e-05 	4.01393e-05 	0
14.4375 	0.000102875 	6.54509e-05 	1
14.5 	8.66607e-05 	8.66607e-05 	0
14.625 	9.9275e-05 	9.9275e-05 	0
14.6875 	4.52538e-05 	4.52538e-05 	0
14.75 	0.000104012 	7.48015e-05 	1
14.8125 	9.15932e-05 	9.15932e-05 	0
14.9375 	9.42053e-05 	9.42053e-05 	0
15.0 	9.47844e-05 	9.47844e-05 	0
15.1875 	9.0053e-05 	9.0053e-05 	0
15.25 	6.22671e-05 	6.22671e-05 	0
15.3125 	0.000101929 	6.70128e-05 	1
15.375 	7.52127e-05 	7.52127e-05 	0
15.4375 	6.70991e-05 	6.70991e-05 	0
15.5 	7.90899e-05 	7.90899e-05 	0
15.8125 	6.77329e-05 	6.77329e-05 	0
15.875 	8.53122e-05 	8.53122e-05 	0
15.9375 	3.24268e-05 	3.24268e-05 	0
16.0 	6.16026e-05 	6.16026e-05 	0
16.0625 	5.87857e-05 	5.87857e-05 	0
16.125 	4.04479e-05 	4.04479e-05 	0
16.1875 	8.76371e-05 	8.76371e-05 	0
16.25 	6.26354e-05 	6.26354e-05 	0
16.3125 	4.05195e-05 	4.05195e-05 	0
16.375 	7.92838e-05 	7.92838e-05 	0
16.5 	8.85999e-05 	8.85999e-05 	0
16.625 	5.46931e-05 	5.46931e-05 	0
16.8125 	4.46666e-05 	4.46666e-05 	0
16.9375 	8.50331e-05 	8.50331e-05 	0
17.25 	5.12176e-05 	5.12176e-05 	0
17.3125 	8.06722e-05 	8.06722e-05 	0
17.375 	3.40785e-05 	3.40785e-05 	0
17.4375 	7.52807e-05 	7.52807e-05 	0
17.5625 	7.83386e-05 	7.83386e-05 	0
17.625 	4.86727e-05 	4.86727e-05 	0
17.6875 	7.26323e-05 	7.26323e-05 	0
18.0 	5.01221e-05 	5.01221e-05 	0
18.0625 	3.64981e-05 	3.64981e-05 	0
18.1875 	7.99475e-05 	7.99475e-05 	0
18.25 	4.77955e-05 	4.77955e-05 	0
18.375 	9.22122e-05 	9.22122e-05 	0
18.4375 	4.07794e-05 	4.07794e-05 	0
18.5625 	4.70823e-05 	4.70823e-05 	0
18.625 	4.41158e-05 	4.41158e-05 	0
18.8125 	9.73865e-05 	9.73865e-05 	0
18.875 	6.79149e-05 	6.79149e-05 	0
18.9375 	9.69337e-05 	9.69337e-05 	0
19.125 	7.08931e-05 	7.08931e-05 	0
19.4375 	6.16962e-05 	6.16962e-05 	0
19.5 	8.34375e-05 	8.34375e-05 	0
19.625 	6.15959e-05 	6.15959e-05 	0
19.6875 	0.000100108 	4.78605e-05 	1
19.75 	8.67235e-05 	8.67235e-05 	0
19.9375 	5.04796e-05 	5.04796e-05 	0
20.0 	6.34749e-05 	6.34749e-05 	0
20.0625 	5.23546e-05 	5.23546e-05 	0
20.125 	9.35216e-05 	9.35216e-05 	0
20.1875 	5.34567e-05 	5.34567e-05 	0
20.375 	8.25007e-05 	8.25007e-05 	0
20.4375 	8.76566e-05 	8.76566e-05 	0
20.5 	5.92203e-05 	5.92203e-05 	0
20.5625 	9.29554e-05 	9.29554e-05 	0
20.625 	9.1269e-05 	9.1269e-05 	0
20.6875 	7.0669e-05 	7.0669e-05 	0
20.75 	9.80329e-05 	9.80329e-05 	0
21.0 	5.38899e-05 	5.38899e-05 	0
21.0625 	5.12107e-05 	5.12107e-05 	0
21.1875 	9.52136e-05 	9.52136e-05 	0
21.3125 	7.59675e-05 	7.59675e-05 	0
21.5625 	8.68772e-05 	8.68772e-05 	0
21.625 	7.01017e-05 	7.01017e-05 	0
21.75 	9.28135e-05 	9.28135e-05 	0
21.8125 	7.97632e-05 	7.97632e-05 	0
21.875 	4.61371e-05 	4.61371e-05 	0
21.9375 	7.35507e-05 	7.35507e-05 	0
22.125 	8.18574e-05 	8.18574e-05 	0
22.1875 	8.63184e-05 	8.63184e-05 	0
22.25 	9.52086e-05 	9.52086e-05 	0
22.3125 	9.98501e-05 	9.98501e-05 	0
22.375 	3.65943e-05 	3.65943e-05 	0
22.8125 	6.218e-05 	6.218e-05 	0
22.9375 	4.80019e-05 	4.80019e-05 	0
23.0 	4.65967e-05 	4.65967e-05 	0
23.125 	7.91822e-05 	7.91822e-05 	0
23.1875 	4.15804e-05 	4.15804e-05 	0
23.3125 	9.59035e-05 	9.59035e-05 	0
23.375 	9.19696e-05 	9.19696e-05 	0
23.4375 	6.59989e-05 	6.59989e-05 	0
23.6875 	6.85066e-05 	6.85066e-05 	0
23.8125 	7.85482e-05 	7.85482e-05 	0
23.875 	8.53326e-05 	8.53326e-05 	0
24.0 	7.29664e-05 	7.29664e-05 	0
24.0625 	0.000100696 	6.17559e-05 	1
24.3125 	8.84125e-05 	8.84125e-05 	0
24.375 	9.56138e-05 	9.56138e-05 	0
24.4375 	9.08339e-05 	9.08339e-05 	0
24.5625 	7.2597e-05 	7.2597e-05 	0
24.625 	8.73877e-05 	8.73877e-05 	0
24.6875 	9.43219e-05 	9.43219e-05 	0
24.75 	7.29862e-05 	7.29862e-05 	0
24.8125 	7.91493e-05 	7.91493e-05 	0
25.0 	6.99076e-05 	6.99076e-05 	0
25.0625 	7.83483e-05 	7.83483e-05 	0
25.125 	9.92324e-05 	9.92324e-05 	0
25.25 	8.9814e-05 	8.9814e-05 	0
25.3125 	9.09784e-05 	9.09784e-05 	0
25.625 	9.14924e-05 	9.14924e-05 	0
25.6875 	9.61715e-05 	9.61715e-05 	0
25.75 	7.94662e-05 	7.94662e-05 	0
25.8125 	7.4469e-05 	7.4469e-05 	0
26.0 	4.54251e-05 	4.54251e-05 	0
26.125 	4.4206e-05 	4.4206e-05 	0
26.25 	8.06106e-05 	8.06106e-05 	0
26.3125 	9.89979e-05 	9.89979e-05 	0
26.375 	9.73173e-05 	9.73173e-05 	0
26.5 	9.80151e-05 	9.80151e-05 	0
26.5625 	5.81677e-05 	5.81677e-05 	0
26.625 	7.80575e-05 	7.80575e-05 	0
26.6875 	9.13445e-05 	9.13445e-05 	0
26.875 	8.56437e-05 	8.56437e-05 	0
26.9375 	9.25144e-05 	9.25144e-05 	0
27.0 	8.04273e-05 	8.04273e-05 	0
27.25 	9.02315e-05 	9.02315e-05 	0
27.3125 	7.96626e-05 	7.96626e-05 	0
27.375 	6.81365e-05 	6.81365e-05 	0
27.5 	9.73052e-05 	9.73052e-05 	0
27.625 	8.0186e-05 	8.0186e-05 	0
27.6875 	9.63313e-05 	9.63313e-05 	0
27.75 	4.23916e-05 	4.23916e-05 	0
27.8125 	8.53627e-05 	8.53627e-05 	0
28.0 	8.00135e-05 	8.00135e-05 	0
28.0625 	0.000102224 	6.72407e-05 	1
28.125 	6.33673e-05 	6.33673e-05 	0
28.3125 	9.43622e-05 	9.43622e-05 	0
28.4375 	3.82427e-05 	3.82427e-05 	0
28.5 	8.32771e-05 	8.32771e-05 	0
28.625 	7.23236e-05 	7.23236e-05 	0
28.6875 	9.48343e-05 	9.48343e-05 	0
28.8125 	9.2457e-05 	9.2457e-05 	0
28.875 	4.51848e-05 	4.51848e-05 	0
28.9375 	5.9244e-05 	5.9244e-05 	0
29.0 	3.55253e-05 	3.55253e-05 	0
29.0625 	6.08001e-05 	6.08001e-05 	0
29.125 	8.2743e-05 	8.2743e-05 	0
29.1875 	4.64018e-05 	4.64018e-05 	0
29.25 	9.26823e-05 	9.26823e-05 	0
29.375 	9.82976e-05 	9.82976e-05 	0
29.4375 	3.68516e-05 	3.68516e-05 	0
29.5 	8.92849e-05 	8.92849e-05 	0
29.625 	7.13055e-05 	7.13055e-05 	0
29.6875 	9.91528e-05 	9.91528e-05 	0
29.75 	8.65945e-05 	8.65945e-05 	0
29.9375 	8.35404e-05 	8.35404e-05 	0
30.125 	8.53012e-05 	8.53012e-05 	0
30.1875 	6.93595e-05 	6.93595e-05 	0
30.25 	0.000100328 	5.58755e-05 	1
30.3125 	8.28037e-05 	8.28037e-05 	0
30.375 	9.51862e-05 	9.51862e-05 	0
30.4375 	5.53216e-05 	5.53216e-05 	0
30.5 	6.10795e-05 	6.10795e-05 	0
30.5625 	5.6437e-05 	5.6437e-05 	0
30.6875 	9.70288e-05 	9.70288e-05 	0
30.8125 	8.83939e-05 	8.83939e-05 	0
30.9375 	8.72827e-05 	8.72827e-05 	0
31.1875 	7.12133e-05 	7.12133e-05 	0
31.25 	6.02239e-05 	6.02239e-05 	0
31.375 	0.000100568 	6.98603e-05 	1
31.5 	9.07076e-05 	9.07076e-05 	0
31.625 	5.80311e-05 	5.80311e-05 	0
31.75 	6.45919e-05 	6.45919e-05 	0
31.8125 	9.76688e-05 	9.76688e-05 	0
31.875 	7.34698e-05 	7.34698e-05 	0
32.0 	6.77063e-05 	6.77063e-05 	0
32.125 	9.13256e-05 	9.13256e-05 	0
32.1875 	7.54828e-05 	7.54828e-05 	0
32.25 	3.68068e-05 	3.68068e-05 	0
32.3125 	9.74959e-05 	9.74959e-05 	0
32.4375 	7.86444e-05 	7.86444e-05 	0
32.5 	6.60065e-05 	6.60065e-05 	0
32.625 	7.80963e-05 	7.80963e-05 	0
32.6875 	4.31733e-05 	4.31733e-05 	0
32.75 	8.47593e-05 	8.47593e-05 	0
32.8125 	6.99711e-05 	6.99711e-05 	0
32.875 	5.58937e-05 	5.58937e-05 	0
33.0 	9.88417e-05 	9.88417e-05 	0
33.0625 	8.47399e-05 	8.47399e-05 	0
33.125 	3.83074e-05 	3.83074e-05 	0
33.1875 	8.25676e-05 	8.25676e-05 	0
33.3125 	9.55849e-05 	9.55849e-05 	0
33.375 	7.89026e-05 	7.89026e-05 	0
33.4375 	8.32094e-05 	8.32094e-05 	0
33.625 	6.01601e-05 	6.01601e-05 	0
33.6875 	9.87189e-05 	9.87189e-05 	0
33.75 	3.5266e-05 	3.5266e-05 	0
33.875 	7.37455e-05 	7.37455e-05 	0
33.9375 	8.80525e-05 	8.80525e-05 	0
34.0625 	0.000108893 	6.00718e-05 	1
34.125 	7.59182e-05 	7.59182e-05 	0
34.1875 	9.29463e-05 	9.29463e-05 	0
34.25 	6.89885e-05 	6.89885e-05 	0
34.3125 	7.27448e-05 	7.27448e-05 	0
34.375 	9.15442e-05 	9.15442e-05 	0
34.4375 	6.64223e-05 	6.64223e-05 	0
34.5 	6.65618e-05 	6.65618e-05 	0
34.5625 	7.78598e-05 	7.78598e-05 	0
34.625 	7.61969e-05 	7.61969e-05 	0
34.6875 	4.73255e-05 	4.73255e-05 	0
34.875 	6.07022e-05 	6.07022e-05 	0
34.9375 	6.89747e-05 	6.89747e-05 	0
35.0625 	8.43502e-05 	8.43502e-05 	0
35.125 	8.06361e-05 	8.06361e-05 	0
35.25 	0.000106839 	6.56665e-05 	1
35.3125 	3.52146e-05 	3.52146e-05 	0
35.375 	8.21502e-05 	8.21502e-05 	0
35.625 	4.63581e-05 	4.63581e-05 	0
35.6875 	8.0222e-05 	8.0222e-05 	0
35.75 	7.33063e-05 	7.33063e-05 	0
35.8125 	7.92049e-05 	7.92049e-05 	0
35.875 	6.5831e-05 	6.5831e-05 	0
35.9375 	8.3121e-05 	8.3121e-05 	0
36.0 	8.92024e-05 	8.92024e-05 	0
36.125 	9.71824e-05 	9.71824e-05 	0
36.25 	8.79298e-05 	8.79298e-05 	0
36.4375 	8.69405e-05 	8.69405e-05 	0
36.5 	9.81474e-05 	9.81474e-05 	0
36.8125 	5.96601e-05 	5.96601e-05 	0
36.875 	4.77124e-05 	4.77124e-05 	0
37.125 	7.87758e-05 	7.87758e-05 	0
37.1875 	8.0664e-05 	8.0664e-05 	0
37.3125 	7.54596e-05 	7.54596e-05 	0
37.4375 	8.18771e-05 	8.18771e-05 	0
37.5 	9.17839e-05 	9.17839e-05 	0
37.5625 	7.41281e-05 	7.41281e-05 	0
37.75 	6.0292e-05 	6.0292e-05 	0
37.9375 	8.94793e-05 	8.94793e-05 	0
38.0 	9.50704e-05 	9.50704e-05 	0
38.0625 	7.97882e-05 	7.97882e-05 	0
38.125 	7.74827e-05 	7.74827e-05 	0
38.25 	8.97758e-05 	8.97758e-05 	0
38.3125 	8.89117e-05 	8.89117e-05 	0
38.4375 	6.73497e-05 	6.73497e-05 	0
38.5625 	8.54127e-05 	8.54127e-05 	0
38.6875 	5.56755e-05 	5.56755e-05 	0
38.8125 	8.01331e-05 	8.01331e-05 	0
38.875 	8.54594e-05 	8.54594e-05 	0
38.9375 	8.90447e-05 	8.90447e-05 	0
39.0 	9.18925e-05 	9.18925e-05 	0
39.0625 	7.95818e-05 	7.95818e-05 	0
39.125 	2.99686e-05 	2.99686e-05 	0
39.1875 	8.32786e-05 	8.32786e-05 	0
39.25 	9.05898e-05 	9.05898e-05 	0
39.3125 	9.64035e-05 	9.64035e-05 	0
39.5625 	6.83875e-05 	6.83875e-05 	0
39.625 	4.95177e-05 	4.95177e-05 	0
39.6875 	8.80925e-05 	8.80925e-05 	0
39.75 	7.55868e-05 	7.55868e-05 	0
39.875 	7.28762e-05 	7.28762e-05 	0
39.9375 	5.46055e-05 	5.46055e-05 	0
40.0 	5.29829e-05 	5.29829e-05 	0
40.125 	8.5464e-05 	8.5464e-05 	0
40.25 	8.65435e-05 	8.65435e-05 	0
40.3125 	8.34076e-05 	8.34076e-05 	0
40.4375 	9.83835e-05 	9.83835e-05 	0
40.5 	3.04903e-05 	3.04903e-05 	0
40.5625 	8.28025e-05 	8.28025e-05 	0
40.625 	8.07381e-05 	8.07381e-05 	0
40.8125 	6.56802e-05 	6.56802e-05 	0
40.9375 	7.02642e-05 	7.02642e-05 	0
41.125 	8.34449e-05 	8.34449e-05 	0
41.1875 	8.14808e-05 	8.14808e-05 	0
41.25 	8.16644e-05 	8.16644e-05 	0
41.3125 	8.06999e-05 	8.06999e-05 	0
41.4375 	8.45117e-05 	8.45117e-05 	0
41.5 	9.78418e-05 	9.78418e-05 	0
41.6875 	9.69355e-05 	9.69355e-05 	0
41.8125 	7.68437e-05 	7.68437e-05 	0
41.875 	6.0473e-05 	6.0473e-05 	0
41.9375 	3.72313e-05 	3.72313e-05 	0
42.0 	8.40102e-05 	8.40102e-05 	0
42.25 	3.3535e-05 	3.3535e-05 	0
42.5 	4.44276e-05 	4.44276e-05 	0
42.6875 	6.07075e-05 	6.07075e-05 	0
42.8125 	7.47957e-05 	7.47957e-05 	0
42.875 	5.83193e-05 	5.83193e-05 	0
42.9375 	8.46255e-05 	8.46255e-05 	0
43.0 	5.42206e-05 	5.42206e-05 	0
43.0625 	8.75315e-05 	8.75315e-05 	0
43.1875 	7.11683e-05 	7.11683e-05 	0
43.3125 	8.70075e-05 	8.70075e-05 	0
43.375 	8.80168e-05 	8.80168e-05 	0
43.6875 	8.20335e-05 	8.20335e-05 	0
43.8125 	8.14694e-05 	8.14694e-05 	0
43.9375 	7.321e-05 	7.321e-05 	0
44.0 	6.45599e-05 	6.45599e-05 	0
44.0625 	4.53386e-05 	4.53386e-05 	0
44.125 	8.91666e-05 	8.91666e-05 	0
44.1875 	7.31075e-05 	7.31075e-05 	0
44.25 	9.25728e-05 	9.25728e-05 	0
44.3125 	2.94524e-05 	2.94524e-05 	0
44.375 	5.46151e-05 	5.46151e-05 	0
44.4375 	4.57341e-05 	4.57341e-05 	0
44.5625 	8.8613e-05 	8.8613e-05 	0
44.6875 	8.14853e-05 	8.14853e-05 	0
44.8125 	5.3788e-05 	5.3788e-05 	0
44.875 	6.31574e-05 	6.31574e-05 	0
44.9375 	4.33797e-05 	4.33797e-05 	0
45.0 	9.32294e-05 	9.32294e-05 	0
45.0625 	5.80879e-05 	5.80879e-05 	0
45.1875 	9.95787e-05 	9.95787e-05 	0
45.3125 	5.96699e-05 	5.96699e-05 	0
45.5 	9.97991e-05 	9.97991e-05 	0
45.625 	8.10999e-05 	8.10999e-05 	0
45.6875 	3.97596e-05 	3.97596e-05 	0
45.75 	7.1591e-05 	7.1591e-05 	0
45.9375 	6.44342e-05 	6.44342e-05 	0
46.0 	2.96956e-05 	2.96956e-05 	0
46.0625 	8.40509e-05 	8.40509e-05 	0
46.3125 	5.63118e-05 	5.63118e-05 	0
46.5625 	7.12607e-05 	7.12607e-05 	0
46.625 	3.02894e-05 	3.02894e-05 	0
46.6875 	9.75248e-05 	9.75248e-05 	0
46.75 	7.81797e-05 	7.81797e-05 	0
46.875 	8.58583e-05 	8.58583e-05 	0
47.0 	9.2091e-05 	9.2091e-05 	0
47.0625 	7.02667e-05 	7.02667e-05 	0
47.125 	7.4061e-05 	7.4061e-05 	0
47.1875 	9.7929e-05 	9.7929e-05 	0
47.25 	3.08644e-05 	3.08644e-05 	0
47.375 	8.66006e-05 	8.66006e-05 	0
47.5 	9.18873e-05 	9.18873e-05 	0
47.5625 	9.39829e-05 	9.39829e-05 	0
47.625 	9.25964e-05 	9.25964e-05 	0
47.6875 	8.92675e-05 	8.92675e-05 	0
47.8125 	4.11983e-05 	4.11983e-05 	0
48.0625 	9.74886e-05 	9.74886e-05 	0
48.1875 	8.10101e-05 	8.10101e-05 	0
48.25 	9.02436e-05 	9.02436e-05 	0
48.3125 	6.1759e-05 	6.1759e-05 	0
48.4375 	9.85722e-05 	9.85722e-05 	0
48.5625 	4.95781e-05 	4.95781e-05 	0
48.75 	9.79474e-05 	9.79474e-05 	0
48.8125 	9.76412e-05 	9.76412e-05 	0
48.9375 	7.83378e-05 	7.83378e-05 	0
49.0 	3.51978e-05 	3.51978e-05 	0
49.125 	8.81483e-05 	8.81483e-05 	0
49.25 	4.55037e-05 	4.55037e-05 	0
49.3125 	7.41454e-05 	7.41454e-05 	0
49.375 	6.43597e-05 	6.43597e-05 	0
49.4375 	6.0623e-05 	6.0623e-05 	0
49.5 	8.77763e-05 	8.77763e-05 	0
49.5625 	9.14421e-05 	9.14421e-05 	0
49.625 	9.79461e-05 	9.79461e-05 	0
49.6875 	6.9392e-05 	6.9392e-05 	0
49.75 	9.97984e-05 	9.97984e-05 	0
50.0625 	7.4055e-05 	7.4055e-05 	0
50.25 	6.64432e-05 	6.64432e-05 	0
50.3125 	8.93916e-05 	8.93916e-05 	0
50.375 	8.10105e-05 	8.10105e-05 	0
50.4375 	7.18261e-05 	7.18261e-05 	0
50.5625 	8.9832e-05 	8.9832e-05 	0
50.625 	9.48283e-05 	9.48283e-05 	0
50.75 	7.02767e-05 	7.02767e-05 	0
50.8125 	7.89878e-05 	7.89878e-05 	0
50.875 	4.59093e-05 	4.59093e-05 	0
50.9375 	7.68839e-05 	7.68839e-05 	0
51.0 	9.7056e-05 	9.7056e-05 	0
51.125 	6.74201e-05 	6.74201e-05 	0
51.1875 	8.21149e-05 	8.21149e-05 	0
51.25 	4.48243e-05 	4.48243e-05 	0
51.3125 	9.43412e-05 	9.43412e-05 	0
51.375 	8.00081e-05 	8.00081e-05 	0
51.4375 	6.47897e-05 	6.47897e-05 	0
51.5 	7.88363e-05 	7.88363e-05 	0
51.625 	4.99386e-05 	4.99386e-05 	0
51.6875 	9.52762e-05 	9.52762e-05 	0
51.8125 	6.81184e-05 	6.81184e-05 	0
51.875 	5.43444e-05 	5.43444e-05 	0
52.0 	4.0454e-05 	4.0454e-05 	0
52.0625 	9.77938e-05 	9.77938e-05 	0
52.1875 	8.38278e-05 	8.38278e-05 	0
52.3125 	0.00010626 	6.97462e-05 	1
52.375 	6.89457e-05 	6.89457e-05 	0
52.5 	9.54532e-05 	9.54532e-05 	0
52.625 	8.00071e-05 	8.00071e-05 	0
52.75 	5.48583e-05 	5.48583e-05 	0
52.8125 	2.58286e-05 	2.58286e-05 	0
52.875 	4.20493e-05 	4.20493e-05 	0
52.9375 	9.74167e-05 	9.74167e-05 	0
53.1875 	8.98071e-05 	8.98071e-05 	0
53.25 	9.04631e-05 	9.04631e-05 	0
53.3125 	3.86199e-05 	3.86199e-05 	0
53.5 	7.63289e-05 	7.63289e-05 	0
53.5625 	0.000105755 	6.47586e-05 	1
53.625 	6.95887e-05 	6.95887e-05 	0
53.6875 	5.31247e-05 	5.31247e-05 	0
53.75 	5.16227e-05 	5.16227e-05 	0
53.8125 	6.69745e-05 	6.69745e-05 	0
53.875 	9.82591e-05 	9.82591e-05 	0
54.0 	7.72668e-05 	7.72668e-05 	0
54.0625 	4.38596e-05 	4.38596e-05 	0
54.1875 	5.7521e-05 	5.7521e-05 	0
54.25 	7.67828e-05 	7.67828e-05 	0
54.3125 	8.34305e-05 	8.34305e-05 	0
54.375 	9.87057e-05 	9.87057e-05 	0
54.4375 	8.83403e-05 	8.83403e-05 	0
54.6875 	6.55018e-05 	6.55018e-05 	0
54.8125 	8.51566e-05 	8.51566e-05 	0
54.875 	8.12163e-05 	8.12163e-05 	0
54.9375 	9.36268e-05 	9.36268e-05 	0
55.0 	7.52854e-05 	7.52854e-05 	0
55.0625 	8.37492e-05 	8.37492e-05 	0
55.125 	6.66961e-05 	6.66961e-05 	0
55.3125 	9.12659e-05 	9.12659e-05 	0
55.4375 	7.87845e-05 	7.87845e-05 	0
55.5 	7.8996e-05 	7.8996e-05 	0
55.6875 	8.62037e-05 	8.62037e-05 	0
55.75 	6.18684e-05 	6.18684e-05 	0
55.875 	8.19836e-05 	8.19836e-05 	0
55.9375 	8.93279e-05 	8.93279e-05 	0
56.0 	9.56236e-05 	9.56236e-05 	0
56.0625 	6.94703e-05 	6.94703e-05 	0
56.3125 	9.64901e-05 	9.64901e-05 	0
56.375 	9.43628e-05 	9.43628e-05 	0
56.4375 	6.33655e-05 	6.33655e-05 	0
56.5625 	5.07025e-05 	5.07025e-05 	0
56.6875 	3.68531e-05 	3.68531e-05 	0
56.75 	7.85791e-05 	7.85791e-05 	0
56.8125 	4.84704e-05 	4.84704e-05 	0
56.9375 	9.54621e-05 	9.54621e-05 	0
57.0 	7.93148e-05 	7.93148e-05 	0
57.0625 	9.036e-05 	9.036e-05 	0
57.1875 	5.06087e-05 	5.06087e-05 	0
57.25 	5.08004e-05 	5.08004e-05 	0
57.3125 	5.00447e-05 	5.00447e-05 	0
57.4375 	6.92274e-05 	6.92274e-05 	0
57.625 	3.59991e-05 	3.59991e-05 	0
57.6875 	8.47346e-05 	8.47346e-05 	0
57.75 	7.70257e-05 	7.70257e-05 	0
57.8125 	7.80169e-05 	7.80169e-05 	0
58.0 	5.04585e-05 	5.04585e-05 	0
58.0625 	9.81837e-05 	9.81837e-05 	0
58.125 	6.9727e-05 	6.9727e-05 	0
58.1875 	7.73293e-05 	7.73293e-05 	0
58.25 	9.74729e-05 	9.74729e-05 	0
58.3125 	7.35905e-05 	7.35905e-05 	0
58.4375 	5.899e-05 	5.899e-05 	0
58.5625 	7.07173e-05 	7.07173e-05 	0
58.6875 	8.87322e-05 	8.87322e-05 	0
58.8125 	6.58264e-05 	6.58264e-05 	0
58.875 	9.22065e-05 	9.22065e-05 	0
58.9375 	6.54393e-05 	6.54393e-05 	0
59.0 	0.000113045 	6.30468e-05 	1
59.125 	9.50398e-05 	9.50398e-05 	0
59.25 	3.55841e-05 	3.55841e-05 	0
59.3125 	6.74593e-05 	6.74593e-05 	0
59.375 	4.12854e-05 	4.12854e-05 	0
59.4375 	4.71599e-05 	4.71599e-05 	0
59.5 	8.82685e-05 	8.82685e-05 	0
59.6875 	9.63883e-05 	9.63883e-05 	0
59.8125 	3.92601e-05 	3.92601e-05 	0
59.875 	7.51883e-05 	7.51883e-05 	0
59.9375 	3.61334e-05 	3.61334e-05 	0
60.125 	7.20817e-05 	7.20817e-05 	0
60.375 	9.63381e-05 	9.63381e-05 	0
60.4375 	6.683e-05 	6.683e-05 	0
60.5625 	9.49597e-05 	9.49597e-05 	0
60.625 	8.96792e-05 	8.96792e-05 	0
60.75 	4.28944e-05 	4.28944e-05 	0
60.8125 	8.85751e-05 	8.85751e-05 	0
60.875 	6.52322e-05 	6.52322e-05 	0
61.0 	5.32988e-05 	5.32988e-05 	0
61.125 	5.48878e-05 	5.48878e-05 	0
61.1875 	9.57899e-05 	9.57899e-05 	0
61.25 	7.52954e-05 	7.52954e-05 	0
61.4375 	0.000103091 	5.9888e-05 	1
61.5 	6.30506e-05 	6.30506e-05 	0
61.625 	7.22923e-05 	7.22923e-05 	0
61.6875 	9.30233e-05 	9.30233e-05 	0
61.8125 	8.37964e-05 	8.37964e-05 	0
61.9375 	6.05694e-05 	6.05694e-05 	0
62.0 	8.72558e-05 	8.72558e-05 	0
62.125 	6.26512e-05 	6.26512e-05 	0
62.1875 	7.66538e-05 	7.66538e-05 	0
62.25 	4.27336e-05 	4.27336e-05 	0
62.375 	9.08118e-05 	9.08118e-05 	0
62.5 	6.57128e-05 	6.57128e-05 	0
62.5625 	8.71068e-05 	8.71068e-05 	0
62.75 	6.28882e-05 	6.28882e-05 	0
62.875 	6.43654e-05 	6.43654e-05 	0
62.9375 	8.84098e-05 	8.84098e-05 	0
63.0 	4.5302e-05 	4.5302e-05 	0
63.25 	9.3593e-05 	9.3593e-05 	0
63.4375 	8.10424e-05 	8.10424e-05 	0
63.5625 	6.41672e-05 	6.41672e-05 	0
63.8125 	8.12914e-05 	8.12914e-05 	0
63.9375 	5.43085e-05 	5.43085e-05 	0
64.0 	7.42103e-05 	7.42103e-05 	0
64.0625 	7.99104e-05 	7.99104e-05 	0
64.25 	7.58057e-05 	7.58057e-05 	0
64.4375 	8.60825e-05 	8.60825e-05 	0
64.5625 	9.45613e-05 	9.45613e-05 	0
64.6875 	9.0923e-05 	9.0923e-05 	0
64.75 	9.39487e-05 	9.39487e-05 	0
64.8125 	8.42035e-05 	8.42035e-05 	0
64.875 	5.99541e-05 	5.99541e-05 	0
64.9375 	0.00010833 	7.64694e-05 	1
65.0 	4.10365e-05 	4.10365e-05 	0
65.0625 	7.6202e-05 	7.6202e-05 	0
65.125 	8.9065e-05 	8.9065e-05 	0
65.25 	8.82789e-05 	8.82789e-05 	0
65.5 	4.49317e-05 	4.49317e-05 	0
65.625 	9.22148e-05 	9.22148e-05 	0
65.8125 	7.25231e-05 	7.25231e-05 	0
65.9375 	7.88616e-05 	7.88616e-05 	0
66.0 	5.12451e-05 	5.12451e-05 	0
66.0625 	9.12427e-05 	9.12427e-05 	0
66.3125 	8.02308e-05 	8.02308e-05 	0
66.5 	7.33935e-05 	7.33935e-05 	0
66.75 	5.40834e-05 	5.40834e-05 	0
66.8125 	4.36281e-05 	4.36281e-05 	0
66.875 	9.3193e-05 	9.3193e-05 	0
66.9375 	6.67471e-05 	6.67471e-05 	0
67.0 	8.61057e-05 	8.61057e-05 	0
67.25 	8.24647e-05 	8.24647e-05 	0
67.375 	8.63125e-05 	8.63125e-05 	0
67.4375 	6.23683e-05 	6.23683e-05 	0
67.5 	5.62413e-05 	5.62413e-05 	0
67.8125 	0.000105604 	6.07025e-05 	1
67.875 	8.23193e-05 	8.23193e-05 	0
67.9375 	4.10083e-05 	4.10083e-05 	0
68.0 	8.86509e-05 	8.86509e-05 	0
68.0625 	5.76109e-05 	5.76109e-05 	0
68.125 	6.9913e-05 	6.9913e-05 	0
68.1875 	8.87638e-05 	8.87638e-05 	0
68.3125 	6.7712e-05 	6.7712e-05 	0
68.375 	3.68942e-05 	3.68942e-05 	0
68.4375 	9.50064e-05 	9.50064e-05 	0
68.5625 	9.86856e-05 	9.86856e-05 	0
68.625 	7.70537e-05 	7.70537e-05 	0
68.6875 	8.7663e-05 	8.7663e-05 	0
68.75 	9.66984e-05 	9.66984e-05 	0
68.8125 	9.91778e-05 	9.91778e-05 	0
68.9375 	4.65293e-05 	4.65293e-05 	0
69.125 	6.04524e-05 	6.04524e-05 	0
69.1875 	7.4614e-05 	7.4614e-05 	0
69.25 	9.17934e-05 	9.17934e-05 	0
69.3125 	3.95819e-05 	3.95819e-05 	0
69.4375 	6.47804e-05 	6.47804e-05 	0
69.5 	5.87847e-05 	5.87847e-05 	0
69.75 	7.31693e-05 	7.31693e-05 	0
69.8125 	5.81453e-05 	5.81453e-05 	0
69.875 	8.37712e-05 	8.37712e-05 	0
69.9375 	9.9505e-05 	9.9505e-05 	0
