# time 	Initial 	Final 	Iterations
0.642226 	0.000227625 	5.13583e-06 	2
0.766734 	0.000144123 	3.56853e-06 	2
0.828988 	0.000161717 	3.81639e-06 	2
1.38927 	0.000119139 	8.77384e-06 	1
1.45153 	0.000136354 	3.34924e-06 	2
1.51378 	0.000173569 	4.06872e-06 	2
1.7628 	0.000121319 	3.60499e-06 	2
1.94956 	0.000189076 	4.24604e-06 	2
2.19857 	0.00029192 	6.44839e-06 	2
2.26083 	0.000170733 	3.88181e-06 	2
2.32308 	0.000149512 	5.28517e-06 	2
2.38534 	0.000268701 	5.95985e-06 	2
2.63435 	0.000257135 	6.0344e-06 	2
2.69661 	0.000248429 	5.79339e-06 	2
2.88337 	0.000225494 	4.963e-06 	2
2.94562 	0.000311749 	6.83319e-06 	2
3.07013 	0.000126074 	3.01797e-06 	2
3.31914 	9.30568e-05 	9.88733e-06 	1
3.3814 	0.000167374 	3.95862e-06 	2
3.44365 	0.000305474 	6.72865e-06 	2
3.69267 	0.000205808 	4.79193e-06 	2
3.75492 	0.000169141 	4.16629e-06 	2
4.06619 	8.6697e-05 	7.5599e-06 	1
4.12845 	0.000171124 	4.34425e-06 	2
4.25295 	0.000223537 	5.05529e-06 	2
4.50197 	0.000257808 	5.96008e-06 	2
4.62648 	0.000301818 	6.99266e-06 	2
4.68873 	0.000467293 	2.82345e-06 	2
4.93775 	0.000221458 	5.33597e-06 	2
5.25 	0.000237927 	5.30186e-06 	2
5.375 	0.000192685 	4.90698e-06 	2
5.5 	9.46671e-05 	9.21611e-06 	1
5.5625 	0.000254372 	5.94584e-06 	2
5.6875 	0.000213929 	4.94046e-06 	2
5.875 	0.000221936 	5.1001e-06 	2
6.0 	0.000144723 	3.76409e-06 	2
6.1875 	0.000310552 	7.10166e-06 	2
6.25 	0.000165632 	4.07039e-06 	2
6.75 	0.000152482 	3.75892e-06 	2
6.8125 	8.85474e-05 	2.25183e-06 	2
6.9375 	0.00030817 	6.76336e-06 	2
7.6875 	0.000336383 	7.50233e-06 	2
7.8125 	0.000206074 	5.22156e-06 	2
7.9375 	0.000408168 	8.97072e-06 	2
8.0 	0.000140253 	3.52241e-06 	2
8.125 	0.000288571 	6.39173e-06 	2
8.4375 	0.000135277 	3.87435e-06 	2
8.5 	0.000192268 	4.7423e-06 	2
8.8125 	0.000318781 	7.48036e-06 	2
8.9375 	0.000151609 	3.46304e-06 	2
9.0 	0.000272812 	5.84553e-06 	2
9.1875 	0.000123564 	3.02589e-06 	2
9.3125 	0.000127875 	3.61663e-06 	2
9.375 	0.00031874 	7.33936e-06 	2
9.4375 	0.000113094 	3.02172e-06 	2
9.625 	0.000185708 	4.36607e-06 	2
9.6875 	0.000118112 	2.8122e-06 	2
9.8125 	0.000183373 	4.56769e-06 	2
9.9375 	0.000156979 	3.79333e-06 	2
10.3125 	0.000228143 	5.14155e-06 	2
10.75 	0.000131454 	3.54669e-06 	2
10.8125 	0.000121814 	3.29367e-06 	2
10.875 	0.000130178 	3.45253e-06 	2
11.0 	0.000111761 	2.60634e-06 	2
11.0625 	0.000102889 	9.17907e-06 	1
11.1875 	0.000114072 	2.97e-06 	2
11.6875 	0.000165348 	4.12629e-06 	2
11.75 	0.000325401 	7.33467e-06 	2
11.8125 	0.000288398 	6.49796e-06 	2
11.9375 	0.000157029 	4.08067e-06 	2
12.0 	0.000260417 	6.3295e-06 	2
12.1875 	0.000155011 	4.79798e-06 	2
12.3125 	0.000324341 	7.56451e-06 	2
12.375 	0.00012972 	3.55219e-06 	2
12.6875 	0.000123584 	3.69661e-06 	2
12.8125 	0.000128503 	3.8974e-06 	2
12.875 	0.000318444 	6.91652e-06 	2
13.0 	0.000163371 	3.79023e-06 	2
13.0625 	0.000315398 	7.16689e-06 	2
13.1875 	0.000284655 	6.82562e-06 	2
13.25 	0.000292603 	6.58887e-06 	2
13.5625 	9.63532e-05 	9.43389e-06 	1
13.625 	0.000171495 	3.78853e-06 	2
13.6875 	0.000180071 	4.28042e-06 	2
14.0625 	0.000153105 	3.86774e-06 	2
14.125 	9.4234e-05 	8.02446e-06 	1
14.1875 	8.54496e-05 	7.62038e-06 	1
14.3125 	0.000172034 	4.23624e-06 	2
14.4375 	0.0003076 	7.29078e-06 	2
14.5 	0.000129165 	3.69835e-06 	2
14.625 	0.000155172 	4.54126e-06 	2
14.6875 	0.000282815 	6.77073e-06 	2
14.8125 	0.000297064 	6.77624e-06 	2
14.9375 	0.000157588 	5.55726e-06 	2
15.0 	0.000160682 	3.98306e-06 	2
15.1875 	0.000152969 	3.66831e-06 	2
15.25 	0.000127779 	3.14444e-06 	2
15.3125 	5.5497e-05 	4.87977e-06 	1
15.375 	0.000274338 	6.81414e-06 	2
15.4375 	8.70412e-05 	7.70585e-06 	1
15.8125 	0.000122942 	3.45333e-06 	2
15.9375 	0.000121648 	3.38268e-06 	2
16.0625 	0.000189762 	4.64779e-06 	2
16.1875 	0.000159715 	4.41564e-06 	2
16.25 	0.000170008 	4.20834e-06 	2
16.375 	0.000364136 	7.76546e-06 	2
16.625 	0.000338591 	7.69272e-06 	2
16.8125 	0.000145192 	3.53834e-06 	2
16.9375 	0.000185764 	4.47276e-06 	2
17.25 	0.000124821 	9.66544e-06 	1
17.375 	0.000284751 	6.52417e-06 	2
17.4375 	0.00017943 	3.9075e-06 	2
17.6875 	0.000116416 	3.17208e-06 	2
18.0 	0.000398807 	8.98323e-06 	2
18.0625 	0.000313424 	7.10385e-06 	2
18.1875 	0.000125787 	3.23404e-06 	2
18.25 	0.000184921 	4.19346e-06 	2
18.4375 	0.000309588 	6.75658e-06 	2
18.5625 	9.08078e-05 	7.09446e-06 	1
18.625 	0.000260435 	6.05632e-06 	2
18.8125 	0.000263628 	5.90593e-06 	2
18.875 	9.63012e-05 	2.3694e-06 	2
18.9375 	0.000184508 	4.65676e-06 	2
19.125 	0.00028918 	6.21271e-06 	2
19.4375 	0.000182931 	4.21982e-06 	2
19.5 	8.09069e-05 	8.70654e-06 	1
19.625 	0.000368755 	8.49908e-06 	2
19.6875 	0.000247315 	5.58766e-06 	2
19.75 	0.000102978 	2.56295e-06 	2
19.9375 	0.000125973 	3.02847e-06 	2
20.125 	9.83905e-05 	2.45178e-06 	2
20.1875 	0.000148295 	3.65144e-06 	2
20.375 	0.00011775 	2.73425e-06 	2
20.4375 	0.000341899 	8.10958e-06 	2
20.5 	0.000295108 	6.38895e-06 	2
20.6875 	0.000331191 	7.81044e-06 	2
20.75 	0.000166574 	4.31548e-06 	2
21.0 	0.00010033 	9.67317e-06 	1
21.0625 	0.000285552 	6.86354e-06 	2
21.1875 	0.00027044 	6.54987e-06 	2
21.5625 	0.000124914 	3.2288e-06 	2
21.8125 	0.000169065 	3.958e-06 	2
21.875 	0.000267825 	6.37889e-06 	2
21.9375 	0.000455186 	3.53208e-06 	2
22.1875 	0.0001628 	4.53166e-06 	2
22.25 	0.000305306 	7.18793e-06 	2
22.3125 	0.000179756 	4.73436e-06 	2
23.0 	0.000112615 	9.02616e-06 	1
23.125 	0.000303162 	6.75272e-06 	2
23.1875 	8.93582e-05 	8.84803e-06 	1
23.375 	0.000258283 	5.57749e-06 	2
23.4375 	0.000279716 	6.73917e-06 	2
23.8125 	0.000164131 	3.925e-06 	2
24.0 	0.000184893 	4.80299e-06 	2
24.0625 	0.000156759 	3.89505e-06 	2
24.3125 	0.000280706 	6.31304e-06 	2
24.375 	0.000100559 	8.59827e-06 	1
24.4375 	0.000150131 	3.44383e-06 	2
24.5625 	0.000439411 	3.75751e-06 	2
24.6875 	0.000203848 	4.50269e-06 	2
24.75 	0.000124912 	3.70944e-06 	2
25.0 	0.000345664 	7.85594e-06 	2
25.0625 	0.000100696 	9.0239e-06 	1
25.125 	0.000267834 	6.31871e-06 	2
25.25 	8.22545e-05 	8.0707e-06 	1
25.625 	0.000106738 	8.24596e-06 	1
25.6875 	0.000121958 	2.85645e-06 	2
25.75 	0.000340766 	7.774e-06 	2
25.8125 	0.000142404 	3.65422e-06 	2
26.0 	0.000158474 	4.13433e-06 	2
26.125 	0.00012533 	3.45723e-06 	2
26.375 	0.000172208 	4.40485e-06 	2
26.5 	0.000189092 	4.64401e-06 	2
26.625 	0.000148834 	3.77992e-06 	2
26.6875 	0.000162628 	4.14416e-06 	2
26.875 	0.000288834 	7.34191e-06 	2
26.9375 	0.000133263 	3.14358e-06 	2
27.0 	0.000260253 	5.71161e-06 	2
27.3125 	0.000127164 	3.73804e-06 	2
27.625 	0.000131867 	3.68149e-06 	2
27.75 	0.000303641 	6.54433e-06 	2
28.0 	0.000123208 	9.88133e-06 	1
28.125 	6.29187e-05 	7.31627e-06 	1
28.3125 	0.00017847 	4.07612e-06 	2
28.5 	0.000213129 	5.37251e-06 	2
28.6875 	6.71251e-05 	7.26859e-06 	1
28.8125 	7.50296e-05 	7.09235e-06 	1
28.875 	0.00012986 	3.24443e-06 	2
29.0 	0.00030822 	7.06481e-06 	2
29.0625 	0.00010452 	2.69255e-06 	2
29.125 	0.000214806 	5.21509e-06 	2
29.25 	0.000143734 	3.19909e-06 	2
29.375 	0.0001485 	3.34569e-06 	2
29.625 	0.000144472 	3.22271e-06 	2
29.6875 	0.000187801 	4.31615e-06 	2
29.75 	0.000172274 	4.08016e-06 	2
29.9375 	0.00032277 	7.20278e-06 	2
30.25 	0.000212774 	5.20241e-06 	2
30.3125 	0.000237421 	5.41436e-06 	2
30.375 	0.000137629 	3.59714e-06 	2
30.4375 	0.000235257 	5.74077e-06 	2
30.5 	0.000220717 	5.79418e-06 	2
30.5625 	8.61182e-05 	7.76659e-06 	1
30.9375 	0.000115388 	3.053e-06 	2
31.1875 	9.28637e-05 	7.75882e-06 	1
31.25 	0.000200424 	4.85193e-06 	2
31.625 	7.3818e-05 	7.14519e-06 	1
31.8125 	0.000128024 	3.40375e-06 	2
31.875 	0.000210873 	5.42063e-06 	2
32.1875 	0.000190597 	4.50627e-06 	2
32.25 	0.000315432 	6.94934e-06 	2
32.4375 	0.000169508 	4.17916e-06 	2
32.625 	0.000133268 	3.42086e-06 	2
32.6875 	0.000136924 	3.29486e-06 	2
32.75 	0.0003966 	9.11723e-06 	2
32.8125 	0.000128806 	3.29559e-06 	2
32.875 	0.00015169 	3.77011e-06 	2
33.125 	0.000104251 	9.17918e-06 	1
33.375 	0.000112617 	2.86442e-06 	2
33.4375 	0.000280696 	6.8518e-06 	2
33.625 	9.84509e-05 	2.3924e-06 	2
33.6875 	0.000137761 	3.54021e-06 	2
33.875 	0.000129301 	2.46184e-06 	2
33.9375 	0.000193141 	4.21227e-06 	2
34.125 	0.000136613 	4.07359e-06 	2
34.1875 	0.000337115 	7.72046e-06 	2
34.25 	0.00014914 	3.77571e-06 	2
34.3125 	8.59113e-05 	9.02908e-06 	1
34.375 	0.000165556 	3.9464e-06 	2
34.5 	0.000243107 	5.87373e-06 	2
34.5625 	0.000160955 	3.71226e-06 	2
34.625 	0.00011176 	2.74706e-06 	2
34.6875 	0.000197734 	4.89173e-06 	2
34.875 	0.000205405 	4.70964e-06 	2
34.9375 	0.000231991 	5.23645e-06 	2
35.0625 	0.000267695 	6.05327e-06 	2
35.3125 	0.000162277 	3.71347e-06 	2
35.375 	9.94164e-05 	8.03486e-06 	1
35.625 	0.000320685 	7.75172e-06 	2
35.75 	0.000346903 	7.94434e-06 	2
35.9375 	0.000249694 	5.97614e-06 	2
36.125 	0.00012438 	3.28471e-06 	2
36.25 	0.000102215 	9.34938e-06 	1
36.4375 	0.000274379 	6.18799e-06 	2
36.5 	7.42385e-05 	7.66626e-06 	1
36.8125 	0.000432944 	9.09232e-06 	2
36.875 	0.000113599 	2.85046e-06 	2
37.1875 	0.000184833 	4.58324e-06 	2
37.3125 	0.000258251 	5.85195e-06 	2
37.4375 	7.58556e-05 	7.48358e-06 	1
37.5625 	0.000313436 	6.78625e-06 	2
37.9375 	0.000150268 	3.77134e-06 	2
38.0 	0.000106316 	2.90414e-06 	2
38.0625 	0.000258446 	5.94083e-06 	2
38.125 	0.000370221 	8.61699e-06 	2
38.3125 	0.000277643 	6.43511e-06 	2
38.4375 	0.000154546 	4.43707e-06 	2
38.6875 	0.000242517 	5.65136e-06 	2
38.875 	9.64841e-05 	9.3988e-06 	1
38.9375 	0.000262066 	5.93581e-06 	2
39.1875 	0.000103043 	9.28189e-06 	1
39.25 	0.000231862 	6.18099e-06 	2
39.3125 	0.000167581 	4.01949e-06 	2
39.5625 	0.000352398 	7.6999e-06 	2
39.625 	0.000263043 	5.88631e-06 	2
39.875 	0.000363921 	8.4747e-06 	2
39.9375 	0.000173832 	3.80781e-06 	2
40.0 	0.000122 	9.08629e-06 	1
40.125 	0.000193192 	4.86527e-06 	2
40.25 	0.000262021 	5.96524e-06 	2
40.3125 	0.000292135 	6.37012e-06 	2
40.5 	0.000197109 	4.99647e-06 	2
40.5625 	0.000221893 	5.58674e-06 	2
40.625 	7.4758e-05 	8.04403e-06 	1
40.8125 	0.000181367 	4.46089e-06 	2
40.9375 	0.000137618 	3.50673e-06 	2
41.125 	0.000111755 	3.019e-06 	2
41.1875 	0.000263521 	5.79679e-06 	2
41.25 	0.000280914 	6.32674e-06 	2
41.3125 	8.1929e-05 	7.6726e-06 	1
41.5 	0.000322788 	7.07649e-06 	2
41.6875 	0.000147281 	3.66302e-06 	2
41.8125 	0.000234282 	5.19841e-06 	2
41.9375 	0.000238097 	5.57535e-06 	2
42.0 	0.000176787 	4.74815e-06 	2
42.25 	0.000296297 	7.15855e-06 	2
42.5 	6.75257e-05 	7.28747e-06 	1
42.6875 	0.00024269 	5.66692e-06 	2
42.8125 	0.000121095 	2.38963e-06 	2
42.875 	0.000197115 	4.44788e-06 	2
42.9375 	0.000245005 	5.59863e-06 	2
43.0 	0.000160862 	3.78723e-06 	2
43.0625 	0.000245785 	5.73723e-06 	2
43.1875 	0.000105166 	2.5397e-06 	2
43.3125 	0.000223225 	5.52875e-06 	2
43.375 	0.000212476 	5.07041e-06 	2
43.9375 	0.00020978 	4.88215e-06 	2
44.0 	0.000165176 	3.81258e-06 	2
44.125 	9.28061e-05 	2.97574e-06 	2
44.25 	0.000106847 	9.68188e-06 	1
44.4375 	0.000143029 	3.19804e-06 	2
44.5625 	0.000115031 	2.50198e-06 	2
44.6875 	0.000225036 	5.02689e-06 	2
44.8125 	0.000173509 	4.31509e-06 	2
44.875 	0.00024228 	5.57232e-06 	2
45.0 	0.000117336 	3.11219e-06 	2
45.1875 	0.000268823 	6.08095e-06 	2
45.3125 	0.000217039 	5.13148e-06 	2
45.5 	0.000161914 	4.79433e-06 	2
45.625 	0.000118692 	2.93156e-06 	2
45.6875 	0.000213834 	5.13175e-06 	2
45.75 	7.30194e-05 	7.66181e-06 	1
46.0 	0.000172257 	4.41562e-06 	2
46.0625 	0.000274039 	6.03885e-06 	2
46.3125 	0.000277118 	5.97694e-06 	2
46.5625 	0.000248148 	5.4237e-06 	2
46.625 	6.55981e-05 	7.73181e-06 	1
46.6875 	0.00013554 	3.32408e-06 	2
46.75 	0.000290915 	6.64117e-06 	2
47.0625 	0.000159697 	4.51924e-06 	2
47.25 	0.000128286 	3.54236e-06 	2
47.375 	0.000295589 	6.96757e-06 	2
47.5 	0.000184037 	4.59144e-06 	2
47.5625 	0.000183789 	4.18365e-06 	2
47.8125 	0.000131914 	2.81636e-06 	2
48.1875 	0.00011914 	3.13691e-06 	2
48.25 	0.000167129 	6.94095e-06 	2
48.3125 	0.000215837 	4.92961e-06 	2
48.4375 	0.000164363 	4.19444e-06 	2
48.5625 	0.000289698 	6.6726e-06 	2
48.75 	0.000213181 	4.94655e-06 	2
48.8125 	0.000270996 	6.03122e-06 	2
49.0 	0.000298649 	6.62054e-06 	2
49.3125 	0.000300716 	6.63121e-06 	2
49.375 	0.00020053 	4.73161e-06 	2
49.4375 	0.00019831 	4.60302e-06 	2
49.5625 	0.000238708 	5.49787e-06 	2
49.6875 	0.000245664 	5.45902e-06 	2
49.75 	6.36648e-05 	6.15577e-06 	1
50.3125 	0.000320156 	6.87776e-06 	2
50.375 	0.000212259 	4.82522e-06 	2
50.4375 	0.000143848 	3.60325e-06 	2
50.5625 	0.000261926 	6.19535e-06 	2
50.625 	0.000125227 	9.66396e-06 	1
50.75 	0.000204604 	4.66347e-06 	2
50.875 	0.000227793 	5.41139e-06 	2
50.9375 	9.77895e-05 	2.54427e-06 	2
51.0 	0.000117674 	2.7432e-06 	2
51.125 	0.000267099 	6.00805e-06 	2
51.1875 	0.000242371 	5.39679e-06 	2
51.25 	0.000230073 	6.08169e-06 	2
51.375 	0.000144109 	3.57231e-06 	2
51.4375 	0.000349676 	7.88279e-06 	2
51.5 	0.000251781 	5.92334e-06 	2
51.8125 	0.000132662 	3.34392e-06 	2
52.0625 	9.87946e-05 	2.45234e-06 	2
52.1875 	0.000234086 	5.26688e-06 	2
52.3125 	0.000290737 	6.54399e-06 	2
52.5 	0.000211711 	5.40819e-06 	2
52.8125 	0.000146208 	3.3741e-06 	2
52.9375 	0.000121947 	2.72391e-06 	2
53.1875 	0.000330504 	7.23462e-06 	2
53.5 	0.000134385 	3.52288e-06 	2
53.625 	0.000183694 	4.4646e-06 	2
53.6875 	0.000308991 	7.05718e-06 	2
53.75 	0.000125645 	9.82242e-06 	1
53.875 	0.000288281 	6.59733e-06 	2
54.0 	9.5567e-05 	2.4163e-06 	2
54.0625 	0.000137838 	3.80373e-06 	2
54.1875 	9.07486e-05 	9.55064e-06 	1
54.25 	0.000363348 	7.79379e-06 	2
54.3125 	6.52589e-05 	6.90647e-06 	1
54.375 	0.000109933 	2.73628e-06 	2
54.4375 	0.000213367 	5.35839e-06 	2
54.6875 	0.000118148 	2.77518e-06 	2
54.8125 	0.000177063 	4.07481e-06 	2
54.875 	0.000131165 	2.96493e-06 	2
55.0 	0.000424175 	8.94955e-06 	2
55.3125 	0.000175321 	4.66555e-06 	2
55.4375 	0.000278672 	6.06765e-06 	2
55.5 	0.000120172 	2.848e-06 	2
55.75 	0.000120759 	2.85737e-06 	2
55.9375 	0.000194904 	4.73283e-06 	2
56.0 	0.000173856 	4.0284e-06 	2
56.0625 	0.000115613 	4.10129e-06 	2
56.3125 	0.000295629 	7.03103e-06 	2
56.375 	0.000171673 	3.9419e-06 	2
56.4375 	0.000299053 	7.19962e-06 	2
56.5625 	0.000215134 	5.02394e-06 	2
56.6875 	0.000252784 	6.14802e-06 	2
56.75 	0.000126976 	3.28961e-06 	2
57.0 	0.000211165 	4.70601e-06 	2
57.0625 	0.000168665 	4.15426e-06 	2
57.1875 	0.000206548 	4.55843e-06 	2
57.25 	0.000112139 	9.99081e-06 	1
57.3125 	0.000124046 	3.5644e-06 	2
57.4375 	6.2967e-05 	6.45728e-06 	1
57.6875 	0.000151338 	3.74095e-06 	2
58.125 	0.000115078 	9.75644e-06 	1
58.1875 	0.000298569 	6.84131e-06 	2
58.25 	0.000187032 	4.53994e-06 	2
58.3125 	0.000408108 	9.31749e-06 	2
58.4375 	0.000219261 	4.86474e-06 	2
58.5625 	8.36971e-05 	7.85086e-06 	1
58.875 	0.000212566 	5.07186e-06 	2
59.0 	0.000321271 	7.33421e-06 	2
59.125 	0.000359152 	7.90243e-06 	2
59.25 	0.000151571 	3.71308e-06 	2
59.3125 	0.000129947 	3.43386e-06 	2
59.375 	0.000152673 	3.69559e-06 	2
59.5 	0.000163247 	4.03999e-06 	2
59.8125 	0.000113294 	3.40803e-06 	2
60.4375 	0.000152228 	3.81293e-06 	2
60.625 	0.000282401 	6.5445e-06 	2
61.0 	0.000220863 	4.82264e-06 	2
61.125 	0.000153603 	3.62405e-06 	2
61.4375 	0.000273352 	6.65598e-06 	2
61.625 	0.000205983 	4.76536e-06 	2
61.8125 	0.000236773 	5.62528e-06 	2
61.9375 	0.000148421 	3.8559e-06 	2
62.1875 	0.000258368 	5.96781e-06 	2
62.375 	0.000124737 	3.27774e-06 	2
62.5 	0.000133479 	3.17394e-06 	2
62.5625 	0.000231091 	5.73488e-06 	2
62.875 	0.000245685 	5.90403e-06 	2
62.9375 	0.000236554 	5.66074e-06 	2
63.0 	6.54339e-05 	6.41881e-06 	1
63.25 	0.00029903 	6.79247e-06 	2
63.5625 	6.34869e-05 	6.27983e-06 	1
63.8125 	0.000213892 	5.24518e-06 	2
63.9375 	9.17898e-05 	7.66651e-06 	1
64.0 	0.000243153 	5.47613e-06 	2
64.4375 	0.000113916 	2.88539e-06 	2
64.6875 	0.000228385 	5.12796e-06 	2
64.75 	0.000316301 	7.06988e-06 	2
64.8125 	0.000177738 	4.37259e-06 	2
64.875 	0.000318034 	6.83456e-06 	2
64.9375 	0.000306892 	6.91332e-06 	2
65.0 	0.000109477 	2.88668e-06 	2
65.0625 	0.000155312 	3.94659e-06 	2
65.125 	0.000228519 	5.49754e-06 	2
65.625 	9.94159e-05 	7.79073e-06 	1
65.8125 	0.000119957 	2.90233e-06 	2
66.0625 	6.67746e-05 	6.59438e-06 	1
66.3125 	0.000242762 	5.61258e-06 	2
66.5 	0.000178757 	4.48298e-06 	2
66.75 	0.000130032 	9.72346e-06 	1
66.8125 	0.000299624 	6.27849e-06 	2
66.9375 	5.22056e-05 	6.10287e-06 	1
67.25 	0.000144507 	3.65309e-06 	2
67.5 	0.000205459 	5.10204e-06 	2
67.8125 	0.000149338 	3.67382e-06 	2
67.875 	0.000207559 	5.1934e-06 	2
67.9375 	6.29645e-05 	5.99992e-06 	1
68.0 	0.000118819 	2.9202e-06 	2
68.125 	0.000234679 	5.55621e-06 	2
68.1875 	0.000163875 	4.0844e-06 	2
68.3125 	0.000165001 	4.16108e-06 	2
68.4375 	0.000313275 	7.0691e-06 	2
68.5625 	0.000314992 	7.05522e-06 	2
68.6875 	0.000112149 	8.36165e-06 	1
68.75 	8.82529e-05 	9.36385e-06 	1
68.8125 	0.00014554 	3.31502e-06 	2
68.9375 	0.000422213 	9.32305e-06 	2
69.125 	0.000165776 	4.00858e-06 	2
69.1875 	0.000117258 	9.78605e-06 	1
69.25 	0.000205424 	5.66978e-06 	2
69.3125 	0.000172895 	4.14062e-06 	2
69.4375 	0.000242466 	5.85932e-06 	2
69.5 	0.000230049 	5.32943e-06 	2
69.75 	0.000276714 	6.4861e-06 	2
69.875 	8.1487e-05 	7.91906e-06 	1
69.9375 	0.000151378 	3.60426e-06 	2
