# time 	Initial 	Final 	Iterations
0.333274 	0.000175892 	3.77023e-05 	1
0.392346 	0.000222751 	2.85846e-05 	1
0.579973 	0.000307524 	6.36113e-05 	1
0.642226 	0.000174099 	6.52518e-05 	1
0.70448 	0.00018514 	5.91401e-05 	1
0.766734 	0.000159359 	9.80362e-05 	1
0.828988 	0.000395445 	7.91676e-05 	1
0.953496 	0.000121924 	9.02059e-05 	1
1.01575 	0.000229516 	7.41623e-05 	1
1.078 	0.000148435 	6.39256e-05 	1
1.20251 	0.000454393 	8.78802e-05 	1
1.26477 	0.000210944 	7.77978e-05 	2
1.38927 	0.000219587 	4.48772e-05 	1
1.45153 	0.000353424 	6.99551e-05 	1
1.51378 	0.000372254 	7.43029e-05 	1
1.57604 	0.000117389 	8.27051e-05 	1
1.70054 	0.000457201 	7.60259e-05 	1
1.7628 	0.000333488 	7.99558e-05 	1
1.8873 	0.000125069 	5.38004e-05 	1
1.94956 	0.000255518 	6.30242e-05 	1
2.01181 	0.000439734 	9.3144e-05 	1
2.07407 	0.000192796 	6.64404e-05 	1
2.13632 	0.000456042 	8.51553e-05 	1
2.19857 	0.000279534 	8.54115e-05 	1
2.26083 	0.000182576 	8.03989e-05 	1
2.32308 	0.000309318 	6.57594e-05 	1
2.38534 	0.000154738 	4.93734e-05 	1
2.44759 	0.000192975 	6.08978e-05 	1
2.50984 	0.000338204 	7.71241e-05 	1
2.63435 	0.000313952 	4.25134e-05 	1
2.69661 	0.000284578 	6.55865e-05 	1
2.75886 	0.000139666 	5.66231e-05 	1
2.82111 	0.000216078 	6.54597e-05 	2
2.88337 	0.000522057 	5.08347e-05 	1
2.94562 	0.00044445 	7.46865e-05 	1
3.00787 	0.000336794 	6.73043e-05 	1
3.07013 	0.000291445 	8.73123e-05 	1
3.13238 	0.000265319 	7.94304e-05 	2
3.19464 	0.000175337 	6.80421e-05 	1
3.25689 	0.000240925 	7.84876e-05 	1
3.31914 	0.000368281 	8.94386e-05 	1
3.3814 	0.000170567 	8.08025e-05 	1
3.44365 	0.000400637 	8.26077e-05 	1
3.50591 	0.000388079 	9.14243e-05 	1
3.56816 	0.000297147 	8.19836e-05 	1
3.69267 	0.000229054 	9.68038e-05 	1
3.75492 	0.000215533 	9.17147e-05 	1
3.81718 	0.000460109 	7.61951e-05 	1
3.87943 	0.000528859 	7.1606e-05 	1
4.00394 	0.000294448 	6.85558e-05 	1
4.06619 	0.000471362 	8.50088e-05 	1
4.12845 	0.000222204 	6.3142e-05 	2
4.1907 	0.000375156 	8.08677e-05 	1
4.25295 	0.000233739 	9.0036e-05 	1
4.31521 	0.000346338 	4.39219e-05 	1
4.37746 	0.000196493 	7.42496e-05 	1
4.50197 	0.000236932 	5.65459e-05 	1
4.56422 	0.000323147 	9.30546e-05 	1
4.62648 	0.000296314 	9.37616e-05 	1
4.68873 	0.000156004 	3.76827e-05 	1
4.75098 	0.000189124 	4.15632e-05 	1
4.81324 	0.000220353 	7.23584e-05 	2
4.87549 	0.000265261 	6.7184e-05 	1
4.93775 	0.000124257 	5.81135e-05 	1
5.0 	0.000275556 	9.23098e-05 	1
5.0625 	0.000206153 	1.64218e-05 	1
5.125 	0.000100618 	2.71558e-05 	1
5.25 	0.000445592 	8.47829e-05 	1
5.3125 	0.00034136 	7.87838e-05 	1
5.375 	0.000210986 	7.31102e-05 	1
5.4375 	0.000213583 	7.34e-05 	1
5.5 	0.000427054 	7.82339e-05 	1
5.5625 	0.000234239 	8.35603e-05 	1
5.625 	0.000233535 	7.13393e-05 	1
5.6875 	0.000391172 	8.55418e-05 	1
5.75 	0.000317889 	7.45957e-05 	1
5.8125 	0.000299398 	6.72474e-05 	1
5.875 	0.000219869 	9.43375e-05 	1
5.9375 	0.000254577 	6.09688e-05 	1
6.0 	0.000309977 	8.74644e-05 	1
6.125 	0.000524564 	7.8695e-05 	1
6.1875 	0.000263776 	9.30135e-05 	1
6.25 	0.000253082 	7.59089e-05 	1
6.3125 	0.000200633 	8.18338e-05 	1
6.4375 	0.000428404 	7.19517e-05 	1
6.625 	0.000273789 	4.91501e-05 	1
6.6875 	0.000348443 	5.30462e-05 	2
6.75 	0.000296493 	7.08098e-05 	1
6.8125 	0.00029452 	6.64198e-05 	1
6.9375 	0.000276364 	6.71067e-05 	1
7.0 	0.000368189 	8.70313e-05 	3
7.0625 	0.000249352 	8.96035e-05 	1
7.125 	0.000237389 	6.92283e-05 	1
7.1875 	0.000183344 	7.93672e-05 	1
7.25 	0.000149781 	5.24706e-05 	1
7.4375 	0.000274489 	7.1844e-05 	1
7.5625 	0.000372937 	6.96338e-05 	1
7.625 	0.000173421 	7.27019e-05 	1
7.6875 	0.000230909 	7.83418e-05 	1
7.8125 	0.000261274 	7.90795e-05 	1
7.9375 	0.000321388 	7.54056e-05 	1
8.0 	0.000356698 	6.56449e-05 	1
8.0625 	0.000129769 	5.55999e-05 	1
8.125 	0.000143119 	4.35769e-05 	2
8.25 	0.000333262 	6.33963e-05 	1
8.3125 	0.000140331 	8.90803e-05 	1
8.375 	0.000288988 	7.06637e-05 	1
8.4375 	0.000210688 	7.55618e-05 	1
8.5 	0.000137325 	7.48553e-05 	1
8.5625 	0.000410297 	7.88255e-05 	1
8.625 	0.000189199 	6.84655e-05 	2
8.8125 	0.000464399 	8.01742e-05 	1
8.9375 	0.000394646 	7.95669e-05 	1
9.0 	0.000272147 	7.59943e-05 	1
9.0625 	0.00029715 	8.2009e-05 	1
9.125 	0.000248548 	8.3682e-05 	1
9.1875 	0.000315218 	6.28982e-05 	1
9.25 	0.000471543 	7.37628e-05 	1
9.3125 	0.000251893 	7.24987e-05 	2
9.375 	0.000450591 	8.37245e-05 	1
9.4375 	0.000323243 	8.43076e-05 	1
9.5625 	0.000168992 	7.44445e-05 	1
9.625 	0.000190418 	7.46113e-05 	1
9.6875 	0.000224967 	8.35792e-05 	1
9.75 	0.00039888 	8.90714e-05 	1
9.8125 	0.000181948 	9.32964e-05 	1
9.875 	0.000264799 	5.39652e-05 	1
9.9375 	0.000459071 	6.15549e-05 	1
10.0 	0.000178563 	7.5359e-05 	1
10.0625 	0.000237425 	8.38723e-05 	1
10.125 	0.000107959 	4.30451e-05 	1
10.1875 	0.000284838 	7.46108e-05 	1
10.3125 	0.000256679 	8.26389e-05 	1
10.375 	0.000309637 	8.82119e-05 	1
10.5 	0.00020315 	4.4531e-05 	1
10.5625 	0.000330436 	6.68149e-05 	1
10.625 	0.000267465 	8.16859e-05 	1
10.6875 	0.000359368 	6.7356e-05 	1
10.75 	0.000229721 	9.33434e-05 	2
10.8125 	0.000338131 	7.55174e-05 	1
10.875 	0.000189757 	7.06466e-05 	1
10.9375 	0.00031692 	6.70314e-05 	1
11.0 	0.000227576 	7.17663e-05 	1
11.0625 	0.000274107 	7.79071e-05 	1
11.125 	0.000151527 	5.80689e-05 	2
11.1875 	0.000207835 	8.5226e-05 	1
11.25 	0.000327211 	7.73212e-05 	1
11.375 	0.000349818 	9.3337e-05 	1
11.4375 	0.000189402 	8.26713e-05 	1
11.5 	0.000530551 	7.46699e-05 	1
11.5625 	0.000375097 	8.00865e-05 	1
11.625 	0.000367473 	7.93117e-05 	1
11.6875 	0.000281862 	9.44634e-05 	2
11.75 	0.000505047 	4.48287e-05 	1
11.8125 	0.000336943 	6.78479e-05 	1
11.875 	0.000182245 	5.494e-05 	1
11.9375 	0.000167059 	7.5331e-05 	1
12.0 	0.000403129 	6.72927e-05 	1
12.0625 	0.000210716 	5.71609e-05 	1
12.125 	0.000282325 	8.18714e-05 	1
12.1875 	0.000151487 	5.47424e-05 	1
12.25 	0.000130889 	9.6116e-05 	1
12.3125 	0.000194443 	6.42435e-05 	1
12.375 	0.000504342 	8.29224e-05 	1
12.4375 	0.000327321 	7.60118e-05 	1
12.5625 	0.000164236 	7.77314e-05 	1
12.625 	0.000328558 	7.47582e-05 	1
12.6875 	0.0002206 	6.05735e-05 	1
12.75 	0.000197775 	7.62095e-05 	1
12.8125 	0.000359465 	8.29845e-05 	1
12.875 	0.000548302 	7.90131e-05 	1
13.0 	0.000463349 	6.89743e-05 	1
13.0625 	0.000468657 	5.86242e-05 	1
13.125 	0.000189998 	7.4352e-05 	1
13.1875 	0.000259995 	6.75192e-05 	1
13.25 	0.000350787 	7.43315e-05 	1
13.3125 	0.000138797 	5.33265e-05 	1
13.375 	0.000126686 	7.11493e-05 	1
13.4375 	0.00022325 	9.69095e-05 	1
13.5 	0.000226329 	6.66787e-05 	1
13.5625 	0.000523883 	8.42499e-05 	1
13.625 	0.000171093 	5.22329e-05 	1
13.6875 	0.000224892 	8.15779e-05 	1
13.8125 	0.000429034 	5.90427e-05 	1
14.0 	0.000324935 	9.61313e-05 	1
14.0625 	0.000327005 	2.84815e-05 	1
14.125 	0.000180363 	4.64128e-05 	1
14.1875 	0.000350718 	8.11043e-05 	1
14.3125 	0.000245164 	6.92938e-05 	1
14.375 	0.000282317 	6.40208e-05 	1
14.4375 	0.000226703 	5.29599e-05 	1
14.5 	0.000344408 	7.64047e-05 	1
14.5625 	0.000305901 	6.86409e-05 	1
14.625 	0.000357591 	6.06678e-05 	2
14.6875 	0.000503619 	7.49695e-05 	1
14.75 	0.00032847 	8.43239e-05 	1
14.8125 	0.000400647 	8.68231e-05 	1
14.875 	0.000271144 	5.85387e-05 	1
14.9375 	0.000267417 	5.33526e-05 	1
15.0 	0.000334593 	7.63094e-05 	1
15.1875 	0.000320028 	8.34106e-05 	1
15.25 	0.000406573 	8.4694e-05 	1
15.3125 	0.000344771 	8.35756e-05 	1
15.375 	0.000387007 	7.33759e-05 	2
15.4375 	0.000282514 	6.54883e-05 	1
15.5 	0.000190086 	8.93785e-05 	1
15.5625 	0.000479984 	7.48198e-05 	1
15.625 	0.000217212 	7.73129e-05 	2
15.75 	0.000336201 	7.39902e-05 	1
15.8125 	0.000223451 	6.34832e-05 	2
15.875 	0.000310029 	6.33396e-05 	1
15.9375 	0.000280991 	6.8531e-05 	1
16.0 	0.000237047 	7.12288e-05 	1
16.0625 	0.000182048 	8.78804e-05 	1
16.125 	0.000147386 	7.70999e-05 	2
16.1875 	0.000172747 	5.42129e-05 	1
16.25 	0.000172244 	6.59395e-05 	2
16.3125 	0.000168506 	5.90765e-05 	1
16.375 	0.000208665 	5.90002e-05 	1
16.4375 	0.000282058 	7.47059e-05 	1
16.5 	0.000269821 	7.12771e-05 	1
16.5625 	0.00012175 	4.63149e-05 	1
16.625 	0.000188834 	6.8334e-05 	1
16.6875 	0.000143355 	7.56418e-05 	2
16.75 	0.000195737 	4.73784e-05 	1
16.8125 	0.000377623 	8.82642e-05 	1
16.875 	0.000256314 	6.63741e-05 	1
16.9375 	0.00013726 	4.40521e-05 	1
17.1875 	0.000399767 	9.49883e-05 	1
17.25 	0.000295813 	8.1377e-05 	1
17.3125 	0.000232353 	8.12304e-05 	1
17.375 	0.000542289 	8.10472e-05 	1
17.4375 	0.000262481 	9.16462e-05 	1
17.5 	0.000178172 	6.04405e-05 	1
17.5625 	0.000326434 	6.78598e-05 	1
17.625 	0.000309748 	7.60114e-05 	1
17.6875 	0.000426357 	7.64956e-05 	1
17.75 	0.000265265 	8.08583e-05 	1
17.8125 	0.000239688 	6.84567e-05 	1
17.875 	8.4089e-05 	8.4089e-05 	0
17.9375 	0.000358409 	7.70121e-05 	1
18.0 	0.000192729 	6.45973e-05 	2
18.0625 	0.000341136 	5.30691e-05 	1
18.125 	0.000165551 	8.26864e-05 	1
18.1875 	0.000122131 	5.60078e-05 	1
18.25 	0.000164793 	9.17719e-05 	1
18.3125 	0.000313797 	4.42239e-05 	1
18.375 	0.000246482 	3.39914e-05 	1
18.4375 	0.000514456 	9.03703e-05 	1
18.5 	0.000386365 	7.19425e-05 	1
18.5625 	0.000309478 	7.85799e-05 	1
18.625 	0.000176146 	6.59688e-05 	2
18.75 	0.00026658 	9.3667e-05 	1
18.8125 	0.000199769 	8.72065e-05 	1
18.875 	0.000189415 	7.3972e-05 	1
18.9375 	0.000223674 	6.12565e-05 	1
19.125 	0.000271662 	5.97166e-05 	1
19.25 	0.000247738 	7.3223e-05 	1
19.3125 	0.000419949 	7.67653e-05 	1
19.375 	0.00011581 	5.86647e-05 	2
19.4375 	0.000366947 	9.64045e-05 	1
19.5 	0.000211899 	6.42101e-05 	1
19.625 	0.000252913 	6.61564e-05 	1
19.6875 	0.000377409 	8.70463e-05 	1
19.75 	0.000291226 	7.57527e-05 	1
19.875 	0.000335737 	7.75562e-05 	1
19.9375 	0.00032842 	8.48154e-05 	1
20.0 	0.000143485 	7.26811e-05 	1
20.0625 	0.000143792 	6.25516e-05 	1
20.125 	0.000209417 	9.38153e-05 	1
20.1875 	0.000263947 	9.00361e-05 	1
20.25 	0.000253823 	9.02751e-05 	1
20.3125 	0.000168898 	8.01528e-05 	1
20.375 	0.000248091 	7.28499e-05 	2
20.4375 	0.000180079 	5.82641e-05 	1
20.5 	0.000367611 	9.26748e-05 	1
20.5625 	0.000144146 	6.12206e-05 	2
20.625 	0.000159906 	2.54418e-05 	1
20.6875 	0.000151043 	5.64784e-05 	2
20.75 	0.000276819 	7.25751e-05 	1
20.8125 	0.000215633 	6.28569e-05 	1
20.875 	0.00022397 	6.6098e-05 	1
20.9375 	0.000251709 	7.85801e-05 	1
21.0 	0.000218123 	6.96491e-05 	1
21.0625 	0.000387901 	7.52464e-05 	1
21.1875 	0.000474205 	7.26958e-05 	1
21.3125 	0.000295023 	7.55309e-05 	1
21.375 	0.000109311 	5.6326e-05 	1
21.4375 	0.000169303 	5.22369e-05 	1
21.5 	0.00041429 	9.7777e-05 	1
21.5625 	0.000358019 	7.34916e-05 	1
21.625 	0.000314749 	3.69516e-05 	1
21.6875 	0.00021737 	6.77516e-05 	1
21.75 	0.00017639 	8.82083e-05 	1
21.8125 	0.000307141 	7.34216e-05 	1
21.875 	0.000324062 	5.80831e-05 	1
21.9375 	0.000215837 	4.56245e-05 	1
22.0 	0.000411468 	8.56528e-05 	1
22.0625 	0.000254319 	7.29942e-05 	1
22.125 	0.000150746 	3.07247e-05 	1
22.1875 	0.000263344 	8.75224e-05 	1
22.25 	0.000239532 	5.46583e-05 	1
22.3125 	0.000408312 	8.84129e-05 	1
22.375 	0.000279751 	7.79165e-05 	1
22.625 	0.000189283 	7.4716e-05 	1
22.6875 	0.000301093 	8.2373e-05 	1
22.75 	0.000128557 	4.2026e-05 	1
22.8125 	0.000500222 	7.28008e-05 	1
22.9375 	0.000304993 	8.21586e-05 	1
23.0 	0.000166683 	6.54423e-05 	2
23.0625 	0.000130997 	8.06346e-05 	1
23.125 	0.000265161 	8.48015e-05 	3
23.1875 	0.000458731 	8.43033e-05 	1
23.3125 	0.000195219 	6.73896e-05 	1
23.375 	0.000255056 	6.64594e-05 	1
23.4375 	0.000146329 	6.11671e-05 	1
23.5625 	0.000173832 	6.83569e-05 	2
23.6875 	0.000154756 	8.87002e-05 	1
23.75 	0.000193436 	7.29963e-05 	1
23.8125 	0.000232688 	6.55002e-05 	2
23.875 	0.000244238 	6.7844e-05 	2
23.9375 	0.000362311 	8.41059e-05 	2
24.0 	0.000419674 	7.96752e-05 	1
24.0625 	0.000187577 	6.10059e-05 	1
24.125 	0.000225116 	5.6427e-05 	1
24.1875 	0.000216025 	8.98141e-05 	1
24.3125 	0.000220154 	7.97007e-05 	1
24.375 	0.000361717 	8.89901e-05 	1
24.4375 	0.00032311 	9.27116e-05 	1
24.5 	0.000160191 	5.82411e-05 	1
24.5625 	0.000316201 	7.11601e-05 	1
24.625 	0.000161302 	4.58176e-05 	1
24.6875 	0.000420567 	9.01773e-05 	1
24.75 	0.000439794 	4.47538e-05 	1
24.8125 	0.000124571 	6.2552e-05 	1
24.9375 	0.000128052 	7.47509e-05 	1
25.0 	0.000168921 	6.76348e-05 	2
25.0625 	0.000166132 	3.84167e-05 	1
25.125 	0.000362272 	7.66078e-05 	1
25.25 	0.000164184 	4.43183e-05 	1
25.3125 	0.000132947 	8.04719e-05 	1
25.375 	0.000131911 	6.24873e-05 	1
25.4375 	0.000125441 	5.5086e-05 	1
25.5 	0.000204839 	8.18932e-05 	1
25.5625 	0.00030186 	6.00126e-05 	1
25.625 	0.000532385 	8.76609e-05 	1
25.6875 	0.000154305 	9.97746e-05 	1
25.75 	0.000280955 	8.15527e-05 	1
25.8125 	0.000220878 	8.62211e-05 	1
25.875 	0.000198675 	9.10229e-05 	1
25.9375 	0.00032677 	8.0972e-05 	1
26.0 	0.000156869 	4.64358e-05 	1
26.0625 	0.000330574 	4.40825e-05 	1
26.125 	0.000224031 	6.67519e-05 	2
26.1875 	0.000114955 	7.18883e-05 	1
26.25 	0.000383115 	9.41472e-05 	1
26.3125 	0.000445399 	7.22797e-05 	1
26.375 	0.000216017 	7.26324e-05 	1
26.4375 	0.000352189 	7.77762e-05 	1
26.5 	0.000217373 	6.45777e-05 	1
26.5625 	0.000255106 	8.17903e-05 	1
26.625 	0.000487159 	7.50304e-05 	1
26.6875 	0.000159166 	9.98339e-05 	1
26.875 	0.000209441 	7.64814e-05 	1
26.9375 	0.000239689 	5.63188e-05 	1
27.0 	0.000262518 	8.51055e-05 	1
27.0625 	0.000206525 	5.62736e-05 	1
27.125 	0.000291811 	7.318e-05 	1
27.25 	0.000284547 	6.51653e-05 	2
27.3125 	0.000236835 	6.42072e-05 	1
27.375 	0.000476958 	7.16188e-05 	1
27.5 	0.000310283 	8.56622e-05 	1
27.5625 	0.000337019 	8.83826e-05 	1
27.625 	0.00024499 	7.46677e-05 	1
27.6875 	0.000339544 	8.7213e-05 	1
27.75 	0.000199417 	6.05749e-05 	1
27.8125 	0.000211466 	7.47544e-05 	2
27.875 	0.000298983 	7.69544e-05 	1
28.0 	0.000148474 	5.77862e-05 	1
28.0625 	0.00034094 	8.10186e-05 	1
28.125 	0.000129365 	3.63935e-05 	1
28.25 	0.000111577 	5.28148e-05 	1
28.3125 	0.000243168 	6.64862e-05 	1
28.375 	0.000402793 	7.42844e-05 	1
28.4375 	0.000200045 	5.8686e-05 	1
28.5 	0.000349972 	5.57435e-05 	1
28.625 	0.000155705 	5.8761e-05 	1
28.6875 	0.000202282 	6.2415e-05 	2
28.8125 	0.000330068 	9.43734e-05 	1
28.875 	0.000316558 	7.13812e-05 	1
28.9375 	0.000363467 	8.0646e-05 	1
29.0 	0.000335342 	5.98654e-05 	1
29.0625 	0.000317375 	8.38002e-05 	3
29.125 	0.000265051 	6.88198e-05 	1
29.1875 	0.000362515 	7.03161e-05 	1
29.25 	0.000168672 	8.69569e-05 	1
29.3125 	0.0004532 	7.52034e-05 	1
29.375 	0.000140391 	7.17394e-05 	1
29.4375 	0.000300596 	5.89381e-05 	1
29.5 	0.000249389 	4.70374e-05 	1
29.5625 	0.000242294 	5.31399e-05 	1
29.625 	0.000287454 	7.78878e-05 	1
29.6875 	0.00036375 	7.96227e-05 	1
29.75 	0.000415493 	8.39021e-05 	1
29.875 	0.00017117 	5.02602e-05 	1
29.9375 	0.000287226 	6.54061e-05 	1
30.0 	0.000247184 	6.14084e-05 	1
30.125 	0.000351228 	6.85067e-05 	1
30.1875 	0.000434539 	8.84108e-05 	1
30.25 	0.000225605 	7.05847e-05 	1
30.3125 	0.000228856 	6.40916e-05 	2
30.375 	0.000321595 	7.35855e-05 	1
30.4375 	0.000323134 	7.22226e-05 	2
30.5 	0.000204243 	5.58194e-05 	2
30.5625 	0.000447674 	8.84185e-05 	1
30.625 	0.000352195 	8.60128e-05 	1
30.6875 	0.000152792 	3.72844e-05 	1
30.75 	0.000301904 	8.71882e-05 	1
30.8125 	0.000270583 	8.83133e-05 	3
30.9375 	0.000259939 	6.24808e-05 	1
31.0 	0.000272413 	7.11998e-05 	1
31.125 	0.000163897 	3.56865e-05 	1
31.1875 	0.000278266 	6.3563e-05 	1
31.25 	0.000391805 	7.91064e-05 	1
31.3125 	0.000305877 	9.26807e-05 	2
31.375 	0.000298514 	8.41142e-05 	1
31.5 	0.000248994 	9.83266e-05 	1
31.5625 	0.0003842 	9.56578e-05 	1
31.625 	0.000375203 	7.60502e-05 	1
31.6875 	0.000253387 	7.16729e-05 	1
31.75 	0.000251589 	9.42103e-05 	1
31.8125 	0.000208016 	3.00738e-05 	1
31.875 	0.000359284 	7.47402e-05 	1
31.9375 	0.000233861 	4.62667e-05 	1
32.0 	0.000567621 	9.07538e-05 	1
32.0625 	0.000420204 	8.10152e-05 	1
32.125 	0.000282408 	7.6656e-05 	1
32.1875 	0.000183473 	3.38377e-05 	1
32.25 	0.000164255 	8.18601e-05 	1
32.3125 	0.000516009 	9.89287e-05 	1
32.375 	0.000248524 	6.56599e-05 	1
32.4375 	0.00030206 	7.66567e-05 	1
32.5 	0.000193463 	7.28305e-05 	1
32.625 	0.000380036 	9.16407e-05 	1
32.6875 	0.000263141 	7.66558e-05 	1
32.75 	0.000130772 	7.53857e-05 	1
32.8125 	0.00015837 	6.11657e-05 	1
32.875 	0.00023774 	7.05548e-05 	2
32.9375 	0.00028923 	7.74167e-05 	1
33.0 	0.000226828 	8.82858e-05 	1
33.0625 	0.00015714 	8.44453e-05 	1
33.125 	0.000156415 	6.83973e-05 	1
33.1875 	0.0001646 	6.11116e-05 	1
33.25 	0.000292183 	5.78853e-05 	1
33.3125 	0.000181413 	8.20939e-05 	1
33.375 	0.000369142 	8.40473e-05 	1
33.4375 	0.000242984 	8.45443e-05 	1
33.5 	0.000139229 	5.2981e-05 	1
33.625 	0.000337257 	7.55488e-05 	1
33.6875 	0.00017453 	6.73172e-05 	1
33.75 	0.000181111 	8.69775e-05 	1
33.8125 	0.000302975 	7.91218e-05 	2
33.875 	0.000181484 	6.75434e-05 	1
33.9375 	0.000184773 	7.50144e-05 	1
34.0625 	0.000183618 	4.04064e-05 	1
34.125 	0.000343341 	8.62089e-05 	1
34.1875 	0.000364559 	8.42328e-05 	1
34.25 	0.000313048 	8.44839e-05 	1
34.3125 	0.000135912 	4.92294e-05 	1
34.375 	0.000100218 	3.56469e-05 	1
34.4375 	0.000317344 	6.07803e-05 	1
34.5 	0.000332673 	7.6949e-05 	1
34.5625 	0.000358461 	7.11152e-05 	1
34.625 	0.000178487 	9.26335e-05 	1
34.6875 	0.000166163 	9.74024e-05 	1
34.75 	0.000336826 	6.69374e-05 	1
34.875 	0.000251426 	9.84619e-05 	1
34.9375 	0.000259827 	7.94736e-05 	1
35.0 	0.000288594 	6.52164e-05 	1
35.0625 	0.000186099 	8.4228e-05 	1
35.125 	0.00022117 	3.5815e-05 	1
35.25 	0.00031873 	8.13347e-05 	1
35.3125 	0.000273682 	7.81512e-05 	1
35.375 	0.000277999 	6.38777e-05 	1
35.5625 	0.000299578 	6.34665e-05 	1
35.625 	0.000464956 	7.24579e-05 	1
35.6875 	0.000467094 	7.0654e-05 	1
35.75 	0.000255045 	9.40196e-05 	1
35.8125 	0.000133537 	9.18711e-05 	1
35.875 	0.000107529 	2.7851e-05 	1
35.9375 	0.000225877 	9.57246e-05 	1
36.0 	0.000346169 	8.49293e-05 	1
36.125 	0.000290748 	5.31008e-05 	1
36.25 	0.000186329 	6.80788e-05 	1
36.3125 	0.000219172 	6.58744e-05 	1
36.4375 	0.000380671 	7.28589e-05 	1
36.5 	0.000430484 	8.2208e-05 	1
36.5625 	0.000190303 	6.54211e-05 	1
36.625 	0.000315893 	8.91754e-05 	1
36.6875 	0.000447272 	8.01583e-05 	1
36.8125 	0.000276826 	8.05649e-05 	1
36.875 	0.000452772 	8.89538e-05 	1
36.9375 	0.000451733 	6.85226e-05 	1
37.0625 	0.000152271 	7.82438e-05 	1
37.125 	0.000257882 	6.30017e-05 	1
37.1875 	0.00015389 	5.71466e-05 	1
37.25 	0.000246874 	5.46502e-05 	1
37.3125 	0.0005115 	8.01315e-05 	1
37.375 	0.000439902 	8.6428e-05 	1
37.4375 	0.000404721 	5.4537e-05 	1
37.5 	0.00043337 	5.78419e-05 	1
37.5625 	0.000275881 	7.12776e-05 	2
37.625 	0.000532231 	9.09833e-05 	1
37.75 	0.000212045 	3.82365e-05 	1
37.8125 	0.000187326 	5.70168e-05 	1
37.875 	0.0002774 	8.86479e-05 	1
37.9375 	0.000368778 	6.88588e-05 	1
38.0 	0.000218257 	7.97959e-05 	1
38.0625 	0.000334026 	8.35255e-05 	1
38.125 	0.000317996 	8.07783e-05 	1
38.1875 	0.000286399 	5.37168e-05 	1
38.25 	0.000470914 	6.75426e-05 	1
38.3125 	0.000308048 	7.81938e-05 	1
38.375 	0.000386604 	9.76393e-05 	1
38.4375 	0.00022529 	8.59276e-05 	1
38.5625 	0.000272035 	9.88242e-05 	3
38.6875 	0.00037974 	9.33539e-05 	1
38.8125 	0.000266192 	5.92208e-05 	1
38.875 	0.000245665 	8.97755e-05 	1
38.9375 	0.000191441 	6.9224e-05 	1
39.0 	0.000365403 	8.30497e-05 	1
39.0625 	0.00027974 	6.06162e-05 	1
39.125 	0.000105511 	8.14873e-05 	1
39.1875 	0.000214289 	6.86345e-05 	1
39.25 	0.000192577 	8.10873e-05 	1
39.3125 	0.000156771 	6.56749e-05 	1
39.375 	0.000385982 	8.68059e-05 	1
39.5 	0.000240293 	7.51075e-05 	2
39.5625 	0.000375971 	8.32314e-05 	1
39.625 	0.000238286 	4.20164e-05 	1
39.6875 	0.000281895 	6.68031e-05 	1
39.75 	0.000311764 	6.10415e-05 	1
39.8125 	0.000186083 	8.45913e-05 	1
39.875 	0.000444808 	8.04516e-05 	1
39.9375 	0.000187148 	9.75157e-05 	1
40.0 	0.000291151 	6.19647e-05 	1
40.0625 	0.000286089 	9.14605e-05 	1
40.125 	0.000243461 	4.478e-05 	1
40.1875 	0.000272976 	8.47453e-05 	1
40.25 	0.000261061 	8.26725e-05 	1
40.3125 	0.00032356 	6.74749e-05 	1
40.4375 	0.000370809 	7.15144e-05 	1
40.5 	0.000315801 	7.80882e-05 	1
40.5625 	0.000462213 	7.52401e-05 	1
40.625 	0.000227207 	7.41639e-05 	1
40.8125 	0.000290641 	7.16403e-05 	2
40.875 	0.000376749 	7.92511e-05 	1
40.9375 	0.000301489 	6.31844e-05 	1
41.0 	0.000374311 	8.61316e-05 	1
41.125 	0.000228778 	9.27538e-05 	1
41.1875 	0.00013822 	5.44552e-05 	1
41.25 	0.00040904 	7.3251e-05 	1
41.3125 	0.000348339 	7.23891e-05 	1
41.375 	0.000383223 	5.11322e-05 	1
41.4375 	0.00016379 	9.45159e-05 	1
41.5 	0.000192753 	6.88371e-05 	1
41.5625 	0.000116671 	7.12026e-05 	1
41.625 	0.000450923 	7.27522e-05 	2
41.6875 	0.000208567 	8.20273e-05 	1
41.8125 	0.000314564 	9.21638e-05 	1
41.875 	0.000221985 	8.18962e-05 	1
41.9375 	0.000239942 	7.06253e-05 	2
42.0 	0.000259993 	7.52715e-05 	2
42.125 	0.000217735 	8.22168e-05 	1
42.25 	0.000239836 	7.75565e-05 	1
42.375 	0.000498818 	7.99342e-05 	1
42.4375 	0.000564802 	9.32086e-05 	1
42.5 	0.000460002 	9.23787e-05 	1
42.5625 	0.000126737 	5.91097e-05 	1
42.625 	0.000154487 	2.39139e-05 	1
42.6875 	0.000299306 	7.59301e-05 	1
42.75 	9.67645e-05 	9.67645e-05 	0
42.8125 	0.000427635 	8.58631e-05 	1
42.875 	0.000476945 	6.32665e-05 	2
42.9375 	0.000245532 	6.43555e-05 	1
43.0 	0.000226197 	7.92634e-05 	1
43.0625 	0.000124429 	5.81892e-05 	1
43.125 	0.000201328 	5.58801e-05 	1
43.1875 	0.000538534 	8.60705e-05 	1
43.3125 	0.000317278 	7.33797e-05 	1
43.375 	0.000217242 	6.96014e-05 	1
43.4375 	0.00047556 	9.72027e-05 	1
43.5625 	0.000149253 	8.34739e-05 	1
43.6875 	0.000302943 	6.52474e-05 	1
43.75 	0.000245005 	5.16085e-05 	1
43.8125 	0.000263751 	6.6946e-05 	1
43.875 	0.00028672 	8.01398e-05 	3
43.9375 	0.000394388 	9.36763e-05 	1
44.0 	0.000208559 	5.02119e-05 	1
44.0625 	0.000136224 	5.93156e-05 	1
44.125 	0.000196622 	5.70594e-05 	1
44.1875 	0.000366859 	8.04037e-05 	1
44.25 	0.000349353 	6.51952e-05 	1
44.3125 	0.000338436 	4.56507e-05 	2
44.375 	0.000404825 	8.12485e-05 	1
44.4375 	0.000391573 	8.67337e-05 	1
44.5 	0.000381935 	8.2955e-05 	1
44.5625 	0.000185571 	5.60625e-05 	1
44.625 	0.000156921 	6.06162e-05 	1
44.6875 	0.000287738 	7.48087e-05 	1
44.75 	0.000188245 	5.09765e-05 	1
44.8125 	0.000186305 	5.87163e-05 	1
44.875 	0.000216121 	5.89839e-05 	1
44.9375 	0.000386003 	8.05542e-05 	1
45.0 	0.000121379 	6.30482e-05 	2
45.0625 	0.000366107 	7.7227e-05 	1
45.125 	0.000192752 	7.01064e-05 	2
45.1875 	0.000353338 	7.79952e-05 	1
45.25 	0.000180622 	7.92473e-05 	1
45.3125 	0.000432138 	8.57147e-05 	1
45.375 	0.000380176 	7.11777e-05 	1
45.5 	0.000334753 	8.31932e-05 	1
45.5625 	0.000225436 	9.75838e-05 	1
45.625 	0.000168771 	6.75775e-05 	1
45.6875 	0.000221427 	7.6097e-05 	1
45.75 	0.000218897 	4.24954e-05 	1
45.875 	0.000281087 	7.01436e-05 	1
45.9375 	0.000119177 	4.04148e-05 	1
46.0 	0.000440517 	8.75171e-05 	1
46.0625 	0.000287763 	9.48717e-05 	1
46.125 	0.000273527 	6.02854e-05 	1
46.3125 	0.000258931 	7.97792e-05 	2
46.375 	0.000249772 	6.38131e-05 	1
46.4375 	0.000362132 	8.203e-05 	2
46.5 	0.000321968 	3.3373e-05 	1
46.5625 	0.000144971 	5.24291e-05 	1
46.625 	0.000294092 	7.49697e-05 	1
46.6875 	0.000256323 	7.09577e-05 	2
46.75 	0.000403027 	7.63217e-05 	1
46.8125 	0.000339666 	6.45609e-05 	1
46.875 	0.000290281 	6.31361e-05 	2
47.0 	0.000157221 	5.69395e-05 	1
47.0625 	0.000393663 	8.01353e-05 	1
47.125 	0.000373783 	8.0893e-05 	1
47.1875 	0.000402472 	7.10766e-05 	1
47.25 	0.000303832 	9.6047e-05 	1
47.3125 	0.000233312 	5.98761e-05 	1
47.375 	0.000174204 	8.76961e-05 	1
47.4375 	0.000228312 	6.94129e-05 	1
47.5 	0.000225347 	2.83235e-05 	1
47.5625 	0.000456753 	7.09484e-05 	1
47.625 	0.000433965 	8.01425e-05 	1
47.6875 	0.000379488 	7.31188e-05 	1
47.8125 	0.000175913 	6.53164e-05 	2
47.875 	0.000317863 	6.94842e-05 	1
48.0 	0.000312533 	8.5827e-05 	1
48.0625 	0.00037195 	8.52066e-05 	1
48.125 	0.000118332 	8.96326e-05 	1
48.1875 	0.000189338 	6.31869e-05 	2
48.25 	0.000249753 	7.37924e-05 	1
48.3125 	0.000267388 	5.7597e-05 	1
48.375 	0.000321762 	9.17317e-05 	1
48.4375 	0.00015972 	5.6669e-05 	1
48.5 	0.000189399 	5.09836e-05 	1
48.5625 	0.000154344 	9.01561e-05 	1
48.75 	0.000173953 	4.33425e-05 	1
48.8125 	0.000137938 	5.5285e-05 	1
48.9375 	0.000297379 	8.64896e-05 	3
49.0 	0.000408414 	6.61409e-05 	1
49.125 	0.000190883 	3.58447e-05 	1
49.1875 	0.000433827 	9.46212e-05 	1
49.25 	0.000126407 	5.92696e-05 	1
49.3125 	0.000231746 	8.39656e-05 	1
49.375 	0.000156393 	4.69918e-05 	1
49.4375 	0.000167739 	6.83616e-05 	1
49.5 	0.000129437 	3.68473e-05 	1
49.5625 	0.000396845 	8.72987e-05 	1
49.625 	0.000308865 	8.53025e-05 	1
49.6875 	0.000563628 	8.80069e-05 	1
49.75 	0.000377979 	8.59706e-05 	1
50.0625 	0.000304283 	7.86448e-05 	1
50.125 	0.000139512 	5.92151e-05 	1
50.25 	0.000438492 	8.92514e-05 	1
50.3125 	0.000178647 	7.52054e-05 	1
50.375 	0.000164589 	5.2504e-05 	1
50.4375 	0.000153097 	7.83045e-05 	1
50.5 	0.000163183 	8.50542e-05 	1
50.5625 	0.000254188 	8.75746e-05 	1
50.625 	0.000321305 	8.98877e-05 	1
50.75 	0.000508728 	7.56323e-05 	1
50.8125 	0.000210419 	6.65994e-05 	1
50.875 	0.000202998 	6.13438e-05 	1
50.9375 	0.00023138 	7.10867e-05 	1
51.0 	0.000414461 	8.79573e-05 	1
51.0625 	0.00044769 	9.21221e-05 	1
51.125 	0.000215371 	7.80502e-05 	1
51.1875 	0.000387617 	5.70976e-05 	1
51.25 	0.000179288 	8.34809e-05 	1
51.3125 	0.00034703 	8.37069e-05 	1
51.375 	0.000190223 	8.16378e-05 	2
51.4375 	0.00020103 	6.69772e-05 	1
51.5 	0.000161346 	6.72512e-05 	1
51.5625 	9.70884e-05 	9.70884e-05 	0
51.625 	0.000220558 	5.14676e-05 	1
51.6875 	0.000359134 	7.2353e-05 	1
51.8125 	0.000342314 	6.56231e-05 	1
51.875 	0.000316029 	9.55002e-05 	1
52.0 	0.000283888 	6.45814e-05 	1
52.0625 	0.000408702 	9.88858e-05 	1
52.1875 	0.000172889 	6.03253e-05 	2
52.25 	0.00016266 	6.4092e-05 	2
52.3125 	0.00032972 	8.33658e-05 	1
52.375 	0.000182017 	5.44999e-05 	1
52.4375 	0.000273007 	6.55343e-05 	2
52.5 	0.00019938 	7.19766e-05 	1
52.5625 	0.000408444 	9.57311e-05 	1
52.625 	0.000144215 	5.23472e-05 	1
52.6875 	0.000287584 	7.41732e-05 	1
52.75 	0.000142132 	7.72546e-05 	1
52.8125 	0.000421538 	9.39084e-05 	1
52.875 	0.000152016 	8.76975e-05 	1
52.9375 	0.000425122 	9.81624e-05 	1
53.0 	0.000231201 	9.52918e-05 	1
53.125 	0.00018001 	4.78505e-05 	2
53.1875 	0.000264995 	7.30607e-05 	1
53.25 	0.000243304 	8.74466e-05 	1
53.3125 	0.000325705 	8.86265e-05 	1
53.375 	0.000216716 	5.09263e-05 	1
53.5 	0.000286909 	5.73351e-05 	1
53.5625 	0.000457181 	7.42705e-05 	1
53.625 	0.000265269 	3.87024e-05 	1
53.6875 	0.000302944 	8.10266e-05 	1
53.75 	0.000129187 	5.10729e-05 	1
53.8125 	0.000248494 	4.95645e-05 	1
53.875 	0.00045965 	9.53665e-05 	1
53.9375 	0.000295125 	7.47924e-05 	1
54.0 	0.000262534 	6.99138e-05 	1
54.0625 	0.000185835 	6.54414e-05 	2
54.125 	0.000289718 	3.37502e-05 	1
54.1875 	0.000400576 	7.47932e-05 	1
54.25 	0.000371081 	9.36448e-05 	1
54.3125 	0.000376923 	8.0197e-05 	1
54.375 	0.000274082 	9.84699e-05 	1
54.4375 	0.000109256 	4.22176e-05 	1
54.5 	0.00036947 	7.77181e-05 	1
54.625 	0.000162771 	6.38526e-05 	2
54.6875 	0.00029739 	8.63629e-05 	1
54.8125 	0.000143514 	7.31511e-05 	1
54.875 	0.000231382 	6.67881e-05 	1
54.9375 	0.000268084 	7.07505e-05 	1
55.0 	0.000316755 	7.35244e-05 	1
55.0625 	0.000287563 	7.14298e-05 	1
55.125 	0.000121836 	8.7607e-05 	1
55.1875 	0.000225643 	4.84426e-05 	1
55.3125 	0.000180842 	9.78201e-05 	1
55.4375 	0.000107087 	5.49665e-05 	1
55.5 	0.000304543 	9.04592e-05 	1
55.5625 	0.000110755 	7.44479e-05 	1
55.625 	0.000348288 	7.73077e-05 	1
55.6875 	0.000201665 	8.60391e-05 	1
55.75 	0.000398826 	8.30486e-05 	1
55.8125 	0.000487467 	9.22046e-05 	1
55.875 	0.00030609 	7.38578e-05 	1
55.9375 	0.000371022 	8.68913e-05 	1
56.0 	0.000228289 	8.91528e-05 	2
56.0625 	0.000335345 	7.09058e-05 	2
56.125 	0.000498199 	8.13287e-05 	1
56.1875 	0.000142995 	9.65227e-05 	1
56.25 	0.000367317 	8.57667e-05 	2
56.3125 	0.000288105 	8.13093e-05 	1
56.375 	0.000417979 	8.09676e-05 	1
56.4375 	0.000249649 	7.29466e-05 	1
56.5625 	0.000171316 	6.19334e-05 	1
56.625 	0.000456177 	6.17106e-05 	1
56.6875 	0.000221737 	2.91551e-05 	1
56.75 	0.000205373 	5.95624e-05 	1
56.8125 	0.000203468 	8.09362e-05 	1
56.875 	0.000185586 	6.31264e-05 	1
56.9375 	0.000280708 	7.88992e-05 	1
57.0 	0.000335028 	6.04334e-05 	1
57.0625 	0.000277246 	5.36745e-05 	1
57.125 	0.000258205 	9.03375e-05 	1
57.1875 	0.000222274 	7.60871e-05 	1
57.25 	0.000274301 	5.75429e-05 	1
57.3125 	0.000118366 	7.8108e-05 	1
57.375 	0.000302687 	9.50025e-05 	2
57.4375 	0.000268219 	7.07329e-05 	1
57.5 	0.000214255 	5.74818e-05 	1
57.5625 	0.000176446 	3.84985e-05 	1
57.625 	0.00013165 	8.36524e-05 	1
57.6875 	0.000209597 	9.91827e-05 	1
57.75 	0.00021052 	8.77441e-05 	1
57.8125 	0.000202047 	8.4218e-05 	1
57.9375 	0.00021966 	5.29234e-05 	1
58.0 	0.000333095 	7.05996e-05 	1
58.0625 	0.000219619 	8.23926e-05 	2
58.125 	0.000180118 	5.40835e-05 	1
58.1875 	0.000329313 	7.5699e-05 	1
58.25 	0.000135944 	6.36071e-05 	1
58.3125 	0.000182124 	4.63148e-05 	1
58.375 	0.000280908 	7.34921e-05 	1
58.4375 	0.000279985 	5.63153e-05 	1
58.5 	0.000179367 	6.18747e-05 	1
58.5625 	0.000438365 	8.47376e-05 	1
58.625 	0.000413973 	5.17417e-05 	1
58.6875 	0.000249157 	7.97673e-05 	1
58.8125 	0.000280366 	9.1706e-05 	2
58.875 	0.000307135 	8.17571e-05 	1
58.9375 	0.00020639 	6.65111e-05 	2
59.0 	0.000189513 	4.86448e-05 	1
59.0625 	0.000203533 	7.33722e-05 	2
59.125 	0.000195099 	5.51712e-05 	1
59.1875 	0.000166085 	5.8029e-05 	1
59.25 	0.000151215 	7.79306e-05 	1
59.3125 	0.000296426 	6.70708e-05 	1
59.375 	0.000133027 	5.34618e-05 	1
59.4375 	0.000332262 	6.2162e-05 	1
59.5 	0.000196694 	7.47073e-05 	1
59.5625 	0.000252733 	7.51517e-05 	1
59.6875 	0.000148217 	8.61601e-05 	1
59.8125 	0.000303519 	7.35402e-05 	1
59.875 	0.000324794 	7.89417e-05 	1
59.9375 	0.0001774 	7.22047e-05 	1
60.0 	0.00027644 	7.23719e-05 	2
60.0625 	0.000279151 	8.67401e-05 	2
60.125 	0.000134082 	5.88503e-05 	1
60.25 	0.000137971 	7.6547e-05 	1
60.375 	0.000166231 	7.46384e-05 	1
60.4375 	0.000440927 	6.99681e-05 	1
60.5 	0.000168637 	9.27594e-05 	1
60.5625 	0.00028611 	6.27108e-05 	1
60.625 	0.000201801 	6.73957e-05 	1
60.6875 	0.000309564 	4.06663e-05 	1
60.75 	0.000305465 	8.55377e-05 	1
60.8125 	0.000134216 	9.15147e-05 	1
60.875 	0.000241294 	6.76181e-05 	1
60.9375 	0.000292582 	6.07779e-05 	2
61.0 	0.000354716 	9.19025e-05 	1
61.0625 	0.000472487 	9.15413e-05 	1
61.125 	0.000398021 	8.06275e-05 	1
61.1875 	0.000388965 	7.49129e-05 	1
61.25 	0.000420806 	7.75407e-05 	1
61.3125 	0.000192467 	6.39174e-05 	2
61.375 	0.000256718 	6.02174e-05 	1
61.4375 	0.000281548 	6.97377e-05 	1
61.5 	0.00021628 	7.22297e-05 	1
61.625 	0.000203533 	8.40847e-05 	1
61.6875 	0.000164858 	7.7797e-05 	2
61.75 	0.000262366 	6.57135e-05 	2
61.8125 	0.000259325 	9.9919e-05 	1
61.875 	0.000306941 	6.98092e-05 	1
61.9375 	0.000287716 	7.74788e-05 	1
62.0 	0.000215133 	7.63571e-05 	1
62.125 	0.000313972 	6.46622e-05 	1
62.1875 	0.000304538 	7.58472e-05 	1
62.25 	0.000269892 	7.43893e-05 	1
62.3125 	0.000175893 	6.44881e-05 	2
62.375 	0.000355946 	8.22938e-05 	1
62.4375 	0.000732293 	8.3043e-05 	1
62.5 	0.000191851 	7.70083e-05 	2
62.5625 	0.000136888 	3.80782e-05 	1
62.6875 	0.000208536 	7.72929e-05 	1
62.75 	0.000196301 	9.87126e-05 	1
62.875 	0.000363451 	7.53773e-05 	1
62.9375 	0.000389757 	8.6373e-05 	1
63.0 	0.000431898 	8.23616e-05 	1
63.0625 	0.000136855 	4.65252e-05 	1
63.125 	0.000351913 	6.47993e-05 	1
63.25 	0.000164652 	8.00729e-05 	1
63.375 	0.000264981 	8.38653e-05 	1
63.4375 	0.000281955 	7.26193e-05 	1
63.5 	0.000239108 	4.53241e-05 	2
63.5625 	0.000249023 	7.36296e-05 	1
63.625 	0.000332537 	9.35489e-05 	1
63.8125 	0.000306877 	7.36541e-05 	1
63.875 	8.13963e-05 	8.13963e-05 	0
63.9375 	0.000211117 	6.36871e-05 	1
64.0 	0.000357432 	8.20698e-05 	1
64.0625 	0.000319502 	6.67118e-05 	1
64.125 	0.000308129 	6.12508e-05 	1
64.25 	0.00039208 	8.45562e-05 	1
64.3125 	0.000182483 	7.95981e-05 	1
64.4375 	0.000273386 	4.64585e-05 	1
64.5 	0.000329234 	7.51136e-05 	1
64.5625 	0.000259031 	6.95622e-05 	1
64.6875 	0.000213432 	8.01944e-05 	2
64.75 	0.000281895 	6.28294e-05 	1
64.8125 	0.000238558 	9.0712e-05 	1
64.875 	0.000247906 	4.76772e-05 	1
64.9375 	0.000221214 	5.74572e-05 	1
65.0 	0.000146659 	6.88947e-05 	2
65.0625 	0.00047379 	9.87149e-05 	1
65.125 	0.000136116 	9.65421e-05 	1
65.1875 	0.000261923 	4.59115e-05 	2
65.25 	0.000159417 	7.87296e-05 	1
65.5 	0.000341399 	7.5355e-05 	1
65.625 	0.000177863 	6.87172e-05 	1
65.6875 	0.000213572 	7.84785e-05 	1
65.75 	0.000164875 	6.46647e-05 	2
65.8125 	0.000141104 	7.24953e-05 	1
65.875 	0.000116564 	4.67895e-05 	1
65.9375 	0.0002908 	9.2662e-05 	1
66.0 	0.00019966 	8.06735e-05 	1
66.0625 	0.000164457 	6.48265e-05 	2
66.125 	0.000145529 	6.87416e-05 	1
66.1875 	0.000291651 	8.70702e-05 	1
66.25 	0.00014828 	8.16844e-05 	1
66.3125 	0.000505536 	7.205e-05 	1
66.375 	0.000343455 	7.89389e-05 	1
66.4375 	0.000138477 	8.43213e-05 	1
66.5 	0.000232173 	6.36099e-05 	2
66.5625 	0.000115899 	5.77177e-05 	1
66.625 	0.000162593 	7.06494e-05 	2
66.75 	0.000165389 	6.50552e-05 	2
66.8125 	0.000335523 	8.61492e-05 	2
66.875 	0.000285126 	7.28293e-05 	1
66.9375 	0.000447209 	8.17419e-05 	1
67.0 	0.000266628 	5.50008e-05 	1
67.125 	0.000230489 	6.36106e-05 	1
67.1875 	0.00031972 	7.41536e-05 	1
67.25 	0.00019687 	6.98842e-05 	1
67.3125 	0.000370603 	8.71516e-05 	1
67.375 	0.000457548 	9.00176e-05 	1
67.4375 	0.000225757 	2.80359e-05 	1
67.5 	0.000318596 	7.62583e-05 	1
67.5625 	0.00014369 	5.98609e-05 	1
67.8125 	0.000334187 	8.98144e-05 	1
67.875 	0.000253901 	8.43744e-05 	1
67.9375 	0.000273888 	6.64686e-05 	1
68.0 	0.000151569 	4.75387e-05 	1
68.0625 	0.000494139 	7.23683e-05 	1
68.125 	0.000281929 	8.38072e-05 	1
68.1875 	0.000207226 	5.54867e-05 	2
68.25 	0.000127321 	3.25138e-05 	1
68.3125 	0.000236835 	7.04026e-05 	1
68.375 	0.000206055 	8.49898e-05 	1
68.4375 	0.000461642 	8.35522e-05 	1
68.5 	0.000115143 	6.1815e-05 	1
68.5625 	0.000184373 	8.29038e-05 	1
68.625 	0.000345617 	7.61375e-05 	1
68.6875 	0.000147127 	6.22389e-05 	1
68.75 	0.000303693 	7.36457e-05 	2
68.8125 	0.000300759 	8.66242e-05 	2
68.875 	0.00016696 	6.03539e-05 	2
68.9375 	0.000231907 	9.9729e-05 	1
69.0 	0.000249539 	7.47048e-05 	1
69.0625 	0.00014878 	7.98032e-05 	1
69.125 	0.000217608 	5.37217e-05 	1
69.1875 	0.000389935 	7.30358e-05 	2
69.25 	0.000115434 	4.72986e-05 	1
69.3125 	0.000267747 	8.24453e-05 	1
69.4375 	0.000249763 	8.23454e-05 	1
69.5 	0.000161077 	6.59161e-05 	1
69.5625 	0.000192703 	4.68572e-05 	1
69.625 	0.000119957 	8.49537e-05 	1
69.75 	0.000206416 	4.32583e-05 	1
69.8125 	0.000155792 	4.4173e-05 	1
69.875 	0.000160024 	5.48455e-05 	1
69.9375 	0.00027775 	4.18162e-05 	1
