# time 	Initial 	Final 	Iterations
0.333274 	0.000104744 	5.899e-05 	1
0.579973 	7.21755e-05 	7.21755e-05 	0
0.642226 	6.32114e-05 	6.32114e-05 	0
0.70448 	9.47451e-05 	9.47451e-05 	0
0.766734 	9.7977e-05 	9.7977e-05 	0
0.828988 	6.30622e-05 	6.30622e-05 	0
1.01575 	3.69753e-05 	3.69753e-05 	0
1.26477 	3.06403e-05 	3.06403e-05 	0
1.38927 	8.40926e-05 	8.40926e-05 	0
1.45153 	9.57156e-05 	9.57156e-05 	0
1.51378 	4.54111e-05 	4.54111e-05 	0
1.7628 	8.84668e-05 	8.84668e-05 	0
1.8873 	0.000100166 	6.73995e-05 	1
1.94956 	4.40732e-05 	4.40732e-05 	0
2.07407 	6.17218e-05 	6.17218e-05 	0
2.19857 	7.92774e-05 	7.92774e-05 	0
2.26083 	8.94232e-05 	8.94232e-05 	0
2.32308 	7.0565e-05 	7.0565e-05 	0
2.38534 	7.07827e-05 	7.07827e-05 	0
2.44759 	8.28242e-05 	8.28242e-05 	0
2.63435 	9.08745e-05 	9.08745e-05 	0
2.69661 	7.38976e-05 	7.38976e-05 	0
2.88337 	4.36864e-05 	4.36864e-05 	0
2.94562 	6.01213e-05 	6.01213e-05 	0
3.07013 	5.91092e-05 	5.91092e-05 	0
3.19464 	8.93558e-05 	8.93558e-05 	0
3.25689 	9.82439e-05 	9.82439e-05 	0
3.31914 	5.93072e-05 	5.93072e-05 	0
3.3814 	6.84753e-05 	6.84753e-05 	0
3.44365 	7.6601e-05 	7.6601e-05 	0
3.50591 	6.78806e-05 	6.78806e-05 	0
3.69267 	9.88318e-05 	9.88318e-05 	0
3.75492 	8.05022e-05 	8.05022e-05 	0
3.81718 	3.97343e-05 	3.97343e-05 	0
3.87943 	6.75946e-05 	6.75946e-05 	0
4.00394 	8.63944e-05 	8.63944e-05 	0
4.06619 	4.14884e-05 	4.14884e-05 	0
4.12845 	8.74063e-05 	8.74063e-05 	0
4.1907 	9.0795e-05 	9.0795e-05 	0
4.25295 	8.35628e-05 	8.35628e-05 	0
4.31521 	4.76832e-05 	4.76832e-05 	0
4.37746 	8.84165e-05 	8.84165e-05 	0
4.50197 	9.42317e-05 	9.42317e-05 	0
4.56422 	3.79875e-05 	3.79875e-05 	0
4.62648 	7.05726e-05 	7.05726e-05 	0
4.68873 	9.62699e-05 	9.62699e-05 	0
4.93775 	8.81821e-05 	8.81821e-05 	0
5.0 	6.63927e-05 	6.63927e-05 	0
5.0625 	9.58316e-05 	9.58316e-05 	0
5.125 	9.13796e-05 	9.13796e-05 	0
5.25 	6.64687e-05 	6.64687e-05 	0
5.375 	4.13831e-05 	4.13831e-05 	0
5.5 	3.68483e-05 	3.68483e-05 	0
5.5625 	7.51024e-05 	7.51024e-05 	0
5.625 	7.94899e-05 	7.94899e-05 	0
5.6875 	9.1646e-05 	9.1646e-05 	0
5.75 	9.68774e-05 	9.68774e-05 	0
5.8125 	8.0718e-05 	8.0718e-05 	0
5.875 	8.33712e-05 	8.33712e-05 	0
5.9375 	9.099e-05 	9.099e-05 	0
6.0 	9.21956e-05 	9.21956e-05 	0
6.1875 	7.03372e-05 	7.03372e-05 	0
6.25 	7.8175e-05 	7.8175e-05 	0
6.4375 	7.33143e-05 	7.33143e-05 	0
6.75 	9.11677e-05 	9.11677e-05 	0
6.8125 	7.65455e-05 	7.65455e-05 	0
6.9375 	7.03865e-05 	7.03865e-05 	0
7.125 	4.49135e-05 	4.49135e-05 	0
7.1875 	9.61506e-05 	9.61506e-05 	0
7.25 	9.87026e-05 	9.87026e-05 	0
7.4375 	6.66132e-05 	6.66132e-05 	0
7.5625 	8.16081e-05 	8.16081e-05 	0
7.625 	8.00346e-05 	8.00346e-05 	0
7.6875 	5.44066e-05 	5.44066e-05 	0
7.8125 	8.39621e-05 	8.39621e-05 	0
7.9375 	9.76266e-05 	9.76266e-05 	0
8.0 	6.80545e-05 	6.80545e-05 	0
8.0625 	8.64269e-05 	8.64269e-05 	0
8.125 	8.69918e-05 	8.69918e-05 	0
8.25 	6.29527e-05 	6.29527e-05 	0
8.3125 	8.59595e-05 	8.59595e-05 	0
8.4375 	8.37578e-05 	8.37578e-05 	0
8.5 	7.97539e-05 	7.97539e-05 	0
8.5625 	9.42108e-05 	9.42108e-05 	0
8.8125 	4.84774e-05 	4.84774e-05 	0
8.9375 	7.84064e-05 	7.84064e-05 	0
9.0 	4.5896e-05 	4.5896e-05 	0
9.1875 	8.47511e-05 	8.47511e-05 	0
9.25 	9.20934e-05 	9.20934e-05 	0
9.3125 	5.75585e-05 	5.75585e-05 	0
9.375 	9.97454e-05 	9.97454e-05 	0
9.4375 	8.34355e-05 	8.34355e-05 	0
9.5625 	8.93116e-05 	8.93116e-05 	0
9.625 	8.19835e-05 	8.19835e-05 	0
9.6875 	7.83601e-05 	7.83601e-05 	0
9.8125 	6.4542e-05 	6.4542e-05 	0
9.9375 	3.42533e-05 	3.42533e-05 	0
10.0 	8.77501e-05 	8.77501e-05 	0
10.1875 	7.25413e-05 	7.25413e-05 	0
10.3125 	0.000103811 	7.21562e-05 	1
10.625 	4.67065e-05 	4.67065e-05 	0
10.6875 	9.71213e-05 	9.71213e-05 	0
10.75 	9.93256e-05 	9.93256e-05 	0
10.8125 	0.000103343 	6.89036e-05 	1
10.875 	5.45909e-05 	5.45909e-05 	0
11.0 	8.72261e-05 	8.72261e-05 	0
11.0625 	7.2454e-05 	7.2454e-05 	0
11.1875 	9.77869e-05 	9.77869e-05 	0
11.6875 	4.76041e-05 	4.76041e-05 	0
11.75 	3.74166e-05 	3.74166e-05 	0
11.8125 	7.6292e-05 	7.6292e-05 	0
11.875 	4.06106e-05 	4.06106e-05 	0
11.9375 	4.23502e-05 	4.23502e-05 	0
12.0 	4.04759e-05 	4.04759e-05 	0
12.0625 	8.52456e-05 	8.52456e-05 	0
12.1875 	9.43382e-05 	9.43382e-05 	0
12.3125 	7.13739e-05 	7.13739e-05 	0
12.375 	7.4343e-05 	7.4343e-05 	0
12.625 	4.31556e-05 	4.31556e-05 	0
12.6875 	8.70627e-05 	8.70627e-05 	0
12.8125 	8.57021e-05 	8.57021e-05 	0
12.875 	7.61609e-05 	7.61609e-05 	0
13.0 	9.74067e-05 	9.74067e-05 	0
13.0625 	9.13513e-05 	9.13513e-05 	0
13.1875 	6.41405e-05 	6.41405e-05 	0
13.25 	8.97051e-05 	8.97051e-05 	0
13.375 	7.89135e-05 	7.89135e-05 	0
13.4375 	9.80908e-05 	9.80908e-05 	0
13.5625 	7.49411e-05 	7.49411e-05 	0
13.625 	6.70632e-05 	6.70632e-05 	0
13.6875 	6.90031e-05 	6.90031e-05 	0
14.0 	7.67853e-05 	7.67853e-05 	0
14.0625 	7.75255e-05 	7.75255e-05 	0
14.125 	7.72053e-05 	7.72053e-05 	0
14.1875 	8.147e-05 	8.147e-05 	0
14.3125 	8.34959e-05 	8.34959e-05 	0
14.375 	9.74677e-05 	9.74677e-05 	0
14.4375 	7.75382e-05 	7.75382e-05 	0
14.5 	8.12729e-05 	8.12729e-05 	0
14.625 	7.69513e-05 	7.69513e-05 	0
14.6875 	5.9098e-05 	5.9098e-05 	0
14.75 	7.28962e-05 	7.28962e-05 	0
14.8125 	8.44424e-05 	8.44424e-05 	0
14.9375 	8.69245e-05 	8.69245e-05 	0
15.0 	3.42535e-05 	3.42535e-05 	0
15.1875 	8.49141e-05 	8.49141e-05 	0
15.25 	8.63157e-05 	8.63157e-05 	0
15.3125 	3.92989e-05 	3.92989e-05 	0
15.375 	8.53829e-05 	8.53829e-05 	0
15.4375 	5.36076e-05 	5.36076e-05 	0
15.5 	7.30201e-05 	7.30201e-05 	0
15.75 	9.25772e-05 	9.25772e-05 	0
15.8125 	7.04279e-05 	7.04279e-05 	0
15.875 	9.90721e-05 	9.90721e-05 	0
15.9375 	9.75744e-05 	9.75744e-05 	0
16.0 	3.15107e-05 	3.15107e-05 	0
16.0625 	8.06649e-05 	8.06649e-05 	0
16.125 	9.20002e-05 	9.20002e-05 	0
16.1875 	8.24972e-05 	8.24972e-05 	0
16.25 	5.56e-05 	5.56e-05 	0
16.3125 	6.62112e-05 	6.62112e-05 	0
16.375 	9.16648e-05 	9.16648e-05 	0
16.4375 	9.30633e-05 	9.30633e-05 	0
16.5 	6.60362e-05 	6.60362e-05 	0
16.625 	7.49546e-05 	7.49546e-05 	0
16.75 	6.53892e-05 	6.53892e-05 	0
16.8125 	7.123e-05 	7.123e-05 	0
16.9375 	6.88596e-05 	6.88596e-05 	0
17.25 	9.37845e-05 	9.37845e-05 	0
17.3125 	9.9947e-05 	9.9947e-05 	0
17.375 	5.49143e-05 	5.49143e-05 	0
17.4375 	9.07269e-05 	9.07269e-05 	0
17.5625 	6.52726e-05 	6.52726e-05 	0
17.625 	3.96832e-05 	3.96832e-05 	0
17.6875 	5.38389e-05 	5.38389e-05 	0
17.75 	5.69978e-05 	5.69978e-05 	0
18.0 	4.09245e-05 	4.09245e-05 	0
18.0625 	8.66627e-05 	8.66627e-05 	0
18.1875 	9.03011e-05 	9.03011e-05 	0
18.25 	9.31353e-05 	9.31353e-05 	0
18.375 	9.66877e-05 	9.66877e-05 	0
18.4375 	9.09456e-05 	9.09456e-05 	0
18.5625 	0.000104766 	7.00217e-05 	1
18.625 	9.27651e-05 	9.27651e-05 	0
18.8125 	9.75776e-05 	9.75776e-05 	0
18.875 	8.55257e-05 	8.55257e-05 	0
18.9375 	9.5891e-05 	9.5891e-05 	0
19.125 	9.0761e-05 	9.0761e-05 	0
19.4375 	0.000103634 	6.88317e-05 	1
19.5 	6.28719e-05 	6.28719e-05 	0
19.625 	8.18751e-05 	8.18751e-05 	0
19.6875 	7.84358e-05 	7.84358e-05 	0
19.75 	7.27506e-05 	7.27506e-05 	0
19.9375 	9.4461e-05 	9.4461e-05 	0
20.0 	8.39676e-05 	8.39676e-05 	0
20.0625 	0.000106096 	5.97824e-05 	1
20.125 	6.0717e-05 	6.0717e-05 	0
20.1875 	7.74937e-05 	7.74937e-05 	0
20.25 	7.22932e-05 	7.22932e-05 	0
20.375 	6.59546e-05 	6.59546e-05 	0
20.4375 	9.89848e-05 	9.89848e-05 	0
20.5 	7.70316e-05 	7.70316e-05 	0
20.5625 	8.27375e-05 	8.27375e-05 	0
20.625 	8.14088e-05 	8.14088e-05 	0
20.6875 	6.69971e-05 	6.69971e-05 	0
20.75 	9.95894e-05 	9.95894e-05 	0
21.0 	9.92708e-05 	9.92708e-05 	0
21.0625 	0.000110197 	6.33131e-05 	1
21.1875 	7.14517e-05 	7.14517e-05 	0
21.3125 	4.80244e-05 	4.80244e-05 	0
21.5625 	6.32756e-05 	6.32756e-05 	0
21.625 	5.9648e-05 	5.9648e-05 	0
21.75 	4.2337e-05 	4.2337e-05 	0
21.8125 	8.07553e-05 	8.07553e-05 	0
21.875 	8.05386e-05 	8.05386e-05 	0
21.9375 	4.4949e-05 	4.4949e-05 	0
22.125 	8.2665e-05 	8.2665e-05 	0
22.1875 	4.1258e-05 	4.1258e-05 	0
22.25 	8.07445e-05 	8.07445e-05 	0
22.3125 	7.74759e-05 	7.74759e-05 	0
22.375 	7.41416e-05 	7.41416e-05 	0
22.8125 	8.8135e-05 	8.8135e-05 	0
22.9375 	8.84832e-05 	8.84832e-05 	0
23.0 	9.91121e-05 	9.91121e-05 	0
23.125 	7.70271e-05 	7.70271e-05 	0
23.1875 	7.70623e-05 	7.70623e-05 	0
23.3125 	9.91558e-05 	9.91558e-05 	0
23.375 	7.91074e-05 	7.91074e-05 	0
23.4375 	8.66514e-05 	8.66514e-05 	0
23.6875 	9.81509e-05 	9.81509e-05 	0
23.8125 	8.55647e-05 	8.55647e-05 	0
23.875 	3.28048e-05 	3.28048e-05 	0
24.0 	9.97776e-05 	9.97776e-05 	0
24.0625 	7.48095e-05 	7.48095e-05 	0
24.3125 	9.73153e-05 	9.73153e-05 	0
24.375 	6.64381e-05 	6.64381e-05 	0
24.4375 	9.00157e-05 	9.00157e-05 	0
24.5625 	3.91073e-05 	3.91073e-05 	0
24.625 	8.83481e-05 	8.83481e-05 	0
24.6875 	8.61805e-05 	8.61805e-05 	0
24.75 	9.15644e-05 	9.15644e-05 	0
24.8125 	9.89305e-05 	9.89305e-05 	0
25.0 	5.87129e-05 	5.87129e-05 	0
25.0625 	3.7574e-05 	3.7574e-05 	0
25.125 	4.77865e-05 	4.77865e-05 	0
25.25 	8.84388e-05 	8.84388e-05 	0
25.3125 	7.70293e-05 	7.70293e-05 	0
25.625 	8.34182e-05 	8.34182e-05 	0
25.6875 	7.94818e-05 	7.94818e-05 	0
25.75 	7.40541e-05 	7.40541e-05 	0
25.8125 	7.43562e-05 	7.43562e-05 	0
25.875 	4.76706e-05 	4.76706e-05 	0
26.0 	8.91134e-05 	8.91134e-05 	0
26.125 	7.48417e-05 	7.48417e-05 	0
26.25 	4.65204e-05 	4.65204e-05 	0
26.3125 	4.13946e-05 	4.13946e-05 	0
26.375 	8.76804e-05 	8.76804e-05 	0
26.5 	6.70291e-05 	6.70291e-05 	0
26.5625 	8.0179e-05 	8.0179e-05 	0
26.625 	5.6646e-05 	5.6646e-05 	0
26.6875 	7.2889e-05 	7.2889e-05 	0
26.875 	7.45992e-05 	7.45992e-05 	0
26.9375 	8.38853e-05 	8.38853e-05 	0
27.0 	4.84485e-05 	4.84485e-05 	0
27.25 	0.000105536 	6.4739e-05 	1
27.3125 	6.7329e-05 	6.7329e-05 	0
27.375 	9.05422e-05 	9.05422e-05 	0
27.5 	8.14564e-05 	8.14564e-05 	0
27.625 	8.64922e-05 	8.64922e-05 	0
27.6875 	8.96717e-05 	8.96717e-05 	0
27.75 	6.42213e-05 	6.42213e-05 	0
27.8125 	7.45071e-05 	7.45071e-05 	0
28.0 	8.08673e-05 	8.08673e-05 	0
28.0625 	8.79492e-05 	8.79492e-05 	0
28.125 	8.04679e-05 	8.04679e-05 	0
28.3125 	5.25362e-05 	5.25362e-05 	0
28.4375 	4.72772e-05 	4.72772e-05 	0
28.5 	9.24973e-05 	9.24973e-05 	0
28.625 	7.8169e-05 	7.8169e-05 	0
28.6875 	8.78169e-05 	8.78169e-05 	0
28.8125 	6.55859e-05 	6.55859e-05 	0
28.875 	3.72384e-05 	3.72384e-05 	0
28.9375 	9.10147e-05 	9.10147e-05 	0
29.0 	9.30145e-05 	9.30145e-05 	0
29.0625 	9.7572e-05 	9.7572e-05 	0
29.125 	7.07932e-05 	7.07932e-05 	0
29.1875 	7.11222e-05 	7.11222e-05 	0
29.25 	4.69574e-05 	4.69574e-05 	0
29.375 	8.44965e-05 	8.44965e-05 	0
29.4375 	8.75872e-05 	8.75872e-05 	0
29.5 	6.27716e-05 	6.27716e-05 	0
29.625 	6.90768e-05 	6.90768e-05 	0
29.6875 	7.73968e-05 	7.73968e-05 	0
29.75 	7.44608e-05 	7.44608e-05 	0
29.9375 	7.01068e-05 	7.01068e-05 	0
30.125 	6.05845e-05 	6.05845e-05 	0
30.1875 	8.09479e-05 	8.09479e-05 	0
30.25 	6.69121e-05 	6.69121e-05 	0
30.3125 	8.93217e-05 	8.93217e-05 	0
30.375 	9.87671e-05 	9.87671e-05 	0
30.4375 	7.87193e-05 	7.87193e-05 	0
30.5 	7.58496e-05 	7.58496e-05 	0
30.5625 	8.624e-05 	8.624e-05 	0
30.6875 	8.94173e-05 	8.94173e-05 	0
30.8125 	6.48789e-05 	6.48789e-05 	0
30.9375 	7.0861e-05 	7.0861e-05 	0
31.1875 	6.33233e-05 	6.33233e-05 	0
31.25 	5.43388e-05 	5.43388e-05 	0
31.375 	9.14245e-05 	9.14245e-05 	0
31.5 	8.94885e-05 	8.94885e-05 	0
31.625 	9.89223e-05 	9.89223e-05 	0
31.75 	8.35731e-05 	8.35731e-05 	0
31.8125 	8.75116e-05 	8.75116e-05 	0
31.875 	6.91797e-05 	6.91797e-05 	0
32.0 	8.06405e-05 	8.06405e-05 	0
32.125 	9.27055e-05 	9.27055e-05 	0
32.1875 	4.01332e-05 	4.01332e-05 	0
32.25 	8.88846e-05 	8.88846e-05 	0
32.3125 	4.0237e-05 	4.0237e-05 	0
32.4375 	6.47288e-05 	6.47288e-05 	0
32.5 	5.94553e-05 	5.94553e-05 	0
32.625 	9.42819e-05 	9.42819e-05 	0
32.6875 	9.9995e-05 	9.9995e-05 	0
32.75 	8.88118e-05 	8.88118e-05 	0
32.8125 	6.81466e-05 	6.81466e-05 	0
32.875 	7.37474e-05 	7.37474e-05 	0
33.0 	7.4735e-05 	7.4735e-05 	0
33.0625 	0.000102528 	7.2085e-05 	1
33.125 	9.30475e-05 	9.30475e-05 	0
33.1875 	9.34755e-05 	9.34755e-05 	0
33.25 	4.93473e-05 	4.93473e-05 	0
33.3125 	7.72065e-05 	7.72065e-05 	0
33.375 	7.45853e-05 	7.45853e-05 	0
33.4375 	3.96169e-05 	3.96169e-05 	0
33.625 	8.19867e-05 	8.19867e-05 	0
33.6875 	8.45488e-05 	8.45488e-05 	0
33.75 	8.22447e-05 	8.22447e-05 	0
33.875 	8.61393e-05 	8.61393e-05 	0
33.9375 	5.59198e-05 	5.59198e-05 	0
34.0625 	4.3832e-05 	4.3832e-05 	0
34.125 	9.1202e-05 	9.1202e-05 	0
34.1875 	7.60651e-05 	7.60651e-05 	0
34.25 	5.39369e-05 	5.39369e-05 	0
34.3125 	9.86362e-05 	9.86362e-05 	0
34.375 	9.3851e-05 	9.3851e-05 	0
34.4375 	7.83087e-05 	7.83087e-05 	0
34.5 	9.90552e-05 	9.90552e-05 	0
34.5625 	9.79674e-05 	9.79674e-05 	0
34.625 	3.52273e-05 	3.52273e-05 	0
34.6875 	4.22608e-05 	4.22608e-05 	0
34.875 	6.31428e-05 	6.31428e-05 	0
34.9375 	4.70707e-05 	4.70707e-05 	0
35.0625 	9.11757e-05 	9.11757e-05 	0
35.125 	7.22304e-05 	7.22304e-05 	0
35.25 	0.000101812 	8.41309e-05 	1
35.3125 	0.000103015 	7.21595e-05 	1
35.375 	7.25736e-05 	7.25736e-05 	0
35.625 	9.07744e-05 	9.07744e-05 	0
35.6875 	8.77497e-05 	8.77497e-05 	0
35.75 	4.04757e-05 	4.04757e-05 	0
35.8125 	9.79307e-05 	9.79307e-05 	0
35.875 	9.44519e-05 	9.44519e-05 	0
35.9375 	9.18296e-05 	9.18296e-05 	0
36.0 	7.29952e-05 	7.29952e-05 	0
36.125 	9.43898e-05 	9.43898e-05 	0
36.25 	0.00010317 	6.60956e-05 	1
36.4375 	8.45796e-05 	8.45796e-05 	0
36.5 	6.61816e-05 	6.61816e-05 	0
36.625 	5.16273e-05 	5.16273e-05 	0
36.8125 	8.74835e-05 	8.74835e-05 	0
36.875 	7.07795e-05 	7.07795e-05 	0
37.125 	8.33701e-05 	8.33701e-05 	0
37.1875 	6.67278e-05 	6.67278e-05 	0
37.3125 	9.00869e-05 	9.00869e-05 	0
37.375 	3.52677e-05 	3.52677e-05 	0
37.4375 	7.23344e-05 	7.23344e-05 	0
37.5 	9.29799e-05 	9.29799e-05 	0
37.5625 	7.12062e-05 	7.12062e-05 	0
37.75 	8.52661e-05 	8.52661e-05 	0
37.9375 	9.24854e-05 	9.24854e-05 	0
38.0 	5.38138e-05 	5.38138e-05 	0
38.0625 	7.71213e-05 	7.71213e-05 	0
38.125 	3.26012e-05 	3.26012e-05 	0
38.1875 	4.71963e-05 	4.71963e-05 	0
38.25 	7.99579e-05 	7.99579e-05 	0
38.3125 	5.1055e-05 	5.1055e-05 	0
38.4375 	6.24119e-05 	6.24119e-05 	0
38.5625 	8.2956e-05 	8.2956e-05 	0
38.6875 	8.12217e-05 	8.12217e-05 	0
38.8125 	7.49635e-05 	7.49635e-05 	0
38.875 	8.4737e-05 	8.4737e-05 	0
38.9375 	9.8077e-05 	9.8077e-05 	0
39.0 	6.68071e-05 	6.68071e-05 	0
39.0625 	5.33359e-05 	5.33359e-05 	0
39.125 	9.61509e-05 	9.61509e-05 	0
39.1875 	9.549e-05 	9.549e-05 	0
39.25 	9.87501e-05 	9.87501e-05 	0
39.3125 	4.49243e-05 	4.49243e-05 	0
39.5625 	9.10292e-05 	9.10292e-05 	0
39.625 	6.44672e-05 	6.44672e-05 	0
39.6875 	9.20794e-05 	9.20794e-05 	0
39.75 	3.59218e-05 	3.59218e-05 	0
39.875 	0.000101759 	7.1684e-05 	1
39.9375 	0.000100244 	6.7244e-05 	1
40.0 	8.30268e-05 	8.30268e-05 	0
40.125 	7.49071e-05 	7.49071e-05 	0
40.25 	6.81122e-05 	6.81122e-05 	0
40.3125 	9.80061e-05 	9.80061e-05 	0
40.4375 	9.78832e-05 	9.78832e-05 	0
40.5 	9.68469e-05 	9.68469e-05 	0
40.5625 	8.54996e-05 	8.54996e-05 	0
40.625 	6.05316e-05 	6.05316e-05 	0
40.8125 	7.55701e-05 	7.55701e-05 	0
40.9375 	8.41059e-05 	8.41059e-05 	0
41.125 	6.84752e-05 	6.84752e-05 	0
41.1875 	7.71775e-05 	7.71775e-05 	0
41.25 	8.16354e-05 	8.16354e-05 	0
41.3125 	7.75456e-05 	7.75456e-05 	0
41.4375 	0.000103509 	6.98111e-05 	1
41.5 	9.28335e-05 	9.28335e-05 	0
41.5625 	6.49408e-05 	6.49408e-05 	0
41.6875 	0.00010435 	6.54287e-05 	1
41.8125 	8.92931e-05 	8.92931e-05 	0
41.875 	8.41278e-05 	8.41278e-05 	0
41.9375 	8.4621e-05 	8.4621e-05 	0
42.0 	8.11496e-05 	8.11496e-05 	0
42.25 	3.22451e-05 	3.22451e-05 	0
42.5 	3.55296e-05 	3.55296e-05 	0
42.6875 	8.48345e-05 	8.48345e-05 	0
42.8125 	7.44754e-05 	7.44754e-05 	0
42.875 	7.27812e-05 	7.27812e-05 	0
42.9375 	8.27594e-05 	8.27594e-05 	0
43.0 	7.376e-05 	7.376e-05 	0
43.0625 	7.77545e-05 	7.77545e-05 	0
43.1875 	7.99924e-05 	7.99924e-05 	0
43.3125 	9.99383e-05 	9.99383e-05 	0
43.375 	8.88594e-05 	8.88594e-05 	0
43.6875 	9.95496e-05 	9.95496e-05 	0
43.8125 	7.06976e-05 	7.06976e-05 	0
43.9375 	8.92873e-05 	8.92873e-05 	0
44.0 	9.28461e-05 	9.28461e-05 	0
44.0625 	8.19917e-05 	8.19917e-05 	0
44.125 	7.46658e-05 	7.46658e-05 	0
44.1875 	7.75419e-05 	7.75419e-05 	0
44.25 	4.15432e-05 	4.15432e-05 	0
44.3125 	9.54781e-05 	9.54781e-05 	0
44.375 	0.000106163 	6.57352e-05 	1
44.4375 	8.52668e-05 	8.52668e-05 	0
44.5625 	9.07642e-05 	9.07642e-05 	0
44.6875 	3.59367e-05 	3.59367e-05 	0
44.75 	3.55011e-05 	3.55011e-05 	0
44.8125 	9.0768e-05 	9.0768e-05 	0
44.875 	8.41578e-05 	8.41578e-05 	0
44.9375 	6.40191e-05 	6.40191e-05 	0
45.0 	7.18238e-05 	7.18238e-05 	0
45.0625 	5.46338e-05 	5.46338e-05 	0
45.1875 	9.14109e-05 	9.14109e-05 	0
45.3125 	9.41584e-05 	9.41584e-05 	0
45.5 	9.20629e-05 	9.20629e-05 	0
45.625 	5.42355e-05 	5.42355e-05 	0
45.6875 	4.45986e-05 	4.45986e-05 	0
45.75 	9.27429e-05 	9.27429e-05 	0
45.9375 	7.32903e-05 	7.32903e-05 	0
46.0 	4.23595e-05 	4.23595e-05 	0
46.0625 	9.66626e-05 	9.66626e-05 	0
46.3125 	9.50292e-05 	9.50292e-05 	0
46.5625 	5.23344e-05 	5.23344e-05 	0
46.625 	9.2588e-05 	9.2588e-05 	0
46.6875 	8.56268e-05 	8.56268e-05 	0
46.75 	8.72855e-05 	8.72855e-05 	0
46.8125 	8.16787e-05 	8.16787e-05 	0
46.875 	9.21917e-05 	9.21917e-05 	0
47.0 	9.16267e-05 	9.16267e-05 	0
47.0625 	8.06281e-05 	8.06281e-05 	0
47.125 	9.70814e-05 	9.70814e-05 	0
47.1875 	0.000107081 	8.08912e-05 	1
47.25 	3.5431e-05 	3.5431e-05 	0
47.375 	7.95238e-05 	7.95238e-05 	0
47.5 	5.68046e-05 	5.68046e-05 	0
47.5625 	8.86261e-05 	8.86261e-05 	0
47.625 	6.92977e-05 	6.92977e-05 	0
47.6875 	9.87507e-05 	9.87507e-05 	0
47.8125 	0.000105165 	6.89088e-05 	1
48.0 	9.47334e-05 	9.47334e-05 	0
48.0625 	5.44961e-05 	5.44961e-05 	0
48.1875 	9.63057e-05 	9.63057e-05 	0
48.25 	8.54367e-05 	8.54367e-05 	0
48.3125 	9.85582e-05 	9.85582e-05 	0
48.4375 	9.20543e-05 	9.20543e-05 	0
48.5625 	6.94377e-05 	6.94377e-05 	0
48.75 	6.85724e-05 	6.85724e-05 	0
48.8125 	4.05863e-05 	4.05863e-05 	0
48.9375 	6.81093e-05 	6.81093e-05 	0
49.0 	7.94574e-05 	7.94574e-05 	0
49.125 	8.46851e-05 	8.46851e-05 	0
49.25 	8.44234e-05 	8.44234e-05 	0
49.3125 	9.39961e-05 	9.39961e-05 	0
49.375 	3.83655e-05 	3.83655e-05 	0
49.4375 	9.48888e-05 	9.48888e-05 	0
49.5 	0.000101777 	6.22179e-05 	1
49.5625 	3.40833e-05 	3.40833e-05 	0
49.625 	8.22603e-05 	8.22603e-05 	0
49.6875 	7.2755e-05 	7.2755e-05 	0
49.75 	6.91853e-05 	6.91853e-05 	0
50.0625 	8.4598e-05 	8.4598e-05 	0
50.25 	3.50998e-05 	3.50998e-05 	0
50.3125 	5.41521e-05 	5.41521e-05 	0
50.375 	8.79653e-05 	8.79653e-05 	0
50.4375 	9.27018e-05 	9.27018e-05 	0
50.5625 	7.94752e-05 	7.94752e-05 	0
50.625 	8.60196e-05 	8.60196e-05 	0
50.75 	6.68727e-05 	6.68727e-05 	0
50.8125 	4.63037e-05 	4.63037e-05 	0
50.875 	7.78558e-05 	7.78558e-05 	0
50.9375 	8.937e-05 	8.937e-05 	0
51.0 	6.81612e-05 	6.81612e-05 	0
51.125 	9.69149e-05 	9.69149e-05 	0
51.1875 	6.41434e-05 	6.41434e-05 	0
51.25 	7.78593e-05 	7.78593e-05 	0
51.3125 	3.96858e-05 	3.96858e-05 	0
51.375 	4.0752e-05 	4.0752e-05 	0
51.4375 	9.69645e-05 	9.69645e-05 	0
51.5 	0.00010427 	6.31377e-05 	1
51.625 	9.07622e-05 	9.07622e-05 	0
51.6875 	9.61309e-05 	9.61309e-05 	0
51.8125 	9.28534e-05 	9.28534e-05 	0
51.875 	9.07013e-05 	9.07013e-05 	0
52.0 	9.96138e-05 	9.96138e-05 	0
52.0625 	9.92577e-05 	9.92577e-05 	0
52.1875 	7.96536e-05 	7.96536e-05 	0
52.3125 	9.80527e-05 	9.80527e-05 	0
52.375 	6.35443e-05 	6.35443e-05 	0
52.5 	9.86432e-05 	9.86432e-05 	0
52.625 	8.94025e-05 	8.94025e-05 	0
52.75 	9.33371e-05 	9.33371e-05 	0
52.8125 	7.43314e-05 	7.43314e-05 	0
52.875 	7.10185e-05 	7.10185e-05 	0
52.9375 	6.66022e-05 	6.66022e-05 	0
53.125 	7.88233e-05 	7.88233e-05 	0
53.1875 	4.51475e-05 	4.51475e-05 	0
53.25 	0.000109268 	5.95839e-05 	1
53.3125 	4.39009e-05 	4.39009e-05 	0
53.5 	9.46325e-05 	9.46325e-05 	0
53.5625 	8.3446e-05 	8.3446e-05 	0
53.625 	8.36993e-05 	8.36993e-05 	0
53.6875 	7.90991e-05 	7.90991e-05 	0
53.75 	5.07693e-05 	5.07693e-05 	0
53.8125 	2.80356e-05 	2.80356e-05 	0
53.875 	9.34021e-05 	9.34021e-05 	0
54.0 	8.10069e-05 	8.10069e-05 	0
54.0625 	4.76269e-05 	4.76269e-05 	0
54.1875 	8.78233e-05 	8.78233e-05 	0
54.25 	9.91108e-05 	9.91108e-05 	0
54.3125 	4.20849e-05 	4.20849e-05 	0
54.375 	9.81474e-05 	9.81474e-05 	0
54.4375 	7.89832e-05 	7.89832e-05 	0
54.6875 	7.02009e-05 	7.02009e-05 	0
54.8125 	7.88071e-05 	7.88071e-05 	0
54.875 	7.16992e-05 	7.16992e-05 	0
54.9375 	3.76382e-05 	3.76382e-05 	0
55.0 	9.45916e-05 	9.45916e-05 	0
55.0625 	8.11091e-05 	8.11091e-05 	0
55.125 	5.73615e-05 	5.73615e-05 	0
55.3125 	5.38989e-05 	5.38989e-05 	0
55.4375 	4.70443e-05 	4.70443e-05 	0
55.5 	9.01034e-05 	9.01034e-05 	0
55.6875 	9.26786e-05 	9.26786e-05 	0
55.75 	9.69741e-05 	9.69741e-05 	0
55.875 	8.19887e-05 	8.19887e-05 	0
55.9375 	9.82454e-05 	9.82454e-05 	0
56.0 	8.05898e-05 	8.05898e-05 	0
56.0625 	6.24524e-05 	6.24524e-05 	0
56.3125 	4.42766e-05 	4.42766e-05 	0
56.375 	6.64573e-05 	6.64573e-05 	0
56.4375 	8.9381e-05 	8.9381e-05 	0
56.5625 	3.63762e-05 	3.63762e-05 	0
56.6875 	2.92627e-05 	2.92627e-05 	0
56.75 	7.88373e-05 	7.88373e-05 	0
56.8125 	9.8366e-05 	9.8366e-05 	0
56.9375 	7.63246e-05 	7.63246e-05 	0
57.0 	9.74293e-05 	9.74293e-05 	0
57.0625 	9.37451e-05 	9.37451e-05 	0
57.1875 	9.27736e-05 	9.27736e-05 	0
57.25 	7.01923e-05 	7.01923e-05 	0
57.3125 	4.75409e-05 	4.75409e-05 	0
57.375 	3.22848e-05 	3.22848e-05 	0
57.4375 	3.75346e-05 	3.75346e-05 	0
57.625 	7.40371e-05 	7.40371e-05 	0
57.6875 	9.32983e-05 	9.32983e-05 	0
57.75 	9.07018e-05 	9.07018e-05 	0
57.8125 	7.27345e-05 	7.27345e-05 	0
58.0 	8.78138e-05 	8.78138e-05 	0
58.0625 	7.63596e-05 	7.63596e-05 	0
58.125 	5.62484e-05 	5.62484e-05 	0
58.1875 	7.50516e-05 	7.50516e-05 	0
58.25 	9.43544e-05 	9.43544e-05 	0
58.3125 	0.000101826 	6.58534e-05 	1
58.4375 	9.99243e-05 	9.99243e-05 	0
58.5625 	8.7938e-05 	8.7938e-05 	0
58.6875 	3.08393e-05 	3.08393e-05 	0
58.8125 	9.72919e-05 	9.72919e-05 	0
58.875 	9.18306e-05 	9.18306e-05 	0
58.9375 	8.6299e-05 	8.6299e-05 	0
59.0 	6.85863e-05 	6.85863e-05 	0
59.125 	9.51336e-05 	9.51336e-05 	0
59.25 	9.67984e-05 	9.67984e-05 	0
59.3125 	8.60747e-05 	8.60747e-05 	0
59.375 	6.88711e-05 	6.88711e-05 	0
59.4375 	9.85244e-05 	9.85244e-05 	0
59.5 	8.6668e-05 	8.6668e-05 	0
59.6875 	9.04001e-05 	9.04001e-05 	0
59.8125 	9.61824e-05 	9.61824e-05 	0
59.875 	9.48046e-05 	9.48046e-05 	0
59.9375 	5.11129e-05 	5.11129e-05 	0
60.0625 	9.3433e-05 	9.3433e-05 	0
60.125 	7.83045e-05 	7.83045e-05 	0
60.375 	6.33369e-05 	6.33369e-05 	0
60.4375 	8.05564e-05 	8.05564e-05 	0
60.5625 	9.35885e-05 	9.35885e-05 	0
60.625 	9.45883e-05 	9.45883e-05 	0
60.75 	7.39233e-05 	7.39233e-05 	0
60.8125 	9.23906e-05 	9.23906e-05 	0
60.875 	8.60264e-05 	8.60264e-05 	0
61.0 	6.66361e-05 	6.66361e-05 	0
61.125 	9.41505e-05 	9.41505e-05 	0
61.1875 	7.72488e-05 	7.72488e-05 	0
61.25 	6.8242e-05 	6.8242e-05 	0
61.3125 	6.28733e-05 	6.28733e-05 	0
61.4375 	5.94987e-05 	5.94987e-05 	0
61.5 	9.13958e-05 	9.13958e-05 	0
61.625 	9.67097e-05 	9.67097e-05 	0
61.6875 	5.05289e-05 	5.05289e-05 	0
61.8125 	4.94954e-05 	4.94954e-05 	0
61.875 	3.95696e-05 	3.95696e-05 	0
61.9375 	9.61782e-05 	9.61782e-05 	0
62.0 	3.51454e-05 	3.51454e-05 	0
62.125 	8.79901e-05 	8.79901e-05 	0
62.1875 	6.76984e-05 	6.76984e-05 	0
62.25 	9.20868e-05 	9.20868e-05 	0
62.375 	8.98234e-05 	8.98234e-05 	0
62.5 	6.30681e-05 	6.30681e-05 	0
62.5625 	8.04078e-05 	8.04078e-05 	0
62.75 	8.15234e-05 	8.15234e-05 	0
62.875 	6.80247e-05 	6.80247e-05 	0
62.9375 	9.90246e-05 	9.90246e-05 	0
63.0 	5.63175e-05 	5.63175e-05 	0
63.125 	7.59399e-05 	7.59399e-05 	0
63.25 	9.66404e-05 	9.66404e-05 	0
63.4375 	7.7176e-05 	7.7176e-05 	0
63.5625 	7.55308e-05 	7.55308e-05 	0
63.8125 	8.74376e-05 	8.74376e-05 	0
63.9375 	8.97306e-05 	8.97306e-05 	0
64.0 	3.79438e-05 	3.79438e-05 	0
64.0625 	3.13974e-05 	3.13974e-05 	0
64.25 	8.02304e-05 	8.02304e-05 	0
64.4375 	8.27381e-05 	8.27381e-05 	0
64.5625 	7.34439e-05 	7.34439e-05 	0
64.6875 	9.2178e-05 	9.2178e-05 	0
64.75 	9.87417e-05 	9.87417e-05 	0
64.8125 	7.65447e-05 	7.65447e-05 	0
64.875 	3.90108e-05 	3.90108e-05 	0
64.9375 	8.48486e-05 	8.48486e-05 	0
65.0 	2.67769e-05 	2.67769e-05 	0
65.0625 	7.11067e-05 	7.11067e-05 	0
65.125 	6.40686e-05 	6.40686e-05 	0
65.25 	5.89159e-05 	5.89159e-05 	0
65.5 	9.91044e-05 	9.91044e-05 	0
65.625 	4.13509e-05 	4.13509e-05 	0
65.8125 	8.60941e-05 	8.60941e-05 	0
65.9375 	8.6084e-05 	8.6084e-05 	0
66.0 	9.19009e-05 	9.19009e-05 	0
66.0625 	9.01588e-05 	9.01588e-05 	0
66.25 	4.87791e-05 	4.87791e-05 	0
66.3125 	4.01858e-05 	4.01858e-05 	0
66.5 	8.47083e-05 	8.47083e-05 	0
66.75 	9.6438e-05 	9.6438e-05 	0
66.8125 	8.24654e-05 	8.24654e-05 	0
66.875 	6.63766e-05 	6.63766e-05 	0
66.9375 	3.15078e-05 	3.15078e-05 	0
67.0 	8.73899e-05 	8.73899e-05 	0
67.25 	6.49693e-05 	6.49693e-05 	0
67.375 	5.77036e-05 	5.77036e-05 	0
67.4375 	8.15796e-05 	8.15796e-05 	0
67.5 	8.96392e-05 	8.96392e-05 	0
67.8125 	7.48051e-05 	7.48051e-05 	0
67.875 	9.87879e-05 	9.87879e-05 	0
67.9375 	7.97795e-05 	7.97795e-05 	0
68.0 	8.16419e-05 	8.16419e-05 	0
68.0625 	9.66659e-05 	9.66659e-05 	0
68.125 	6.21568e-05 	6.21568e-05 	0
68.1875 	5.69604e-05 	5.69604e-05 	0
68.3125 	8.1739e-05 	8.1739e-05 	0
68.375 	6.81898e-05 	6.81898e-05 	0
68.4375 	7.77154e-05 	7.77154e-05 	0
68.5625 	8.22363e-05 	8.22363e-05 	0
68.625 	7.33755e-05 	7.33755e-05 	0
68.6875 	4.50037e-05 	4.50037e-05 	0
68.75 	3.79716e-05 	3.79716e-05 	0
68.8125 	6.7545e-05 	6.7545e-05 	0
68.9375 	8.85295e-05 	8.85295e-05 	0
69.125 	3.86261e-05 	3.86261e-05 	0
69.1875 	6.12144e-05 	6.12144e-05 	0
69.25 	5.42364e-05 	5.42364e-05 	0
69.3125 	7.50203e-05 	7.50203e-05 	0
69.4375 	5.81092e-05 	5.81092e-05 	0
69.5 	7.02606e-05 	7.02606e-05 	0
69.75 	8.89587e-05 	8.89587e-05 	0
69.8125 	9.72027e-05 	9.72027e-05 	0
69.875 	8.82681e-05 	8.82681e-05 	0
69.9375 	8.78735e-05 	8.78735e-05 	0
