# time 	Initial 	Final 	Iterations
0.333274 	0.00014249 	3.03947e-05 	1
0.392346 	0.000169483 	3.45422e-05 	1
0.579973 	0.000206168 	8.73891e-05 	1
0.642226 	0.000114293 	3.41161e-05 	1
0.70448 	0.000182799 	8.47672e-05 	1
0.766734 	0.000121356 	4.63577e-05 	1
0.828988 	0.000307554 	6.52378e-05 	1
0.953496 	0.000119015 	3.24635e-05 	1
1.01575 	0.000169431 	8.35704e-05 	1
1.078 	0.00013004 	6.12629e-05 	1
1.20251 	0.000326492 	8.13309e-05 	2
1.26477 	0.000191113 	4.35962e-05 	1
1.38927 	0.000153974 	5.97202e-05 	1
1.45153 	0.00028905 	7.99708e-05 	1
1.51378 	0.000288453 	8.27696e-05 	1
1.57604 	9.77789e-05 	9.77789e-05 	0
1.70054 	0.000394775 	6.84097e-05 	1
1.7628 	0.000249699 	6.81575e-05 	1
1.8873 	0.000108215 	4.14746e-05 	1
1.94956 	0.000210338 	4.71155e-05 	1
2.01181 	0.000298001 	9.27875e-05 	3
2.07407 	0.000148334 	9.60278e-05 	1
2.13632 	0.000361323 	8.39984e-05 	1
2.19857 	0.000230896 	5.26514e-05 	1
2.26083 	0.000134233 	4.73307e-05 	1
2.32308 	0.000222297 	8.17189e-05 	2
2.38534 	0.000152215 	3.90671e-05 	1
2.44759 	0.000154605 	9.0601e-05 	1
2.50984 	0.000264674 	7.26856e-05 	1
2.63435 	0.000226493 	4.81653e-05 	1
2.69661 	0.00022783 	6.51296e-05 	1
2.75886 	0.000140224 	6.0896e-05 	1
2.82111 	0.000160879 	6.54716e-05 	1
2.88337 	0.000441431 	9.20933e-05 	1
2.94562 	0.000357707 	9.79765e-05 	1
3.00787 	0.0002388 	9.38634e-05 	1
3.07013 	0.000225289 	2.67314e-05 	1
3.13238 	0.000234314 	6.48809e-05 	1
3.19464 	0.000125704 	8.70709e-05 	1
3.25689 	0.000190471 	5.90468e-05 	1
3.31914 	0.000299385 	4.00318e-05 	1
3.3814 	0.000152156 	2.36994e-05 	1
3.44365 	0.00032509 	6.24003e-05 	1
3.50591 	0.000279277 	5.50251e-05 	1
3.56816 	0.000234498 	6.10538e-05 	1
3.69267 	0.000168046 	6.57487e-05 	1
3.75492 	0.000167158 	5.59389e-05 	1
3.81718 	0.000363169 	7.60499e-05 	1
3.87943 	0.000414769 	8.36794e-05 	1
4.00394 	0.000234632 	6.98591e-05 	1
4.06619 	0.000370968 	7.60987e-05 	1
4.12845 	0.000190093 	4.28e-05 	1
4.1907 	0.00028088 	5.29907e-05 	1
4.25295 	0.000204461 	4.77324e-05 	1
4.31521 	0.000251799 	5.79653e-05 	1
4.37746 	0.000150312 	2.82458e-05 	1
4.50197 	0.000152302 	5.84289e-05 	2
4.56422 	0.000259621 	5.98361e-05 	1
4.62648 	0.000238405 	5.67465e-05 	1
4.68873 	0.000148459 	5.53827e-05 	1
4.75098 	0.000143451 	4.81352e-05 	1
4.81324 	0.00021298 	3.54743e-05 	1
4.87549 	0.000224521 	5.27437e-05 	1
4.93775 	9.66613e-05 	9.66613e-05 	0
5.0 	0.000227927 	7.11346e-05 	1
5.0625 	0.000181497 	3.62094e-05 	1
5.125 	0.000117293 	8.02942e-05 	1
5.25 	0.000359273 	4.46296e-05 	1
5.3125 	0.000277467 	5.07513e-05 	1
5.375 	0.000179454 	9.97046e-05 	1
5.4375 	0.000159996 	2.29732e-05 	1
5.5 	0.000355111 	6.58587e-05 	1
5.5625 	0.000190699 	5.75219e-05 	1
5.625 	0.000169327 	8.00756e-05 	1
5.6875 	0.0002897 	6.35306e-05 	1
5.75 	0.000244861 	7.85687e-05 	1
5.8125 	0.000248812 	7.06412e-05 	1
5.875 	0.00014398 	5.46357e-05 	1
5.9375 	0.000172355 	6.23725e-05 	1
6.0 	0.000218493 	6.45551e-05 	1
6.125 	0.000402292 	6.08764e-05 	1
6.1875 	0.000189619 	8.76615e-05 	1
6.25 	0.000180222 	3.87872e-05 	1
6.3125 	0.000155487 	5.2243e-05 	1
6.4375 	0.000357813 	8.61694e-05 	1
6.625 	0.000199626 	4.49261e-05 	1
6.6875 	0.000264107 	6.87981e-05 	1
6.75 	0.00024724 	5.91822e-05 	1
6.8125 	0.000221725 	3.80478e-05 	1
6.9375 	0.000217555 	7.10154e-05 	1
7.0 	0.000289038 	7.62096e-05 	1
7.0625 	0.000163912 	5.44075e-05 	1
7.125 	0.000172191 	9.04285e-05 	1
7.1875 	0.000116948 	2.65896e-05 	1
7.25 	9.95813e-05 	9.95813e-05 	0
7.4375 	0.00022028 	5.76736e-05 	1
7.5625 	0.000272467 	3.4021e-05 	1
7.625 	0.000135251 	3.99659e-05 	1
7.6875 	0.000153155 	3.475e-05 	1
7.8125 	0.000203405 	4.57583e-05 	1
7.9375 	0.000264639 	5.13049e-05 	1
8.0 	0.000302342 	9.5176e-05 	1
8.0625 	0.000109072 	4.17814e-05 	1
8.125 	0.00014202 	4.76346e-05 	1
8.25 	0.000238157 	6.4898e-05 	1
8.3125 	0.000124989 	5.35965e-05 	1
8.375 	0.000195001 	7.52814e-05 	1
8.4375 	0.000178662 	5.56852e-05 	2
8.5 	0.000103097 	5.15889e-05 	1
8.5625 	0.000325347 	6.76008e-05 	1
8.625 	0.000179792 	2.86439e-05 	1
8.8125 	0.000354493 	9.18291e-05 	1
8.9375 	0.000299153 	6.65207e-05 	1
9.0 	0.000185697 	4.15341e-05 	1
9.0625 	0.000218247 	4.62866e-05 	1
9.125 	0.000185447 	8.09482e-05 	1
9.1875 	0.000226038 	4.53052e-05 	1
9.25 	0.000406468 	9.85169e-05 	1
9.3125 	0.000175165 	8.36082e-05 	1
9.375 	0.000384387 	6.65198e-05 	1
9.4375 	0.000269843 	8.06473e-05 	1
9.5625 	0.000127731 	5.42791e-05 	1
9.625 	0.000156791 	4.20502e-05 	1
9.6875 	0.000179702 	3.95499e-05 	1
9.75 	0.000312452 	6.70527e-05 	1
9.8125 	0.000154064 	4.97126e-05 	2
9.875 	0.00023538 	4.96443e-05 	1
9.9375 	0.000384618 	6.15952e-05 	1
10.0 	0.00013359 	3.90679e-05 	1
10.0625 	0.000170786 	5.04741e-05 	1
10.125 	9.14309e-05 	9.14309e-05 	0
10.1875 	0.000188392 	6.33193e-05 	2
10.3125 	0.000171211 	4.3868e-05 	2
10.375 	0.000231538 	6.74743e-05 	1
10.5 	0.000163564 	7.13445e-05 	1
10.5625 	0.000244988 	6.47536e-05 	1
10.625 	0.000212269 	9.94496e-05 	1
10.6875 	0.00028197 	7.77093e-05 	1
10.75 	0.000210373 	3.43682e-05 	1
10.8125 	0.000245256 	6.35988e-05 	2
10.875 	0.000145479 	8.23644e-05 	1
10.9375 	0.000246038 	5.57709e-05 	1
11.0 	0.000161388 	5.75356e-05 	1
11.0625 	0.000167368 	9.78441e-05 	1
11.125 	0.00012788 	5.33356e-05 	1
11.1875 	0.000167208 	8.57565e-05 	1
11.25 	0.000240525 	8.69686e-05 	1
11.375 	0.000258446 	8.29797e-05 	1
11.4375 	0.000141129 	8.33677e-05 	1
11.5 	0.000417552 	9.77222e-05 	1
11.5625 	0.000299806 	6.08231e-05 	1
11.625 	0.000256717 	7.5969e-05 	2
11.6875 	0.000255811 	4.33347e-05 	1
11.75 	0.000429599 	5.21776e-05 	1
11.8125 	0.000221267 	8.17241e-05 	2
11.875 	0.000140823 	5.54738e-05 	1
11.9375 	0.00012084 	6.54068e-05 	1
12.0 	0.000302357 	8.92001e-05 	2
12.0625 	0.000155501 	2.98142e-05 	1
12.125 	0.000225292 	7.11091e-05 	1
12.1875 	0.000104609 	3.93797e-05 	1
12.25 	0.000112786 	5.25103e-05 	1
12.3125 	0.000157197 	3.28216e-05 	1
12.375 	0.00039315 	7.40515e-05 	1
12.4375 	0.000254283 	3.93817e-05 	1
12.5625 	0.000104292 	6.6643e-05 	1
12.625 	0.000256925 	8.07673e-05 	1
12.6875 	0.00014909 	3.73284e-05 	1
12.75 	0.00015655 	7.11733e-05 	1
12.8125 	0.000265173 	4.98293e-05 	1
12.875 	0.000428058 	6.63289e-05 	2
13.0 	0.000350424 	9.40946e-05 	2
13.0625 	0.000393453 	8.0261e-05 	1
13.125 	0.000164116 	4.9183e-05 	1
13.1875 	0.000178155 	3.71642e-05 	1
13.25 	0.000288505 	5.73723e-05 	1
13.3125 	0.000102423 	3.19262e-05 	1
13.375 	8.04459e-05 	8.04459e-05 	0
13.4375 	0.000179385 	5.36167e-05 	1
13.5 	0.000160177 	3.28867e-05 	1
13.5625 	0.000405571 	9.36886e-05 	1
13.625 	0.000148727 	4.97362e-05 	1
13.6875 	0.000177608 	5.07786e-05 	2
13.8125 	0.000354851 	7.43072e-05 	1
14.0 	0.000215806 	5.9848e-05 	2
14.0625 	0.000246483 	3.15259e-05 	1
14.125 	0.000157478 	7.35174e-05 	1
14.1875 	0.00024031 	7.57966e-05 	2
14.3125 	0.000212037 	5.4525e-05 	2
14.375 	0.000214256 	6.48918e-05 	1
14.4375 	0.000162888 	6.4872e-05 	1
14.5 	0.000237606 	6.7977e-05 	2
14.5625 	0.000251147 	2.69101e-05 	1
14.625 	0.00031026 	6.15655e-05 	1
14.6875 	0.000410328 	6.45371e-05 	1
14.75 	0.000261972 	5.54196e-05 	1
14.8125 	0.000303641 	9.26024e-05 	1
14.875 	0.000182186 	5.52766e-05 	1
14.9375 	0.000197103 	5.22424e-05 	2
15.0 	0.000251227 	8.25749e-05 	1
15.1875 	0.0002481 	6.60466e-05 	1
15.25 	0.000344192 	6.58183e-05 	1
15.3125 	0.000247738 	8.13182e-05 	1
15.375 	0.000303913 	7.80886e-05 	1
15.4375 	0.000197397 	4.37724e-05 	1
15.5 	0.000154296 	8.09828e-05 	1
15.5625 	0.000345912 	7.41809e-05 	3
15.625 	0.000183563 	7.28135e-05 	1
15.75 	0.000284102 	4.87118e-05 	1
15.8125 	0.000174782 	3.42621e-05 	1
15.875 	0.00020548 	6.47999e-05 	2
15.9375 	0.000194683 	5.61017e-05 	1
16.0 	0.000175525 	8.85976e-05 	1
16.0625 	0.000125361 	6.79148e-05 	1
16.125 	8.59808e-05 	8.59808e-05 	0
16.1875 	0.00014385 	4.65287e-05 	1
16.25 	0.000125764 	4.92267e-05 	1
16.3125 	0.00011497 	4.74907e-05 	1
16.375 	0.000150765 	6.61747e-05 	1
16.4375 	0.000180225 	5.96496e-05 	2
16.5 	0.000190921 	6.30282e-05 	1
16.5625 	9.00548e-05 	9.00548e-05 	0
16.625 	0.000149179 	5.20786e-05 	1
16.6875 	0.000107825 	4.49663e-05 	1
16.75 	0.000168368 	8.20834e-05 	1
16.8125 	0.000274387 	9.20512e-05 	1
16.875 	0.000164888 	4.12719e-05 	1
16.9375 	0.00010466 	4.7007e-05 	1
17.1875 	0.000324562 	6.01427e-05 	1
17.25 	0.000213845 	4.68083e-05 	1
17.3125 	0.000158859 	5.63741e-05 	1
17.375 	0.000420292 	8.43825e-05 	1
17.4375 	0.00018005 	3.93001e-05 	1
17.5 	0.000134435 	5.93385e-05 	1
17.5625 	0.00022327 	8.67851e-05 	1
17.625 	0.000200873 	6.28543e-05 	2
17.6875 	0.000330387 	7.00175e-05 	1
17.75 	0.000196052 	6.92233e-05 	1
17.8125 	0.000203231 	6.23866e-05 	1
17.875 	8.21592e-05 	8.21592e-05 	0
17.9375 	0.000304901 	4.26849e-05 	1
18.0 	0.000153997 	2.00825e-05 	1
18.0625 	0.000239486 	3.07757e-05 	1
18.125 	0.000167324 	4.57361e-05 	1
18.1875 	6.43874e-05 	6.43874e-05 	0
18.25 	0.000137979 	6.15923e-05 	1
18.3125 	0.000241162 	3.44461e-05 	1
18.375 	0.00017031 	3.24669e-05 	1
18.4375 	0.000413648 	8.43974e-05 	1
18.5 	0.00033319 	4.57521e-05 	1
18.5625 	0.000224652 	8.45766e-05 	1
18.625 	0.000130789 	4.8097e-05 	1
18.75 	0.000213648 	5.54558e-05 	1
18.8125 	0.000162846 	5.71252e-05 	1
18.875 	0.00016774 	7.32732e-05 	1
18.9375 	0.000164172 	6.59239e-05 	1
19.125 	0.000222755 	6.91017e-05 	1
19.25 	0.000173602 	4.05435e-05 	1
19.3125 	0.000301775 	7.86175e-05 	3
19.375 	9.82612e-05 	9.82612e-05 	0
19.4375 	0.000244933 	7.66502e-05 	2
19.5 	0.000150913 	7.56302e-05 	1
19.625 	0.000154797 	7.06974e-05 	2
19.6875 	0.000295537 	5.65526e-05 	1
19.75 	0.000203561 	6.38947e-05 	2
19.875 	0.000265748 	5.49168e-05 	1
19.9375 	0.000259718 	3.64602e-05 	1
20.0 	0.000120727 	3.99306e-05 	1
20.0625 	9.97118e-05 	9.97118e-05 	0
20.125 	0.000164176 	5.53023e-05 	1
20.1875 	0.000176916 	4.39247e-05 	1
20.25 	0.000191414 	8.6878e-05 	1
20.3125 	0.000139837 	6.55193e-05 	1
20.375 	0.000168798 	5.32323e-05 	1
20.4375 	0.000174009 	5.22916e-05 	1
20.5 	0.000271345 	7.02609e-05 	1
20.5625 	0.000130515 	4.30527e-05 	1
20.625 	0.000164344 	9.04798e-05 	1
20.6875 	0.000120685 	5.73052e-05 	1
20.75 	0.000228814 	7.61451e-05 	1
20.8125 	0.000143437 	7.38236e-05 	1
20.875 	0.000202449 	7.75723e-05 	1
20.9375 	0.000170958 	5.63234e-05 	1
21.0 	0.000187338 	6.26023e-05 	1
21.0625 	0.000288674 	6.54108e-05 	1
21.1875 	0.000391069 	9.4435e-05 	1
21.3125 	0.000252723 	8.43444e-05 	1
21.375 	7.99165e-05 	7.99165e-05 	0
21.4375 	0.000120595 	4.71011e-05 	1
21.5 	0.000309197 	8.05945e-05 	1
21.5625 	0.000245852 	8.75255e-05 	1
21.625 	0.000234509 	5.80368e-05 	1
21.6875 	0.000178398 	4.6956e-05 	2
21.75 	0.000141088 	5.68654e-05 	1
21.8125 	0.000201063 	8.81805e-05 	1
21.875 	0.000230517 	9.42425e-05 	1
21.9375 	0.000180542 	3.01864e-05 	1
22.0 	0.000305652 	6.50694e-05 	2
22.0625 	0.000206284 	5.92465e-05 	1
22.125 	0.000122883 	3.46516e-05 	1
22.1875 	0.000196472 	3.82873e-05 	1
22.25 	0.000200811 	4.29463e-05 	1
22.3125 	0.0002848 	7.28159e-05 	2
22.375 	0.000207153 	6.64936e-05 	1
22.625 	0.000142977 	7.22729e-05 	1
22.6875 	0.000227561 	6.45184e-05 	1
22.75 	9.7561e-05 	9.7561e-05 	0
22.8125 	0.000437975 	6.76333e-05 	1
22.9375 	0.000226097 	7.82628e-05 	1
23.0 	0.000119946 	4.72059e-05 	1
23.0625 	0.000135258 	5.44136e-05 	1
23.125 	0.00022737 	3.90943e-05 	1
23.1875 	0.000374096 	5.08126e-05 	2
23.3125 	0.000156291 	6.35336e-05 	1
23.375 	0.000195632 	4.36787e-05 	1
23.4375 	0.000132194 	6.90261e-05 	1
23.5625 	0.000129294 	6.34485e-05 	1
23.6875 	0.000128582 	6.7469e-05 	1
23.75 	0.000162627 	6.9744e-05 	1
23.8125 	0.000175421 	6.44804e-05 	1
23.875 	0.000172461 	6.45946e-05 	1
23.9375 	0.000294248 	6.30057e-05 	1
24.0 	0.000325792 	7.65179e-05 	1
24.0625 	0.000145394 	6.34058e-05 	1
24.125 	0.000169013 	4.07597e-05 	1
24.1875 	0.000178492 	5.88687e-05 	1
24.3125 	0.000150565 	5.58852e-05 	1
24.375 	0.000248293 	7.65748e-05 	2
24.4375 	0.000215363 	6.25609e-05 	1
24.5 	0.000132291 	7.63936e-05 	1
24.5625 	0.000253914 	7.59892e-05 	2
24.625 	0.000111259 	2.68904e-05 	1
24.6875 	0.00026919 	6.81843e-05 	4
24.75 	0.000340039 	5.19585e-05 	1
24.8125 	0.000103169 	2.84557e-05 	1
24.9375 	0.000118014 	3.77956e-05 	1
25.0 	0.000143309 	7.0316e-05 	1
25.0625 	0.000164231 	9.67339e-05 	1
25.125 	0.000295583 	4.88828e-05 	1
25.25 	0.000123438 	3.32593e-05 	1
25.3125 	9.01209e-05 	9.01209e-05 	0
25.375 	0.000100277 	2.66109e-05 	1
25.4375 	0.000103666 	2.89862e-05 	1
25.5 	0.000172093 	9.19303e-05 	1
25.5625 	0.000227706 	9.26594e-05 	1
25.625 	0.000409912 	6.74975e-05 	1
25.6875 	0.000125954 	5.11368e-05 	1
25.75 	0.000236711 	8.17416e-05 	1
25.8125 	0.000154935 	4.89087e-05 	1
25.875 	0.000124275 	4.33345e-05 	1
25.9375 	0.000231894 	7.84744e-05 	2
26.0 	0.000122346 	4.74467e-05 	1
26.0625 	0.000219928 	3.18804e-05 	1
26.125 	0.000215352 	3.67955e-05 	1
26.1875 	0.000110354 	4.52812e-05 	1
26.25 	0.00027255 	6.73062e-05 	2
26.3125 	0.000367911 	8.68331e-05 	1
26.375 	0.00015303 	6.51154e-05 	1
26.4375 	0.000284332 	4.99787e-05 	1
26.5 	0.000147445 	4.31206e-05 	1
26.5625 	0.00022708 	9.40587e-05 	1
26.625 	0.000369461 	9.0752e-05 	3
26.6875 	0.000152816 	5.28332e-05 	1
26.875 	0.00016296 	4.66465e-05 	1
26.9375 	0.000160101 	4.86323e-05 	2
27.0 	0.000200205 	9.29271e-05 	1
27.0625 	0.000152816 	4.85804e-05 	1
27.125 	0.000201872 	6.73476e-05 	2
27.25 	0.000273167 	3.64261e-05 	1
27.3125 	0.000148489 	4.906e-05 	1
27.375 	0.000394647 	8.6264e-05 	1
27.5 	0.000240025 	3.49098e-05 	1
27.5625 	0.000242186 	6.18608e-05 	2
27.625 	0.000215085 	2.94041e-05 	1
27.6875 	0.000245627 	6.20242e-05 	2
27.75 	0.000164058 	6.63518e-05 	1
27.8125 	0.000147761 	6.2491e-05 	1
27.875 	0.000239213 	7.5584e-05 	1
28.0 	0.000129106 	5.19536e-05 	1
28.0625 	0.000258055 	5.84333e-05 	1
28.125 	9.36075e-05 	9.36075e-05 	0
28.25 	9.00889e-05 	9.00889e-05 	0
28.3125 	0.000195849 	5.08988e-05 	1
28.375 	0.000289642 	6.88651e-05 	2
28.4375 	0.000121463 	2.54487e-05 	1
28.5 	0.000296841 	8.10688e-05 	1
28.625 	0.000114597 	3.79624e-05 	1
28.6875 	0.000154719 	5.48448e-05 	1
28.8125 	0.000245248 	7.32186e-05 	1
28.875 	0.000261995 	7.05503e-05 	1
28.9375 	0.000268474 	8.62603e-05 	1
29.0 	0.000240818 	5.26205e-05 	1
29.0625 	0.000276203 	4.62576e-05 	1
29.125 	0.000186076 	8.33278e-05 	1
29.1875 	0.000250699 	7.80009e-05 	2
29.25 	0.000132051 	5.03619e-05 	1
29.3125 	0.000388106 	6.61987e-05 	1
29.375 	9.30259e-05 	9.30259e-05 	0
29.4375 	0.000228834 	5.303e-05 	1
29.5 	0.0001889 	7.05933e-05 	1
29.5625 	0.000168022 	5.16139e-05 	1
29.625 	0.00022385 	6.74096e-05 	1
29.6875 	0.000300203 	7.29308e-05 	1
29.75 	0.00033248 	6.17695e-05 	1
29.875 	0.000157147 	8.57392e-05 	1
29.9375 	0.000234588 	5.39987e-05 	1
30.0 	0.000174838 	4.21296e-05 	1
30.125 	0.000253397 	9.82003e-05 	2
30.1875 	0.000346896 	8.34765e-05 	1
30.25 	0.000177034 	4.63463e-05 	1
30.3125 	0.000196464 	5.90545e-05 	2
30.375 	0.000212605 	6.18778e-05 	2
30.4375 	0.000279987 	7.83253e-05 	1
30.5 	0.000155046 	6.08055e-05 	1
30.5625 	0.000300998 	7.63507e-05 	4
30.625 	0.000273611 	8.11163e-05 	1
30.6875 	0.000130606 	5.75998e-05 	1
30.75 	0.000215218 	5.89227e-05 	2
30.8125 	0.000233569 	3.61164e-05 	1
30.9375 	0.000213081 	4.50795e-05 	1
31.0 	0.000221668 	7.90477e-05 	1
31.125 	0.000136149 	4.69949e-05 	1
31.1875 	0.000192787 	4.43063e-05 	1
31.25 	0.000322117 	6.28538e-05 	1
31.3125 	0.00025923 	4.79815e-05 	1
31.375 	0.000232087 	7.44782e-05 	1
31.5 	0.000218927 	4.73973e-05 	1
31.5625 	0.000285274 	6.68698e-05 	1
31.625 	0.000266633 	8.64419e-05 	3
31.6875 	0.000170472 	2.49452e-05 	1
31.75 	0.000189481 	4.69431e-05 	1
31.8125 	0.000215574 	3.27015e-05 	1
31.875 	0.000273435 	3.51912e-05 	1
31.9375 	0.000175391 	4.65956e-05 	1
32.0 	0.000435407 	7.01776e-05 	1
32.0625 	0.000332618 	7.88983e-05 	1
32.125 	0.000200706 	7.04385e-05 	2
32.1875 	0.00013992 	3.25143e-05 	1
32.25 	0.000118768 	2.1586e-05 	1
32.3125 	0.000389088 	7.46111e-05 	1
32.375 	0.000162456 	6.0429e-05 	2
32.4375 	0.000247817 	6.18141e-05 	1
32.5 	0.00017756 	9.3081e-05 	1
32.625 	0.000265681 	7.13791e-05 	2
32.6875 	0.000178008 	6.67682e-05 	1
32.75 	0.000117312 	5.37647e-05 	1
32.8125 	0.000117586 	1.96088e-05 	1
32.875 	0.000231637 	3.57107e-05 	1
32.9375 	0.000193014 	7.70711e-05 	1
33.0 	0.000147743 	7.61586e-05 	1
33.0625 	0.000157689 	4.54623e-05 	1
33.125 	0.000150514 	3.63241e-05 	1
33.1875 	0.000100233 	7.89607e-05 	1
33.25 	0.00019135 	5.00152e-05 	1
33.3125 	0.000120291 	7.09477e-05 	1
33.375 	0.00027973 	7.63024e-05 	1
33.4375 	0.00019379 	5.0598e-05 	1
33.5 	9.96167e-05 	9.96167e-05 	0
33.625 	0.000240069 	4.75184e-05 	1
33.6875 	0.000137662 	4.81253e-05 	1
33.75 	0.000143471 	5.41219e-05 	1
33.8125 	0.000280127 	4.82777e-05 	1
33.875 	0.000127708 	6.4158e-05 	1
33.9375 	0.00012706 	5.47686e-05 	1
34.0625 	0.000130504 	5.68148e-05 	1
34.125 	0.000276267 	4.16313e-05 	1
34.1875 	0.000285788 	5.95287e-05 	1
34.25 	0.00023226 	8.25811e-05 	1
34.3125 	9.84731e-05 	9.84731e-05 	0
34.375 	8.2767e-05 	8.2767e-05 	0
34.4375 	0.000283707 	7.67279e-05 	1
34.5 	0.000263813 	3.62845e-05 	1
34.5625 	0.000280584 	6.98316e-05 	1
34.625 	0.000139301 	3.27813e-05 	1
34.6875 	0.000137566 	6.95768e-05 	1
34.75 	0.000252687 	5.67024e-05 	1
34.875 	0.000200678 	6.98553e-05 	1
34.9375 	0.000251417 	5.31946e-05 	1
35.0 	0.000213457 	8.03867e-05 	1
35.0625 	0.000138889 	5.31528e-05 	1
35.125 	0.00014457 	2.13042e-05 	1
35.25 	0.000220615 	8.39891e-05 	1
35.3125 	0.000198073 	7.19877e-05 	1
35.375 	0.000199932 	7.20479e-05 	1
35.5625 	0.000215225 	4.47526e-05 	1
35.625 	0.000389177 	9.55527e-05 	1
35.6875 	0.000412396 	8.97827e-05 	1
35.75 	0.000200739 	8.53736e-05 	1
35.8125 	0.000112701 	4.51413e-05 	1
35.875 	0.000101325 	4.0055e-05 	1
35.9375 	0.000158004 	1.94952e-05 	1
36.0 	0.000253244 	6.41654e-05 	2
36.125 	0.000211261 	5.07923e-05 	1
36.25 	0.000120164 	4.29645e-05 	1
36.3125 	0.000180297 	4.86214e-05 	1
36.4375 	0.000283691 	8.92169e-05 	2
36.5 	0.000301819 	8.52947e-05 	3
36.5625 	0.000152968 	4.33927e-05 	1
36.625 	0.000230594 	7.38029e-05 	1
36.6875 	0.000340283 	7.57023e-05 	1
36.8125 	0.000184235 	9.22119e-05 	1
36.875 	0.000339278 	6.99573e-05 	1
36.9375 	0.000318719 	8.33178e-05 	4
37.0625 	0.000118168 	5.85639e-05 	1
37.125 	0.000214413 	8.50163e-05 	1
37.1875 	0.000124034 	5.78764e-05 	1
37.25 	0.000209377 	5.77945e-05 	2
37.3125 	0.000401089 	6.15206e-05 	1
37.375 	0.000353732 	8.33839e-05 	1
37.4375 	0.000310534 	3.63826e-05 	1
37.5 	0.000360365 	8.64566e-05 	1
37.5625 	0.000216187 	9.82384e-05 	1
37.625 	0.000425282 	9.10895e-05 	1
37.75 	0.000150163 	4.24045e-05 	1
37.8125 	0.000141646 	6.45813e-05 	2
37.875 	0.000222838 	6.25341e-05 	1
37.9375 	0.000299233 	2.64261e-05 	1
38.0 	0.000171712 	6.52705e-05 	1
38.0625 	0.000266028 	7.20944e-05 	1
38.125 	0.000224092 	8.51791e-05 	1
38.1875 	0.000201985 	6.64694e-05 	2
38.25 	0.000390157 	9.29413e-05 	1
38.3125 	0.000231608 	8.19989e-05 	1
38.375 	0.00030304 	8.06126e-05 	1
38.4375 	0.000173159 	4.5758e-05 	1
38.5625 	0.000226904 	3.62156e-05 	1
38.6875 	0.00026193 	3.6232e-05 	1
38.8125 	0.000234418 	8.80549e-05 	1
38.875 	0.000187469 	8.91216e-05 	1
38.9375 	0.000143304 	6.74747e-05 	1
39.0 	0.000261057 	8.04232e-05 	2
39.0625 	0.000211731 	9.62811e-05 	1
39.125 	9.62669e-05 	9.62669e-05 	0
39.1875 	0.000188932 	6.30283e-05 	1
39.25 	0.000131396 	6.20174e-05 	1
39.3125 	0.000136013 	7.27901e-05 	1
39.375 	0.000273954 	6.88042e-05 	2
39.5 	0.000186983 	3.11306e-05 	1
39.5625 	0.000291357 	5.90736e-05 	1
39.625 	0.000203641 	4.6369e-05 	1
39.6875 	0.000220528 	7.73841e-05 	2
39.75 	0.000251156 	6.64181e-05 	2
39.8125 	0.000140198 	3.7789e-05 	1
39.875 	0.000335061 	7.85759e-05 	2
39.9375 	0.000143033 	2.68442e-05 	1
40.0 	0.000201754 	4.88633e-05 	2
40.0625 	0.000233149 	8.68302e-05 	1
40.125 	0.000211596 	7.60162e-05 	1
40.1875 	0.000229988 	4.61406e-05 	1
40.25 	0.000201147 	7.06821e-05 	1
40.3125 	0.000218947 	6.08352e-05 	2
40.4375 	0.000303537 	6.90821e-05 	1
40.5 	0.000256923 	6.90363e-05 	1
40.5625 	0.000379217 	8.33146e-05 	1
40.625 	0.000185216 	5.67598e-05 	1
40.8125 	0.000244321 	7.54301e-05 	1
40.875 	0.00030865 	7.41456e-05 	1
40.9375 	0.000220123 	6.16231e-05 	1
41.0 	0.0002903 	7.86636e-05 	1
41.125 	0.000177446 	8.78963e-05 	1
41.1875 	9.90957e-05 	9.90957e-05 	0
41.25 	0.000328473 	7.84289e-05 	1
41.3125 	0.000228607 	7.06332e-05 	3
41.375 	0.000287113 	7.54957e-05 	1
41.4375 	0.000118506 	7.28347e-05 	1
41.5 	0.000143058 	6.60958e-05 	1
41.5625 	0.000103637 	5.27936e-05 	1
41.625 	0.000364094 	9.41545e-05 	1
41.6875 	0.000167199 	4.492e-05 	1
41.8125 	0.000230067 	8.46994e-05 	1
41.875 	0.000157485 	8.49472e-05 	1
41.9375 	0.000229628 	4.97357e-05 	1
42.0 	0.000246838 	3.95928e-05 	1
42.125 	0.000184871 	5.7851e-05 	1
42.25 	0.000192497 	6.34495e-05 	1
42.375 	0.000384394 	9.60927e-05 	1
42.4375 	0.000440265 	6.90036e-05 	1
42.5 	0.000312385 	9.74309e-05 	3
42.5625 	7.78734e-05 	7.78734e-05 	0
42.625 	0.000109984 	3.06773e-05 	1
42.6875 	0.000224962 	5.06342e-05 	1
42.75 	9.34536e-05 	9.34536e-05 	0
42.8125 	0.000349722 	8.55637e-05 	1
42.875 	0.000390571 	4.42629e-05 	2
42.9375 	0.00018498 	7.18289e-05 	1
43.0 	0.000213719 	4.96742e-05 	1
43.0625 	0.000101082 	2.96465e-05 	1
43.125 	0.000160052 	6.3913e-05 	2
43.1875 	0.000429021 	8.87226e-05 	1
43.3125 	0.000211003 	8.33732e-05 	1
43.375 	0.000201692 	5.74111e-05 	1
43.4375 	0.000377228 	6.55343e-05 	1
43.5625 	0.000130726 	8.47205e-05 	1
43.6875 	0.00024068 	6.62084e-05 	2
43.75 	0.000173131 	2.78794e-05 	1
43.8125 	0.000174431 	6.41106e-05 	1
43.875 	0.000236743 	8.54772e-05 	1
43.9375 	0.000304956 	9.66206e-05 	1
44.0 	0.000187243 	8.61691e-05 	1
44.0625 	8.32216e-05 	8.32216e-05 	0
44.125 	0.000132959 	3.45507e-05 	1
44.1875 	0.000292325 	4.86552e-05 	1
44.25 	0.000267431 	7.38916e-05 	1
44.3125 	0.000263392 	7.04148e-05 	1
44.375 	0.000308268 	7.22386e-05 	2
44.4375 	0.000296721 	8.59234e-05 	1
44.5 	0.000295749 	6.72001e-05 	1
44.5625 	0.000137123 	5.85666e-05 	1
44.625 	0.000124351 	2.9651e-05 	1
44.6875 	0.000211744 	3.99526e-05 	1
44.75 	0.000180204 	5.34168e-05 	1
44.8125 	0.000130429 	5.41041e-05 	1
44.875 	0.000149011 	7.10022e-05 	1
44.9375 	0.000306465 	6.20003e-05 	1
45.0 	9.34807e-05 	9.34807e-05 	0
45.0625 	0.000259353 	8.50463e-05 	3
45.125 	0.000145469 	6.39314e-05 	1
45.1875 	0.000284007 	3.9453e-05 	1
45.25 	0.00015338 	6.29593e-05 	1
45.3125 	0.000349688 	5.92342e-05 	1
45.375 	0.000291597 	5.24173e-05 	1
45.5 	0.00027901 	5.12988e-05 	1
45.5625 	0.000165655 	5.62209e-05 	1
45.625 	0.000137183 	4.46007e-05 	1
45.6875 	0.000170848 	2.58504e-05 	1
45.75 	0.000176962 	3.82501e-05 	1
45.875 	0.000202438 	8.325e-05 	1
45.9375 	0.000135571 	4.95816e-05 	1
46.0 	0.000361068 	5.34954e-05 	1
46.0625 	0.00020368 	6.45395e-05 	2
46.125 	0.000197987 	4.96474e-05 	1
46.3125 	0.000229156 	8.702e-05 	1
46.375 	0.000159945 	3.08941e-05 	1
46.4375 	0.000320381 	8.55261e-05 	1
46.5 	0.000238609 	3.73827e-05 	1
46.5625 	0.000106802 	6.93263e-05 	1
46.625 	0.000235197 	6.38409e-05 	1
46.6875 	0.0002227 	6.8266e-05 	1
46.75 	0.000342616 	6.06277e-05 	1
46.8125 	0.00024321 	4.46024e-05 	1
46.875 	0.00027594 	4.09546e-05 	1
47.0 	0.000128547 	5.62658e-05 	1
47.0625 	0.000306088 	6.40788e-05 	1
47.125 	0.000305031 	7.00717e-05 	1
47.1875 	0.000302056 	9.97378e-05 	2
47.25 	0.000230464 	6.12011e-05 	1
47.3125 	0.000162867 	6.03531e-05 	1
47.375 	0.000150201 	4.69719e-05 	1
47.4375 	0.000158497 	3.77652e-05 	1
47.5 	0.000184968 	5.74359e-05 	1
47.5625 	0.000372473 	8.82903e-05 	1
47.625 	0.000308651 	8.77743e-05 	3
47.6875 	0.000282776 	4.31314e-05 	1
47.8125 	0.00012671 	4.41007e-05 	1
47.875 	0.00021011 	9.35031e-05 	1
48.0 	0.000249642 	7.35175e-05 	1
48.0625 	0.000274919 	7.37413e-05 	2
48.125 	0.000108601 	7.185e-05 	1
48.1875 	0.00014952 	6.86452e-05 	1
48.25 	0.000180716 	6.94884e-05 	1
48.3125 	0.000218801 	4.05958e-05 	1
48.375 	0.000237617 	6.94563e-05 	1
48.4375 	0.000136273 	5.01461e-05 	1
48.5 	0.000142453 	6.23177e-05 	1
48.5625 	0.000128922 	6.0951e-05 	1
48.75 	0.000143987 	5.01574e-05 	1
48.8125 	0.000122303 	5.61928e-05 	1
48.9375 	0.000255245 	4.98892e-05 	1
49.0 	0.000305925 	8.82315e-05 	2
49.125 	0.000164294 	4.25123e-05 	1
49.1875 	0.000302968 	9.21276e-05 	2
49.25 	0.000109789 	6.06368e-05 	1
49.3125 	0.000161477 	7.9994e-05 	1
49.375 	0.000136239 	5.29432e-05 	1
49.4375 	0.000150654 	5.98317e-05 	1
49.5 	9.02143e-05 	9.02143e-05 	0
49.5625 	0.000288238 	7.77565e-05 	2
49.625 	0.000250647 	5.72443e-05 	1
49.6875 	0.000434087 	6.76953e-05 	1
49.75 	0.000293261 	6.16261e-05 	1
50.0625 	0.000243416 	8.09355e-05 	1
50.125 	9.03603e-05 	9.03603e-05 	0
50.25 	0.000341157 	6.48436e-05 	1
50.3125 	0.000150767 	4.82622e-05 	1
50.375 	0.000148159 	5.56117e-05 	1
50.4375 	0.000120262 	6.87438e-05 	1
50.5 	0.000128979 	6.47177e-05 	1
50.5625 	0.000191856 	4.15017e-05 	1
50.625 	0.000235523 	8.34556e-05 	1
50.75 	0.000391593 	7.27338e-05 	1
50.8125 	0.000185664 	5.05203e-05 	1
50.875 	0.000168776 	5.39457e-05 	1
50.9375 	0.000134028 	4.63058e-05 	1
51.0 	0.000321075 	6.06087e-05 	1
51.0625 	0.000346927 	7.77557e-05 	1
51.125 	0.000169222 	6.20449e-05 	1
51.1875 	0.000286822 	6.54806e-05 	1
51.25 	0.000122483 	3.33402e-05 	1
51.3125 	0.000262742 	7.64614e-05 	1
51.375 	0.000160337 	9.21254e-05 	1
51.4375 	0.000168917 	4.32835e-05 	1
51.5 	0.000113232 	4.31805e-05 	1
51.5625 	0.000105767 	3.21364e-05 	1
51.625 	0.000156868 	9.76452e-05 	1
51.6875 	0.000296294 	7.58241e-05 	1
51.8125 	0.000277824 	7.83776e-05 	1
51.875 	0.000246321 	6.13982e-05 	1
52.0 	0.000226529 	4.26382e-05 	1
52.0625 	0.000314141 	7.41314e-05 	1
52.1875 	0.000121712 	5.6694e-05 	1
52.25 	0.000121949 	4.96453e-05 	1
52.3125 	0.000248757 	7.89435e-05 	1
52.375 	0.00014195 	6.48916e-05 	1
52.4375 	0.00024821 	3.76049e-05 	1
52.5 	0.000146619 	5.53211e-05 	1
52.5625 	0.000304299 	8.02299e-05 	1
52.625 	0.000146918 	4.13165e-05 	1
52.6875 	0.00023796 	5.07067e-05 	1
52.75 	0.000138235 	4.91447e-05 	1
52.8125 	0.000319311 	6.87406e-05 	1
52.875 	0.000125676 	6.49807e-05 	1
52.9375 	0.000316038 	4.32637e-05 	1
53.0 	0.000221055 	5.12421e-05 	1
53.125 	0.000138856 	7.52279e-05 	1
53.1875 	0.000191744 	9.75287e-05 	1
53.25 	0.000163056 	6.44838e-05 	1
53.3125 	0.000225894 	7.02239e-05 	2
53.375 	0.000155519 	5.29201e-05 	1
53.5 	0.000250596 	6.53457e-05 	1
53.5625 	0.000326873 	7.43737e-05 	3
53.625 	0.000213666 	4.30199e-05 	1
53.6875 	0.000229731 	5.78909e-05 	1
53.75 	0.00010448 	7.55289e-05 	1
53.8125 	0.00021264 	4.34958e-05 	1
53.875 	0.000309535 	9.74099e-05 	3
53.9375 	0.000237332 	8.06672e-05 	1
54.0 	0.000200008 	9.48485e-05 	1
54.0625 	0.000153479 	4.3724e-05 	1
54.125 	0.0002196 	5.32684e-05 	1
54.1875 	0.000332293 	6.77706e-05 	1
54.25 	0.000267325 	8.35638e-05 	1
54.3125 	0.000283778 	6.48415e-05 	1
54.375 	0.000209356 	8.27611e-05 	1
54.4375 	0.000110786 	5.09344e-05 	1
54.5 	0.000296226 	7.25126e-05 	1
54.625 	0.000117224 	4.62853e-05 	1
54.6875 	0.000217029 	7.98135e-05 	1
54.8125 	0.000118762 	4.88652e-05 	1
54.875 	0.000170965 	8.84869e-05 	2
54.9375 	0.000189764 	4.86728e-05 	1
55.0 	0.00021294 	6.98158e-05 	2
55.0625 	0.000248704 	6.65416e-05 	1
55.125 	9.98889e-05 	9.98889e-05 	0
55.1875 	0.000171474 	4.55006e-05 	1
55.3125 	0.000145606 	6.28238e-05 	1
55.4375 	8.50374e-05 	8.50374e-05 	0
55.5 	0.000230873 	9.04515e-05 	1
55.5625 	6.73376e-05 	6.73376e-05 	0
55.625 	0.000283632 	6.11711e-05 	1
55.6875 	0.000168643 	6.02916e-05 	1
55.75 	0.000313162 	5.46324e-05 	1
55.8125 	0.000339321 	8.99138e-05 	3
55.875 	0.00022024 	4.57658e-05 	1
55.9375 	0.000294939 	5.16319e-05 	1
56.0 	0.000179839 	6.27081e-05 	1
56.0625 	0.000243066 	5.12432e-05 	1
56.125 	0.000398599 	8.51211e-05 	1
56.1875 	0.000107004 	6.03778e-05 	1
56.25 	0.000323483 	8.57098e-05 	1
56.3125 	0.000229983 	5.34215e-05 	1
56.375 	0.00032351 	8.82038e-05 	1
56.4375 	0.000176753 	9.685e-05 	1
56.5625 	0.000114965 	2.01251e-05 	1
56.625 	0.000369272 	7.72589e-05 	1
56.6875 	0.000167094 	2.98354e-05 	1
56.75 	0.000168599 	4.46157e-05 	1
56.8125 	0.000149819 	4.37404e-05 	1
56.875 	0.000156431 	5.44889e-05 	1
56.9375 	0.000226539 	6.74651e-05 	1
57.0 	0.00025984 	6.62128e-05 	1
57.0625 	0.000236929 	5.5922e-05 	1
57.125 	0.000193863 	2.94391e-05 	1
57.1875 	0.000166132 	6.35812e-05 	1
57.25 	0.000197831 	5.39732e-05 	1
57.3125 	0.000108871 	7.29641e-05 	1
57.375 	0.000274015 	5.59557e-05 	1
57.4375 	0.000170031 	9.40994e-05 	1
57.5 	0.000145252 	4.78039e-05 	1
57.5625 	0.00014201 	6.40185e-05 	1
57.625 	0.000108463 	5.56846e-05 	1
57.6875 	0.000162054 	5.18574e-05 	1
57.75 	0.000184484 	8.35714e-05 	1
57.8125 	0.00015306 	5.0801e-05 	2
57.9375 	0.000180106 	4.75827e-05 	1
58.0 	0.000225626 	8.59571e-05 	1
58.0625 	0.00020194 	4.29066e-05 	1
58.125 	0.000156125 	4.66083e-05 	1
58.1875 	0.000273004 	7.42351e-05 	1
58.25 	0.000109498 	5.19571e-05 	1
58.3125 	0.000158315 	4.27431e-05 	1
58.375 	0.000173688 	3.85793e-05 	1
58.4375 	0.000250265 	3.73448e-05 	1
58.5 	0.000151461 	9.25207e-05 	1
58.5625 	0.000301685 	9.35871e-05 	3
58.625 	0.000331808 	5.38318e-05 	1
58.6875 	0.000191872 	4.0348e-05 	1
58.8125 	0.000223018 	6.7679e-05 	2
58.875 	0.00024517 	6.94829e-05 	1
58.9375 	0.000149692 	5.98264e-05 	1
59.0 	0.000140255 	2.80301e-05 	1
59.0625 	0.000193808 	3.15507e-05 	1
59.125 	0.00012389 	5.64129e-05 	1
59.1875 	0.000140663 	4.27648e-05 	1
59.25 	0.000119598 	7.0871e-05 	1
59.3125 	0.000239628 	7.52733e-05 	1
59.375 	8.55042e-05 	8.55042e-05 	0
59.4375 	0.00025125 	6.29635e-05 	2
59.5 	0.000134116 	5.20036e-05 	1
59.5625 	0.000172697 	7.68662e-05 	1
59.6875 	0.000123035 	5.82152e-05 	1
59.8125 	0.0002533 	6.2479e-05 	1
59.875 	0.000259412 	5.74006e-05 	1
59.9375 	0.000139035 	4.45987e-05 	1
60.0 	0.00021578 	6.25558e-05 	1
60.0625 	0.000261494 	4.01667e-05 	1
60.125 	0.00011214 	3.0829e-05 	1
60.25 	0.000117333 	4.87223e-05 	1
60.375 	0.00010594 	4.40632e-05 	1
60.4375 	0.000334133 	9.64808e-05 	2
60.5 	0.000142185 	6.68658e-05 	1
60.5625 	0.000200806 	5.00917e-05 	2
60.625 	0.000162891 	5.82172e-05 	1
60.6875 	0.000240812 	4.3145e-05 	1
60.75 	0.000233832 	8.14057e-05 	1
60.8125 	0.000113799 	4.24723e-05 	1
60.875 	0.000180238 	8.06416e-05 	1
60.9375 	0.000271437 	5.34149e-05 	1
61.0 	0.000247656 	8.05743e-05 	2
61.0625 	0.000326491 	9.6674e-05 	3
61.125 	0.00030394 	8.44178e-05 	1
61.1875 	0.000299403 	7.29129e-05 	2
61.25 	0.000330252 	7.28438e-05 	1
61.3125 	0.0001558 	7.40198e-05 	1
61.375 	0.000185354 	3.40557e-05 	1
61.4375 	0.000215704 	7.9291e-05 	1
61.5 	0.000144638 	2.54475e-05 	1
61.625 	0.000180882 	9.29165e-05 	1
61.6875 	0.000147006 	8.2499e-05 	1
61.75 	0.000235617 	4.45314e-05 	1
61.8125 	0.000220538 	3.58843e-05 	1
61.875 	0.000261977 	6.51286e-05 	1
61.9375 	0.000209072 	8.91206e-05 	1
62.0 	0.000169235 	6.7685e-05 	1
62.125 	0.000213808 	6.95463e-05 	2
62.1875 	0.000253837 	8.10355e-05 	1
62.25 	0.000189858 	5.41215e-05 	1
62.3125 	0.000133925 	5.28968e-05 	1
62.375 	0.000261759 	7.3433e-05 	1
62.4375 	0.000635175 	6.30341e-05 	1
62.5 	0.000173257 	2.95396e-05 	1
62.5625 	9.67912e-05 	9.67912e-05 	0
62.6875 	0.00017317 	8.56628e-05 	1
62.75 	0.000159633 	8.33939e-05 	1
62.875 	0.000276805 	8.63109e-05 	1
62.9375 	0.000261575 	9.30263e-05 	2
63.0 	0.00034323 	7.38924e-05 	1
63.0625 	0.00012059 	5.89303e-05 	1
63.125 	0.000241626 	5.44993e-05 	1
63.25 	0.000118654 	5.57254e-05 	1
63.375 	0.000199193 	7.34222e-05 	2
63.4375 	0.000208418 	5.26118e-05 	1
63.5 	0.000180407 	8.34675e-05 	1
63.5625 	0.000192095 	5.09145e-05 	1
63.625 	0.000226618 	6.12192e-05 	2
63.8125 	0.000219131 	6.0799e-05 	1
63.875 	9.98962e-05 	9.98962e-05 	0
63.9375 	0.000174304 	4.60723e-05 	1
64.0 	0.000272836 	8.10812e-05 	1
64.0625 	0.000268771 	7.2263e-05 	1
64.125 	0.000235988 	5.85822e-05 	2
64.25 	0.000294332 	5.32025e-05 	1
64.3125 	0.000155468 	6.36178e-05 	1
64.4375 	0.00022016 	6.44064e-05 	2
64.5 	0.000240916 	4.48658e-05 	1
64.5625 	0.000180948 	4.85132e-05 	1
64.6875 	0.000165557 	3.93202e-05 	1
64.75 	0.000224916 	6.31248e-05 	1
64.8125 	0.00018599 	6.12549e-05 	1
64.875 	0.000179309 	4.2999e-05 	1
64.9375 	0.000197915 	4.90748e-05 	2
65.0 	0.000106403 	5.18643e-05 	1
65.0625 	0.000355166 	7.37567e-05 	1
65.125 	0.000102289 	2.51534e-05 	1
65.1875 	0.000189703 	7.74913e-05 	1
65.25 	0.000129626 	6.62823e-05 	1
65.5 	0.000263306 	7.66487e-05 	1
65.625 	0.000126609 	8.82322e-05 	1
65.6875 	0.000144821 	4.75507e-05 	1
65.75 	0.000119128 	4.71309e-05 	1
65.8125 	0.000116117 	5.28439e-05 	1
65.875 	7.93825e-05 	7.93825e-05 	0
65.9375 	0.000247057 	4.64741e-05 	1
66.0 	0.000139647 	3.62657e-05 	1
66.0625 	0.000117445 	4.66825e-05 	1
66.125 	0.000111074 	4.36298e-05 	1
66.1875 	0.000236639 	5.78908e-05 	1
66.25 	0.000120458 	7.15493e-05 	1
66.3125 	0.000410902 	6.2467e-05 	1
66.375 	0.000286267 	6.7898e-05 	1
66.4375 	0.000114527 	6.02322e-05 	1
66.5 	0.000192217 	4.56901e-05 	1
66.5625 	0.000124465 	5.09226e-05 	1
66.625 	0.000107742 	2.94714e-05 	1
66.75 	0.000119376 	4.72267e-05 	1
66.8125 	0.000297658 	7.94511e-05 	1
66.875 	0.000227286 	5.60339e-05 	1
66.9375 	0.00034293 	8.67279e-05 	1
67.0 	0.000225881 	6.20488e-05 	1
67.125 	0.000170015 	7.84641e-05 	1
67.1875 	0.000271318 	5.69759e-05 	1
67.25 	0.000159783 	4.23829e-05 	1
67.3125 	0.000291381 	7.54159e-05 	1
67.375 	0.000359635 	6.72177e-05 	1
67.4375 	0.000168698 	4.22776e-05 	1
67.5 	0.000216245 	8.06236e-05 	3
67.5625 	8.92381e-05 	8.92381e-05 	0
67.8125 	0.000273904 	5.0497e-05 	1
67.875 	0.000207508 	3.44119e-05 	1
67.9375 	0.000188223 	7.16807e-05 	1
68.0 	0.000137 	7.55236e-05 	1
68.0625 	0.000371268 	9.96227e-05 	2
68.125 	0.000236061 	5.73027e-05 	2
68.1875 	0.00015613 	4.73473e-05 	1
68.25 	0.000113741 	5.1571e-05 	1
68.3125 	0.000172872 	7.39831e-05 	1
68.375 	0.000175395 	7.41057e-05 	1
68.4375 	0.000328194 	8.7245e-05 	3
68.5 	0.000109937 	5.8941e-05 	1
68.5625 	0.000192302 	4.42394e-05 	1
68.625 	0.000273661 	9.98298e-05 	1
68.6875 	0.000152242 	4.42025e-05 	1
68.75 	0.000250616 	7.01858e-05 	1
68.8125 	0.000227052 	7.58254e-05 	1
68.875 	0.000134163 	6.10444e-05 	1
68.9375 	0.000160736 	5.64266e-05 	1
69.0 	0.000197388 	7.7862e-05 	1
69.0625 	0.000123559 	7.07598e-05 	1
69.125 	0.000161997 	4.83053e-05 	1
69.1875 	0.000316016 	7.29879e-05 	1
69.25 	8.53503e-05 	8.53503e-05 	0
69.3125 	0.000209369 	5.54262e-05 	1
69.4375 	0.000228668 	7.82912e-05 	1
69.5 	0.000123142 	3.81091e-05 	1
69.5625 	0.000187718 	4.04126e-05 	1
69.625 	8.4974e-05 	8.4974e-05 	0
69.75 	0.000127133 	4.57495e-05 	1
69.8125 	0.000106457 	2.58263e-05 	1
69.875 	0.00013583 	5.33764e-05 	1
69.9375 	0.000207952 	3.38994e-05 	1
