# time 	Initial 	Final 	Iterations
0.333274 	7.49547e-05 	4.58277e-06 	1
0.579973 	0.000111842 	9.96658e-06 	1
0.642226 	0.000343748 	2.39305e-05 	1
0.766734 	0.000121571 	9.56057e-06 	1
0.828988 	0.000237314 	1.69179e-05 	1
1.26477 	0.000174814 	1.50235e-05 	1
1.38927 	0.000150383 	3.82237e-06 	2
1.45153 	0.000150581 	1.05679e-05 	1
1.51378 	0.000130462 	9.88029e-06 	1
1.7628 	0.000241083 	1.70534e-05 	1
1.8873 	6.75061e-05 	7.16664e-06 	1
1.94956 	0.00021364 	1.94619e-05 	1
2.19857 	0.000275985 	2.41317e-05 	1
2.26083 	0.000196115 	1.831e-05 	1
2.32308 	9.82408e-05 	2.46745e-06 	2
2.38534 	0.000172075 	1.29077e-05 	1
2.44759 	0.000289459 	1.97475e-05 	1
2.63435 	0.000285641 	1.98135e-05 	1
2.69661 	0.000158908 	1.51633e-05 	1
2.88337 	0.000155902 	1.12863e-05 	1
2.94562 	0.000101683 	2.44405e-06 	2
3.07013 	0.000184573 	1.63905e-05 	1
3.31914 	0.000316291 	2.64486e-05 	1
3.3814 	0.000166174 	1.16855e-05 	1
3.44365 	0.000230917 	1.61761e-05 	1
3.69267 	0.000216351 	1.57872e-05 	1
3.75492 	0.000108785 	3.31835e-06 	2
3.87943 	0.000291869 	2.37887e-05 	1
4.06619 	0.000223403 	1.61226e-05 	1
4.12845 	0.000132887 	1.28878e-05 	1
4.1907 	0.00019584 	1.44849e-05 	1
4.25295 	9.62912e-05 	3.97266e-06 	2
4.31521 	0.000347202 	2.30812e-05 	1
4.50197 	7.70878e-05 	7.35061e-06 	1
4.56422 	0.000250592 	1.71867e-05 	1
4.62648 	0.000147844 	1.07813e-05 	1
4.68873 	0.00018638 	1.37891e-05 	1
4.93775 	0.000185961 	1.57578e-05 	1
5.0 	0.000109599 	2.69544e-06 	2
5.0625 	0.000181181 	1.72978e-05 	1
5.125 	0.000147816 	1.2192e-05 	1
5.25 	0.000131805 	9.73603e-06 	1
5.375 	0.000199145 	1.54036e-05 	1
5.5 	0.00011938 	1.12795e-05 	1
5.5625 	0.000265006 	1.87888e-05 	1
5.625 	0.000171027 	1.4613e-05 	1
5.6875 	0.000106865 	9.38325e-06 	1
5.8125 	7.07636e-05 	7.46834e-06 	1
5.875 	0.000125658 	1.01621e-05 	1
5.9375 	0.000170644 	1.43505e-05 	1
6.0 	0.000143361 	1.27101e-05 	1
6.1875 	0.000141876 	1.31562e-05 	1
6.25 	0.000118709 	3.17809e-06 	2
6.4375 	0.000176687 	1.30399e-05 	1
6.75 	0.00021102 	1.51642e-05 	1
6.8125 	0.000152724 	1.42353e-05 	1
6.9375 	0.00010483 	2.93167e-06 	2
7.1875 	0.000180677 	1.26753e-05 	1
7.5625 	0.000260334 	1.8633e-05 	1
7.6875 	0.00011642 	1.00181e-05 	1
7.8125 	0.000288144 	1.99152e-05 	1
7.9375 	9.25994e-05 	7.07582e-06 	1
8.0 	8.42448e-05 	8.55399e-06 	1
8.0625 	0.000264576 	1.75891e-05 	1
8.125 	0.000317551 	2.11909e-05 	1
8.4375 	0.000272898 	1.88084e-05 	1
8.5 	0.000289164 	2.02832e-05 	1
8.5625 	0.000139391 	3.62897e-06 	2
8.8125 	0.000117411 	9.91315e-06 	1
8.9375 	0.000205145 	1.45369e-05 	1
9.0 	0.000221156 	1.69896e-05 	1
9.1875 	0.000106591 	8.16735e-06 	1
9.25 	0.000357316 	2.39597e-05 	1
9.3125 	0.000287969 	2.02382e-05 	1
9.375 	0.000110608 	9.26168e-06 	1
9.4375 	9.46016e-05 	9.87136e-06 	1
9.5625 	0.000355322 	2.44478e-05 	1
9.625 	0.000139865 	1.16793e-05 	1
9.6875 	0.000245264 	1.85744e-05 	1
9.8125 	0.000291418 	2.11052e-05 	1
9.9375 	0.000121709 	1.15035e-05 	1
10.0 	0.000258079 	1.80994e-05 	1
10.3125 	0.000148612 	1.1714e-05 	1
10.625 	0.000291384 	2.08973e-05 	1
10.6875 	0.000119501 	3.1267e-06 	2
10.75 	0.000113609 	8.81738e-06 	1
10.8125 	0.000177477 	1.32248e-05 	1
10.875 	0.00022481 	1.61561e-05 	1
11.0 	0.000188814 	1.47809e-05 	1
11.0625 	0.000236186 	1.63174e-05 	1
11.1875 	0.000175916 	1.35226e-05 	1
11.6875 	0.00027629 	1.89051e-05 	1
11.75 	0.000227411 	1.51761e-05 	1
11.8125 	0.000173681 	1.62946e-05 	1
11.9375 	0.000147633 	1.22824e-05 	1
12.0 	0.000169338 	1.263e-05 	1
12.0625 	9.97707e-05 	9.49259e-06 	1
12.1875 	0.000345145 	2.38213e-05 	1
12.3125 	0.000364089 	2.40056e-05 	1
12.375 	7.86104e-05 	7.14907e-06 	1
12.625 	0.000265025 	1.89612e-05 	1
12.6875 	0.000295774 	2.03168e-05 	1
12.8125 	8.70377e-05 	9.57083e-06 	1
12.875 	0.00016475 	1.24761e-05 	1
13.0 	0.000425394 	2.79005e-05 	1
13.0625 	0.000219141 	1.57866e-05 	1
13.1875 	0.00019902 	1.46404e-05 	1
13.25 	0.000227938 	1.69713e-05 	1
13.5625 	0.000168405 	1.36004e-05 	1
13.625 	0.000298572 	2.03037e-05 	1
13.6875 	0.000187221 	1.4908e-05 	1
14.0625 	0.000313739 	2.15877e-05 	1
14.125 	0.00010637 	7.7232e-06 	1
14.1875 	0.000240422 	2.01862e-05 	1
14.3125 	0.000186202 	1.3286e-05 	1
14.375 	0.000298761 	2.09729e-05 	1
14.4375 	0.000227405 	1.64812e-05 	1
14.5 	0.000239453 	2.02035e-05 	1
14.625 	0.000250532 	1.79127e-05 	1
14.6875 	0.000109417 	8.03143e-06 	1
14.75 	0.000247656 	1.7831e-05 	1
14.8125 	0.000207739 	1.73509e-05 	1
14.9375 	0.000191517 	4.66587e-06 	2
15.0 	0.000104862 	1.01715e-05 	1
15.1875 	0.000235219 	1.65904e-05 	1
15.25 	0.000120173 	1.17549e-05 	1
15.3125 	0.000149091 	1.42519e-05 	1
15.375 	0.000206872 	1.98398e-05 	1
15.4375 	0.000132727 	9.54272e-06 	1
15.5 	0.000225565 	1.64407e-05 	1
15.8125 	0.000233998 	1.62129e-05 	1
15.9375 	0.000109687 	1.05447e-05 	1
16.0 	0.00011408 	3.01334e-06 	2
16.0625 	0.000186512 	1.38415e-05 	1
16.125 	0.000100435 	8.88294e-06 	1
16.1875 	0.000175967 	1.301e-05 	1
16.25 	0.000275441 	1.8143e-05 	1
16.375 	0.000290532 	2.03101e-05 	1
16.5 	0.000289569 	2.02962e-05 	1
16.625 	0.000240313 	1.63867e-05 	1
16.8125 	0.000265078 	1.84205e-05 	1
16.9375 	0.000260152 	1.77443e-05 	1
17.25 	0.00013755 	1.05061e-05 	1
17.3125 	0.00028966 	1.9483e-05 	1
17.375 	0.000260747 	1.79668e-05 	1
17.4375 	0.00020649 	1.40537e-05 	1
17.5625 	0.000260357 	2.17227e-05 	1
17.6875 	0.000117672 	1.10177e-05 	1
18.0 	0.000109314 	1.06521e-05 	1
18.0625 	0.000115819 	3.08725e-06 	2
18.1875 	0.000292266 	2.12118e-05 	1
18.25 	0.000199713 	1.49865e-05 	1
18.375 	0.000320941 	2.24554e-05 	1
18.4375 	0.000312662 	2.14044e-05 	1
18.5625 	0.000327787 	2.27572e-05 	1
18.625 	0.000126484 	1.20782e-05 	1
18.8125 	0.00017376 	1.42562e-05 	1
18.875 	0.000115446 	8.83984e-06 	1
18.9375 	0.000143565 	1.37384e-05 	1
19.125 	0.000213016 	1.55762e-05 	1
19.4375 	0.000234894 	1.66348e-05 	1
19.5 	0.000123095 	2.34791e-06 	2
19.625 	0.000148552 	1.07929e-05 	1
19.6875 	0.000127665 	3.11212e-06 	2
19.75 	0.000181353 	1.33537e-05 	1
19.9375 	0.000319288 	2.2233e-05 	1
20.125 	0.000269983 	1.81995e-05 	1
20.1875 	0.000136219 	1.04188e-05 	1
20.375 	0.000220124 	1.70195e-05 	1
20.4375 	0.000158585 	1.23611e-05 	1
20.5 	0.000209473 	1.58787e-05 	1
20.625 	0.000130122 	1.08417e-05 	1
20.6875 	8.18771e-05 	9.67533e-06 	1
20.75 	0.000166618 	1.43458e-05 	1
21.0 	0.000233186 	1.72025e-05 	1
21.0625 	0.000403333 	3.30996e-05 	1
21.1875 	0.000214591 	1.59654e-05 	1
21.3125 	0.000366698 	2.53555e-05 	1
21.5625 	0.000325251 	2.1879e-05 	1
21.75 	5.69515e-05 	6.0827e-06 	1
21.8125 	0.000159327 	1.24156e-05 	1
21.875 	0.000125874 	1.25718e-05 	1
21.9375 	0.000408956 	2.74407e-05 	1
22.1875 	0.000524466 	4.2836e-05 	1
22.25 	0.000252806 	1.73767e-05 	1
22.3125 	0.000239679 	1.70603e-05 	1
22.9375 	0.000164209 	1.34657e-05 	1
23.0 	0.000257904 	1.95193e-05 	1
23.125 	0.000111098 	8.29518e-06 	1
23.1875 	0.000314435 	2.10298e-05 	1
23.3125 	0.000354283 	2.40649e-05 	1
23.375 	0.000246341 	1.90196e-05 	1
23.4375 	0.000302348 	2.09248e-05 	1
23.6875 	4.74108e-05 	5.54374e-06 	1
23.8125 	0.00022408 	1.60752e-05 	1
24.0 	0.000179586 	1.41253e-05 	1
24.0625 	0.000215973 	1.6096e-05 	1
24.3125 	0.000211567 	1.47479e-05 	1
24.375 	0.000335279 	2.28701e-05 	1
24.4375 	0.000162101 	1.44119e-05 	1
24.5625 	0.000517708 	3.40542e-05 	1
24.6875 	0.000125319 	3.31576e-06 	2
24.75 	0.000146811 	1.43916e-05 	1
24.8125 	0.000252958 	1.84046e-05 	1
25.0 	0.000186651 	1.40971e-05 	1
25.0625 	0.000177637 	1.37081e-05 	1
25.125 	0.000239192 	1.68341e-05 	1
25.25 	0.000316476 	2.15246e-05 	1
25.3125 	0.000262399 	1.777e-05 	1
25.625 	0.000273844 	1.9216e-05 	1
25.6875 	0.000135691 	9.89871e-06 	1
25.75 	0.000164664 	1.21513e-05 	1
25.8125 	0.000374361 	2.64936e-05 	1
26.0 	0.000123138 	1.11259e-05 	1
26.125 	0.000186195 	1.31977e-05 	1
26.25 	5.34446e-05 	6.22765e-06 	1
26.375 	0.000166987 	1.20659e-05 	1
26.5 	0.000204952 	1.52031e-05 	1
26.625 	0.000306261 	2.11918e-05 	1
26.6875 	0.000166984 	1.20182e-05 	1
26.875 	0.000146092 	1.28444e-05 	1
26.9375 	0.000201263 	1.44332e-05 	1
27.0 	0.00015691 	1.17526e-05 	1
27.25 	0.00014506 	1.07995e-05 	1
27.3125 	0.000161391 	1.22624e-05 	1
27.625 	0.000188391 	1.39333e-05 	1
27.75 	0.00017476 	1.42501e-05 	1
28.0 	0.000127571 	3.01895e-06 	2
28.0625 	0.000325538 	2.20039e-05 	1
28.125 	0.000226929 	1.6332e-05 	1
28.3125 	0.000141345 	1.36423e-05 	1
28.5 	0.000133743 	1.08208e-05 	1
28.6875 	0.000124089 	1.11765e-05 	1
28.8125 	0.000383328 	2.66133e-05 	1
28.875 	0.000197036 	1.4189e-05 	1
29.0 	0.000369172 	2.51105e-05 	1
29.0625 	0.000179519 	1.39828e-05 	1
29.125 	0.000140889 	1.13467e-05 	1
29.1875 	8.58125e-05 	7.01594e-06 	1
29.25 	0.000349455 	2.36847e-05 	1
29.375 	0.000195611 	1.68477e-05 	1
29.4375 	0.000166137 	1.32064e-05 	1
29.625 	0.000312949 	2.16261e-05 	1
29.6875 	0.000124289 	3.18023e-06 	2
29.75 	0.000174426 	1.47219e-05 	1
29.9375 	0.000144891 	1.22939e-05 	1
30.125 	0.000351817 	2.37815e-05 	1
30.25 	0.000112059 	1.0259e-05 	1
30.3125 	0.000145079 	1.13956e-05 	1
30.375 	0.000207354 	1.98883e-05 	1
30.4375 	9.21029e-05 	7.41882e-06 	1
30.5 	0.00012238 	2.95738e-06 	2
30.5625 	0.000234618 	1.62734e-05 	1
30.8125 	5.28583e-05 	6.11388e-06 	1
30.9375 	0.000196062 	1.7171e-05 	1
31.1875 	0.00017257 	4.44284e-06 	2
31.25 	0.000327309 	2.25838e-05 	1
31.375 	0.000246871 	2.10625e-05 	1
31.625 	0.000228554 	1.61791e-05 	1
31.75 	0.000233389 	1.70276e-05 	1
31.8125 	7.14442e-05 	6.01633e-06 	1
31.875 	0.000196215 	1.34798e-05 	1
32.0 	0.000332423 	2.28902e-05 	1
32.125 	0.000135659 	1.13617e-05 	1
32.1875 	0.000169294 	1.44887e-05 	1
32.25 	0.000243292 	2.2586e-05 	1
32.3125 	0.000153322 	1.42659e-05 	1
32.4375 	0.000103447 	8.38334e-06 	1
32.5 	0.000122178 	1.19377e-05 	1
32.625 	0.000142125 	3.69665e-06 	2
32.6875 	0.000185683 	1.3261e-05 	1
32.75 	0.000108613 	8.30517e-06 	1
32.8125 	0.000128283 	3.40151e-06 	2
32.875 	0.000143201 	3.81587e-06 	2
33.0 	0.000193808 	1.63594e-05 	1
33.0625 	9.14548e-05 	9.44563e-06 	1
33.125 	0.00011878 	1.13921e-05 	1
33.3125 	0.00033514 	2.32488e-05 	1
33.375 	0.000372999 	2.56494e-05 	1
33.4375 	0.000144772 	1.18868e-05 	1
33.625 	0.000119405 	1.06265e-05 	1
33.6875 	0.000106651 	2.83106e-06 	2
33.875 	0.000172684 	1.24574e-05 	1
33.9375 	0.000161439 	1.55041e-05 	1
34.125 	0.000226075 	1.82063e-05 	1
34.1875 	0.000183841 	1.37475e-05 	1
34.25 	0.000296502 	2.04679e-05 	1
34.3125 	0.000207742 	1.45731e-05 	1
34.375 	0.000108697 	2.73123e-06 	2
34.5 	0.000205836 	1.4692e-05 	1
34.5625 	0.000132391 	1.16035e-05 	1
34.625 	0.000189442 	1.49364e-05 	1
34.6875 	0.000203517 	1.41658e-05 	1
34.875 	0.000251742 	1.7604e-05 	1
34.9375 	0.000299194 	2.02731e-05 	1
35.0625 	0.000188335 	1.48965e-05 	1
35.125 	0.000133279 	3.09873e-06 	2
35.25 	0.000214938 	1.5828e-05 	1
35.3125 	0.000305394 	2.1462e-05 	1
35.375 	0.000195482 	1.50604e-05 	1
35.625 	0.000173621 	1.32601e-05 	1
35.6875 	0.000540004 	4.42389e-05 	1
35.75 	0.000127282 	1.00642e-05 	1
35.8125 	0.000144071 	1.26379e-05 	1
35.875 	0.000201432 	1.65707e-05 	1
35.9375 	0.000187929 	1.35114e-05 	1
36.0 	0.000290127 	2.42208e-05 	1
36.125 	0.000122207 	9.63226e-06 	1
36.25 	0.000152462 	1.23924e-05 	1
36.4375 	0.00016457 	1.56325e-05 	1
36.5 	0.000171544 	1.68966e-05 	1
36.8125 	0.000151867 	1.35999e-05 	1
36.875 	0.0003318 	2.33168e-05 	1
37.125 	0.000221323 	1.5959e-05 	1
37.1875 	0.000370908 	3.05601e-05 	1
37.3125 	0.000230021 	1.629e-05 	1
37.4375 	0.000232679 	1.67601e-05 	1
37.5 	0.00012771 	1.21604e-05 	1
37.5625 	0.000291818 	2.04036e-05 	1
37.75 	0.00015106 	1.27286e-05 	1
37.9375 	0.000246591 	2.28437e-05 	1
38.0 	0.000146376 	1.33618e-05 	1
38.0625 	0.000256654 	1.9037e-05 	1
38.125 	0.000293015 	2.57808e-05 	1
38.25 	0.000101628 	9.42481e-06 	1
38.3125 	0.000130516 	9.50837e-06 	1
38.4375 	0.000308405 	2.11359e-05 	1
38.5625 	0.000160817 	1.12697e-05 	1
38.6875 	0.000255532 	2.01009e-05 	1
38.8125 	7.15517e-05 	7.09552e-06 	1
38.875 	0.000294973 	2.03648e-05 	1
38.9375 	0.00013833 	1.24169e-05 	1
39.0 	0.000255645 	1.87185e-05 	1
39.0625 	0.000203863 	1.6985e-05 	1
39.1875 	0.000328238 	2.23395e-05 	1
39.25 	8.43483e-05 	1.93249e-06 	2
39.3125 	0.000163286 	1.19882e-05 	1
39.5625 	0.000173517 	1.58405e-05 	1
39.625 	0.000260279 	1.89977e-05 	1
39.6875 	0.000303996 	2.09142e-05 	1
39.75 	0.000183582 	1.49979e-05 	1
39.875 	0.00017067 	1.50419e-05 	1
39.9375 	9.49256e-05 	7.91176e-06 	1
40.0 	0.000210733 	1.44847e-05 	1
40.125 	0.000116578 	2.79777e-06 	2
40.25 	0.000128678 	1.08775e-05 	1
40.3125 	0.000233312 	1.67298e-05 	1
40.4375 	0.000137405 	1.26923e-05 	1
40.5 	0.00012241 	1.06116e-05 	1
40.5625 	0.000240384 	1.79035e-05 	1
40.625 	0.000119752 	1.02301e-05 	1
40.8125 	0.000159621 	4.13046e-06 	2
40.9375 	0.000174521 	1.47016e-05 	1
41.125 	0.000245589 	1.88645e-05 	1
41.1875 	0.000153571 	1.09914e-05 	1
41.25 	0.000224551 	1.50826e-05 	1
41.3125 	0.000221717 	1.56529e-05 	1
41.4375 	7.42303e-05 	6.12656e-06 	1
41.5 	0.000224534 	1.67246e-05 	1
41.6875 	0.000174582 	1.42915e-05 	1
41.8125 	0.000254033 	1.77365e-05 	1
41.9375 	0.000225228 	1.57033e-05 	1
42.0 	0.000172705 	1.48549e-05 	1
42.25 	0.000124437 	9.28517e-06 	1
42.5 	0.000259226 	1.80598e-05 	1
42.6875 	0.000266657 	1.98497e-05 	1
42.8125 	0.000152459 	1.16384e-05 	1
42.875 	0.000275301 	1.9288e-05 	1
42.9375 	0.000129301 	3.4212e-06 	2
43.0 	0.00028871 	2.0742e-05 	1
43.0625 	0.000209426 	1.83394e-05 	1
43.1875 	0.000164258 	1.42956e-05 	1
43.3125 	0.000155734 	1.28576e-05 	1
43.375 	0.000262028 	1.9039e-05 	1
43.9375 	9.57905e-05 	7.7872e-06 	1
44.0 	0.000196602 	1.75421e-05 	1
44.125 	0.000191372 	1.42791e-05 	1
44.25 	9.68006e-05 	2.54231e-06 	2
44.3125 	0.00013035 	3.41511e-06 	2
44.4375 	0.00032168 	2.15235e-05 	1
44.5625 	0.000189903 	1.39864e-05 	1
44.6875 	0.000110543 	8.92244e-06 	1
44.8125 	9.2518e-05 	3.11899e-06 	2
44.875 	9.27353e-05 	7.62965e-06 	1
44.9375 	0.000248782 	2.31001e-05 	1
45.0 	0.000138639 	1.22585e-05 	1
45.1875 	0.000119351 	9.55967e-06 	1
45.3125 	0.000145956 	1.3304e-05 	1
45.5 	0.00012341 	1.02585e-05 	1
45.625 	0.000288119 	2.51931e-05 	1
45.6875 	0.000282998 	1.9884e-05 	1
45.75 	0.000190469 	1.34937e-05 	1
46.0 	8.86819e-05 	2.55009e-06 	2
46.0625 	0.000284338 	1.95951e-05 	1
46.3125 	0.000250319 	1.7656e-05 	1
46.5625 	8.83695e-05 	9.82469e-06 	1
46.625 	0.000175922 	1.74691e-05 	1
46.6875 	0.000272398 	1.86176e-05 	1
46.75 	0.000126205 	1.06553e-05 	1
47.0 	0.000223822 	1.60136e-05 	1
47.0625 	0.000268164 	1.88675e-05 	1
47.125 	0.000143363 	1.26394e-05 	1
47.25 	8.96817e-05 	7.65507e-06 	1
47.375 	0.000189191 	1.45059e-05 	1
47.5 	0.000108792 	8.02973e-06 	1
47.5625 	0.000191011 	1.56923e-05 	1
47.625 	0.000301533 	2.01905e-05 	1
47.8125 	0.000118178 	1.07735e-05 	1
48.0625 	0.000263746 	2.19163e-05 	1
48.1875 	0.00028685 	2.02088e-05 	1
48.25 	0.000168984 	1.28904e-05 	1
48.3125 	0.000152578 	1.25769e-05 	1
48.4375 	0.00033816 	2.27967e-05 	1
48.5625 	0.000168486 	1.3062e-05 	1
48.75 	0.000180221 	1.73081e-05 	1
48.8125 	0.000109883 	8.23352e-06 	1
48.9375 	0.000294851 	2.10356e-05 	1
49.0 	0.000174594 	1.58076e-05 	1
49.3125 	0.000268391 	1.84156e-05 	1
49.375 	0.000235 	1.67378e-05 	1
49.4375 	0.000203619 	1.46824e-05 	1
49.5625 	0.000139833 	1.33578e-05 	1
49.6875 	0.000173222 	1.31478e-05 	1
49.75 	0.000169318 	1.22104e-05 	1
50.0625 	0.000114365 	3.00265e-06 	2
50.25 	0.000216561 	1.54301e-05 	1
50.3125 	0.000265603 	1.7561e-05 	1
50.375 	0.000197321 	1.69396e-05 	1
50.4375 	0.000100499 	2.4726e-06 	2
50.5625 	0.000116068 	3.10445e-06 	2
50.625 	0.000201263 	1.45217e-05 	1
50.75 	0.000355803 	2.42288e-05 	1
50.8125 	0.000155116 	1.34888e-05 	1
50.875 	0.000311975 	2.0486e-05 	1
50.9375 	0.000330876 	2.73918e-05 	1
51.0 	0.000282445 	2.04252e-05 	1
51.125 	0.000205209 	1.49829e-05 	1
51.1875 	0.000120769 	9.14845e-06 	1
51.25 	7.06659e-05 	6.27887e-06 	1
51.375 	0.000155085 	1.37644e-05 	1
51.4375 	0.000138574 	1.06487e-05 	1
51.5 	0.000286268 	2.0128e-05 	1
51.625 	0.000238459 	1.64761e-05 	1
51.8125 	0.000149694 	1.40406e-05 	1
52.0625 	6.89744e-05 	7.58722e-06 	1
52.1875 	0.000143841 	1.26658e-05 	1
52.3125 	0.000292683 	2.00734e-05 	1
52.5 	0.00028235 	1.91653e-05 	1
52.75 	0.000153126 	1.20451e-05 	1
52.8125 	8.2728e-05 	9.22607e-06 	1
52.9375 	8.82731e-05 	9.24545e-06 	1
53.1875 	9.21932e-05 	9.5941e-06 	1
53.25 	0.000119634 	5.25242e-06 	2
53.3125 	0.000150559 	4.9419e-06 	2
53.5 	0.000164477 	1.26256e-05 	1
53.5625 	0.000188008 	1.5035e-05 	1
53.625 	0.00030678 	2.71997e-05 	1
53.6875 	0.000291806 	1.97555e-05 	1
53.75 	0.000241972 	1.70723e-05 	1
53.875 	0.000187617 	1.47786e-05 	1
54.0 	0.000160333 	1.40176e-05 	1
54.0625 	0.000135259 	3.61928e-06 	2
54.1875 	0.000277088 	1.87265e-05 	1
54.25 	0.000246722 	1.65545e-05 	1
54.3125 	0.000142834 	1.18385e-05 	1
54.375 	0.000177642 	1.28881e-05 	1
54.4375 	0.000134154 	3.50777e-06 	2
54.6875 	0.000267449 	1.82023e-05 	1
54.8125 	0.000133327 	1.04345e-05 	1
54.875 	0.000151141 	1.32683e-05 	1
54.9375 	0.000301477 	2.09292e-05 	1
55.0 	0.000222774 	1.60055e-05 	1
55.125 	8.18367e-05 	8.4029e-06 	1
55.3125 	0.000110764 	1.00261e-05 	1
55.4375 	0.000309476 	2.11722e-05 	1
55.5 	0.000266009 	1.87847e-05 	1
55.75 	0.000220184 	2.05718e-05 	1
55.875 	0.000165576 	4.41106e-06 	2
55.9375 	0.000151787 	1.12915e-05 	1
56.0 	0.000102198 	2.52578e-06 	2
56.0625 	0.000266992 	1.83521e-05 	1
56.3125 	0.000260408 	1.82689e-05 	1
56.375 	0.000150481 	1.27007e-05 	1
56.4375 	0.000242575 	2.24803e-05 	1
56.5625 	0.000187149 	1.49373e-05 	1
56.6875 	0.000321044 	2.15481e-05 	1
56.75 	0.000241707 	1.71817e-05 	1
56.8125 	7.8718e-05 	8.4371e-06 	1
57.0 	0.000178653 	1.29969e-05 	1
57.0625 	0.000267435 	1.8399e-05 	1
57.1875 	0.000121192 	1.11285e-05 	1
57.25 	0.000241485 	1.68701e-05 	1
57.3125 	0.000245818 	2.30108e-05 	1
57.4375 	0.000214242 	1.47832e-05 	1
57.6875 	0.000103363 	2.509e-06 	2
57.8125 	6.78015e-05 	6.23859e-06 	1
58.0 	5.1188e-05 	5.24285e-06 	1
58.125 	0.000323202 	2.17244e-05 	1
58.1875 	0.000139471 	1.0726e-05 	1
58.25 	0.000174582 	1.31881e-05 	1
58.3125 	0.000166333 	1.2992e-05 	1
58.4375 	0.000300951 	2.02207e-05 	1
58.5625 	0.000210266 	1.51162e-05 	1
58.6875 	8.97789e-05 	7.98157e-06 	1
58.8125 	0.000236433 	1.661e-05 	1
58.875 	0.000285396 	1.93156e-05 	1
59.0 	0.000264024 	1.77664e-05 	1
59.125 	0.000233102 	2.25334e-05 	1
59.25 	0.000209558 	1.6213e-05 	1
59.3125 	7.1063e-05 	7.52432e-06 	1
59.375 	0.000132611 	1.18605e-05 	1
59.5 	0.000363223 	2.42039e-05 	1
59.6875 	0.00021076 	1.70652e-05 	1
59.8125 	0.000229165 	1.79975e-05 	1
59.9375 	7.34578e-05 	6.78211e-06 	1
60.375 	5.05748e-05 	5.79145e-06 	1
60.4375 	0.000145479 	1.01424e-05 	1
60.5625 	0.000220262 	1.51523e-05 	1
60.625 	0.000163513 	1.21729e-05 	1
60.875 	0.000111594 	9.813e-06 	1
61.0 	0.000138644 	1.1282e-05 	1
61.125 	0.000295516 	2.04692e-05 	1
61.4375 	0.000134595 	1.24019e-05 	1
61.625 	0.000211351 	1.57116e-05 	1
61.6875 	6.91397e-05 	6.69296e-06 	1
61.8125 	0.000244486 	1.6747e-05 	1
61.9375 	0.00016434 	1.35413e-05 	1
62.1875 	0.000108127 	2.91483e-06 	2
62.25 	0.000132388 	1.08935e-05 	1
62.375 	9.35393e-05 	9.96412e-06 	1
62.5 	0.000132802 	3.49917e-06 	2
62.5625 	0.000214395 	1.50154e-05 	1
62.875 	0.000181038 	1.42751e-05 	1
62.9375 	0.000160159 	1.19397e-05 	1
63.0 	0.000121302 	1.14077e-05 	1
63.25 	0.00026025 	1.79535e-05 	1
63.4375 	0.000247875 	2.30684e-05 	1
63.5625 	0.000321986 	2.22754e-05 	1
63.8125 	0.000174633 	1.23771e-05 	1
63.9375 	0.00013298 	1.03989e-05 	1
64.0 	0.00042164 	2.83427e-05 	1
64.25 	0.00013912 	1.04114e-05 	1
64.4375 	0.000291184 	2.01227e-05 	1
64.5625 	8.29169e-05 	7.35314e-06 	1
64.6875 	0.000204855 	1.40493e-05 	1
64.75 	0.000184442 	1.51276e-05 	1
64.8125 	0.000303624 	2.09998e-05 	1
64.875 	0.000191314 	1.41105e-05 	1
64.9375 	0.000277676 	2.26574e-05 	1
65.0 	0.000129956 	1.12994e-05 	1
65.0625 	0.000249171 	1.89112e-05 	1
65.125 	0.000130493 	1.06694e-05 	1
65.625 	0.00011121 	1.09241e-05 	1
65.8125 	0.000149093 	1.12844e-05 	1
65.9375 	0.000224878 	1.55913e-05 	1
66.0 	0.000231063 	2.06306e-05 	1
66.0625 	0.000353255 	2.38772e-05 	1
66.3125 	0.000105034 	7.97179e-06 	1
66.5 	0.000299596 	2.20091e-05 	1
66.75 	0.000214315 	1.55784e-05 	1
66.8125 	0.000119545 	1.03206e-05 	1
66.9375 	0.000149612 	1.1813e-05 	1
67.25 	0.000122087 	1.10524e-05 	1
67.4375 	0.00014876 	1.40458e-05 	1
67.5 	0.000121143 	1.10482e-05 	1
67.8125 	8.18133e-05 	7.84476e-06 	1
67.875 	0.000274012 	1.94092e-05 	1
67.9375 	0.000303888 	2.07991e-05 	1
68.0 	0.000114651 	9.34328e-06 	1
68.125 	0.000268123 	1.8754e-05 	1
68.1875 	0.000328571 	2.26511e-05 	1
68.3125 	0.000288467 	1.95095e-05 	1
68.375 	5.10383e-05 	5.28579e-06 	1
68.4375 	0.000289544 	2.02434e-05 	1
68.5625 	0.000137445 	1.15197e-05 	1
68.6875 	0.000267817 	1.86014e-05 	1
68.75 	0.000190818 	1.59057e-05 	1
68.8125 	0.000268189 	1.80532e-05 	1
68.9375 	0.000118285 	3.12986e-06 	2
69.125 	0.000196599 	1.55982e-05 	1
69.1875 	0.000207955 	1.45004e-05 	1
69.25 	0.00011889 	1.05382e-05 	1
69.3125 	0.000224279 	1.91468e-05 	1
69.4375 	0.000224157 	2.05375e-05 	1
69.5 	0.00017834 	1.5575e-05 	1
69.75 	0.000111574 	3.37575e-06 	2
69.8125 	0.000108393 	8.95947e-06 	1
69.875 	0.000182402 	1.31657e-05 	1
69.9375 	9.54585e-05 	2.49122e-06 	2
