# time 	Initial 	Final 	Iterations
0.333274 	8.7262e-05 	8.7262e-05 	0
0.579973 	9.1754e-05 	9.1754e-05 	0
0.642226 	0.000104019 	5.03939e-05 	1
0.70448 	0.000125586 	6.77177e-05 	1
0.766734 	9.29494e-05 	9.29494e-05 	0
0.828988 	5.82945e-05 	5.82945e-05 	0
1.01575 	0.000110237 	3.73317e-05 	1
1.078 	0.000109586 	5.44208e-05 	1
1.20251 	0.000101992 	6.93768e-05 	1
1.26477 	7.22567e-05 	7.22567e-05 	0
1.38927 	0.000102819 	5.95398e-05 	1
1.45153 	9.32651e-05 	9.32651e-05 	0
1.51378 	5.85351e-05 	5.85351e-05 	0
1.57604 	9.02557e-05 	9.02557e-05 	0
1.70054 	0.000101569 	5.52763e-05 	1
1.7628 	0.000119349 	5.177e-05 	1
1.8873 	8.91896e-05 	8.91896e-05 	0
1.94956 	0.0001177 	6.57436e-05 	1
2.07407 	0.000154924 	8.00686e-05 	1
2.13632 	7.61535e-05 	7.61535e-05 	0
2.19857 	7.84877e-05 	7.84877e-05 	0
2.26083 	8.86574e-05 	8.86574e-05 	0
2.32308 	7.76193e-05 	7.76193e-05 	0
2.38534 	6.69715e-05 	6.69715e-05 	0
2.44759 	9.3923e-05 	9.3923e-05 	0
2.50984 	0.000113996 	6.11667e-05 	1
2.63435 	0.000128626 	4.25955e-05 	1
2.69661 	0.000117962 	5.88911e-05 	1
2.82111 	4.68291e-05 	4.68291e-05 	0
2.88337 	0.000110064 	4.75717e-05 	1
2.94562 	0.000103442 	5.3593e-05 	1
3.00787 	0.000100802 	5.38048e-05 	1
3.07013 	0.000114606 	3.99988e-05 	1
3.13238 	9.02888e-05 	9.02888e-05 	0
3.19464 	0.000100585 	5.40991e-05 	1
3.25689 	8.63208e-05 	8.63208e-05 	0
3.31914 	7.18815e-05 	7.18815e-05 	0
3.3814 	0.000122382 	7.23215e-05 	1
3.44365 	0.000141465 	7.01164e-05 	1
3.50591 	0.000106231 	5.52201e-05 	1
3.56816 	0.000108071 	3.67063e-05 	1
3.69267 	9.57283e-05 	9.57283e-05 	0
3.75492 	0.000106165 	5.61933e-05 	1
3.81718 	0.000116308 	5.41608e-05 	1
3.87943 	0.000109194 	7.68279e-05 	1
4.00394 	9.40811e-05 	9.40811e-05 	0
4.06619 	9.23058e-05 	9.23058e-05 	0
4.12845 	8.26728e-05 	8.26728e-05 	0
4.1907 	0.000108041 	5.93791e-05 	1
4.25295 	0.000171559 	6.74056e-05 	1
4.31521 	0.000106632 	7.16964e-05 	1
4.37746 	0.000108795 	5.6003e-05 	1
4.50197 	0.000125187 	5.88197e-05 	1
4.56422 	7.92691e-05 	7.92691e-05 	0
4.62648 	0.000116303 	6.52171e-05 	1
4.68873 	5.20414e-05 	5.20414e-05 	0
4.75098 	8.90801e-05 	8.90801e-05 	0
4.81324 	6.00115e-05 	6.00115e-05 	0
4.87549 	8.56834e-05 	8.56834e-05 	0
4.93775 	0.00010749 	6.54441e-05 	1
5.0 	0.0001133 	5.43611e-05 	1
5.0625 	0.000101077 	6.27083e-05 	1
5.125 	6.22814e-05 	6.22814e-05 	0
5.25 	0.000104271 	4.81129e-05 	1
5.3125 	7.7575e-05 	7.7575e-05 	0
5.375 	0.000120752 	6.62565e-05 	1
5.5 	7.21436e-05 	7.21436e-05 	0
5.5625 	9.70904e-05 	9.70904e-05 	0
5.625 	8.78981e-05 	8.78981e-05 	0
5.6875 	0.000129861 	6.43468e-05 	1
5.75 	0.000105375 	6.46846e-05 	1
5.8125 	0.00011451 	4.05911e-05 	1
5.875 	0.000122959 	8.17806e-05 	1
5.9375 	0.000133789 	6.27767e-05 	1
6.0 	4.83224e-05 	4.83224e-05 	0
6.125 	8.22054e-05 	8.22054e-05 	0
6.1875 	7.67817e-05 	7.67817e-05 	0
6.25 	8.79584e-05 	8.79584e-05 	0
6.3125 	8.7889e-05 	8.7889e-05 	0
6.4375 	6.80816e-05 	6.80816e-05 	0
6.6875 	5.61308e-05 	5.61308e-05 	0
6.75 	0.000120071 	6.79819e-05 	1
6.8125 	0.000107819 	8.05544e-05 	1
6.9375 	3.47781e-05 	3.47781e-05 	0
7.0 	0.000107768 	5.27377e-05 	1
7.0625 	7.98259e-05 	7.98259e-05 	0
7.125 	9.25264e-05 	9.25264e-05 	0
7.1875 	9.8597e-05 	9.8597e-05 	0
7.25 	0.000112824 	5.38389e-05 	1
7.4375 	5.79234e-05 	5.79234e-05 	0
7.5625 	0.000103088 	5.21002e-05 	1
7.625 	0.000100701 	7.53934e-05 	1
7.6875 	0.000122912 	5.7344e-05 	1
7.8125 	0.000110551 	6.92327e-05 	1
7.9375 	9.1025e-05 	9.1025e-05 	0
8.0 	0.000115183 	6.01846e-05 	1
8.0625 	0.000100332 	5.0615e-05 	1
8.125 	7.60852e-05 	7.60852e-05 	0
8.25 	6.03529e-05 	6.03529e-05 	0
8.3125 	0.000121933 	7.50843e-05 	1
8.375 	9.27772e-05 	9.27772e-05 	0
8.4375 	7.6025e-05 	7.6025e-05 	0
8.5 	0.000120125 	5.89584e-05 	1
8.5625 	7.51502e-05 	7.51502e-05 	0
8.8125 	0.000124656 	7.85604e-05 	1
8.9375 	9.64592e-05 	9.64592e-05 	0
9.0 	0.000113401 	3.69295e-05 	1
9.0625 	9.6448e-05 	9.6448e-05 	0
9.125 	7.98011e-05 	7.98011e-05 	0
9.1875 	0.000109876 	6.88081e-05 	1
9.25 	0.000113347 	4.71735e-05 	1
9.3125 	9.43953e-05 	9.43953e-05 	0
9.375 	0.000108572 	6.93746e-05 	1
9.4375 	0.000123033 	8.13907e-05 	1
9.5625 	9.78649e-05 	9.78649e-05 	0
9.625 	9.93219e-05 	9.93219e-05 	0
9.6875 	0.000128669 	6.50566e-05 	1
9.75 	0.000109186 	5.04943e-05 	1
9.8125 	6.88457e-05 	6.88457e-05 	0
9.875 	8.84181e-05 	8.84181e-05 	0
9.9375 	0.000112985 	5.92032e-05 	1
10.0 	0.000139498 	5.15449e-05 	1
10.0625 	9.01188e-05 	9.01188e-05 	0
10.1875 	0.000102642 	4.61679e-05 	1
10.3125 	9.83124e-05 	9.83124e-05 	0
10.375 	7.95701e-05 	7.95701e-05 	0
10.5 	0.000123362 	6.19203e-05 	1
10.5625 	0.000106443 	5.4029e-05 	1
10.625 	0.000141406 	6.05443e-05 	1
10.6875 	0.000100111 	6.62167e-05 	1
10.75 	0.000108378 	5.8385e-05 	1
10.8125 	0.000112287 	6.43013e-05 	1
10.875 	0.000104602 	4.51807e-05 	1
10.9375 	9.85765e-05 	9.85765e-05 	0
11.0 	8.97653e-05 	8.97653e-05 	0
11.0625 	7.65805e-05 	7.65805e-05 	0
11.125 	6.29654e-05 	6.29654e-05 	0
11.1875 	9.74828e-05 	9.74828e-05 	0
11.25 	7.20293e-05 	7.20293e-05 	0
11.375 	9.33312e-05 	9.33312e-05 	0
11.4375 	7.52725e-05 	7.52725e-05 	0
11.5 	6.59931e-05 	6.59931e-05 	0
11.5625 	9.95882e-05 	9.95882e-05 	0
11.625 	0.000153482 	5.51997e-05 	1
11.6875 	0.000119709 	6.09284e-05 	1
11.75 	0.000100461 	8.82785e-05 	1
11.8125 	8.20545e-05 	8.20545e-05 	0
11.875 	9.33986e-05 	9.33986e-05 	0
11.9375 	7.2897e-05 	7.2897e-05 	0
12.0 	9.11128e-05 	9.11128e-05 	0
12.0625 	0.000103879 	5.43381e-05 	1
12.125 	0.000112199 	6.20491e-05 	1
12.1875 	9.72157e-05 	9.72157e-05 	0
12.25 	6.70962e-05 	6.70962e-05 	0
12.3125 	0.000103759 	4.92611e-05 	1
12.375 	0.000110439 	6.51077e-05 	1
12.5625 	5.18036e-05 	5.18036e-05 	0
12.625 	6.89235e-05 	6.89235e-05 	0
12.6875 	6.05925e-05 	6.05925e-05 	0
12.75 	0.000113409 	4.98894e-05 	1
12.8125 	0.000116753 	3.62735e-05 	1
12.875 	0.000146716 	7.65175e-05 	1
13.0 	7.43618e-05 	7.43618e-05 	0
13.0625 	7.73077e-05 	7.73077e-05 	0
13.125 	0.000124102 	6.78841e-05 	1
13.1875 	0.00011996 	8.33958e-05 	1
13.25 	9.45697e-05 	9.45697e-05 	0
13.3125 	8.56199e-05 	8.56199e-05 	0
13.375 	7.94361e-05 	7.94361e-05 	0
13.4375 	4.61499e-05 	4.61499e-05 	0
13.5 	8.12768e-05 	8.12768e-05 	0
13.5625 	9.9459e-05 	9.9459e-05 	0
13.625 	0.000118551 	6.50541e-05 	1
13.6875 	0.000103135 	6.51257e-05 	1
13.8125 	3.40207e-05 	3.40207e-05 	0
14.0 	9.03233e-05 	9.03233e-05 	0
14.0625 	0.000109465 	5.6735e-05 	1
14.125 	0.000103674 	5.58194e-05 	1
14.1875 	9.79466e-05 	9.79466e-05 	0
14.3125 	0.00011819 	6.22237e-05 	1
14.375 	9.16529e-05 	9.16529e-05 	0
14.4375 	0.000108691 	5.11158e-05 	1
14.5 	0.000114597 	5.62175e-05 	1
14.625 	9.96608e-05 	9.96608e-05 	0
14.6875 	0.000128886 	6.34228e-05 	1
14.75 	8.67362e-05 	8.67362e-05 	0
14.8125 	9.09648e-05 	9.09648e-05 	0
14.875 	0.00010428 	6.43859e-05 	1
14.9375 	0.000101384 	3.88733e-05 	1
15.0 	7.9183e-05 	7.9183e-05 	0
15.1875 	9.90114e-05 	9.90114e-05 	0
15.25 	8.94498e-05 	8.94498e-05 	0
15.3125 	0.000106569 	5.38227e-05 	1
15.375 	0.000113063 	3.33456e-05 	1
15.4375 	7.81559e-05 	7.81559e-05 	0
15.5 	0.000130643 	6.71294e-05 	1
15.5625 	7.73418e-05 	7.73418e-05 	0
15.625 	7.01999e-05 	7.01999e-05 	0
15.75 	9.6632e-05 	9.6632e-05 	0
15.8125 	0.000101404 	5.22882e-05 	1
15.875 	8.43311e-05 	8.43311e-05 	0
15.9375 	0.000112617 	6.41732e-05 	1
16.0 	9.33414e-05 	9.33414e-05 	0
16.0625 	0.00012748 	4.74303e-05 	1
16.125 	0.000163109 	4.62101e-05 	1
16.1875 	7.79115e-05 	7.79115e-05 	0
16.25 	6.45302e-05 	6.45302e-05 	0
16.3125 	0.000101005 	6.30101e-05 	1
16.375 	8.93402e-05 	8.93402e-05 	0
16.4375 	4.77688e-05 	4.77688e-05 	0
16.5 	0.000116555 	6.83986e-05 	1
16.625 	0.000114199 	5.92952e-05 	1
16.6875 	7.69492e-05 	7.69492e-05 	0
16.75 	8.7357e-05 	8.7357e-05 	0
16.8125 	0.000102791 	2.45085e-05 	1
16.875 	0.000106996 	6.14526e-05 	1
16.9375 	9.63801e-05 	9.63801e-05 	0
17.1875 	9.35279e-05 	9.35279e-05 	0
17.25 	6.27806e-05 	6.27806e-05 	0
17.3125 	0.000105023 	4.50379e-05 	1
17.375 	9.14373e-05 	9.14373e-05 	0
17.4375 	0.000121702 	6.39005e-05 	1
17.5 	9.43975e-05 	9.43975e-05 	0
17.5625 	0.000119213 	5.89315e-05 	1
17.625 	7.87459e-05 	7.87459e-05 	0
17.6875 	9.06789e-05 	9.06789e-05 	0
17.75 	0.000105525 	5.37306e-05 	1
17.8125 	8.47818e-05 	8.47818e-05 	0
17.9375 	4.327e-05 	4.327e-05 	0
18.0 	0.000137148 	6.5996e-05 	1
18.0625 	0.000134441 	6.89141e-05 	1
18.125 	0.000122593 	6.88766e-05 	1
18.1875 	0.000105287 	6.54032e-05 	1
18.25 	0.000111167 	6.2635e-05 	1
18.3125 	5.3976e-05 	5.3976e-05 	0
18.375 	8.24846e-05 	8.24846e-05 	0
18.4375 	0.000136216 	7.20784e-05 	1
18.5 	6.43389e-05 	6.43389e-05 	0
18.5625 	8.23201e-05 	8.23201e-05 	0
18.625 	9.17217e-05 	9.17217e-05 	0
18.75 	9.81685e-05 	9.81685e-05 	0
18.8125 	0.000116196 	5.00363e-05 	1
18.875 	0.00012961 	6.42078e-05 	1
18.9375 	0.000105273 	5.10301e-05 	1
19.125 	7.40893e-05 	7.40893e-05 	0
19.25 	7.4471e-05 	7.4471e-05 	0
19.3125 	9.78677e-05 	9.78677e-05 	0
19.375 	0.000104713 	5.05385e-05 	1
19.4375 	9.56864e-05 	9.56864e-05 	0
19.5 	8.08312e-05 	8.08312e-05 	0
19.625 	9.23946e-05 	9.23946e-05 	0
19.6875 	0.000101483 	4.52463e-05 	1
19.75 	9.88331e-05 	9.88331e-05 	0
19.875 	9.63261e-05 	9.63261e-05 	0
19.9375 	0.000115868 	6.25594e-05 	1
20.0 	0.000101409 	5.42221e-05 	1
20.0625 	9.44032e-05 	9.44032e-05 	0
20.125 	6.23042e-05 	6.23042e-05 	0
20.1875 	9.52778e-05 	9.52778e-05 	0
20.25 	7.08201e-05 	7.08201e-05 	0
20.3125 	8.68899e-05 	8.68899e-05 	0
20.375 	8.54332e-05 	8.54332e-05 	0
20.4375 	0.00015555 	6.32593e-05 	1
20.5 	5.54927e-05 	5.54927e-05 	0
20.5625 	0.000120192 	6.36642e-05 	1
20.625 	0.000134049 	6.82808e-05 	1
20.6875 	0.00010489 	4.46314e-05 	1
20.75 	9.69005e-05 	9.69005e-05 	0
20.8125 	8.09861e-05 	8.09861e-05 	0
20.875 	0.000119139 	6.11291e-05 	1
21.0 	8.24258e-05 	8.24258e-05 	0
21.0625 	8.62149e-05 	8.62149e-05 	0
21.1875 	0.000124221 	5.71751e-05 	1
21.3125 	0.000130446 	7.03609e-05 	1
21.375 	0.000105804 	5.70251e-05 	1
21.4375 	0.000112004 	5.66448e-05 	1
21.5 	3.51357e-05 	3.51357e-05 	0
21.5625 	6.1497e-05 	6.1497e-05 	0
21.625 	0.000109714 	5.58365e-05 	1
21.6875 	0.000110865 	7.8117e-05 	1
21.75 	0.000101629 	5.61641e-05 	1
21.8125 	0.000107326 	4.96792e-05 	1
21.875 	0.000120019 	6.34962e-05 	1
21.9375 	8.83344e-05 	8.83344e-05 	0
22.0 	0.000115394 	5.39352e-05 	1
22.125 	0.000138997 	6.40727e-05 	1
22.1875 	7.61098e-05 	7.61098e-05 	0
22.25 	0.000119573 	5.49615e-05 	1
22.3125 	0.0001038 	5.87608e-05 	1
22.375 	8.02201e-05 	8.02201e-05 	0
22.625 	0.000130503 	5.23322e-05 	1
22.6875 	5.46684e-05 	5.46684e-05 	0
22.75 	0.000104195 	6.45252e-05 	1
22.8125 	9.32966e-05 	9.32966e-05 	0
22.9375 	0.000104874 	5.55388e-05 	1
23.0 	0.000106399 	5.4359e-05 	1
23.0625 	0.000116916 	4.10859e-05 	1
23.125 	0.000111684 	4.47292e-05 	1
23.1875 	8.19831e-05 	8.19831e-05 	0
23.3125 	9.1547e-05 	9.1547e-05 	0
23.375 	9.59328e-05 	9.59328e-05 	0
23.4375 	0.000113097 	6.69792e-05 	1
23.5625 	4.47702e-05 	4.47702e-05 	0
23.6875 	0.000116933 	6.52359e-05 	1
23.75 	8.22926e-05 	8.22926e-05 	0
23.8125 	6.25821e-05 	6.25821e-05 	0
23.875 	0.000115823 	5.94524e-05 	1
23.9375 	9.59916e-05 	9.59916e-05 	0
24.0 	8.16052e-05 	8.16052e-05 	0
24.0625 	0.000122069 	6.31312e-05 	1
24.125 	0.000102727 	5.30909e-05 	1
24.1875 	0.000112774 	4.96338e-05 	1
24.3125 	9.03291e-05 	9.03291e-05 	0
24.375 	0.00010249 	4.99372e-05 	1
24.4375 	0.000117576 	6.53429e-05 	1
24.5 	0.000116951 	6.01222e-05 	1
24.5625 	0.000112126 	7.21956e-05 	1
24.625 	0.000115441 	4.0101e-05 	1
24.6875 	5.84351e-05 	5.84351e-05 	0
24.75 	0.000105961 	7.68683e-05 	1
24.8125 	0.000117239 	5.84418e-05 	1
25.0 	0.000126912 	6.18242e-05 	1
25.0625 	9.12042e-05 	9.12042e-05 	0
25.125 	0.000120052 	5.37478e-05 	1
25.25 	0.000109881 	7.61661e-05 	1
25.3125 	3.57599e-05 	3.57599e-05 	0
25.5 	0.000136275 	7.4151e-05 	1
25.5625 	0.000116176 	6.24557e-05 	1
25.625 	0.000118223 	6.56244e-05 	1
25.6875 	0.000116052 	5.82904e-05 	1
25.75 	0.000102144 	6.56768e-05 	1
25.8125 	6.38075e-05 	6.38075e-05 	0
25.875 	8.35982e-05 	8.35982e-05 	0
25.9375 	5.19639e-05 	5.19639e-05 	0
26.0 	7.90829e-05 	7.90829e-05 	0
26.0625 	9.37968e-05 	9.37968e-05 	0
26.125 	0.000107985 	4.95238e-05 	1
26.25 	0.00010506 	4.90237e-05 	1
26.3125 	0.000135032 	5.43187e-05 	1
26.375 	9.08966e-05 	9.08966e-05 	0
26.4375 	7.55578e-05 	7.55578e-05 	0
26.5 	8.23135e-05 	8.23135e-05 	0
26.5625 	0.000122609 	5.70331e-05 	1
26.625 	8.92146e-05 	8.92146e-05 	0
26.6875 	9.42049e-05 	9.42049e-05 	0
26.875 	0.000102226 	4.1933e-05 	1
26.9375 	6.67968e-05 	6.67968e-05 	0
27.0 	0.000106778 	6.81337e-05 	1
27.0625 	6.35923e-05 	6.35923e-05 	0
27.125 	9.55004e-05 	9.55004e-05 	0
27.25 	6.3009e-05 	6.3009e-05 	0
27.3125 	6.65179e-05 	6.65179e-05 	0
27.375 	0.000101355 	6.30302e-05 	1
27.5 	8.42068e-05 	8.42068e-05 	0
27.5625 	8.78565e-05 	8.78565e-05 	0
27.625 	8.27873e-05 	8.27873e-05 	0
27.6875 	8.68304e-05 	8.68304e-05 	0
27.75 	8.82242e-05 	8.82242e-05 	0
27.8125 	9.61398e-05 	9.61398e-05 	0
27.875 	7.73799e-05 	7.73799e-05 	0
28.0 	9.97212e-05 	9.97212e-05 	0
28.0625 	4.52855e-05 	4.52855e-05 	0
28.125 	0.000101178 	3.85602e-05 	1
28.3125 	8.44261e-05 	8.44261e-05 	0
28.375 	9.48821e-05 	9.48821e-05 	0
28.4375 	0.000105553 	6.90419e-05 	1
28.5 	9.35112e-05 	9.35112e-05 	0
28.625 	9.43461e-05 	9.43461e-05 	0
28.6875 	0.000132309 	6.50281e-05 	1
28.8125 	0.000111395 	5.90905e-05 	1
28.875 	0.000114606 	6.97109e-05 	1
28.9375 	0.000103729 	5.60196e-05 	1
29.0 	0.000120338 	6.70587e-05 	1
29.0625 	4.45407e-05 	4.45407e-05 	0
29.125 	0.000104221 	5.51777e-05 	1
29.1875 	8.7536e-05 	8.7536e-05 	0
29.25 	0.000111735 	5.25064e-05 	1
29.3125 	9.94389e-05 	9.94389e-05 	0
29.375 	8.36817e-05 	8.36817e-05 	0
29.4375 	6.75843e-05 	6.75843e-05 	0
29.5 	0.000111393 	7.6779e-05 	1
29.5625 	0.000114537 	5.86835e-05 	1
29.625 	5.54496e-05 	5.54496e-05 	0
29.6875 	0.000114396 	5.90182e-05 	1
29.75 	0.000100079 	7.3513e-05 	1
29.875 	0.000116528 	6.03853e-05 	1
29.9375 	0.00013904 	7.1248e-05 	1
30.0 	6.01243e-05 	6.01243e-05 	0
30.125 	0.000122181 	6.78254e-05 	1
30.1875 	8.60797e-05 	8.60797e-05 	0
30.25 	6.09506e-05 	6.09506e-05 	0
30.3125 	9.36748e-05 	9.36748e-05 	0
30.375 	8.53149e-05 	8.53149e-05 	0
30.4375 	0.000103913 	6.51069e-05 	1
30.5 	0.000102884 	5.94415e-05 	1
30.5625 	0.000112776 	6.29434e-05 	1
30.625 	8.16169e-05 	8.16169e-05 	0
30.6875 	0.000122125 	5.98385e-05 	1
30.75 	0.000139865 	6.55757e-05 	1
30.8125 	8.50882e-05 	8.50882e-05 	0
30.9375 	0.000111042 	4.86422e-05 	1
31.0 	7.16729e-05 	7.16729e-05 	0
31.125 	8.45293e-05 	8.45293e-05 	0
31.1875 	9.89412e-05 	9.89412e-05 	0
31.25 	4.24756e-05 	4.24756e-05 	0
31.3125 	7.29976e-05 	7.29976e-05 	0
31.375 	0.000104058 	5.90016e-05 	1
31.5 	0.000115018 	6.3869e-05 	1
31.5625 	8.524e-05 	8.524e-05 	0
31.625 	0.000106363 	5.86953e-05 	1
31.6875 	8.3782e-05 	8.3782e-05 	0
31.75 	0.000131825 	6.04442e-05 	1
31.8125 	7.58563e-05 	7.58563e-05 	0
31.875 	5.78568e-05 	5.78568e-05 	0
31.9375 	0.000128176 	9.04792e-05 	1
32.0 	7.35751e-05 	7.35751e-05 	0
32.0625 	0.000127773 	7.31428e-05 	1
32.125 	0.000111966 	7.15611e-05 	1
32.1875 	9.45509e-05 	9.45509e-05 	0
32.25 	7.92586e-05 	7.92586e-05 	0
32.3125 	0.000130107 	4.74704e-05 	1
32.4375 	7.87515e-05 	7.87515e-05 	0
32.5 	0.00012275 	6.34614e-05 	1
32.625 	0.000101663 	6.4462e-05 	1
32.6875 	9.98945e-05 	9.98945e-05 	0
32.75 	9.90615e-05 	9.90615e-05 	0
32.8125 	0.000101908 	4.96542e-05 	1
32.875 	8.96161e-05 	8.96161e-05 	0
32.9375 	6.33265e-05 	6.33265e-05 	0
33.0 	8.7893e-05 	8.7893e-05 	0
33.0625 	0.000101704 	3.73689e-05 	1
33.125 	0.000111597 	7.13652e-05 	1
33.1875 	0.000133482 	7.11108e-05 	1
33.25 	0.000127829 	6.94187e-05 	1
33.3125 	7.84922e-05 	7.84922e-05 	0
33.375 	6.49192e-05 	6.49192e-05 	0
33.4375 	0.000101089 	5.31095e-05 	1
33.5 	9.56907e-05 	9.56907e-05 	0
33.625 	0.000113991 	6.6697e-05 	1
33.6875 	7.97322e-05 	7.97322e-05 	0
33.75 	0.000116298 	6.28476e-05 	1
33.875 	4.48642e-05 	4.48642e-05 	0
33.9375 	9.61121e-05 	9.61121e-05 	0
34.0625 	0.00011697 	6.14705e-05 	1
34.125 	9.55577e-05 	9.55577e-05 	0
34.1875 	9.12477e-05 	9.12477e-05 	0
34.25 	8.16077e-05 	8.16077e-05 	0
34.3125 	0.000110111 	6.1698e-05 	1
34.375 	8.49418e-05 	8.49418e-05 	0
34.4375 	0.000156908 	6.39284e-05 	1
34.5 	0.000110657 	6.14406e-05 	1
34.5625 	0.000125925 	6.35357e-05 	1
34.625 	0.00017071 	6.55902e-05 	1
34.6875 	0.000131355 	6.07063e-05 	1
34.75 	6.02287e-05 	6.02287e-05 	0
34.875 	0.000156407 	8.10499e-05 	1
34.9375 	9.82709e-05 	9.82709e-05 	0
35.0 	9.23968e-05 	9.23968e-05 	0
35.0625 	0.000111758 	6.21619e-05 	1
35.125 	0.000102103 	6.03215e-05 	1
35.25 	9.6357e-05 	9.6357e-05 	0
35.3125 	5.90275e-05 	5.90275e-05 	0
35.375 	8.95113e-05 	8.95113e-05 	0
35.5625 	0.000104484 	5.42802e-05 	1
35.625 	0.00012194 	7.36218e-05 	1
35.6875 	9.5053e-05 	9.5053e-05 	0
35.75 	9.11542e-05 	9.11542e-05 	0
35.8125 	0.000105446 	4.75764e-05 	1
35.875 	9.85348e-05 	9.85348e-05 	0
35.9375 	0.000162798 	6.69815e-05 	1
36.0 	0.000130559 	6.76004e-05 	1
36.125 	7.30933e-05 	7.30933e-05 	0
36.25 	0.000129596 	5.86264e-05 	1
36.4375 	8.95196e-05 	8.95196e-05 	0
36.5 	0.000117274 	6.42746e-05 	1
36.5625 	9.51192e-05 	9.51192e-05 	0
36.625 	8.36904e-05 	8.36904e-05 	0
36.6875 	0.000110995 	6.36259e-05 	1
36.8125 	6.02462e-05 	6.02462e-05 	0
36.875 	0.000129877 	4.75499e-05 	1
36.9375 	0.000145077 	5.77397e-05 	1
37.0625 	7.09121e-05 	7.09121e-05 	0
37.125 	0.000112601 	5.89473e-05 	1
37.1875 	7.40576e-05 	7.40576e-05 	0
37.25 	0.000150291 	6.72017e-05 	1
37.3125 	0.00013109 	6.8895e-05 	1
37.375 	0.000102266 	6.15037e-05 	1
37.4375 	6.70303e-05 	6.70303e-05 	0
37.5 	0.000103614 	5.29038e-05 	1
37.5625 	0.000113829 	5.58795e-05 	1
37.625 	0.000125867 	5.97386e-05 	1
37.75 	0.000123302 	7.14434e-05 	1
37.8125 	0.000109015 	5.68579e-05 	1
37.875 	5.87412e-05 	5.87412e-05 	0
37.9375 	0.000102583 	6.32414e-05 	1
38.0 	0.000110395 	5.80265e-05 	1
38.0625 	0.000141965 	6.67944e-05 	1
38.125 	0.000125122 	6.77912e-05 	1
38.1875 	0.000119092 	6.49221e-05 	1
38.25 	8.98781e-05 	8.98781e-05 	0
38.3125 	7.66065e-05 	7.66065e-05 	0
38.375 	6.66186e-05 	6.66186e-05 	0
38.4375 	0.000135665 	6.64914e-05 	1
38.5625 	0.000102732 	4.91496e-05 	1
38.6875 	0.000101732 	6.37195e-05 	1
38.8125 	0.000114937 	6.2773e-05 	1
38.875 	0.000105896 	5.69056e-05 	1
38.9375 	0.000120406 	6.97843e-05 	1
39.0 	0.000100521 	4.99502e-05 	1
39.0625 	0.000117637 	5.685e-05 	1
39.125 	9.31654e-05 	9.31654e-05 	0
39.1875 	7.13447e-05 	7.13447e-05 	0
39.25 	0.000106041 	6.38147e-05 	1
39.3125 	0.00010544 	5.37869e-05 	1
39.375 	6.80969e-05 	6.80969e-05 	0
39.5 	0.000111226 	6.38966e-05 	1
39.5625 	6.79056e-05 	6.79056e-05 	0
39.625 	9.27467e-05 	9.27467e-05 	0
39.6875 	8.20951e-05 	8.20951e-05 	0
39.75 	0.000103845 	5.11224e-05 	1
39.8125 	0.000134732 	5.8171e-05 	1
39.875 	9.96044e-05 	9.96044e-05 	0
39.9375 	9.16823e-05 	9.16823e-05 	0
40.0 	0.000122808 	6.81945e-05 	1
40.125 	0.000139654 	6.28643e-05 	1
40.25 	0.000100361 	5.61056e-05 	1
40.3125 	9.22796e-05 	9.22796e-05 	0
40.4375 	0.000131474 	6.89654e-05 	1
40.5 	0.000116507 	5.78979e-05 	1
40.5625 	6.29842e-05 	6.29842e-05 	0
40.625 	0.000103425 	4.12412e-05 	1
40.8125 	7.29885e-05 	7.29885e-05 	0
40.875 	4.10055e-05 	4.10055e-05 	0
40.9375 	0.000144784 	8.30182e-05 	1
41.0 	0.000105534 	8.1794e-05 	1
41.125 	6.44112e-05 	6.44112e-05 	0
41.1875 	0.00011448 	6.76566e-05 	1
41.25 	9.3262e-05 	9.3262e-05 	0
41.3125 	9.24883e-05 	9.24883e-05 	0
41.4375 	0.000137349 	6.78181e-05 	1
41.5 	8.94043e-05 	8.94043e-05 	0
41.5625 	6.93708e-05 	6.93708e-05 	0
41.625 	0.000105196 	3.36929e-05 	1
41.6875 	0.000104513 	6.2033e-05 	1
41.8125 	8.46313e-05 	8.46313e-05 	0
41.875 	0.000114356 	7.81382e-05 	1
41.9375 	8.66387e-05 	8.66387e-05 	0
42.0 	5.26296e-05 	5.26296e-05 	0
42.125 	9.58402e-05 	9.58402e-05 	0
42.25 	0.00014194 	6.44647e-05 	1
42.375 	8.86771e-05 	8.86771e-05 	0
42.4375 	6.79122e-05 	6.79122e-05 	0
42.5 	8.5147e-05 	8.5147e-05 	0
42.625 	6.16769e-05 	6.16769e-05 	0
42.6875 	0.000117974 	6.32673e-05 	1
42.8125 	0.000102874 	5.31424e-05 	1
42.875 	9.59304e-05 	9.59304e-05 	0
42.9375 	4.60687e-05 	4.60687e-05 	0
43.0 	6.34902e-05 	6.34902e-05 	0
43.0625 	7.92402e-05 	7.92402e-05 	0
43.125 	0.000113724 	7.9347e-05 	1
43.1875 	9.8786e-05 	9.8786e-05 	0
43.3125 	5.80985e-05 	5.80985e-05 	0
43.375 	9.04963e-05 	9.04963e-05 	0
43.4375 	7.59298e-05 	7.59298e-05 	0
43.5625 	9.63053e-05 	9.63053e-05 	0
43.6875 	8.03261e-05 	8.03261e-05 	0
43.75 	9.66046e-05 	9.66046e-05 	0
43.8125 	9.13152e-05 	9.13152e-05 	0
43.875 	5.84968e-05 	5.84968e-05 	0
43.9375 	5.56955e-05 	5.56955e-05 	0
44.0 	0.000108704 	5.66046e-05 	1
44.0625 	9.98787e-05 	9.98787e-05 	0
44.125 	5.42194e-05 	5.42194e-05 	0
44.1875 	0.000117604 	5.70875e-05 	1
44.25 	0.000118176 	6.56602e-05 	1
44.3125 	0.000130673 	6.37599e-05 	1
44.375 	8.11374e-05 	8.11374e-05 	0
44.4375 	0.00010298 	4.74433e-05 	1
44.5 	9.78789e-05 	9.78789e-05 	0
44.5625 	9.97903e-05 	9.97903e-05 	0
44.625 	9.31002e-05 	9.31002e-05 	0
44.6875 	9.2609e-05 	9.2609e-05 	0
44.75 	0.000102947 	6.25823e-05 	1
44.8125 	9.51389e-05 	9.51389e-05 	0
44.875 	0.000148663 	7.61473e-05 	1
44.9375 	0.000132492 	7.05955e-05 	1
45.0 	0.000106045 	4.82561e-05 	1
45.0625 	0.000109874 	7.12769e-05 	1
45.125 	5.23679e-05 	5.23679e-05 	0
45.1875 	8.60757e-05 	8.60757e-05 	0
45.3125 	8.88628e-05 	8.88628e-05 	0
45.375 	6.80572e-05 	6.80572e-05 	0
45.5 	0.000147336 	6.78249e-05 	1
45.5625 	0.000149707 	6.25599e-05 	1
45.625 	0.000101536 	4.1088e-05 	1
45.6875 	0.000112882 	4.96012e-05 	1
45.75 	8.46797e-05 	8.46797e-05 	0
45.875 	0.000136693 	4.84699e-05 	1
45.9375 	0.000138439 	7.16824e-05 	1
46.0 	8.59455e-05 	8.59455e-05 	0
46.0625 	6.83957e-05 	6.83957e-05 	0
46.125 	7.75174e-05 	7.75174e-05 	0
46.3125 	0.000100834 	4.59602e-05 	1
46.375 	9.84245e-05 	9.84245e-05 	0
46.5 	9.32953e-05 	9.32953e-05 	0
46.5625 	9.20836e-05 	9.20836e-05 	0
46.625 	0.000114095 	3.41949e-05 	1
46.6875 	0.000107517 	5.25663e-05 	1
46.75 	7.07809e-05 	7.07809e-05 	0
46.8125 	8.22193e-05 	8.22193e-05 	0
46.875 	0.000104988 	4.38207e-05 	1
47.0 	0.000101708 	5.74597e-05 	1
47.0625 	0.000103538 	4.18542e-05 	1
47.125 	9.41947e-05 	9.41947e-05 	0
47.1875 	8.16818e-05 	8.16818e-05 	0
47.25 	0.000119527 	5.82138e-05 	1
47.3125 	8.96522e-05 	8.96522e-05 	0
47.375 	6.23182e-05 	6.23182e-05 	0
47.5 	8.01012e-05 	8.01012e-05 	0
47.5625 	0.000103446 	6.28743e-05 	1
47.625 	8.0522e-05 	8.0522e-05 	0
47.6875 	8.58038e-05 	8.58038e-05 	0
47.8125 	0.000113883 	6.04069e-05 	1
47.875 	0.000111003 	6.01639e-05 	1
48.0 	0.000110818 	5.49666e-05 	1
48.0625 	0.000115352 	6.10642e-05 	1
48.1875 	4.62649e-05 	4.62649e-05 	0
48.25 	0.000106079 	5.12946e-05 	1
48.3125 	0.00010856 	5.65312e-05 	1
48.375 	0.000118227 	6.40692e-05 	1
48.4375 	6.71969e-05 	6.71969e-05 	0
48.5 	0.000120547 	7.16438e-05 	1
48.5625 	0.000101305 	6.76786e-05 	1
48.75 	5.88092e-05 	5.88092e-05 	0
48.8125 	4.95967e-05 	4.95967e-05 	0
48.9375 	0.000102047 	5.7338e-05 	1
49.0 	5.76499e-05 	5.76499e-05 	0
49.125 	0.000104448 	6.18392e-05 	1
49.1875 	6.11856e-05 	6.11856e-05 	0
49.25 	0.000101239 	6.70163e-05 	1
49.3125 	0.000103472 	5.28097e-05 	1
49.375 	0.000112135 	5.55117e-05 	1
49.4375 	9.54705e-05 	9.54705e-05 	0
49.5 	9.0725e-05 	9.0725e-05 	0
49.5625 	9.38275e-05 	9.38275e-05 	0
49.625 	0.000111045 	5.4232e-05 	1
49.6875 	8.30557e-05 	8.30557e-05 	0
49.75 	0.000100878 	3.97408e-05 	1
50.0625 	9.93693e-05 	9.93693e-05 	0
50.125 	0.000107444 	6.54967e-05 	1
50.25 	4.44161e-05 	4.44161e-05 	0
50.3125 	0.000117751 	6.77109e-05 	1
50.375 	0.000113629 	5.6797e-05 	1
50.4375 	9.99415e-05 	9.99415e-05 	0
50.5 	8.70337e-05 	8.70337e-05 	0
50.5625 	0.000101538 	5.20437e-05 	1
50.625 	7.56699e-05 	7.56699e-05 	0
50.75 	5.34634e-05 	5.34634e-05 	0
50.8125 	9.31724e-05 	9.31724e-05 	0
50.875 	5.58549e-05 	5.58549e-05 	0
50.9375 	9.64446e-05 	9.64446e-05 	0
51.0 	0.000104432 	4.71573e-05 	1
51.0625 	0.000105408 	5.56002e-05 	1
51.125 	7.51291e-05 	7.51291e-05 	0
51.1875 	5.76093e-05 	5.76093e-05 	0
51.25 	7.26948e-05 	7.26948e-05 	0
51.3125 	8.0336e-05 	8.0336e-05 	0
51.375 	6.89718e-05 	6.89718e-05 	0
51.4375 	0.000117917 	6.19718e-05 	1
51.5 	0.000135637 	6.14458e-05 	1
51.5625 	0.000118373 	6.00677e-05 	1
51.625 	0.000109278 	7.66397e-05 	1
51.6875 	0.000110642 	6.38152e-05 	1
51.8125 	0.00011284 	7.81519e-05 	1
51.875 	0.00011496 	6.3311e-05 	1
52.0 	6.69198e-05 	6.69198e-05 	0
52.0625 	7.63317e-05 	7.63317e-05 	0
52.1875 	0.000106257 	4.51251e-05 	1
52.25 	9.63828e-05 	9.63828e-05 	0
52.3125 	7.63507e-05 	7.63507e-05 	0
52.375 	9.25867e-05 	9.25867e-05 	0
52.4375 	7.01103e-05 	7.01103e-05 	0
52.5 	0.000110035 	5.23549e-05 	1
52.5625 	5.04378e-05 	5.04378e-05 	0
52.625 	8.02161e-05 	8.02161e-05 	0
52.6875 	0.000126172 	4.33582e-05 	1
52.75 	0.000104369 	4.86537e-05 	1
52.8125 	9.28816e-05 	9.28816e-05 	0
52.875 	0.000149487 	8.60678e-05 	1
52.9375 	0.000104131 	4.80124e-05 	1
53.0 	5.4728e-05 	5.4728e-05 	0
53.125 	6.59134e-05 	6.59134e-05 	0
53.1875 	0.000101701 	5.54557e-05 	1
53.25 	0.00010432 	7.30307e-05 	1
53.3125 	9.9879e-05 	9.9879e-05 	0
53.375 	0.000131993 	6.01786e-05 	1
53.5 	0.000108394 	6.49544e-05 	1
53.5625 	0.000121955 	6.81647e-05 	1
53.625 	0.000107714 	5.30205e-05 	1
53.6875 	9.66585e-05 	9.66585e-05 	0
53.75 	0.000108436 	5.97848e-05 	1
53.8125 	4.71878e-05 	4.71878e-05 	0
53.875 	0.000108936 	7.455e-05 	1
53.9375 	0.000105872 	3.30344e-05 	1
54.0 	0.000132299 	6.43956e-05 	1
54.0625 	9.94695e-05 	9.94695e-05 	0
54.125 	6.81811e-05 	6.81811e-05 	0
54.1875 	9.05461e-05 	9.05461e-05 	0
54.25 	0.000114628 	5.72389e-05 	1
54.3125 	0.000115597 	6.35939e-05 	1
54.375 	7.9085e-05 	7.9085e-05 	0
54.4375 	0.000115302 	5.09527e-05 	1
54.5 	6.64327e-05 	6.64327e-05 	0
54.625 	9.54655e-05 	9.54655e-05 	0
54.6875 	8.40006e-05 	8.40006e-05 	0
54.8125 	0.00012747 	7.97587e-05 	1
54.875 	0.000103017 	5.59122e-05 	1
54.9375 	7.41451e-05 	7.41451e-05 	0
55.0 	0.000126199 	5.80349e-05 	1
55.0625 	5.25812e-05 	5.25812e-05 	0
55.125 	9.94831e-05 	9.94831e-05 	0
55.1875 	6.74018e-05 	6.74018e-05 	0
55.3125 	0.000118165 	5.02684e-05 	1
55.4375 	8.14441e-05 	8.14441e-05 	0
55.5 	7.12066e-05 	7.12066e-05 	0
55.625 	7.22944e-05 	7.22944e-05 	0
55.6875 	0.000125955 	6.44869e-05 	1
55.75 	9.33916e-05 	9.33916e-05 	0
55.8125 	0.000101237 	6.88725e-05 	1
55.875 	0.000110972 	6.81744e-05 	1
55.9375 	9.38836e-05 	9.38836e-05 	0
56.0 	0.000125368 	8.01872e-05 	1
56.0625 	0.000103438 	5.5833e-05 	1
56.1875 	0.000123004 	5.20557e-05 	1
56.25 	0.000102555 	5.01806e-05 	1
56.3125 	9.38003e-05 	9.38003e-05 	0
56.375 	0.000107994 	6.30356e-05 	1
56.4375 	0.000131773 	3.75251e-05 	1
56.5625 	9.62979e-05 	9.62979e-05 	0
56.6875 	7.18283e-05 	7.18283e-05 	0
56.75 	0.000101454 	5.48115e-05 	1
56.8125 	0.000104602 	5.68103e-05 	1
56.875 	7.91909e-05 	7.91909e-05 	0
56.9375 	0.000106145 	7.80569e-05 	1
57.0 	8.2029e-05 	8.2029e-05 	0
57.0625 	0.000117933 	5.24335e-05 	1
57.125 	7.8125e-05 	7.8125e-05 	0
57.1875 	6.32247e-05 	6.32247e-05 	0
57.25 	9.03009e-05 	9.03009e-05 	0
57.3125 	9.98025e-05 	9.98025e-05 	0
57.375 	8.95571e-05 	8.95571e-05 	0
57.4375 	0.000112525 	5.35363e-05 	1
57.5 	8.62508e-05 	8.62508e-05 	0
57.5625 	9.46604e-05 	9.46604e-05 	0
57.625 	9.99166e-05 	9.99166e-05 	0
57.6875 	0.000130902 	6.30926e-05 	1
57.75 	0.000111578 	5.11308e-05 	1
57.8125 	9.03953e-05 	9.03953e-05 	0
57.9375 	0.000104985 	5.44583e-05 	1
58.0 	7.76185e-05 	7.76185e-05 	0
58.0625 	0.000100084 	4.17031e-05 	1
58.125 	6.73898e-05 	6.73898e-05 	0
58.1875 	7.92139e-05 	7.92139e-05 	0
58.25 	8.71706e-05 	8.71706e-05 	0
58.3125 	0.000107573 	5.95453e-05 	1
58.4375 	0.000114404 	7.92001e-05 	1
58.5 	7.78637e-05 	7.78637e-05 	0
58.5625 	7.35803e-05 	7.35803e-05 	0
58.625 	0.00010267 	4.18652e-05 	1
58.6875 	7.43421e-05 	7.43421e-05 	0
58.8125 	0.000101164 	4.16173e-05 	1
58.875 	9.46193e-05 	9.46193e-05 	0
58.9375 	9.62915e-05 	9.62915e-05 	0
59.0 	9.45589e-05 	9.45589e-05 	0
59.125 	0.000110762 	6.55166e-05 	1
59.1875 	7.22539e-05 	7.22539e-05 	0
59.25 	0.000117578 	7.13611e-05 	1
59.3125 	0.00012941 	8.33725e-05 	1
59.375 	9.73274e-05 	9.73274e-05 	0
59.4375 	7.2017e-05 	7.2017e-05 	0
59.5 	9.22586e-05 	9.22586e-05 	0
59.5625 	8.50171e-05 	8.50171e-05 	0
59.6875 	0.000113238 	4.78212e-05 	1
59.8125 	8.58562e-05 	8.58562e-05 	0
59.875 	0.000129876 	6.07264e-05 	1
59.9375 	0.000110677 	5.67379e-05 	1
60.0 	9.23296e-05 	9.23296e-05 	0
60.0625 	7.95066e-05 	7.95066e-05 	0
60.125 	8.76915e-05 	8.76915e-05 	0
60.375 	7.28602e-05 	7.28602e-05 	0
60.4375 	0.00011405 	6.547e-05 	1
60.5 	9.95926e-05 	9.95926e-05 	0
60.5625 	0.000114235 	5.12918e-05 	1
60.625 	0.000111526 	5.08699e-05 	1
60.6875 	0.000115351 	6.17688e-05 	1
60.75 	7.98866e-05 	7.98866e-05 	0
60.8125 	7.03033e-05 	7.03033e-05 	0
60.875 	9.77815e-05 	9.77815e-05 	0
60.9375 	8.60419e-05 	8.60419e-05 	0
61.0 	0.000132815 	6.49021e-05 	1
61.0625 	0.000108847 	4.59616e-05 	1
61.125 	0.000127973 	7.10484e-05 	1
61.1875 	7.45068e-05 	7.45068e-05 	0
61.25 	7.95627e-05 	7.95627e-05 	0
61.3125 	6.3029e-05 	6.3029e-05 	0
61.375 	6.29614e-05 	6.29614e-05 	0
61.4375 	0.000114109 	7.47729e-05 	1
61.5 	0.000104845 	6.0496e-05 	1
61.625 	0.000101379 	6.08918e-05 	1
61.6875 	0.000103803 	6.58303e-05 	1
61.75 	0.000129904 	4.27054e-05 	1
61.8125 	0.000112952 	5.02954e-05 	1
61.875 	0.000113932 	5.51203e-05 	1
61.9375 	8.31164e-05 	8.31164e-05 	0
62.0 	0.000126346 	6.8703e-05 	1
62.125 	0.000120422 	5.49365e-05 	1
62.1875 	0.000105664 	5.5965e-05 	1
62.25 	0.000132327 	6.89726e-05 	2
62.3125 	0.000131111 	6.03738e-05 	1
62.375 	0.000114795 	6.16007e-05 	1
62.5 	8.12881e-05 	8.12881e-05 	0
62.5625 	8.807e-05 	8.807e-05 	0
62.6875 	8.34282e-05 	8.34282e-05 	0
62.75 	9.61242e-05 	9.61242e-05 	0
62.875 	9.68133e-05 	9.68133e-05 	0
62.9375 	0.000112885 	7.1901e-05 	1
63.0 	0.000153361 	8.77394e-05 	1
63.125 	9.61091e-05 	9.61091e-05 	0
63.25 	6.43144e-05 	6.43144e-05 	0
63.375 	8.9872e-05 	8.9872e-05 	0
63.4375 	9.99942e-05 	9.99942e-05 	0
63.5625 	8.48829e-05 	8.48829e-05 	0
63.625 	0.000110513 	5.45043e-05 	1
63.8125 	9.08226e-05 	9.08226e-05 	0
63.9375 	6.40955e-05 	6.40955e-05 	0
64.0 	0.00011629 	5.18808e-05 	1
64.0625 	6.66153e-05 	6.66153e-05 	0
64.25 	8.50213e-05 	8.50213e-05 	0
64.3125 	8.80836e-05 	8.80836e-05 	0
64.4375 	6.69182e-05 	6.69182e-05 	0
64.5625 	7.32969e-05 	7.32969e-05 	0
64.6875 	0.00010196 	5.96679e-05 	1
64.75 	0.000108346 	6.75685e-05 	1
64.8125 	7.96515e-05 	7.96515e-05 	0
64.875 	7.65407e-05 	7.65407e-05 	0
64.9375 	0.000109397 	3.30628e-05 	1
65.0 	0.000119203 	6.19968e-05 	1
65.0625 	0.000123193 	6.35873e-05 	1
65.125 	0.000117393 	5.94552e-05 	1
65.25 	8.30395e-05 	8.30395e-05 	0
65.5 	5.62257e-05 	5.62257e-05 	0
65.625 	0.000117856 	5.96011e-05 	1
65.6875 	0.000129901 	5.15553e-05 	1
65.75 	7.97339e-05 	7.97339e-05 	0
65.8125 	0.000111036 	7.25847e-05 	1
65.9375 	0.000114697 	5.89809e-05 	1
66.0 	0.000104831 	4.83607e-05 	1
66.0625 	0.000104377 	4.97251e-05 	1
66.1875 	0.000101025 	7.08365e-05 	1
66.25 	8.41339e-05 	8.41339e-05 	0
66.3125 	0.000123818 	5.50769e-05 	1
66.375 	0.000107019 	4.9975e-05 	1
66.4375 	9.2752e-05 	9.2752e-05 	0
66.5 	9.50573e-05 	9.50573e-05 	0
66.5625 	0.000105373 	4.70567e-05 	1
66.625 	0.000109921 	7.91098e-05 	1
66.75 	8.87287e-05 	8.87287e-05 	0
66.8125 	7.86868e-05 	7.86868e-05 	0
66.875 	8.75584e-05 	8.75584e-05 	0
66.9375 	8.42148e-05 	8.42148e-05 	0
67.0 	0.000127649 	6.36682e-05 	1
67.125 	9.60427e-05 	9.60427e-05 	0
67.1875 	0.000112565 	5.32945e-05 	1
67.25 	6.88478e-05 	6.88478e-05 	0
67.3125 	0.000107519 	4.53391e-05 	1
67.375 	0.000101482 	3.99534e-05 	1
67.4375 	0.000109631 	5.2592e-05 	1
67.5 	0.000101101 	5.38108e-05 	1
67.5625 	0.000112339 	6.91233e-05 	1
67.8125 	0.000122383 	6.60902e-05 	1
67.875 	0.000101275 	6.78344e-05 	1
67.9375 	9.8165e-05 	9.8165e-05 	0
68.0 	0.00011837 	5.23261e-05 	1
68.0625 	4.44308e-05 	4.44308e-05 	0
68.125 	8.07317e-05 	8.07317e-05 	0
68.1875 	0.000127615 	6.86898e-05 	1
68.25 	8.18121e-05 	8.18121e-05 	0
68.3125 	0.000118702 	4.80023e-05 	1
68.375 	7.44271e-05 	7.44271e-05 	0
68.4375 	0.000104371 	7.0875e-05 	1
68.5 	0.000140688 	6.78728e-05 	1
68.5625 	0.000130586 	7.36233e-05 	1
68.625 	6.63981e-05 	6.63981e-05 	0
68.6875 	0.000108788 	5.40668e-05 	1
68.75 	0.000120017 	3.95172e-05 	1
68.8125 	0.000111352 	4.58846e-05 	1
68.875 	6.56998e-05 	6.56998e-05 	0
68.9375 	7.77502e-05 	7.77502e-05 	0
69.0625 	6.58963e-05 	6.58963e-05 	0
69.125 	5.8452e-05 	5.8452e-05 	0
69.1875 	9.78754e-05 	9.78754e-05 	0
69.25 	0.000104766 	5.78333e-05 	1
69.3125 	9.91589e-05 	9.91589e-05 	0
69.4375 	8.40537e-05 	8.40537e-05 	0
69.5 	5.86455e-05 	5.86455e-05 	0
69.5625 	8.68741e-05 	8.68741e-05 	0
69.625 	0.000138484 	5.39441e-05 	2
69.75 	0.000107782 	7.50679e-05 	1
69.8125 	9.19178e-05 	9.19178e-05 	0
69.875 	0.000124339 	6.51114e-05 	1
69.9375 	5.81952e-05 	5.81952e-05 	0
