# time 	Initial 	Final 	Iterations
0.642226 	8.4906e-05 	8.4906e-05 	0
0.766734 	7.08586e-05 	7.08586e-05 	0
0.828988 	8.49132e-05 	8.49132e-05 	0
1.38927 	8.85103e-05 	8.85103e-05 	0
1.45153 	4.54582e-05 	4.54582e-05 	0
1.51378 	3.66e-05 	3.66e-05 	0
1.7628 	9.63921e-05 	9.63921e-05 	0
1.94956 	7.48311e-05 	7.48311e-05 	0
2.19857 	8.68133e-05 	8.68133e-05 	0
2.26083 	8.14738e-05 	8.14738e-05 	0
2.32308 	6.30634e-05 	6.30634e-05 	0
2.38534 	9.78045e-05 	9.78045e-05 	0
2.63435 	9.21976e-05 	9.21976e-05 	0
2.69661 	6.78312e-05 	6.78312e-05 	0
2.88337 	8.56463e-05 	8.56463e-05 	0
2.94562 	7.7157e-05 	7.7157e-05 	0
3.07013 	6.21986e-05 	6.21986e-05 	0
3.31914 	9.93129e-05 	9.93129e-05 	0
3.3814 	9.42287e-05 	9.42287e-05 	0
3.44365 	9.52868e-05 	9.52868e-05 	0
3.69267 	9.6883e-05 	9.6883e-05 	0
3.75492 	8.32359e-05 	8.32359e-05 	0
4.06619 	8.6075e-05 	8.6075e-05 	0
4.12845 	5.94965e-05 	5.94965e-05 	0
4.25295 	7.82679e-05 	7.82679e-05 	0
4.50197 	7.57974e-05 	7.57974e-05 	0
4.62648 	4.53946e-05 	4.53946e-05 	0
4.68873 	8.55519e-05 	8.55519e-05 	0
4.93775 	6.29643e-05 	6.29643e-05 	0
5.25 	7.06838e-05 	7.06838e-05 	0
5.375 	9.06303e-05 	9.06303e-05 	0
5.5 	7.74437e-05 	7.74437e-05 	0
5.5625 	3.80547e-05 	3.80547e-05 	0
5.6875 	6.23211e-05 	6.23211e-05 	0
5.875 	3.58768e-05 	3.58768e-05 	0
6.0 	9.93735e-05 	9.93735e-05 	0
6.1875 	4.06248e-05 	4.06248e-05 	0
6.25 	8.64804e-05 	8.64804e-05 	0
6.75 	5.8227e-05 	5.8227e-05 	0
6.8125 	9.41026e-05 	9.41026e-05 	0
6.9375 	9.72292e-05 	9.72292e-05 	0
7.6875 	7.03982e-05 	7.03982e-05 	0
7.8125 	7.1851e-05 	7.1851e-05 	0
7.9375 	9.33753e-05 	9.33753e-05 	0
8.0 	7.51678e-05 	7.51678e-05 	0
8.125 	7.40289e-05 	7.40289e-05 	0
8.4375 	6.88135e-05 	6.88135e-05 	0
8.5 	5.16984e-05 	5.16984e-05 	0
8.8125 	7.29853e-05 	7.29853e-05 	0
8.9375 	9.63316e-05 	9.63316e-05 	0
9.0 	9.01981e-05 	9.01981e-05 	0
9.1875 	9.52508e-05 	9.52508e-05 	0
9.3125 	8.77533e-05 	8.77533e-05 	0
9.375 	9.66176e-05 	9.66176e-05 	0
9.4375 	5.4405e-05 	5.4405e-05 	0
9.625 	9.8245e-05 	9.8245e-05 	0
9.6875 	5.8497e-05 	5.8497e-05 	0
9.8125 	8.80618e-05 	8.80618e-05 	0
9.9375 	5.71002e-05 	5.71002e-05 	0
10.3125 	8.28455e-05 	8.28455e-05 	0
10.75 	8.4773e-05 	8.4773e-05 	0
10.8125 	9.89106e-05 	9.89106e-05 	0
10.875 	8.94178e-05 	8.94178e-05 	0
11.0 	8.47493e-05 	8.47493e-05 	0
11.0625 	7.58525e-05 	7.58525e-05 	0
11.1875 	9.05295e-05 	9.05295e-05 	0
11.6875 	5.29006e-05 	5.29006e-05 	0
11.75 	6.95601e-05 	6.95601e-05 	0
11.8125 	9.47806e-05 	9.47806e-05 	0
11.9375 	7.29796e-05 	7.29796e-05 	0
12.0 	4.96124e-05 	4.96124e-05 	0
12.1875 	8.5953e-05 	8.5953e-05 	0
12.3125 	6.36336e-05 	6.36336e-05 	0
12.375 	8.23191e-05 	8.23191e-05 	0
12.6875 	7.15586e-05 	7.15586e-05 	0
12.8125 	9.31292e-05 	9.31292e-05 	0
12.875 	0.000100081 	5.42703e-05 	1
13.0 	6.48002e-05 	6.48002e-05 	0
13.0625 	4.60761e-05 	4.60761e-05 	0
13.1875 	9.69624e-05 	9.69624e-05 	0
13.25 	8.5774e-05 	8.5774e-05 	0
13.5625 	9.50381e-05 	9.50381e-05 	0
13.625 	3.28306e-05 	3.28306e-05 	0
13.6875 	9.44124e-05 	9.44124e-05 	0
14.0625 	8.34871e-05 	8.34871e-05 	0
14.125 	7.78901e-05 	7.78901e-05 	0
14.1875 	6.02338e-05 	6.02338e-05 	0
14.3125 	9.4644e-05 	9.4644e-05 	0
14.4375 	8.83398e-05 	8.83398e-05 	0
14.5 	9.41317e-05 	9.41317e-05 	0
14.625 	9.58163e-05 	9.58163e-05 	0
14.6875 	0.000105692 	6.79604e-05 	1
14.8125 	8.65602e-05 	8.65602e-05 	0
14.9375 	7.58015e-05 	7.58015e-05 	0
15.0 	5.17395e-05 	5.17395e-05 	0
15.1875 	7.38795e-05 	7.38795e-05 	0
15.25 	8.91885e-05 	8.91885e-05 	0
15.3125 	6.905e-05 	6.905e-05 	0
15.375 	9.98331e-05 	9.98331e-05 	0
15.4375 	8.8669e-05 	8.8669e-05 	0
15.8125 	7.12776e-05 	7.12776e-05 	0
15.9375 	7.84354e-05 	7.84354e-05 	0
16.0625 	4.00997e-05 	4.00997e-05 	0
16.1875 	8.49032e-05 	8.49032e-05 	0
16.25 	7.14506e-05 	7.14506e-05 	0
16.375 	7.70367e-05 	7.70367e-05 	0
16.625 	0.000105554 	7.09288e-05 	1
16.8125 	4.39625e-05 	4.39625e-05 	0
16.9375 	7.51371e-05 	7.51371e-05 	0
17.25 	7.51249e-05 	7.51249e-05 	0
17.375 	9.70889e-05 	9.70889e-05 	0
17.4375 	9.98357e-05 	9.98357e-05 	0
17.6875 	6.98268e-05 	6.98268e-05 	0
18.0 	8.56464e-05 	8.56464e-05 	0
18.0625 	4.38426e-05 	4.38426e-05 	0
18.1875 	7.76888e-05 	7.76888e-05 	0
18.25 	8.31946e-05 	8.31946e-05 	0
18.4375 	8.04905e-05 	8.04905e-05 	0
18.5625 	8.45069e-05 	8.45069e-05 	0
18.625 	3.6992e-05 	3.6992e-05 	0
18.8125 	8.91948e-05 	8.91948e-05 	0
18.875 	6.83767e-05 	6.83767e-05 	0
18.9375 	8.02963e-05 	8.02963e-05 	0
19.125 	7.9551e-05 	7.9551e-05 	0
19.4375 	9.43531e-05 	9.43531e-05 	0
19.5 	8.98645e-05 	8.98645e-05 	0
19.625 	7.7784e-05 	7.7784e-05 	0
19.6875 	9.16041e-05 	9.16041e-05 	0
19.75 	6.45161e-05 	6.45161e-05 	0
19.9375 	8.95187e-05 	8.95187e-05 	0
20.125 	6.62128e-05 	6.62128e-05 	0
20.1875 	7.11857e-05 	7.11857e-05 	0
20.375 	5.98125e-05 	5.98125e-05 	0
20.4375 	8.84403e-05 	8.84403e-05 	0
20.5 	8.53485e-05 	8.53485e-05 	0
20.6875 	9.21835e-05 	9.21835e-05 	0
20.75 	8.29871e-05 	8.29871e-05 	0
21.0 	7.96011e-05 	7.96011e-05 	0
21.0625 	9.66117e-05 	9.66117e-05 	0
21.1875 	8.07932e-05 	8.07932e-05 	0
21.5625 	8.62647e-05 	8.62647e-05 	0
21.8125 	7.05441e-05 	7.05441e-05 	0
21.875 	7.74698e-05 	7.74698e-05 	0
21.9375 	9.34307e-05 	9.34307e-05 	0
22.1875 	7.91703e-05 	7.91703e-05 	0
22.25 	8.7769e-05 	8.7769e-05 	0
22.3125 	9.48187e-05 	9.48187e-05 	0
23.0 	7.38469e-05 	7.38469e-05 	0
23.125 	8.79615e-05 	8.79615e-05 	0
23.1875 	8.58982e-05 	8.58982e-05 	0
23.375 	8.78344e-05 	8.78344e-05 	0
23.4375 	7.05607e-05 	7.05607e-05 	0
23.8125 	3.54861e-05 	3.54861e-05 	0
24.0 	6.14885e-05 	6.14885e-05 	0
24.0625 	8.53166e-05 	8.53166e-05 	0
24.3125 	9.52833e-05 	9.52833e-05 	0
24.375 	9.78592e-05 	9.78592e-05 	0
24.4375 	9.35539e-05 	9.35539e-05 	0
24.5625 	8.53798e-05 	8.53798e-05 	0
24.6875 	9.92386e-05 	9.92386e-05 	0
24.75 	7.18377e-05 	7.18377e-05 	0
25.0 	9.84857e-05 	9.84857e-05 	0
25.0625 	3.91709e-05 	3.91709e-05 	0
25.125 	6.25224e-05 	6.25224e-05 	0
25.25 	9.29162e-05 	9.29162e-05 	0
25.625 	8.32395e-05 	8.32395e-05 	0
25.6875 	7.53955e-05 	7.53955e-05 	0
25.75 	8.42291e-05 	8.42291e-05 	0
25.8125 	9.37811e-05 	9.37811e-05 	0
26.0 	6.17126e-05 	6.17126e-05 	0
26.125 	7.28505e-05 	7.28505e-05 	0
26.375 	8.69955e-05 	8.69955e-05 	0
26.5 	6.68881e-05 	6.68881e-05 	0
26.625 	9.21766e-05 	9.21766e-05 	0
26.6875 	3.32501e-05 	3.32501e-05 	0
26.875 	5.36366e-05 	5.36366e-05 	0
26.9375 	9.4708e-05 	9.4708e-05 	0
27.0 	8.82408e-05 	8.82408e-05 	0
27.3125 	8.91043e-05 	8.91043e-05 	0
27.625 	9.40257e-05 	9.40257e-05 	0
27.75 	4.48006e-05 	4.48006e-05 	0
28.0 	5.77725e-05 	5.77725e-05 	0
28.125 	3.12379e-05 	3.12379e-05 	0
28.3125 	8.18658e-05 	8.18658e-05 	0
28.5 	7.50154e-05 	7.50154e-05 	0
28.6875 	4.46689e-05 	4.46689e-05 	0
28.8125 	4.20976e-05 	4.20976e-05 	0
28.875 	6.69097e-05 	6.69097e-05 	0
29.0 	6.13941e-05 	6.13941e-05 	0
29.0625 	8.16517e-05 	8.16517e-05 	0
29.125 	9.26735e-05 	9.26735e-05 	0
29.25 	7.15366e-05 	7.15366e-05 	0
29.375 	9.77027e-05 	9.77027e-05 	0
29.625 	8.94064e-05 	8.94064e-05 	0
29.6875 	7.13893e-05 	7.13893e-05 	0
29.75 	8.85392e-05 	8.85392e-05 	0
29.9375 	8.67615e-05 	8.67615e-05 	0
30.25 	8.58403e-05 	8.58403e-05 	0
30.3125 	3.66162e-05 	3.66162e-05 	0
30.375 	9.08711e-05 	9.08711e-05 	0
30.4375 	8.53954e-05 	8.53954e-05 	0
30.5 	9.98828e-05 	9.98828e-05 	0
30.5625 	7.95797e-05 	7.95797e-05 	0
30.9375 	8.15508e-05 	8.15508e-05 	0
31.1875 	5.13774e-05 	5.13774e-05 	0
31.25 	6.34377e-05 	6.34377e-05 	0
31.625 	7.5086e-05 	7.5086e-05 	0
31.8125 	7.39803e-05 	7.39803e-05 	0
31.875 	7.38706e-05 	7.38706e-05 	0
32.1875 	9.78652e-05 	9.78652e-05 	0
32.25 	8.05832e-05 	8.05832e-05 	0
32.4375 	4.29048e-05 	4.29048e-05 	0
32.625 	9.17535e-05 	9.17535e-05 	0
32.6875 	9.15494e-05 	9.15494e-05 	0
32.75 	9.5243e-05 	9.5243e-05 	0
32.8125 	9.98225e-05 	9.98225e-05 	0
32.875 	9.90422e-05 	9.90422e-05 	0
33.125 	9.22629e-05 	9.22629e-05 	0
33.375 	9.86294e-05 	9.86294e-05 	0
33.4375 	8.92709e-05 	8.92709e-05 	0
33.625 	5.81945e-05 	5.81945e-05 	0
33.6875 	3.77766e-05 	3.77766e-05 	0
33.875 	9.51252e-05 	9.51252e-05 	0
33.9375 	4.25603e-05 	4.25603e-05 	0
34.125 	5.23982e-05 	5.23982e-05 	0
34.1875 	9.79687e-05 	9.79687e-05 	0
34.25 	4.00397e-05 	4.00397e-05 	0
34.3125 	8.01243e-05 	8.01243e-05 	0
34.375 	4.35128e-05 	4.35128e-05 	0
34.5 	9.46289e-05 	9.46289e-05 	0
34.5625 	3.42695e-05 	3.42695e-05 	0
34.625 	8.9917e-05 	8.9917e-05 	0
34.6875 	6.76494e-05 	6.76494e-05 	0
34.875 	8.5746e-05 	8.5746e-05 	0
34.9375 	8.08324e-05 	8.08324e-05 	0
35.0625 	6.71931e-05 	6.71931e-05 	0
35.3125 	4.98641e-05 	4.98641e-05 	0
35.375 	8.00568e-05 	8.00568e-05 	0
35.625 	9.29304e-05 	9.29304e-05 	0
35.75 	9.54324e-05 	9.54324e-05 	0
35.9375 	3.20451e-05 	3.20451e-05 	0
36.125 	9.02447e-05 	9.02447e-05 	0
36.25 	7.96445e-05 	7.96445e-05 	0
36.4375 	7.13236e-05 	7.13236e-05 	0
36.5 	8.38946e-05 	8.38946e-05 	0
36.8125 	8.75622e-05 	8.75622e-05 	0
36.875 	7.93964e-05 	7.93964e-05 	0
37.1875 	3.78786e-05 	3.78786e-05 	0
37.3125 	8.92468e-05 	8.92468e-05 	0
37.4375 	7.42171e-05 	7.42171e-05 	0
37.5625 	7.70429e-05 	7.70429e-05 	0
37.9375 	8.46851e-05 	8.46851e-05 	0
38.0 	7.73273e-05 	7.73273e-05 	0
38.0625 	8.27699e-05 	8.27699e-05 	0
38.125 	9.6291e-05 	9.6291e-05 	0
38.3125 	7.90968e-05 	7.90968e-05 	0
38.4375 	9.43839e-05 	9.43839e-05 	0
38.6875 	7.91675e-05 	7.91675e-05 	0
38.875 	5.15939e-05 	5.15939e-05 	0
38.9375 	9.70355e-05 	9.70355e-05 	0
39.1875 	6.99189e-05 	6.99189e-05 	0
39.25 	9.03388e-05 	9.03388e-05 	0
39.3125 	4.22986e-05 	4.22986e-05 	0
39.5625 	9.17979e-05 	9.17979e-05 	0
39.625 	3.17252e-05 	3.17252e-05 	0
39.875 	9.52536e-05 	9.52536e-05 	0
39.9375 	9.02723e-05 	9.02723e-05 	0
40.0 	5.57533e-05 	5.57533e-05 	0
40.125 	6.61835e-05 	6.61835e-05 	0
40.25 	9.66269e-05 	9.66269e-05 	0
40.3125 	8.96321e-05 	8.96321e-05 	0
40.5 	7.75854e-05 	7.75854e-05 	0
40.5625 	9.43131e-05 	9.43131e-05 	0
40.625 	8.4441e-05 	8.4441e-05 	0
40.8125 	7.5962e-05 	7.5962e-05 	0
40.9375 	9.01828e-05 	9.01828e-05 	0
41.125 	4.1047e-05 	4.1047e-05 	0
41.1875 	7.36497e-05 	7.36497e-05 	0
41.25 	7.73729e-05 	7.73729e-05 	0
41.3125 	5.50459e-05 	5.50459e-05 	0
41.5 	8.0404e-05 	8.0404e-05 	0
41.6875 	7.8408e-05 	7.8408e-05 	0
41.8125 	7.89567e-05 	7.89567e-05 	0
41.9375 	5.85217e-05 	5.85217e-05 	0
42.0 	7.94871e-05 	7.94871e-05 	0
42.25 	9.37353e-05 	9.37353e-05 	0
42.5 	5.29096e-05 	5.29096e-05 	0
42.6875 	3.68801e-05 	3.68801e-05 	0
42.8125 	3.12505e-05 	3.12505e-05 	0
42.875 	9.46476e-05 	9.46476e-05 	0
42.9375 	9.29435e-05 	9.29435e-05 	0
43.0 	6.32863e-05 	6.32863e-05 	0
43.0625 	3.7534e-05 	3.7534e-05 	0
43.1875 	8.5753e-05 	8.5753e-05 	0
43.3125 	7.19127e-05 	7.19127e-05 	0
43.375 	8.24211e-05 	8.24211e-05 	0
43.9375 	9.19885e-05 	9.19885e-05 	0
44.0 	9.00594e-05 	9.00594e-05 	0
44.125 	5.82893e-05 	5.82893e-05 	0
44.25 	8.07692e-05 	8.07692e-05 	0
44.4375 	8.02778e-05 	8.02778e-05 	0
44.5625 	7.11166e-05 	7.11166e-05 	0
44.6875 	6.54064e-05 	6.54064e-05 	0
44.8125 	6.21125e-05 	6.21125e-05 	0
44.875 	8.34557e-05 	8.34557e-05 	0
45.0 	9.0319e-05 	9.0319e-05 	0
45.1875 	5.77292e-05 	5.77292e-05 	0
45.3125 	6.32396e-05 	6.32396e-05 	0
45.5 	8.17761e-05 	8.17761e-05 	0
45.625 	6.79752e-05 	6.79752e-05 	0
45.6875 	8.15467e-05 	8.15467e-05 	0
45.75 	7.18062e-05 	7.18062e-05 	0
46.0 	8.41073e-05 	8.41073e-05 	0
46.0625 	8.07333e-05 	8.07333e-05 	0
46.3125 	9.55799e-05 	9.55799e-05 	0
46.5625 	9.2449e-05 	9.2449e-05 	0
46.625 	6.74293e-05 	6.74293e-05 	0
46.6875 	7.86091e-05 	7.86091e-05 	0
46.75 	9.55934e-05 	9.55934e-05 	0
47.0625 	6.63937e-05 	6.63937e-05 	0
47.25 	8.84986e-05 	8.84986e-05 	0
47.375 	8.63806e-05 	8.63806e-05 	0
47.5 	8.10792e-05 	8.10792e-05 	0
47.5625 	7.63737e-05 	7.63737e-05 	0
47.8125 	9.79502e-05 	9.79502e-05 	0
48.1875 	8.12043e-05 	8.12043e-05 	0
48.25 	7.72615e-05 	7.72615e-05 	0
48.3125 	9.86357e-05 	9.86357e-05 	0
48.4375 	8.87331e-05 	8.87331e-05 	0
48.5625 	8.20929e-05 	8.20929e-05 	0
48.75 	9.91353e-05 	9.91353e-05 	0
48.8125 	8.15641e-05 	8.15641e-05 	0
49.0 	7.8294e-05 	7.8294e-05 	0
49.3125 	5.54922e-05 	5.54922e-05 	0
49.375 	7.27192e-05 	7.27192e-05 	0
49.4375 	8.26053e-05 	8.26053e-05 	0
49.5625 	5.20946e-05 	5.20946e-05 	0
49.6875 	9.69126e-05 	9.69126e-05 	0
49.75 	3.61486e-05 	3.61486e-05 	0
50.3125 	9.45161e-05 	9.45161e-05 	0
50.375 	7.51446e-05 	7.51446e-05 	0
50.4375 	9.91148e-05 	9.91148e-05 	0
50.5625 	9.27318e-05 	9.27318e-05 	0
50.625 	4.72006e-05 	4.72006e-05 	0
50.75 	8.12355e-05 	8.12355e-05 	0
50.875 	4.47884e-05 	4.47884e-05 	0
50.9375 	7.75256e-05 	7.75256e-05 	0
51.0 	6.78073e-05 	6.78073e-05 	0
51.125 	9.0439e-05 	9.0439e-05 	0
51.1875 	7.44129e-05 	7.44129e-05 	0
51.25 	9.56858e-05 	9.56858e-05 	0
51.375 	5.74785e-05 	5.74785e-05 	0
51.4375 	8.83951e-05 	8.83951e-05 	0
51.5 	8.73985e-05 	8.73985e-05 	0
51.8125 	9.58574e-05 	9.58574e-05 	0
52.0625 	6.86966e-05 	6.86966e-05 	0
52.1875 	5.03725e-05 	5.03725e-05 	0
52.3125 	9.44442e-05 	9.44442e-05 	0
52.5 	9.82416e-05 	9.82416e-05 	0
52.8125 	8.63207e-05 	8.63207e-05 	0
52.9375 	8.43842e-05 	8.43842e-05 	0
53.1875 	8.57431e-05 	8.57431e-05 	0
53.5 	7.11575e-05 	7.11575e-05 	0
53.625 	7.54908e-05 	7.54908e-05 	0
53.6875 	9.78992e-05 	9.78992e-05 	0
53.75 	9.40212e-05 	9.40212e-05 	0
53.875 	3.63871e-05 	3.63871e-05 	0
54.0 	8.81895e-05 	8.81895e-05 	0
54.0625 	6.60131e-05 	6.60131e-05 	0
54.1875 	4.6878e-05 	4.6878e-05 	0
54.25 	7.49415e-05 	7.49415e-05 	0
54.3125 	9.71676e-05 	9.71676e-05 	0
54.375 	6.64639e-05 	6.64639e-05 	0
54.4375 	7.8767e-05 	7.8767e-05 	0
54.6875 	9.3267e-05 	9.3267e-05 	0
54.8125 	7.4861e-05 	7.4861e-05 	0
54.875 	8.74762e-05 	8.74762e-05 	0
55.0 	8.01123e-05 	8.01123e-05 	0
55.3125 	3.59141e-05 	3.59141e-05 	0
55.4375 	8.26364e-05 	8.26364e-05 	0
55.5 	4.76015e-05 	4.76015e-05 	0
55.75 	4.67602e-05 	4.67602e-05 	0
55.9375 	8.96629e-05 	8.96629e-05 	0
56.0 	8.57616e-05 	8.57616e-05 	0
56.0625 	9.22707e-05 	9.22707e-05 	0
56.3125 	9.84545e-05 	9.84545e-05 	0
56.375 	7.76728e-05 	7.76728e-05 	0
56.4375 	3.59573e-05 	3.59573e-05 	0
56.5625 	3.9603e-05 	3.9603e-05 	0
56.6875 	4.2759e-05 	4.2759e-05 	0
56.75 	9.12358e-05 	9.12358e-05 	0
57.0 	9.30684e-05 	9.30684e-05 	0
57.0625 	6.21284e-05 	6.21284e-05 	0
57.1875 	7.85928e-05 	7.85928e-05 	0
57.25 	5.14517e-05 	5.14517e-05 	0
57.3125 	7.31781e-05 	7.31781e-05 	0
57.4375 	5.56991e-05 	5.56991e-05 	0
57.6875 	8.29253e-05 	8.29253e-05 	0
58.125 	6.28919e-05 	6.28919e-05 	0
58.1875 	9.66855e-05 	9.66855e-05 	0
58.25 	7.92891e-05 	7.92891e-05 	0
58.3125 	0.000100267 	7.07917e-05 	1
58.4375 	7.17541e-05 	7.17541e-05 	0
58.5625 	9.25249e-05 	9.25249e-05 	0
58.875 	3.44494e-05 	3.44494e-05 	0
59.0 	8.73183e-05 	8.73183e-05 	0
59.125 	0.000102576 	6.42482e-05 	1
59.25 	9.27752e-05 	9.27752e-05 	0
59.3125 	9.53033e-05 	9.53033e-05 	0
59.375 	6.64908e-05 	6.64908e-05 	0
59.5 	8.27207e-05 	8.27207e-05 	0
59.8125 	8.51297e-05 	8.51297e-05 	0
60.4375 	7.82991e-05 	7.82991e-05 	0
60.625 	4.56639e-05 	4.56639e-05 	0
61.0 	9.75907e-05 	9.75907e-05 	0
61.125 	9.62111e-05 	9.62111e-05 	0
61.4375 	9.69133e-05 	9.69133e-05 	0
61.625 	9.40084e-05 	9.40084e-05 	0
61.8125 	9.74216e-05 	9.74216e-05 	0
61.9375 	9.2065e-05 	9.2065e-05 	0
62.1875 	8.18346e-05 	8.18346e-05 	0
62.375 	7.14257e-05 	7.14257e-05 	0
62.5 	5.75996e-05 	5.75996e-05 	0
62.5625 	7.66414e-05 	7.66414e-05 	0
62.875 	8.53906e-05 	8.53906e-05 	0
62.9375 	7.50926e-05 	7.50926e-05 	0
63.0 	6.04306e-05 	6.04306e-05 	0
63.25 	9.92722e-05 	9.92722e-05 	0
63.5625 	9.44806e-05 	9.44806e-05 	0
63.8125 	9.92848e-05 	9.92848e-05 	0
63.9375 	8.72353e-05 	8.72353e-05 	0
64.0 	9.1323e-05 	9.1323e-05 	0
64.4375 	5.32994e-05 	5.32994e-05 	0
64.6875 	4.5101e-05 	4.5101e-05 	0
64.75 	9.10434e-05 	9.10434e-05 	0
64.8125 	5.98848e-05 	5.98848e-05 	0
64.875 	4.74254e-05 	4.74254e-05 	0
64.9375 	7.28945e-05 	7.28945e-05 	0
65.0 	6.52912e-05 	6.52912e-05 	0
65.0625 	8.6316e-05 	8.6316e-05 	0
65.125 	9.70125e-05 	9.70125e-05 	0
65.625 	5.76556e-05 	5.76556e-05 	0
65.8125 	8.50051e-05 	8.50051e-05 	0
66.0625 	7.66699e-05 	7.66699e-05 	0
66.3125 	7.59075e-05 	7.59075e-05 	0
66.5 	9.93567e-05 	9.93567e-05 	0
66.75 	6.95648e-05 	6.95648e-05 	0
66.8125 	9.83096e-05 	9.83096e-05 	0
66.9375 	7.84418e-05 	7.84418e-05 	0
67.25 	4.97127e-05 	4.97127e-05 	0
67.5 	9.86131e-05 	9.86131e-05 	0
67.8125 	8.19795e-05 	8.19795e-05 	0
67.875 	9.85618e-05 	9.85618e-05 	0
67.9375 	5.74093e-05 	5.74093e-05 	0
68.0 	7.931e-05 	7.931e-05 	0
68.125 	9.46371e-05 	9.46371e-05 	0
68.1875 	2.72718e-05 	2.72718e-05 	0
68.3125 	8.0254e-05 	8.0254e-05 	0
68.4375 	9.47252e-05 	9.47252e-05 	0
68.5625 	7.48347e-05 	7.48347e-05 	0
68.6875 	6.64857e-05 	6.64857e-05 	0
68.75 	9.95396e-05 	9.95396e-05 	0
68.8125 	9.0871e-05 	9.0871e-05 	0
68.9375 	4.7389e-05 	4.7389e-05 	0
69.125 	7.40042e-05 	7.40042e-05 	0
69.1875 	9.31948e-05 	9.31948e-05 	0
69.25 	9.32247e-05 	9.32247e-05 	0
69.3125 	5.08834e-05 	5.08834e-05 	0
69.4375 	9.57781e-05 	9.57781e-05 	0
69.5 	9.68845e-05 	9.68845e-05 	0
69.75 	9.51495e-05 	9.51495e-05 	0
69.875 	7.08456e-05 	7.08456e-05 	0
69.9375 	7.12004e-05 	7.12004e-05 	0
