# time 	Initial 	Final 	Iterations
0.333274 	9.88021e-05 	9.88021e-05 	0
0.579973 	4.14431e-05 	4.14431e-05 	0
0.642226 	7.10204e-05 	7.10204e-05 	0
0.70448 	8.26037e-05 	8.26037e-05 	0
0.766734 	9.36119e-05 	9.36119e-05 	0
0.828988 	4.02962e-05 	4.02962e-05 	0
1.01575 	7.56489e-05 	7.56489e-05 	0
1.26477 	9.6928e-05 	9.6928e-05 	0
1.38927 	7.12015e-05 	7.12015e-05 	0
1.45153 	7.65997e-05 	7.65997e-05 	0
1.51378 	9.81357e-05 	9.81357e-05 	0
1.57604 	7.60846e-05 	7.60846e-05 	0
1.7628 	6.6169e-05 	6.6169e-05 	0
1.8873 	9.46395e-05 	9.46395e-05 	0
1.94956 	9.28873e-05 	9.28873e-05 	0
2.07407 	7.57511e-05 	7.57511e-05 	0
2.19857 	7.69208e-05 	7.69208e-05 	0
2.26083 	3.69811e-05 	3.69811e-05 	0
2.32308 	6.34749e-05 	6.34749e-05 	0
2.38534 	8.94628e-05 	8.94628e-05 	0
2.44759 	5.30353e-05 	5.30353e-05 	0
2.63435 	4.85584e-05 	4.85584e-05 	0
2.69661 	3.21543e-05 	3.21543e-05 	0
2.88337 	9.63607e-05 	9.63607e-05 	0
2.94562 	7.74091e-05 	7.74091e-05 	0
3.07013 	6.36308e-05 	6.36308e-05 	0
3.13238 	3.53462e-05 	3.53462e-05 	0
3.19464 	9.06637e-05 	9.06637e-05 	0
3.25689 	4.54964e-05 	4.54964e-05 	0
3.31914 	9.91815e-05 	9.91815e-05 	0
3.3814 	9.14906e-05 	9.14906e-05 	0
3.44365 	6.07791e-05 	6.07791e-05 	0
3.50591 	6.89726e-05 	6.89726e-05 	0
3.56816 	8.75924e-05 	8.75924e-05 	0
3.69267 	8.03094e-05 	8.03094e-05 	0
3.75492 	9.82155e-05 	9.82155e-05 	0
3.81718 	9.58603e-05 	9.58603e-05 	0
3.87943 	4.54493e-05 	4.54493e-05 	0
4.00394 	8.10398e-05 	8.10398e-05 	0
4.06619 	9.12289e-05 	9.12289e-05 	0
4.12845 	6.59777e-05 	6.59777e-05 	0
4.1907 	9.13639e-05 	9.13639e-05 	0
4.25295 	6.43727e-05 	6.43727e-05 	0
4.31521 	7.27314e-05 	7.27314e-05 	0
4.37746 	7.43414e-05 	7.43414e-05 	0
4.50197 	6.10627e-05 	6.10627e-05 	0
4.56422 	6.40379e-05 	6.40379e-05 	0
4.62648 	9.3282e-05 	9.3282e-05 	0
4.68873 	9.5929e-05 	9.5929e-05 	0
4.81324 	9.72817e-05 	9.72817e-05 	0
4.87549 	9.74844e-05 	9.74844e-05 	0
4.93775 	6.42357e-05 	6.42357e-05 	0
5.0 	9.38135e-05 	9.38135e-05 	0
5.0625 	9.99933e-05 	9.99933e-05 	0
5.125 	3.64486e-05 	3.64486e-05 	0
5.25 	5.98661e-05 	5.98661e-05 	0
5.3125 	7.14723e-05 	7.14723e-05 	0
5.375 	9.57165e-05 	9.57165e-05 	0
5.5 	8.47391e-05 	8.47391e-05 	0
5.5625 	8.55883e-05 	8.55883e-05 	0
5.625 	7.48106e-05 	7.48106e-05 	0
5.6875 	7.4303e-05 	7.4303e-05 	0
5.75 	9.76159e-05 	9.76159e-05 	0
5.8125 	8.28364e-05 	8.28364e-05 	0
5.875 	7.71312e-05 	7.71312e-05 	0
5.9375 	9.59271e-05 	9.59271e-05 	0
6.0 	4.03719e-05 	4.03719e-05 	0
6.125 	9.45036e-05 	9.45036e-05 	0
6.1875 	4.63952e-05 	4.63952e-05 	0
6.25 	7.2052e-05 	7.2052e-05 	0
6.4375 	4.17499e-05 	4.17499e-05 	0
6.6875 	5.00227e-05 	5.00227e-05 	0
6.75 	9.96203e-05 	9.96203e-05 	0
6.8125 	6.85967e-05 	6.85967e-05 	0
6.9375 	6.87632e-05 	6.87632e-05 	0
7.0 	5.05829e-05 	5.05829e-05 	0
7.125 	8.59461e-05 	8.59461e-05 	0
7.1875 	7.82264e-05 	7.82264e-05 	0
7.25 	7.12218e-05 	7.12218e-05 	0
7.4375 	8.11419e-05 	8.11419e-05 	0
7.5625 	8.12043e-05 	8.12043e-05 	0
7.625 	0.000104752 	7.17638e-05 	1
7.6875 	5.84261e-05 	5.84261e-05 	0
7.8125 	5.88558e-05 	5.88558e-05 	0
7.9375 	8.30509e-05 	8.30509e-05 	0
8.0 	8.8285e-05 	8.8285e-05 	0
8.0625 	8.19334e-05 	8.19334e-05 	0
8.125 	9.14371e-05 	9.14371e-05 	0
8.25 	8.38442e-05 	8.38442e-05 	0
8.3125 	5.62515e-05 	5.62515e-05 	0
8.375 	6.29213e-05 	6.29213e-05 	0
8.4375 	9.75599e-05 	9.75599e-05 	0
8.5 	8.61437e-05 	8.61437e-05 	0
8.5625 	8.25012e-05 	8.25012e-05 	0
8.8125 	6.37722e-05 	6.37722e-05 	0
8.9375 	9.32703e-05 	9.32703e-05 	0
9.0 	3.688e-05 	3.688e-05 	0
9.0625 	9.07456e-05 	9.07456e-05 	0
9.1875 	7.66343e-05 	7.66343e-05 	0
9.25 	7.77646e-05 	7.77646e-05 	0
9.3125 	4.3641e-05 	4.3641e-05 	0
9.375 	7.76543e-05 	7.76543e-05 	0
9.4375 	8.44931e-05 	8.44931e-05 	0
9.5625 	8.10647e-05 	8.10647e-05 	0
9.625 	8.81479e-05 	8.81479e-05 	0
9.6875 	6.86236e-05 	6.86236e-05 	0
9.8125 	6.0117e-05 	6.0117e-05 	0
9.9375 	8.60387e-05 	8.60387e-05 	0
10.0 	8.82071e-05 	8.82071e-05 	0
10.0625 	9.65314e-05 	9.65314e-05 	0
10.1875 	7.53685e-05 	7.53685e-05 	0
10.3125 	7.69342e-05 	7.69342e-05 	0
10.375 	8.80833e-05 	8.80833e-05 	0
10.625 	7.92839e-05 	7.92839e-05 	0
10.6875 	8.31846e-05 	8.31846e-05 	0
10.75 	4.31812e-05 	4.31812e-05 	0
10.8125 	0.000105279 	6.73586e-05 	1
10.875 	9.25905e-05 	9.25905e-05 	0
11.0 	4.66026e-05 	4.66026e-05 	0
11.0625 	8.08585e-05 	8.08585e-05 	0
11.1875 	4.94439e-05 	4.94439e-05 	0
11.375 	6.77451e-05 	6.77451e-05 	0
11.4375 	9.50488e-05 	9.50488e-05 	0
11.5625 	8.74902e-05 	8.74902e-05 	0
11.625 	7.36985e-05 	7.36985e-05 	0
11.6875 	6.78295e-05 	6.78295e-05 	0
11.75 	9.35225e-05 	9.35225e-05 	0
11.8125 	4.15939e-05 	4.15939e-05 	0
11.875 	8.24306e-05 	8.24306e-05 	0
11.9375 	9.05957e-05 	9.05957e-05 	0
12.0 	6.65895e-05 	6.65895e-05 	0
12.0625 	9.8185e-05 	9.8185e-05 	0
12.1875 	5.958e-05 	5.958e-05 	0
12.25 	8.29126e-05 	8.29126e-05 	0
12.3125 	3.55677e-05 	3.55677e-05 	0
12.375 	4.0125e-05 	4.0125e-05 	0
12.5625 	4.96385e-05 	4.96385e-05 	0
12.625 	8.20084e-05 	8.20084e-05 	0
12.6875 	4.31957e-05 	4.31957e-05 	0
12.75 	9.24737e-05 	9.24737e-05 	0
12.8125 	7.09961e-05 	7.09961e-05 	0
12.875 	9.72853e-05 	9.72853e-05 	0
13.0 	8.92089e-05 	8.92089e-05 	0
13.0625 	4.5492e-05 	4.5492e-05 	0
13.1875 	0.000101302 	6.90061e-05 	1
13.25 	6.20332e-05 	6.20332e-05 	0
13.375 	9.67162e-05 	9.67162e-05 	0
13.4375 	8.8716e-05 	8.8716e-05 	0
13.5 	9.92757e-05 	9.92757e-05 	0
13.5625 	8.00214e-05 	8.00214e-05 	0
13.625 	9.41885e-05 	9.41885e-05 	0
13.6875 	7.78332e-05 	7.78332e-05 	0
14.0 	6.13648e-05 	6.13648e-05 	0
14.0625 	6.87152e-05 	6.87152e-05 	0
14.125 	3.03219e-05 	3.03219e-05 	0
14.1875 	8.28215e-05 	8.28215e-05 	0
14.3125 	4.48544e-05 	4.48544e-05 	0
14.375 	6.40994e-05 	6.40994e-05 	0
14.4375 	6.97053e-05 	6.97053e-05 	0
14.5 	9.74586e-05 	9.74586e-05 	0
14.625 	8.32408e-05 	8.32408e-05 	0
14.6875 	7.66852e-05 	7.66852e-05 	0
14.75 	5.36758e-05 	5.36758e-05 	0
14.8125 	7.69744e-05 	7.69744e-05 	0
14.9375 	9.96435e-05 	9.96435e-05 	0
15.0 	9.38871e-05 	9.38871e-05 	0
15.1875 	7.68566e-05 	7.68566e-05 	0
15.25 	6.45999e-05 	6.45999e-05 	0
15.3125 	7.96235e-05 	7.96235e-05 	0
15.375 	7.76374e-05 	7.76374e-05 	0
15.4375 	6.54063e-05 	6.54063e-05 	0
15.5 	8.33706e-05 	8.33706e-05 	0
15.5625 	6.16716e-05 	6.16716e-05 	0
15.75 	9.4497e-05 	9.4497e-05 	0
15.8125 	7.78695e-05 	7.78695e-05 	0
15.875 	9.33445e-05 	9.33445e-05 	0
15.9375 	9.54401e-05 	9.54401e-05 	0
16.0 	4.41454e-05 	4.41454e-05 	0
16.0625 	8.03985e-05 	8.03985e-05 	0
16.125 	9.08559e-05 	9.08559e-05 	0
16.1875 	8.61484e-05 	8.61484e-05 	0
16.25 	8.05801e-05 	8.05801e-05 	0
16.3125 	8.18098e-05 	8.18098e-05 	0
16.375 	7.32906e-05 	7.32906e-05 	0
16.4375 	7.94825e-05 	7.94825e-05 	0
16.5 	9.36458e-05 	9.36458e-05 	0
16.625 	3.87406e-05 	3.87406e-05 	0
16.6875 	9.85291e-05 	9.85291e-05 	0
16.75 	7.44821e-05 	7.44821e-05 	0
16.8125 	6.88065e-05 	6.88065e-05 	0
16.875 	3.48877e-05 	3.48877e-05 	0
16.9375 	9.82559e-05 	9.82559e-05 	0
17.25 	9.83856e-05 	9.83856e-05 	0
17.3125 	6.9681e-05 	6.9681e-05 	0
17.375 	3.86357e-05 	3.86357e-05 	0
17.4375 	6.16278e-05 	6.16278e-05 	0
17.5 	9.95324e-05 	9.95324e-05 	0
17.5625 	4.41518e-05 	4.41518e-05 	0
17.625 	6.98955e-05 	6.98955e-05 	0
17.6875 	7.62678e-05 	7.62678e-05 	0
17.75 	5.81492e-05 	5.81492e-05 	0
18.0 	0.00010754 	5.88399e-05 	1
18.0625 	9.86605e-05 	9.86605e-05 	0
18.125 	6.9164e-05 	6.9164e-05 	0
18.1875 	9.65647e-05 	9.65647e-05 	0
18.25 	7.62842e-05 	7.62842e-05 	0
18.3125 	4.18144e-05 	4.18144e-05 	0
18.375 	7.64745e-05 	7.64745e-05 	0
18.4375 	8.44765e-05 	8.44765e-05 	0
18.5 	6.42331e-05 	6.42331e-05 	0
18.5625 	4.33937e-05 	4.33937e-05 	0
18.625 	9.78463e-05 	9.78463e-05 	0
18.75 	7.55899e-05 	7.55899e-05 	0
18.8125 	4.04716e-05 	4.04716e-05 	0
18.875 	8.90842e-05 	8.90842e-05 	0
18.9375 	8.39213e-05 	8.39213e-05 	0
19.125 	9.45798e-05 	9.45798e-05 	0
19.25 	8.69596e-05 	8.69596e-05 	0
19.375 	9.23807e-05 	9.23807e-05 	0
19.4375 	6.64156e-05 	6.64156e-05 	0
19.5 	6.66022e-05 	6.66022e-05 	0
19.625 	8.70954e-05 	8.70954e-05 	0
19.6875 	8.74104e-05 	8.74104e-05 	0
19.75 	8.71899e-05 	8.71899e-05 	0
19.9375 	9.61874e-05 	9.61874e-05 	0
20.0 	7.8986e-05 	7.8986e-05 	0
20.0625 	7.19748e-05 	7.19748e-05 	0
20.125 	6.20919e-05 	6.20919e-05 	0
20.1875 	9.7429e-05 	9.7429e-05 	0
20.25 	3.64808e-05 	3.64808e-05 	0
20.3125 	7.31902e-05 	7.31902e-05 	0
20.375 	6.13946e-05 	6.13946e-05 	0
20.4375 	9.12289e-05 	9.12289e-05 	0
20.5 	6.8911e-05 	6.8911e-05 	0
20.5625 	8.71881e-05 	8.71881e-05 	0
20.625 	7.58645e-05 	7.58645e-05 	0
20.6875 	4.62923e-05 	4.62923e-05 	0
20.75 	7.55985e-05 	7.55985e-05 	0
21.0 	5.99143e-05 	5.99143e-05 	0
21.0625 	6.7149e-05 	6.7149e-05 	0
21.1875 	5.83856e-05 	5.83856e-05 	0
21.3125 	9.86475e-05 	9.86475e-05 	0
21.375 	4.73125e-05 	4.73125e-05 	0
21.4375 	9.60122e-05 	9.60122e-05 	0
21.5625 	4.1217e-05 	4.1217e-05 	0
21.625 	7.66393e-05 	7.66393e-05 	0
21.6875 	5.97294e-05 	5.97294e-05 	0
21.75 	6.35698e-05 	6.35698e-05 	0
21.8125 	7.17778e-05 	7.17778e-05 	0
21.875 	8.06947e-05 	8.06947e-05 	0
21.9375 	7.84852e-05 	7.84852e-05 	0
22.0 	9.1611e-05 	9.1611e-05 	0
22.125 	8.41528e-05 	8.41528e-05 	0
22.1875 	3.94091e-05 	3.94091e-05 	0
22.25 	5.96379e-05 	5.96379e-05 	0
22.3125 	4.80902e-05 	4.80902e-05 	0
22.375 	7.77905e-05 	7.77905e-05 	0
22.75 	5.04678e-05 	5.04678e-05 	0
22.8125 	5.27111e-05 	5.27111e-05 	0
22.9375 	9.15215e-05 	9.15215e-05 	0
23.0 	5.8273e-05 	5.8273e-05 	0
23.125 	7.36337e-05 	7.36337e-05 	0
23.1875 	7.29925e-05 	7.29925e-05 	0
23.3125 	6.20872e-05 	6.20872e-05 	0
23.375 	7.43985e-05 	7.43985e-05 	0
23.4375 	5.0207e-05 	5.0207e-05 	0
23.6875 	9.77708e-05 	9.77708e-05 	0
23.75 	9.90418e-05 	9.90418e-05 	0
23.8125 	8.99265e-05 	8.99265e-05 	0
23.875 	9.76533e-05 	9.76533e-05 	0
23.9375 	7.49145e-05 	7.49145e-05 	0
24.0 	7.20105e-05 	7.20105e-05 	0
24.0625 	7.82578e-05 	7.82578e-05 	0
24.125 	7.42134e-05 	7.42134e-05 	0
24.3125 	9.82018e-05 	9.82018e-05 	0
24.375 	8.6701e-05 	8.6701e-05 	0
24.4375 	9.41451e-05 	9.41451e-05 	0
24.5625 	9.81587e-05 	9.81587e-05 	0
24.625 	4.65017e-05 	4.65017e-05 	0
24.6875 	0.000100828 	5.9725e-05 	1
24.75 	6.33706e-05 	6.33706e-05 	0
24.8125 	5.60874e-05 	5.60874e-05 	0
25.0 	8.36543e-05 	8.36543e-05 	0
25.0625 	8.34849e-05 	8.34849e-05 	0
25.125 	9.91771e-05 	9.91771e-05 	0
25.25 	9.72313e-05 	9.72313e-05 	0
25.3125 	8.71871e-05 	8.71871e-05 	0
25.5 	4.03354e-05 	4.03354e-05 	0
25.625 	0.000101316 	7.29665e-05 	1
25.6875 	7.00307e-05 	7.00307e-05 	0
25.75 	4.12059e-05 	4.12059e-05 	0
25.8125 	8.93533e-05 	8.93533e-05 	0
25.875 	8.96539e-05 	8.96539e-05 	0
25.9375 	5.54177e-05 	5.54177e-05 	0
26.0 	8.23056e-05 	8.23056e-05 	0
26.0625 	9.95784e-05 	9.95784e-05 	0
26.125 	9.58801e-05 	9.58801e-05 	0
26.25 	4.19339e-05 	4.19339e-05 	0
26.3125 	4.46114e-05 	4.46114e-05 	0
26.375 	7.80171e-05 	7.80171e-05 	0
26.4375 	8.66095e-05 	8.66095e-05 	0
26.5 	7.03129e-05 	7.03129e-05 	0
26.5625 	8.31009e-05 	8.31009e-05 	0
26.625 	7.1841e-05 	7.1841e-05 	0
26.6875 	4.38612e-05 	4.38612e-05 	0
26.875 	8.10359e-05 	8.10359e-05 	0
26.9375 	6.97978e-05 	6.97978e-05 	0
27.0 	9.38019e-05 	9.38019e-05 	0
27.25 	7.80172e-05 	7.80172e-05 	0
27.3125 	9.52226e-05 	9.52226e-05 	0
27.375 	8.48812e-05 	8.48812e-05 	0
27.5 	9.67193e-05 	9.67193e-05 	0
27.5625 	7.06555e-05 	7.06555e-05 	0
27.625 	4.61061e-05 	4.61061e-05 	0
27.6875 	4.96946e-05 	4.96946e-05 	0
27.75 	6.44058e-05 	6.44058e-05 	0
27.8125 	9.62889e-05 	9.62889e-05 	0
27.875 	6.14909e-05 	6.14909e-05 	0
28.0 	9.96671e-05 	9.96671e-05 	0
28.0625 	8.48026e-05 	8.48026e-05 	0
28.125 	5.07016e-05 	5.07016e-05 	0
28.3125 	9.83676e-05 	9.83676e-05 	0
28.375 	5.60492e-05 	5.60492e-05 	0
28.4375 	7.84897e-05 	7.84897e-05 	0
28.5 	5.05988e-05 	5.05988e-05 	0
28.625 	7.28548e-05 	7.28548e-05 	0
28.6875 	8.22715e-05 	8.22715e-05 	0
28.8125 	7.55424e-05 	7.55424e-05 	0
28.875 	6.67923e-05 	6.67923e-05 	0
28.9375 	7.61576e-05 	7.61576e-05 	0
29.0 	8.84157e-05 	8.84157e-05 	0
29.0625 	7.40474e-05 	7.40474e-05 	0
29.125 	8.12264e-05 	8.12264e-05 	0
29.1875 	8.01669e-05 	8.01669e-05 	0
29.25 	3.67329e-05 	3.67329e-05 	0
29.375 	9.16056e-05 	9.16056e-05 	0
29.4375 	7.05049e-05 	7.05049e-05 	0
29.5 	3.53357e-05 	3.53357e-05 	0
29.5625 	5.77106e-05 	5.77106e-05 	0
29.625 	6.77829e-05 	6.77829e-05 	0
29.6875 	9.59592e-05 	9.59592e-05 	0
29.75 	7.51948e-05 	7.51948e-05 	0
29.875 	8.99477e-05 	8.99477e-05 	0
29.9375 	9.68549e-05 	9.68549e-05 	0
30.0 	4.71992e-05 	4.71992e-05 	0
30.125 	9.26341e-05 	9.26341e-05 	0
30.1875 	9.17806e-05 	9.17806e-05 	0
30.25 	8.36601e-05 	8.36601e-05 	0
30.3125 	6.99835e-05 	6.99835e-05 	0
30.375 	0.000109075 	5.96689e-05 	1
30.4375 	9.68746e-05 	9.68746e-05 	0
30.5 	8.85997e-05 	8.85997e-05 	0
30.5625 	4.39813e-05 	4.39813e-05 	0
30.6875 	5.11219e-05 	5.11219e-05 	0
30.8125 	9.18297e-05 	9.18297e-05 	0
30.9375 	4.22302e-05 	4.22302e-05 	0
31.125 	5.08108e-05 	5.08108e-05 	0
31.1875 	6.21133e-05 	6.21133e-05 	0
31.25 	9.21837e-05 	9.21837e-05 	0
31.375 	9.34728e-05 	9.34728e-05 	0
31.5 	5.84021e-05 	5.84021e-05 	0
31.625 	9.41782e-05 	9.41782e-05 	0
31.6875 	5.02042e-05 	5.02042e-05 	0
31.75 	9.93071e-05 	9.93071e-05 	0
31.8125 	0.00010481 	6.91442e-05 	1
31.875 	9.89747e-05 	9.89747e-05 	0
32.0 	7.91905e-05 	7.91905e-05 	0
32.125 	9.75512e-05 	9.75512e-05 	0
32.1875 	5.80568e-05 	5.80568e-05 	0
32.25 	7.99398e-05 	7.99398e-05 	0
32.3125 	9.68925e-05 	9.68925e-05 	0
32.4375 	9.85245e-05 	9.85245e-05 	0
32.5 	8.51382e-05 	8.51382e-05 	0
32.625 	4.37881e-05 	4.37881e-05 	0
32.6875 	6.64864e-05 	6.64864e-05 	0
32.75 	3.37821e-05 	3.37821e-05 	0
32.8125 	3.62958e-05 	3.62958e-05 	0
32.875 	3.68895e-05 	3.68895e-05 	0
33.0 	8.88359e-05 	8.88359e-05 	0
33.0625 	4.6007e-05 	4.6007e-05 	0
33.125 	7.33605e-05 	7.33605e-05 	0
33.1875 	9.84356e-05 	9.84356e-05 	0
33.25 	0.00010103 	6.50592e-05 	1
33.3125 	7.45922e-05 	7.45922e-05 	0
33.375 	9.76586e-05 	9.76586e-05 	0
33.4375 	6.04206e-05 	6.04206e-05 	0
33.625 	7.01667e-05 	7.01667e-05 	0
33.6875 	6.33941e-05 	6.33941e-05 	0
33.75 	8.5579e-05 	8.5579e-05 	0
33.875 	5.84983e-05 	5.84983e-05 	0
33.9375 	9.32682e-05 	9.32682e-05 	0
34.0625 	6.80403e-05 	6.80403e-05 	0
34.125 	8.91845e-05 	8.91845e-05 	0
34.1875 	7.4455e-05 	7.4455e-05 	0
34.25 	7.73089e-05 	7.73089e-05 	0
34.3125 	9.78229e-05 	9.78229e-05 	0
34.375 	8.21861e-05 	8.21861e-05 	0
34.4375 	6.37482e-05 	6.37482e-05 	0
34.5 	7.10536e-05 	7.10536e-05 	0
34.5625 	8.67472e-05 	8.67472e-05 	0
34.625 	0.000106781 	9.42407e-05 	1
34.6875 	7.66226e-05 	7.66226e-05 	0
34.875 	9.87497e-05 	9.87497e-05 	0
34.9375 	9.62645e-05 	9.62645e-05 	0
35.0625 	8.87343e-05 	8.87343e-05 	0
35.125 	2.67396e-05 	2.67396e-05 	0
35.25 	4.60953e-05 	4.60953e-05 	0
35.3125 	5.93804e-05 	5.93804e-05 	0
35.375 	8.28591e-05 	8.28591e-05 	0
35.5625 	8.84819e-05 	8.84819e-05 	0
35.625 	9.80375e-05 	9.80375e-05 	0
35.6875 	5.42268e-05 	5.42268e-05 	0
35.75 	9.0009e-05 	9.0009e-05 	0
35.8125 	9.4954e-05 	9.4954e-05 	0
35.875 	4.58096e-05 	4.58096e-05 	0
35.9375 	9.17215e-05 	9.17215e-05 	0
36.0 	8.8754e-05 	8.8754e-05 	0
36.125 	6.79313e-05 	6.79313e-05 	0
36.25 	4.35322e-05 	4.35322e-05 	0
36.4375 	8.00988e-05 	8.00988e-05 	0
36.5 	4.41965e-05 	4.41965e-05 	0
36.5625 	5.9473e-05 	5.9473e-05 	0
36.625 	7.28942e-05 	7.28942e-05 	0
36.6875 	5.15094e-05 	5.15094e-05 	0
36.8125 	8.90063e-05 	8.90063e-05 	0
36.875 	3.6373e-05 	3.6373e-05 	0
37.0625 	9.81299e-05 	9.81299e-05 	0
37.125 	9.78372e-05 	9.78372e-05 	0
37.1875 	9.61472e-05 	9.61472e-05 	0
37.25 	3.70784e-05 	3.70784e-05 	0
37.3125 	8.2495e-05 	8.2495e-05 	0
37.375 	9.18705e-05 	9.18705e-05 	0
37.4375 	9.54929e-05 	9.54929e-05 	0
37.5 	6.86211e-05 	6.86211e-05 	0
37.5625 	7.50053e-05 	7.50053e-05 	0
37.75 	7.48092e-05 	7.48092e-05 	0
37.8125 	9.54406e-05 	9.54406e-05 	0
37.9375 	9.33503e-05 	9.33503e-05 	0
38.0 	5.82986e-05 	5.82986e-05 	0
38.0625 	9.61809e-05 	9.61809e-05 	0
38.125 	7.79277e-05 	7.79277e-05 	0
38.1875 	8.23868e-05 	8.23868e-05 	0
38.25 	7.01523e-05 	7.01523e-05 	0
38.3125 	7.66673e-05 	7.66673e-05 	0
38.375 	3.16148e-05 	3.16148e-05 	0
38.4375 	9.78471e-05 	9.78471e-05 	0
38.5625 	8.83529e-05 	8.83529e-05 	0
38.6875 	9.7614e-05 	9.7614e-05 	0
38.8125 	9.36857e-05 	9.36857e-05 	0
38.875 	8.43136e-05 	8.43136e-05 	0
38.9375 	8.57416e-05 	8.57416e-05 	0
39.0 	7.90671e-05 	7.90671e-05 	0
39.0625 	9.24771e-05 	9.24771e-05 	0
39.125 	4.85704e-05 	4.85704e-05 	0
39.1875 	8.21891e-05 	8.21891e-05 	0
39.25 	6.17815e-05 	6.17815e-05 	0
39.3125 	9.69474e-05 	9.69474e-05 	0
39.5 	6.75074e-05 	6.75074e-05 	0
39.5625 	9.50289e-05 	9.50289e-05 	0
39.625 	8.29526e-05 	8.29526e-05 	0
39.6875 	3.59331e-05 	3.59331e-05 	0
39.75 	0.00010957 	5.78762e-05 	1
39.8125 	8.0133e-05 	8.0133e-05 	0
39.875 	7.8903e-05 	7.8903e-05 	0
39.9375 	7.97099e-05 	7.97099e-05 	0
40.0 	5.52483e-05 	5.52483e-05 	0
40.125 	4.05209e-05 	4.05209e-05 	0
40.25 	6.33387e-05 	6.33387e-05 	0
40.3125 	7.77312e-05 	7.77312e-05 	0
40.4375 	9.03291e-05 	9.03291e-05 	0
40.5 	8.56918e-05 	8.56918e-05 	0
40.5625 	6.71499e-05 	6.71499e-05 	0
40.625 	4.30914e-05 	4.30914e-05 	0
40.8125 	9.34123e-05 	9.34123e-05 	0
40.9375 	9.9818e-05 	9.9818e-05 	0
41.125 	8.69526e-05 	8.69526e-05 	0
41.1875 	4.18494e-05 	4.18494e-05 	0
41.25 	9.257e-05 	9.257e-05 	0
41.3125 	5.9109e-05 	5.9109e-05 	0
41.4375 	8.22118e-05 	8.22118e-05 	0
41.5 	7.20061e-05 	7.20061e-05 	0
41.5625 	7.75123e-05 	7.75123e-05 	0
41.625 	7.91492e-05 	7.91492e-05 	0
41.6875 	5.29027e-05 	5.29027e-05 	0
41.8125 	5.91376e-05 	5.91376e-05 	0
41.875 	8.95814e-05 	8.95814e-05 	0
41.9375 	6.14154e-05 	6.14154e-05 	0
42.0 	5.72747e-05 	5.72747e-05 	0
42.125 	4.37966e-05 	4.37966e-05 	0
42.25 	9.17556e-05 	9.17556e-05 	0
42.5 	7.96795e-05 	7.96795e-05 	0
42.6875 	8.71386e-05 	8.71386e-05 	0
42.8125 	9.72261e-05 	9.72261e-05 	0
42.875 	6.09914e-05 	6.09914e-05 	0
42.9375 	9.14401e-05 	9.14401e-05 	0
43.0 	7.49394e-05 	7.49394e-05 	0
43.0625 	7.52943e-05 	7.52943e-05 	0
43.125 	8.52411e-05 	8.52411e-05 	0
43.1875 	9.09721e-05 	9.09721e-05 	0
43.3125 	4.85242e-05 	4.85242e-05 	0
43.375 	4.66625e-05 	4.66625e-05 	0
43.6875 	7.61958e-05 	7.61958e-05 	0
43.75 	7.14907e-05 	7.14907e-05 	0
43.8125 	4.4105e-05 	4.4105e-05 	0
43.9375 	7.88516e-05 	7.88516e-05 	0
44.0 	7.57098e-05 	7.57098e-05 	0
44.0625 	4.98345e-05 	4.98345e-05 	0
44.125 	5.67307e-05 	5.67307e-05 	0
44.1875 	7.72953e-05 	7.72953e-05 	0
44.25 	4.85302e-05 	4.85302e-05 	0
44.3125 	6.71589e-05 	6.71589e-05 	0
44.375 	8.10648e-05 	8.10648e-05 	0
44.4375 	8.72286e-05 	8.72286e-05 	0
44.5625 	9.05474e-05 	9.05474e-05 	0
44.625 	0.00010892 	6.23618e-05 	1
44.6875 	9.8562e-05 	9.8562e-05 	0
44.75 	9.00454e-05 	9.00454e-05 	0
44.8125 	9.44557e-05 	9.44557e-05 	0
44.875 	9.63003e-05 	9.63003e-05 	0
44.9375 	7.46458e-05 	7.46458e-05 	0
45.0 	9.64228e-05 	9.64228e-05 	0
45.0625 	0.000105625 	6.22779e-05 	1
45.1875 	6.82657e-05 	6.82657e-05 	0
45.3125 	7.59882e-05 	7.59882e-05 	0
45.5 	9.20708e-05 	9.20708e-05 	0
45.5625 	8.69421e-05 	8.69421e-05 	0
45.625 	8.10957e-05 	8.10957e-05 	0
45.6875 	8.43463e-05 	8.43463e-05 	0
45.75 	8.13417e-05 	8.13417e-05 	0
45.875 	5.7026e-05 	5.7026e-05 	0
45.9375 	8.30386e-05 	8.30386e-05 	0
46.0 	5.54058e-05 	5.54058e-05 	0
46.0625 	8.1348e-05 	8.1348e-05 	0
46.125 	4.48524e-05 	4.48524e-05 	0
46.3125 	6.6547e-05 	6.6547e-05 	0
46.375 	0.000104544 	6.05507e-05 	1
46.5625 	8.08644e-05 	8.08644e-05 	0
46.625 	9.75374e-05 	9.75374e-05 	0
46.6875 	9.42197e-05 	9.42197e-05 	0
46.75 	9.0646e-05 	9.0646e-05 	0
46.8125 	3.01586e-05 	3.01586e-05 	0
46.875 	5.03465e-05 	5.03465e-05 	0
47.0 	4.37981e-05 	4.37981e-05 	0
47.0625 	0.000104029 	7.3934e-05 	1
47.125 	9.92123e-05 	9.92123e-05 	0
47.1875 	6.43057e-05 	6.43057e-05 	0
47.25 	7.30142e-05 	7.30142e-05 	0
47.3125 	7.74669e-05 	7.74669e-05 	0
47.375 	8.07027e-05 	8.07027e-05 	0
47.5 	8.23916e-05 	8.23916e-05 	0
47.5625 	7.03344e-05 	7.03344e-05 	0
47.625 	9.48113e-05 	9.48113e-05 	0
47.6875 	7.87456e-05 	7.87456e-05 	0
47.8125 	8.01114e-05 	8.01114e-05 	0
48.0 	4.29506e-05 	4.29506e-05 	0
48.0625 	9.99254e-05 	9.99254e-05 	0
48.1875 	7.71537e-05 	7.71537e-05 	0
48.25 	6.1611e-05 	6.1611e-05 	0
48.3125 	5.51944e-05 	5.51944e-05 	0
48.4375 	7.36065e-05 	7.36065e-05 	0
48.5 	4.64259e-05 	4.64259e-05 	0
48.5625 	6.53605e-05 	6.53605e-05 	0
48.75 	7.43999e-05 	7.43999e-05 	0
48.8125 	6.37656e-05 	6.37656e-05 	0
48.9375 	4.12387e-05 	4.12387e-05 	0
49.0 	5.93963e-05 	5.93963e-05 	0
49.125 	7.76415e-05 	7.76415e-05 	0
49.1875 	9.18882e-05 	9.18882e-05 	0
49.25 	0.000104692 	7.48022e-05 	1
49.3125 	9.65429e-05 	9.65429e-05 	0
49.375 	6.71875e-05 	6.71875e-05 	0
49.4375 	6.24999e-05 	6.24999e-05 	0
49.5 	7.13508e-05 	7.13508e-05 	0
49.5625 	9.29688e-05 	9.29688e-05 	0
49.625 	3.73068e-05 	3.73068e-05 	0
49.6875 	6.28802e-05 	6.28802e-05 	0
49.75 	7.49875e-05 	7.49875e-05 	0
50.0625 	9.91255e-05 	9.91255e-05 	0
50.125 	9.6663e-05 	9.6663e-05 	0
50.25 	0.000122922 	8.8851e-05 	1
50.3125 	7.90329e-05 	7.90329e-05 	0
50.375 	0.000106828 	5.53926e-05 	1
50.4375 	8.62205e-05 	8.62205e-05 	0
50.5625 	8.05272e-05 	8.05272e-05 	0
50.625 	9.93158e-05 	9.93158e-05 	0
50.75 	9.9091e-05 	9.9091e-05 	0
50.8125 	7.83684e-05 	7.83684e-05 	0
50.875 	5.70192e-05 	5.70192e-05 	0
50.9375 	9.64063e-05 	9.64063e-05 	0
51.0 	8.26908e-05 	8.26908e-05 	0
51.0625 	4.84703e-05 	4.84703e-05 	0
51.125 	8.28262e-05 	8.28262e-05 	0
51.1875 	7.6418e-05 	7.6418e-05 	0
51.25 	6.88655e-05 	6.88655e-05 	0
51.3125 	4.98297e-05 	4.98297e-05 	0
51.375 	9.95735e-05 	9.95735e-05 	0
51.4375 	9.91374e-05 	9.91374e-05 	0
51.5 	9.65704e-05 	9.65704e-05 	0
51.5625 	7.19274e-05 	7.19274e-05 	0
51.625 	3.69786e-05 	3.69786e-05 	0
51.6875 	4.78532e-05 	4.78532e-05 	0
51.8125 	5.73638e-05 	5.73638e-05 	0
51.875 	8.11034e-05 	8.11034e-05 	0
52.0 	7.50532e-05 	7.50532e-05 	0
52.0625 	7.99277e-05 	7.99277e-05 	0
52.1875 	9.20642e-05 	9.20642e-05 	0
52.3125 	4.13322e-05 	4.13322e-05 	0
52.375 	7.00209e-05 	7.00209e-05 	0
52.4375 	4.98163e-05 	4.98163e-05 	0
52.5 	7.23661e-05 	7.23661e-05 	0
52.625 	3.15315e-05 	3.15315e-05 	0
52.6875 	6.25833e-05 	6.25833e-05 	0
52.75 	0.000102332 	5.91973e-05 	1
52.8125 	6.17315e-05 	6.17315e-05 	0
52.875 	9.22814e-05 	9.22814e-05 	0
52.9375 	9.70419e-05 	9.70419e-05 	0
53.0 	8.78611e-05 	8.78611e-05 	0
53.125 	8.56844e-05 	8.56844e-05 	0
53.1875 	0.000103394 	7.01883e-05 	1
53.25 	7.90715e-05 	7.90715e-05 	0
53.3125 	7.99979e-05 	7.99979e-05 	0
53.375 	7.85772e-05 	7.85772e-05 	0
53.5 	6.23461e-05 	6.23461e-05 	0
53.5625 	7.41656e-05 	7.41656e-05 	0
53.625 	6.63808e-05 	6.63808e-05 	0
53.6875 	6.50168e-05 	6.50168e-05 	0
53.75 	9.40384e-05 	9.40384e-05 	0
53.8125 	4.62062e-05 	4.62062e-05 	0
53.875 	8.75844e-05 	8.75844e-05 	0
54.0 	7.5027e-05 	7.5027e-05 	0
54.0625 	3.10494e-05 	3.10494e-05 	0
54.1875 	8.74929e-05 	8.74929e-05 	0
54.25 	7.88468e-05 	7.88468e-05 	0
54.3125 	7.59695e-05 	7.59695e-05 	0
54.375 	7.39305e-05 	7.39305e-05 	0
54.4375 	7.29634e-05 	7.29634e-05 	0
54.6875 	7.56104e-05 	7.56104e-05 	0
54.8125 	6.29742e-05 	6.29742e-05 	0
54.875 	7.71538e-05 	7.71538e-05 	0
54.9375 	9.94102e-05 	9.94102e-05 	0
55.0 	8.12954e-05 	8.12954e-05 	0
55.0625 	7.01637e-05 	7.01637e-05 	0
55.125 	3.76307e-05 	3.76307e-05 	0
55.1875 	3.27527e-05 	3.27527e-05 	0
55.3125 	8.90704e-05 	8.90704e-05 	0
55.4375 	5.81018e-05 	5.81018e-05 	0
55.5 	4.54522e-05 	4.54522e-05 	0
55.625 	9.83408e-05 	9.83408e-05 	0
55.6875 	9.99221e-05 	9.99221e-05 	0
55.75 	5.20556e-05 	5.20556e-05 	0
55.8125 	7.35705e-05 	7.35705e-05 	0
55.875 	9.98833e-05 	9.98833e-05 	0
55.9375 	3.71899e-05 	3.71899e-05 	0
56.0 	9.2642e-05 	9.2642e-05 	0
56.0625 	9.69818e-05 	9.69818e-05 	0
56.3125 	9.89501e-05 	9.89501e-05 	0
56.375 	9.99053e-05 	9.99053e-05 	0
56.4375 	8.19199e-05 	8.19199e-05 	0
56.5625 	8.01392e-05 	8.01392e-05 	0
56.6875 	6.31574e-05 	6.31574e-05 	0
56.75 	9.43474e-05 	9.43474e-05 	0
56.8125 	7.60236e-05 	7.60236e-05 	0
56.9375 	9.56456e-05 	9.56456e-05 	0
57.0 	9.82506e-05 	9.82506e-05 	0
57.0625 	8.01773e-05 	8.01773e-05 	0
57.1875 	7.3437e-05 	7.3437e-05 	0
57.25 	8.70224e-05 	8.70224e-05 	0
57.3125 	3.71751e-05 	3.71751e-05 	0
57.375 	9.98561e-05 	9.98561e-05 	0
57.4375 	7.95047e-05 	7.95047e-05 	0
57.5 	9.39416e-05 	9.39416e-05 	0
57.5625 	7.49852e-05 	7.49852e-05 	0
57.625 	8.63027e-05 	8.63027e-05 	0
57.6875 	9.86386e-05 	9.86386e-05 	0
57.75 	9.73379e-05 	9.73379e-05 	0
57.8125 	6.08729e-05 	6.08729e-05 	0
58.0 	4.16211e-05 	4.16211e-05 	0
58.0625 	7.6411e-05 	7.6411e-05 	0
58.125 	6.42325e-05 	6.42325e-05 	0
58.1875 	8.72522e-05 	8.72522e-05 	0
58.25 	3.93626e-05 	3.93626e-05 	0
58.3125 	0.000101943 	6.55685e-05 	1
58.4375 	5.84406e-05 	5.84406e-05 	0
58.5625 	6.04112e-05 	6.04112e-05 	0
58.625 	9.60652e-05 	9.60652e-05 	0
58.6875 	3.90701e-05 	3.90701e-05 	0
58.8125 	5.52137e-05 	5.52137e-05 	0
58.875 	8.38069e-05 	8.38069e-05 	0
58.9375 	9.20314e-05 	9.20314e-05 	0
59.0 	9.28734e-05 	9.28734e-05 	0
59.125 	9.97116e-05 	9.97116e-05 	0
59.25 	6.69997e-05 	6.69997e-05 	0
59.3125 	3.59837e-05 	3.59837e-05 	0
59.375 	8.87598e-05 	8.87598e-05 	0
59.4375 	7.22008e-05 	7.22008e-05 	0
59.5 	9.11247e-05 	9.11247e-05 	0
59.5625 	5.15906e-05 	5.15906e-05 	0
59.6875 	8.16515e-05 	8.16515e-05 	0
59.8125 	7.97017e-05 	7.97017e-05 	0
59.875 	3.06802e-05 	3.06802e-05 	0
59.9375 	6.74178e-05 	6.74178e-05 	0
60.0625 	7.69199e-05 	7.69199e-05 	0
60.125 	8.15229e-05 	8.15229e-05 	0
60.375 	9.00921e-05 	9.00921e-05 	0
60.4375 	6.35723e-05 	6.35723e-05 	0
60.5625 	5.28674e-05 	5.28674e-05 	0
60.625 	9.49402e-05 	9.49402e-05 	0
60.75 	3.97985e-05 	3.97985e-05 	0
60.8125 	7.29883e-05 	7.29883e-05 	0
60.875 	9.99703e-05 	9.99703e-05 	0
61.0 	8.228e-05 	8.228e-05 	0
61.125 	6.84517e-05 	6.84517e-05 	0
61.1875 	4.0686e-05 	4.0686e-05 	0
61.25 	3.55103e-05 	3.55103e-05 	0
61.3125 	6.44025e-05 	6.44025e-05 	0
61.375 	8.35037e-05 	8.35037e-05 	0
61.4375 	7.18457e-05 	7.18457e-05 	0
61.5 	9.08067e-05 	9.08067e-05 	0
61.625 	5.3777e-05 	5.3777e-05 	0
61.6875 	8.35005e-05 	8.35005e-05 	0
61.8125 	9.68009e-05 	9.68009e-05 	0
61.875 	6.35329e-05 	6.35329e-05 	0
61.9375 	6.89427e-05 	6.89427e-05 	0
62.0 	7.94035e-05 	7.94035e-05 	0
62.125 	5.3243e-05 	5.3243e-05 	0
62.1875 	4.64281e-05 	4.64281e-05 	0
62.25 	6.30514e-05 	6.30514e-05 	0
62.375 	7.89295e-05 	7.89295e-05 	0
62.5 	8.21661e-05 	8.21661e-05 	0
62.5625 	6.7723e-05 	6.7723e-05 	0
62.6875 	6.79988e-05 	6.79988e-05 	0
62.75 	7.75819e-05 	7.75819e-05 	0
62.875 	9.55313e-05 	9.55313e-05 	0
62.9375 	5.07347e-05 	5.07347e-05 	0
63.0 	8.82757e-05 	8.82757e-05 	0
63.125 	8.03573e-05 	8.03573e-05 	0
63.25 	3.45862e-05 	3.45862e-05 	0
63.4375 	4.43349e-05 	4.43349e-05 	0
63.5625 	3.97164e-05 	3.97164e-05 	0
63.625 	4.86581e-05 	4.86581e-05 	0
63.8125 	9.77853e-05 	9.77853e-05 	0
63.9375 	4.99119e-05 	4.99119e-05 	0
64.0 	9.82745e-05 	9.82745e-05 	0
64.0625 	7.67509e-05 	7.67509e-05 	0
64.25 	6.59756e-05 	6.59756e-05 	0
64.4375 	6.27056e-05 	6.27056e-05 	0
64.5625 	7.21625e-05 	7.21625e-05 	0
64.6875 	6.39982e-05 	6.39982e-05 	0
64.75 	7.42828e-05 	7.42828e-05 	0
64.8125 	8.58121e-05 	8.58121e-05 	0
64.875 	9.19408e-05 	9.19408e-05 	0
64.9375 	8.77981e-05 	8.77981e-05 	0
65.0 	8.9756e-05 	8.9756e-05 	0
65.0625 	5.2005e-05 	5.2005e-05 	0
65.125 	9.23766e-05 	9.23766e-05 	0
65.25 	6.92878e-05 	6.92878e-05 	0
65.5 	8.72152e-05 	8.72152e-05 	0
65.625 	8.34948e-05 	8.34948e-05 	0
65.75 	7.73142e-05 	7.73142e-05 	0
65.8125 	9.05897e-05 	9.05897e-05 	0
65.9375 	8.07899e-05 	8.07899e-05 	0
66.0 	8.45116e-05 	8.45116e-05 	0
66.0625 	3.67493e-05 	3.67493e-05 	0
66.1875 	9.14073e-05 	9.14073e-05 	0
66.25 	5.07736e-05 	5.07736e-05 	0
66.3125 	5.71069e-05 	5.71069e-05 	0
66.375 	7.35131e-05 	7.35131e-05 	0
66.4375 	8.87214e-05 	8.87214e-05 	0
66.5 	7.9588e-05 	7.9588e-05 	0
66.75 	8.94899e-05 	8.94899e-05 	0
66.8125 	7.45082e-05 	7.45082e-05 	0
66.875 	6.10616e-05 	6.10616e-05 	0
66.9375 	7.48654e-05 	7.48654e-05 	0
67.0 	8.51478e-05 	8.51478e-05 	0
67.125 	8.0906e-05 	8.0906e-05 	0
67.1875 	8.23354e-05 	8.23354e-05 	0
67.25 	0.000103569 	7.03392e-05 	1
67.375 	4.62403e-05 	4.62403e-05 	0
67.4375 	6.78858e-05 	6.78858e-05 	0
67.5 	7.09005e-05 	7.09005e-05 	0
67.8125 	9.15188e-05 	9.15188e-05 	0
67.875 	9.129e-05 	9.129e-05 	0
67.9375 	6.35724e-05 	6.35724e-05 	0
68.0 	6.10646e-05 	6.10646e-05 	0
68.0625 	7.91137e-05 	7.91137e-05 	0
68.125 	4.44792e-05 	4.44792e-05 	0
68.1875 	8.06608e-05 	8.06608e-05 	0
68.25 	4.41991e-05 	4.41991e-05 	0
68.3125 	9.91765e-05 	9.91765e-05 	0
68.375 	8.00728e-05 	8.00728e-05 	0
68.4375 	9.31352e-05 	9.31352e-05 	0
68.5625 	5.18734e-05 	5.18734e-05 	0
68.625 	8.05321e-05 	8.05321e-05 	0
68.6875 	9.95781e-05 	9.95781e-05 	0
68.75 	6.37936e-05 	6.37936e-05 	0
68.8125 	8.34327e-05 	8.34327e-05 	0
68.9375 	8.91956e-05 	8.91956e-05 	0
69.0625 	5.85195e-05 	5.85195e-05 	0
69.125 	7.96543e-05 	7.96543e-05 	0
69.1875 	4.34204e-05 	4.34204e-05 	0
69.25 	4.8355e-05 	4.8355e-05 	0
69.3125 	4.78514e-05 	4.78514e-05 	0
69.4375 	8.96376e-05 	8.96376e-05 	0
69.5 	0.000101538 	7.40739e-05 	1
69.625 	6.48917e-05 	6.48917e-05 	0
69.75 	4.5767e-05 	4.5767e-05 	0
69.8125 	4.55059e-05 	4.55059e-05 	0
69.875 	6.18316e-05 	6.18316e-05 	0
69.9375 	7.79286e-05 	7.79286e-05 	0
