# time 	Initial 	Final 	Iterations
0.333274 	0.000164055 	8.35029e-05 	2
0.579973 	0.000187367 	6.49659e-05 	3
0.642226 	0.000170429 	7.28685e-05 	4
0.766734 	0.000193392 	9.38789e-05 	2
0.828988 	0.000160568 	7.03788e-05 	2
1.26477 	0.000208116 	8.44018e-05 	4
1.38927 	0.000156144 	6.39208e-05 	2
1.45153 	0.000130599 	4.70086e-05 	2
1.51378 	0.000174714 	9.25938e-05 	1
1.7628 	9.46697e-05 	9.46697e-05 	0
1.8873 	0.000190777 	9.18089e-05 	3
1.94956 	0.000158078 	6.26758e-05 	1
2.19857 	0.000187263 	4.36186e-05 	1
2.26083 	0.000216546 	5.42313e-05 	3
2.32308 	0.000169737 	7.95571e-05 	2
2.38534 	0.000157379 	5.10116e-05 	3
2.44759 	0.000167697 	8.89452e-05 	1
2.63435 	0.000115729 	4.81673e-05 	1
2.69661 	0.000234699 	9.38259e-05 	4
2.88337 	0.000102575 	7.40832e-05 	1
2.94562 	0.000138078 	7.92707e-05 	2
3.07013 	0.000150762 	8.17877e-05 	2
3.25689 	0.000193037 	7.52862e-05 	2
3.31914 	0.000187011 	6.10985e-05 	1
3.3814 	0.00019189 	8.58303e-05 	3
3.44365 	0.000152144 	7.90112e-05 	2
3.69267 	0.000113792 	7.30777e-05 	2
3.75492 	0.000158568 	8.6902e-05 	2
3.87943 	0.000132679 	6.38313e-05 	2
4.06619 	0.00014777 	6.76253e-05 	2
4.12845 	0.00014384 	7.85669e-05 	1
4.1907 	0.000179059 	8.09379e-05 	1
4.25295 	0.00013983 	8.82669e-05 	1
4.31521 	0.000169773 	7.51759e-05 	2
4.37746 	0.000147364 	5.50303e-05 	1
4.50197 	0.000123513 	7.35721e-05 	1
4.56422 	0.000127725 	5.39177e-05 	1
4.62648 	0.000135831 	7.07317e-05 	2
4.68873 	0.000183565 	9.91764e-05 	1
4.93775 	0.000185446 	9.4605e-05 	1
5.0 	0.000234917 	9.21394e-05 	4
5.0625 	0.000170567 	6.55805e-05 	1
5.125 	0.000213548 	9.96821e-05 	2
5.25 	0.00010775 	5.30487e-05 	1
5.375 	0.00010457 	2.60695e-05 	1
5.5 	0.000140859 	5.84366e-05 	2
5.5625 	0.000215246 	9.39662e-05 	1
5.625 	0.000228343 	8.553e-05 	4
5.6875 	0.00017451 	9.26937e-05 	2
5.8125 	0.000192159 	9.67969e-05 	3
5.875 	0.000110066 	5.53349e-05 	1
5.9375 	0.000193996 	7.19805e-05 	4
6.0 	0.000188867 	9.28806e-05 	2
6.1875 	0.000198686 	8.75548e-05 	1
6.25 	0.000162018 	9.37979e-05 	2
6.4375 	0.000143739 	6.57788e-05 	1
6.75 	0.000226051 	8.66651e-05 	4
6.8125 	0.000172907 	9.41483e-05 	2
6.9375 	0.000163947 	8.30689e-05 	2
7.1875 	0.00014433 	7.43334e-05 	2
7.5625 	0.000194496 	8.34539e-05 	4
7.6875 	8.93895e-05 	8.93895e-05 	0
7.8125 	0.00014977 	8.36646e-05 	1
7.9375 	0.000198734 	7.76809e-05 	2
8.0 	0.000236296 	9.17865e-05 	4
8.0625 	0.000107042 	7.5308e-05 	1
8.125 	0.000142419 	6.82094e-05 	2
8.4375 	0.000110747 	9.94409e-05 	1
8.5 	0.000201723 	7.95684e-05 	4
8.5625 	0.000149351 	4.94482e-05 	1
8.8125 	0.000244419 	7.22526e-05 	6
8.9375 	0.000187811 	9.97133e-05 	2
9.0 	0.000156299 	6.81278e-05 	1
9.1875 	0.000168813 	6.28655e-05 	2
9.25 	0.000120256 	5.91889e-05 	1
9.3125 	0.000143164 	4.7234e-05 	1
9.375 	0.000154769 	8.22526e-05 	2
9.4375 	0.000225049 	8.79078e-05 	4
9.5625 	0.000151851 	8.83027e-05 	2
9.625 	0.000164438 	9.87435e-05 	1
9.6875 	0.000167059 	7.96549e-05 	2
9.8125 	0.000128638 	9.10187e-05 	1
9.9375 	0.000199981 	8.58787e-05 	3
10.0 	0.000183629 	8.9565e-05 	3
10.1875 	0.000122817 	8.64064e-05 	1
10.3125 	0.00018017 	6.60607e-05 	3
10.625 	0.00020083 	7.53847e-05 	3
10.6875 	0.000177788 	9.01942e-05 	2
10.75 	0.000169042 	9.62149e-05 	2
10.8125 	0.000156822 	8.54522e-05 	2
10.875 	0.000160197 	9.72399e-05 	2
11.0 	0.000115427 	7.45962e-05 	1
11.0625 	0.000132499 	9.31515e-05 	1
11.1875 	0.000133845 	6.58438e-05 	1
11.6875 	0.0001155 	6.2341e-05 	1
11.75 	0.000133208 	7.70284e-05 	1
11.8125 	0.000168038 	8.89561e-05 	2
11.9375 	0.000167659 	8.85981e-05 	2
12.0 	0.00012396 	9.62883e-05 	1
12.0625 	0.000157816 	9.94784e-05 	1
12.1875 	0.000206042 	7.70431e-05 	4
12.3125 	0.000202475 	6.69412e-05 	1
12.375 	0.000189826 	7.45519e-05 	1
12.625 	0.00013102 	7.43168e-05 	1
12.6875 	0.00014487 	7.90653e-05 	2
12.8125 	0.000173549 	8.82454e-05 	2
12.875 	0.000210888 	8.71063e-05 	2
13.0 	0.000147738 	7.88775e-05 	1
13.0625 	0.000125064 	7.2686e-05 	2
13.1875 	0.000150638 	7.06522e-05 	2
13.25 	0.000179117 	7.98235e-05 	1
13.375 	0.000155502 	7.86423e-05 	2
13.5625 	0.000160675 	7.72128e-05 	2
13.625 	0.00015143 	8.17355e-05 	1
13.6875 	0.000112243 	5.21772e-05 	1
14.0625 	0.000157463 	9.93517e-05 	1
14.125 	0.000150404 	5.50904e-05 	3
14.1875 	0.000150702 	8.14131e-05 	2
14.3125 	0.00016325 	6.12411e-05 	2
14.375 	0.000152909 	8.87874e-05 	1
14.4375 	0.000166712 	8.19045e-05 	1
14.5 	0.000117899 	5.3316e-05 	1
14.625 	0.000106033 	4.91834e-05 	1
14.6875 	0.000150763 	8.10179e-05 	2
14.75 	0.000191198 	7.4987e-05 	3
14.8125 	0.000229799 	8.48146e-05 	3
14.9375 	0.000135077 	9.02547e-05 	2
15.0 	0.000133908 	5.83623e-05 	2
15.1875 	0.000186356 	9.54995e-05 	1
15.25 	0.000177734 	8.10619e-05 	2
15.3125 	0.000211666 	7.52643e-05 	5
15.375 	0.000139063 	9.99449e-05 	1
15.4375 	0.000162202 	7.75053e-05 	2
15.5 	0.000134511 	6.62608e-05 	1
15.8125 	0.000209752 	8.21301e-05 	4
15.9375 	0.000162944 	9.39994e-05 	1
16.0 	9.41817e-05 	9.41817e-05 	0
16.0625 	0.000216948 	8.99498e-05 	2
16.125 	0.000247967 	9.84052e-05 	3
16.1875 	0.000173852 	5.21292e-05 	2
16.25 	0.000206864 	7.60882e-05 	4
16.3125 	0.000170751 	4.00785e-05 	1
16.375 	0.000137451 	7.8006e-05 	2
16.5 	0.000201031 	7.77209e-05 	4
16.625 	0.0001669 	6.80328e-05 	2
16.8125 	0.000146425 	7.10703e-05 	1
16.9375 	0.000143411 	8.07216e-05 	2
17.25 	0.000143355 	9.21246e-05 	1
17.3125 	0.000105089 	6.08848e-05 	1
17.375 	0.00020875 	9.18003e-05 	3
17.4375 	0.000123451 	8.26512e-05 	1
17.5625 	0.000149841 	8.04269e-05 	2
17.6875 	0.000135164 	7.09645e-05 	1
18.0 	0.000237405 	9.22553e-05 	3
18.0625 	0.000153869 	7.62148e-05 	1
18.1875 	0.000141176 	8.43567e-05 	2
18.25 	0.000160464 	6.91296e-05 	1
18.375 	0.000143565 	7.5234e-05 	2
18.4375 	0.000121964 	7.65835e-05 	1
18.5625 	0.000133559 	5.04289e-05 	2
18.625 	0.000145313 	8.07334e-05 	1
18.8125 	0.000157621 	7.18545e-05 	2
18.875 	0.000164667 	7.23912e-05 	1
18.9375 	0.000100074 	3.35768e-05 	1
19.125 	0.000113379 	6.42607e-05 	1
19.4375 	0.000171367 	8.05409e-05 	2
19.5 	0.000137012 	9.59774e-05 	1
19.625 	9.97798e-05 	9.97798e-05 	0
19.6875 	0.000188138 	7.81762e-05 	3
19.75 	0.000165298 	7.6341e-05 	1
19.9375 	0.000212095 	8.30016e-05 	4
20.125 	0.000181888 	9.87747e-05 	1
20.1875 	9.8653e-05 	9.8653e-05 	0
20.375 	0.000159336 	9.84071e-05 	1
20.4375 	0.000107038 	5.46598e-05 	1
20.5 	0.000150875 	5.07294e-05 	2
20.625 	0.000126527 	9.41126e-05 	1
20.6875 	0.000103585 	5.947e-05 	1
20.75 	0.000105985 	8.22198e-05 	2
21.0 	8.96742e-05 	8.96742e-05 	0
21.0625 	0.000130105 	7.80755e-05 	1
21.1875 	0.00013123 	7.8244e-05 	1
21.3125 	0.000176553 	6.73497e-05 	2
21.5625 	0.000131272 	5.7226e-05 	1
21.75 	0.00013144 	7.16857e-05 	2
21.8125 	0.000164109 	4.93603e-05 	1
21.875 	0.000209619 	7.83144e-05 	4
21.9375 	0.000169808 	7.75837e-05 	2
22.1875 	0.000164663 	6.06758e-05 	3
22.25 	0.000217599 	6.88576e-05 	3
22.3125 	0.000193719 	7.8294e-05 	4
22.9375 	0.000156934 	5.83605e-05 	1
23.0 	0.000204789 	7.16862e-05 	3
23.125 	0.000137177 	6.84017e-05 	2
23.1875 	0.000117209 	8.91394e-05 	1
23.3125 	0.000194098 	7.93003e-05 	2
23.375 	0.000219643 	8.65741e-05 	4
23.4375 	0.000188338 	7.62059e-05 	1
23.6875 	0.000166613 	9.76578e-05 	1
23.8125 	0.000131264 	5.58003e-05 	1
24.0 	0.000121879 	5.26828e-05 	1
24.0625 	0.000134566 	6.21786e-05 	2
24.3125 	0.00016715 	7.4508e-05 	2
24.375 	0.000135907 	7.67402e-05 	1
24.4375 	0.000157233 	4.44123e-05 	2
24.5625 	0.000126954 	8.33599e-05 	1
24.6875 	0.000130236 	5.20677e-05 	1
24.75 	0.000225843 	9.0726e-05 	4
24.8125 	0.000123942 	7.95829e-05 	1
25.0 	0.000143246 	8.7168e-05 	2
25.0625 	0.000164409 	6.88617e-05 	2
25.125 	0.000173209 	7.60781e-05 	2
25.25 	0.000177822 	9.44462e-05 	2
25.3125 	0.000162162 	7.23758e-05 	1
25.625 	0.00021919 	7.99222e-05 	4
25.6875 	0.000178036 	8.2251e-05 	3
25.75 	0.000140689 	6.38532e-05 	2
25.8125 	0.000191992 	6.80248e-05 	2
26.0 	0.00017535 	9.34533e-05 	2
26.125 	0.000172274 	9.41244e-05 	2
26.25 	0.000137401 	6.28579e-05 	2
26.375 	0.000171749 	9.25025e-05 	2
26.5 	0.000155857 	9.61231e-05 	2
26.5625 	0.000145488 	5.99482e-05 	1
26.625 	0.000196613 	6.32063e-05 	1
26.6875 	0.000151417 	9.6924e-05 	2
26.875 	0.00017035 	7.36015e-05 	2
26.9375 	0.000201241 	8.47039e-05 	3
27.0 	0.000170033 	9.66944e-05 	2
27.25 	0.00014871 	7.20796e-05 	2
27.3125 	0.000152856 	6.64292e-05 	1
27.625 	0.000163123 	7.496e-05 	2
27.75 	0.000115556 	7.37119e-05 	2
28.0 	0.000209374 	7.58879e-05 	4
28.0625 	0.00015805 	8.2212e-05 	2
28.125 	0.000171048 	7.91695e-05 	2
28.3125 	0.000137537 	5.46309e-05 	2
28.5 	0.00015891 	9.15839e-05 	2
28.625 	0.000116023 	3.87345e-05 	1
28.6875 	0.000134982 	7.49205e-05 	1
28.8125 	0.000172713 	7.55963e-05 	1
28.875 	0.000204602 	9.54206e-05 	2
29.0 	0.000170864 	7.29342e-05 	1
29.0625 	8.42897e-05 	8.42897e-05 	0
29.125 	0.000153617 	6.34102e-05 	1
29.1875 	0.000154179 	5.55042e-05 	2
29.25 	0.000171139 	8.92191e-05 	1
29.375 	0.000203281 	7.92855e-05 	4
29.4375 	9.4412e-05 	9.4412e-05 	0
29.625 	0.000194835 	9.83447e-05 	2
29.6875 	0.000166736 	9.53604e-05 	2
29.75 	0.000104033 	7.8016e-05 	1
29.9375 	0.000220895 	9.58995e-05 	3
30.125 	0.000133009 	7.15173e-05 	2
30.25 	0.00015751 	7.48913e-05 	2
30.3125 	0.000168638 	9.6416e-05 	1
30.375 	0.000162074 	5.71678e-05 	3
30.4375 	0.000279743 	8.54905e-05 	5
30.5 	0.000209926 	9.2293e-05 	2
30.5625 	0.000124654 	7.01648e-05 	1
30.8125 	0.000190928 	9.2657e-05 	2
30.9375 	0.000194965 	9.48171e-05 	3
31.1875 	0.000118993 	9.17075e-05 	1
31.25 	0.000113976 	8.41785e-05 	1
31.375 	0.000124729 	6.2603e-05 	2
31.625 	0.000147145 	7.94294e-05 	1
31.75 	0.000201765 	9.68452e-05 	3
31.8125 	0.000210387 	9.36096e-05 	4
31.875 	0.000111394 	4.70882e-05 	1
32.0 	0.000226687 	8.24307e-05 	4
32.125 	0.000158192 	5.09615e-05 	3
32.1875 	0.000127435 	6.71193e-05 	1
32.25 	0.00020873 	7.95174e-05 	2
32.3125 	0.000178953 	9.69301e-05 	2
32.4375 	0.000191577 	7.15142e-05 	1
32.5 	0.000146009 	6.86245e-05 	2
32.625 	0.000138994 	7.81972e-05 	1
32.6875 	0.000116897 	6.92255e-05 	2
32.75 	0.000133969 	9.62358e-05 	1
32.8125 	0.000198972 	8.58856e-05 	2
32.875 	0.000144466 	8.29789e-05 	2
33.0 	0.000145178 	6.6671e-05 	1
33.0625 	0.000157904 	7.42561e-05 	3
33.125 	0.0001366 	4.96883e-05 	3
33.1875 	0.000143522 	4.27142e-05 	1
33.3125 	0.000181686 	7.92521e-05 	3
33.375 	0.000160694 	9.86148e-05 	1
33.4375 	0.000147626 	6.74578e-05 	2
33.625 	0.000145359 	8.73275e-05 	2
33.6875 	0.000122416 	7.1495e-05 	1
33.875 	8.83128e-05 	8.83128e-05 	0
33.9375 	0.000156938 	7.26916e-05 	2
34.125 	0.00010694 	6.08838e-05 	1
34.1875 	0.000159551 	8.45284e-05 	2
34.25 	0.000169273 	7.43201e-05 	2
34.3125 	0.000164642 	9.36287e-05 	1
34.375 	0.000105949 	8.2846e-05 	2
34.5 	0.000229494 	8.56271e-05 	4
34.5625 	0.000135259 	8.17811e-05 	2
34.625 	0.000175232 	8.20132e-05 	2
34.6875 	0.000202941 	7.75552e-05 	4
34.875 	0.000199504 	8.91606e-05 	3
34.9375 	0.000141949 	4.71904e-05 	1
35.0625 	0.000134627 	7.82956e-05 	1
35.125 	0.000157515 	7.76432e-05 	1
35.25 	0.000144313 	7.53485e-05 	2
35.3125 	0.000128435 	8.73529e-05 	1
35.375 	0.000158725 	7.32669e-05 	2
35.625 	0.000131645 	9.81524e-05 	1
35.6875 	0.000227225 	6.74371e-05 	3
35.75 	0.0001463 	9.25254e-05 	2
35.8125 	0.000151942 	8.70237e-05 	2
35.875 	0.000116458 	5.29277e-05 	1
35.9375 	0.000152456 	6.77611e-05 	2
36.0 	0.000120795 	8.14719e-05 	1
36.125 	0.000158118 	5.30007e-05 	3
36.25 	0.000100929 	4.71054e-05 	1
36.4375 	0.000161209 	8.98489e-05 	1
36.5 	0.000108074 	7.42515e-05 	1
36.8125 	0.000163159 	4.54116e-05 	1
36.875 	0.000148846 	5.8141e-05 	2
37.125 	0.000166555 	7.45501e-05 	1
37.1875 	0.000113699 	7.28565e-05 	1
37.3125 	0.00016258 	9.59881e-05 	2
37.4375 	0.000179557 	7.97215e-05 	1
37.5 	0.00020057 	8.60426e-05 	3
37.5625 	0.000141246 	7.59554e-05 	2
37.75 	0.000143642 	8.11091e-05 	1
37.9375 	0.000205411 	9.06458e-05 	3
38.0 	0.000158493 	9.36906e-05 	1
38.0625 	0.000138131 	5.84292e-05 	1
38.125 	0.000153506 	7.34261e-05 	2
38.25 	0.000181191 	5.50028e-05 	1
38.3125 	0.000183041 	7.25829e-05 	1
38.4375 	0.000131254 	7.00185e-05 	1
38.5625 	0.000187288 	7.79412e-05 	2
38.6875 	0.000154036 	5.31596e-05 	2
38.8125 	0.000178371 	7.75695e-05 	2
38.875 	0.000109594 	5.51865e-05 	1
38.9375 	0.000149061 	6.8636e-05 	2
39.0 	0.000127394 	6.15247e-05 	1
39.0625 	0.000210852 	8.76653e-05 	3
39.1875 	0.000112948 	5.90302e-05 	2
39.25 	0.000124419 	7.50754e-05 	1
39.3125 	0.000159433 	9.53544e-05 	1
39.5625 	0.000133203 	5.47033e-05 	1
39.625 	0.000184911 	9.79183e-05 	1
39.6875 	0.000117924 	9.18269e-05 	1
39.75 	0.0001544 	7.87176e-05 	1
39.875 	8.48977e-05 	8.48977e-05 	0
39.9375 	0.000177644 	8.90087e-05 	3
40.0 	0.000218351 	9.20118e-05 	2
40.125 	0.000228462 	9.63018e-05 	4
40.25 	0.000140023 	9.323e-05 	1
40.3125 	0.000121508 	7.08861e-05 	1
40.4375 	0.000151216 	9.56229e-05 	2
40.5 	0.000180359 	5.39829e-05 	1
40.5625 	0.000162521 	4.99386e-05 	2
40.625 	0.000176908 	7.59229e-05 	4
40.8125 	0.00020087 	9.51594e-05 	1
40.9375 	0.000204843 	8.69975e-05 	2
41.125 	0.000198097 	6.46663e-05 	2
41.1875 	0.000140827 	5.19866e-05 	1
41.25 	0.000178372 	4.23325e-05 	3
41.3125 	0.000160164 	9.99047e-05 	2
41.4375 	0.000211171 	8.64232e-05 	3
41.5 	0.000103429 	5.07322e-05 	1
41.6875 	0.000199653 	8.4442e-05 	4
41.8125 	0.000200084 	9.31519e-05 	3
41.9375 	0.00018482 	7.32475e-05 	3
42.0 	0.000150379 	6.37135e-05 	1
42.25 	0.000238961 	9.65917e-05 	4
42.5 	0.000208958 	7.28181e-05 	3
42.6875 	0.00011763 	5.25525e-05 	1
42.8125 	0.000213763 	9.43665e-05 	3
42.875 	8.7452e-05 	8.7452e-05 	0
42.9375 	0.000174136 	9.76486e-05 	2
43.0 	0.000136564 	6.53156e-05 	1
43.0625 	0.0001525 	9.51761e-05 	2
43.1875 	0.000245972 	7.15906e-05 	5
43.3125 	0.000128447 	5.69748e-05 	2
43.375 	0.000135989 	9.00294e-05 	2
43.6875 	0.00012654 	9.64445e-05 	1
43.9375 	0.000185912 	8.12082e-05 	2
44.0 	0.000164429 	8.44849e-05 	2
44.125 	0.000222208 	9.3402e-05 	3
44.1875 	0.000141163 	6.06532e-05 	1
44.25 	0.000219383 	8.26825e-05 	4
44.3125 	0.000149573 	6.94805e-05 	1
44.4375 	0.000177836 	7.99138e-05 	1
44.5625 	0.000113923 	5.508e-05 	1
44.6875 	0.000145258 	7.06387e-05 	2
44.8125 	0.000120213 	5.75517e-05 	2
44.875 	0.000196745 	9.6027e-05 	1
44.9375 	0.000148314 	9.15088e-05 	1
45.0 	0.00014503 	9.3571e-05 	1
45.1875 	0.000130301 	5.65206e-05 	1
45.3125 	0.000236246 	8.01231e-05 	4
45.5 	0.000112866 	6.7718e-05 	1
45.625 	0.000159733 	5.38824e-05 	1
45.6875 	0.000177159 	7.80419e-05 	2
45.75 	8.53758e-05 	8.53758e-05 	0
46.0 	0.000180338 	7.53032e-05 	1
46.0625 	0.000187557 	7.02456e-05 	4
46.3125 	6.58522e-05 	6.58522e-05 	0
46.5625 	0.000103606 	5.16768e-05 	1
46.625 	0.000132526 	7.24839e-05 	1
46.6875 	0.000136457 	9.74124e-05 	1
46.75 	0.000166658 	8.82271e-05 	2
46.875 	0.000180006 	8.86849e-05 	3
47.0 	0.000202703 	8.58195e-05 	2
47.0625 	0.000241047 	8.03865e-05 	5
47.125 	0.000132032 	6.64278e-05 	1
47.1875 	9.65805e-05 	9.65805e-05 	0
47.25 	0.000139957 	7.43461e-05 	1
47.375 	0.000236933 	8.53931e-05 	4
47.5 	0.000180957 	6.11984e-05 	1
47.5625 	0.000124742 	7.55956e-05 	1
47.625 	0.000106157 	5.41543e-05 	1
47.8125 	0.000186779 	9.77387e-05 	2
48.0625 	0.000134105 	7.22755e-05 	1
48.1875 	0.000145208 	5.56373e-05 	2
48.25 	0.000136368 	7.73418e-05 	2
48.3125 	0.000166691 	6.2045e-05 	3
48.4375 	0.000149727 	8.10126e-05 	2
48.5625 	0.000152391 	5.11912e-05 	3
48.75 	0.000150796 	9.9665e-05 	2
48.8125 	0.000154773 	8.89885e-05 	2
48.9375 	0.000133172 	5.65422e-05 	2
49.0 	0.000100902 	7.44548e-05 	2
49.3125 	0.000177346 	7.88214e-05 	2
49.375 	0.000168317 	7.7114e-05 	1
49.4375 	0.000180265 	9.9769e-05 	2
49.5625 	0.000159319 	5.98389e-05 	2
49.6875 	0.000189208 	9.9605e-05 	2
49.75 	0.000214165 	8.39617e-05 	3
50.0625 	0.000163421 	9.31898e-05 	2
50.25 	0.00014964 	6.64822e-05 	2
50.3125 	0.000152292 	6.46604e-05 	1
50.375 	0.000164682 	8.33464e-05 	2
50.4375 	0.000192322 	9.64672e-05 	3
50.5625 	0.000120348 	6.41765e-05 	2
50.625 	0.00019889 	8.87913e-05 	2
50.75 	0.0001206 	5.60226e-05 	1
50.8125 	0.000200111 	8.85939e-05 	2
50.875 	9.79376e-05 	9.79376e-05 	0
50.9375 	0.000194273 	8.56216e-05 	3
51.0 	0.000123654 	6.58257e-05 	1
51.125 	0.000106791 	6.25412e-05 	1
51.1875 	0.000198993 	8.50594e-05 	3
51.25 	0.000139161 	8.14191e-05 	2
51.375 	0.000178333 	4.72754e-05 	1
51.4375 	0.000164177 	6.89582e-05 	2
51.5 	0.000213264 	7.73611e-05 	4
51.625 	0.000216253 	8.46017e-05 	4
51.8125 	0.00020796 	9.47027e-05 	2
52.0625 	0.000131549 	7.23308e-05 	2
52.1875 	0.00016325 	9.74995e-05 	2
52.3125 	0.000156993 	8.49356e-05 	1
52.5 	0.000117907 	5.10976e-05 	1
52.625 	0.00013547 	5.30947e-05 	1
52.75 	0.000101407 	5.85704e-05 	1
52.8125 	0.000104815 	5.98904e-05 	1
52.9375 	0.000137704 	6.51343e-05 	2
53.1875 	0.000165452 	6.98708e-05 	1
53.25 	0.000186713 	8.65148e-05 	2
53.3125 	0.000204625 	6.47093e-05 	3
53.5 	0.000122358 	7.44171e-05 	1
53.5625 	0.000147262 	6.86391e-05 	1
53.625 	0.00014293 	7.41873e-05 	2
53.6875 	0.000143799 	6.75207e-05 	2
53.75 	0.000174866 	7.38612e-05 	4
53.875 	0.000167368 	9.25966e-05 	2
54.0 	0.000215924 	6.87173e-05 	3
54.0625 	0.000148809 	8.11409e-05 	1
54.1875 	0.000181803 	6.12646e-05 	1
54.25 	0.000162114 	9.64994e-05 	1
54.3125 	0.000228084 	8.82399e-05 	4
54.375 	0.00014077 	5.20189e-05 	2
54.4375 	0.000205573 	9.92616e-05 	2
54.6875 	0.000163178 	8.63917e-05 	2
54.8125 	0.000159474 	6.1747e-05 	2
54.875 	0.000166037 	7.83045e-05 	2
54.9375 	0.000134643 	5.00458e-05 	2
55.0 	0.00013235 	6.66935e-05 	2
55.125 	0.000204344 	9.32149e-05 	4
55.3125 	0.000204567 	8.2569e-05 	4
55.4375 	0.000139492 	6.09941e-05 	1
55.5 	0.000179049 	7.75461e-05 	3
55.6875 	0.000145268 	5.62092e-05 	2
55.75 	0.000125946 	9.23912e-05 	1
55.875 	0.000149198 	6.70448e-05 	2
55.9375 	0.000146114 	6.42366e-05 	2
56.0 	0.000157573 	3.7278e-05 	1
56.0625 	0.000135207 	7.94313e-05 	2
56.3125 	0.000169406 	9.37674e-05 	1
56.375 	0.000189688 	6.3346e-05 	3
56.4375 	0.00017515 	9.21501e-05 	2
56.5625 	0.000141025 	6.54732e-05 	2
56.6875 	0.000138732 	8.34298e-05 	1
56.75 	0.000185841 	8.38375e-05 	2
56.8125 	9.83289e-05 	9.83289e-05 	0
57.0 	0.000101769 	6.21498e-05 	1
57.0625 	0.000146588 	8.39152e-05 	1
57.1875 	0.000184051 	9.31107e-05 	1
57.25 	0.000126032 	7.88596e-05 	2
57.3125 	0.000205761 	8.85068e-05 	3
57.4375 	0.000138697 	7.05299e-05 	1
57.6875 	0.000156535 	7.07905e-05 	4
57.8125 	0.000158391 	7.30791e-05 	2
58.0 	0.00015437 	9.97474e-05 	1
58.125 	0.000157107 	9.47479e-05 	2
58.1875 	9.38028e-05 	9.38028e-05 	0
58.25 	0.00018287 	8.37006e-05 	1
58.3125 	7.06625e-05 	7.06625e-05 	0
58.4375 	0.000162041 	6.75032e-05 	1
58.5625 	0.000227983 	8.85397e-05 	4
58.6875 	0.000138034 	4.81287e-05 	2
58.8125 	0.000187499 	7.27974e-05 	2
58.875 	0.000183227 	9.36402e-05 	1
58.9375 	0.000154828 	6.82054e-05 	1
59.0 	0.000127392 	4.98614e-05 	2
59.125 	0.000203034 	8.93896e-05 	1
59.25 	0.000158192 	8.05406e-05 	2
59.3125 	0.000155263 	7.80486e-05 	2
59.375 	0.000192174 	9.17132e-05 	1
59.5 	0.000162753 	7.78052e-05 	1
59.6875 	0.000129484 	5.67724e-05 	2
59.8125 	0.000191916 	8.98798e-05 	4
59.875 	0.000181121 	5.40852e-05 	3
59.9375 	0.000126399 	7.25421e-05 	1
60.375 	0.000139312 	6.51465e-05 	1
60.4375 	0.000158986 	8.52527e-05 	2
60.5625 	0.000181172 	9.12055e-05 	1
60.625 	8.53627e-05 	8.53627e-05 	0
60.875 	0.000187552 	8.06238e-05 	1
61.0 	0.00015643 	9.70966e-05 	2
61.125 	0.000182552 	9.54978e-05 	2
61.25 	7.40998e-05 	7.40998e-05 	0
61.4375 	0.000179469 	6.70957e-05 	2
61.5 	0.000161679 	6.23736e-05 	1
61.625 	0.00016213 	6.74285e-05 	2
61.6875 	0.000183574 	8.49975e-05 	1
61.8125 	9.18337e-05 	9.18337e-05 	0
61.9375 	0.000216042 	5.51875e-05 	3
62.1875 	0.000160527 	7.16948e-05 	2
62.25 	0.000159008 	3.95271e-05 	1
62.375 	0.000148415 	8.96651e-05 	1
62.5 	0.000165117 	6.42185e-05 	2
62.5625 	0.000184183 	7.38841e-05 	3
62.875 	8.26194e-05 	8.26194e-05 	0
62.9375 	9.50692e-05 	9.50692e-05 	0
63.0 	0.000139477 	9.80494e-05 	1
63.25 	0.00011827 	7.13347e-05 	1
63.4375 	0.000131822 	6.40977e-05 	1
63.5625 	0.000121706 	7.4974e-05 	2
63.8125 	0.000132065 	9.09928e-05 	1
63.9375 	0.000175118 	8.42818e-05 	2
64.0 	0.000223675 	9.49306e-05 	4
64.25 	0.000239973 	7.09349e-05 	3
64.4375 	0.00017136 	5.02406e-05 	2
64.5625 	0.000197803 	8.15275e-05 	1
64.6875 	8.29927e-05 	8.29927e-05 	0
64.75 	0.000226134 	7.52313e-05 	4
64.8125 	0.000140353 	6.78183e-05 	1
64.875 	0.000160957 	8.61676e-05 	2
64.9375 	0.000115955 	7.5118e-05 	1
65.0 	0.000164894 	9.05302e-05 	2
65.0625 	0.000132146 	5.24179e-05 	2
65.125 	0.000161394 	6.69236e-05 	2
65.625 	0.000120376 	8.34561e-05 	1
65.8125 	0.000134797 	5.84222e-05 	2
65.9375 	0.000214922 	8.71137e-05 	2
66.0 	0.000166941 	7.66267e-05 	2
66.0625 	0.000114051 	8.13395e-05 	1
66.3125 	0.000159705 	8.82128e-05 	2
66.5 	0.000208232 	8.13382e-05 	2
66.75 	8.47921e-05 	8.47921e-05 	0
66.8125 	0.000212913 	7.6919e-05 	4
66.875 	0.000175734 	6.45051e-05 	2
66.9375 	0.000193507 	9.94602e-05 	3
67.25 	0.000222591 	7.75345e-05 	4
67.375 	0.000111913 	3.53703e-05 	1
67.4375 	0.000116554 	6.5178e-05 	1
67.5 	0.000135215 	6.53213e-05 	2
67.8125 	0.000179498 	7.42668e-05 	3
67.875 	0.000187345 	7.73034e-05 	1
67.9375 	0.000157186 	6.96113e-05 	3
68.0 	0.000112794 	6.17322e-05 	1
68.125 	0.000118001 	5.39508e-05 	1
68.1875 	0.00012141 	6.71955e-05 	1
68.3125 	0.000180344 	8.1699e-05 	2
68.375 	0.000190646 	8.23544e-05 	4
68.4375 	0.000199175 	9.77585e-05 	1
68.5625 	0.000205958 	8.95159e-05 	2
68.6875 	0.000154033 	7.64701e-05 	2
68.75 	9.57526e-05 	9.57526e-05 	0
68.8125 	0.000188047 	4.61228e-05 	3
68.9375 	0.000179845 	9.64855e-05 	3
69.125 	0.000136994 	6.7596e-05 	1
69.1875 	0.00011287 	6.57347e-05 	1
69.25 	0.000174463 	8.22354e-05 	1
69.3125 	9.34933e-05 	9.34933e-05 	0
69.4375 	0.000115061 	7.20072e-05 	1
69.5 	0.000148577 	7.70071e-05 	2
69.75 	0.00015612 	7.15983e-05 	1
69.8125 	0.000122721 	6.27447e-05 	2
69.875 	0.000131961 	6.55519e-05 	2
69.9375 	0.000131844 	5.57873e-05 	2
