# time 	Initial 	Final 	Iterations
0.094292 	5.69592e-05 	5.69592e-05 	0
0.11316 	8.25717e-05 	8.25717e-05 	0
0.135784 	0.000162452 	5.79396e-05 	1
0.162959 	9.79318e-05 	9.79318e-05 	0
0.195641 	0.000160324 	5.28805e-05 	1
0.235021 	0.000153119 	3.64224e-05 	1
0.280839 	9.51072e-05 	9.51072e-05 	0
0.333274 	0.000146769 	8.06966e-05 	1
0.392346 	0.00037542 	7.52266e-05 	1
0.455465 	0.000202165 	7.99043e-05 	1
0.517719 	0.000112912 	4.79776e-05 	1
0.579973 	0.000397221 	6.92921e-05 	1
0.642226 	0.000173037 	5.87502e-05 	2
0.70448 	0.000286378 	8.21222e-05 	1
0.766734 	0.000239604 	9.03557e-05 	2
0.828988 	0.000223745 	7.22569e-05 	1
0.891242 	9.24223e-05 	9.24223e-05 	0
0.953496 	0.000299994 	8.82277e-05 	1
1.01575 	0.000187719 	6.82651e-05 	2
1.078 	0.00025681 	5.84575e-05 	1
1.20251 	0.000338432 	8.86506e-05 	1
1.26477 	0.000335819 	6.4303e-05 	1
1.38927 	0.000232253 	7.93607e-05 	1
1.45153 	0.000278718 	9.04563e-05 	2
1.51378 	0.000163253 	8.77016e-05 	1
1.57604 	0.000460327 	8.98429e-05 	1
1.63829 	0.000316868 	7.39638e-05 	1
1.70054 	0.000320809 	7.31721e-05 	1
1.7628 	0.000405848 	8.96298e-05 	1
1.8873 	0.000372979 	6.88102e-05 	1
1.94956 	0.00029106 	6.76105e-05 	1
2.01181 	0.000175091 	6.42282e-05 	1
2.07407 	0.000451616 	7.13338e-05 	1
2.13632 	0.000350147 	9.86575e-05 	2
2.19857 	0.000168777 	8.54412e-05 	1
2.26083 	0.000250739 	8.53987e-05 	1
2.32308 	0.000301782 	6.36711e-05 	1
2.38534 	0.000187564 	8.45837e-05 	1
2.44759 	0.000255111 	9.90038e-05 	1
2.50984 	0.000336851 	7.53752e-05 	1
2.63435 	0.000210506 	7.49583e-05 	1
2.69661 	0.000404531 	7.89909e-05 	1
2.75886 	0.000380549 	8.18587e-05 	1
2.82111 	0.000145451 	7.14171e-05 	1
2.88337 	0.000258004 	9.71832e-05 	1
2.94562 	0.000364116 	8.2447e-05 	1
3.00787 	0.000137534 	5.57566e-05 	1
3.07013 	0.000202862 	7.03535e-05 	1
3.13238 	0.00031872 	8.09461e-05 	1
3.19464 	0.000218091 	8.42886e-05 	1
3.25689 	0.000241479 	8.14588e-05 	1
3.31914 	0.0001842 	8.67626e-05 	1
3.3814 	0.000149317 	6.36643e-05 	1
3.44365 	0.000205436 	6.49723e-05 	2
3.50591 	0.000392666 	5.43677e-05 	2
3.56816 	0.000169799 	7.18976e-05 	1
3.63041 	0.000191777 	7.11051e-05 	2
3.69267 	0.000460081 	7.72273e-05 	1
3.75492 	0.000353749 	6.91117e-05 	1
3.81718 	0.000181027 	3.36752e-05 	1
3.87943 	0.000271388 	6.58876e-05 	1
4.00394 	0.000361363 	8.37145e-05 	1
4.06619 	0.000443973 	6.81062e-05 	1
4.12845 	0.000355018 	7.90805e-05 	1
4.1907 	0.000300107 	9.73021e-05 	2
4.25295 	0.000309702 	8.73519e-05 	2
4.31521 	0.000249535 	4.2501e-05 	1
4.37746 	0.000254979 	6.97474e-05 	1
4.43971 	0.000158096 	5.56277e-05 	1
4.50197 	0.000377101 	8.07545e-05 	1
4.56422 	0.00018848 	3.88488e-05 	1
4.62648 	0.000227071 	7.22167e-05 	1
4.68873 	0.000335517 	7.13452e-05 	1
4.75098 	0.000236015 	7.26721e-05 	1
4.81324 	0.000342514 	8.25942e-05 	1
4.87549 	0.00016793 	6.64601e-05 	2
4.93775 	0.000420241 	9.97367e-05 	1
5.0 	8.32643e-05 	8.32643e-05 	0
5.0625 	0.000268767 	7.88549e-05 	1
5.125 	0.000306408 	8.14505e-05 	1
5.25 	0.000134039 	6.24938e-05 	2
5.3125 	0.000420573 	7.99466e-05 	1
5.375 	0.000310037 	4.5779e-05 	1
5.4375 	0.000439486 	8.76026e-05 	1
5.5 	0.000484611 	8.93168e-05 	1
5.5625 	0.000281782 	6.68082e-05 	1
5.625 	0.000230464 	4.83289e-05 	1
5.6875 	0.000283844 	8.37591e-05 	1
5.75 	0.000148175 	9.33453e-05 	1
5.8125 	0.000151785 	6.80504e-05 	1
5.875 	0.000143703 	8.01215e-05 	1
5.9375 	0.000188153 	7.08188e-05 	1
6.0 	0.000246023 	4.4766e-05 	1
6.0625 	0.000131886 	4.6938e-05 	1
6.125 	0.000187866 	9.4716e-05 	1
6.1875 	0.000416681 	7.61491e-05 	2
6.25 	0.000195708 	8.42231e-05 	1
6.3125 	0.000125125 	6.75846e-05 	1
6.375 	0.00022161 	5.14499e-05 	1
6.4375 	0.000454783 	8.23546e-05 	1
6.625 	0.000342028 	9.5747e-05 	1
6.6875 	0.000157239 	6.60664e-05 	1
6.75 	0.000321379 	6.03163e-05 	1
6.8125 	0.000383842 	7.591e-05 	1
6.875 	0.000320908 	4.6991e-05 	1
6.9375 	0.000239108 	8.95766e-05 	1
7.0 	0.000127727 	8.02364e-05 	1
7.0625 	0.00034207 	8.25645e-05 	1
7.125 	0.000545656 	7.7174e-05 	1
7.1875 	0.000203616 	6.74368e-05 	1
7.25 	0.000225113 	7.14409e-05 	1
7.4375 	0.000432636 	8.44978e-05 	1
7.5625 	0.00031675 	8.22548e-05 	1
7.625 	0.000147606 	6.23159e-05 	1
7.6875 	0.000140319 	4.20587e-05 	1
7.75 	0.000366857 	8.5141e-05 	1
7.8125 	0.000321785 	6.76298e-05 	1
7.875 	0.000326466 	8.64308e-05 	1
7.9375 	0.000395332 	6.42991e-05 	1
8.0 	0.000239124 	8.32655e-05 	1
8.0625 	0.000301938 	5.60365e-05 	1
8.125 	0.000207026 	8.23676e-05 	1
8.1875 	0.000161631 	6.36101e-05 	2
8.25 	0.000391211 	7.02523e-05 	1
8.3125 	0.000295477 	8.38065e-05 	3
8.375 	0.000517847 	7.25221e-05 	2
8.4375 	0.000187388 	8.32082e-05 	1
8.5 	0.000389437 	6.40805e-05 	1
8.5625 	0.000264292 	6.63668e-05 	1
8.625 	0.000274204 	5.27917e-05 	1
8.8125 	0.000159452 	3.86826e-05 	1
8.875 	0.00026481 	9.03709e-05 	1
8.9375 	0.000180031 	6.89523e-05 	2
9.0 	0.000150653 	5.73793e-05 	1
9.0625 	0.000384309 	8.68805e-05 	1
9.125 	0.000362674 	8.6136e-05 	1
9.1875 	0.000185719 	5.48456e-05 	1
9.25 	0.000289563 	6.92987e-05 	1
9.3125 	0.000186701 	6.23957e-05 	1
9.375 	0.000319445 	7.3893e-05 	1
9.4375 	0.000238577 	5.42064e-05 	1
9.5 	0.000211004 	2.98545e-05 	1
9.5625 	0.000139293 	2.83644e-05 	1
9.625 	0.000293879 	6.21795e-05 	1
9.6875 	0.00015612 	6.38095e-05 	1
9.75 	0.00027035 	7.7051e-05 	1
9.8125 	0.000183367 	5.01191e-05 	1
9.875 	0.000157789 	5.09483e-05 	1
9.9375 	0.000181925 	8.54916e-05 	1
10.0 	0.000337869 	6.73581e-05 	1
10.0625 	0.000313199 	6.10894e-05 	2
10.125 	0.000392613 	6.78291e-05 	1
10.1875 	0.000257726 	8.21824e-05 	1
10.25 	0.000315684 	7.79534e-05 	1
10.3125 	0.000328995 	8.11613e-05 	1
10.375 	0.000224106 	7.12389e-05 	2
10.5 	0.000275331 	5.76232e-05 	1
10.5625 	0.000206264 	9.03193e-05 	1
10.625 	0.000163784 	6.52428e-05 	2
10.6875 	0.00030672 	9.41919e-05 	1
10.75 	0.000314241 	7.43663e-05 	1
10.8125 	0.00015028 	6.78113e-05 	1
10.875 	0.00036061 	8.24924e-05 	1
10.9375 	0.000171076 	6.30949e-05 	2
11.0 	0.000165953 	6.17084e-05 	2
11.0625 	0.000135183 	4.97765e-05 	1
11.125 	0.000149764 	3.38452e-05 	1
11.1875 	0.000281848 	4.68555e-05 	1
11.25 	0.000155617 	7.85082e-05 	1
11.3125 	0.000200647 	7.27868e-05 	1
11.375 	0.000107984 	1.85071e-05 	1
11.4375 	0.000298502 	8.34783e-05 	1
11.5 	0.000272209 	6.63935e-05 	1
11.5625 	0.000294327 	8.80477e-05 	1
11.625 	0.000225406 	5.29679e-05 	1
11.6875 	0.000186232 	6.19687e-05 	2
11.75 	0.000123745 	8.15088e-05 	1
11.8125 	0.00013653 	7.53513e-05 	1
11.875 	0.000416042 	8.73615e-05 	1
11.9375 	0.000183671 	6.35112e-05 	2
12.0 	0.000238585 	6.51327e-05 	1
12.0625 	0.000265026 	8.1094e-05 	1
12.125 	0.000277213 	7.11624e-05 	1
12.1875 	0.00015229 	5.12743e-05 	1
12.25 	0.000156995 	9.36992e-05 	1
12.3125 	0.000324996 	8.07728e-05 	1
12.375 	0.000136836 	4.41459e-05 	1
12.4375 	0.000217892 	5.11342e-05 	1
12.5625 	0.000206414 	7.25348e-05 	1
12.625 	0.000297256 	7.56494e-05 	1
12.6875 	0.000178572 	4.68262e-05 	1
12.75 	0.000385321 	7.72146e-05 	1
12.8125 	0.000131373 	7.96315e-05 	1
12.875 	0.000383918 	7.63552e-05 	1
12.9375 	0.000169502 	7.03072e-05 	1
13.0 	0.000446587 	8.76273e-05 	1
13.0625 	0.000160593 	6.05252e-05 	1
13.125 	0.000246208 	6.23491e-05 	1
13.1875 	0.000137311 	9.56225e-05 	1
13.25 	0.0002405 	9.5888e-05 	1
13.3125 	0.000140339 	4.9085e-05 	1
13.375 	0.0002388 	4.65154e-05 	1
13.4375 	0.000159705 	5.90346e-05 	1
13.5 	0.000105322 	9.65489e-05 	1
13.5625 	0.000328277 	8.76172e-05 	1
13.625 	0.000462226 	7.09146e-05 	1
13.6875 	0.000183442 	6.77727e-05 	2
13.75 	0.000177967 	6.64122e-05 	2
13.8125 	0.000366631 	7.97207e-05 	1
14.0 	0.000217516 	7.60105e-05 	1
14.0625 	0.00044455 	6.98487e-05 	1
14.125 	0.000265209 	9.24017e-05 	1
14.1875 	0.000218415 	7.73099e-05 	1
14.25 	0.00027075 	8.04868e-05 	1
14.3125 	0.000174739 	4.43377e-05 	2
14.375 	0.000418972 	7.52228e-05 	1
14.4375 	0.000263829 	6.05066e-05 	2
14.5 	0.000228241 	5.4095e-05 	1
14.5625 	0.000541764 	7.71246e-05 	1
14.625 	0.000244759 	8.32381e-05 	1
14.6875 	0.000141966 	6.22111e-05 	1
14.75 	0.000201815 	6.67813e-05 	1
14.8125 	0.000200067 	8.24744e-05 	2
14.875 	0.000284561 	7.64958e-05 	1
14.9375 	0.000274463 	9.01293e-05 	1
15.0 	0.000461594 	7.40375e-05 	1
15.0625 	0.000388394 	6.78496e-05 	1
15.1875 	0.000299799 	9.15027e-05 	1
15.25 	0.000281254 	6.8454e-05 	1
15.3125 	0.000347402 	8.68694e-05 	1
15.375 	0.000170821 	8.9529e-05 	1
15.4375 	0.000239466 	6.53108e-05 	1
15.5 	0.000305027 	7.5235e-05 	1
15.5625 	0.000186291 	6.08459e-05 	1
15.625 	0.000267486 	9.51599e-05 	1
15.6875 	0.00041807 	8.92316e-05 	1
15.75 	0.000457405 	9.37606e-05 	1
15.8125 	0.000347175 	6.77091e-05 	1
15.875 	0.000236539 	3.69135e-05 	1
15.9375 	0.000212701 	4.9134e-05 	1
16.0 	0.000316177 	5.43043e-05 	1
16.0625 	0.000241554 	6.07543e-05 	1
16.125 	0.000189394 	7.18427e-05 	1
16.1875 	0.000217434 	6.61173e-05 	1
16.25 	0.000185976 	7.74518e-05 	2
16.3125 	0.000218254 	7.12756e-05 	2
16.375 	0.000291001 	7.685e-05 	1
16.4375 	0.000231491 	7.48193e-05 	1
16.5 	0.000383916 	6.77141e-05 	1
16.5625 	0.000201379 	3.70321e-05 	1
16.625 	0.000117419 	6.05162e-05 	1
16.6875 	0.000495924 	9.41369e-05 	1
16.75 	0.000189346 	8.02326e-05 	1
16.8125 	0.000266868 	7.89893e-05 	1
16.875 	0.000163249 	9.0492e-05 	1
16.9375 	0.000180584 	6.06127e-05 	1
17.0 	0.000442582 	9.22589e-05 	1
17.0625 	0.000140139 	9.90685e-05 	1
17.125 	0.000181363 	9.05271e-05 	1
17.1875 	0.000255751 	3.01586e-05 	1
17.25 	0.000207817 	6.2867e-05 	1
17.3125 	0.000191135 	9.50485e-05 	1
17.375 	0.000178495 	6.48553e-05 	1
17.4375 	0.000212637 	7.27322e-05 	1
17.5 	0.000398122 	5.5642e-05 	1
17.5625 	0.000287904 	7.53229e-05 	2
17.625 	0.000117341 	6.01649e-05 	1
17.6875 	0.000291567 	7.44571e-05 	1
17.75 	0.00015878 	6.05595e-05 	1
17.8125 	0.000375728 	6.43509e-05 	1
17.875 	0.00016252 	8.46564e-05 	2
17.9375 	0.00033752 	6.57122e-05 	1
18.0 	0.000171043 	6.8939e-05 	1
18.0625 	0.000310419 	6.47546e-05 	1
18.125 	0.000277158 	6.19652e-05 	1
18.1875 	0.00024556 	6.32985e-05 	1
18.25 	0.000283704 	6.67722e-05 	1
18.3125 	0.00019668 	5.91881e-05 	1
18.375 	0.000437506 	8.40217e-05 	1
18.4375 	0.000182043 	9.09994e-05 	1
18.5 	0.000482949 	7.0782e-05 	1
18.5625 	0.000198034 	6.81344e-05 	1
18.625 	0.000312145 	9.96888e-05 	1
18.75 	0.000368418 	9.5887e-05 	1
18.8125 	0.000182169 	5.58352e-05 	1
18.875 	0.000195129 	8.80461e-05 	1
18.9375 	0.000377777 	7.11137e-05 	1
19.125 	0.000399642 	8.02153e-05 	1
19.25 	0.000195617 	9.33367e-05 	1
19.3125 	0.000282711 	8.2294e-05 	3
19.375 	0.000146697 	6.10778e-05 	1
19.4375 	0.000190733 	8.72188e-05 	1
19.5 	0.000168433 	9.51325e-05 	1
19.5625 	0.000381308 	7.67584e-05 	1
19.625 	0.000175719 	5.55426e-05 	1
19.6875 	0.000283529 	6.46064e-05 	1
19.75 	0.000345695 	7.99582e-05 	1
19.8125 	0.000301712 	7.0014e-05 	1
19.875 	0.000240565 	3.68482e-05 	1
19.9375 	0.000307656 	7.28358e-05 	1
20.0 	0.000333324 	6.37226e-05 	1
20.0625 	0.000306106 	8.22205e-05 	1
20.125 	0.000235402 	5.25524e-05 	1
20.1875 	0.00024163 	9.90483e-05 	1
20.25 	0.000297134 	9.04054e-05 	1
20.3125 	0.000315792 	6.80857e-05 	2
20.375 	0.000143896 	5.54286e-05 	1
20.4375 	0.000219773 	6.75903e-05 	1
20.5 	0.000158159 	9.86831e-05 	1
20.5625 	0.0003228 	8.57983e-05 	1
20.625 	0.000254387 	6.35026e-05 	2
20.6875 	0.000168823 	8.30989e-05 	1
20.75 	0.000222107 	6.52752e-05 	1
20.8125 	0.000240622 	8.03934e-05 	1
20.875 	0.000303985 	9.31728e-05 	1
20.9375 	0.000349629 	8.82008e-05 	1
21.0 	0.000190744 	6.12957e-05 	1
21.0625 	0.000290831 	7.66072e-05 	1
21.125 	0.000106401 	5.6585e-05 	1
21.1875 	0.000194471 	7.57334e-05 	1
21.25 	0.000367918 	7.88668e-05 	1
21.3125 	0.000355127 	9.17988e-05 	1
21.375 	0.000129005 	6.06654e-05 	1
21.4375 	0.000161194 	9.99486e-05 	1
21.5 	0.000443463 	8.35691e-05 	1
21.5625 	0.000409732 	7.65953e-05 	1
21.625 	0.000461973 	6.77574e-05 	1
21.6875 	0.000274857 	8.99666e-05 	1
21.75 	0.000463489 	6.95208e-05 	2
21.8125 	0.000192831 	8.51753e-05 	1
21.875 	0.000140361 	5.6222e-05 	1
21.9375 	0.00032825 	7.10462e-05 	1
22.0 	0.000137791 	8.42496e-05 	1
22.0625 	0.000175167 	7.79647e-05 	1
22.125 	0.000170985 	9.96377e-05 	1
22.1875 	0.000145604 	6.72011e-05 	1
22.25 	0.000467425 	7.53381e-05 	1
22.3125 	0.000158187 	7.15799e-05 	1
22.375 	0.000127554 	7.3623e-05 	1
22.4375 	0.000424018 	8.42271e-05 	1
22.5 	0.000254689 	8.04328e-05 	1
22.625 	0.000423741 	6.75356e-05 	1
22.6875 	0.000234224 	9.72322e-05 	1
22.75 	0.000403113 	8.19343e-05 	1
22.8125 	0.000271326 	6.87082e-05 	1
22.9375 	0.000252821 	9.65399e-05 	1
23.0 	0.00016229 	6.80984e-05 	2
23.0625 	0.000350502 	7.42322e-05 	1
23.125 	0.000398795 	8.76988e-05 	1
23.1875 	0.000189546 	9.36753e-05 	1
23.3125 	0.000164186 	5.43415e-05 	1
23.375 	0.000173754 	8.80629e-05 	1
23.4375 	0.000289452 	5.92044e-05 	1
23.5 	0.000143679 	5.42816e-05 	1
23.5625 	0.000237331 	2.92102e-05 	1
23.625 	0.000168387 	6.03589e-05 	2
23.6875 	0.000196224 	6.72973e-05 	1
23.75 	0.000364031 	5.70168e-05 	1
23.8125 	0.000330078 	7.78521e-05 	1
23.875 	0.000263324 	7.00485e-05 	1
23.9375 	0.000236732 	7.13168e-05 	1
24.0 	0.000263874 	8.13835e-05 	1
24.0625 	0.000154295 	7.36102e-05 	1
24.125 	0.000427644 	9.90428e-05 	1
24.1875 	0.000278886 	9.45065e-05 	1
24.25 	0.000141002 	4.43388e-05 	1
24.3125 	0.000164296 	6.4568e-05 	2
24.375 	0.000416637 	7.5341e-05 	1
24.4375 	0.0003905 	8.72753e-05 	1
24.5 	0.00043264 	6.83806e-05 	1
24.5625 	0.000248069 	7.25934e-05 	2
24.625 	0.000324104 	6.07417e-05 	1
24.6875 	0.000317064 	6.32868e-05 	1
24.75 	0.000132314 	6.90597e-05 	1
24.8125 	0.000288482 	6.99609e-05 	1
24.875 	0.000106854 	6.7445e-05 	1
24.9375 	0.000158284 	8.40481e-05 	1
25.0 	0.000140633 	8.51609e-05 	1
25.0625 	0.00023072 	7.46194e-05 	2
25.125 	0.000489611 	7.79048e-05 	1
25.25 	0.000211431 	7.55243e-05 	1
25.3125 	0.000141115 	8.31928e-05 	1
25.375 	0.000296376 	6.80728e-05 	1
25.4375 	0.000337328 	9.35525e-05 	1
25.5 	0.000158735 	6.11657e-05 	1
25.5625 	0.000431608 	7.21666e-05 	1
25.625 	0.000368902 	6.95412e-05 	2
25.6875 	0.000432168 	7.69157e-05 	1
25.75 	0.000200327 	6.65751e-05 	1
25.8125 	0.000416934 	7.48887e-05 	1
25.875 	0.000312709 	8.47278e-05 	1
25.9375 	0.000303503 	8.08498e-05 	1
26.0 	0.000242018 	9.45589e-05 	2
26.0625 	0.00040039 	6.5973e-05 	2
26.125 	0.000236512 	7.13635e-05 	2
26.1875 	0.000250093 	8.23904e-05 	1
26.25 	0.000172712 	6.98265e-05 	1
26.3125 	0.000280113 	6.34804e-05 	1
26.375 	0.000171152 	7.23532e-05 	1
26.4375 	0.00022401 	9.34483e-05 	1
26.5 	0.00023408 	6.65893e-05 	2
26.5625 	0.000338703 	7.22521e-05 	1
26.625 	0.000386281 	8.41925e-05 	1
26.6875 	0.000231024 	6.43268e-05 	1
26.875 	0.000387318 	6.60233e-05 	2
26.9375 	0.000367025 	9.01835e-05 	1
27.0 	0.000411775 	9.16599e-05 	1
27.0625 	0.000123964 	6.58725e-05 	1
27.125 	0.000336126 	7.21868e-05 	2
27.25 	0.000410889 	7.56265e-05 	1
27.3125 	0.00028601 	2.88778e-05 	1
27.375 	0.000205316 	4.99047e-05 	1
27.5 	0.000311139 	5.01961e-05 	1
27.5625 	0.000355822 	7.11347e-05 	1
27.625 	0.000272861 	8.90061e-05 	1
27.6875 	0.000458081 	9.50654e-05 	1
27.75 	0.000276689 	6.78673e-05 	1
27.8125 	0.000346557 	7.20795e-05 	1
27.875 	0.000126575 	5.41384e-05 	1
27.9375 	0.000481472 	7.10198e-05 	1
28.0 	0.000150272 	6.94809e-05 	1
28.0625 	0.000337115 	9.54958e-05 	1
28.125 	0.000167485 	5.74089e-05 	1
28.25 	0.000373012 	8.52771e-05 	1
28.3125 	0.000115069 	5.71121e-05 	1
28.375 	0.000319417 	6.98147e-05 	2
28.4375 	0.000239846 	8.16833e-05 	1
28.5 	0.000264665 	8.71012e-05 	1
28.5625 	0.000122401 	4.67799e-05 	1
28.625 	0.000367314 	8.11761e-05 	1
28.6875 	0.000271365 	6.81751e-05 	2
28.8125 	0.000460759 	9.23907e-05 	1
28.875 	0.000271001 	2.10683e-05 	1
28.9375 	0.000195244 	6.07376e-05 	1
29.0 	0.000254095 	5.78812e-05 	1
29.0625 	0.000444675 	9.00378e-05 	1
29.125 	0.0003977 	7.42391e-05 	1
29.1875 	0.000215246 	8.15605e-05 	1
29.25 	0.000311172 	7.35105e-05 	1
29.3125 	0.00024647 	7.53991e-05 	1
29.375 	0.000224944 	5.52005e-05 	1
29.4375 	0.000306399 	7.12047e-05 	2
29.5 	0.000226504 	5.91544e-05 	1
29.5625 	0.000151768 	6.76975e-05 	1
29.625 	0.000235534 	8.02936e-05 	1
29.6875 	0.000416491 	8.02745e-05 	2
29.75 	0.000269639 	7.16575e-05 	1
29.8125 	0.000159661 	6.06439e-05 	1
29.875 	0.000146616 	5.91171e-05 	1
29.9375 	0.000141585 	8.55171e-05 	1
30.0 	0.000223998 	6.7777e-05 	1
30.125 	0.000320682 	5.91084e-05 	1
30.1875 	0.000250279 	7.14953e-05 	1
30.25 	0.000167297 	9.33316e-05 	1
30.3125 	0.000277361 	5.81007e-05 	1
30.375 	0.000178421 	4.35554e-05 	1
30.4375 	0.000360927 	7.4361e-05 	1
30.5 	0.000378563 	7.61677e-05 	1
30.5625 	0.000217646 	7.02685e-05 	1
30.625 	0.000462649 	7.34021e-05 	1
30.6875 	0.000149183 	7.61209e-05 	1
30.75 	0.000268018 	9.32622e-05 	1
30.8125 	0.000265885 	7.64563e-05 	2
30.875 	0.000110414 	7.39249e-05 	1
30.9375 	0.000234961 	6.75681e-05 	2
31.0 	0.000190329 	9.63041e-05 	1
31.125 	0.000185464 	7.80392e-05 	1
31.1875 	0.000269979 	8.9261e-05 	1
31.25 	0.000512841 	9.68617e-05 	1
31.3125 	0.000361264 	8.15128e-05 	1
31.375 	0.000253554 	7.27767e-05 	1
31.5 	0.000194721 	8.69745e-05 	1
31.5625 	0.00028456 	7.95474e-05 	1
31.625 	0.000198241 	7.54198e-05 	2
31.6875 	0.000235435 	8.67187e-05 	1
31.75 	0.000136852 	6.61026e-05 	1
31.8125 	0.000302578 	8.02394e-05 	1
31.875 	0.000162636 	5.3574e-05 	1
31.9375 	0.000295328 	6.41247e-05 	1
32.0 	0.00031347 	7.74207e-05 	1
32.0625 	0.000302446 	5.02261e-05 	1
32.125 	0.000513109 	8.49119e-05 	1
32.1875 	0.000251451 	7.71169e-05 	1
32.25 	0.000330803 	9.24026e-05 	1
32.3125 	0.000154548 	3.08032e-05 	1
32.375 	0.000142284 	8.12092e-05 	1
32.4375 	0.000468649 	7.42589e-05 	1
32.5 	0.000157341 	6.88752e-05 	1
32.625 	0.000200242 	6.93814e-05 	2
32.6875 	0.000395601 	9.36536e-05 	1
32.75 	0.000203701 	9.07763e-05 	1
32.8125 	0.000345294 	7.89112e-05 	1
32.875 	0.00040346 	7.58926e-05 	2
32.9375 	0.000167674 	8.74947e-05 	1
33.0 	0.000229024 	8.53249e-05 	1
33.0625 	0.000401451 	9.18434e-05 	1
33.125 	0.000218302 	6.92383e-05 	1
33.1875 	0.000217681 	6.96386e-05 	2
33.25 	0.000197176 	8.2345e-05 	1
33.3125 	0.000466958 	8.70258e-05 	1
33.375 	0.000251301 	8.61514e-05 	1
33.4375 	0.000338639 	7.47962e-05 	1
33.5 	0.000258261 	7.79611e-05 	1
33.625 	0.000281319 	8.54263e-05 	1
33.6875 	0.000176114 	8.74781e-05 	1
33.75 	0.00022931 	9.78705e-05 	1
33.8125 	0.000167454 	6.65895e-05 	2
33.875 	0.000128259 	7.274e-05 	1
33.9375 	0.000162439 	6.81054e-05 	1
34.0 	0.000264498 	6.51936e-05 	2
34.0625 	0.000213027 	5.53277e-05 	1
34.125 	0.00028549 	8.63872e-05 	1
34.1875 	0.000282292 	5.49635e-05 	1
34.25 	0.000369016 	5.86179e-05 	1
34.3125 	0.000180006 	8.1653e-05 	1
34.375 	0.000294054 	9.96359e-05 	2
34.4375 	0.000237341 	6.98541e-05 	1
34.5 	0.000184468 	6.73277e-05 	1
34.5625 	0.000216744 	8.38919e-05 	1
34.625 	0.00021393 	5.83074e-05 	1
34.6875 	0.000169547 	8.91058e-05 	1
34.75 	0.000232338 	7.94245e-05 	1
34.8125 	0.000172753 	4.29936e-05 	1
34.875 	0.000227261 	6.97938e-05 	1
34.9375 	0.000135923 	5.7172e-05 	1
35.0 	0.000229486 	8.41028e-05 	1
35.0625 	0.000239494 	6.36019e-05 	1
35.125 	0.000354005 	7.96689e-05 	1
35.1875 	0.000163191 	5.86672e-05 	2
35.25 	0.000359602 	6.88741e-05 	1
35.3125 	0.000213837 	5.19051e-05 	1
35.375 	0.000135111 	5.90641e-05 	1
35.4375 	0.000107671 	6.04397e-05 	1
35.5625 	0.000180978 	5.93452e-05 	1
35.625 	0.000238745 	8.15954e-05 	2
35.6875 	0.00025694 	9.94211e-05 	2
35.75 	0.000201284 	3.69546e-05 	1
35.8125 	0.000196586 	5.7221e-05 	1
35.875 	0.000167347 	6.4044e-05 	1
35.9375 	0.000381614 	7.74633e-05 	1
36.0 	0.000169288 	4.06567e-05 	1
36.125 	0.000172232 	7.07074e-05 	2
36.1875 	0.00016076 	7.76421e-05 	1
36.25 	0.000320834 	9.45468e-05 	1
36.3125 	0.000165222 	3.92457e-05 	1
36.375 	0.000390107 	8.93168e-05 	1
36.4375 	0.000279504 	9.35893e-05 	3
36.5 	0.000274867 	6.9817e-05 	1
36.5625 	0.000134276 	5.8751e-05 	2
36.625 	0.000376109 	8.68886e-05 	1
36.6875 	0.000302893 	7.83901e-05 	1
36.75 	0.000240858 	5.42813e-05 	1
36.8125 	0.000155311 	6.03038e-05 	2
36.875 	0.000379434 	9.44987e-05 	1
36.9375 	0.000373373 	7.19861e-05 	2
37.0 	0.000405886 	8.89633e-05 	1
37.0625 	0.000382963 	8.15129e-05 	1
37.125 	0.000279536 	7.75605e-05 	1
37.1875 	0.000467423 	7.06384e-05 	1
37.25 	0.000302961 	8.76152e-05 	1
37.3125 	0.00030077 	9.32895e-05 	3
37.375 	0.000197082 	9.55828e-05 	1
37.4375 	0.000214689 	5.396e-05 	1
37.5 	0.000208725 	9.37229e-05 	1
37.5625 	0.000166005 	9.57333e-05 	1
37.625 	0.000367474 	7.42367e-05 	1
37.75 	0.000389034 	6.85939e-05 	1
37.8125 	0.000202812 	6.70237e-05 	2
37.875 	0.000338552 	6.14918e-05 	1
37.9375 	0.000412428 	8.13478e-05 	1
38.0 	0.000303887 	6.817e-05 	1
38.0625 	0.000263868 	6.93594e-05 	4
38.125 	0.000227496 	5.85264e-05 	1
38.1875 	0.000223497 	7.49802e-05 	1
38.25 	0.000302553 	8.37502e-05 	1
38.3125 	0.000214403 	6.40628e-05 	1
38.375 	0.000267002 	7.93027e-05 	1
38.4375 	0.000452328 	8.39349e-05 	1
38.5 	0.000204642 	4.95364e-05 	2
38.5625 	0.000536699 	8.58933e-05 	1
38.6875 	0.00022394 	9.67855e-05 	1
38.75 	0.000234525 	6.57988e-05 	1
38.8125 	0.000140646 	6.67721e-05 	1
38.875 	0.000236813 	6.57486e-05 	1
38.9375 	0.000413294 	8.77056e-05 	1
39.0 	0.000258513 	4.89813e-05 	1
39.0625 	0.000238809 	7.03702e-05 	2
39.125 	0.000348316 	7.95087e-05 	3
39.1875 	0.000328186 	8.39506e-05 	1
39.25 	0.000257763 	6.82909e-05 	4
39.3125 	0.000634605 	8.57076e-05 	1
39.375 	0.000196798 	7.31122e-05 	1
39.5 	0.000112728 	3.06509e-05 	1
39.5625 	0.000175858 	6.20328e-05 	2
39.625 	0.000304506 	8.89693e-05 	1
39.6875 	0.000281525 	7.93602e-05 	1
39.75 	0.000114805 	6.47549e-05 	2
39.8125 	0.000116943 	7.78275e-05 	1
39.875 	0.000368581 	8.91407e-05 	1
39.9375 	0.000296217 	8.71358e-05 	1
40.0 	0.000338371 	6.21516e-05 	1
40.0625 	0.00025094 	9.10548e-05 	1
40.125 	0.000149758 	7.06339e-05 	1
40.1875 	0.000220467 	6.4982e-05 	1
40.25 	0.000263375 	6.70156e-05 	2
40.3125 	0.000311645 	6.22527e-05 	1
40.4375 	0.000195966 	7.48237e-05 	1
40.5 	0.000105295 	5.69817e-05 	1
40.5625 	0.000370573 	8.02612e-05 	1
40.625 	0.00015646 	3.42931e-05 	1
40.6875 	0.000149292 	8.56331e-05 	1
40.8125 	0.000312893 	6.34618e-05 	1
40.875 	0.000190089 	5.32846e-05 	1
40.9375 	0.000302532 	7.38492e-05 	1
41.0 	0.000346892 	8.16584e-05 	1
41.0625 	0.000174937 	5.68747e-05 	1
41.125 	0.00022285 	4.86737e-05 	1
41.1875 	0.000275283 	8.11362e-05 	2
41.25 	0.000358369 	8.67093e-05 	1
41.3125 	0.000211817 	5.54807e-05 	1
41.375 	0.000131551 	7.99471e-05 	1
41.4375 	0.000175265 	5.83521e-05 	1
41.5 	0.000113127 	2.13915e-05 	1
41.5625 	0.000185436 	5.35903e-05 	2
41.625 	0.000225703 	8.19008e-05 	1
41.6875 	0.000151626 	6.37464e-05 	1
41.8125 	0.000200027 	8.05025e-05 	1
41.875 	0.000457892 	9.52746e-05 	1
41.9375 	0.00039076 	7.54523e-05 	1
42.0 	0.000264691 	9.14259e-05 	1
42.125 	0.000175396 	7.2877e-05 	1
42.1875 	0.000172856 	4.69285e-05 	1
42.25 	0.000359344 	8.21886e-05 	1
42.375 	0.000167771 	8.39974e-05 	1
42.4375 	0.00020429 	7.53217e-05 	2
42.5 	0.000199152 	7.31367e-05 	1
42.5625 	0.000131761 	7.49459e-05 	1
42.625 	0.000457401 	9.53326e-05 	1
42.6875 	0.000246463 	8.12861e-05 	1
42.75 	0.00049682 	7.69101e-05 	1
42.8125 	0.000334123 	8.69631e-05 	1
42.875 	0.000232157 	7.45345e-05 	1
42.9375 	0.000362015 	7.76675e-05 	1
43.0 	0.000177298 	6.34602e-05 	1
43.0625 	0.000218452 	9.26638e-05 	1
43.125 	0.000177843 	9.2914e-05 	1
43.1875 	0.000215153 	9.62172e-05 	1
43.25 	0.000117867 	4.86669e-05 	1
43.3125 	0.000173364 	6.85027e-05 	2
43.375 	0.000221696 	7.28007e-05 	1
43.4375 	0.000173088 	6.53338e-05 	2
43.5 	0.00010126 	3.11541e-05 	1
43.5625 	0.000260889 	5.51519e-05 	1
43.6875 	0.000168258 	4.3463e-05 	1
43.75 	0.000381038 	7.83574e-05 	1
43.8125 	0.000417611 	7.73075e-05 	1
43.875 	0.000218034 	6.45489e-05 	1
43.9375 	0.00041456 	8.8818e-05 	1
44.0 	0.000494586 	7.19747e-05 	1
44.0625 	0.000272477 	8.31675e-05 	1
44.125 	0.000165065 	9.60438e-05 	1
44.1875 	0.000281042 	6.37102e-05 	1
44.25 	0.000451663 	4.80926e-05 	1
44.3125 	0.00032637 	6.11142e-05 	1
44.375 	0.000220083 	8.419e-05 	1
44.4375 	0.000228237 	8.06791e-05 	1
44.5 	0.0001381 	7.55386e-05 	1
44.5625 	0.000185041 	7.70444e-05 	1
44.625 	0.000178296 	4.03576e-05 	1
44.6875 	0.000136387 	5.50142e-05 	1
44.75 	0.000200597 	3.30399e-05 	1
44.8125 	0.000168336 	7.11491e-05 	1
44.875 	0.000314803 	7.28036e-05 	1
44.9375 	0.000138347 	6.68818e-05 	1
45.0 	0.00019934 	2.76162e-05 	1
45.0625 	0.000151871 	5.51069e-05 	1
45.125 	0.000255117 	7.62763e-05 	1
45.1875 	0.000205172 	6.36307e-05 	1
45.25 	0.000370157 	9.07189e-05 	1
45.3125 	0.00046136 	9.64685e-05 	1
45.375 	0.000241708 	7.63555e-05 	1
45.5 	0.000300186 	6.9652e-05 	1
45.5625 	0.000281407 	5.93673e-05 	1
45.625 	0.000308329 	7.05237e-05 	1
45.6875 	0.00025561 	7.82223e-05 	1
45.75 	0.00020451 	9.25171e-05 	1
45.8125 	0.000333067 	7.94593e-05 	1
45.875 	0.000359112 	7.06448e-05 	1
45.9375 	0.000352865 	6.91844e-05 	1
46.0 	0.000458318 	7.55153e-05 	1
46.0625 	0.000141428 	7.93158e-05 	1
46.125 	0.000240893 	8.03515e-05 	1
46.25 	0.00013413 	5.96744e-05 	1
46.3125 	0.000226199 	6.43327e-05 	1
46.375 	0.000309449 	9.53892e-05 	2
46.4375 	0.000256851 	8.21895e-05 	1
46.5 	0.000549415 	7.89768e-05 	1
46.5625 	0.00020438 	7.42226e-05 	2
46.625 	0.000322824 	6.82162e-05 	1
46.6875 	0.000280225 	8.15266e-05 	1
46.75 	0.000344617 	7.96765e-05 	1
46.8125 	0.000175009 	7.40037e-05 	1
46.875 	0.000213087 	7.63466e-05 	1
46.9375 	0.000203199 	9.20077e-05 	1
47.0 	0.000256284 	6.60823e-05 	1
47.0625 	0.000319366 	6.04101e-05 	1
47.125 	0.000494106 	7.73807e-05 	1
47.1875 	0.000313736 	7.42321e-05 	1
47.25 	0.000374148 	7.68136e-05 	1
47.3125 	0.000202376 	7.80882e-05 	1
47.375 	0.00021566 	4.97446e-05 	1
47.4375 	0.000155396 	4.04298e-05 	1
47.5 	0.000365581 	9.14158e-05 	1
47.5625 	0.000224451 	6.03062e-05 	1
47.625 	0.000201777 	6.37151e-05 	2
47.6875 	0.000326463 	7.56944e-05 	1
47.75 	0.000124839 	8.14288e-05 	1
47.8125 	0.000251145 	4.79382e-05 	1
47.875 	0.000330165 	8.72296e-05 	1
48.0 	0.000165161 	4.29588e-05 	1
48.0625 	0.000254477 	9.06798e-05 	1
48.125 	0.000297059 	9.65327e-05 	1
48.1875 	0.000299355 	2.05967e-05 	1
48.25 	0.00020001 	6.07012e-05 	1
48.3125 	0.000205389 	4.9405e-05 	1
48.375 	0.000173284 	6.48636e-05 	2
48.4375 	0.000243703 	7.18931e-05 	2
48.5 	0.000190611 	6.66197e-05 	2
48.5625 	0.000202708 	7.43468e-05 	1
48.625 	0.000287234 	7.6037e-05 	1
48.75 	0.000302815 	7.82798e-05 	1
48.8125 	0.000286257 	3.63894e-05 	1
48.875 	0.000174945 	4.69213e-05 	1
48.9375 	0.000219108 	9.14751e-05 	1
49.0 	0.000160821 	6.10845e-05 	1
49.0625 	0.000189944 	5.03852e-05 	1
49.125 	0.000369311 	9.2494e-05 	1
49.1875 	0.000216094 	8.07425e-05 	2
49.25 	0.000239562 	6.39747e-05 	1
49.3125 	0.000482397 	6.65359e-05 	1
49.375 	0.000387431 	7.22083e-05 	1
49.4375 	0.000231106 	6.80336e-05 	1
49.5 	0.000720024 	9.68645e-05 	1
49.5625 	0.000406008 	7.5566e-05 	1
49.625 	0.000224544 	5.38987e-05 	1
49.6875 	0.000412176 	5.69305e-05 	2
49.75 	0.000478827 	9.30028e-05 	1
50.0625 	0.000222323 	9.24699e-05 	1
50.125 	0.000483665 	7.97608e-05 	1
50.1875 	0.000162649 	3.89167e-05 	1
50.25 	0.00029934 	8.49205e-05 	1
50.3125 	0.000417234 	7.94039e-05 	1
50.375 	0.000151103 	7.6792e-05 	1
50.4375 	0.000449364 	6.88687e-05 	1
50.5 	0.000229593 	9.60133e-05 	1
50.5625 	0.000228042 	6.68659e-05 	1
50.625 	0.00016591 	3.29617e-05 	1
50.6875 	8.93103e-05 	8.93103e-05 	0
50.75 	0.000199988 	5.2844e-05 	1
50.8125 	0.000211039 	7.59816e-05 	2
50.875 	0.000139119 	7.48726e-05 	1
50.9375 	0.000283468 	8.98251e-05 	1
51.0 	0.000367756 	5.78657e-05 	1
51.0625 	0.000279401 	7.65452e-05 	1
51.125 	0.000244126 	7.3171e-05 	1
51.1875 	0.000182629 	8.01157e-05 	1
51.25 	0.000281924 	4.66891e-05 	1
51.3125 	0.000316255 	7.01617e-05 	2
51.375 	0.000230048 	8.85637e-05 	1
51.4375 	0.000344818 	9.30278e-05 	1
51.5 	0.000129301 	5.21771e-05 	1
51.5625 	0.000251259 	9.3462e-05 	2
51.625 	0.000329552 	4.78905e-05 	1
51.6875 	0.000195389 	4.97808e-05 	1
51.75 	0.000259406 	6.15897e-05 	1
51.8125 	0.000211381 	6.33553e-05 	1
51.875 	0.000186714 	6.20032e-05 	1
52.0 	0.000239634 	6.83779e-05 	1
52.0625 	0.000319865 	6.83736e-05 	1
52.125 	0.000293647 	8.88961e-05 	1
52.1875 	0.00031467 	8.93813e-05 	1
52.25 	0.000129607 	5.94851e-05 	1
52.3125 	0.000260932 	6.95644e-05 	1
52.375 	0.000174201 	4.11153e-05 	1
52.4375 	0.000260511 	7.04986e-05 	1
52.5 	0.000374148 	9.26353e-05 	1
52.5625 	0.000188286 	3.97046e-05 	1
52.625 	0.000446807 	6.58661e-05 	1
52.6875 	0.000275139 	8.57376e-05 	1
52.75 	0.000156738 	3.77755e-05 	1
52.8125 	0.000217931 	6.49708e-05 	2
52.875 	0.000159034 	8.71644e-05 	1
52.9375 	0.000148468 	6.0787e-05 	1
53.0 	0.000190237 	6.88334e-05 	2
53.0625 	0.000150246 	6.47649e-05 	1
53.125 	0.000112538 	4.86421e-05 	1
53.1875 	0.000284979 	5.52276e-05 	1
53.25 	0.000294393 	8.09348e-05 	1
53.3125 	0.000140048 	6.89828e-05 	1
53.375 	0.000119826 	7.00344e-05 	1
53.5 	0.000241708 	9.2408e-05 	1
53.5625 	0.000349119 	6.45311e-05 	1
53.625 	0.000152004 	4.77678e-05 	1
53.6875 	0.000150922 	8.95566e-05 	1
53.75 	0.000326722 	7.92795e-05 	1
53.8125 	0.000154628 	6.2806e-05 	1
53.875 	0.000351619 	6.9593e-05 	1
53.9375 	0.000396748 	6.78992e-05 	1
54.0 	0.000166712 	7.91068e-05 	1
54.0625 	0.000241112 	3.72478e-05 	1
54.125 	0.000383251 	8.34032e-05 	1
54.1875 	0.000213293 	6.96926e-05 	2
54.25 	0.000350378 	9.31628e-05 	1
54.3125 	0.00023446 	9.01597e-05 	1
54.375 	0.000290164 	7.99217e-05 	3
54.4375 	0.000338648 	8.53037e-05 	1
54.5 	0.000145526 	7.88822e-05 	2
54.5625 	0.000146117 	6.63499e-05 	1
54.625 	0.000161631 	7.798e-05 	1
54.6875 	0.000551441 	9.51913e-05 	1
54.75 	0.000193438 	5.71278e-05 	1
54.8125 	0.000179766 	7.98961e-05 	1
54.875 	0.000178217 	5.48396e-05 	1
54.9375 	0.00033527 	8.62886e-05 	1
55.0 	0.000267002 	8.52787e-05 	1
55.0625 	0.000288741 	9.42127e-05 	1
55.125 	0.000207263 	8.65641e-05 	1
55.1875 	0.000307977 	7.94997e-05 	1
55.3125 	0.000283469 	8.28827e-05 	1
55.4375 	0.000140479 	7.75266e-05 	1
55.5 	0.000141766 	7.59093e-05 	1
55.5625 	0.0004521 	7.65369e-05 	1
55.625 	0.000227416 	7.86873e-05 	1
55.6875 	0.000387796 	8.10882e-05 	1
55.75 	0.000201751 	5.80542e-05 	1
55.8125 	0.00042563 	7.80349e-05 	1
55.875 	0.000214753 	4.6969e-05 	1
55.9375 	0.000197956 	9.03399e-05 	2
56.0 	0.000284104 	9.01743e-05 	1
56.0625 	0.000158005 	5.75019e-05 	1
56.125 	0.000166812 	6.43143e-05 	1
56.1875 	0.000248934 	7.76755e-05 	1
56.25 	0.000225207 	7.69162e-05 	2
56.3125 	0.00019892 	6.76264e-05 	1
56.375 	0.000404295 	7.5648e-05 	1
56.4375 	0.000482816 	7.06566e-05 	1
56.5 	0.000122573 	6.93838e-05 	1
56.5625 	0.000123791 	5.2413e-05 	2
56.625 	0.000308457 	5.95881e-05 	1
56.6875 	0.000308201 	7.9036e-05 	1
56.75 	0.000362212 	7.41447e-05 	1
56.8125 	0.000433883 	7.87879e-05 	1
56.875 	0.000227823 	7.89046e-05 	1
56.9375 	0.000180468 	4.64196e-05 	1
57.0 	0.000394956 	8.98262e-05 	1
57.0625 	0.000134162 	6.76426e-05 	1
57.125 	0.000434983 	9.50362e-05 	1
57.1875 	0.000255819 	8.20815e-05 	2
57.25 	0.000258052 	5.25901e-05 	2
57.3125 	0.000483615 	8.44883e-05 	1
57.375 	0.000290831 	7.10047e-05 	1
57.4375 	0.000209774 	7.9794e-05 	1
57.5 	0.000284751 	8.04058e-05 	1
57.5625 	0.000423381 	8.72072e-05 	1
57.625 	0.000245875 	8.691e-05 	3
57.6875 	0.000169386 	5.85032e-05 	1
57.75 	0.000362999 	4.98702e-05 	1
57.8125 	0.000213452 	4.9926e-05 	1
57.9375 	0.000343934 	8.80536e-05 	1
58.0 	0.000188418 	6.35123e-05 	1
58.0625 	0.000275515 	8.79781e-05 	3
58.125 	0.000141037 	4.36108e-05 	1
58.1875 	0.000435133 	5.91078e-05 	1
58.25 	0.000335098 	5.82966e-05 	1
58.3125 	0.000222921 	6.3205e-05 	1
58.375 	0.000274546 	6.8839e-05 	1
58.4375 	0.000422602 	9.3333e-05 	1
58.5 	0.00012459 	6.92748e-05 	1
58.5625 	0.000166633 	4.55012e-05 	1
58.625 	0.000164485 	4.25801e-05 	1
58.6875 	0.000245387 	6.43208e-05 	1
58.75 	0.000181089 	7.14405e-05 	2
58.8125 	0.00030006 	8.82824e-05 	1
58.875 	0.000180267 	9.50272e-05 	1
58.9375 	0.000297931 	9.37059e-05 	3
59.0 	0.000299685 	7.55351e-05 	1
59.0625 	0.00028779 	7.13199e-05 	3
59.125 	0.000284322 	7.72764e-05 	1
59.1875 	0.000201813 	6.02804e-05 	1
59.25 	0.000185532 	5.29234e-05 	1
59.3125 	0.000350357 	7.16506e-05 	2
59.375 	0.000313342 	8.01865e-05 	1
59.4375 	0.000286333 	6.97806e-05 	1
59.5 	0.000185691 	5.50995e-05 	1
59.5625 	0.000143012 	2.81375e-05 	1
59.6875 	0.000171857 	6.74841e-05 	2
59.75 	0.000175064 	6.604e-05 	1
59.8125 	0.000140964 	5.01611e-05 	1
59.875 	0.000296267 	7.9033e-05 	1
59.9375 	0.000199971 	5.14829e-05 	1
60.0 	0.000204084 	5.78423e-05 	1
60.0625 	0.000350889 	8.82072e-05 	1
60.125 	0.000209353 	8.94907e-05 	1
60.25 	0.000132492 	6.41834e-05 	1
60.3125 	0.000270116 	7.27716e-05 	2
60.375 	0.000242297 	8.42044e-05 	1
60.4375 	0.000106041 	7.5486e-05 	1
60.5 	0.000185386 	5.59035e-05 	1
60.5625 	0.00042335 	9.54253e-05 	1
60.625 	0.000460405 	8.20949e-05 	1
60.6875 	0.000465963 	7.01351e-05 	1
60.75 	0.000252196 	5.85813e-05 	1
60.8125 	0.000239935 	7.55115e-05 	1
60.875 	0.000261978 	6.99647e-05 	1
60.9375 	0.000384068 	8.78273e-05 	1
61.0 	0.000359812 	8.29664e-05 	1
61.0625 	0.000419099 	7.61835e-05 	2
61.125 	0.000140069 	7.67105e-05 	1
61.1875 	0.000385582 	6.68251e-05 	1
61.25 	0.000411451 	7.9915e-05 	2
61.3125 	0.000116742 	5.99373e-05 	1
61.375 	0.000305927 	6.3193e-05 	1
61.4375 	0.000154784 	9.90456e-05 	1
61.5 	0.000198645 	3.6634e-05 	1
61.5625 	0.000123457 	5.66545e-05 	1
61.625 	0.00042164 	8.15097e-05 	1
61.6875 	0.00036405 	7.9246e-05 	1
61.75 	0.000515138 	8.11602e-05 	1
61.8125 	0.000162576 	9.34948e-05 	1
61.875 	0.000165149 	8.36659e-05 	1
61.9375 	0.000123933 	8.10185e-05 	1
62.0 	0.000149159 	8.17095e-05 	1
62.0625 	0.000307592 	9.13023e-05 	2
62.125 	0.000399566 	8.82117e-05 	1
62.1875 	0.00047109 	7.84e-05 	1
62.25 	0.000311954 	8.87871e-05 	1
62.3125 	0.000153058 	8.03592e-05 	2
62.375 	0.000183492 	3.81711e-05 	1
62.4375 	0.000150599 	7.87753e-05 	1
62.5 	0.000154183 	3.31795e-05 	1
62.5625 	0.000294418 	4.99035e-05 	1
62.6875 	0.000228865 	3.8955e-05 	1
62.75 	0.000354247 	5.80207e-05 	1
62.8125 	0.000118118 	3.95931e-05 	1
62.875 	0.000156879 	7.09966e-05 	1
62.9375 	0.000334399 	6.71835e-05 	1
63.0 	0.000217492 	8.69404e-05 	1
63.0625 	0.000301619 	9.93869e-05 	1
63.125 	0.000195871 	8.15168e-05 	1
63.1875 	0.000257117 	8.07644e-05 	1
63.25 	0.000176397 	8.44069e-05 	1
63.3125 	0.000242682 	5.81237e-05 	1
63.375 	0.000128518 	9.86159e-05 	1
63.4375 	0.000181794 	8.45838e-05 	1
63.5 	0.000313096 	8.27343e-05 	2
63.5625 	0.000424289 	7.73369e-05 	1
63.625 	0.000225876 	5.83673e-05 	1
63.8125 	0.000418608 	5.70717e-05 	1
63.875 	0.00030292 	8.3084e-05 	1
63.9375 	0.000282727 	7.94416e-05 	1
64.0 	0.00025626 	5.83033e-05 	1
64.0625 	0.000197306 	5.14415e-05 	2
64.125 	0.000305302 	7.76721e-05 	1
64.1875 	0.000191009 	4.94347e-05 	1
64.25 	0.0002847 	7.65263e-05 	1
64.3125 	0.000199814 	8.35502e-05 	1
64.4375 	0.000157828 	9.86477e-05 	1
64.5 	0.000191077 	6.57296e-05 	1
64.5625 	0.000284112 	7.37369e-05 	1
64.6875 	0.000172929 	3.26006e-05 	1
64.75 	0.000468841 	8.75837e-05 	1
64.8125 	0.000273567 	4.40445e-05 	1
64.875 	0.000249018 	7.69283e-05 	1
64.9375 	0.000416945 	6.46465e-05 	1
65.0 	0.000393849 	8.33234e-05 	1
65.0625 	0.000170366 	4.56889e-05 	1
65.125 	0.00011938 	8.24965e-05 	1
65.1875 	0.000143632 	6.70769e-05 	1
65.25 	0.000281466 	7.83201e-05 	1
65.4375 	0.00010708 	3.03511e-05 	1
65.5 	0.000198053 	9.77193e-05 	1
65.625 	0.000205014 	7.82932e-05 	2
65.6875 	0.00039273 	8.97753e-05 	1
65.75 	0.000146763 	6.5284e-05 	1
65.8125 	0.000262245 	9.14185e-05 	1
65.875 	0.000228159 	5.13568e-05 	1
65.9375 	0.000318471 	6.9336e-05 	1
66.0 	0.000296646 	9.57183e-05 	1
66.0625 	0.000156213 	9.11372e-05 	1
66.125 	0.000291289 	9.9877e-05 	2
66.1875 	0.000214841 	9.24925e-05 	1
66.25 	0.000287979 	6.04164e-05 	2
66.3125 	0.000247309 	9.29726e-05 	1
66.375 	0.000320772 	6.40161e-05 	1
66.4375 	0.00030342 	6.35225e-05 	1
66.5 	0.000153865 	6.07198e-05 	1
66.5625 	0.000176695 	5.81545e-05 	1
66.625 	0.00037244 	7.92389e-05 	1
66.75 	0.000298429 	6.99896e-05 	1
66.8125 	0.00026885 	7.10124e-05 	2
66.875 	0.000426256 	9.47611e-05 	1
66.9375 	0.000171676 	8.68992e-05 	1
67.0 	0.00038791 	6.5589e-05 	2
67.125 	0.000240305 	5.90999e-05 	1
67.1875 	0.000139011 	6.86923e-05 	1
67.25 	0.000469129 	9.07277e-05 	1
67.3125 	0.000193376 	6.88014e-05 	2
67.375 	0.000117065 	8.90316e-05 	1
67.4375 	0.000421329 	6.78532e-05 	1
67.5 	0.00029214 	8.42564e-05 	2
67.5625 	0.000206744 	2.84643e-05 	1
67.625 	0.000166656 	3.56057e-05 	1
67.6875 	0.000305864 	9.57379e-05 	1
67.8125 	0.000185522 	6.92002e-05 	1
67.875 	0.000185704 	5.88832e-05 	2
67.9375 	0.00037148 	7.06244e-05 	1
68.0 	0.000539069 	8.22263e-05 	1
68.0625 	0.000288309 	8.49157e-05 	1
68.125 	0.000332561 	3.41884e-05 	1
68.1875 	0.000272315 	8.84735e-05 	1
68.25 	0.000283094 	6.85273e-05 	1
68.3125 	0.000189566 	6.67029e-05 	2
68.375 	0.000212496 	5.48409e-05 	1
68.4375 	0.000141881 	4.42306e-05 	1
68.5 	0.00015078 	6.83284e-05 	2
68.5625 	0.000318436 	8.17422e-05 	1
68.625 	0.000428816 	8.48964e-05 	1
68.6875 	0.000253239 	7.78332e-05 	1
68.75 	0.000227268 	4.16419e-05 	1
68.8125 	0.000343526 	7.82603e-05 	1
68.875 	0.000378194 	7.79363e-05 	1
68.9375 	0.000191307 	7.61616e-05 	1
69.0 	0.000205089 	6.77581e-05 	1
69.0625 	0.000187453 	6.24679e-05 	1
69.125 	0.000211123 	7.47924e-05 	1
69.1875 	0.00024463 	5.70097e-05 	1
69.25 	0.000341347 	6.62951e-05 	1
69.3125 	0.000505051 	5.68949e-05 	1
69.375 	0.000434774 	6.95056e-05 	1
69.4375 	0.000215787 	8.36955e-05 	2
69.5 	0.000293668 	7.83018e-05 	1
69.5625 	0.000317017 	9.35639e-05 	1
69.625 	0.000369516 	7.38934e-05 	1
69.6875 	0.000157796 	5.81277e-05 	1
69.75 	0.000497742 	9.51887e-05 	1
69.8125 	0.000183042 	5.56878e-05 	2
69.875 	0.000139735 	5.13299e-05 	2
69.9375 	0.000124489 	4.9442e-05 	1
70.0 	0.000103303 	6.21722e-05 	1
