# time 	Initial 	Final 	Iterations
0.333274 	0.000248745 	1.46456e-05 	1
0.392346 	0.00017994 	1.57049e-05 	1
0.579973 	0.000199142 	1.71331e-05 	1
0.642226 	0.000451524 	3.44824e-05 	1
0.70448 	0.000294175 	2.39196e-05 	1
0.766734 	0.000298183 	2.41805e-05 	1
0.828988 	0.000325463 	2.71604e-05 	1
0.953496 	0.000341472 	2.77315e-05 	1
1.01575 	0.00039979 	3.03334e-05 	1
1.078 	0.00038783 	2.87336e-05 	1
1.20251 	0.00020384 	1.8766e-05 	1
1.26477 	0.000444157 	3.33798e-05 	1
1.38927 	0.000235753 	1.98666e-05 	1
1.45153 	0.0004045 	3.0036e-05 	1
1.51378 	0.000179791 	1.49341e-05 	1
1.57604 	0.000296105 	2.23483e-05 	1
1.63829 	9.99456e-05 	3.01636e-06 	2
1.70054 	0.000122581 	1.20491e-05 	1
1.7628 	0.000330695 	2.51129e-05 	1
1.8873 	0.000259443 	2.27055e-05 	1
1.94956 	0.000327159 	3.10026e-05 	1
2.01181 	0.000434508 	3.58018e-05 	1
2.07407 	0.000341851 	2.84099e-05 	1
2.13632 	0.000446322 	3.19986e-05 	1
2.19857 	0.000228109 	2.0924e-05 	1
2.26083 	0.000344694 	2.83433e-05 	1
2.32308 	0.000181996 	1.4525e-05 	1
2.38534 	0.000241263 	1.88607e-05 	1
2.44759 	0.00034808 	2.52428e-05 	1
2.50984 	0.000432613 	3.36808e-05 	1
2.63435 	0.000413317 	2.99974e-05 	1
2.69661 	0.00020135 	1.55763e-05 	1
2.75886 	0.0002972 	2.53865e-05 	1
2.82111 	0.000508816 	3.69818e-05 	1
2.88337 	0.000416935 	3.17659e-05 	1
2.94562 	0.000168871 	1.59695e-05 	1
3.00787 	0.000269141 	2.09158e-05 	1
3.07013 	0.000518095 	3.79919e-05 	1
3.13238 	0.000307449 	2.26875e-05 	1
3.19464 	0.000155469 	5.27014e-06 	2
3.25689 	0.000286686 	2.23465e-05 	1
3.31914 	0.000396 	2.96314e-05 	1
3.3814 	0.000158094 	1.57858e-05 	1
3.44365 	0.000199617 	1.97098e-05 	1
3.50591 	0.000209339 	1.58009e-05 	1
3.56816 	0.000496907 	3.6995e-05 	1
3.69267 	0.000256968 	2.05392e-05 	1
3.75492 	0.000411082 	3.06597e-05 	1
3.81718 	0.000260862 	2.12445e-05 	1
3.87943 	0.000226445 	1.9379e-05 	1
4.00394 	0.000324236 	2.44173e-05 	1
4.06619 	0.000394531 	3.17002e-05 	1
4.12845 	0.000234499 	2.25572e-05 	1
4.1907 	0.000479329 	3.67491e-05 	1
4.25295 	0.000283068 	2.30466e-05 	1
4.31521 	0.000160256 	6.20769e-06 	2
4.37746 	0.000129776 	3.76658e-06 	2
4.50197 	0.000327755 	2.42254e-05 	1
4.56422 	0.000325345 	2.47399e-05 	1
4.62648 	0.000169624 	1.42361e-05 	1
4.68873 	0.000195481 	1.57162e-05 	1
4.75098 	0.000343636 	2.65095e-05 	1
4.81324 	0.000301356 	2.32811e-05 	1
4.87549 	0.000370903 	2.70104e-05 	1
4.93775 	0.000156677 	1.29296e-05 	1
5.0 	0.00018727 	1.61688e-05 	1
5.0625 	0.000144297 	3.74629e-06 	2
5.125 	0.000330066 	3.03159e-05 	1
5.25 	0.00022694 	1.82141e-05 	1
5.3125 	0.000475731 	3.49539e-05 	1
5.375 	0.000333256 	2.68316e-05 	1
5.4375 	0.000181136 	1.74306e-05 	1
5.5 	0.000385615 	3.00778e-05 	1
5.5625 	0.000109379 	4.10554e-06 	2
5.625 	0.000234159 	1.66946e-05 	1
5.6875 	0.000456387 	3.44761e-05 	1
5.75 	0.00048555 	3.99537e-05 	1
5.8125 	0.000166548 	1.43486e-05 	1
5.875 	0.000287835 	2.41557e-05 	1
5.9375 	0.000132457 	1.23988e-05 	1
6.0 	0.000144475 	4.51057e-06 	2
6.125 	0.000215144 	1.75021e-05 	1
6.1875 	0.000233294 	2.0394e-05 	1
6.25 	0.000284359 	2.38355e-05 	1
6.3125 	0.000232561 	2.15469e-05 	1
6.375 	0.0001078 	9.2219e-06 	1
6.4375 	0.000283497 	2.43765e-05 	1
6.625 	0.000232091 	1.98191e-05 	1
6.6875 	0.000333197 	2.62265e-05 	1
6.75 	0.000166906 	5.85732e-06 	2
6.8125 	0.000245867 	1.93469e-05 	1
6.9375 	0.000341432 	2.603e-05 	1
7.0 	0.000256738 	2.0426e-05 	1
7.0625 	0.000160682 	1.29973e-05 	1
7.125 	0.000317463 	2.52041e-05 	1
7.1875 	0.000662531 	4.84618e-05 	1
7.25 	0.000301464 	2.67153e-05 	1
7.4375 	0.000211505 	1.85405e-05 	1
7.5625 	0.0002677 	2.41514e-05 	1
7.625 	0.000349118 	2.76981e-05 	1
7.6875 	0.000429801 	3.33963e-05 	1
7.75 	0.00022824 	2.25109e-05 	1
7.8125 	0.000158288 	1.34567e-05 	1
7.875 	0.000173651 	4.85911e-06 	2
7.9375 	0.000450449 	3.22454e-05 	1
8.0 	0.000252617 	1.8881e-05 	1
8.0625 	0.000333033 	2.55306e-05 	1
8.125 	0.000194496 	1.67986e-05 	1
8.1875 	9.55474e-05 	8.88113e-06 	1
8.25 	0.000387876 	2.98379e-05 	1
8.3125 	0.000353438 	2.61536e-05 	1
8.375 	0.000449544 	3.36617e-05 	1
8.4375 	0.000449789 	3.29958e-05 	1
8.5 	0.000217759 	1.94647e-05 	1
8.5625 	0.000183463 	1.63907e-05 	1
8.625 	0.000425202 	3.10102e-05 	1
8.8125 	0.000218636 	1.9892e-05 	1
8.875 	0.000294944 	2.62483e-05 	1
8.9375 	0.000214539 	1.87149e-05 	1
9.0 	0.000357774 	2.60142e-05 	1
9.0625 	0.000224995 	1.98762e-05 	1
9.125 	0.000383816 	2.95178e-05 	1
9.1875 	0.000204891 	1.63578e-05 	1
9.25 	0.000350877 	2.68427e-05 	1
9.3125 	0.000257154 	2.15826e-05 	1
9.375 	0.000210506 	2.09954e-05 	1
9.4375 	0.000291423 	2.4082e-05 	1
9.5625 	0.000224254 	2.12251e-05 	1
9.625 	0.00019757 	6.13012e-06 	2
9.6875 	0.000205327 	1.9384e-05 	1
9.75 	0.00030648 	2.22843e-05 	1
9.8125 	0.000182546 	1.56321e-05 	1
9.875 	0.000127636 	1.06734e-05 	1
9.9375 	0.000189918 	8.75768e-06 	2
10.0 	0.000503549 	3.91214e-05 	1
10.0625 	0.000285552 	2.38639e-05 	1
10.125 	0.000329966 	2.42711e-05 	1
10.1875 	0.000278593 	2.10708e-05 	1
10.25 	0.000178129 	1.69751e-05 	1
10.3125 	0.000173566 	1.55362e-05 	1
10.375 	0.000222347 	1.8883e-05 	1
10.5 	0.000192505 	1.6853e-05 	1
10.5625 	0.000433161 	3.27333e-05 	1
10.625 	0.00036446 	2.74029e-05 	1
10.6875 	0.000330172 	3.07889e-05 	1
10.75 	0.000219159 	1.94225e-05 	1
10.8125 	0.000215148 	1.71624e-05 	1
10.875 	0.000142278 	4.99469e-06 	2
10.9375 	0.000231828 	2.06569e-05 	1
11.0 	0.000183731 	1.77636e-05 	1
11.0625 	0.000196252 	1.54926e-05 	1
11.125 	0.000335843 	2.69538e-05 	1
11.1875 	0.000397659 	3.3483e-05 	1
11.25 	0.000179235 	5.58812e-06 	2
11.3125 	7.6003e-05 	8.94868e-06 	1
11.375 	0.000366845 	2.87806e-05 	1
11.4375 	0.00020936 	1.75316e-05 	1
11.5 	0.000354193 	2.68298e-05 	1
11.5625 	0.000261634 	2.0845e-05 	1
11.625 	0.000329298 	3.12792e-05 	1
11.6875 	0.000409935 	2.98812e-05 	1
11.75 	0.000210099 	1.73074e-05 	1
11.8125 	0.000229888 	2.08163e-05 	1
11.875 	0.000130553 	1.26866e-05 	1
11.9375 	0.00031679 	2.40688e-05 	1
12.0 	0.000402523 	3.13214e-05 	1
12.0625 	0.000294321 	2.31278e-05 	1
12.125 	0.000108836 	1.04548e-05 	1
12.1875 	0.000394491 	2.96383e-05 	1
12.25 	0.000284553 	2.44713e-05 	1
12.3125 	0.000146249 	1.40495e-05 	1
12.375 	0.000302553 	2.53065e-05 	1
12.4375 	0.00025066 	2.18357e-05 	1
12.5625 	0.000355809 	2.80759e-05 	1
12.625 	0.000282652 	2.45909e-05 	1
12.6875 	0.000278036 	2.23851e-05 	1
12.75 	0.000282442 	2.32453e-05 	1
12.8125 	0.00022585 	2.13495e-05 	1
12.875 	0.000379387 	3.31445e-05 	1
12.9375 	0.000183132 	4.79238e-06 	2
13.0 	0.000255637 	2.17005e-05 	1
13.0625 	0.000291499 	2.25572e-05 	1
13.125 	0.000244626 	2.10612e-05 	1
13.1875 	0.000352951 	2.71808e-05 	1
13.25 	0.000291541 	2.32367e-05 	1
13.3125 	0.000363681 	2.68224e-05 	1
13.375 	0.00025741 	2.12621e-05 	1
13.4375 	0.000371009 	2.7324e-05 	1
13.5 	0.000370636 	2.60074e-05 	1
13.5625 	0.000364674 	2.72612e-05 	1
13.625 	0.000331455 	2.63693e-05 	1
13.6875 	0.000287959 	2.40182e-05 	1
13.8125 	0.000166064 	1.46354e-05 	1
14.0 	0.000250686 	2.34556e-05 	1
14.0625 	0.000153837 	1.35187e-05 	1
14.125 	0.000241484 	1.82644e-05 	1
14.1875 	0.000308943 	2.652e-05 	1
14.25 	0.000169236 	4.8916e-06 	2
14.3125 	0.000235705 	2.09688e-05 	1
14.375 	0.000226608 	2.07151e-05 	1
14.4375 	0.00024253 	1.88187e-05 	1
14.5 	0.000218855 	1.90071e-05 	1
14.5625 	0.000212752 	1.81815e-05 	1
14.625 	0.00037399 	3.2769e-05 	1
14.6875 	0.000208611 	1.62038e-05 	1
14.75 	0.000386487 	2.91352e-05 	1
14.8125 	0.000172613 	6.87983e-06 	2
14.875 	0.000401808 	3.06468e-05 	1
14.9375 	0.000258937 	1.92813e-05 	1
15.0 	0.000290725 	2.41494e-05 	1
15.0625 	6.13435e-05 	5.91203e-06 	1
15.1875 	0.000341696 	2.85442e-05 	1
15.25 	0.000134499 	7.44725e-06 	2
15.3125 	0.000350828 	2.65111e-05 	1
15.375 	0.000321536 	2.37242e-05 	1
15.4375 	0.000136714 	5.46599e-06 	2
15.5 	0.000206776 	1.82207e-05 	1
15.5625 	0.00035764 	2.67619e-05 	1
15.625 	0.000237165 	2.09317e-05 	1
15.75 	0.000378431 	2.83236e-05 	1
15.8125 	0.000306208 	2.86882e-05 	1
15.875 	0.000239107 	7.84614e-06 	2
15.9375 	0.000177688 	1.66624e-05 	1
16.0 	0.00024455 	2.04534e-05 	1
16.0625 	0.000271494 	2.0475e-05 	1
16.125 	0.000275641 	2.70494e-05 	1
16.1875 	0.00027379 	2.42446e-05 	1
16.25 	0.00028833 	2.50283e-05 	1
16.3125 	0.000199468 	1.93764e-05 	1
16.375 	0.000205236 	1.82877e-05 	1
16.4375 	0.000294314 	2.44394e-05 	1
16.5 	0.000141488 	1.32043e-05 	1
16.5625 	0.000218196 	1.85531e-05 	1
16.625 	0.000133888 	3.24561e-06 	2
16.6875 	0.000249637 	2.26665e-05 	1
16.75 	0.000261218 	2.42789e-05 	1
16.8125 	0.0003932 	2.9196e-05 	1
16.875 	0.00025137 	2.07182e-05 	1
16.9375 	0.000358551 	2.7638e-05 	1
17.0 	0.000159316 	4.90842e-06 	2
17.1875 	0.000247625 	2.14848e-05 	1
17.25 	0.000127056 	4.98714e-06 	2
17.3125 	0.000168371 	5.6789e-06 	2
17.375 	0.000128871 	9.78522e-06 	1
17.4375 	0.000285844 	2.26469e-05 	1
17.5 	0.0003235 	3.07903e-05 	1
17.5625 	0.000330585 	3.1939e-05 	1
17.625 	0.000403898 	3.21689e-05 	1
17.6875 	0.000205587 	8.15011e-06 	2
17.75 	0.00037544 	3.02112e-05 	1
17.8125 	0.000334905 	2.55911e-05 	1
17.875 	0.000232447 	2.13148e-05 	1
17.9375 	0.000303992 	2.59233e-05 	1
18.0 	0.000294315 	2.76497e-05 	1
18.0625 	0.00047367 	3.44485e-05 	1
18.125 	0.00041648 	3.17286e-05 	1
18.1875 	0.000333544 	2.79451e-05 	1
18.25 	0.000323193 	2.91216e-05 	1
18.3125 	0.000201975 	1.95691e-05 	1
18.375 	0.00027308 	2.55477e-05 	1
18.4375 	0.00031198 	2.5082e-05 	1
18.5 	0.000510278 	3.96595e-05 	1
18.5625 	0.000363232 	3.06356e-05 	1
18.625 	0.000220094 	1.74789e-05 	1
18.75 	0.000139338 	1.24364e-05 	1
18.8125 	0.000144167 	4.05466e-06 	2
18.875 	0.000433674 	3.28273e-05 	1
18.9375 	0.000242752 	2.25935e-05 	1
19.125 	0.000160922 	1.55319e-05 	1
19.25 	0.000300254 	2.50868e-05 	1
19.3125 	0.000272013 	2.41379e-05 	1
19.375 	0.000470759 	3.49257e-05 	1
19.4375 	0.000322216 	3.10763e-05 	1
19.5 	0.000383719 	2.83588e-05 	1
19.5625 	8.41047e-05 	9.97783e-06 	1
19.625 	0.000370206 	2.916e-05 	1
19.6875 	0.000153835 	1.36509e-05 	1
19.75 	0.000286694 	2.53031e-05 	1
19.8125 	0.00027904 	2.42747e-05 	1
19.875 	0.000342414 	3.0451e-05 	1
19.9375 	0.000297228 	2.31216e-05 	1
20.0 	0.000436628 	3.20133e-05 	1
20.0625 	0.000525395 	3.98021e-05 	1
20.125 	0.000195821 	1.64518e-05 	1
20.1875 	0.000323916 	2.69845e-05 	1
20.25 	0.000361306 	2.74287e-05 	1
20.3125 	0.000122426 	4.23067e-06 	2
20.375 	0.000214658 	1.82102e-05 	1
20.4375 	0.000134074 	1.21479e-05 	1
20.5 	0.000227705 	2.04281e-05 	1
20.5625 	0.000186538 	1.623e-05 	1
20.625 	0.00032006 	2.81784e-05 	1
20.6875 	0.000431511 	3.7046e-05 	1
20.75 	0.000252822 	1.85226e-05 	1
20.8125 	0.000203741 	1.86262e-05 	1
20.875 	0.000371376 	3.47619e-05 	1
20.9375 	0.000351584 	2.67038e-05 	1
21.0 	0.000208604 	1.6846e-05 	1
21.0625 	0.000333869 	2.5793e-05 	1
21.1875 	0.000347755 	2.78644e-05 	1
21.25 	0.000150697 	4.18983e-06 	2
21.3125 	0.00012203 	3.15141e-06 	2
21.375 	0.000225065 	2.16939e-05 	1
21.4375 	0.000179393 	1.54583e-05 	1
21.5 	0.000164477 	1.40811e-05 	1
21.5625 	0.000167494 	1.64059e-05 	1
21.625 	0.000249552 	2.17093e-05 	1
21.6875 	0.000295852 	2.37416e-05 	1
21.75 	0.000214842 	1.72869e-05 	1
21.8125 	0.000425171 	3.199e-05 	1
21.875 	0.000320562 	2.73562e-05 	1
21.9375 	0.000298574 	2.20491e-05 	1
22.0 	0.000387127 	2.93852e-05 	1
22.0625 	0.000165356 	1.58321e-05 	1
22.125 	0.000127175 	1.11792e-05 	1
22.1875 	0.000146018 	1.17847e-05 	1
22.25 	0.000287423 	2.37998e-05 	1
22.3125 	0.000340405 	2.62429e-05 	1
22.375 	0.00024729 	2.12069e-05 	1
22.4375 	0.000330819 	2.47413e-05 	1
22.5 	9.64817e-05 	3.52497e-06 	2
22.625 	0.000434039 	3.23039e-05 	1
22.6875 	0.000251516 	1.9647e-05 	1
22.75 	0.000540177 	4.02527e-05 	1
22.8125 	0.000234206 	6.74447e-06 	2
22.9375 	0.000298101 	2.80586e-05 	1
23.0 	0.000357268 	2.77652e-05 	1
23.0625 	0.00021153 	1.91659e-05 	1
23.125 	0.000324895 	2.62984e-05 	1
23.1875 	0.000177961 	7.00634e-06 	2
23.3125 	0.000200898 	1.69091e-05 	1
23.375 	0.000123552 	1.07153e-05 	1
23.4375 	0.000193851 	6.10621e-06 	2
23.5625 	0.000210061 	1.93107e-05 	1
23.6875 	0.000298941 	2.23335e-05 	1
23.75 	0.000370186 	2.64609e-05 	1
23.8125 	0.000248012 	2.45857e-05 	1
23.875 	0.000126384 	1.11141e-05 	1
23.9375 	0.000261674 	2.19182e-05 	1
24.0 	0.00019322 	1.64941e-05 	1
24.0625 	0.000378892 	2.84422e-05 	1
24.125 	0.000426296 	3.32551e-05 	1
24.1875 	0.000519844 	3.87553e-05 	1
24.25 	9.83778e-05 	8.99856e-06 	1
24.3125 	0.000422311 	3.13908e-05 	1
24.375 	0.000261289 	2.48849e-05 	1
24.4375 	0.000191971 	1.63796e-05 	1
24.5 	0.000409786 	3.05169e-05 	1
24.5625 	0.000354011 	2.603e-05 	1
24.625 	0.000381233 	2.94998e-05 	1
24.6875 	0.00040597 	2.93919e-05 	1
24.75 	0.00033729 	2.73223e-05 	1
24.8125 	0.000231433 	2.06248e-05 	1
24.875 	9.82505e-05 	3.80408e-06 	2
24.9375 	0.00021848 	1.75658e-05 	1
25.0 	0.00033502 	2.60689e-05 	1
25.0625 	0.000527501 	3.90115e-05 	1
25.125 	0.000378502 	2.78563e-05 	1
25.25 	0.00025996 	2.25391e-05 	1
25.3125 	0.000109126 	3.48363e-06 	2
25.375 	0.00039796 	2.98535e-05 	1
25.4375 	0.000238566 	1.83014e-05 	1
25.5 	0.000422601 	3.06531e-05 	1
25.5625 	0.000181364 	1.58008e-05 	1
25.625 	0.00023483 	1.96245e-05 	1
25.6875 	0.000213185 	1.82296e-05 	1
25.75 	0.000220373 	1.95427e-05 	1
25.8125 	0.000236159 	2.01228e-05 	1
25.875 	0.00032654 	2.38419e-05 	1
25.9375 	0.00018686 	1.54644e-05 	1
26.0 	0.00028599 	2.4613e-05 	1
26.0625 	0.000446389 	3.28248e-05 	1
26.125 	0.000214555 	1.89676e-05 	1
26.1875 	0.000157691 	1.56691e-05 	1
26.25 	0.000433881 	3.20996e-05 	1
26.3125 	0.000290408 	2.17222e-05 	1
26.375 	0.000415152 	3.13837e-05 	1
26.4375 	0.000346281 	2.71697e-05 	1
26.5 	0.000224884 	2.00279e-05 	1
26.5625 	0.000383051 	2.81196e-05 	1
26.625 	0.000242638 	2.16648e-05 	1
26.6875 	0.000151014 	1.42969e-05 	1
26.875 	0.000210731 	1.73465e-05 	1
26.9375 	0.000177759 	1.4349e-05 	1
27.0 	0.000414581 	3.51905e-05 	1
27.0625 	0.000248054 	2.11283e-05 	1
27.125 	0.000190768 	1.68856e-05 	1
27.25 	0.00023802 	1.72363e-05 	1
27.3125 	0.0004392 	3.30671e-05 	1
27.375 	0.000251181 	2.11962e-05 	1
27.5 	0.000246984 	2.16653e-05 	1
27.5625 	0.000394945 	3.19294e-05 	1
27.625 	0.000466114 	4.10935e-05 	1
27.6875 	0.000448262 	3.30685e-05 	1
27.75 	0.000341184 	2.50779e-05 	1
27.8125 	0.000292341 	2.41623e-05 	1
27.875 	0.000277096 	2.24325e-05 	1
27.9375 	8.66971e-05 	8.69173e-06 	1
28.0 	0.00029483 	2.44116e-05 	1
28.0625 	0.000307795 	2.40984e-05 	1
28.125 	0.000245027 	1.92418e-05 	1
28.25 	0.000314785 	2.55339e-05 	1
28.3125 	0.000205416 	1.63066e-05 	1
28.375 	0.000336924 	2.92815e-05 	1
28.4375 	0.000154848 	1.31987e-05 	1
28.5 	0.000263717 	2.40367e-05 	1
28.625 	0.000217359 	1.65682e-05 	1
28.6875 	0.000217254 	1.74036e-05 	1
28.8125 	0.00023941 	2.1446e-05 	1
28.875 	0.000257104 	2.46288e-05 	1
28.9375 	0.000566763 	4.07614e-05 	1
29.0 	0.000207036 	1.81167e-05 	1
29.0625 	0.000207318 	1.77544e-05 	1
29.125 	0.000102545 	8.71284e-06 	1
29.1875 	0.000180257 	1.46541e-05 	1
29.25 	0.00029918 	2.31483e-05 	1
29.3125 	0.000393478 	2.88856e-05 	1
29.375 	0.000275747 	2.1851e-05 	1
29.4375 	0.00021978 	2.09086e-05 	1
29.5 	0.000251649 	1.96882e-05 	1
29.5625 	0.000328395 	2.46451e-05 	1
29.625 	0.000412759 	3.17121e-05 	1
29.6875 	0.000291261 	2.24825e-05 	1
29.75 	0.000312797 	2.30996e-05 	1
29.875 	0.000352837 	2.55632e-05 	1
29.9375 	0.000261197 	2.06914e-05 	1
30.0 	0.000138677 	1.14974e-05 	1
30.125 	0.000258793 	2.28414e-05 	1
30.1875 	0.000138875 	1.30969e-05 	1
30.25 	0.000366898 	2.76442e-05 	1
30.3125 	0.000272129 	2.59075e-05 	1
30.375 	0.000255008 	2.17733e-05 	1
30.4375 	0.000285949 	2.31696e-05 	1
30.5 	0.000138513 	1.1515e-05 	1
30.5625 	0.00015967 	5.03406e-06 	2
30.625 	0.00029339 	2.24401e-05 	1
30.6875 	0.000142424 	1.35172e-05 	1
30.75 	0.000294375 	2.49609e-05 	1
30.8125 	0.000263404 	2.08857e-05 	1
30.9375 	0.000346815 	2.54854e-05 	1
31.0 	0.000357346 	2.80401e-05 	1
31.125 	0.000316072 	2.54678e-05 	1
31.1875 	0.000294079 	2.53243e-05 	1
31.25 	0.000367703 	2.73353e-05 	1
31.3125 	0.000277958 	2.22599e-05 	1
31.375 	0.000158296 	1.51302e-05 	1
31.5 	0.000166171 	1.54603e-05 	1
31.5625 	0.00031164 	2.26958e-05 	1
31.625 	0.000317743 	2.50205e-05 	1
31.6875 	0.00026537 	2.08854e-05 	1
31.75 	0.000270241 	2.00861e-05 	1
31.8125 	0.000211302 	1.66478e-05 	1
31.875 	0.000178369 	5.22683e-06 	2
31.9375 	0.000126693 	1.12869e-05 	1
32.0 	0.000119306 	3.16036e-06 	2
32.0625 	0.000328436 	2.74858e-05 	1
32.125 	0.000297282 	2.36e-05 	1
32.1875 	0.000263362 	2.16644e-05 	1
32.25 	0.000185151 	5.64123e-06 	2
32.3125 	0.000226723 	2.11395e-05 	1
32.375 	0.000320811 	2.43565e-05 	1
32.4375 	0.000280452 	2.23215e-05 	1
32.5 	0.000299561 	2.51601e-05 	1
32.625 	0.000405764 	3.08609e-05 	1
32.6875 	0.000216992 	1.96202e-05 	1
32.75 	0.000328631 	2.61774e-05 	1
32.8125 	0.00020712 	1.89234e-05 	1
32.875 	0.000207607 	1.77387e-05 	1
32.9375 	0.000274379 	2.34646e-05 	1
33.0 	0.000143581 	1.32204e-05 	1
33.0625 	0.000229192 	2.11943e-05 	1
33.125 	0.000368332 	2.87841e-05 	1
33.1875 	0.000450632 	3.2424e-05 	1
33.25 	0.000264283 	2.32926e-05 	1
33.3125 	0.000255382 	2.04516e-05 	1
33.375 	0.000398859 	2.97268e-05 	1
33.4375 	0.000294193 	2.4647e-05 	1
33.5 	0.000302776 	2.23987e-05 	1
33.625 	0.000369101 	2.73095e-05 	1
33.6875 	0.000177031 	1.73244e-05 	1
33.75 	0.000278648 	2.25974e-05 	1
33.8125 	0.000385961 	3.33214e-05 	1
33.875 	0.000269498 	2.09772e-05 	1
33.9375 	0.000362914 	2.71278e-05 	1
34.0 	0.000116245 	1.15616e-05 	1
34.0625 	0.000257703 	2.38142e-05 	1
34.125 	0.000136732 	1.19556e-05 	1
34.1875 	0.000380883 	2.96404e-05 	1
34.25 	0.000322778 	2.4146e-05 	1
34.3125 	0.000288123 	2.09678e-05 	1
34.375 	0.000570583 	4.19732e-05 	1
34.4375 	0.000235767 	1.86929e-05 	1
34.5 	0.000360208 	2.67524e-05 	1
34.5625 	0.000330771 	2.58776e-05 	1
34.625 	0.000263367 	2.05659e-05 	1
34.6875 	0.000148333 	3.6179e-06 	2
34.75 	0.000212284 	1.85415e-05 	1
34.875 	0.000628829 	4.595e-05 	1
34.9375 	0.000155993 	1.47543e-05 	1
35.0 	0.000399846 	3.54169e-05 	1
35.0625 	0.000274086 	2.09835e-05 	1
35.125 	0.000116092 	3.08414e-06 	2
35.1875 	0.000139557 	3.76455e-06 	2
35.25 	0.000226326 	2.08257e-05 	1
35.3125 	0.000203615 	1.95082e-05 	1
35.375 	0.000236749 	1.84205e-05 	1
35.5625 	0.000425442 	3.38152e-05 	1
35.625 	0.000344981 	2.73588e-05 	1
35.6875 	0.000255607 	1.86304e-05 	1
35.75 	0.000243629 	1.83749e-05 	1
35.8125 	0.000368519 	3.03242e-05 	1
35.875 	0.000233211 	2.25727e-05 	1
35.9375 	0.00038761 	3.05282e-05 	1
36.0 	0.000259798 	2.20735e-05 	1
36.125 	0.000218073 	1.64662e-05 	1
36.25 	0.000326029 	2.5155e-05 	1
36.3125 	0.000174587 	1.66172e-05 	1
36.375 	9.81083e-05 	3.55391e-06 	2
36.4375 	0.00011353 	1.03312e-05 	1
36.5 	0.000227282 	7.07172e-06 	2
36.5625 	0.000325634 	2.39837e-05 	1
36.625 	0.000220163 	1.88454e-05 	1
36.6875 	0.000508417 	3.67924e-05 	1
36.75 	0.000267163 	2.06998e-05 	1
36.8125 	0.000222752 	1.82128e-05 	1
36.875 	0.000386911 	2.92612e-05 	1
36.9375 	0.000265529 	2.2147e-05 	1
37.0625 	0.000281412 	2.26333e-05 	1
37.125 	0.000446722 	3.49001e-05 	1
37.1875 	0.000309706 	2.49116e-05 	1
37.25 	0.000286956 	2.29138e-05 	1
37.3125 	0.000219224 	1.73387e-05 	1
37.375 	0.00025678 	2.18534e-05 	1
37.4375 	0.000139228 	1.26216e-05 	1
37.5 	0.000204473 	1.79035e-05 	1
37.5625 	0.000365183 	3.09192e-05 	1
37.625 	0.00013184 	1.19606e-05 	1
37.75 	0.000317438 	2.7465e-05 	1
37.8125 	0.000267638 	2.29647e-05 	1
37.875 	0.000320676 	2.45428e-05 	1
37.9375 	0.00038511 	3.09466e-05 	1
38.0 	0.000247893 	2.06732e-05 	1
38.0625 	0.000398467 	3.12564e-05 	1
38.125 	0.0002234 	2.07414e-05 	1
38.1875 	0.000161286 	1.39376e-05 	1
38.25 	0.000306067 	2.51416e-05 	1
38.3125 	0.000274367 	2.35944e-05 	1
38.375 	0.000477156 	3.66783e-05 	1
38.4375 	0.000339109 	2.99864e-05 	1
38.5625 	0.000336494 	2.47525e-05 	1
38.6875 	0.000258763 	2.36851e-05 	1
38.75 	0.000151566 	4.5392e-06 	2
38.8125 	0.000352869 	2.85933e-05 	1
38.875 	0.000183252 	1.73496e-05 	1
38.9375 	0.000459623 	3.3482e-05 	1
39.0 	0.00013215 	1.31294e-05 	1
39.0625 	0.000300853 	2.21398e-05 	1
39.125 	0.000285432 	2.78289e-05 	1
39.1875 	0.00025203 	2.44377e-05 	1
39.25 	0.000207331 	1.68556e-05 	1
39.3125 	0.000287673 	2.31572e-05 	1
39.375 	0.000307201 	2.43277e-05 	1
39.5 	0.000477976 	4.02464e-05 	1
39.5625 	0.000261799 	2.16526e-05 	1
39.625 	0.000380053 	3.08336e-05 	1
39.6875 	0.00018318 	1.52307e-05 	1
39.75 	0.000250675 	2.1523e-05 	1
39.8125 	0.00021102 	1.82301e-05 	1
39.875 	0.00021268 	1.80655e-05 	1
39.9375 	0.000175389 	1.48479e-05 	1
40.0 	0.00018446 	1.75579e-05 	1
40.0625 	0.000100222 	2.99995e-06 	2
40.125 	0.000497672 	3.75557e-05 	1
40.1875 	0.000205129 	1.72722e-05 	1
40.25 	0.000524764 	4.13445e-05 	1
40.3125 	0.000205591 	1.86585e-05 	1
40.4375 	0.000203734 	1.77372e-05 	1
40.5 	0.000282498 	2.1889e-05 	1
40.5625 	0.000402572 	2.85052e-05 	1
40.625 	0.000395392 	3.10139e-05 	1
40.8125 	0.000149827 	4.72599e-06 	2
40.875 	0.000416413 	3.10045e-05 	1
40.9375 	0.000297521 	2.30585e-05 	1
41.0 	0.000421956 	3.27168e-05 	1
41.0625 	9.39465e-05 	2.21016e-06 	2
41.125 	0.000201033 	1.59376e-05 	1
41.1875 	0.000114959 	3.87291e-06 	2
41.25 	0.000267111 	2.40026e-05 	1
41.3125 	0.000203533 	1.88067e-05 	1
41.375 	0.000343859 	3.29799e-05 	1
41.4375 	0.000264337 	2.28652e-05 	1
41.5 	0.000475973 	3.49973e-05 	1
41.5625 	0.000236657 	2.25345e-05 	1
41.625 	0.000160002 	1.58748e-05 	1
41.6875 	0.000243644 	1.9322e-05 	1
41.8125 	0.000252842 	2.01653e-05 	1
41.875 	0.000342532 	2.55289e-05 	1
41.9375 	0.00025437 	1.83595e-05 	1
42.0 	0.000327213 	2.43305e-05 	1
42.125 	0.000146175 	1.28744e-05 	1
42.25 	0.000273961 	2.15753e-05 	1
42.375 	0.000190337 	8.69805e-06 	2
42.4375 	0.000522797 	3.92895e-05 	1
42.5 	0.000150132 	1.47587e-05 	1
42.5625 	0.00028276 	2.31834e-05 	1
42.625 	0.000128668 	1.20384e-05 	1
42.6875 	0.000217511 	1.89205e-05 	1
42.75 	0.000204715 	6.97945e-06 	2
42.8125 	0.000321891 	2.64894e-05 	1
42.875 	0.0002433 	2.06023e-05 	1
42.9375 	0.00037825 	3.01004e-05 	1
43.0 	0.000386314 	3.01382e-05 	1
43.0625 	0.00019768 	8.19558e-06 	2
43.125 	0.000204792 	1.89892e-05 	1
43.1875 	0.000436897 	3.42163e-05 	1
43.3125 	0.000400628 	3.04353e-05 	1
43.375 	0.000245406 	2.17123e-05 	1
43.4375 	0.000158401 	1.55333e-05 	1
43.5625 	0.000356386 	2.60195e-05 	1
43.6875 	0.000242973 	1.99513e-05 	1
43.75 	0.000402163 	2.98315e-05 	1
43.8125 	0.000274493 	2.48751e-05 	1
43.875 	0.00028781 	2.21583e-05 	1
43.9375 	0.000186447 	1.72733e-05 	1
44.0 	0.000286063 	2.25997e-05 	1
44.0625 	0.000233053 	6.90722e-06 	2
44.125 	0.000189551 	1.55766e-05 	1
44.1875 	0.000292405 	2.46379e-05 	1
44.25 	0.000274204 	2.3306e-05 	1
44.3125 	0.000340474 	2.54148e-05 	1
44.375 	0.000233366 	1.8056e-05 	1
44.4375 	0.000201456 	1.53656e-05 	1
44.5 	0.00040279 	3.0223e-05 	1
44.5625 	0.000285919 	2.51044e-05 	1
44.625 	0.000381798 	2.89341e-05 	1
44.6875 	0.00028154 	2.11123e-05 	1
44.75 	0.00019661 	1.81726e-05 	1
44.8125 	0.000167723 	5.39224e-06 	2
44.875 	0.000106471 	1.01588e-05 	1
44.9375 	0.000304609 	2.57771e-05 	1
45.0 	0.000153749 	1.51756e-05 	1
45.0625 	0.000262751 	2.54124e-05 	1
45.125 	0.000204407 	1.6979e-05 	1
45.1875 	0.000194041 	1.62838e-05 	1
45.25 	0.000438608 	3.23983e-05 	1
45.3125 	0.00020419 	5.40015e-06 	2
45.375 	0.000313447 	2.59074e-05 	1
45.5 	0.000357966 	2.79418e-05 	1
45.5625 	0.000181657 	1.52466e-05 	1
45.625 	0.000217809 	2.08447e-05 	1
45.6875 	0.000164677 	1.45516e-05 	1
45.75 	0.000298664 	2.44107e-05 	1
45.8125 	9.21185e-05 	9.93851e-06 	1
45.875 	0.000240244 	1.91888e-05 	1
45.9375 	0.000204138 	1.84807e-05 	1
46.0 	0.000239216 	2.18084e-05 	1
46.0625 	0.00020211 	1.61036e-05 	1
46.125 	0.000363493 	2.69382e-05 	1
46.3125 	0.000205284 	1.87705e-05 	1
46.375 	0.000177994 	6.05904e-06 	2
46.4375 	0.000121662 	3.2575e-06 	2
46.5 	0.0002086 	1.64234e-05 	1
46.5625 	0.00027924 	2.27923e-05 	1
46.625 	0.000463259 	3.37221e-05 	1
46.6875 	0.00020161 	1.59396e-05 	1
46.75 	0.000204211 	2.03978e-05 	1
46.8125 	0.000311133 	2.50085e-05 	1
46.875 	0.000308096 	2.65035e-05 	1
46.9375 	0.000174858 	4.41417e-06 	2
47.0 	0.00013529 	1.20335e-05 	1
47.0625 	0.000232835 	1.78901e-05 	1
47.125 	0.000169774 	1.48998e-05 	1
47.1875 	0.000329513 	2.62226e-05 	1
47.25 	0.000503672 	4.00416e-05 	1
47.3125 	0.000309819 	2.48675e-05 	1
47.375 	0.000249309 	2.12704e-05 	1
47.4375 	0.000469046 	3.66088e-05 	1
47.5 	0.000375902 	3.07117e-05 	1
47.5625 	0.000218461 	2.10603e-05 	1
47.625 	0.000267459 	2.01629e-05 	1
47.6875 	0.000377447 	2.87155e-05 	1
47.8125 	0.000306668 	2.49521e-05 	1
47.875 	0.000398979 	3.17401e-05 	1
48.0 	0.000287431 	2.27749e-05 	1
48.0625 	0.000219985 	1.85097e-05 	1
48.125 	0.000142963 	1.28177e-05 	1
48.1875 	0.000121515 	1.1795e-05 	1
48.25 	0.000345115 	2.74417e-05 	1
48.3125 	0.000421705 	3.12689e-05 	1
48.375 	0.000268126 	1.8866e-05 	1
48.4375 	0.000243001 	1.98616e-05 	1
48.5 	0.000354028 	2.89378e-05 	1
48.5625 	0.000259148 	2.20741e-05 	1
48.625 	0.000235951 	5.86568e-06 	2
48.75 	0.000428165 	3.08067e-05 	1
48.8125 	0.000178069 	1.61919e-05 	1
48.875 	8.86169e-05 	7.56895e-06 	1
48.9375 	0.000114232 	3.15027e-06 	2
49.0 	0.000302211 	2.59567e-05 	1
49.125 	0.000261122 	2.18017e-05 	1
49.1875 	0.000276038 	2.5912e-05 	1
49.25 	0.000417553 	3.04971e-05 	1
49.3125 	0.000185025 	1.42753e-05 	1
49.375 	0.000336405 	2.71525e-05 	1
49.4375 	0.000241262 	1.97103e-05 	1
49.5 	0.000292963 	2.36703e-05 	1
49.5625 	0.000368752 	2.94125e-05 	1
49.625 	0.000475588 	3.61229e-05 	1
49.6875 	0.000212381 	1.8922e-05 	1
49.75 	0.000298014 	2.808e-05 	1
50.0625 	0.000336724 	3.2697e-05 	1
50.125 	0.000351741 	2.69121e-05 	1
50.25 	0.000209445 	1.82896e-05 	1
50.3125 	0.000166179 	5.24219e-06 	2
50.375 	0.000231252 	2.05914e-05 	1
50.4375 	0.00048654 	3.43978e-05 	1
50.5 	0.000225719 	1.86406e-05 	1
50.5625 	0.000208027 	2.04082e-05 	1
50.625 	0.000194573 	1.48331e-05 	1
50.75 	0.000224465 	1.82907e-05 	1
50.8125 	0.000222827 	2.0976e-05 	1
50.875 	0.000513733 	4.27892e-05 	1
50.9375 	0.000441976 	3.41998e-05 	1
51.0 	0.000195228 	1.81026e-05 	1
51.0625 	0.000203947 	1.79126e-05 	1
51.125 	0.000305321 	2.26534e-05 	1
51.1875 	0.000196528 	1.72852e-05 	1
51.25 	0.000118873 	1.05992e-05 	1
51.3125 	0.000186598 	6.33873e-06 	2
51.375 	0.000103183 	2.37636e-06 	2
51.4375 	0.000316874 	2.82115e-05 	1
51.5 	0.000306738 	2.51499e-05 	1
51.5625 	0.000324543 	2.42846e-05 	1
51.625 	0.000374167 	2.94284e-05 	1
51.6875 	0.000221661 	1.77726e-05 	1
51.75 	8.9561e-05 	7.81708e-06 	1
51.8125 	0.000261679 	2.30777e-05 	1
51.875 	0.000411471 	3.05866e-05 	1
52.0 	0.000223601 	1.86959e-05 	1
52.0625 	0.000236668 	1.86466e-05 	1
52.125 	0.000298489 	8.16954e-06 	2
52.1875 	0.000338981 	2.74743e-05 	1
52.25 	0.000463375 	4.01167e-05 	1
52.3125 	0.000266665 	2.31355e-05 	1
52.375 	0.00020011 	1.95989e-05 	1
52.4375 	0.000524552 	4.21723e-05 	1
52.5 	0.000351338 	3.16502e-05 	1
52.5625 	0.000181638 	1.52649e-05 	1
52.625 	0.000267756 	2.38034e-05 	1
52.6875 	0.000393772 	2.94943e-05 	1
52.75 	0.000320684 	2.63625e-05 	1
52.8125 	0.000243362 	2.08349e-05 	1
52.875 	0.000178874 	1.54317e-05 	1
52.9375 	0.00039007 	2.78146e-05 	1
53.0 	0.000239087 	1.85546e-05 	1
53.125 	0.000381078 	2.89959e-05 	1
53.1875 	0.000339887 	2.90229e-05 	1
53.25 	0.000118686 	1.07922e-05 	1
53.3125 	0.000220201 	1.87612e-05 	1
53.375 	0.000328356 	2.44051e-05 	1
53.5 	0.000132035 	1.09068e-05 	1
53.5625 	0.000376023 	3.61931e-05 	1
53.625 	0.000232704 	1.72698e-05 	1
53.6875 	0.000169432 	6.33131e-06 	2
53.75 	0.000172174 	1.50972e-05 	1
53.8125 	0.00021993 	1.9265e-05 	1
53.875 	0.000139726 	1.32667e-05 	1
53.9375 	0.00036974 	2.88472e-05 	1
54.0 	0.000360706 	2.96537e-05 	1
54.0625 	0.000295568 	2.4543e-05 	1
54.125 	0.000216158 	1.73267e-05 	1
54.1875 	0.000222644 	1.86893e-05 	1
54.25 	0.000371618 	2.94393e-05 	1
54.3125 	0.000353381 	2.66757e-05 	1
54.375 	0.000199083 	1.79022e-05 	1
54.4375 	0.000296603 	2.51208e-05 	1
54.5 	0.000435776 	3.56462e-05 	1
54.625 	0.000300913 	2.31139e-05 	1
54.6875 	0.000216834 	1.90002e-05 	1
54.8125 	0.000318685 	2.70612e-05 	1
54.875 	0.000182337 	1.63841e-05 	1
54.9375 	0.000334118 	2.55404e-05 	1
55.0 	0.000310252 	2.63263e-05 	1
55.0625 	0.000199925 	1.75572e-05 	1
55.125 	0.000277732 	2.60379e-05 	1
55.1875 	0.000240493 	2.00017e-05 	1
55.3125 	0.000195495 	1.59634e-05 	1
55.4375 	0.000181223 	1.58751e-05 	1
55.5 	0.000473612 	3.53734e-05 	1
55.5625 	0.000158013 	1.47841e-05 	1
55.625 	0.00044529 	3.55906e-05 	1
55.6875 	0.00015371 	4.36748e-06 	2
55.75 	0.000268269 	2.05992e-05 	1
55.8125 	0.000200657 	1.64951e-05 	1
55.875 	0.000168081 	1.45813e-05 	1
55.9375 	0.000378937 	3.02354e-05 	1
56.0 	0.000483718 	3.56582e-05 	1
56.0625 	0.000189798 	1.88588e-05 	1
56.125 	0.000167366 	8.20986e-06 	2
56.1875 	0.000401854 	2.99505e-05 	1
56.25 	0.000196554 	1.73182e-05 	1
56.3125 	0.00029245 	2.53614e-05 	1
56.375 	0.000131148 	1.20288e-05 	1
56.4375 	0.00047647 	3.70838e-05 	1
56.5 	0.000136582 	5.53526e-06 	2
56.5625 	0.000532063 	3.99141e-05 	1
56.625 	0.000221337 	1.87712e-05 	1
56.6875 	0.000216546 	7.38311e-06 	2
56.75 	0.000305234 	2.39867e-05 	1
56.8125 	0.000253075 	2.02553e-05 	1
56.875 	0.000116525 	1.06783e-05 	1
56.9375 	0.000367464 	2.83021e-05 	1
57.0 	0.000489942 	3.62462e-05 	1
57.0625 	0.000200972 	1.57839e-05 	1
57.125 	0.00044044 	3.21254e-05 	1
57.1875 	0.000413286 	2.98128e-05 	1
57.25 	0.000141729 	5.07579e-06 	2
57.3125 	0.000415958 	3.09395e-05 	1
57.375 	0.000277312 	2.26328e-05 	1
57.4375 	0.000404713 	2.98925e-05 	1
57.5 	0.000197497 	1.49177e-05 	1
57.5625 	0.000160134 	4.53903e-06 	2
57.625 	0.000241497 	2.02239e-05 	1
57.6875 	0.000395891 	3.00884e-05 	1
57.75 	0.000232417 	2.15893e-05 	1
57.8125 	0.000250372 	2.08826e-05 	1
57.9375 	0.000290775 	2.21729e-05 	1
58.0 	0.000324605 	3.10923e-05 	1
58.0625 	0.000239838 	1.8524e-05 	1
58.125 	0.00018886 	1.60972e-05 	1
58.1875 	0.000253214 	2.34543e-05 	1
58.25 	0.000302865 	2.26901e-05 	1
58.3125 	0.000103936 	4.81285e-06 	2
58.375 	0.000128322 	1.20159e-05 	1
58.4375 	0.000239916 	1.8667e-05 	1
58.5 	0.000237701 	2.00549e-05 	1
58.5625 	0.000201697 	9.31789e-06 	2
58.625 	0.000249821 	2.19683e-05 	1
58.6875 	0.000235709 	2.01291e-05 	1
58.8125 	0.000164498 	1.41952e-05 	1
58.875 	0.000168366 	1.61119e-05 	1
58.9375 	0.00017325 	1.51167e-05 	1
59.0 	0.00026763 	2.11275e-05 	1
59.0625 	0.000452527 	3.33761e-05 	1
59.125 	0.00026784 	2.15013e-05 	1
59.1875 	0.000124701 	1.08807e-05 	1
59.25 	0.000126377 	1.03284e-05 	1
59.3125 	0.000206636 	1.73925e-05 	1
59.375 	0.000558688 	4.08885e-05 	1
59.4375 	0.000166561 	1.63211e-05 	1
59.5 	0.000408671 	3.02853e-05 	1
59.5625 	0.000188569 	1.47446e-05 	1
59.6875 	0.000122312 	1.0712e-05 	1
59.8125 	0.000327095 	3.10921e-05 	1
59.875 	0.000246428 	1.98214e-05 	1
59.9375 	0.00016631 	1.39508e-05 	1
60.0 	0.000408795 	3.08493e-05 	1
60.0625 	0.000313877 	2.39315e-05 	1
60.125 	0.000169071 	1.48639e-05 	1
60.25 	0.000278065 	2.17274e-05 	1
60.3125 	8.90444e-05 	9.07511e-06 	1
60.375 	0.000281165 	2.29577e-05 	1
60.4375 	0.00027873 	2.10362e-05 	1
60.5 	0.000352486 	3.08004e-05 	1
60.5625 	0.000369833 	2.81891e-05 	1
60.625 	0.000260218 	1.96233e-05 	1
60.6875 	0.000166861 	1.30532e-05 	1
60.75 	0.000185849 	1.82429e-05 	1
60.8125 	0.000152538 	1.35312e-05 	1
60.875 	0.000415451 	3.27326e-05 	1
60.9375 	0.000237333 	2.16126e-05 	1
61.0 	0.000504239 	3.69551e-05 	1
61.0625 	0.000153992 	4.02772e-06 	2
61.125 	0.000380113 	2.89276e-05 	1
61.1875 	0.000398593 	2.9192e-05 	1
61.25 	0.000185971 	1.55729e-05 	1
61.3125 	0.000243178 	2.0107e-05 	1
61.375 	0.000437514 	3.31744e-05 	1
61.4375 	0.000255775 	2.15731e-05 	1
61.5 	0.000294123 	2.6182e-05 	1
61.625 	0.000310167 	2.36008e-05 	1
61.6875 	0.000212227 	1.95089e-05 	1
61.75 	0.00040484 	3.07052e-05 	1
61.8125 	0.000382132 	3.0056e-05 	1
61.875 	0.000244861 	2.01853e-05 	1
61.9375 	0.000267159 	2.04552e-05 	1
62.0 	0.000310663 	2.54695e-05 	1
62.125 	0.000377781 	3.20999e-05 	1
62.1875 	0.000427078 	3.14779e-05 	1
62.25 	0.00032251 	2.43403e-05 	1
62.3125 	0.000284525 	2.54233e-05 	1
62.375 	0.00032186 	2.39704e-05 	1
62.4375 	0.00038681 	2.97591e-05 	1
62.5 	0.000377817 	3.30466e-05 	1
62.5625 	0.000191149 	6.29241e-06 	2
62.6875 	0.000152099 	6.13054e-06 	2
62.75 	0.000347382 	2.70249e-05 	1
62.875 	0.000277103 	2.10335e-05 	1
62.9375 	0.000158954 	1.43143e-05 	1
63.0 	0.000159684 	1.24818e-05 	1
63.0625 	0.000363134 	2.8708e-05 	1
63.125 	0.000242024 	2.15285e-05 	1
63.1875 	7.26307e-05 	7.43634e-06 	1
63.25 	0.000325393 	3.13502e-05 	1
63.375 	0.000276322 	2.1208e-05 	1
63.4375 	0.000243567 	1.86251e-05 	1
63.5 	0.000151692 	1.31001e-05 	1
63.5625 	0.000165486 	1.40727e-05 	1
63.625 	0.000149207 	5.31097e-06 	2
63.8125 	0.00012852 	5.09305e-06 	2
63.875 	0.000481505 	3.46951e-05 	1
63.9375 	0.000226216 	1.86012e-05 	1
64.0 	0.000385953 	2.98392e-05 	1
64.0625 	0.000144032 	1.36987e-05 	1
64.125 	0.000364149 	2.79564e-05 	1
64.25 	0.000210047 	1.77752e-05 	1
64.3125 	0.000448781 	3.28714e-05 	1
64.4375 	0.000341848 	2.96315e-05 	1
64.5 	0.000294012 	2.24847e-05 	1
64.5625 	0.000179311 	1.5551e-05 	1
64.6875 	0.000283168 	2.19888e-05 	1
64.75 	0.000161622 	1.38545e-05 	1
64.8125 	0.000158793 	1.41647e-05 	1
64.875 	0.000112385 	1.03623e-05 	1
64.9375 	0.000183697 	1.53025e-05 	1
65.0 	0.00017804 	1.63555e-05 	1
65.0625 	0.000184349 	1.67272e-05 	1
65.125 	0.000356526 	3.3978e-05 	1
65.1875 	0.000340057 	2.74114e-05 	1
65.25 	0.00017391 	1.56593e-05 	1
65.5 	0.000194881 	1.93375e-05 	1
65.625 	0.000213156 	1.77732e-05 	1
65.6875 	0.000247443 	2.17555e-05 	1
65.75 	0.000446805 	3.23438e-05 	1
65.8125 	0.000401362 	2.99872e-05 	1
65.875 	0.000130272 	3.70779e-06 	2
65.9375 	0.000451768 	3.39568e-05 	1
66.0 	0.00018998 	1.67903e-05 	1
66.0625 	0.000356095 	2.73602e-05 	1
66.125 	0.000170016 	1.55651e-05 	1
66.1875 	0.00020442 	1.57564e-05 	1
66.25 	0.000245682 	1.9508e-05 	1
66.3125 	0.000289331 	2.89309e-05 	1
66.375 	0.000173799 	1.5155e-05 	1
66.4375 	0.000282146 	2.53724e-05 	1
66.5 	0.000315658 	2.40435e-05 	1
66.5625 	0.000392583 	2.9333e-05 	1
66.625 	0.000271615 	2.29743e-05 	1
66.75 	0.000539523 	3.90941e-05 	1
66.8125 	0.000271288 	2.00243e-05 	1
66.875 	0.000182155 	1.69793e-05 	1
66.9375 	0.000346827 	2.49187e-05 	1
67.0 	0.00040821 	3.2752e-05 	1
67.125 	0.000215507 	2.06215e-05 	1
67.1875 	0.000345357 	3.28987e-05 	1
67.25 	0.000220185 	1.68364e-05 	1
67.3125 	0.000298278 	2.54481e-05 	1
67.375 	0.000171311 	1.63203e-05 	1
67.4375 	0.000459746 	3.38907e-05 	1
67.5 	0.000362152 	2.7827e-05 	1
67.5625 	0.000314342 	2.79936e-05 	1
67.625 	0.000104399 	9.91857e-06 	1
67.8125 	0.000189574 	1.5703e-05 	1
67.875 	0.000205599 	1.75021e-05 	1
67.9375 	0.000433437 	3.22339e-05 	1
68.0 	0.00022069 	1.74548e-05 	1
68.0625 	0.000147274 	4.01115e-06 	2
68.125 	0.00034874 	3.2106e-05 	1
68.1875 	0.000124698 	1.06554e-05 	1
68.25 	0.000271452 	2.02579e-05 	1
68.3125 	0.000146212 	1.38905e-05 	1
68.375 	0.000244824 	2.30205e-05 	1
68.4375 	0.000244234 	2.0022e-05 	1
68.5 	0.000150194 	1.40642e-05 	1
68.5625 	0.000486109 	3.56233e-05 	1
68.625 	0.000141124 	1.40934e-05 	1
68.6875 	0.000328227 	2.67339e-05 	1
68.75 	0.000118179 	4.20809e-06 	2
68.8125 	0.000136699 	1.24461e-05 	1
68.875 	0.000134478 	3.78814e-06 	2
68.9375 	0.00015118 	1.42808e-05 	1
69.0 	0.00022917 	1.85696e-05 	1
69.0625 	0.000204221 	2.03634e-05 	1
69.125 	0.000248799 	2.24419e-05 	1
69.1875 	0.000316554 	2.37944e-05 	1
69.25 	0.000476299 	3.8461e-05 	1
69.3125 	0.000430308 	3.45396e-05 	1
69.375 	9.49754e-05 	9.39782e-06 	1
69.4375 	0.000266322 	2.11719e-05 	1
69.5 	0.000255463 	2.01507e-05 	1
69.5625 	0.000228996 	1.76289e-05 	1
69.625 	0.000332287 	2.83022e-05 	1
69.75 	0.000213787 	1.98082e-05 	1
69.8125 	0.000527516 	3.84679e-05 	1
69.875 	0.000226332 	1.73261e-05 	1
69.9375 	0.000302019 	2.58451e-05 	1
