# time 	Initial 	Final 	Iterations
0.333274 	0.000119685 	5.84383e-05 	1
0.579973 	0.000217816 	7.92267e-05 	1
0.642226 	0.000160656 	4.91912e-05 	2
0.70448 	0.000275092 	7.14577e-05 	1
0.766734 	0.000186056 	6.9979e-05 	1
0.828988 	0.000183418 	7.25803e-05 	1
1.01575 	0.000291111 	4.22777e-05 	1
1.26477 	0.000112839 	2.56287e-05 	1
1.38927 	0.00023446 	4.17637e-05 	1
1.45153 	0.000120222 	5.55387e-05 	1
1.51378 	0.000249897 	6.52443e-05 	2
1.57604 	0.000344738 	7.0186e-05 	1
1.7628 	0.000140244 	5.96844e-05 	1
1.8873 	0.000302 	4.63784e-05 	1
1.94956 	0.000107517 	4.82508e-05 	1
2.07407 	0.000168233 	5.35117e-05 	1
2.19857 	0.000227939 	8.82681e-05 	1
2.26083 	0.000158045 	3.42863e-05 	1
2.32308 	0.000102121 	4.54973e-05 	1
2.38534 	9.51815e-05 	9.51815e-05 	0
2.44759 	9.43883e-05 	9.43883e-05 	0
2.63435 	0.000119592 	3.15406e-05 	1
2.69661 	0.000201264 	8.47923e-05 	1
2.88337 	0.000208135 	8.86091e-05 	2
2.94562 	0.000295735 	6.14521e-05 	1
3.07013 	0.000250366 	8.67714e-05 	1
3.19464 	0.000275263 	6.87708e-05 	2
3.25689 	0.000225766 	6.61543e-05 	1
3.31914 	0.000392493 	9.41577e-05 	1
3.3814 	0.000155005 	7.32786e-05 	1
3.44365 	0.000316408 	5.30074e-05 	1
3.50591 	0.000163959 	5.11488e-05 	2
3.69267 	0.000278965 	7.68378e-05 	1
3.75492 	0.000262955 	4.46933e-05 	1
3.81718 	0.000224325 	8.16094e-05 	1
3.87943 	0.000247191 	7.78348e-05 	1
4.00394 	0.000183285 	6.77885e-05 	1
4.06619 	0.000181307 	5.59653e-05 	1
4.12845 	0.000305161 	7.14674e-05 	1
4.1907 	0.000179648 	5.33888e-05 	1
4.25295 	0.000108575 	3.46742e-05 	1
4.31521 	0.000257576 	7.72997e-05 	1
4.37746 	0.000246566 	9.33886e-05 	1
4.50197 	0.000110491 	4.68277e-05 	1
4.56422 	0.000194186 	9.47991e-05 	1
4.62648 	0.000132679 	3.32884e-05 	1
4.68873 	0.000338984 	8.07723e-05 	1
4.81324 	0.000116505 	4.67156e-05 	1
4.87549 	8.4388e-05 	8.4388e-05 	0
4.93775 	0.000148925 	7.21061e-05 	2
5.0 	0.000240084 	8.94513e-05 	1
5.0625 	0.000200784 	5.90564e-05 	1
5.125 	0.000164419 	4.44759e-05 	1
5.25 	0.000295828 	5.69551e-05 	1
5.3125 	0.000112444 	4.2905e-05 	1
5.375 	0.000262438 	3.87421e-05 	1
5.5 	0.000153907 	6.32057e-05 	1
5.5625 	0.000211472 	6.56048e-05 	1
5.625 	0.000341243 	8.65631e-05 	4
5.6875 	0.000169442 	5.54382e-05 	1
5.75 	0.000163018 	5.48994e-05 	2
5.8125 	0.000168298 	3.45686e-05 	1
5.875 	0.000306549 	8.16288e-05 	3
5.9375 	0.000359977 	6.29997e-05 	1
6.0 	0.000112398 	3.91773e-05 	1
6.1875 	0.000330774 	6.96028e-05 	1
6.25 	0.000206195 	4.91358e-05 	1
6.4375 	0.000137012 	7.33053e-05 	1
6.75 	0.000138789 	9.24224e-05 	1
6.8125 	0.000280852 	4.21686e-05 	1
6.9375 	0.000148497 	6.45273e-05 	2
7.125 	0.000221067 	9.03074e-05 	2
7.1875 	0.000325952 	9.28079e-05 	1
7.25 	9.68489e-05 	9.68489e-05 	0
7.4375 	0.000190749 	5.66728e-05 	1
7.5625 	0.000229691 	4.14804e-05 	1
7.625 	0.000187105 	4.77357e-05 	1
7.6875 	0.000193506 	4.20213e-05 	1
7.8125 	0.000244429 	5.43529e-05 	1
7.9375 	0.000172351 	5.57482e-05 	1
8.0 	0.000132671 	6.00028e-05 	1
8.0625 	0.000211585 	8.1531e-05 	1
8.125 	0.000154635 	3.69152e-05 	1
8.25 	0.000276311 	3.73408e-05 	1
8.3125 	0.000152708 	4.88077e-05 	1
8.375 	0.000127141 	4.3303e-05 	1
8.4375 	0.000306738 	7.27441e-05 	1
8.5 	0.000175441 	5.86839e-05 	1
8.5625 	0.000117179 	4.94624e-05 	1
8.8125 	0.000266912 	8.21106e-05 	1
8.9375 	0.000189605 	3.7528e-05 	1
9.0 	0.000244514 	8.15568e-05 	1
9.0625 	9.91963e-05 	9.91963e-05 	0
9.1875 	0.000145327 	5.25523e-05 	1
9.25 	0.000191828 	9.76792e-05 	1
9.3125 	0.000215227 	8.84184e-05 	1
9.375 	0.000303612 	8.79366e-05 	1
9.4375 	0.00012239 	4.44013e-05 	1
9.5625 	0.000149662 	5.26313e-05 	1
9.625 	0.000271792 	7.2171e-05 	2
9.6875 	0.000295967 	6.8274e-05 	1
9.8125 	0.00019476 	5.84832e-05 	2
9.9375 	0.000372859 	2.91802e-05 	1
10.0 	0.00012223 	5.75044e-05 	1
10.0625 	0.000148031 	3.92594e-05 	1
10.1875 	0.000108368 	4.14908e-05 	1
10.3125 	0.00011112 	6.53728e-05 	1
10.625 	0.000117732 	2.75818e-05 	1
10.6875 	0.000198139 	9.43951e-05 	1
10.75 	9.67645e-05 	9.67645e-05 	0
10.8125 	0.000183496 	4.977e-05 	1
10.875 	0.000316216 	9.16327e-05 	3
11.0 	0.000313847 	9.37292e-05 	1
11.0625 	0.000240379 	5.17735e-05 	1
11.1875 	0.000154105 	3.57498e-05 	1
11.4375 	0.000119501 	6.58416e-05 	1
11.625 	0.000101712 	4.19669e-05 	1
11.6875 	0.000323317 	7.3923e-05 	1
11.75 	0.00015731 	3.96743e-05 	1
11.8125 	0.000162808 	8.90336e-05 	1
11.875 	0.00013478 	8.02762e-05 	1
11.9375 	0.000215345 	6.91274e-05 	2
12.0 	0.000134678 	8.07975e-05 	1
12.0625 	0.000230381 	6.43397e-05 	1
12.1875 	0.000276302 	6.59032e-05 	1
12.25 	0.000104667 	4.10929e-05 	1
12.3125 	0.000203991 	7.34305e-05 	1
12.375 	0.00019094 	5.54966e-05 	1
12.625 	0.000104624 	3.69321e-05 	1
12.6875 	0.000153747 	6.82273e-05 	1
12.8125 	0.000114193 	4.41578e-05 	1
12.875 	0.000272309 	9.19816e-05 	1
13.0 	0.000126115 	6.75978e-05 	1
13.0625 	0.000121089 	6.9111e-05 	1
13.1875 	0.000111002 	3.90619e-05 	1
13.25 	0.000192435 	4.8146e-05 	1
13.375 	0.000190267 	3.01245e-05 	1
13.4375 	0.000135938 	3.79864e-05 	1
13.5625 	0.000139895 	5.87628e-05 	2
13.625 	0.000164203 	8.96259e-05 	1
13.6875 	0.000141018 	2.98364e-05 	1
14.0 	0.000360128 	7.73518e-05 	1
14.0625 	0.000201161 	4.04058e-05 	1
14.125 	0.000142082 	3.99976e-05 	1
14.1875 	0.000227822 	7.16306e-05 	2
14.3125 	0.000190591 	5.25593e-05 	1
14.375 	0.000281176 	3.44619e-05 	1
14.4375 	0.000354483 	7.72799e-05 	1
14.5 	0.000155001 	5.31331e-05 	1
14.625 	0.000179338 	6.99857e-05 	1
14.6875 	0.000152689 	6.24563e-05 	1
14.75 	0.000183624 	7.09165e-05 	1
14.8125 	0.000234284 	5.74639e-05 	1
14.9375 	0.000274966 	8.74505e-05 	1
15.0 	0.000301347 	6.53319e-05 	1
15.1875 	0.000169917 	8.24702e-05 	1
15.25 	0.000331547 	6.81941e-05 	1
15.3125 	0.000123923 	4.84198e-05 	1
15.375 	0.000145006 	8.29119e-05 	1
15.4375 	0.000136908 	4.74672e-05 	1
15.5 	0.000126527 	3.94605e-05 	1
15.5625 	7.00887e-05 	7.00887e-05 	0
15.75 	0.000238332 	2.72259e-05 	1
15.8125 	0.000131863 	5.61976e-05 	1
15.875 	9.70969e-05 	9.70969e-05 	0
15.9375 	0.000147946 	5.47356e-05 	1
16.0 	0.000235321 	6.02604e-05 	2
16.0625 	0.000213661 	4.43252e-05 	1
16.125 	0.000161024 	2.52926e-05 	1
16.1875 	0.00035293 	5.58898e-05 	1
16.25 	0.000261481 	5.15799e-05 	1
16.3125 	0.000214484 	5.11979e-05 	2
16.375 	0.000260406 	5.94993e-05 	1
16.4375 	0.000111933 	5.50331e-05 	1
16.5 	8.48278e-05 	8.48278e-05 	0
16.625 	0.000279643 	9.06983e-05 	1
16.6875 	0.000157824 	3.47911e-05 	1
16.75 	0.000206037 	7.18396e-05 	1
16.8125 	0.000230043 	2.71786e-05 	1
16.875 	6.29005e-05 	6.29005e-05 	0
16.9375 	0.000198212 	3.28105e-05 	1
17.25 	0.000210334 	7.78163e-05 	1
17.3125 	0.000184923 	6.90225e-05 	1
17.375 	0.000202895 	9.03162e-05 	2
17.4375 	0.00018048 	5.42992e-05 	1
17.5 	0.000214602 	3.6319e-05 	1
17.5625 	0.000100162 	3.85107e-05 	1
17.625 	0.000128021 	6.57834e-05 	1
17.6875 	0.000128407 	5.97717e-05 	1
17.75 	0.000254988 	9.268e-05 	1
18.0 	0.000152955 	3.27783e-05 	1
18.0625 	0.000201331 	3.77228e-05 	1
18.125 	0.000181597 	4.09456e-05 	1
18.1875 	0.000256357 	7.10761e-05 	1
18.25 	0.000207157 	5.51077e-05 	1
18.375 	0.000233025 	6.99445e-05 	1
18.4375 	0.000386481 	7.25146e-05 	1
18.5625 	0.000306047 	8.76665e-05 	3
18.625 	0.000266108 	4.38612e-05 	1
18.75 	9.47436e-05 	9.47436e-05 	0
18.8125 	0.000127125 	2.67595e-05 	1
18.875 	0.000193758 	8.67577e-05 	1
18.9375 	0.000304747 	7.23004e-05 	2
19.125 	0.000208874 	5.70148e-05 	1
19.25 	0.000130308 	3.32058e-05 	1
19.4375 	0.000100734 	2.103e-05 	1
19.5 	0.000238927 	5.5405e-05 	1
19.625 	0.00016626 	4.42676e-05 	1
19.6875 	0.000188559 	5.24325e-05 	2
19.75 	0.000199432 	5.09319e-05 	1
19.9375 	0.000195924 	3.44266e-05 	1
20.0 	0.000170414 	5.58737e-05 	1
20.0625 	0.000111364 	6.3724e-05 	1
20.125 	0.000124629 	3.96096e-05 	1
20.1875 	0.000313881 	7.18196e-05 	1
20.25 	0.000225601 	3.46579e-05 	1
20.375 	0.000194053 	5.7744e-05 	1
20.4375 	0.000286099 	6.36942e-05 	2
20.5 	0.000113719 	4.56421e-05 	1
20.5625 	0.000149169 	5.77291e-05 	1
20.625 	0.000143141 	8.56038e-05 	1
20.6875 	0.000190828 	4.55001e-05 	1
20.75 	0.000276439 	4.425e-05 	1
21.0 	0.000199725 	5.32002e-05 	1
21.0625 	0.000261025 	7.21846e-05 	1
21.1875 	9.79876e-05 	9.79876e-05 	0
21.3125 	0.000126727 	4.74947e-05 	1
21.375 	0.000365169 	8.29056e-05 	1
21.5625 	0.000152865 	3.22815e-05 	1
21.625 	0.000132687 	3.7968e-05 	1
21.75 	0.00010839 	4.23941e-05 	1
21.8125 	0.00018866 	4.65031e-05 	1
21.875 	0.000192627 	5.13464e-05 	1
21.9375 	0.000180539 	8.87171e-05 	1
22.125 	0.000300189 	3.98399e-05 	1
22.1875 	0.000196924 	4.59721e-05 	1
22.25 	0.00023649 	6.81064e-05 	1
22.3125 	0.000284734 	7.28588e-05 	1
22.375 	0.000146419 	9.75193e-05 	1
22.8125 	0.000266384 	7.82039e-05 	1
22.9375 	0.000254775 	9.39425e-05 	1
23.0 	0.000267959 	6.21162e-05 	1
23.125 	0.000195767 	3.32834e-05 	1
23.1875 	0.000215158 	7.65903e-05 	1
23.3125 	0.000140165 	6.27272e-05 	1
23.375 	0.000103264 	2.91881e-05 	1
23.4375 	0.000126482 	8.13597e-05 	1
23.6875 	9.70019e-05 	9.70019e-05 	0
23.8125 	0.000259181 	9.36214e-05 	2
23.875 	9.78724e-05 	9.78724e-05 	0
24.0 	0.00016033 	5.89214e-05 	1
24.0625 	0.00014447 	9.20609e-05 	1
24.125 	0.000271162 	6.00834e-05 	1
24.3125 	0.000234503 	8.52505e-05 	1
24.375 	0.000205161 	6.37791e-05 	1
24.4375 	0.000134118 	7.45623e-05 	1
24.5625 	0.000142731 	5.6097e-05 	1
24.625 	0.000204389 	6.20199e-05 	1
24.6875 	0.000130908 	2.17055e-05 	1
24.75 	0.000145883 	6.28116e-05 	1
24.8125 	0.000204246 	4.22621e-05 	1
25.0 	0.000135159 	3.84446e-05 	1
25.0625 	0.000169041 	3.99879e-05 	1
25.125 	0.00032159 	7.66521e-05 	1
25.25 	0.000139315 	4.99076e-05 	1
25.3125 	0.000150503 	5.57159e-05 	1
25.625 	8.29634e-05 	8.29634e-05 	0
25.6875 	0.000139116 	4.3966e-05 	1
25.75 	0.000121355 	8.99131e-05 	1
25.8125 	0.000158058 	6.50816e-05 	1
25.875 	0.000248923 	4.62676e-05 	1
25.9375 	0.000200841 	8.00605e-05 	1
26.0 	0.000164312 	6.31301e-05 	1
26.0625 	0.000102134 	2.99965e-05 	1
26.125 	0.000114651 	3.44261e-05 	1
26.25 	0.00021633 	4.72237e-05 	1
26.3125 	0.000173398 	4.37506e-05 	1
26.375 	0.000175456 	4.55272e-05 	1
26.5 	0.000232918 	9.27001e-05 	2
26.5625 	0.000127581 	4.61717e-05 	1
26.625 	0.000223685 	6.65976e-05 	1
26.6875 	0.00024731 	5.93697e-05 	1
26.875 	0.000351792 	7.16415e-05 	1
26.9375 	0.000123265 	3.60837e-05 	1
27.0 	0.000122657 	4.46051e-05 	1
27.25 	0.000153871 	6.68199e-05 	1
27.3125 	0.00017644 	2.8238e-05 	1
27.375 	0.00028147 	5.87116e-05 	1
27.5 	0.000398748 	9.71269e-05 	1
27.5625 	9.28278e-05 	9.28278e-05 	0
27.625 	0.000136727 	6.98765e-05 	1
27.6875 	0.000266494 	5.1735e-05 	1
27.75 	0.000143632 	4.7095e-05 	1
27.8125 	0.000362124 	6.97911e-05 	1
27.875 	0.000190899 	6.82495e-05 	1
28.0 	0.000115612 	5.96212e-05 	1
28.0625 	0.000163661 	3.84654e-05 	1
28.125 	0.000204461 	9.12546e-05 	1
28.3125 	0.000166419 	1.99015e-05 	1
28.4375 	0.000140597 	6.64264e-05 	1
28.5 	0.00040035 	9.47859e-05 	1
28.625 	0.000137087 	4.85351e-05 	1
28.6875 	0.000347295 	7.75695e-05 	2
28.8125 	0.000381675 	7.5433e-05 	1
28.875 	0.000128077 	3.63256e-05 	1
28.9375 	0.000231681 	8.36661e-05 	1
29.0 	0.000180294 	5.4452e-05 	1
29.0625 	0.000273215 	7.63878e-05 	1
29.125 	0.000227627 	8.15664e-05 	2
29.1875 	0.000129049 	7.99493e-05 	1
29.25 	0.000151804 	3.95339e-05 	1
29.375 	0.000225439 	7.11117e-05 	2
29.4375 	0.000174176 	6.68037e-05 	1
29.5 	0.000155386 	6.49898e-05 	1
29.625 	0.000197214 	2.80257e-05 	1
29.6875 	0.000298865 	7.50637e-05 	1
29.75 	0.0001851 	2.78585e-05 	1
29.9375 	0.000183085 	8.41438e-05 	1
30.125 	0.000171956 	6.10018e-05 	2
30.1875 	0.000235954 	5.93967e-05 	1
30.25 	0.000230966 	9.60677e-05 	1
30.3125 	0.000319233 	8.50596e-05 	1
30.375 	0.000216647 	5.00951e-05 	1
30.4375 	0.000124055 	2.9271e-05 	1
30.5 	0.000193107 	4.74142e-05 	1
30.5625 	0.000158032 	6.23824e-05 	1
30.6875 	0.000104828 	2.44816e-05 	1
30.8125 	0.00015854 	4.97243e-05 	1
30.9375 	0.000134855 	8.04992e-05 	1
31.1875 	0.00015511 	7.17329e-05 	1
31.25 	0.000238132 	5.23872e-05 	1
31.375 	0.000198689 	8.32856e-05 	1
31.5 	0.000219285 	9.94664e-05 	1
31.625 	0.000107745 	2.65215e-05 	1
31.75 	0.000180722 	3.3833e-05 	1
31.8125 	0.000231437 	4.207e-05 	1
31.875 	0.000251765 	7.35138e-05 	1
32.0 	0.000425483 	6.98445e-05 	1
32.125 	0.000228258 	4.20675e-05 	1
32.1875 	0.000195453 	4.27808e-05 	1
32.25 	0.000339171 	7.55765e-05 	3
32.3125 	0.000324011 	8.26864e-05 	4
32.4375 	0.000234291 	5.72435e-05 	1
32.5 	0.000153996 	5.60905e-05 	1
32.625 	0.00020678 	5.75248e-05 	1
32.6875 	0.000291047 	9.71114e-05 	1
32.75 	0.000134238 	7.56281e-05 	1
32.8125 	0.000237994 	5.93445e-05 	1
32.875 	0.000203428 	7.50553e-05 	1
33.0 	0.000228985 	8.27728e-05 	1
33.0625 	0.000226142 	7.88148e-05 	1
33.125 	0.000143285 	6.76406e-05 	1
33.1875 	0.000172503 	4.88978e-05 	1
33.25 	0.000384257 	7.22974e-05 	1
33.3125 	0.000242169 	9.05397e-05 	1
33.375 	0.000293461 	8.20147e-05 	1
33.4375 	0.000330979 	9.30302e-05 	3
33.625 	0.000125447 	9.15352e-05 	1
33.6875 	0.00032796 	7.38107e-05 	2
33.75 	0.000199446 	4.26376e-05 	1
33.875 	0.000301293 	8.78284e-05 	3
33.9375 	0.000224524 	3.53594e-05 	1
34.0625 	0.000406434 	7.91975e-05 	1
34.125 	0.000130536 	5.7461e-05 	1
34.1875 	0.000124448 	7.24554e-05 	1
34.25 	0.00022029 	9.93404e-05 	3
34.3125 	0.000138923 	8.24178e-05 	1
34.375 	0.000405488 	9.63328e-05 	1
34.4375 	0.000120628 	4.79779e-05 	1
34.5 	8.90573e-05 	8.90573e-05 	0
34.5625 	0.000248847 	6.73694e-05 	2
34.625 	0.00032569 	7.20793e-05 	1
34.6875 	0.000108993 	3.71175e-05 	1
34.875 	0.000164678 	8.47954e-05 	1
34.9375 	0.000185327 	5.19832e-05 	1
35.0625 	0.00021753 	8.49186e-05 	1
35.125 	0.000221982 	7.38726e-05 	1
35.25 	0.0001621 	5.73415e-05 	1
35.3125 	0.000306748 	9.00111e-05 	1
35.375 	0.000358215 	7.74766e-05 	1
35.5625 	0.000134383 	3.2738e-05 	1
35.625 	0.000264872 	8.04924e-05 	1
35.6875 	0.000150693 	4.10517e-05 	1
35.75 	0.000236564 	7.28022e-05 	1
35.8125 	0.000112781 	4.22088e-05 	1
35.875 	0.000231295 	8.08956e-05 	1
35.9375 	9.61207e-05 	9.61207e-05 	0
36.0 	0.000219455 	5.41571e-05 	1
36.125 	0.000115597 	6.86332e-05 	1
36.25 	0.00033256 	8.55104e-05 	2
36.4375 	0.000132264 	6.48212e-05 	1
36.5 	9.41841e-05 	9.41841e-05 	0
36.5625 	0.000240109 	7.44542e-05 	2
36.625 	0.000146532 	4.44463e-05 	1
36.8125 	0.000389252 	6.74593e-05 	1
36.875 	0.000268491 	6.95512e-05 	2
37.0625 	0.000145725 	6.1007e-05 	1
37.125 	0.00013373 	6.30584e-05 	1
37.1875 	0.0002238 	7.57809e-05 	1
37.3125 	0.000286109 	8.22523e-05 	1
37.375 	0.00014337 	9.48468e-05 	1
37.4375 	0.000153244 	6.06341e-05 	2
37.5 	0.000177097 	5.09129e-05 	1
37.5625 	0.000363936 	8.92985e-05 	1
37.75 	0.00019647 	3.66032e-05 	2
37.8125 	0.00016569 	5.68692e-05 	1
37.9375 	0.000184408 	7.92696e-05 	1
38.0 	0.000214775 	9.28205e-05 	1
38.0625 	0.000122799 	5.6259e-05 	1
38.125 	0.000150186 	7.00675e-05 	1
38.1875 	0.000156699 	5.65077e-05 	2
38.25 	0.000124046 	5.83543e-05 	1
38.3125 	0.000244304 	8.0997e-05 	1
38.4375 	0.000172027 	6.93833e-05 	1
38.5625 	0.000155951 	4.58838e-05 	1
38.6875 	0.00039909 	5.87146e-05 	1
38.8125 	0.000124413 	8.17834e-05 	1
38.875 	0.000152984 	5.09616e-05 	1
38.9375 	0.000372819 	8.95048e-05 	1
39.0 	0.00021332 	4.14467e-05 	2
39.0625 	0.000178577 	5.56792e-05 	1
39.125 	0.000248549 	7.00777e-05 	2
39.1875 	0.000149293 	4.72929e-05 	1
39.25 	0.000238396 	6.41372e-05 	1
39.3125 	0.000267303 	4.70239e-05 	1
39.5 	0.000145265 	3.42197e-05 	1
39.5625 	0.000254164 	3.70037e-05 	1
39.625 	0.000174195 	9.8393e-05 	1
39.6875 	0.000199356 	6.33262e-05 	2
39.75 	0.000175341 	5.29966e-05 	1
39.8125 	9.94275e-05 	9.94275e-05 	0
39.875 	0.000273335 	9.68561e-05 	1
39.9375 	0.000221384 	7.30022e-05 	1
40.0 	0.000195639 	4.25214e-05 	2
40.125 	0.00031051 	6.33634e-05 	1
40.25 	0.000139931 	4.79782e-05 	1
40.3125 	8.22618e-05 	8.22618e-05 	0
40.4375 	0.000245614 	6.63474e-05 	2
40.5 	0.000131255 	5.00993e-05 	1
40.5625 	0.000249269 	9.57493e-05 	1
40.625 	0.000169147 	4.1597e-05 	1
40.8125 	0.000311391 	6.06917e-05 	1
40.9375 	0.000190122 	4.27191e-05 	1
41.125 	0.000117026 	4.29462e-05 	1
41.1875 	9.19091e-05 	9.19091e-05 	0
41.25 	0.000202357 	5.4722e-05 	1
41.3125 	0.000130958 	5.6968e-05 	1
41.4375 	0.000174179 	4.90101e-05 	1
41.5 	0.000238346 	7.70004e-05 	1
41.5625 	0.000185737 	9.91585e-05 	1
41.6875 	0.000281591 	4.14984e-05 	1
41.8125 	7.61253e-05 	7.61253e-05 	0
41.875 	0.000242983 	8.22909e-05 	1
41.9375 	0.000169087 	4.79119e-05 	2
42.0 	0.000283134 	6.89825e-05 	1
42.25 	0.000471815 	7.00268e-05 	1
42.5 	0.000282461 	7.12684e-05 	4
42.6875 	0.000262181 	4.14675e-05 	1
42.8125 	0.000160215 	3.91159e-05 	1
42.875 	0.000338593 	5.61533e-05 	1
42.9375 	0.000317778 	8.36473e-05 	1
43.0 	0.000239986 	6.76252e-05 	1
43.0625 	0.000209711 	7.54767e-05 	1
43.1875 	0.000140322 	4.2161e-05 	1
43.3125 	8.3515e-05 	8.3515e-05 	0
43.375 	0.000241024 	7.9837e-05 	1
43.6875 	0.000135661 	3.61672e-05 	1
43.8125 	0.000285251 	6.87462e-05 	1
43.9375 	0.000225485 	3.77621e-05 	1
44.0 	0.000183669 	9.31822e-05 	1
44.0625 	0.000182612 	5.72349e-05 	2
44.125 	0.000117163 	5.71677e-05 	1
44.1875 	0.000166255 	6.25045e-05 	1
44.25 	0.000253335 	6.65858e-05 	1
44.3125 	0.00027573 	7.19657e-05 	3
44.375 	0.000158924 	8.22736e-05 	1
44.4375 	0.000160006 	2.68659e-05 	1
44.5625 	0.000281677 	6.6782e-05 	2
44.6875 	0.000149197 	5.13133e-05 	1
44.75 	0.000117198 	3.58301e-05 	1
44.8125 	0.000140465 	6.71845e-05 	1
44.875 	0.000140771 	5.81733e-05 	1
44.9375 	0.000200877 	4.37077e-05 	1
45.0 	4.57504e-05 	4.57504e-05 	0
45.0625 	0.000206247 	7.78205e-05 	2
45.1875 	0.000240991 	4.79176e-05 	1
45.3125 	0.000261914 	5.36418e-05 	1
45.5 	0.000254993 	8.23856e-05 	2
45.625 	0.000137396 	3.53778e-05 	1
45.6875 	0.000309536 	4.46348e-05 	1
45.75 	0.000145003 	4.75808e-05 	1
45.9375 	0.000161567 	5.25713e-05 	1
46.0 	0.000157891 	2.89462e-05 	1
46.0625 	0.000153087 	7.16396e-05 	1
46.3125 	0.000229993 	8.28461e-05 	1
46.375 	0.000142555 	2.67749e-05 	1
46.5625 	0.000197649 	4.22081e-05 	1
46.625 	0.000154298 	6.39831e-05 	1
46.6875 	0.0003613 	8.89747e-05 	3
46.75 	0.00016511 	6.261e-05 	1
46.8125 	0.000265466 	4.69993e-05 	1
46.875 	0.000191166 	4.98952e-05 	1
47.0 	0.000121708 	9.07001e-05 	1
47.0625 	0.000161458 	6.67763e-05 	1
47.125 	0.000137315 	3.25752e-05 	1
47.1875 	0.000232626 	6.60207e-05 	1
47.25 	0.000151962 	4.13869e-05 	1
47.375 	0.000106008 	5.11949e-05 	1
47.5 	0.000172694 	8.48988e-05 	1
47.5625 	0.000230161 	6.67134e-05 	1
47.625 	0.000251108 	7.12121e-05 	1
47.6875 	0.000203092 	6.14554e-05 	1
47.8125 	0.000275744 	9.34391e-05 	1
48.0 	0.000185158 	8.55457e-05 	1
48.0625 	0.00022766 	6.4002e-05 	1
48.1875 	0.000213713 	6.201e-05 	1
48.25 	0.000236158 	6.81594e-05 	1
48.3125 	0.000171632 	6.94983e-05 	1
48.4375 	0.000145632 	5.4546e-05 	1
48.5 	0.000139739 	7.19482e-05 	1
48.5625 	0.000190429 	8.87746e-05 	1
48.75 	0.000243201 	6.00886e-05 	1
48.8125 	0.000147087 	9.09451e-05 	1
48.9375 	0.000123406 	7.93946e-05 	1
49.0 	0.00011944 	6.73256e-05 	1
49.125 	0.000228639 	7.47742e-05 	1
49.1875 	0.000156106 	4.8605e-05 	1
49.25 	0.000151301 	5.99071e-05 	1
49.3125 	0.000197712 	4.86667e-05 	1
49.375 	0.000334809 	9.21327e-05 	2
49.4375 	0.000128577 	4.23026e-05 	1
49.5 	0.000127227 	5.69263e-05 	1
49.5625 	9.97376e-05 	9.97376e-05 	0
49.625 	0.000432344 	6.64324e-05 	1
49.6875 	0.000365228 	8.20371e-05 	3
49.75 	0.000115976 	4.14794e-05 	1
50.0625 	0.000252974 	8.57195e-05 	3
50.125 	0.000198477 	9.51793e-05 	1
50.25 	0.000155813 	4.3125e-05 	1
50.3125 	0.000167631 	7.86241e-05 	1
50.375 	0.000225473 	3.31901e-05 	1
50.4375 	0.000241931 	6.31655e-05 	1
50.5625 	8.89391e-05 	8.89391e-05 	0
50.625 	0.000295738 	9.88531e-05 	1
50.75 	0.0002514 	8.09679e-05 	1
50.8125 	0.000214087 	3.48107e-05 	1
50.875 	0.000330658 	8.86895e-05 	1
50.9375 	0.000173304 	3.24867e-05 	1
51.0 	0.000168994 	5.0403e-05 	1
51.125 	0.000255569 	7.45383e-05 	1
51.1875 	0.000190782 	6.89568e-05 	1
51.25 	0.000190418 	4.57664e-05 	1
51.3125 	0.000313951 	5.53133e-05 	1
51.375 	0.000169943 	7.63504e-05 	1
51.4375 	0.000244978 	8.73559e-05 	1
51.5 	0.000233547 	5.38554e-05 	1
51.5625 	0.000145768 	2.34594e-05 	1
51.625 	0.000152763 	4.98871e-05 	1
51.6875 	0.000162006 	6.32158e-05 	1
51.8125 	0.000338001 	9.16413e-05 	1
51.875 	0.000293926 	2.40601e-05 	1
52.0 	0.000148103 	5.79498e-05 	1
52.0625 	0.000144253 	4.9818e-05 	1
52.1875 	0.000306324 	7.4835e-05 	1
52.3125 	0.000331364 	8.19151e-05 	4
52.375 	0.000262464 	6.11339e-05 	1
52.5 	0.000133387 	5.64031e-05 	1
52.625 	0.000282185 	7.38786e-05 	1
52.6875 	9.35765e-05 	9.35765e-05 	0
52.75 	0.000112189 	2.88366e-05 	1
52.8125 	0.000159953 	2.34648e-05 	1
52.875 	0.000252198 	4.39978e-05 	1
52.9375 	0.000321366 	7.21542e-05 	3
53.125 	0.000250791 	8.39892e-05 	1
53.1875 	0.000339017 	8.40874e-05 	1
53.25 	0.000143674 	6.81671e-05 	1
53.3125 	0.000389118 	9.43003e-05 	1
53.5 	0.000237973 	5.58088e-05 	1
53.5625 	0.000212493 	6.16843e-05 	1
53.625 	0.000164602 	4.84181e-05 	1
53.6875 	0.000268488 	6.91867e-05 	1
53.75 	0.000170855 	5.87793e-05 	2
53.8125 	0.000162721 	4.9043e-05 	1
53.875 	0.00014868 	3.23251e-05 	1
54.0 	0.000151288 	2.07385e-05 	1
54.0625 	0.000245461 	7.23936e-05 	1
54.1875 	0.000200026 	6.01713e-05 	1
54.25 	0.000272524 	8.70224e-05 	1
54.3125 	0.000235087 	9.7844e-05 	1
54.375 	0.000246719 	5.56571e-05 	2
54.4375 	0.00038649 	7.55353e-05 	1
54.6875 	0.000157004 	3.31736e-05 	1
54.8125 	0.000227992 	5.14944e-05 	1
54.875 	0.000185351 	4.96889e-05 	1
54.9375 	0.000157811 	5.7437e-05 	1
55.0 	0.000101742 	8.56298e-05 	1
55.0625 	0.000235616 	7.58159e-05 	1
55.125 	0.000330529 	7.82325e-05 	1
55.3125 	0.000267269 	7.2338e-05 	1
55.4375 	0.000246732 	6.90891e-05 	1
55.5 	0.0001425 	5.66384e-05 	1
55.625 	0.000350635 	6.74132e-05 	1
55.6875 	0.000268195 	6.88525e-05 	2
55.75 	0.000270762 	8.72996e-05 	1
55.875 	0.000140725 	5.79678e-05 	1
55.9375 	0.00017563 	6.42682e-05 	1
56.0 	0.000166909 	3.99215e-05 	1
56.0625 	0.000180674 	9.12806e-05 	1
56.3125 	0.000190701 	6.60309e-05 	1
56.375 	0.000143646 	4.85195e-05 	2
56.4375 	0.000189922 	6.90152e-05 	1
56.5625 	0.000229224 	4.08142e-05 	1
56.6875 	0.000133007 	6.32315e-05 	1
56.75 	0.000210453 	8.16738e-05 	1
56.8125 	0.000121777 	8.94347e-05 	1
56.9375 	0.000269216 	5.65057e-05 	1
57.0 	0.00018043 	4.46404e-05 	1
57.0625 	0.000195306 	7.63191e-05 	1
57.1875 	0.000207128 	8.57203e-05 	1
57.25 	0.000144689 	4.72294e-05 	1
57.3125 	0.000155315 	8.98736e-05 	1
57.375 	0.000290903 	7.91709e-05 	1
57.4375 	9.39091e-05 	9.39091e-05 	0
57.5 	0.000198296 	3.19681e-05 	1
57.5625 	0.000242716 	6.53565e-05 	1
57.625 	0.000262806 	7.54208e-05 	2
57.6875 	8.3789e-05 	8.3789e-05 	0
57.75 	0.000161356 	3.68604e-05 	1
57.8125 	0.000251126 	8.78358e-05 	1
58.0 	0.000231229 	5.85721e-05 	1
58.0625 	0.000410424 	7.5463e-05 	1
58.125 	9.26954e-05 	9.26954e-05 	0
58.1875 	0.000229373 	5.10726e-05 	1
58.25 	0.000177342 	7.5981e-05 	1
58.3125 	0.00022023 	4.42777e-05 	1
58.4375 	8.98009e-05 	8.98009e-05 	0
58.5625 	0.000120109 	7.20243e-05 	1
58.625 	0.000105217 	4.22723e-05 	1
58.6875 	8.55929e-05 	8.55929e-05 	0
58.8125 	0.000130797 	4.70978e-05 	1
58.875 	0.000195118 	7.19309e-05 	1
58.9375 	0.000357739 	8.14795e-05 	2
59.0 	0.000179619 	9.84891e-05 	1
59.125 	0.000172935 	5.1858e-05 	1
59.25 	0.000269797 	6.26518e-05 	1
59.3125 	0.000290933 	8.01774e-05 	1
59.375 	0.000217046 	7.59785e-05 	2
59.4375 	0.000208847 	7.56904e-05 	1
59.5 	0.000214049 	6.22134e-05 	1
59.6875 	0.000218356 	8.4614e-05 	1
59.8125 	0.000233842 	8.28157e-05 	1
59.875 	0.000114267 	5.39629e-05 	1
59.9375 	0.000302131 	6.58763e-05 	1
60.0625 	0.000239332 	5.76979e-05 	1
60.125 	0.000153748 	6.10478e-05 	1
60.375 	0.000271704 	4.35565e-05 	1
60.4375 	0.000323921 	8.69011e-05 	1
60.5625 	0.000355296 	6.97612e-05 	1
60.625 	9.46168e-05 	9.46168e-05 	0
60.75 	9.02039e-05 	9.02039e-05 	0
60.8125 	0.000239345 	4.55349e-05 	1
60.875 	0.000243136 	6.80489e-05 	1
61.0 	0.000191668 	5.71227e-05 	1
61.125 	0.000176929 	5.3989e-05 	1
61.1875 	0.000196666 	4.13312e-05 	1
61.25 	0.000269359 	9.14334e-05 	2
61.3125 	0.000170233 	8.2293e-05 	1
61.375 	0.000154507 	6.36329e-05 	1
61.4375 	0.000173312 	5.74851e-05 	2
61.5 	0.000216716 	7.96603e-05 	1
61.625 	0.000182606 	7.87011e-05 	1
61.6875 	0.000253831 	9.35612e-05 	1
61.8125 	0.000153819 	3.56789e-05 	1
61.875 	0.000247396 	4.98906e-05 	1
61.9375 	0.000139136 	3.26142e-05 	1
62.0 	0.000142119 	3.80141e-05 	1
62.125 	0.000180094 	4.81186e-05 	1
62.1875 	0.000113322 	3.36808e-05 	1
62.25 	0.000184377 	8.23513e-05 	1
62.375 	0.000235128 	6.53e-05 	1
62.5 	0.000135844 	1.98596e-05 	1
62.5625 	0.000271522 	3.92542e-05 	1
62.75 	0.000173619 	7.36622e-05 	1
62.875 	0.000129866 	5.32225e-05 	1
62.9375 	0.000187288 	6.66753e-05 	1
63.0 	0.00031024 	8.1914e-05 	1
63.125 	0.000213905 	7.87548e-05 	1
63.25 	0.00013175 	4.12802e-05 	1
63.4375 	0.000298539 	8.14424e-05 	3
63.5625 	0.000345648 	7.82984e-05 	1
63.8125 	8.39961e-05 	8.39961e-05 	0
63.9375 	0.000150746 	7.0757e-05 	1
64.0 	0.000263232 	5.54606e-05 	2
64.0625 	0.000317679 	5.22909e-05 	1
64.25 	0.000236054 	6.19817e-05 	2
64.4375 	0.000294054 	7.60947e-05 	1
64.5625 	0.000186429 	5.55802e-05 	1
64.6875 	0.000208798 	6.57249e-05 	2
64.75 	0.000221606 	4.61221e-05 	1
64.8125 	0.000121879 	4.53221e-05 	1
64.875 	0.000282693 	6.62609e-05 	2
64.9375 	0.000153588 	7.48909e-05 	1
65.0 	0.000191182 	6.20065e-05 	1
65.0625 	0.000145177 	5.37928e-05 	1
65.125 	0.000216264 	7.07132e-05 	2
65.25 	0.000176067 	4.67848e-05 	1
65.5 	0.00014507 	3.59263e-05 	1
65.625 	0.000168649 	9.40216e-05 	1
65.8125 	0.000331554 	7.57392e-05 	2
65.9375 	0.000164219 	3.408e-05 	1
66.0 	0.000251946 	5.28849e-05 	1
66.0625 	0.000124461 	4.11445e-05 	1
66.1875 	9.09498e-05 	9.09498e-05 	0
66.25 	0.000348832 	6.31688e-05 	1
66.3125 	0.000180351 	5.52571e-05 	1
66.375 	0.000156182 	3.25285e-05 	1
66.5 	9.54502e-05 	9.54502e-05 	0
66.75 	0.00021398 	2.81573e-05 	1
66.8125 	0.000248691 	6.17798e-05 	1
66.875 	0.000135223 	5.85039e-05 	1
66.9375 	0.000246644 	7.89607e-05 	1
67.0 	0.00018709 	6.38116e-05 	1
67.1875 	0.000184857 	3.05062e-05 	1
67.25 	0.00015412 	5.24003e-05 	1
67.375 	0.000175738 	5.71406e-05 	1
67.4375 	0.000190867 	2.57101e-05 	1
67.5 	0.000314215 	5.06847e-05 	1
67.8125 	0.000394868 	6.36469e-05 	1
67.875 	0.000311574 	6.26125e-05 	1
67.9375 	0.000294031 	4.39938e-05 	1
68.0 	0.000197058 	4.40898e-05 	1
68.0625 	0.00020933 	8.79384e-05 	1
68.125 	0.000248823 	5.19049e-05 	1
68.1875 	0.000174203 	8.70906e-05 	1
68.3125 	0.000133272 	3.84114e-05 	1
68.375 	0.000311559 	5.81504e-05 	1
68.4375 	0.000316436 	7.01332e-05 	1
68.5625 	0.000106401 	4.7083e-05 	1
68.625 	0.000207288 	7.67391e-05 	1
68.6875 	0.000319269 	9.15574e-05 	3
68.75 	0.000340681 	6.13094e-05 	1
68.8125 	9.36632e-05 	9.36632e-05 	0
68.9375 	0.000164592 	4.06254e-05 	1
69.0625 	0.000150537 	3.25824e-05 	1
69.125 	0.000186534 	6.24471e-05 	1
69.1875 	0.000109816 	2.88468e-05 	1
69.25 	0.000289039 	7.52889e-05 	2
69.3125 	0.000151766 	6.25511e-05 	1
69.4375 	0.000130291 	5.89228e-05 	1
69.5 	0.000112219 	4.66468e-05 	1
69.625 	9.74477e-05 	9.74477e-05 	0
69.75 	0.000117468 	5.90673e-05 	1
69.8125 	0.000116831 	4.54128e-05 	1
69.875 	0.000160244 	7.24213e-05 	1
69.9375 	0.000368387 	5.95884e-05 	1
