# time 	Initial 	Final 	Iterations
0.333274 	0.000171963 	8.41825e-05 	2
0.392346 	0.000144999 	9.00014e-05 	1
0.579973 	9.64776e-05 	9.64776e-05 	0
0.642226 	0.000202338 	8.19892e-05 	4
0.70448 	0.000216117 	9.00192e-05 	2
0.766734 	0.000174965 	6.61517e-05 	1
0.828988 	0.000139394 	8.2835e-05 	1
0.953496 	0.000216526 	9.3819e-05 	2
1.01575 	0.000104857 	6.14316e-05 	1
1.078 	0.000139798 	9.75142e-05 	1
1.20251 	0.000256222 	9.71455e-05 	4
1.26477 	0.000119729 	5.3013e-05 	1
1.38927 	0.00017462 	7.08226e-05 	1
1.45153 	0.000131218 	4.08395e-05 	1
1.51378 	0.000120895 	6.31422e-05 	2
1.57604 	0.000150819 	6.52665e-05 	2
1.70054 	0.000179973 	7.78055e-05 	2
1.7628 	0.000229683 	8.73657e-05 	4
1.8873 	0.000159175 	8.392e-05 	1
1.94956 	0.000124567 	6.57866e-05 	2
2.01181 	0.000135777 	5.7726e-05 	2
2.07407 	0.000123328 	3.38403e-05 	1
2.13632 	0.000142405 	6.29429e-05 	2
2.19857 	0.000194545 	7.45048e-05 	3
2.26083 	0.000131496 	6.0624e-05 	2
2.32308 	0.000180165 	8.22002e-05 	2
2.38534 	0.000153364 	7.98498e-05 	1
2.44759 	0.000155762 	6.39952e-05 	1
2.50984 	0.000195036 	8.05149e-05 	2
2.63435 	0.000184308 	8.8069e-05 	1
2.69661 	0.000171416 	7.07361e-05 	3
2.82111 	0.000211832 	9.69088e-05 	2
2.88337 	0.00013243 	8.97446e-05 	2
2.94562 	0.000139139 	6.22612e-05 	1
3.00787 	0.00013047 	8.81354e-05 	1
3.07013 	0.000164086 	9.49384e-05 	2
3.13238 	0.000176247 	6.80127e-05 	4
3.19464 	0.000176522 	9.00984e-05 	3
3.25689 	0.000148423 	9.63241e-05 	1
3.31914 	0.00015121 	5.58738e-05 	1
3.3814 	0.00015323 	6.72415e-05 	2
3.44365 	0.000173855 	8.39149e-05 	1
3.50591 	0.000177273 	3.73858e-05 	1
3.56816 	0.000124667 	7.79965e-05 	1
3.69267 	0.000168482 	8.57465e-05 	2
3.75492 	0.000157661 	9.87592e-05 	2
3.81718 	0.000107645 	3.8223e-05 	1
3.87943 	0.000166923 	6.33397e-05 	1
4.00394 	0.000175997 	5.50864e-05 	3
4.06619 	0.000176772 	7.11681e-05 	1
4.12845 	0.000147329 	8.7872e-05 	1
4.1907 	0.000178633 	6.55383e-05 	1
4.25295 	0.000170284 	9.42595e-05 	1
4.31521 	0.000140316 	9.10137e-05 	1
4.37746 	0.00020972 	7.4328e-05 	3
4.50197 	0.000231422 	7.05355e-05 	5
4.56422 	0.000163426 	7.17023e-05 	1
4.62648 	0.000144643 	7.18424e-05 	1
4.68873 	0.000188211 	7.4571e-05 	2
4.75098 	0.000230911 	7.77231e-05 	4
4.81324 	0.000157324 	7.08147e-05 	2
4.87549 	0.000209768 	9.69607e-05 	1
4.93775 	7.9513e-05 	7.9513e-05 	0
5.0 	0.000144501 	7.54217e-05 	1
5.0625 	0.000191504 	6.37198e-05 	2
5.125 	8.98436e-05 	8.98436e-05 	0
5.25 	0.000239204 	9.558e-05 	3
5.3125 	0.000160004 	5.98824e-05 	3
5.375 	0.000177898 	7.73394e-05 	1
5.4375 	0.000111714 	8.94654e-05 	1
5.5 	0.000204715 	7.38944e-05 	4
5.5625 	0.000152163 	5.57676e-05 	1
5.625 	0.00016766 	8.75489e-05 	1
5.6875 	0.000196137 	8.86689e-05 	1
5.75 	0.000198765 	8.37865e-05 	3
5.8125 	0.000123209 	6.00354e-05 	2
5.875 	0.00014752 	9.68178e-05 	2
5.9375 	0.000209496 	9.34494e-05 	2
6.0 	0.000186709 	8.80453e-05 	1
6.125 	0.000111141 	5.8347e-05 	1
6.1875 	0.000175072 	8.11297e-05 	2
6.25 	0.000237882 	9.59251e-05 	4
6.3125 	0.000191415 	8.50049e-05 	3
6.4375 	0.000190612 	9.4115e-05 	2
6.625 	0.000226226 	8.07077e-05 	5
6.6875 	0.000203721 	7.60676e-05 	4
6.75 	0.00010827 	4.98724e-05 	2
6.8125 	0.000118596 	5.42311e-05 	1
6.9375 	0.000194434 	7.58665e-05 	4
7.0 	0.00018496 	8.0401e-05 	3
7.0625 	0.000152688 	9.45734e-05 	2
7.125 	0.00015929 	4.94915e-05 	2
7.1875 	0.000155019 	7.7932e-05 	2
7.25 	0.000173472 	9.02263e-05 	1
7.4375 	0.000192145 	9.55844e-05 	3
7.5625 	0.000162473 	5.03408e-05 	3
7.625 	0.000184613 	9.12473e-05 	1
7.6875 	0.000145652 	5.37652e-05 	1
7.8125 	0.000208418 	8.27464e-05 	4
7.9375 	9.00241e-05 	9.00241e-05 	0
8.0 	0.000162396 	3.11512e-05 	1
8.0625 	9.4284e-05 	9.4284e-05 	0
8.125 	0.000130675 	5.82094e-05 	1
8.25 	0.000214675 	8.77867e-05 	2
8.3125 	0.000105571 	5.03867e-05 	2
8.375 	0.000217693 	9.81534e-05 	2
8.4375 	0.000128276 	7.11377e-05 	2
8.5 	0.000157118 	4.8814e-05 	2
8.5625 	0.000170394 	7.63268e-05 	1
8.625 	0.000140724 	3.21359e-05 	1
8.8125 	0.000108195 	7.97293e-05 	2
8.9375 	0.000219162 	8.64577e-05 	4
9.0 	0.000210359 	7.6407e-05 	3
9.0625 	0.00017807 	8.10419e-05 	2
9.125 	0.000153242 	6.68807e-05 	1
9.1875 	0.000220584 	8.74932e-05 	4
9.25 	0.000178652 	8.77892e-05 	1
9.3125 	0.000140174 	5.56411e-05 	1
9.375 	0.000178379 	7.6476e-05 	2
9.4375 	0.000138979 	9.79779e-05 	1
9.5625 	0.000118795 	5.382e-05 	1
9.625 	0.000206752 	9.94132e-05 	1
9.6875 	0.000129254 	7.62505e-05 	1
9.75 	0.000171989 	6.42028e-05 	2
9.8125 	0.00015177 	6.46532e-05 	1
9.875 	0.000186185 	8.6812e-05 	1
9.9375 	0.000112175 	6.08778e-05 	1
10.0 	9.96459e-05 	9.96459e-05 	0
10.0625 	0.000231217 	7.54229e-05 	6
10.125 	8.8951e-05 	8.8951e-05 	0
10.1875 	0.000192191 	7.91236e-05 	1
10.3125 	0.00015479 	8.82809e-05 	2
10.375 	0.000196897 	9.27185e-05 	1
10.5 	0.00017632 	5.56225e-05 	1
10.5625 	0.000154249 	4.20454e-05 	1
10.625 	0.000147974 	7.65447e-05 	2
10.6875 	0.000156512 	8.61747e-05 	1
10.75 	0.000199678 	9.93059e-05 	2
10.8125 	0.000166074 	8.39019e-05 	1
10.875 	0.000152028 	4.45559e-05 	1
10.9375 	0.000154122 	9.06144e-05 	2
11.0 	0.000127521 	9.84521e-05 	1
11.0625 	0.000202074 	8.82702e-05 	1
11.125 	0.000133257 	8.29872e-05 	1
11.1875 	0.00018942 	8.39009e-05 	2
11.25 	0.000143628 	6.1523e-05 	2
11.375 	0.000132696 	6.13593e-05 	2
11.4375 	0.000127249 	8.46809e-05 	1
11.5 	0.000179474 	8.15081e-05 	1
11.5625 	0.000198619 	9.10026e-05 	2
11.625 	0.000129791 	6.3818e-05 	1
11.6875 	0.000138718 	8.0945e-05 	1
11.75 	0.000207537 	7.64948e-05 	3
11.8125 	0.000181324 	8.27004e-05 	1
11.875 	0.000131567 	9.19411e-05 	2
11.9375 	0.000202798 	8.97715e-05 	3
12.0 	0.000149195 	4.79022e-05 	3
12.0625 	0.000187795 	9.30368e-05 	1
12.125 	0.000153212 	7.67561e-05 	2
12.1875 	0.000143306 	9.68001e-05 	2
12.25 	0.00016919 	7.41357e-05 	2
12.3125 	0.000164265 	9.30547e-05 	1
12.375 	0.000150749 	4.87123e-05 	2
12.4375 	0.000158193 	5.291e-05 	1
12.5625 	0.000164098 	6.13538e-05 	3
12.625 	0.000158258 	7.97072e-05 	2
12.6875 	0.000164077 	5.09736e-05 	3
12.75 	0.000220639 	8.39549e-05 	4
12.8125 	0.000234699 	9.23735e-05 	5
12.875 	0.000232267 	8.6824e-05 	4
13.0 	0.000147609 	5.0279e-05 	3
13.0625 	0.000185841 	8.00842e-05 	2
13.125 	0.00014062 	6.32133e-05 	2
13.1875 	0.000173667 	6.45479e-05 	3
13.25 	0.000126199 	7.30654e-05 	2
13.3125 	0.000137999 	6.68232e-05 	1
13.375 	0.000165535 	6.30583e-05 	2
13.4375 	0.000202956 	9.4677e-05 	3
13.5 	0.000222931 	8.3428e-05 	4
13.5625 	0.000159864 	8.7743e-05 	2
13.625 	0.000130713 	5.74246e-05 	1
13.6875 	0.00017344 	7.03687e-05 	3
13.8125 	0.000110031 	8.34963e-05 	1
14.0 	0.000221664 	8.38113e-05 	4
14.0625 	0.000143488 	9.59259e-05 	1
14.125 	0.000139888 	8.60764e-05 	1
14.1875 	0.000141645 	6.84612e-05 	1
14.3125 	0.000114941 	2.66996e-05 	2
14.375 	0.000178555 	7.04239e-05 	2
14.4375 	0.00019525 	9.19725e-05 	1
14.5 	0.000216719 	9.2337e-05 	3
14.625 	0.000142258 	6.1368e-05 	1
14.6875 	0.000220406 	8.24778e-05 	4
14.75 	0.000121863 	4.19743e-05 	1
14.8125 	0.000206152 	9.65385e-05 	3
14.875 	0.000155586 	7.92277e-05 	2
14.9375 	0.000170075 	9.0664e-05 	1
15.0 	0.000133914 	7.47933e-05 	1
15.1875 	0.000151711 	7.0644e-05 	2
15.25 	0.000202075 	8.29187e-05 	3
15.3125 	0.000138931 	8.60355e-05 	1
15.375 	0.000109004 	4.39236e-05 	1
15.4375 	0.000218623 	8.75028e-05 	4
15.5 	0.000201021 	8.82301e-05 	3
15.5625 	0.000187986 	8.17668e-05 	2
15.625 	0.00010851 	5.23351e-05 	1
15.75 	0.000115068 	9.99368e-05 	1
15.8125 	0.000116227 	6.93041e-05 	1
15.875 	0.000149131 	6.57591e-05 	2
15.9375 	0.000227541 	9.67422e-05 	4
16.0 	0.000175118 	8.00643e-05 	2
16.0625 	0.000119077 	8.38262e-05 	1
16.125 	0.000218077 	8.96372e-05 	2
16.1875 	0.000139776 	8.94826e-05 	1
16.25 	0.000103652 	4.42442e-05 	1
16.3125 	0.000160461 	5.45663e-05 	3
16.375 	0.00016777 	5.40571e-05 	3
16.4375 	0.000210031 	7.60925e-05 	4
16.5 	0.000161754 	9.94087e-05 	2
16.5625 	0.000149844 	4.56975e-05 	1
16.625 	0.000189307 	7.7853e-05 	3
16.6875 	0.000225859 	8.92933e-05 	3
16.75 	0.000222203 	7.86383e-05 	4
16.8125 	0.000144746 	7.48365e-05 	2
16.875 	0.00013507 	6.75584e-05 	1
16.9375 	0.000174717 	8.60063e-05 	1
17.1875 	0.000163342 	9.35126e-05 	2
17.25 	0.000172478 	6.20802e-05 	3
17.3125 	0.000119214 	5.90541e-05 	1
17.375 	0.000112678 	7.80606e-05 	2
17.4375 	0.000241991 	9.98796e-05 	4
17.5 	0.000161806 	6.72515e-05 	1
17.5625 	7.35763e-05 	7.35763e-05 	0
17.625 	0.000147968 	9.92195e-05 	2
17.6875 	0.000212112 	8.73085e-05 	4
17.75 	0.000122338 	7.23282e-05 	1
17.8125 	0.000168324 	6.9787e-05 	1
17.9375 	0.000120669 	8.54763e-05 	1
18.0 	0.000226442 	8.65667e-05 	3
18.0625 	0.000153648 	9.93365e-05 	2
18.125 	0.000132403 	6.17524e-05 	1
18.1875 	0.000165965 	8.97766e-05 	1
18.25 	0.000140567 	6.08884e-05 	1
18.3125 	0.000148753 	9.71249e-05 	1
18.375 	0.000129368 	8.79348e-05 	1
18.4375 	0.000176148 	7.79677e-05 	1
18.5 	0.000195645 	9.53195e-05 	1
18.5625 	0.000145822 	9.25447e-05 	1
18.625 	0.000169339 	5.75776e-05 	1
18.75 	0.000175739 	9.05983e-05 	2
18.8125 	0.000167393 	7.60087e-05 	1
18.875 	9.9883e-05 	9.9883e-05 	0
18.9375 	0.000164936 	5.29374e-05 	3
19.125 	0.000144878 	7.02322e-05 	2
19.25 	0.000149723 	5.24354e-05 	2
19.3125 	0.000123607 	4.64293e-05 	2
19.375 	0.00014664 	6.76908e-05 	1
19.4375 	0.000230942 	8.71878e-05 	4
19.5 	0.000148502 	7.10337e-05 	2
19.625 	0.000143742 	6.40763e-05 	2
19.6875 	0.000115626 	6.05078e-05 	1
19.75 	0.000130071 	9.15948e-05 	1
19.875 	0.000164696 	6.61662e-05 	1
19.9375 	0.000144224 	6.84667e-05 	1
20.0 	0.000164601 	6.15538e-05 	2
20.0625 	0.000129762 	7.15015e-05 	1
20.125 	0.000184696 	5.23153e-05 	1
20.1875 	0.000178178 	5.26044e-05 	2
20.25 	0.00014285 	9.78187e-05 	1
20.3125 	0.000105711 	6.93145e-05 	1
20.375 	0.000191791 	8.22696e-05 	3
20.4375 	8.98106e-05 	8.98106e-05 	0
20.5 	0.000104948 	2.98016e-05 	1
20.5625 	0.000154915 	7.68737e-05 	2
20.625 	0.000102716 	9.97922e-05 	1
20.6875 	0.000172179 	9.40825e-05 	2
20.75 	0.00022343 	8.62694e-05 	3
20.8125 	0.000174627 	9.73516e-05 	2
20.875 	0.000201008 	9.3216e-05 	1
20.9375 	0.000189251 	6.67022e-05 	1
21.0 	0.000139259 	7.81354e-05 	1
21.0625 	8.19858e-05 	8.19858e-05 	0
21.1875 	0.000103494 	7.99259e-05 	2
21.3125 	0.000165331 	8.7336e-05 	1
21.375 	7.40958e-05 	7.40958e-05 	0
21.4375 	0.00012493 	4.937e-05 	2
21.5 	0.000134666 	6.21292e-05 	2
21.5625 	0.000139878 	8.65289e-05 	1
21.625 	9.34312e-05 	9.34312e-05 	0
21.6875 	0.000151211 	6.99097e-05 	2
21.75 	0.000148632 	6.31465e-05 	1
21.8125 	0.00012475 	5.42146e-05 	1
21.875 	0.000167285 	8.59811e-05 	1
21.9375 	0.000120507 	6.58425e-05 	2
22.0 	0.000157648 	5.73175e-05 	3
22.125 	0.000154234 	6.26621e-05 	1
22.1875 	0.000102692 	8.30715e-05 	1
22.25 	0.000136764 	6.31354e-05 	2
22.3125 	0.000248684 	9.92942e-05 	3
22.375 	0.000170087 	9.475e-05 	2
22.625 	0.000187412 	9.58215e-05 	2
22.6875 	0.000184215 	9.62686e-05 	1
22.75 	0.000185708 	6.52524e-05 	3
22.8125 	0.00017471 	9.51822e-05 	2
22.9375 	0.000239722 	7.67709e-05 	5
23.0 	0.000187363 	7.16097e-05 	1
23.0625 	0.000211114 	8.90266e-05 	2
23.125 	0.00012613 	6.54775e-05 	1
23.1875 	0.000112006 	7.14225e-05 	1
23.3125 	0.000242366 	5.92651e-05 	3
23.375 	0.000156035 	9.64599e-05 	2
23.4375 	9.40182e-05 	9.40182e-05 	0
23.5625 	0.000208853 	9.45938e-05 	3
23.6875 	0.000142172 	4.63668e-05 	1
23.75 	0.000235285 	7.40331e-05 	5
23.8125 	0.000163438 	9.05952e-05 	2
23.875 	0.000134818 	8.11338e-05 	2
23.9375 	0.000159973 	8.4373e-05 	2
24.0 	0.000208755 	9.91165e-05 	3
24.0625 	0.000204071 	7.38083e-05 	4
24.125 	0.000165906 	9.61124e-05 	2
24.1875 	0.00010846 	7.72314e-05 	1
24.3125 	0.00016742 	7.37455e-05 	3
24.375 	0.000213009 	8.10699e-05 	4
24.4375 	0.000216279 	8.20563e-05 	4
24.5 	0.000204227 	7.80653e-05 	4
24.5625 	0.00016766 	5.94314e-05 	1
24.625 	0.000116712 	7.06963e-05 	1
24.6875 	0.00022659 	8.44559e-05 	4
24.75 	0.000168489 	8.27742e-05 	2
24.8125 	0.000147622 	6.32793e-05 	1
24.9375 	0.000158595 	8.71511e-05 	1
25.0 	0.000204392 	5.51564e-05 	3
25.0625 	0.000124223 	6.71285e-05 	2
25.125 	0.000185345 	6.97269e-05 	1
25.25 	0.000131295 	4.97617e-05 	2
25.3125 	0.000204536 	9.02978e-05 	2
25.375 	0.000185239 	9.93754e-05 	1
25.4375 	0.000122879 	6.18867e-05 	1
25.5 	0.000226389 	9.69192e-05 	1
25.5625 	5.81742e-05 	5.81742e-05 	0
25.625 	0.000155204 	6.85572e-05 	2
25.6875 	0.000167564 	6.93182e-05 	2
25.75 	0.000188873 	7.59028e-05 	3
25.8125 	0.000134771 	5.45148e-05 	2
25.875 	0.000173061 	9.28358e-05 	1
25.9375 	0.000189168 	7.83989e-05 	3
26.0 	0.000200497 	9.25579e-05 	2
26.0625 	0.000141363 	8.89725e-05 	2
26.125 	0.000130197 	6.35103e-05 	2
26.1875 	0.000167312 	4.07094e-05 	2
26.25 	0.000221499 	8.2921e-05 	4
26.3125 	0.00013721 	7.53217e-05 	1
26.375 	0.000212235 	7.64432e-05 	4
26.4375 	0.000160342 	9.49699e-05 	2
26.5 	0.000118203 	9.25087e-05 	1
26.5625 	0.000176657 	8.16301e-05 	1
26.625 	0.000200565 	9.77592e-05 	2
26.6875 	0.000133956 	7.47431e-05 	1
26.875 	0.00019373 	9.48068e-05 	3
26.9375 	0.000157855 	9.64563e-05 	2
27.0 	0.00017917 	9.34148e-05 	2
27.0625 	0.000196846 	9.51321e-05 	1
27.125 	0.000135982 	9.63623e-05 	1
27.25 	0.000105107 	4.15868e-05 	1
27.3125 	0.000185508 	6.37877e-05 	3
27.375 	0.000174937 	8.83943e-05 	2
27.5 	9.28905e-05 	9.28905e-05 	0
27.5625 	0.000196107 	9.61485e-05 	3
27.625 	0.000185983 	7.95882e-05 	4
27.6875 	0.000184508 	7.29815e-05 	3
27.75 	0.000228673 	9.83889e-05 	4
27.8125 	0.000167664 	7.97802e-05 	1
27.875 	0.000250623 	7.51631e-05 	6
28.0 	0.000184018 	7.49555e-05 	3
28.0625 	0.00021444 	8.19764e-05 	4
28.125 	0.000116621 	5.59596e-05 	2
28.25 	0.000150871 	8.92865e-05 	1
28.3125 	0.000199116 	9.20889e-05 	3
28.375 	0.000152321 	9.46868e-05 	2
28.4375 	0.000205359 	8.04599e-05 	4
28.5 	0.000125577 	8.38433e-05 	1
28.625 	0.00012493 	7.17952e-05 	1
28.6875 	0.000202283 	7.91033e-05 	4
28.8125 	0.00017323 	6.05008e-05 	2
28.875 	0.000155417 	7.75262e-05 	2
28.9375 	0.000149196 	8.8317e-05 	1
29.0 	0.000141941 	7.48658e-05 	2
29.0625 	0.000175809 	5.72808e-05 	1
29.125 	0.000101804 	6.01253e-05 	1
29.1875 	0.000162009 	6.4586e-05 	2
29.25 	0.000171413 	9.56857e-05 	2
29.3125 	0.000176914 	7.44454e-05 	2
29.375 	0.000126311 	6.18007e-05 	1
29.4375 	0.000164463 	8.49779e-05 	1
29.5 	0.00022454 	8.04057e-05 	4
29.5625 	0.000209991 	9.28136e-05 	4
29.625 	0.000205243 	9.48499e-05 	4
29.6875 	0.000145555 	9.33133e-05 	1
29.75 	0.000173474 	7.81692e-05 	1
29.875 	0.000121694 	5.1056e-05 	1
29.9375 	0.00015551 	5.10661e-05 	1
30.0 	0.000161967 	5.76604e-05 	3
30.125 	0.000179784 	9.18284e-05 	2
30.1875 	0.000163625 	9.16801e-05 	2
30.25 	0.000217033 	9.11833e-05 	1
30.3125 	0.00013229 	4.4668e-05 	2
30.375 	0.000132186 	8.8068e-05 	2
30.4375 	0.000160981 	7.22706e-05 	1
30.5 	0.000148166 	7.88628e-05 	1
30.5625 	0.000217912 	7.99415e-05 	4
30.625 	9.81115e-05 	9.81115e-05 	0
30.6875 	0.000162578 	7.20692e-05 	2
30.75 	0.000197811 	7.74472e-05 	4
30.8125 	0.00013829 	5.12577e-05 	1
30.9375 	0.000146961 	6.55781e-05 	2
31.0 	0.000188268 	6.2635e-05 	1
31.125 	0.000196151 	5.88777e-05 	1
31.1875 	0.000213419 	8.37956e-05 	4
31.25 	0.000152914 	6.87231e-05 	1
31.3125 	0.000203545 	9.35396e-05 	2
31.375 	0.000140163 	7.93352e-05 	2
31.5 	0.000174983 	9.16817e-05 	1
31.5625 	0.000233587 	7.84848e-05 	4
31.625 	0.000183072 	7.92076e-05 	1
31.6875 	0.00015697 	5.90419e-05 	3
31.75 	0.000115417 	5.75446e-05 	1
31.8125 	0.000106501 	5.56056e-05 	1
31.875 	0.000204368 	6.73927e-05 	3
31.9375 	0.000174825 	8.92478e-05 	2
32.0 	0.000176594 	9.00865e-05 	2
32.0625 	0.000141149 	4.13227e-05 	3
32.125 	0.000160467 	6.81602e-05 	3
32.1875 	0.000215068 	8.95804e-05 	3
32.25 	0.000165628 	4.17411e-05 	1
32.3125 	0.000210478 	9.52309e-05 	3
32.375 	9.60274e-05 	9.60274e-05 	0
32.4375 	0.000165729 	7.27059e-05 	2
32.5 	0.000186957 	4.82541e-05 	2
32.625 	0.000169395 	7.41935e-05 	2
32.6875 	0.000179769 	9.0733e-05 	1
32.75 	0.000115279 	7.62588e-05 	1
32.8125 	0.000213512 	9.08552e-05 	1
32.875 	0.000134974 	3.95768e-05 	1
32.9375 	0.000150808 	5.3322e-05 	2
33.0 	0.000244014 	8.4547e-05 	4
33.0625 	0.000183837 	8.41756e-05 	1
33.125 	0.000176473 	8.35371e-05 	2
33.1875 	0.00016765 	8.58745e-05 	2
33.25 	0.000196611 	7.30974e-05 	4
33.3125 	0.000186505 	9.90442e-05 	2
33.375 	0.000215098 	8.20329e-05 	1
33.4375 	0.000196581 	9.50576e-05 	3
33.5 	0.000142202 	7.05929e-05 	2
33.625 	0.000177956 	8.39863e-05 	2
33.6875 	0.000126429 	6.18527e-05 	1
33.75 	0.00015678 	5.77328e-05 	3
33.8125 	0.000117979 	9.00054e-05 	1
33.875 	0.000198042 	9.03421e-05 	3
33.9375 	0.000200105 	9.64939e-05 	2
34.0625 	0.000153567 	6.90029e-05 	2
34.125 	0.000155031 	7.45183e-05 	1
34.1875 	0.000154824 	6.3735e-05 	2
34.25 	0.000210164 	5.81522e-05 	3
34.3125 	0.000158963 	7.01685e-05 	2
34.375 	0.000184703 	9.98656e-05 	1
34.4375 	0.000154868 	9.12158e-05 	1
34.5 	0.000190105 	7.76872e-05 	1
34.5625 	0.000188172 	8.52602e-05 	3
34.625 	0.000215244 	9.42713e-05 	3
34.6875 	0.000178835 	8.47981e-05 	2
34.75 	0.00016638 	8.49389e-05 	1
34.875 	0.000137003 	6.22621e-05 	1
34.9375 	0.000169567 	7.49757e-05 	3
35.0 	0.00019735 	9.67213e-05 	2
35.0625 	0.00018083 	6.2354e-05 	3
35.125 	0.00016364 	8.84206e-05 	1
35.25 	0.000232112 	9.9055e-05 	4
35.3125 	0.000183807 	7.40788e-05 	4
35.375 	0.000107871 	6.90069e-05 	1
35.5625 	0.00017678 	6.65182e-05 	1
35.625 	0.000179365 	6.95246e-05 	2
35.6875 	0.000176556 	9.73803e-05 	2
35.75 	0.000154475 	8.54141e-05 	1
35.8125 	7.76364e-05 	7.76364e-05 	0
35.875 	0.000204202 	9.01062e-05 	1
35.9375 	0.000190937 	7.6487e-05 	3
36.0 	0.000153341 	8.28503e-05 	2
36.125 	0.000135946 	7.12095e-05 	1
36.25 	0.00020782 	6.96105e-05 	3
36.3125 	0.000142598 	8.39228e-05 	1
36.4375 	0.000201799 	9.10161e-05 	4
36.5 	0.000119327 	8.70451e-05 	1
36.5625 	0.000146089 	5.57098e-05 	2
36.625 	0.000127455 	9.12793e-05 	1
36.6875 	0.000158275 	5.38819e-05 	1
36.8125 	0.000120691 	8.82744e-05 	1
36.875 	0.000162351 	5.11244e-05 	3
36.9375 	0.000175429 	8.54069e-05 	2
37.0625 	0.00014897 	7.61109e-05 	2
37.125 	0.000155014 	9.19532e-05 	2
37.1875 	0.000190706 	9.97598e-05 	2
37.25 	8.74128e-05 	8.74128e-05 	0
37.3125 	0.000157619 	9.9769e-05 	1
37.375 	0.000169824 	8.56935e-05 	2
37.4375 	0.000227069 	9.05343e-05 	5
37.5 	0.000141925 	4.78511e-05 	1
37.5625 	8.21036e-05 	8.21036e-05 	0
37.625 	0.000161788 	6.96048e-05 	2
37.75 	0.000166618 	6.82175e-05 	2
37.8125 	0.000132014 	8.36768e-05 	1
37.875 	0.000199921 	9.8331e-05 	3
37.9375 	0.000220272 	9.27153e-05 	4
38.0 	0.000208414 	9.42762e-05 	3
38.0625 	0.000173686 	7.40415e-05 	3
38.125 	0.0002229 	9.53444e-05 	4
38.1875 	0.000113364 	6.77316e-05 	1
38.25 	9.82857e-05 	9.82857e-05 	0
38.3125 	0.000244463 	9.49082e-05 	4
38.375 	0.000145727 	8.5575e-05 	2
38.4375 	0.000123676 	8.79865e-05 	1
38.5625 	0.000169983 	6.0627e-05 	1
38.6875 	9.20072e-05 	9.20072e-05 	0
38.8125 	0.000140685 	7.8161e-05 	1
38.875 	0.000165791 	6.64004e-05 	2
38.9375 	0.000150627 	6.95115e-05 	2
39.0 	0.000171476 	8.53657e-05 	2
39.0625 	0.000154959 	9.46103e-05 	1
39.125 	0.000162524 	6.88473e-05 	3
39.1875 	0.000124611 	5.26657e-05 	2
39.25 	0.000112588 	6.67534e-05 	1
39.3125 	0.000190558 	9.25185e-05 	2
39.375 	0.000139898 	7.37727e-05 	2
39.5 	0.000105852 	9.98205e-05 	1
39.5625 	0.000114438 	6.59984e-05 	2
39.625 	0.000202046 	7.2489e-05 	3
39.6875 	0.000139206 	5.46189e-05 	2
39.75 	0.000167526 	9.49862e-05 	2
39.8125 	0.000183302 	7.56297e-05 	1
39.875 	0.000130258 	8.73486e-05 	2
39.9375 	0.000153141 	9.54541e-05 	2
40.0 	0.000140642 	8.02849e-05 	1
40.0625 	0.000122537 	9.59856e-05 	1
40.125 	0.00013916 	5.73621e-05 	2
40.1875 	0.000119949 	6.43595e-05 	1
40.25 	0.000136508 	7.91187e-05 	2
40.3125 	0.000140009 	9.40754e-05 	2
40.4375 	0.000156013 	4.79393e-05 	3
40.5 	0.000217079 	8.93709e-05 	3
40.5625 	0.000132031 	6.03207e-05 	1
40.625 	0.000202252 	8.99835e-05 	4
40.8125 	0.000168618 	7.96889e-05 	1
40.875 	0.000176186 	8.70259e-05 	2
40.9375 	0.000127954 	7.10256e-05 	1
41.0 	0.000177147 	8.34954e-05 	2
41.125 	0.000179264 	8.79525e-05 	1
41.1875 	0.000120319 	5.29589e-05 	1
41.25 	0.000118017 	6.40464e-05 	2
41.3125 	0.000158315 	7.74443e-05 	2
41.375 	9.31108e-05 	9.31108e-05 	0
41.4375 	0.000209789 	9.9371e-05 	1
41.5 	0.000149569 	6.66799e-05 	2
41.5625 	0.000209726 	9.39325e-05 	1
41.625 	0.00017337 	8.02287e-05 	2
41.6875 	0.000186027 	8.9178e-05 	1
41.8125 	0.000150588 	9.33331e-05 	2
41.875 	0.000123785 	9.4879e-05 	1
41.9375 	0.000109576 	7.14255e-05 	1
42.0 	0.000148198 	6.63155e-05 	2
42.125 	0.00016954 	5.2646e-05 	1
42.25 	0.000122793 	6.39466e-05 	1
42.375 	0.00010793 	8.19483e-05 	2
42.4375 	0.000143243 	4.83802e-05 	1
42.5 	0.000150126 	7.29546e-05 	2
42.5625 	0.000131742 	5.04858e-05 	1
42.625 	0.000146068 	7.1615e-05 	1
42.6875 	0.000229464 	9.4669e-05 	3
42.75 	0.000122697 	5.41434e-05 	1
42.8125 	0.000151228 	8.79155e-05 	2
42.875 	0.000152809 	8.42319e-05 	1
42.9375 	0.000175427 	7.13851e-05 	4
43.0 	0.000117035 	6.14283e-05 	1
43.0625 	0.000200161 	8.5728e-05 	1
43.125 	0.000113716 	6.28017e-05 	1
43.1875 	0.000134537 	9.75515e-05 	1
43.3125 	0.000141463 	6.78275e-05 	1
43.375 	0.00018238 	6.02263e-05 	2
43.4375 	0.000212255 	7.22321e-05 	3
43.5625 	0.000113636 	6.15329e-05 	1
43.6875 	0.000195049 	9.78915e-05 	1
43.75 	0.000131936 	7.48961e-05 	1
43.8125 	0.000150919 	7.16732e-05 	2
43.875 	0.000162715 	5.93471e-05 	1
43.9375 	0.00014455 	6.60683e-05 	1
44.0 	0.000145028 	6.79726e-05 	1
44.0625 	0.0001676 	8.09786e-05 	1
44.125 	0.000186097 	8.12188e-05 	2
44.1875 	0.000118018 	5.7088e-05 	1
44.25 	0.000159763 	6.87876e-05 	2
44.3125 	0.000114958 	6.0866e-05 	1
44.375 	0.000162022 	4.1757e-05 	3
44.4375 	0.000103877 	4.75299e-05 	1
44.5 	0.000175984 	7.453e-05 	4
44.5625 	0.000218439 	7.70871e-05 	4
44.625 	0.000187204 	9.27459e-05 	3
44.6875 	0.000208333 	8.73637e-05 	3
44.75 	0.000173615 	6.80633e-05 	2
44.8125 	0.000176263 	6.83074e-05 	3
44.875 	0.000126292 	6.44924e-05 	2
44.9375 	0.000160559 	7.15847e-05 	2
45.0 	0.000127613 	5.90581e-05 	1
45.0625 	0.000131264 	9.46924e-05 	1
45.125 	0.000174531 	6.58465e-05 	2
45.1875 	0.000137783 	7.98274e-05 	1
45.25 	0.000152185 	7.85769e-05 	2
45.3125 	0.000165384 	9.14881e-05 	2
45.375 	0.000154282 	3.91514e-05 	1
45.5 	0.000196578 	8.70099e-05 	2
45.5625 	0.000226135 	7.54101e-05 	5
45.625 	0.00022508 	7.95286e-05 	3
45.6875 	0.000164175 	6.22882e-05 	1
45.75 	0.000158023 	8.80199e-05 	1
45.875 	0.000175005 	5.56268e-05 	3
45.9375 	0.000185453 	5.42406e-05 	2
46.0 	0.000206741 	9.51375e-05 	3
46.0625 	0.000210309 	9.08665e-05 	1
46.125 	0.000203959 	9.72648e-05 	4
46.3125 	0.000164829 	5.51697e-05 	3
46.375 	0.000161018 	6.8727e-05 	1
46.4375 	0.000106984 	5.55531e-05 	1
46.5 	0.000159663 	6.42397e-05 	1
46.5625 	0.000204458 	9.75138e-05 	1
46.625 	0.000161592 	7.21867e-05 	1
46.6875 	0.000202689 	7.8862e-05 	3
46.75 	0.000171689 	7.69317e-05 	1
46.8125 	0.000176007 	8.71198e-05 	1
46.875 	0.000128685 	9.83884e-05 	1
47.0 	0.000166707 	7.85773e-05 	1
47.0625 	0.000185488 	8.49952e-05 	1
47.125 	0.00018118 	7.74884e-05 	2
47.1875 	0.00019213 	8.71314e-05 	4
47.25 	0.000185604 	8.08068e-05 	2
47.3125 	0.000156488 	7.93247e-05 	2
47.375 	0.000171437 	9.41525e-05 	3
47.4375 	0.0001236 	7.76522e-05 	2
47.5 	0.00016239 	9.93338e-05 	1
47.5625 	0.000193528 	9.6343e-05 	2
47.625 	0.000129542 	9.19269e-05 	1
47.6875 	0.000169476 	5.44321e-05 	1
47.8125 	0.00014525 	8.7053e-05 	2
47.875 	0.000118245 	7.90787e-05 	1
48.0 	0.000132 	8.34207e-05 	2
48.0625 	0.00016905 	7.64717e-05 	2
48.125 	0.000124411 	8.17175e-05 	1
48.1875 	0.000142384 	5.37053e-05 	2
48.25 	0.000195244 	9.88312e-05 	3
48.3125 	0.000115898 	7.06635e-05 	2
48.375 	0.000117728 	4.23896e-05 	1
48.4375 	0.000224612 	7.33191e-05 	3
48.5 	0.000163864 	6.08849e-05 	2
48.5625 	0.000139453 	6.03443e-05 	1
48.75 	0.000103775 	7.22373e-05 	1
48.8125 	0.000152608 	6.44644e-05 	2
48.9375 	0.000167098 	5.63082e-05 	1
49.0 	0.000142217 	8.93056e-05 	1
49.125 	0.000128511 	9.60826e-05 	1
49.1875 	0.000235443 	8.71376e-05 	4
49.25 	0.00019724 	8.9768e-05 	1
49.3125 	0.000150787 	8.75381e-05 	1
49.375 	0.000181046 	9.69792e-05 	2
49.4375 	0.000114391 	5.96428e-05 	1
49.5 	0.000122363 	5.6894e-05 	2
49.5625 	0.000148096 	7.58177e-05 	2
49.625 	0.000212281 	8.3656e-05 	1
49.6875 	0.000160204 	7.57733e-05 	2
49.75 	0.000212342 	9.97399e-05 	2
50.0625 	0.000196254 	8.54659e-05 	3
50.125 	0.000168057 	8.84482e-05 	1
50.25 	0.000156107 	4.35673e-05 	2
50.3125 	0.000146126 	7.09561e-05 	2
50.375 	0.000122426 	5.88031e-05 	1
50.4375 	0.000180731 	7.64995e-05 	1
50.5 	0.000163242 	5.86111e-05 	1
50.5625 	0.000152929 	6.19255e-05 	1
50.625 	0.000138737 	3.53996e-05 	1
50.75 	0.000127743 	8.738e-05 	1
50.8125 	0.000135235 	6.20944e-05 	1
50.875 	0.000122013 	3.44556e-05 	1
50.9375 	0.000191808 	7.69959e-05 	4
51.0 	0.000132536 	7.17169e-05 	2
51.0625 	0.000129045 	4.53125e-05 	1
51.125 	0.000178711 	7.18764e-05 	3
51.1875 	0.000158062 	7.20266e-05 	3
51.25 	0.000229534 	8.73376e-05 	4
51.3125 	0.000143504 	9.42884e-05 	1
51.375 	0.000133772 	7.17183e-05 	1
51.4375 	0.00015605 	9.25684e-05 	1
51.5 	0.000181724 	9.83025e-05 	2
51.5625 	0.000154059 	5.21059e-05 	1
51.625 	0.00017826 	7.93737e-05 	2
51.6875 	0.00015953 	9.38945e-05 	1
51.8125 	0.00011442 	4.55446e-05 	1
51.875 	0.000117386 	5.10018e-05 	1
52.0 	0.000149726 	7.53407e-05 	2
52.0625 	0.000148087 	8.74518e-05 	1
52.1875 	0.000225722 	9.95444e-05 	2
52.25 	0.000138072 	5.394e-05 	2
52.3125 	0.00019302 	8.31805e-05 	2
52.375 	7.96694e-05 	7.96694e-05 	0
52.4375 	0.000142416 	9.18158e-05 	1
52.5 	0.000213256 	8.64485e-05 	4
52.5625 	0.000152969 	4.43825e-05 	1
52.625 	0.000145705 	7.11574e-05 	2
52.6875 	9.76848e-05 	9.76848e-05 	0
52.75 	0.000133359 	7.40484e-05 	2
52.8125 	0.000147397 	2.94831e-05 	1
52.875 	0.000199236 	8.20594e-05 	1
52.9375 	0.000172399 	8.5742e-05 	2
53.0 	0.000128738 	6.98978e-05 	1
53.125 	0.000131477 	5.56339e-05 	2
53.1875 	0.000218299 	8.48359e-05 	2
53.25 	0.00017093 	8.94343e-05 	2
53.3125 	0.000175176 	9.60628e-05 	2
53.375 	0.000167169 	7.81582e-05 	2
53.5 	0.00017597 	7.91683e-05 	1
53.5625 	0.000192003 	8.03243e-05 	2
53.625 	0.000108163 	6.14184e-05 	1
53.6875 	0.000125759 	7.75713e-05 	1
53.75 	0.000113707 	7.2942e-05 	1
53.8125 	0.000116589 	7.42187e-05 	1
53.875 	0.000142407 	6.66127e-05 	2
53.9375 	0.000149794 	6.45254e-05 	1
54.0 	0.000196707 	8.71431e-05 	3
54.0625 	9.54352e-05 	9.54352e-05 	0
54.125 	0.000160484 	4.08512e-05 	1
54.1875 	8.12847e-05 	8.12847e-05 	0
54.25 	0.000158549 	8.93745e-05 	2
54.3125 	0.000205384 	9.49935e-05 	3
54.375 	0.000184464 	4.38106e-05 	1
54.4375 	0.000116615 	5.12186e-05 	1
54.5 	0.00011954 	4.65849e-05 	1
54.625 	0.000185843 	7.21063e-05 	1
54.6875 	0.000152582 	9.16021e-05 	1
54.8125 	0.000149976 	9.90687e-05 	1
54.875 	0.000105124 	5.9479e-05 	1
54.9375 	0.000188446 	5.62612e-05 	2
55.0 	0.000191276 	8.13152e-05 	3
55.0625 	0.000105063 	5.50403e-05 	1
55.125 	0.000132815 	6.12743e-05 	1
55.1875 	0.000142102 	9.28853e-05 	2
55.3125 	0.000224371 	8.86722e-05 	3
55.4375 	0.000147936 	6.17888e-05 	1
55.5 	0.000128307 	8.89453e-05 	1
55.5625 	0.000129012 	7.84891e-05 	1
55.625 	0.000204111 	9.2946e-05 	3
55.6875 	0.000174341 	5.70195e-05 	3
55.75 	0.000162851 	9.61866e-05 	1
55.8125 	0.000133958 	4.73416e-05 	2
55.875 	0.00017302 	7.67073e-05 	3
55.9375 	0.000116365 	5.62906e-05 	2
56.0 	0.000159047 	9.00615e-05 	2
56.0625 	0.000126116 	7.97606e-05 	2
56.125 	0.000171441 	9.94831e-05 	1
56.1875 	0.000119763 	6.67061e-05 	1
56.25 	0.000140817 	6.52358e-05 	2
56.3125 	0.000137899 	7.23889e-05 	1
56.375 	0.000191868 	9.23587e-05 	2
56.4375 	0.000154371 	9.78677e-05 	1
56.5625 	0.000168132 	7.53532e-05 	3
56.625 	0.000101093 	3.96554e-05 	1
56.6875 	0.000135946 	9.96141e-05 	1
56.75 	0.000161992 	8.969e-05 	1
56.8125 	0.000228206 	9.84327e-05 	4
56.875 	0.000219324 	5.67171e-05 	3
56.9375 	0.000198467 	5.33713e-05 	3
57.0 	0.000143397 	7.36257e-05 	2
57.0625 	0.000157494 	7.55933e-05 	2
57.125 	0.000159486 	6.9779e-05 	1
57.1875 	0.000116563 	5.23922e-05 	2
57.25 	0.000113412 	9.70868e-05 	1
57.3125 	0.000192383 	9.3243e-05 	2
57.375 	0.000232002 	7.66736e-05 	5
57.4375 	0.000209666 	9.60554e-05 	2
57.5 	0.000177046 	9.42656e-05 	2
57.5625 	0.000181637 	8.73824e-05 	2
57.625 	0.00018919 	8.31379e-05 	1
57.6875 	0.000184789 	5.88665e-05 	2
57.75 	0.000215811 	9.61282e-05 	3
57.8125 	0.00018113 	9.75681e-05 	2
57.9375 	0.000172673 	9.53439e-05 	1
58.0 	0.000138871 	3.98643e-05 	1
58.0625 	0.000101833 	8.66999e-05 	1
58.125 	0.000147474 	4.59335e-05 	1
58.1875 	9.63888e-05 	9.63888e-05 	0
58.25 	0.000116298 	6.66422e-05 	1
58.3125 	0.000200698 	8.87854e-05 	3
58.375 	0.000205451 	8.44906e-05 	5
58.4375 	0.000130141 	5.05306e-05 	1
58.5 	0.00015494 	5.41078e-05 	2
58.5625 	0.000152262 	7.67665e-05 	2
58.625 	0.000110384 	4.98192e-05 	1
58.6875 	0.000140305 	5.52288e-05 	1
58.8125 	0.000126196 	7.7456e-05 	1
58.875 	0.000158966 	9.32079e-05 	2
58.9375 	0.000159859 	4.49324e-05 	3
59.0 	0.000195485 	7.20397e-05 	2
59.0625 	9.90862e-05 	9.90862e-05 	0
59.125 	0.000195657 	7.10852e-05 	3
59.1875 	0.000186179 	9.48031e-05 	2
59.25 	0.000159924 	6.27271e-05 	1
59.3125 	0.000123251 	5.84263e-05 	2
59.375 	0.000175812 	8.78155e-05 	1
59.4375 	0.000203017 	9.8899e-05 	2
59.5 	0.000147794 	5.72195e-05 	2
59.5625 	0.000197933 	9.31761e-05 	3
59.6875 	0.000138562 	7.03712e-05 	1
59.8125 	0.000127047 	8.40065e-05 	1
59.875 	0.000221435 	7.72659e-05 	4
59.9375 	0.000159052 	6.09431e-05 	1
60.0 	0.000141368 	5.03916e-05 	2
60.0625 	0.000141662 	5.99561e-05 	1
60.125 	0.000144617 	7.37947e-05 	1
60.25 	0.000165587 	9.4975e-05 	1
60.375 	0.000131598 	9.10112e-05 	1
60.4375 	0.000102539 	4.9499e-05 	1
60.5 	0.000133787 	6.79855e-05 	1
60.5625 	0.000176303 	9.04262e-05 	1
60.625 	0.000138344 	3.87328e-05 	1
60.6875 	0.000115994 	4.45758e-05 	1
60.75 	0.000123585 	5.57684e-05 	1
60.8125 	0.000169386 	7.97487e-05 	1
60.875 	0.000146787 	6.81642e-05 	2
60.9375 	0.0001775 	8.26377e-05 	1
61.0 	0.000151204 	7.73282e-05 	1
61.0625 	0.000139861 	5.9129e-05 	2
61.125 	0.00017096 	8.665e-05 	1
61.1875 	0.00015085 	5.46993e-05 	3
61.25 	0.000213145 	8.52641e-05 	4
61.3125 	0.000234202 	8.28395e-05 	4
61.375 	0.000200466 	8.10389e-05 	1
61.4375 	0.000237658 	8.63858e-05 	5
61.5 	0.000160982 	6.64399e-05 	3
61.625 	0.000244445 	9.60512e-05 	3
61.6875 	0.000100791 	8.77853e-05 	1
61.75 	0.000173232 	4.38158e-05 	2
61.8125 	0.000140286 	5.55491e-05 	1
61.875 	0.000114486 	4.99378e-05 	2
61.9375 	0.00021174 	8.36261e-05 	1
62.0 	0.000125019 	6.292e-05 	2
62.125 	0.000145057 	9.91829e-05 	2
62.1875 	0.000173983 	8.71573e-05 	2
62.25 	0.00014551 	9.82299e-05 	2
62.3125 	0.00015347 	8.02104e-05 	1
62.375 	0.000224286 	9.7856e-05 	3
62.4375 	0.000176682 	9.15904e-05 	1
62.5 	0.000155311 	9.65364e-05 	2
62.5625 	0.000171235 	6.12536e-05 	1
62.6875 	0.00021457 	8.65935e-05 	3
62.75 	0.00012955 	7.21105e-05 	2
62.875 	0.000185836 	8.5968e-05 	1
62.9375 	0.000136726 	6.81144e-05 	1
63.0 	0.000178199 	7.55775e-05 	2
63.0625 	7.00931e-05 	7.00931e-05 	0
63.125 	0.00018551 	8.09329e-05 	2
63.25 	0.000148348 	7.32206e-05 	1
63.375 	0.00014657 	8.20133e-05 	2
63.4375 	0.000156763 	5.59e-05 	1
63.5 	0.000177846 	5.81533e-05 	1
63.5625 	0.000177439 	8.63068e-05 	2
63.625 	0.000189652 	9.81742e-05 	3
63.8125 	0.000228485 	9.56219e-05 	3
63.875 	9.67837e-05 	9.67837e-05 	0
63.9375 	0.000153715 	5.55716e-05 	2
64.0 	0.000135899 	5.49687e-05 	2
64.0625 	7.6775e-05 	7.6775e-05 	0
64.125 	9.33094e-05 	9.33094e-05 	0
64.25 	0.000215475 	8.92418e-05 	4
64.3125 	0.000171524 	9.77951e-05 	2
64.4375 	0.000181002 	9.89506e-05 	3
64.5 	0.000148766 	4.95066e-05 	1
64.5625 	0.000161328 	8.15246e-05 	2
64.6875 	0.000135904 	8.32067e-05 	1
64.75 	0.000128497 	5.90309e-05 	2
64.8125 	0.00011709 	8.8397e-05 	1
64.875 	0.000165746 	9.17006e-05 	2
64.9375 	0.000187263 	9.30301e-05 	1
65.0 	0.000141514 	6.75664e-05 	1
65.0625 	0.000146294 	8.08016e-05 	2
65.125 	0.000183728 	7.26564e-05 	2
65.1875 	0.000126008 	4.89297e-05 	2
65.25 	0.000192858 	8.47632e-05 	2
65.5 	0.000137394 	9.91931e-05 	1
65.625 	0.000158582 	7.85873e-05 	2
65.6875 	0.000180177 	7.93688e-05 	2
65.75 	0.000189038 	7.36131e-05 	1
65.8125 	0.000169473 	9.13904e-05 	1
65.875 	0.000131152 	8.9636e-05 	1
65.9375 	0.000171865 	7.3591e-05 	1
66.0 	0.000179078 	8.77583e-05 	1
66.0625 	0.000189426 	7.61885e-05 	1
66.1875 	0.000217621 	8.79349e-05 	2
66.25 	0.000152956 	7.16154e-05 	2
66.3125 	0.000155833 	8.87721e-05 	2
66.375 	0.000200703 	9.24666e-05 	1
66.4375 	0.000190322 	7.91761e-05 	1
66.5 	0.000152321 	9.50184e-05 	1
66.5625 	0.000146263 	9.47651e-05 	1
66.625 	0.000140558 	6.94688e-05 	2
66.75 	0.000187523 	7.19383e-05 	1
66.8125 	0.000140942 	6.76959e-05 	2
66.875 	0.000102712 	6.30465e-05 	1
66.9375 	0.00012027 	8.3814e-05 	2
67.0 	0.000144425 	6.6793e-05 	2
67.125 	0.000104181 	6.29237e-05 	2
67.1875 	0.000174616 	7.60333e-05 	1
67.25 	0.000157117 	6.35867e-05 	3
67.3125 	0.000178665 	9.02016e-05 	3
67.375 	0.000225548 	9.2245e-05 	4
67.4375 	0.000225844 	9.35083e-05 	3
67.5 	0.000130888 	6.0554e-05 	2
67.5625 	0.000156738 	7.83615e-05 	1
67.8125 	0.00017042 	8.16143e-05 	2
67.875 	0.000244305 	7.22516e-05 	5
67.9375 	0.000212161 	9.93995e-05 	3
68.0 	0.000127253 	5.36397e-05 	2
68.0625 	0.000163307 	8.11209e-05 	1
68.125 	0.00013236 	5.87108e-05 	2
68.1875 	0.000182136 	7.06488e-05 	3
68.25 	0.000163054 	9.59515e-05 	1
68.3125 	0.000114994 	5.72083e-05 	1
68.375 	0.000159662 	9.64317e-05 	2
68.4375 	0.000134092 	5.19325e-05 	2
68.5 	9.20833e-05 	9.20833e-05 	0
68.5625 	0.00010593 	9.44634e-05 	1
68.625 	0.000153531 	6.65856e-05 	1
68.6875 	0.000135009 	7.25422e-05 	1
68.75 	0.000127404 	5.40084e-05 	2
68.8125 	0.000125027 	8.23161e-05 	1
68.875 	0.000146978 	9.11116e-05 	1
68.9375 	0.000213407 	7.61056e-05 	4
69.0 	0.000131094 	5.22323e-05 	1
69.0625 	0.000138936 	6.14731e-05 	1
69.125 	0.000227162 	8.55851e-05 	4
69.1875 	0.000125104 	6.75699e-05 	2
69.25 	0.000103963 	6.95269e-05 	1
69.3125 	0.000128993 	5.88961e-05 	1
69.4375 	0.000132149 	6.27377e-05 	2
69.5 	0.000153378 	9.90017e-05 	1
69.5625 	0.000138899 	9.0979e-05 	1
69.625 	0.00012008 	7.86033e-05 	1
69.75 	0.000192055 	8.40419e-05 	4
69.8125 	0.000163101 	6.45057e-05 	2
69.875 	0.000117913 	7.09198e-05 	1
69.9375 	0.000127138 	7.35731e-05 	1
