# time 	Initial 	Final 	Iterations
0.333274 	0.000133697 	9.3265e-06 	1
0.579973 	0.00012497 	1.18673e-05 	1
0.642226 	0.000159996 	1.32957e-05 	1
0.70448 	0.000237621 	1.76383e-05 	1
0.766734 	0.000355772 	2.49726e-05 	1
0.828988 	0.00038875 	3.22236e-05 	1
1.01575 	0.000261299 	2.24856e-05 	1
1.26477 	0.000107551 	2.66122e-06 	2
1.38927 	0.000201028 	1.38934e-05 	1
1.45153 	0.000314333 	2.75742e-05 	1
1.51378 	0.000174862 	1.60424e-05 	1
1.7628 	0.000186588 	1.67453e-05 	1
1.8873 	0.000272143 	1.94008e-05 	1
1.94956 	0.000170634 	1.34999e-05 	1
2.07407 	0.00010312 	7.63603e-06 	1
2.19857 	0.000170655 	1.25982e-05 	1
2.26083 	0.000303036 	2.1032e-05 	1
2.32308 	0.000289166 	1.96984e-05 	1
2.38534 	0.000151936 	1.12802e-05 	1
2.44759 	0.000279699 	1.85728e-05 	1
2.63435 	0.00026698 	1.82507e-05 	1
2.69661 	0.000302646 	1.98997e-05 	1
2.88337 	0.000375438 	2.63146e-05 	1
2.94562 	7.77105e-05 	6.64737e-06 	1
3.07013 	0.000172711 	1.25903e-05 	1
3.19464 	6.14663e-05 	6.47828e-06 	1
3.25689 	0.000255001 	1.73785e-05 	1
3.31914 	0.000196101 	1.51535e-05 	1
3.3814 	0.000163688 	1.17555e-05 	1
3.44365 	0.00030507 	2.06928e-05 	1
3.50591 	7.9938e-05 	7.43312e-06 	1
3.69267 	0.000176424 	1.30906e-05 	1
3.75492 	0.000181667 	1.35794e-05 	1
3.87943 	0.00029457 	2.00304e-05 	1
4.00394 	5.94646e-05 	6.56477e-06 	1
4.06619 	0.000103883 	3.97404e-06 	2
4.12845 	0.000285556 	1.97037e-05 	1
4.1907 	0.00010368 	3.6016e-06 	2
4.25295 	8.56024e-05 	9.01881e-06 	1
4.31521 	0.000204032 	1.79157e-05 	1
4.37746 	8.03512e-05 	7.89144e-06 	1
4.50197 	0.000224892 	1.5906e-05 	1
4.56422 	0.000151526 	1.39722e-05 	1
4.62648 	0.000329275 	2.23293e-05 	1
4.68873 	0.000182885 	1.62249e-05 	1
4.93775 	0.000126406 	3.30436e-06 	2
5.0 	8.96803e-05 	7.35376e-06 	1
5.0625 	0.000143254 	1.09473e-05 	1
5.125 	9.99758e-05 	7.37481e-06 	1
5.25 	0.00020597 	1.53097e-05 	1
5.375 	0.000130492 	2.77732e-06 	2
5.5 	0.000267116 	1.84319e-05 	1
5.5625 	0.000267424 	1.81312e-05 	1
5.625 	0.000168758 	1.40929e-05 	1
5.6875 	0.000289414 	2.01069e-05 	1
5.8125 	0.000241731 	1.68024e-05 	1
5.875 	0.000174317 	1.39503e-05 	1
5.9375 	0.00030617 	2.10104e-05 	1
6.0 	0.000297368 	2.00064e-05 	1
6.1875 	0.000322797 	2.1658e-05 	1
6.25 	0.000263419 	1.88653e-05 	1
6.4375 	0.000308989 	2.11261e-05 	1
6.75 	9.80431e-05 	8.13086e-06 	1
6.8125 	0.00014409 	1.27346e-05 	1
6.9375 	8.84539e-05 	2.4212e-06 	2
7.125 	0.000273439 	1.92991e-05 	1
7.1875 	0.000313706 	2.14689e-05 	1
7.25 	0.000215929 	1.72314e-05 	1
7.5625 	0.000279893 	1.88181e-05 	1
7.6875 	9.64058e-05 	9.83905e-06 	1
7.8125 	0.000193765 	1.40651e-05 	1
7.9375 	0.000196532 	1.57354e-05 	1
8.0 	9.5258e-05 	8.51627e-06 	1
8.0625 	0.000364788 	2.45416e-05 	1
8.125 	0.000380806 	2.59273e-05 	1
8.25 	0.000215102 	1.53408e-05 	1
8.3125 	0.00023572 	1.68657e-05 	1
8.4375 	0.000111633 	2.94794e-06 	2
8.5 	0.00024521 	2.27925e-05 	1
8.5625 	0.000284676 	1.99939e-05 	1
8.8125 	0.000373301 	2.59431e-05 	1
8.9375 	0.00012401 	5.51493e-06 	2
9.0 	0.000146975 	1.16811e-05 	1
9.1875 	0.000395494 	2.84072e-05 	1
9.25 	0.000220491 	1.61379e-05 	1
9.3125 	0.000172609 	1.26339e-05 	1
9.375 	0.000223169 	1.5106e-05 	1
9.4375 	0.000156799 	1.26063e-05 	1
9.5625 	0.000126981 	9.85736e-06 	1
9.625 	0.000175298 	1.43114e-05 	1
9.6875 	0.000162633 	1.4136e-05 	1
9.8125 	0.000241496 	1.60193e-05 	1
9.9375 	0.000207873 	1.47013e-05 	1
10.0 	0.000170418 	1.30658e-05 	1
10.1875 	0.000300517 	2.03452e-05 	1
10.3125 	0.00028966 	1.97082e-05 	1
10.625 	0.000181285 	1.53931e-05 	1
10.6875 	0.000107381 	8.89803e-06 	1
10.75 	0.00028236 	1.91283e-05 	1
10.8125 	0.000109012 	8.45909e-06 	1
10.875 	0.00019447 	1.85115e-05 	1
11.0 	0.000367352 	2.48089e-05 	1
11.0625 	0.000275209 	1.91675e-05 	1
11.1875 	0.00012504 	1.2329e-05 	1
11.6875 	0.000233453 	2.01736e-05 	1
11.75 	0.000103834 	9.37973e-06 	1
11.8125 	0.000158128 	1.45825e-05 	1
11.875 	0.000143925 	1.25986e-05 	1
11.9375 	0.000160223 	1.17897e-05 	1
12.0 	8.32518e-05 	8.60998e-06 	1
12.0625 	0.000180854 	1.37452e-05 	1
12.1875 	0.000200022 	1.32399e-05 	1
12.3125 	0.000116922 	3.12102e-06 	2
12.375 	0.000110762 	2.75998e-06 	2
12.625 	0.000248668 	2.27959e-05 	1
12.6875 	0.000159267 	1.23855e-05 	1
12.8125 	0.000130935 	1.26204e-05 	1
12.875 	0.000183246 	1.30594e-05 	1
13.0 	0.000165652 	1.18085e-05 	1
13.0625 	0.000127173 	1.01392e-05 	1
13.1875 	0.000135168 	1.15609e-05 	1
13.25 	0.000286798 	1.99014e-05 	1
13.375 	0.000230802 	1.61283e-05 	1
13.5625 	0.000122892 	3.0104e-06 	2
13.625 	0.000189679 	1.63933e-05 	1
13.6875 	0.000132448 	1.15354e-05 	1
14.0 	5.17305e-05 	6.01324e-06 	1
14.0625 	0.000360258 	3.02511e-05 	1
14.125 	0.000205658 	1.55908e-05 	1
14.1875 	0.00035566 	2.92066e-05 	1
14.3125 	0.000183121 	1.57728e-05 	1
14.375 	0.000205702 	1.53858e-05 	1
14.4375 	0.00011309 	9.88542e-06 	1
14.5 	0.000219119 	1.574e-05 	1
14.625 	0.000163667 	1.59637e-05 	1
14.6875 	8.95246e-05 	8.86758e-06 	1
14.75 	0.000253697 	1.71102e-05 	1
14.8125 	8.65793e-05 	9.75808e-06 	1
14.9375 	0.000235392 	1.68298e-05 	1
15.0 	0.000229113 	1.565e-05 	1
15.1875 	0.00017583 	1.37542e-05 	1
15.25 	0.000272987 	1.85364e-05 	1
15.3125 	0.000129463 	9.26647e-06 	1
15.375 	0.000158247 	1.17923e-05 	1
15.4375 	0.000234527 	1.77032e-05 	1
15.5 	0.000164949 	1.47519e-05 	1
15.8125 	0.00022861 	1.67607e-05 	1
15.875 	7.65199e-05 	7.56027e-06 	1
15.9375 	0.000142012 	1.07825e-05 	1
16.0 	0.000153509 	1.26254e-05 	1
16.0625 	0.000144002 	1.15933e-05 	1
16.125 	0.000160483 	1.38162e-05 	1
16.1875 	0.00013721 	1.11189e-05 	1
16.25 	0.000108707 	1.07277e-05 	1
16.3125 	0.000187091 	1.50261e-05 	1
16.375 	0.000158101 	1.12783e-05 	1
16.5 	0.000155455 	1.16453e-05 	1
16.625 	0.000246887 	1.75428e-05 	1
16.8125 	0.000148151 	1.39825e-05 	1
16.9375 	8.3525e-05 	8.47789e-06 	1
17.25 	0.000146145 	1.37921e-05 	1
17.3125 	0.000158335 	1.30783e-05 	1
17.375 	8.99037e-05 	7.717e-06 	1
17.4375 	0.000269035 	2.23437e-05 	1
17.5625 	0.000162687 	1.43515e-05 	1
17.6875 	0.000225936 	1.59841e-05 	1
18.0 	0.000253112 	1.79382e-05 	1
18.0625 	0.000216612 	1.61149e-05 	1
18.1875 	0.000192871 	1.42287e-05 	1
18.25 	0.000207698 	1.79366e-05 	1
18.375 	0.000151698 	1.31259e-05 	1
18.4375 	0.000303615 	2.15354e-05 	1
18.5625 	0.000128766 	1.02615e-05 	1
18.625 	0.000201598 	1.48175e-05 	1
18.8125 	0.000141473 	1.26746e-05 	1
18.875 	0.000140364 	1.0797e-05 	1
18.9375 	0.000235327 	1.73392e-05 	1
19.125 	0.000147014 	1.46989e-05 	1
19.4375 	0.000160125 	1.31794e-05 	1
19.5 	0.00017397 	1.51112e-05 	1
19.625 	0.000172989 	1.36218e-05 	1
19.6875 	0.00014902 	1.34765e-05 	1
19.75 	0.000143373 	1.17158e-05 	1
19.9375 	0.000220089 	1.52511e-05 	1
20.0 	0.000341941 	2.26689e-05 	1
20.125 	0.000195316 	1.86845e-05 	1
20.1875 	0.000299891 	2.08205e-05 	1
20.375 	0.000191396 	1.46231e-05 	1
20.4375 	0.000148476 	1.07239e-05 	1
20.5 	0.00024144 	1.74105e-05 	1
20.625 	0.000154434 	1.30629e-05 	1
20.6875 	0.000236325 	1.69715e-05 	1
20.75 	0.000220304 	1.61298e-05 	1
21.0 	0.000315257 	2.19428e-05 	1
21.0625 	8.1096e-05 	8.6894e-06 	1
21.1875 	0.000169352 	1.22977e-05 	1
21.3125 	0.00013657 	1.12111e-05 	1
21.5625 	0.000135177 	2.69326e-06 	2
21.75 	0.00021052 	1.47681e-05 	1
21.8125 	7.15661e-05 	8.21024e-06 	1
21.875 	0.000152315 	3.90385e-06 	2
21.9375 	0.000337519 	2.26341e-05 	1
22.125 	0.000129511 	1.05559e-05 	1
22.1875 	0.000163018 	1.32089e-05 	1
22.25 	0.000105166 	8.80981e-06 	1
22.3125 	0.000137826 	1.10694e-05 	1
22.375 	7.21647e-05 	6.60062e-06 	1
22.9375 	0.00028541 	1.95783e-05 	1
23.0 	0.000244296 	2.29091e-05 	1
23.125 	0.000248515 	1.70357e-05 	1
23.1875 	0.000250745 	2.31123e-05 	1
23.3125 	0.000186715 	1.45672e-05 	1
23.375 	0.000252989 	1.84837e-05 	1
23.4375 	9.55494e-05 	2.72539e-06 	2
23.6875 	0.000213496 	1.60663e-05 	1
23.8125 	0.000200835 	1.80756e-05 	1
24.0 	0.000148234 	1.08691e-05 	1
24.0625 	0.000248424 	2.10877e-05 	1
24.3125 	0.000119625 	3.16619e-06 	2
24.375 	0.00031621 	2.13273e-05 	1
24.4375 	0.000238475 	1.69122e-05 	1
24.5625 	0.00014212 	3.70277e-06 	2
24.6875 	0.000376335 	2.47087e-05 	1
24.75 	0.000111384 	1.00485e-05 	1
24.8125 	0.000149685 	3.86631e-06 	2
25.0 	0.000184507 	1.44904e-05 	1
25.0625 	8.51006e-05 	9.88387e-06 	1
25.125 	0.00017745 	1.34898e-05 	1
25.25 	0.000191269 	1.39369e-05 	1
25.3125 	0.000183515 	1.82296e-05 	1
25.625 	0.000430522 	2.86071e-05 	1
25.6875 	0.000161386 	1.58298e-05 	1
25.75 	6.07706e-05 	6.86117e-06 	1
25.8125 	0.000173635 	1.66798e-05 	1
26.0 	0.00011765 	8.60508e-06 	1
26.125 	0.000233651 	2.00508e-05 	1
26.25 	0.000100831 	9.30872e-06 	1
26.3125 	2.87828e-05 	3.22396e-06 	1
26.375 	0.000153538 	1.24691e-05 	1
26.5 	0.000269329 	1.91637e-05 	1
26.5625 	0.000198836 	1.49966e-05 	1
26.625 	0.000134147 	1.19241e-05 	1
26.6875 	0.000273634 	1.90748e-05 	1
26.875 	9.066e-05 	8.93922e-06 	1
26.9375 	9.48938e-05 	9.57716e-06 	1
27.0 	0.000461045 	3.80692e-05 	1
27.25 	0.000240373 	1.67049e-05 	1
27.3125 	0.000126544 	1.01133e-05 	1
27.375 	9.2577e-05 	2.38088e-06 	2
27.5 	0.000161291 	1.19876e-05 	1
27.625 	0.000172876 	1.71738e-05 	1
27.6875 	3.91812e-05 	4.27856e-06 	1
27.75 	7.87768e-05 	7.57436e-06 	1
27.8125 	0.000198586 	1.46977e-05 	1
28.0 	0.000119808 	9.23239e-06 	1
28.0625 	0.00010586 	1.00036e-05 	1
28.125 	8.50074e-05 	8.87866e-06 	1
28.3125 	0.000329119 	2.19303e-05 	1
28.5 	8.34769e-05 	7.63478e-06 	1
28.625 	0.000260195 	1.8039e-05 	1
28.6875 	0.000109845 	9.01073e-06 	1
28.8125 	0.000154392 	1.40258e-05 	1
28.875 	0.000180545 	1.39743e-05 	1
28.9375 	0.000148085 	1.25085e-05 	1
29.0 	0.000228554 	1.66667e-05 	1
29.0625 	0.000256056 	1.87234e-05 	1
29.125 	0.000215989 	1.54029e-05 	1
29.1875 	6.90612e-05 	5.50879e-06 	1
29.25 	0.000329841 	2.23159e-05 	1
29.375 	0.000288444 	2.03128e-05 	1
29.4375 	0.000276604 	1.91661e-05 	1
29.625 	0.000305948 	2.13529e-05 	1
29.6875 	0.000283908 	2.00712e-05 	1
29.75 	0.00012329 	2.98006e-06 	2
29.9375 	6.91759e-05 	7.33537e-06 	1
30.125 	0.000169886 	1.26459e-05 	1
30.25 	0.000206117 	1.51635e-05 	1
30.3125 	0.000183486 	1.35642e-05 	1
30.375 	0.000168049 	1.23414e-05 	1
30.4375 	0.000283984 	1.96523e-05 	1
30.5 	0.000170226 	1.226e-05 	1
30.5625 	0.000109584 	8.1295e-06 	1
30.6875 	0.000318237 	2.20856e-05 	1
30.8125 	0.000300847 	2.56504e-05 	1
30.9375 	0.000159163 	1.46537e-05 	1
31.1875 	0.000224893 	1.6607e-05 	1
31.25 	0.000196585 	1.83085e-05 	1
31.375 	0.000243841 	1.78646e-05 	1
31.5 	7.14821e-05 	6.97889e-06 	1
31.625 	0.000189366 	1.6509e-05 	1
31.75 	0.000187963 	1.42304e-05 	1
31.8125 	0.000154683 	1.0852e-05 	1
31.875 	0.000272274 	1.91257e-05 	1
32.0 	0.000184074 	1.37946e-05 	1
32.125 	0.000154195 	1.46245e-05 	1
32.1875 	0.000187818 	1.60996e-05 	1
32.25 	0.000272869 	1.95098e-05 	1
32.3125 	0.000134615 	1.3296e-05 	1
32.4375 	0.000270588 	1.86106e-05 	1
32.5 	0.000138257 	1.31664e-05 	1
32.625 	0.000435066 	3.54962e-05 	1
32.6875 	0.000310764 	2.07283e-05 	1
32.75 	0.000218678 	1.629e-05 	1
32.8125 	0.000409868 	2.78366e-05 	1
32.875 	0.000347895 	2.87226e-05 	1
33.0 	0.000223706 	1.61651e-05 	1
33.0625 	0.000303552 	2.15091e-05 	1
33.125 	0.000184152 	1.49648e-05 	1
33.1875 	0.000338859 	2.3066e-05 	1
33.3125 	0.000317055 	2.11177e-05 	1
33.375 	0.000179311 	1.2663e-05 	1
33.4375 	0.000147334 	1.45714e-05 	1
33.625 	0.000186658 	1.36491e-05 	1
33.6875 	0.000163373 	1.26802e-05 	1
33.875 	0.000282742 	1.99251e-05 	1
33.9375 	0.000124027 	3.30401e-06 	2
34.125 	0.000102085 	9.07516e-06 	1
34.1875 	0.00013029 	3.30079e-06 	2
34.25 	0.000310601 	2.13411e-05 	1
34.3125 	0.000230605 	1.58784e-05 	1
34.375 	0.000261848 	1.9347e-05 	1
34.4375 	0.000107604 	8.49068e-06 	1
34.5 	0.000222679 	1.69643e-05 	1
34.5625 	0.000226829 	1.57409e-05 	1
34.625 	0.000226149 	1.58407e-05 	1
34.6875 	0.00028531 	2.01559e-05 	1
34.875 	0.000216814 	1.46959e-05 	1
34.9375 	0.000121475 	3.38005e-06 	2
35.0625 	0.000236007 	2.08941e-05 	1
35.125 	0.000115853 	1.00447e-05 	1
35.25 	0.000124509 	1.06344e-05 	1
35.3125 	9.99299e-05 	7.90111e-06 	1
35.375 	0.000253765 	2.34542e-05 	1
35.625 	0.000341503 	2.31389e-05 	1
35.6875 	0.000238719 	1.6724e-05 	1
35.75 	0.000257423 	2.36152e-05 	1
35.8125 	9.28407e-05 	9.623e-06 	1
35.875 	0.000112144 	2.83473e-06 	2
35.9375 	0.000289085 	2.15495e-05 	1
36.0 	0.000123755 	1.05875e-05 	1
36.125 	0.000202932 	1.46557e-05 	1
36.25 	0.000160884 	1.50111e-05 	1
36.4375 	0.000255122 	1.83915e-05 	1
36.5 	0.00018983 	1.40633e-05 	1
36.8125 	0.000279854 	1.94655e-05 	1
36.875 	0.000311991 	2.11318e-05 	1
37.125 	0.000179781 	1.42089e-05 	1
37.1875 	0.000175013 	1.33441e-05 	1
37.3125 	0.000167959 	1.56428e-05 	1
37.4375 	0.00018074 	1.54196e-05 	1
37.5 	8.27872e-05 	7.95063e-06 	1
37.5625 	0.000175447 	1.48294e-05 	1
37.75 	0.000119288 	1.07094e-05 	1
37.9375 	0.000178431 	1.31046e-05 	1
38.0 	0.00019128 	1.47646e-05 	1
38.0625 	0.000338865 	2.29014e-05 	1
38.125 	0.000105284 	9.23473e-06 	1
38.25 	0.00019251 	1.37944e-05 	1
38.3125 	0.000123377 	5.30328e-06 	2
38.4375 	0.000237656 	1.6657e-05 	1
38.5625 	6.93124e-05 	6.59346e-06 	1
38.6875 	0.000125786 	9.45728e-06 	1
38.8125 	0.000108847 	8.58288e-06 	1
38.875 	0.000137636 	1.09682e-05 	1
38.9375 	0.000133236 	9.7026e-06 	1
39.0 	0.00017679 	1.63999e-05 	1
39.0625 	0.000146242 	1.26778e-05 	1
39.1875 	0.000209649 	1.42379e-05 	1
39.25 	0.00021429 	1.73176e-05 	1
39.3125 	0.000267194 	1.83734e-05 	1
39.5625 	0.000194984 	1.40792e-05 	1
39.625 	0.000133458 	3.15933e-06 	2
39.6875 	0.000213148 	1.4774e-05 	1
39.75 	0.00034277 	2.2611e-05 	1
39.875 	0.000204037 	1.61692e-05 	1
39.9375 	0.000178262 	1.28009e-05 	1
40.0 	0.000177752 	4.37579e-06 	2
40.125 	0.000236009 	1.66906e-05 	1
40.25 	0.000144766 	1.13075e-05 	1
40.3125 	0.000326673 	2.24377e-05 	1
40.4375 	0.000150248 	1.09482e-05 	1
40.5 	0.000238427 	2.20905e-05 	1
40.5625 	0.000126054 	1.24989e-05 	1
40.625 	0.000141291 	1.14905e-05 	1
40.8125 	0.000266152 	1.81522e-05 	1
40.9375 	0.000103567 	2.40367e-06 	2
41.125 	0.000246102 	1.8342e-05 	1
41.1875 	0.000151325 	1.43605e-05 	1
41.25 	0.000172367 	1.22605e-05 	1
41.3125 	0.000297454 	2.01738e-05 	1
41.4375 	0.000265663 	1.93636e-05 	1
41.5 	0.000106516 	8.92665e-06 	1
41.6875 	0.00025663 	1.76485e-05 	1
41.8125 	0.000177097 	1.37789e-05 	1
41.9375 	0.000176472 	1.36641e-05 	1
42.0 	0.000398967 	3.28366e-05 	1
42.25 	0.000158203 	1.20575e-05 	1
42.5 	0.000238216 	2.20273e-05 	1
42.6875 	0.000205876 	1.80228e-05 	1
42.8125 	0.000241903 	1.75326e-05 	1
42.875 	0.000294946 	2.07697e-05 	1
42.9375 	0.000118328 	1.02162e-05 	1
43.0 	0.000302835 	2.02474e-05 	1
43.0625 	0.000215411 	1.47631e-05 	1
43.1875 	0.000285471 	1.96482e-05 	1
43.3125 	0.000141134 	1.15828e-05 	1
43.375 	0.000163485 	1.50045e-05 	1
43.6875 	0.000229794 	2.26552e-05 	1
43.9375 	0.000196474 	1.43629e-05 	1
44.0 	0.00029183 	2.01849e-05 	1
44.0625 	0.000196548 	1.7004e-05 	1
44.125 	7.98188e-05 	8.5649e-06 	1
44.1875 	0.000220971 	1.58568e-05 	1
44.25 	0.000108257 	8.92843e-06 	1
44.3125 	0.0001304 	3.42684e-06 	2
44.4375 	0.000147833 	1.19291e-05 	1
44.5625 	0.000326074 	2.35167e-05 	1
44.6875 	0.00028607 	2.00584e-05 	1
44.8125 	0.000205441 	1.69487e-05 	1
44.875 	0.000278459 	2.01887e-05 	1
44.9375 	0.0001649 	1.22403e-05 	1
45.0 	0.000309693 	2.06007e-05 	1
45.1875 	0.000161261 	1.47351e-05 	1
45.3125 	7.90152e-05 	8.26499e-06 	1
45.5 	8.87727e-05 	2.24678e-06 	2
45.625 	0.000191252 	1.36467e-05 	1
45.6875 	0.000127963 	3.24622e-06 	2
45.75 	0.000134232 	1.04063e-05 	1
46.0 	0.000257991 	1.78225e-05 	1
46.0625 	0.000231128 	1.57965e-05 	1
46.3125 	0.00017409 	1.6501e-05 	1
46.5625 	0.000178389 	1.35173e-05 	1
46.625 	0.000120133 	3.18291e-06 	2
46.6875 	0.000242476 	2.16878e-05 	1
46.75 	0.000222982 	1.51665e-05 	1
46.875 	0.00010562 	8.32016e-06 	1
47.0 	0.000123692 	9.73717e-06 	1
47.0625 	0.00028276 	1.89886e-05 	1
47.125 	9.85775e-05 	9.21365e-06 	1
47.1875 	0.000154587 	1.18586e-05 	1
47.25 	0.000272677 	2.55288e-05 	1
47.375 	0.0001638 	1.50812e-05 	1
47.5 	0.000264008 	2.3312e-05 	1
47.5625 	0.000171842 	1.31106e-05 	1
47.625 	0.000127938 	1.09913e-05 	1
47.8125 	0.000291011 	2.05954e-05 	1
48.0625 	0.000169826 	1.48847e-05 	1
48.1875 	0.000144974 	1.24275e-05 	1
48.25 	7.08344e-05 	7.35036e-06 	1
48.3125 	0.000320725 	2.14064e-05 	1
48.4375 	0.00013662 	3.58469e-06 	2
48.5625 	0.000293736 	2.44573e-05 	1
48.75 	0.000310832 	2.14031e-05 	1
48.8125 	0.000164116 	1.43582e-05 	1
48.9375 	0.000255201 	1.79843e-05 	1
49.0 	0.000160607 	1.46387e-05 	1
49.125 	6.11277e-05 	5.11152e-06 	1
49.25 	0.000229285 	2.0453e-05 	1
49.3125 	0.000224785 	1.50496e-05 	1
49.375 	0.000228642 	2.16431e-05 	1
49.4375 	0.000115177 	1.03798e-05 	1
49.5 	3.65319e-05 	3.53158e-06 	1
49.5625 	8.65808e-05 	9.56857e-06 	1
49.6875 	0.000237064 	1.61316e-05 	1
49.75 	0.000216321 	1.5655e-05 	1
50.0625 	0.000330557 	2.18419e-05 	1
50.25 	0.000237326 	1.84762e-05 	1
50.3125 	0.000376395 	2.47732e-05 	1
50.375 	0.000174125 	1.32337e-05 	1
50.4375 	0.000136639 	1.14583e-05 	1
50.5625 	0.000214181 	1.52399e-05 	1
50.625 	0.00013644 	1.30568e-05 	1
50.75 	0.000160082 	1.21977e-05 	1
50.8125 	0.000126156 	9.32031e-06 	1
50.875 	0.000121123 	1.10937e-05 	1
50.9375 	0.000281477 	1.96698e-05 	1
51.0 	0.00016398 	1.24429e-05 	1
51.125 	9.40784e-05 	9.0077e-06 	1
51.1875 	0.000309468 	2.06673e-05 	1
51.25 	0.000162156 	1.41473e-05 	1
51.3125 	6.69343e-05 	6.11836e-06 	1
51.375 	0.000245169 	2.16738e-05 	1
51.4375 	0.000201496 	1.45244e-05 	1
51.5 	0.000287875 	1.95744e-05 	1
51.625 	0.000219954 	1.57194e-05 	1
51.6875 	0.000104541 	2.45366e-06 	2
51.8125 	0.000190644 	1.37114e-05 	1
52.0 	0.000202054 	1.51409e-05 	1
52.0625 	0.000200244 	1.43303e-05 	1
52.1875 	0.00028182 	1.92371e-05 	1
52.3125 	9.27861e-05 	9.83103e-06 	1
52.5 	0.000346631 	2.28291e-05 	1
52.625 	9.05986e-05 	8.00518e-06 	1
52.75 	0.000294356 	2.11754e-05 	1
52.8125 	0.000228319 	1.67003e-05 	1
52.9375 	0.000266014 	1.93183e-05 	1
53.1875 	0.000194292 	1.45932e-05 	1
53.25 	0.000143754 	1.16717e-05 	1
53.3125 	0.000187911 	1.6443e-05 	1
53.5 	0.000186781 	1.70783e-05 	1
53.5625 	0.000180694 	1.23866e-05 	1
53.625 	0.000279514 	1.96373e-05 	1
53.6875 	0.000281343 	1.94754e-05 	1
53.75 	0.00012131 	3.20503e-06 	2
53.875 	0.000116232 	8.74848e-06 	1
54.0 	0.000209976 	1.53097e-05 	1
54.0625 	0.00031859 	2.10807e-05 	1
54.1875 	0.000252152 	1.87665e-05 	1
54.25 	0.000164073 	1.34051e-05 	1
54.3125 	0.0003055 	2.55464e-05 	1
54.375 	0.000394066 	2.64202e-05 	1
54.4375 	0.000396153 	3.24989e-05 	1
54.6875 	0.000125575 	1.05868e-05 	1
54.8125 	0.000246145 	1.76637e-05 	1
54.875 	0.000127168 	1.02138e-05 	1
54.9375 	0.000219437 	1.5302e-05 	1
55.0 	0.000138267 	3.60487e-06 	2
55.125 	0.000357244 	2.4693e-05 	1
55.3125 	0.00021886 	1.57883e-05 	1
55.4375 	0.000279419 	1.88843e-05 	1
55.5 	0.000266117 	1.86249e-05 	1
55.6875 	0.000294662 	1.96287e-05 	1
55.75 	7.52694e-05 	7.2344e-06 	1
55.875 	0.000336673 	2.35594e-05 	1
55.9375 	0.000300711 	2.10668e-05 	1
56.0 	0.000139648 	1.24938e-05 	1
56.0625 	0.000332952 	2.28239e-05 	1
56.3125 	0.000193089 	1.5382e-05 	1
56.375 	0.000178432 	4.31357e-06 	2
56.4375 	0.000105344 	1.00004e-05 	1
56.5625 	0.000228456 	1.77066e-05 	1
56.6875 	0.000106936 	2.87299e-06 	2
56.75 	0.00051959 	3.4619e-05 	1
56.8125 	0.000149557 	1.12654e-05 	1
56.9375 	7.34929e-05 	7.71178e-06 	1
57.0 	0.000142477 	1.2925e-05 	1
57.0625 	0.00010907 	9.77572e-06 	1
57.1875 	9.91866e-05 	8.61407e-06 	1
57.25 	0.00018407 	1.34537e-05 	1
57.3125 	0.000194493 	1.53744e-05 	1
57.4375 	0.000274294 	1.87685e-05 	1
57.625 	7.05216e-05 	8.60763e-06 	1
57.6875 	0.000274041 	1.95755e-05 	1
57.8125 	0.000147208 	1.18817e-05 	1
58.0 	0.000132486 	1.30363e-05 	1
58.0625 	0.000337864 	2.33735e-05 	1
58.125 	0.000363625 	2.4624e-05 	1
58.1875 	0.000180674 	1.32249e-05 	1
58.25 	0.000132642 	1.10255e-05 	1
58.3125 	0.000140532 	1.34272e-05 	1
58.4375 	0.000166966 	1.58402e-05 	1
58.5625 	0.000180153 	1.6317e-05 	1
58.6875 	0.000334946 	2.36589e-05 	1
58.8125 	0.000220786 	1.61873e-05 	1
58.875 	0.000159354 	1.17229e-05 	1
58.9375 	0.000361922 	2.44376e-05 	1
59.0 	0.00020014 	1.41924e-05 	1
59.125 	0.000143258 	1.36598e-05 	1
59.25 	0.000257486 	1.80793e-05 	1
59.3125 	0.000213767 	1.55232e-05 	1
59.375 	0.000165419 	1.57978e-05 	1
59.5 	0.000262521 	1.72959e-05 	1
59.6875 	9.39434e-05 	9.64535e-06 	1
59.8125 	0.000125943 	1.0497e-05 	1
59.875 	0.000140664 	1.00356e-05 	1
59.9375 	5.33194e-05 	6.25348e-06 	1
60.375 	0.000258338 	1.86423e-05 	1
60.4375 	0.00017755 	1.28076e-05 	1
60.5625 	0.000178922 	4.25614e-06 	2
60.625 	0.000280092 	2.32509e-05 	1
60.875 	0.000252332 	1.71537e-05 	1
61.0 	8.84637e-05 	7.96744e-06 	1
61.125 	0.00011395 	9.47948e-06 	1
61.1875 	0.000112273 	8.68027e-06 	1
61.25 	0.000288741 	2.0466e-05 	1
61.4375 	0.000234388 	2.18668e-05 	1
61.5 	0.000107481 	2.69693e-06 	2
61.625 	0.000413236 	2.78864e-05 	1
61.6875 	0.000134778 	3.48282e-06 	2
61.8125 	0.000129818 	1.11123e-05 	1
61.9375 	0.000128253 	1.0515e-05 	1
62.125 	0.000128179 	1.07564e-05 	1
62.1875 	0.000307166 	2.10164e-05 	1
62.25 	0.00017951 	1.31695e-05 	1
62.375 	0.000128223 	3.36491e-06 	2
62.5 	0.000136714 	1.05663e-05 	1
62.5625 	0.000205696 	1.42533e-05 	1
62.875 	0.000146611 	1.28829e-05 	1
62.9375 	0.000325018 	2.21905e-05 	1
63.0 	9.2882e-05 	7.95861e-06 	1
63.25 	0.000199459 	1.84867e-05 	1
63.4375 	0.000181764 	1.32316e-05 	1
63.5625 	0.000179101 	1.36928e-05 	1
63.8125 	6.81932e-05 	7.62119e-06 	1
63.9375 	0.000152153 	1.31902e-05 	1
64.0 	0.000196139 	1.46905e-05 	1
64.25 	0.000366615 	2.48197e-05 	1
64.4375 	0.000161956 	1.19896e-05 	1
64.5625 	0.000207795 	1.63227e-05 	1
64.6875 	0.000142358 	1.38433e-05 	1
64.75 	0.000218786 	1.60978e-05 	1
64.8125 	0.000142172 	1.37578e-05 	1
64.875 	0.000331133 	2.29926e-05 	1
64.9375 	0.000213257 	1.49632e-05 	1
65.0 	0.000271145 	1.95299e-05 	1
65.0625 	0.000124741 	1.15591e-05 	1
65.125 	0.000102842 	8.54037e-06 	1
65.625 	0.000297293 	2.10994e-05 	1
65.8125 	0.000143767 	1.344e-05 	1
65.9375 	0.000223898 	1.85101e-05 	1
66.0 	0.000254078 	1.67896e-05 	1
66.0625 	0.000234437 	1.57899e-05 	1
66.3125 	0.000278256 	1.95971e-05 	1
66.5 	0.000332901 	2.30026e-05 	1
66.75 	0.000388144 	2.64158e-05 	1
66.8125 	0.000243678 	1.73921e-05 	1
66.875 	0.000254107 	1.70914e-05 	1
66.9375 	0.000109689 	1.04299e-05 	1
67.25 	0.000128433 	1.1653e-05 	1
67.375 	0.000251557 	1.72725e-05 	1
67.4375 	0.000115343 	3.0648e-06 	2
67.5 	0.000182076 	1.61698e-05 	1
67.8125 	0.000260207 	1.77341e-05 	1
67.875 	0.000133776 	3.51993e-06 	2
67.9375 	0.000227798 	1.66014e-05 	1
68.0 	0.000343617 	2.27849e-05 	1
68.0625 	7.67681e-05 	6.86722e-06 	1
68.125 	0.000151929 	1.17645e-05 	1
68.1875 	0.000106272 	2.69534e-06 	2
68.3125 	0.000274406 	2.29629e-05 	1
68.375 	0.000100134 	7.84655e-06 	1
68.4375 	0.000120491 	1.08115e-05 	1
68.5625 	0.00024631 	1.85876e-05 	1
68.6875 	0.000161811 	1.38743e-05 	1
68.75 	0.00022403 	1.68225e-05 	1
68.8125 	0.000299773 	2.04673e-05 	1
68.9375 	0.000128001 	1.26343e-05 	1
69.125 	0.000292498 	2.04337e-05 	1
69.1875 	0.000251817 	2.33411e-05 	1
69.25 	0.000167327 	1.25385e-05 	1
69.3125 	0.000130566 	9.50545e-06 	1
69.4375 	0.000134931 	1.33985e-05 	1
69.5 	0.000250656 	2.26986e-05 	1
69.75 	0.000169237 	1.31262e-05 	1
69.8125 	0.000185353 	1.34809e-05 	1
69.875 	0.000125601 	1.02783e-05 	1
69.9375 	0.000201332 	1.77017e-05 	1
