# time 	Initial 	Final 	Iterations
0.333274 	7.40794e-05 	7.40794e-05 	0
0.579973 	4.93141e-05 	4.93141e-05 	0
0.642226 	7.6223e-05 	7.6223e-05 	0
0.70448 	0.000122166 	5.91015e-05 	1
0.766734 	0.000154556 	5.59977e-05 	1
0.828988 	0.000112585 	4.33339e-05 	1
1.01575 	9.31834e-05 	9.31834e-05 	0
1.078 	6.68849e-05 	6.68849e-05 	0
1.20251 	7.10875e-05 	7.10875e-05 	0
1.26477 	0.000119109 	5.66466e-05 	1
1.38927 	7.02113e-05 	7.02113e-05 	0
1.45153 	7.69956e-05 	7.69956e-05 	0
1.51378 	0.000134828 	6.93595e-05 	1
1.57604 	6.07862e-05 	6.07862e-05 	0
1.7628 	5.1357e-05 	5.1357e-05 	0
1.8873 	8.25814e-05 	8.25814e-05 	0
1.94956 	5.90222e-05 	5.90222e-05 	0
2.07407 	7.3692e-05 	7.3692e-05 	0
2.19857 	0.000102038 	3.89101e-05 	1
2.26083 	0.000133891 	6.12004e-05 	1
2.32308 	6.0462e-05 	6.0462e-05 	0
2.38534 	6.515e-05 	6.515e-05 	0
2.44759 	7.94672e-05 	7.94672e-05 	0
2.63435 	0.000111443 	6.8806e-05 	1
2.69661 	9.88276e-05 	9.88276e-05 	0
2.88337 	0.00010397 	4.86508e-05 	1
2.94562 	3.54229e-05 	3.54229e-05 	0
3.07013 	4.98271e-05 	4.98271e-05 	0
3.13238 	5.22946e-05 	5.22946e-05 	0
3.19464 	0.000128669 	6.82825e-05 	1
3.25689 	8.02762e-05 	8.02762e-05 	0
3.31914 	5.71003e-05 	5.71003e-05 	0
3.3814 	0.000100532 	5.58526e-05 	1
3.44365 	8.29243e-05 	8.29243e-05 	0
3.50591 	9.03935e-05 	9.03935e-05 	0
3.56816 	5.61773e-05 	5.61773e-05 	0
3.69267 	0.000111369 	5.6938e-05 	1
3.75492 	5.24473e-05 	5.24473e-05 	0
3.81718 	4.94989e-05 	4.94989e-05 	0
3.87943 	5.84384e-05 	5.84384e-05 	0
4.00394 	9.91453e-05 	9.91453e-05 	0
4.06619 	6.29074e-05 	6.29074e-05 	0
4.12845 	7.04093e-05 	7.04093e-05 	0
4.1907 	0.000115947 	4.83458e-05 	1
4.25295 	7.45236e-05 	7.45236e-05 	0
4.31521 	9.24692e-05 	9.24692e-05 	0
4.37746 	9.76192e-05 	9.76192e-05 	0
4.50197 	6.92677e-05 	6.92677e-05 	0
4.56422 	6.23784e-05 	6.23784e-05 	0
4.62648 	5.24125e-05 	5.24125e-05 	0
4.68873 	7.352e-05 	7.352e-05 	0
4.75098 	0.000105017 	3.39646e-05 	1
4.81324 	0.000156953 	5.89639e-05 	1
4.87549 	8.47341e-05 	8.47341e-05 	0
4.93775 	6.68173e-05 	6.68173e-05 	0
5.0 	7.0721e-05 	7.0721e-05 	0
5.0625 	9.71865e-05 	9.71865e-05 	0
5.125 	0.000109632 	4.74004e-05 	1
5.25 	0.000117318 	5.26283e-05 	1
5.3125 	0.000109307 	5.40471e-05 	1
5.375 	7.45412e-05 	7.45412e-05 	0
5.5 	0.000148036 	5.7769e-05 	1
5.5625 	7.79806e-05 	7.79806e-05 	0
5.625 	6.99335e-05 	6.99335e-05 	0
5.6875 	7.29987e-05 	7.29987e-05 	0
5.75 	6.33388e-05 	6.33388e-05 	0
5.8125 	0.000148175 	8.54771e-05 	1
5.875 	0.000136256 	6.08676e-05 	1
5.9375 	5.78516e-05 	5.78516e-05 	0
6.0 	6.91004e-05 	6.91004e-05 	0
6.125 	8.96929e-05 	8.96929e-05 	0
6.1875 	7.36007e-05 	7.36007e-05 	0
6.25 	0.000111392 	7.21335e-05 	1
6.3125 	8.43902e-05 	8.43902e-05 	0
6.4375 	7.97715e-05 	7.97715e-05 	0
6.6875 	7.68476e-05 	7.68476e-05 	0
6.75 	8.33572e-05 	8.33572e-05 	0
6.8125 	7.13285e-05 	7.13285e-05 	0
6.9375 	8.5757e-05 	8.5757e-05 	0
7.0 	0.000105454 	6.16736e-05 	1
7.0625 	7.32841e-05 	7.32841e-05 	0
7.125 	4.24398e-05 	4.24398e-05 	0
7.1875 	7.47513e-05 	7.47513e-05 	0
7.25 	8.84722e-05 	8.84722e-05 	0
7.4375 	0.000114697 	5.16846e-05 	1
7.5625 	0.000127742 	7.86901e-05 	1
7.625 	8.88445e-05 	8.88445e-05 	0
7.6875 	0.000109197 	4.4951e-05 	1
7.8125 	7.26795e-05 	7.26795e-05 	0
7.9375 	0.000122112 	4.98836e-05 	1
8.0 	9.48748e-05 	9.48748e-05 	0
8.0625 	6.97854e-05 	6.97854e-05 	0
8.125 	0.000131841 	5.66518e-05 	1
8.25 	4.31567e-05 	4.31567e-05 	0
8.3125 	8.42681e-05 	8.42681e-05 	0
8.375 	0.000117655 	5.40198e-05 	1
8.4375 	8.79772e-05 	8.79772e-05 	0
8.5 	0.000101215 	7.64217e-05 	1
8.5625 	0.000158607 	8.43356e-05 	1
8.8125 	7.88966e-05 	7.88966e-05 	0
8.9375 	8.36162e-05 	8.36162e-05 	0
9.0 	6.93083e-05 	6.93083e-05 	0
9.0625 	0.000123668 	6.41103e-05 	1
9.125 	7.26804e-05 	7.26804e-05 	0
9.1875 	7.18901e-05 	7.18901e-05 	0
9.25 	5.81635e-05 	5.81635e-05 	0
9.3125 	8.02723e-05 	8.02723e-05 	0
9.375 	0.000123009 	5.47387e-05 	1
9.4375 	5.91229e-05 	5.91229e-05 	0
9.5625 	0.000113011 	4.53467e-05 	1
9.625 	5.79704e-05 	5.79704e-05 	0
9.6875 	8.51881e-05 	8.51881e-05 	0
9.8125 	5.32235e-05 	5.32235e-05 	0
9.875 	8.97833e-05 	8.97833e-05 	0
9.9375 	0.000129427 	6.9314e-05 	1
10.0 	9.071e-05 	9.071e-05 	0
10.0625 	8.39732e-05 	8.39732e-05 	0
10.1875 	6.53579e-05 	6.53579e-05 	0
10.3125 	0.000103551 	5.91953e-05 	1
10.375 	6.95931e-05 	6.95931e-05 	0
10.5625 	9.00715e-05 	9.00715e-05 	0
10.625 	9.7235e-05 	9.7235e-05 	0
10.6875 	0.000121276 	5.27362e-05 	1
10.75 	6.93936e-05 	6.93936e-05 	0
10.8125 	9.21971e-05 	9.21971e-05 	0
10.875 	6.84771e-05 	6.84771e-05 	0
11.0 	0.000105745 	4.5631e-05 	1
11.0625 	7.75732e-05 	7.75732e-05 	0
11.1875 	6.49873e-05 	6.49873e-05 	0
11.375 	7.20952e-05 	7.20952e-05 	0
11.4375 	6.63071e-05 	6.63071e-05 	0
11.5625 	9.78819e-05 	9.78819e-05 	0
11.625 	6.47885e-05 	6.47885e-05 	0
11.6875 	0.00010621 	4.46593e-05 	1
11.75 	9.86605e-05 	9.86605e-05 	0
11.8125 	0.000112158 	5.89503e-05 	1
11.875 	3.63333e-05 	3.63333e-05 	0
11.9375 	4.98601e-05 	4.98601e-05 	0
12.0 	0.000106189 	5.45698e-05 	1
12.0625 	0.000119026 	6.61222e-05 	1
12.125 	9.10993e-05 	9.10993e-05 	0
12.1875 	9.36938e-05 	9.36938e-05 	0
12.25 	0.000120443 	5.85587e-05 	1
12.3125 	8.79892e-05 	8.79892e-05 	0
12.375 	0.000101492 	6.66986e-05 	2
12.5625 	7.99993e-05 	7.99993e-05 	0
12.625 	0.00010001 	5.07497e-05 	1
12.6875 	0.000108885 	5.63087e-05 	1
12.75 	5.12677e-05 	5.12677e-05 	0
12.8125 	4.78406e-05 	4.78406e-05 	0
12.875 	9.95857e-05 	9.95857e-05 	0
13.0 	3.72393e-05 	3.72393e-05 	0
13.0625 	9.55327e-05 	9.55327e-05 	0
13.125 	0.000101477 	2.94631e-05 	1
13.1875 	6.23385e-05 	6.23385e-05 	0
13.25 	0.000106544 	5.02615e-05 	1
13.375 	6.92741e-05 	6.92741e-05 	0
13.4375 	4.24585e-05 	4.24585e-05 	0
13.5 	0.000101344 	6.82852e-05 	1
13.5625 	0.000141484 	7.10726e-05 	2
13.625 	4.82881e-05 	4.82881e-05 	0
13.6875 	6.71507e-05 	6.71507e-05 	0
14.0 	7.74094e-05 	7.74094e-05 	0
14.0625 	8.92068e-05 	8.92068e-05 	0
14.125 	5.08873e-05 	5.08873e-05 	0
14.1875 	0.000131653 	6.37908e-05 	1
14.3125 	9.75439e-05 	9.75439e-05 	0
14.375 	8.40391e-05 	8.40391e-05 	0
14.4375 	5.37845e-05 	5.37845e-05 	0
14.5 	8.84832e-05 	8.84832e-05 	0
14.625 	0.000104352 	5.77261e-05 	1
14.6875 	7.45046e-05 	7.45046e-05 	0
14.75 	0.00012953 	6.31052e-05 	1
14.8125 	8.84877e-05 	8.84877e-05 	0
14.875 	5.62274e-05 	5.62274e-05 	0
14.9375 	0.000107823 	5.05275e-05 	1
15.0 	7.48206e-05 	7.48206e-05 	0
15.1875 	0.000127474 	5.49796e-05 	1
15.25 	9.43569e-05 	9.43569e-05 	0
15.3125 	9.98028e-05 	9.98028e-05 	0
15.375 	8.37107e-05 	8.37107e-05 	0
15.4375 	0.000135378 	5.85172e-05 	1
15.5 	4.744e-05 	4.744e-05 	0
15.5625 	9.41633e-05 	9.41633e-05 	0
15.75 	6.90512e-05 	6.90512e-05 	0
15.8125 	0.000102538 	4.50443e-05 	1
15.875 	7.6127e-05 	7.6127e-05 	0
15.9375 	0.000101269 	4.63801e-05 	1
16.0 	7.61742e-05 	7.61742e-05 	0
16.0625 	0.000110538 	4.60164e-05 	1
16.125 	6.181e-05 	6.181e-05 	0
16.1875 	4.48233e-05 	4.48233e-05 	0
16.25 	0.000129586 	4.87435e-05 	1
16.3125 	7.97171e-05 	7.97171e-05 	0
16.375 	7.59664e-05 	7.59664e-05 	0
16.4375 	0.000105305 	3.94709e-05 	1
16.5 	4.00366e-05 	4.00366e-05 	0
16.625 	0.000107813 	5.46962e-05 	1
16.6875 	5.92531e-05 	5.92531e-05 	0
16.75 	8.07235e-05 	8.07235e-05 	0
16.8125 	4.83439e-05 	4.83439e-05 	0
16.875 	7.94276e-05 	7.94276e-05 	0
16.9375 	5.08936e-05 	5.08936e-05 	0
17.25 	8.47845e-05 	8.47845e-05 	0
17.3125 	0.000124178 	5.38766e-05 	1
17.375 	5.34157e-05 	5.34157e-05 	0
17.4375 	0.000113105 	5.70123e-05 	1
17.5 	7.44183e-05 	7.44183e-05 	0
17.5625 	7.85335e-05 	7.85335e-05 	0
17.625 	9.82237e-05 	9.82237e-05 	0
17.6875 	8.46142e-05 	8.46142e-05 	0
17.75 	6.80586e-05 	6.80586e-05 	0
17.8125 	0.00014394 	7.50611e-05 	1
18.0 	0.000131808 	5.25283e-05 	1
18.0625 	0.000111279 	4.54747e-05 	1
18.125 	3.36595e-05 	3.36595e-05 	0
18.1875 	9.61987e-05 	9.61987e-05 	0
18.25 	9.99514e-05 	9.99514e-05 	0
18.3125 	9.97799e-05 	9.97799e-05 	0
18.375 	6.12006e-05 	6.12006e-05 	0
18.4375 	0.000123423 	5.99545e-05 	1
18.5 	9.54656e-05 	9.54656e-05 	0
18.5625 	0.000132453 	5.96973e-05 	1
18.625 	5.33199e-05 	5.33199e-05 	0
18.75 	0.000110104 	4.31975e-05 	1
18.8125 	7.17641e-05 	7.17641e-05 	0
18.875 	0.000120766 	4.97262e-05 	1
18.9375 	6.75898e-05 	6.75898e-05 	0
19.125 	8.17922e-05 	8.17922e-05 	0
19.25 	5.11413e-05 	5.11413e-05 	0
19.3125 	6.06866e-05 	6.06866e-05 	0
19.375 	0.000120226 	5.26156e-05 	1
19.4375 	5.76416e-05 	5.76416e-05 	0
19.5 	5.97995e-05 	5.97995e-05 	0
19.625 	4.7025e-05 	4.7025e-05 	0
19.6875 	9.98462e-05 	9.98462e-05 	0
19.75 	8.53706e-05 	8.53706e-05 	0
19.9375 	0.000113155 	7.70443e-05 	1
20.0 	0.000102001 	3.66812e-05 	1
20.0625 	7.71798e-05 	7.71798e-05 	0
20.125 	0.000119723 	6.21749e-05 	1
20.1875 	6.83743e-05 	6.83743e-05 	0
20.25 	8.10807e-05 	8.10807e-05 	0
20.3125 	9.0395e-05 	9.0395e-05 	0
20.375 	2.70417e-05 	2.70417e-05 	0
20.4375 	9.03798e-05 	9.03798e-05 	0
20.5 	4.38449e-05 	4.38449e-05 	0
20.5625 	0.000115642 	6.10515e-05 	1
20.625 	9.76941e-05 	9.76941e-05 	0
20.6875 	7.14798e-05 	7.14798e-05 	0
20.75 	0.000117037 	5.54451e-05 	1
20.8125 	9.97031e-05 	9.97031e-05 	0
20.875 	9.48438e-05 	9.48438e-05 	0
21.0 	5.72904e-05 	5.72904e-05 	0
21.0625 	6.8585e-05 	6.8585e-05 	0
21.1875 	0.000105517 	5.1454e-05 	1
21.3125 	0.000104365 	6.14978e-05 	1
21.375 	0.00010395 	3.75011e-05 	1
21.4375 	0.000138041 	6.0841e-05 	1
21.5625 	9.04445e-05 	9.04445e-05 	0
21.625 	7.54221e-05 	7.54221e-05 	0
21.6875 	0.000150753 	6.10096e-05 	1
21.75 	8.1491e-05 	8.1491e-05 	0
21.8125 	0.000101225 	7.17283e-05 	1
21.875 	8.80394e-05 	8.80394e-05 	0
21.9375 	5.75973e-05 	5.75973e-05 	0
22.0 	8.52361e-05 	8.52361e-05 	0
22.125 	6.81713e-05 	6.81713e-05 	0
22.1875 	8.2487e-05 	8.2487e-05 	0
22.25 	5.76056e-05 	5.76056e-05 	0
22.3125 	0.000102071 	3.69012e-05 	1
22.375 	9.09238e-05 	9.09238e-05 	0
22.625 	0.000102188 	3.87869e-05 	1
22.6875 	7.441e-05 	7.441e-05 	0
22.75 	5.09616e-05 	5.09616e-05 	0
22.8125 	8.85993e-05 	8.85993e-05 	0
22.9375 	0.000126422 	6.99527e-05 	1
23.0 	6.75961e-05 	6.75961e-05 	0
23.0625 	0.000118327 	5.6982e-05 	1
23.125 	6.60243e-05 	6.60243e-05 	0
23.1875 	9.64731e-05 	9.64731e-05 	0
23.3125 	0.000115505 	5.97832e-05 	1
23.375 	6.60755e-05 	6.60755e-05 	0
23.4375 	6.20557e-05 	6.20557e-05 	0
23.5625 	8.37103e-05 	8.37103e-05 	0
23.6875 	0.000101894 	4.69e-05 	1
23.75 	6.95515e-05 	6.95515e-05 	0
23.8125 	9.11119e-05 	9.11119e-05 	0
23.875 	9.97418e-05 	9.97418e-05 	0
23.9375 	0.000114672 	4.67338e-05 	1
24.0 	0.000173548 	6.37821e-05 	1
24.0625 	0.000120398 	7.55886e-05 	1
24.125 	0.000135144 	6.25205e-05 	1
24.1875 	3.73195e-05 	3.73195e-05 	0
24.3125 	6.95279e-05 	6.95279e-05 	0
24.375 	7.26499e-05 	7.26499e-05 	0
24.4375 	5.34656e-05 	5.34656e-05 	0
24.5 	8.77233e-05 	8.77233e-05 	0
24.5625 	8.55434e-05 	8.55434e-05 	0
24.625 	7.03962e-05 	7.03962e-05 	0
24.6875 	6.13921e-05 	6.13921e-05 	0
24.75 	0.000109116 	5.89887e-05 	1
24.8125 	7.02617e-05 	7.02617e-05 	0
25.0 	4.46173e-05 	4.46173e-05 	0
25.0625 	9.8381e-05 	9.8381e-05 	0
25.125 	6.90622e-05 	6.90622e-05 	0
25.25 	0.000104222 	3.57643e-05 	1
25.3125 	6.52831e-05 	6.52831e-05 	0
25.5 	5.64784e-05 	5.64784e-05 	0
25.5625 	9.90341e-05 	9.90341e-05 	0
25.625 	9.43449e-05 	9.43449e-05 	0
25.6875 	0.000134873 	5.71624e-05 	1
25.75 	0.000113353 	6.35434e-05 	1
25.8125 	6.91072e-05 	6.91072e-05 	0
25.875 	8.12857e-05 	8.12857e-05 	0
25.9375 	0.000107317 	4.03114e-05 	1
26.0 	9.47462e-05 	9.47462e-05 	0
26.0625 	3.73687e-05 	3.73687e-05 	0
26.125 	9.42284e-05 	9.42284e-05 	0
26.25 	7.12668e-05 	7.12668e-05 	0
26.3125 	3.96211e-05 	3.96211e-05 	0
26.375 	6.94473e-05 	6.94473e-05 	0
26.4375 	0.000108621 	6.19019e-05 	1
26.5 	9.71971e-05 	9.71971e-05 	0
26.5625 	0.000100873 	6.39547e-05 	1
26.625 	8.86152e-05 	8.86152e-05 	0
26.6875 	0.000109668 	5.77954e-05 	1
26.875 	0.000121289 	3.45799e-05 	1
26.9375 	9.52268e-05 	9.52268e-05 	0
27.0 	9.57138e-05 	9.57138e-05 	0
27.0625 	7.62736e-05 	7.62736e-05 	0
27.25 	8.60104e-05 	8.60104e-05 	0
27.3125 	6.18862e-05 	6.18862e-05 	0
27.375 	8.30293e-05 	8.30293e-05 	0
27.5 	4.20359e-05 	4.20359e-05 	0
27.5625 	0.000101212 	4.73599e-05 	1
27.625 	0.000108092 	5.41788e-05 	1
27.6875 	9.85643e-05 	9.85643e-05 	0
27.75 	5.78944e-05 	5.78944e-05 	0
27.8125 	3.65567e-05 	3.65567e-05 	0
27.875 	9.25766e-05 	9.25766e-05 	0
28.0 	4.70229e-05 	4.70229e-05 	0
28.0625 	0.000110217 	5.18486e-05 	1
28.125 	3.979e-05 	3.979e-05 	0
28.3125 	8.25932e-05 	8.25932e-05 	0
28.375 	0.00013195 	6.7822e-05 	2
28.4375 	5.77545e-05 	5.77545e-05 	0
28.5 	0.000131148 	6.23002e-05 	1
28.625 	9.04922e-05 	9.04922e-05 	0
28.6875 	9.32081e-05 	9.32081e-05 	0
28.8125 	6.46334e-05 	6.46334e-05 	0
28.875 	0.000109267 	3.14801e-05 	1
28.9375 	7.29984e-05 	7.29984e-05 	0
29.0 	6.72762e-05 	6.72762e-05 	0
29.0625 	0.000107039 	7.98092e-05 	1
29.125 	9.59974e-05 	9.59974e-05 	0
29.1875 	0.000116888 	7.08921e-05 	1
29.25 	0.000152457 	5.94497e-05 	1
29.3125 	5.29126e-05 	5.29126e-05 	0
29.375 	8.00108e-05 	8.00108e-05 	0
29.4375 	7.30892e-05 	7.30892e-05 	0
29.5 	0.000102204 	6.1511e-05 	1
29.5625 	6.61696e-05 	6.61696e-05 	0
29.625 	7.38566e-05 	7.38566e-05 	0
29.6875 	8.65317e-05 	8.65317e-05 	0
29.75 	0.000120039 	7.22589e-05 	1
29.875 	7.20315e-05 	7.20315e-05 	0
29.9375 	0.000136122 	5.9534e-05 	1
30.0 	8.83231e-05 	8.83231e-05 	0
30.125 	0.000152408 	7.13327e-05 	1
30.1875 	6.20252e-05 	6.20252e-05 	0
30.25 	6.06452e-05 	6.06452e-05 	0
30.3125 	7.41356e-05 	7.41356e-05 	0
30.375 	9.00182e-05 	9.00182e-05 	0
30.4375 	0.00018087 	6.44701e-05 	1
30.5 	7.5329e-05 	7.5329e-05 	0
30.5625 	5.39507e-05 	5.39507e-05 	0
30.6875 	0.000126239 	6.2066e-05 	1
30.75 	8.71482e-05 	8.71482e-05 	0
30.8125 	9.00703e-05 	9.00703e-05 	0
30.9375 	0.000116007 	4.878e-05 	1
31.0 	0.000136999 	8.40511e-05 	1
31.125 	5.01444e-05 	5.01444e-05 	0
31.1875 	6.10998e-05 	6.10998e-05 	0
31.25 	0.000178712 	6.47483e-05 	1
31.3125 	9.47703e-05 	9.47703e-05 	0
31.375 	9.58443e-05 	9.58443e-05 	0
31.5 	7.71739e-05 	7.71739e-05 	0
31.5625 	5.15804e-05 	5.15804e-05 	0
31.625 	4.26276e-05 	4.26276e-05 	0
31.6875 	0.00011206 	4.86417e-05 	1
31.75 	4.92797e-05 	4.92797e-05 	0
31.8125 	0.000109793 	6.34377e-05 	1
31.875 	6.09532e-05 	6.09532e-05 	0
31.9375 	8.27534e-05 	8.27534e-05 	0
32.0 	6.78021e-05 	6.78021e-05 	0
32.0625 	8.64527e-05 	8.64527e-05 	0
32.125 	8.01814e-05 	8.01814e-05 	0
32.1875 	0.000108297 	5.38215e-05 	1
32.25 	6.90211e-05 	6.90211e-05 	0
32.3125 	0.00010614 	6.36891e-05 	1
32.4375 	9.96089e-05 	9.96089e-05 	0
32.5 	0.000131111 	5.55241e-05 	1
32.625 	8.56724e-05 	8.56724e-05 	0
32.6875 	6.32266e-05 	6.32266e-05 	0
32.75 	0.000102974 	7.30955e-05 	1
32.8125 	9.81183e-05 	9.81183e-05 	0
32.875 	9.57103e-05 	9.57103e-05 	0
32.9375 	7.19412e-05 	7.19412e-05 	0
33.0 	0.000114275 	5.89282e-05 	1
33.0625 	0.000102708 	4.11362e-05 	1
33.125 	5.46913e-05 	5.46913e-05 	0
33.1875 	0.000139652 	5.66507e-05 	1
33.25 	8.83173e-05 	8.83173e-05 	0
33.3125 	7.16882e-05 	7.16882e-05 	0
33.375 	9.54086e-05 	9.54086e-05 	0
33.4375 	5.53088e-05 	5.53088e-05 	0
33.5 	0.000119065 	4.79311e-05 	1
33.625 	8.26641e-05 	8.26641e-05 	0
33.6875 	3.55951e-05 	3.55951e-05 	0
33.75 	9.53688e-05 	9.53688e-05 	0
33.875 	6.38708e-05 	6.38708e-05 	0
33.9375 	0.00010501 	5.8384e-05 	1
34.0625 	9.87711e-05 	9.87711e-05 	0
34.125 	8.31059e-05 	8.31059e-05 	0
34.1875 	5.27757e-05 	5.27757e-05 	0
34.25 	0.000119668 	5.68285e-05 	1
34.3125 	7.87403e-05 	7.87403e-05 	0
34.375 	0.000106332 	4.94891e-05 	1
34.4375 	0.000129712 	5.54214e-05 	1
34.5 	6.64784e-05 	6.64784e-05 	0
34.5625 	9.68601e-05 	9.68601e-05 	0
34.625 	5.40505e-05 	5.40505e-05 	0
34.6875 	8.02956e-05 	8.02956e-05 	0
34.75 	6.78727e-05 	6.78727e-05 	0
34.875 	5.78167e-05 	5.78167e-05 	0
34.9375 	7.34625e-05 	7.34625e-05 	0
35.0625 	7.78357e-05 	7.78357e-05 	0
35.125 	0.000116422 	6.13616e-05 	1
35.25 	4.29838e-05 	4.29838e-05 	0
35.3125 	9.55757e-05 	9.55757e-05 	0
35.375 	0.000131354 	5.21448e-05 	1
35.5625 	9.08497e-05 	9.08497e-05 	0
35.625 	0.000135225 	6.48402e-05 	1
35.6875 	0.000123198 	5.13494e-05 	1
35.75 	0.000107652 	7.36156e-05 	1
35.8125 	4.66561e-05 	4.66561e-05 	0
35.875 	0.000100099 	5.59744e-05 	1
35.9375 	6.50088e-05 	6.50088e-05 	0
36.0 	8.52543e-05 	8.52543e-05 	0
36.125 	7.21114e-05 	7.21114e-05 	0
36.25 	8.01994e-05 	8.01994e-05 	0
36.4375 	0.000104484 	4.65411e-05 	1
36.5 	6.72854e-05 	6.72854e-05 	0
36.5625 	7.25896e-05 	7.25896e-05 	0
36.625 	9.5591e-05 	9.5591e-05 	0
36.6875 	0.000110165 	5.5932e-05 	1
36.8125 	9.37692e-05 	9.37692e-05 	0
36.875 	6.03478e-05 	6.03478e-05 	0
36.9375 	5.29505e-05 	5.29505e-05 	0
37.0625 	5.27285e-05 	5.27285e-05 	0
37.125 	0.000124049 	9.7578e-05 	1
37.1875 	3.4027e-05 	3.4027e-05 	0
37.25 	0.000158034 	8.87014e-05 	1
37.3125 	7.28959e-05 	7.28959e-05 	0
37.375 	9.4007e-05 	9.4007e-05 	0
37.4375 	0.00010615 	7.01617e-05 	1
37.5 	7.42773e-05 	7.42773e-05 	0
37.5625 	5.66121e-05 	5.66121e-05 	0
37.625 	0.000122208 	7.05521e-05 	1
37.75 	0.000101492 	6.26778e-05 	1
37.8125 	5.17292e-05 	5.17292e-05 	0
37.875 	0.000132621 	6.13325e-05 	1
37.9375 	8.95269e-05 	8.95269e-05 	0
38.0 	0.000108766 	6.42213e-05 	1
38.0625 	6.16319e-05 	6.16319e-05 	0
38.125 	5.03093e-05 	5.03093e-05 	0
38.1875 	7.00578e-05 	7.00578e-05 	0
38.25 	5.66976e-05 	5.66976e-05 	0
38.3125 	9.1721e-05 	9.1721e-05 	0
38.375 	0.000118894 	5.7201e-05 	1
38.4375 	5.27042e-05 	5.27042e-05 	0
38.5625 	0.000123112 	5.75382e-05 	1
38.6875 	0.000129552 	5.85695e-05 	1
38.8125 	8.07069e-05 	8.07069e-05 	0
38.875 	4.15879e-05 	4.15879e-05 	0
38.9375 	6.13859e-05 	6.13859e-05 	0
39.0 	7.61152e-05 	7.61152e-05 	0
39.0625 	0.000111756 	5.32988e-05 	1
39.125 	5.30755e-05 	5.30755e-05 	0
39.1875 	4.43725e-05 	4.43725e-05 	0
39.25 	6.04363e-05 	6.04363e-05 	0
39.3125 	6.13638e-05 	6.13638e-05 	0
39.5 	5.2047e-05 	5.2047e-05 	0
39.5625 	6.01087e-05 	6.01087e-05 	0
39.625 	7.13274e-05 	7.13274e-05 	0
39.6875 	9.4772e-05 	9.4772e-05 	0
39.75 	9.29144e-05 	9.29144e-05 	0
39.8125 	9.44751e-05 	9.44751e-05 	0
39.875 	9.6012e-05 	9.6012e-05 	0
39.9375 	0.000116065 	4.40669e-05 	1
40.0 	6.27474e-05 	6.27474e-05 	0
40.125 	4.20517e-05 	4.20517e-05 	0
40.25 	9.87731e-05 	9.87731e-05 	0
40.3125 	9.72204e-05 	9.72204e-05 	0
40.4375 	0.000111217 	4.43175e-05 	1
40.5 	5.00322e-05 	5.00322e-05 	0
40.5625 	0.000103995 	3.63358e-05 	1
40.625 	6.29765e-05 	6.29765e-05 	0
40.8125 	4.6665e-05 	4.6665e-05 	0
40.9375 	0.000126051 	6.40632e-05 	1
41.0 	4.38235e-05 	4.38235e-05 	0
41.125 	0.000162786 	5.8546e-05 	1
41.1875 	7.15627e-05 	7.15627e-05 	0
41.25 	8.98618e-05 	8.98618e-05 	0
41.3125 	8.53597e-05 	8.53597e-05 	0
41.4375 	3.2649e-05 	3.2649e-05 	0
41.5 	9.76595e-05 	9.76595e-05 	0
41.5625 	4.38338e-05 	4.38338e-05 	0
41.625 	0.000112273 	6.24987e-05 	1
41.6875 	5.34236e-05 	5.34236e-05 	0
41.8125 	6.97537e-05 	6.97537e-05 	0
41.875 	0.000107052 	6.3657e-05 	1
41.9375 	5.48952e-05 	5.48952e-05 	0
42.0 	0.000106012 	4.14625e-05 	1
42.125 	9.37941e-05 	9.37941e-05 	0
42.25 	9.29614e-05 	9.29614e-05 	0
42.375 	0.000188021 	6.6879e-05 	1
42.5 	0.000147521 	8.96976e-05 	1
42.6875 	9.05065e-05 	9.05065e-05 	0
42.8125 	0.000101619 	5.40225e-05 	1
42.875 	0.000115521 	5.29438e-05 	1
42.9375 	5.78255e-05 	5.78255e-05 	0
43.0 	9.48026e-05 	9.48026e-05 	0
43.0625 	6.04744e-05 	6.04744e-05 	0
43.125 	0.000108606 	4.79038e-05 	1
43.1875 	9.64921e-05 	9.64921e-05 	0
43.3125 	0.00013141 	4.18356e-05 	1
43.375 	8.7216e-05 	8.7216e-05 	0
43.4375 	5.92579e-05 	5.92579e-05 	0
43.5625 	6.02607e-05 	6.02607e-05 	0
43.6875 	9.76907e-05 	9.76907e-05 	0
43.75 	0.000113057 	7.07013e-05 	1
43.8125 	0.000148977 	6.83691e-05 	1
43.875 	5.92412e-05 	5.92412e-05 	0
43.9375 	6.66306e-05 	6.66306e-05 	0
44.0 	6.25226e-05 	6.25226e-05 	0
44.0625 	9.24618e-05 	9.24618e-05 	0
44.125 	0.000115877 	5.31029e-05 	1
44.1875 	8.59699e-05 	8.59699e-05 	0
44.25 	6.94395e-05 	6.94395e-05 	0
44.3125 	9.42972e-05 	9.42972e-05 	0
44.375 	8.41505e-05 	8.41505e-05 	0
44.4375 	9.32696e-05 	9.32696e-05 	0
44.5 	4.9897e-05 	4.9897e-05 	0
44.5625 	0.00010291 	4.6591e-05 	1
44.625 	5.94542e-05 	5.94542e-05 	0
44.6875 	8.51021e-05 	8.51021e-05 	0
44.75 	8.48949e-05 	8.48949e-05 	0
44.8125 	0.000104278 	5.87071e-05 	1
44.875 	8.98014e-05 	8.98014e-05 	0
44.9375 	0.000117867 	4.86007e-05 	1
45.0 	6.75874e-05 	6.75874e-05 	0
45.0625 	0.000107122 	6.68095e-05 	1
45.1875 	6.44045e-05 	6.44045e-05 	0
45.3125 	8.42073e-05 	8.42073e-05 	0
45.375 	0.000114298 	6.30544e-05 	1
45.5 	0.000126172 	5.25599e-05 	1
45.5625 	0.000122087 	5.21063e-05 	1
45.625 	0.00011073 	4.13964e-05 	1
45.6875 	7.39141e-05 	7.39141e-05 	0
45.75 	6.77777e-05 	6.77777e-05 	0
45.875 	7.80992e-05 	7.80992e-05 	0
45.9375 	3.54077e-05 	3.54077e-05 	0
46.0 	6.47717e-05 	6.47717e-05 	0
46.0625 	7.27574e-05 	7.27574e-05 	0
46.125 	0.000115589 	4.47709e-05 	1
46.3125 	6.96372e-05 	6.96372e-05 	0
46.375 	3.77545e-05 	3.77545e-05 	0
46.5625 	0.000137624 	5.40223e-05 	1
46.625 	8.09725e-05 	8.09725e-05 	0
46.6875 	0.000111714 	4.67682e-05 	1
46.75 	8.54668e-05 	8.54668e-05 	0
46.8125 	6.02446e-05 	6.02446e-05 	0
46.875 	7.49285e-05 	7.49285e-05 	0
47.0 	0.00010783 	5.01439e-05 	1
47.0625 	8.86205e-05 	8.86205e-05 	0
47.125 	7.17707e-05 	7.17707e-05 	0
47.1875 	4.05495e-05 	4.05495e-05 	0
47.25 	0.000114178 	4.41808e-05 	1
47.3125 	9.12406e-05 	9.12406e-05 	0
47.375 	7.51297e-05 	7.51297e-05 	0
47.5 	6.65051e-05 	6.65051e-05 	0
47.5625 	5.13645e-05 	5.13645e-05 	0
47.625 	7.63768e-05 	7.63768e-05 	0
47.6875 	5.52066e-05 	5.52066e-05 	0
47.8125 	9.82671e-05 	9.82671e-05 	0
47.875 	0.000118963 	6.71371e-05 	1
48.0 	9.82126e-05 	9.82126e-05 	0
48.0625 	4.59073e-05 	4.59073e-05 	0
48.1875 	8.26413e-05 	8.26413e-05 	0
48.25 	7.99448e-05 	7.99448e-05 	0
48.3125 	4.59345e-05 	4.59345e-05 	0
48.375 	5.04044e-05 	5.04044e-05 	0
48.4375 	0.000112185 	4.62103e-05 	1
48.5 	8.8857e-05 	8.8857e-05 	0
48.5625 	0.00012147 	4.76834e-05 	1
48.75 	7.22062e-05 	7.22062e-05 	0
48.8125 	0.000113502 	6.02163e-05 	1
48.9375 	0.000112824 	5.05558e-05 	1
49.0 	6.44311e-05 	6.44311e-05 	0
49.125 	5.08019e-05 	5.08019e-05 	0
49.1875 	7.17918e-05 	7.17918e-05 	0
49.25 	0.00010145 	4.2333e-05 	1
49.3125 	6.50853e-05 	6.50853e-05 	0
49.375 	8.72416e-05 	8.72416e-05 	0
49.4375 	5.63203e-05 	5.63203e-05 	0
49.5 	0.000110577 	5.18222e-05 	1
49.5625 	4.22468e-05 	4.22468e-05 	0
49.625 	6.47377e-05 	6.47377e-05 	0
49.6875 	0.000112917 	6.48463e-05 	1
49.75 	0.000105975 	4.4236e-05 	1
50.0625 	6.30892e-05 	6.30892e-05 	0
50.125 	4.79447e-05 	4.79447e-05 	0
50.25 	5.29832e-05 	5.29832e-05 	0
50.3125 	0.000103206 	5.61564e-05 	1
50.375 	5.11004e-05 	5.11004e-05 	0
50.4375 	0.000107885 	4.87552e-05 	1
50.5 	5.37453e-05 	5.37453e-05 	0
50.5625 	7.73427e-05 	7.73427e-05 	0
50.625 	0.000102258 	4.06877e-05 	1
50.75 	6.64527e-05 	6.64527e-05 	0
50.8125 	0.000109577 	4.85909e-05 	1
50.875 	0.000108805 	4.30892e-05 	1
50.9375 	6.7671e-05 	6.7671e-05 	0
51.0 	8.97832e-05 	8.97832e-05 	0
51.0625 	0.000107357 	6.07902e-05 	1
51.125 	5.78487e-05 	5.78487e-05 	0
51.1875 	5.29013e-05 	5.29013e-05 	0
51.25 	8.88985e-05 	8.88985e-05 	0
51.3125 	0.000116968 	6.37723e-05 	1
51.375 	0.000110325 	4.55851e-05 	1
51.4375 	7.76135e-05 	7.76135e-05 	0
51.5 	4.79573e-05 	4.79573e-05 	0
51.5625 	0.000178682 	6.40089e-05 	1
51.625 	8.40778e-05 	8.40778e-05 	0
51.6875 	7.9179e-05 	7.9179e-05 	0
51.8125 	4.74742e-05 	4.74742e-05 	0
51.875 	7.69956e-05 	7.69956e-05 	0
52.0 	9.59297e-05 	9.59297e-05 	0
52.0625 	0.00011995 	4.80137e-05 	1
52.1875 	7.59986e-05 	7.59986e-05 	0
52.3125 	0.000106965 	6.91469e-05 	1
52.375 	0.000107784 	2.05344e-05 	1
52.4375 	8.63122e-05 	8.63122e-05 	0
52.5 	6.31981e-05 	6.31981e-05 	0
52.5625 	7.37304e-05 	7.37304e-05 	0
52.625 	8.70569e-05 	8.70569e-05 	0
52.6875 	3.95706e-05 	3.95706e-05 	0
52.75 	7.12709e-05 	7.12709e-05 	0
52.8125 	7.0129e-05 	7.0129e-05 	0
52.875 	6.75048e-05 	6.75048e-05 	0
52.9375 	4.09926e-05 	4.09926e-05 	0
53.0 	8.6057e-05 	8.6057e-05 	0
53.125 	0.000119781 	4.91455e-05 	1
53.1875 	9.06636e-05 	9.06636e-05 	0
53.25 	9.59295e-05 	9.59295e-05 	0
53.3125 	0.000102321 	3.83589e-05 	1
53.375 	7.29506e-05 	7.29506e-05 	0
53.5 	9.72574e-05 	9.72574e-05 	0
53.5625 	0.000108277 	5.21596e-05 	1
53.625 	0.000113892 	6.04943e-05 	1
53.6875 	0.000105871 	5.6731e-05 	1
53.75 	7.68233e-05 	7.68233e-05 	0
53.8125 	0.000130101 	6.25396e-05 	1
53.875 	5.0934e-05 	5.0934e-05 	0
53.9375 	0.000101949 	3.46612e-05 	1
54.0 	9.40329e-05 	9.40329e-05 	0
54.0625 	0.000117923 	4.67786e-05 	1
54.1875 	8.28282e-05 	8.28282e-05 	0
54.25 	7.0704e-05 	7.0704e-05 	0
54.3125 	6.46879e-05 	6.46879e-05 	0
54.375 	7.87101e-05 	7.87101e-05 	0
54.4375 	5.4493e-05 	5.4493e-05 	0
54.6875 	8.18654e-05 	8.18654e-05 	0
54.8125 	0.000127511 	6.19728e-05 	1
54.875 	5.65316e-05 	5.65316e-05 	0
54.9375 	4.91494e-05 	4.91494e-05 	0
55.0 	0.00010734 	6.29167e-05 	1
55.0625 	8.10675e-05 	8.10675e-05 	0
55.125 	0.000173612 	6.02126e-05 	1
55.1875 	5.07479e-05 	5.07479e-05 	0
55.3125 	0.000134354 	6.2532e-05 	1
55.4375 	6.86633e-05 	6.86633e-05 	0
55.5 	8.62662e-05 	8.62662e-05 	0
55.625 	0.000108145 	4.80999e-05 	1
55.6875 	9.49908e-05 	9.49908e-05 	0
55.75 	7.72515e-05 	7.72515e-05 	0
55.8125 	0.000114107 	8.32067e-05 	1
55.875 	6.58367e-05 	6.58367e-05 	0
55.9375 	3.8898e-05 	3.8898e-05 	0
56.0 	7.73585e-05 	7.73585e-05 	0
56.0625 	0.000121158 	5.84193e-05 	1
56.1875 	6.27519e-05 	6.27519e-05 	0
56.3125 	6.5576e-05 	6.5576e-05 	0
56.375 	9.85641e-05 	9.85641e-05 	0
56.4375 	8.26186e-05 	8.26186e-05 	0
56.5625 	9.32503e-05 	9.32503e-05 	0
56.6875 	8.71144e-05 	8.71144e-05 	0
56.75 	0.000104727 	4.04472e-05 	1
56.8125 	6.52413e-05 	6.52413e-05 	0
56.9375 	3.5558e-05 	3.5558e-05 	0
57.0 	8.99431e-05 	8.99431e-05 	0
57.0625 	3.57814e-05 	3.57814e-05 	0
57.1875 	0.000173209 	6.36746e-05 	1
57.25 	7.01631e-05 	7.01631e-05 	0
57.3125 	9.78699e-05 	9.78699e-05 	0
57.375 	6.50567e-05 	6.50567e-05 	0
57.4375 	5.53891e-05 	5.53891e-05 	0
57.5 	8.39202e-05 	8.39202e-05 	0
57.5625 	7.76714e-05 	7.76714e-05 	0
57.625 	0.000132659 	6.76809e-05 	1
57.6875 	0.000109642 	6.08632e-05 	1
57.75 	4.32483e-05 	4.32483e-05 	0
57.8125 	6.78539e-05 	6.78539e-05 	0
58.0 	7.62628e-05 	7.62628e-05 	0
58.0625 	0.000112621 	6.65566e-05 	1
58.125 	0.000122266 	5.99778e-05 	1
58.1875 	0.0001466 	8.19771e-05 	1
58.25 	8.23462e-05 	8.23462e-05 	0
58.3125 	4.36897e-05 	4.36897e-05 	0
58.4375 	7.06596e-05 	7.06596e-05 	0
58.5625 	5.32427e-05 	5.32427e-05 	0
58.625 	7.18326e-05 	7.18326e-05 	0
58.6875 	7.72486e-05 	7.72486e-05 	0
58.8125 	6.46491e-05 	6.46491e-05 	0
58.875 	4.69486e-05 	4.69486e-05 	0
58.9375 	7.45064e-05 	7.45064e-05 	0
59.0 	0.000158719 	8.34287e-05 	1
59.125 	5.36794e-05 	5.36794e-05 	0
59.25 	0.000122322 	5.3011e-05 	1
59.3125 	8.67484e-05 	8.67484e-05 	0
59.375 	7.54874e-05 	7.54874e-05 	0
59.4375 	0.000102841 	4.77942e-05 	1
59.5 	0.000117177 	5.44133e-05 	1
59.5625 	7.77049e-05 	7.77049e-05 	0
59.6875 	9.81784e-05 	9.81784e-05 	0
59.8125 	0.00010241 	7.21876e-05 	1
59.875 	6.61585e-05 	6.61585e-05 	0
59.9375 	0.000115173 	5.21421e-05 	1
60.0 	9.95984e-05 	9.95984e-05 	0
60.0625 	0.000119855 	4.97203e-05 	1
60.125 	8.0162e-05 	8.0162e-05 	0
60.375 	9.44379e-05 	9.44379e-05 	0
60.4375 	7.12437e-05 	7.12437e-05 	0
60.5 	5.62018e-05 	5.62018e-05 	0
60.5625 	9.13859e-05 	9.13859e-05 	0
60.625 	9.5164e-05 	9.5164e-05 	0
60.6875 	3.84653e-05 	3.84653e-05 	0
60.75 	9.83272e-05 	9.83272e-05 	0
60.8125 	0.000109345 	5.40767e-05 	1
60.875 	0.000138107 	7.15489e-05 	1
60.9375 	9.91542e-05 	9.91542e-05 	0
61.0 	4.89396e-05 	4.89396e-05 	0
61.125 	6.1138e-05 	6.1138e-05 	0
61.1875 	0.000132051 	6.12114e-05 	1
61.25 	7.3951e-05 	7.3951e-05 	0
61.3125 	7.0466e-05 	7.0466e-05 	0
61.375 	0.000145491 	7.42613e-05 	2
61.4375 	0.000112956 	4.20377e-05 	1
61.5 	6.52674e-05 	6.52674e-05 	0
61.625 	7.72043e-05 	7.72043e-05 	0
61.6875 	0.000105559 	6.32449e-05 	1
61.8125 	6.74624e-05 	6.74624e-05 	0
61.875 	5.32203e-05 	5.32203e-05 	0
61.9375 	0.000127003 	6.16794e-05 	1
62.0 	9.03884e-05 	9.03884e-05 	0
62.125 	0.00013696 	5.83483e-05 	1
62.1875 	0.000130969 	6.59439e-05 	1
62.25 	6.48042e-05 	6.48042e-05 	0
62.3125 	4.95196e-05 	4.95196e-05 	0
62.375 	0.000113583 	4.82973e-05 	1
62.5 	0.000129377 	6.31954e-05 	1
62.5625 	0.000111158 	5.78178e-05 	1
62.6875 	5.3869e-05 	5.3869e-05 	0
62.75 	6.18594e-05 	6.18594e-05 	0
62.875 	7.63744e-05 	7.63744e-05 	0
62.9375 	8.35521e-05 	8.35521e-05 	0
63.0 	9.7192e-05 	9.7192e-05 	0
63.125 	5.86948e-05 	5.86948e-05 	0
63.25 	9.1153e-05 	9.1153e-05 	0
63.375 	7.22984e-05 	7.22984e-05 	0
63.4375 	9.88545e-05 	9.88545e-05 	0
63.5625 	8.01277e-05 	8.01277e-05 	0
63.625 	9.30741e-05 	9.30741e-05 	0
63.8125 	7.38884e-05 	7.38884e-05 	0
63.9375 	0.000100174 	5.06101e-05 	1
64.0 	6.12772e-05 	6.12772e-05 	0
64.0625 	7.46395e-05 	7.46395e-05 	0
64.25 	0.000120353 	4.99137e-05 	1
64.3125 	0.000120094 	3.88711e-05 	1
64.4375 	6.25639e-05 	6.25639e-05 	0
64.5625 	0.000136315 	6.23025e-05 	1
64.6875 	0.000123891 	7.14252e-05 	1
64.75 	6.22972e-05 	6.22972e-05 	0
64.8125 	0.000109173 	8.00851e-05 	1
64.875 	6.71469e-05 	6.71469e-05 	0
64.9375 	7.89655e-05 	7.89655e-05 	0
65.0 	9.98544e-05 	9.98544e-05 	0
65.0625 	5.33693e-05 	5.33693e-05 	0
65.125 	0.000107001 	5.24494e-05 	1
65.25 	5.99444e-05 	5.99444e-05 	0
65.5 	0.000128651 	5.97617e-05 	1
65.625 	0.000117762 	6.59443e-05 	1
65.6875 	9.67549e-05 	9.67549e-05 	0
65.75 	7.97445e-05 	7.97445e-05 	0
65.8125 	4.99661e-05 	4.99661e-05 	0
65.9375 	9.27768e-05 	9.27768e-05 	0
66.0 	9.19203e-05 	9.19203e-05 	0
66.0625 	0.000108453 	6.31594e-05 	1
66.1875 	9.75142e-05 	9.75142e-05 	0
66.25 	6.66881e-05 	6.66881e-05 	0
66.3125 	0.000116098 	5.13746e-05 	1
66.375 	8.05177e-05 	8.05177e-05 	0
66.4375 	0.000109094 	5.27329e-05 	1
66.5 	0.000119402 	5.4149e-05 	1
66.625 	0.000103941 	4.78039e-05 	1
66.75 	8.68338e-05 	8.68338e-05 	0
66.8125 	7.09691e-05 	7.09691e-05 	0
66.875 	0.000177798 	8.76911e-05 	1
66.9375 	7.08461e-05 	7.08461e-05 	0
67.0 	8.58144e-05 	8.58144e-05 	0
67.125 	9.16883e-05 	9.16883e-05 	0
67.1875 	0.000113153 	5.30324e-05 	1
67.25 	5.5818e-05 	5.5818e-05 	0
67.3125 	9.40848e-05 	9.40848e-05 	0
67.375 	0.000101223 	5.14527e-05 	1
67.4375 	9.4747e-05 	9.4747e-05 	0
67.5 	9.54661e-05 	9.54661e-05 	0
67.5625 	9.4953e-05 	9.4953e-05 	0
67.8125 	9.84018e-05 	9.84018e-05 	0
67.875 	9.56372e-05 	9.56372e-05 	0
67.9375 	0.000133334 	7.56663e-05 	1
68.0 	0.000103965 	3.83269e-05 	1
68.0625 	8.83174e-05 	8.83174e-05 	0
68.125 	7.64672e-05 	7.64672e-05 	0
68.1875 	4.69034e-05 	4.69034e-05 	0
68.25 	8.74351e-05 	8.74351e-05 	0
68.3125 	5.84044e-05 	5.84044e-05 	0
68.375 	0.000117377 	5.31087e-05 	1
68.4375 	5.81508e-05 	5.81508e-05 	0
68.5 	0.00011052 	5.21338e-05 	1
68.5625 	5.14638e-05 	5.14638e-05 	0
68.625 	5.05397e-05 	5.05397e-05 	0
68.6875 	7.10178e-05 	7.10178e-05 	0
68.75 	4.28713e-05 	4.28713e-05 	0
68.8125 	6.02878e-05 	6.02878e-05 	0
68.875 	8.90283e-05 	8.90283e-05 	0
68.9375 	0.000106961 	4.27739e-05 	1
69.0625 	4.19153e-05 	4.19153e-05 	0
69.125 	9.99815e-05 	9.99815e-05 	0
69.1875 	5.7949e-05 	5.7949e-05 	0
69.25 	8.32896e-05 	8.32896e-05 	0
69.3125 	0.000115858 	5.04348e-05 	1
69.4375 	8.91698e-05 	8.91698e-05 	0
69.5 	8.37701e-05 	8.37701e-05 	0
69.625 	6.35007e-05 	6.35007e-05 	0
69.75 	9.41618e-05 	9.41618e-05 	0
69.8125 	9.92822e-05 	9.92822e-05 	0
69.875 	5.32866e-05 	5.32866e-05 	0
69.9375 	4.67671e-05 	4.67671e-05 	0
