# time 	Initial 	Final 	Iterations
0.333274 	0.000143234 	7.84835e-06 	1
0.392346 	0.000211652 	1.42023e-05 	1
0.579973 	0.000439867 	3.18211e-05 	1
0.642226 	7.28906e-05 	7.72483e-06 	1
0.70448 	0.000284398 	2.16112e-05 	1
0.766734 	0.000385357 	2.77196e-05 	1
0.828988 	0.000230803 	1.78918e-05 	1
0.953496 	0.000212317 	1.67891e-05 	1
1.01575 	0.000261404 	1.97683e-05 	1
1.078 	0.000243469 	1.93674e-05 	1
1.20251 	0.000280818 	2.00244e-05 	1
1.26477 	0.000110073 	3.23456e-06 	2
1.38927 	0.000259245 	1.90477e-05 	1
1.45153 	0.000309149 	2.31472e-05 	1
1.51378 	0.000199643 	1.44445e-05 	1
1.57604 	0.000176476 	1.49165e-05 	1
1.70054 	0.000299759 	2.20502e-05 	1
1.7628 	0.000345805 	3.14436e-05 	1
1.8873 	0.000186466 	1.70523e-05 	1
1.94956 	0.000398575 	2.85817e-05 	1
2.01181 	0.000360234 	2.59663e-05 	1
2.07407 	0.00047048 	3.89548e-05 	1
2.13632 	0.0003187 	2.83906e-05 	1
2.19857 	9.93085e-05 	9.16387e-06 	1
2.26083 	0.000123674 	9.48205e-06 	1
2.32308 	0.000202239 	1.60287e-05 	1
2.38534 	0.000138751 	1.00578e-05 	1
2.44759 	0.000314411 	2.62284e-05 	1
2.50984 	0.000508942 	4.26096e-05 	1
2.63435 	0.000131527 	1.05066e-05 	1
2.69661 	0.000404375 	2.84134e-05 	1
2.75886 	6.42164e-05 	6.91277e-06 	1
2.82111 	0.000360377 	2.61759e-05 	1
2.88337 	0.000118521 	1.0604e-05 	1
2.94562 	0.000311088 	2.23265e-05 	1
3.00787 	0.000138012 	1.34277e-05 	1
3.07013 	0.000322747 	2.30817e-05 	1
3.13238 	0.000160593 	1.35773e-05 	1
3.19464 	0.000334571 	2.4135e-05 	1
3.25689 	0.000363838 	2.63081e-05 	1
3.31914 	0.0003831 	2.71668e-05 	1
3.3814 	0.000173485 	1.34561e-05 	1
3.44365 	0.000261815 	2.01444e-05 	1
3.50591 	0.000297455 	2.18175e-05 	1
3.56816 	0.000149648 	1.2841e-05 	1
3.69267 	0.000209808 	1.95776e-05 	1
3.75492 	0.000144327 	1.32695e-05 	1
3.81718 	0.000160419 	1.38834e-05 	1
3.87943 	0.000326643 	2.61688e-05 	1
4.00394 	0.000435957 	3.07092e-05 	1
4.06619 	0.000180128 	1.46761e-05 	1
4.12845 	0.000142994 	1.23796e-05 	1
4.1907 	0.000291382 	2.07087e-05 	1
4.25295 	0.000192276 	1.46771e-05 	1
4.31521 	0.00012914 	3.43557e-06 	2
4.37746 	0.000284354 	2.4055e-05 	1
4.50197 	0.000125585 	1.21412e-05 	1
4.56422 	0.000143418 	1.07177e-05 	1
4.62648 	0.000424733 	3.03381e-05 	1
4.68873 	0.000235262 	1.71311e-05 	1
4.75098 	0.00025191 	1.9014e-05 	1
4.81324 	0.000257993 	1.83393e-05 	1
4.87549 	0.000166623 	1.22e-05 	1
4.93775 	0.000265991 	2.01185e-05 	1
5.0 	0.000140606 	1.04206e-05 	1
5.0625 	0.000147712 	3.90198e-06 	2
5.125 	0.000122064 	9.21937e-06 	1
5.25 	0.000333749 	8.26381e-06 	2
5.3125 	0.000196538 	1.82503e-05 	1
5.375 	0.000134855 	3.49228e-06 	2
5.4375 	0.000482042 	3.50079e-05 	1
5.5 	0.000461803 	3.27032e-05 	1
5.5625 	0.000386823 	2.77884e-05 	1
5.625 	0.000187384 	1.66219e-05 	1
5.6875 	0.000135923 	1.14971e-05 	1
5.75 	0.000179156 	4.59486e-06 	2
5.8125 	0.000183686 	1.66959e-05 	1
5.875 	0.000312169 	2.27087e-05 	1
5.9375 	0.000301232 	2.21471e-05 	1
6.0 	0.000394616 	3.47014e-05 	1
6.125 	0.000156369 	1.23795e-05 	1
6.1875 	0.000245196 	1.78407e-05 	1
6.25 	0.0004281 	3.06682e-05 	1
6.3125 	9.75258e-05 	9.93242e-06 	1
6.4375 	0.000322543 	2.33502e-05 	1
6.625 	0.000371491 	2.60907e-05 	1
6.6875 	0.000154866 	1.42818e-05 	1
6.75 	0.000458658 	3.26955e-05 	1
6.8125 	0.000260583 	1.9477e-05 	1
6.9375 	0.000422726 	2.98482e-05 	1
7.0 	0.000378754 	2.77907e-05 	1
7.0625 	0.000376374 	2.68925e-05 	1
7.125 	0.000302501 	2.53237e-05 	1
7.1875 	0.000124442 	1.06124e-05 	1
7.25 	0.000173676 	4.54909e-06 	2
7.4375 	0.00039681 	2.82847e-05 	1
7.5625 	0.000145965 	1.1977e-05 	1
7.625 	0.000355641 	2.52922e-05 	1
7.6875 	0.000405696 	2.89553e-05 	1
7.75 	0.00016925 	4.58389e-06 	2
7.8125 	0.000430218 	3.10121e-05 	1
7.9375 	0.000171871 	1.49496e-05 	1
8.0 	0.000123188 	1.07298e-05 	1
8.0625 	0.000211778 	1.60786e-05 	1
8.125 	0.000208099 	1.89783e-05 	1
8.25 	0.000216263 	5.40465e-06 	2
8.3125 	0.000240078 	1.73708e-05 	1
8.375 	0.000148915 	1.39333e-05 	1
8.4375 	0.000224352 	2.12337e-05 	1
8.5 	0.000188882 	1.38969e-05 	1
8.5625 	0.000363484 	3.25635e-05 	1
8.625 	0.000298337 	2.54768e-05 	1
8.8125 	0.000202277 	1.67276e-05 	1
8.875 	8.98487e-05 	6.88806e-06 	1
8.9375 	0.000129966 	1.09392e-05 	1
9.0 	0.000354012 	2.5596e-05 	1
9.0625 	0.000296039 	2.15173e-05 	1
9.125 	0.00036567 	3.20231e-05 	1
9.1875 	0.000274918 	2.32001e-05 	1
9.25 	0.000356027 	2.6252e-05 	1
9.3125 	0.000189989 	1.6777e-05 	1
9.375 	0.000134644 	1.01664e-05 	1
9.4375 	0.000162844 	1.28519e-05 	1
9.5625 	0.000325042 	2.37258e-05 	1
9.625 	0.000245584 	1.81398e-05 	1
9.6875 	0.000428155 	3.07544e-05 	1
9.75 	0.000147966 	1.31899e-05 	1
9.8125 	0.000196143 	1.8755e-05 	1
9.875 	0.000141848 	1.08667e-05 	1
9.9375 	0.000269095 	1.95035e-05 	1
10.0 	0.000151243 	4.0843e-06 	2
10.0625 	8.42778e-05 	1.87074e-06 	2
10.125 	0.000269876 	2.31252e-05 	1
10.1875 	0.000260805 	1.85514e-05 	1
10.25 	0.000149824 	3.85028e-06 	2
10.3125 	0.000149307 	3.6959e-06 	2
10.375 	0.000362961 	2.60046e-05 	1
10.5 	0.000222155 	1.65175e-05 	1
10.5625 	0.000186398 	1.67033e-05 	1
10.625 	0.000175292 	1.51854e-05 	1
10.6875 	0.000439429 	3.06355e-05 	1
10.75 	0.000273527 	1.97774e-05 	1
10.8125 	0.000438952 	3.17241e-05 	1
10.875 	0.000232722 	1.74369e-05 	1
10.9375 	0.000297067 	2.61298e-05 	1
11.0 	0.000142029 	1.37514e-05 	1
11.0625 	0.000129201 	3.40923e-06 	2
11.125 	8.59547e-05 	6.98476e-06 	1
11.1875 	0.000245324 	1.87269e-05 	1
11.25 	0.000180675 	1.56187e-05 	1
11.375 	0.000166546 	1.28567e-05 	1
11.4375 	0.000130419 	1.05642e-05 	1
11.5 	0.000420533 	3.1514e-05 	1
11.5625 	0.000367619 	2.66204e-05 	1
11.625 	0.000420271 	2.99726e-05 	1
11.6875 	0.000265468 	2.08136e-05 	1
11.75 	0.000145528 	1.15349e-05 	1
11.8125 	0.000411058 	2.96976e-05 	1
11.875 	0.000138097 	1.05676e-05 	1
11.9375 	0.000237248 	2.06229e-05 	1
12.0 	0.000350146 	2.53193e-05 	1
12.0625 	0.000180297 	1.66479e-05 	1
12.125 	0.000264221 	2.2287e-05 	1
12.1875 	0.000246808 	2.11084e-05 	1
12.25 	0.000237615 	1.76461e-05 	1
12.3125 	0.00016078 	1.29372e-05 	1
12.375 	0.000555196 	4.71601e-05 	1
12.4375 	0.000163017 	1.44148e-05 	1
12.5625 	0.000358228 	2.57942e-05 	1
12.625 	0.000183582 	1.54431e-05 	1
12.6875 	0.000142078 	1.2496e-05 	1
12.75 	0.000277039 	2.08334e-05 	1
12.8125 	0.000119259 	2.65381e-06 	2
12.875 	0.000450576 	3.18226e-05 	1
13.0 	0.000427798 	3.14735e-05 	1
13.0625 	0.00030816 	2.41133e-05 	1
13.125 	0.000169739 	1.60554e-05 	1
13.1875 	0.000254927 	1.82328e-05 	1
13.25 	0.000112218 	1.07726e-05 	1
13.3125 	8.65693e-05 	9.23676e-06 	1
13.375 	0.000230302 	1.73735e-05 	1
13.4375 	0.000465818 	3.38445e-05 	1
13.5 	0.000411615 	2.95473e-05 	1
13.5625 	0.000312764 	2.26383e-05 	1
13.625 	0.000334354 	3.09918e-05 	1
13.6875 	0.0002409 	1.87356e-05 	1
13.8125 	0.000167459 	1.25466e-05 	1
14.0 	0.000188297 	1.63432e-05 	1
14.0625 	0.000211901 	1.6781e-05 	1
14.125 	0.00012337 	3.04168e-06 	2
14.1875 	0.00023441 	1.77174e-05 	1
14.3125 	0.000137612 	9.89841e-06 	1
14.375 	0.000233222 	1.66872e-05 	1
14.4375 	0.000250186 	1.82989e-05 	1
14.5 	0.000206198 	1.63082e-05 	1
14.5625 	7.06155e-05 	7.93917e-06 	1
14.625 	0.00024639 	2.05186e-05 	1
14.6875 	0.000393042 	2.84417e-05 	1
14.75 	0.000407179 	2.89124e-05 	1
14.8125 	0.000309487 	2.23693e-05 	1
14.875 	0.000106542 	8.78919e-06 	1
14.9375 	0.000255583 	2.34447e-05 	1
15.0 	0.00017301 	1.53014e-05 	1
15.1875 	0.000425849 	3.0431e-05 	1
15.25 	0.0002874 	2.12341e-05 	1
15.3125 	0.000285901 	2.0353e-05 	1
15.375 	0.000175422 	1.56052e-05 	1
15.4375 	0.000234275 	1.72392e-05 	1
15.5 	0.000276364 	1.99271e-05 	1
15.5625 	0.000308856 	2.43356e-05 	1
15.625 	0.000149621 	1.35999e-05 	1
15.75 	0.000208864 	1.90465e-05 	1
15.8125 	0.00026439 	1.97036e-05 	1
15.875 	0.000151184 	1.11848e-05 	1
15.9375 	0.000182557 	1.66408e-05 	1
16.0 	9.61021e-05 	2.99356e-06 	2
16.0625 	0.000140547 	1.19471e-05 	1
16.125 	0.000436471 	3.15105e-05 	1
16.1875 	0.000362598 	2.98973e-05 	1
16.25 	0.000393839 	2.78403e-05 	1
16.3125 	0.000212586 	1.54728e-05 	1
16.375 	0.000110988 	3.24509e-06 	2
16.4375 	0.000119055 	2.76596e-06 	2
16.5 	0.000232013 	1.68275e-05 	1
16.5625 	0.000270202 	2.09509e-05 	1
16.625 	0.000322213 	2.40622e-05 	1
16.6875 	0.000217411 	1.80877e-05 	1
16.75 	0.000320567 	2.73542e-05 	1
16.8125 	0.000199173 	1.44562e-05 	1
16.875 	0.000390934 	2.81207e-05 	1
16.9375 	5.33249e-05 	4.88351e-06 	1
17.1875 	0.000435737 	3.1398e-05 	1
17.25 	0.000533779 	3.79336e-05 	1
17.3125 	0.00016455 	1.2156e-05 	1
17.375 	0.000219746 	1.63263e-05 	1
17.4375 	0.000284421 	2.09608e-05 	1
17.5 	9.28137e-05 	7.66958e-06 	1
17.5625 	0.000137531 	1.23692e-05 	1
17.625 	0.0002508 	1.91465e-05 	1
17.6875 	0.000309466 	2.2284e-05 	1
17.75 	0.000194813 	1.61843e-05 	1
17.8125 	0.00022157 	2.10939e-05 	1
17.875 	8.86454e-05 	9.11516e-06 	1
17.9375 	0.000416945 	2.95991e-05 	1
18.0 	0.000108472 	1.00316e-05 	1
18.0625 	0.000652615 	4.67143e-05 	1
18.125 	0.000360112 	3.18301e-05 	1
18.1875 	0.000256926 	1.97752e-05 	1
18.25 	0.000222509 	1.6234e-05 	1
18.3125 	0.000103104 	1.00321e-05 	1
18.375 	0.000221857 	2.00886e-05 	1
18.4375 	0.000394372 	2.87582e-05 	1
18.5 	0.000246319 	2.21825e-05 	1
18.5625 	0.000111 	9.23103e-06 	1
18.625 	0.000420492 	3.00598e-05 	1
18.75 	8.60253e-05 	7.91153e-06 	1
18.8125 	0.00035404 	2.62093e-05 	1
18.875 	0.000466098 	3.91287e-05 	1
18.9375 	0.000115829 	3.1018e-06 	2
19.125 	0.00021788 	1.92394e-05 	1
19.25 	0.000241928 	2.1441e-05 	1
19.3125 	0.000466133 	3.38719e-05 	1
19.375 	0.000193805 	1.73107e-05 	1
19.4375 	0.000188668 	5.11754e-06 	2
19.5 	0.000453699 	3.8165e-05 	1
19.625 	0.00022948 	1.93499e-05 	1
19.6875 	0.000254947 	1.8022e-05 	1
19.75 	0.000122052 	3.05848e-06 	2
19.8125 	0.000135862 	3.45771e-06 	2
19.875 	0.000313064 	2.26276e-05 	1
19.9375 	0.000344744 	2.45098e-05 	1
20.0 	0.000224997 	2.04605e-05 	1
20.0625 	0.00014174 	3.58409e-06 	2
20.125 	0.000295956 	2.21586e-05 	1
20.1875 	0.00039131 	2.83153e-05 	1
20.25 	0.000175274 	1.28372e-05 	1
20.3125 	8.32006e-05 	7.28466e-06 	1
20.375 	0.000255646 	1.97493e-05 	1
20.4375 	0.000104803 	8.44248e-06 	1
20.5 	0.000153538 	1.40162e-05 	1
20.5625 	0.000212499 	1.58957e-05 	1
20.625 	0.00030403 	2.20144e-05 	1
20.6875 	0.000262093 	2.0206e-05 	1
20.75 	0.000484726 	3.39125e-05 	1
20.8125 	0.000155977 	1.11034e-05 	1
20.875 	0.000109793 	9.07431e-06 	1
20.9375 	0.000174057 	1.3402e-05 	1
21.0 	0.000257888 	1.91005e-05 	1
21.0625 	0.000401199 	2.86894e-05 	1
21.1875 	0.000370478 	2.65498e-05 	1
21.3125 	0.000152328 	3.74993e-06 	2
21.375 	0.00026373 	1.99965e-05 	1
21.4375 	0.000229155 	1.77134e-05 	1
21.5 	0.000271498 	1.97914e-05 	1
21.5625 	0.000187282 	1.6494e-05 	1
21.625 	0.000206277 	5.2313e-06 	2
21.6875 	0.000131121 	3.10269e-06 	2
21.75 	0.000245745 	2.02944e-05 	1
21.8125 	0.000189466 	1.6477e-05 	1
21.875 	0.000306201 	2.81845e-05 	1
21.9375 	0.000317006 	2.89993e-05 	1
22.0 	0.000131336 	1.17545e-05 	1
22.0625 	6.27181e-05 	6.58051e-06 	1
22.125 	0.000127198 	9.48929e-06 	1
22.1875 	0.000468449 	3.38125e-05 	1
22.25 	0.000342901 	2.45709e-05 	1
22.3125 	0.000325509 	2.34311e-05 	1
22.375 	0.000241285 	2.27203e-05 	1
22.4375 	0.000123972 	9.35435e-06 	1
22.625 	0.000288613 	2.15131e-05 	1
22.6875 	0.000169319 	1.44571e-05 	1
22.75 	0.000341175 	2.88135e-05 	1
22.8125 	0.00040948 	2.96604e-05 	1
22.9375 	0.000315509 	2.31973e-05 	1
23.0 	0.000409453 	2.90538e-05 	1
23.0625 	0.000172732 	1.48377e-05 	1
23.125 	0.000238846 	2.21255e-05 	1
23.1875 	0.000233673 	1.71743e-05 	1
23.3125 	0.000119434 	1.15704e-05 	1
23.375 	0.000250705 	1.96107e-05 	1
23.4375 	0.000390871 	3.41023e-05 	1
23.5625 	0.000117616 	3.14362e-06 	2
23.6875 	0.000232382 	1.71542e-05 	1
23.75 	0.000195157 	1.43505e-05 	1
23.8125 	0.000135932 	1.06744e-05 	1
23.875 	0.000138862 	3.55281e-06 	2
23.9375 	0.000238342 	6.34971e-06 	2
24.0 	0.000339639 	2.44724e-05 	1
24.0625 	0.000101971 	2.67776e-06 	2
24.125 	0.000226326 	1.7007e-05 	1
24.1875 	0.000251549 	1.82133e-05 	1
24.3125 	0.000132642 	1.05692e-05 	1
24.375 	0.000272849 	2.04554e-05 	1
24.4375 	0.000305518 	2.53865e-05 	1
24.5 	0.000388816 	2.8202e-05 	1
24.5625 	0.000344727 	2.49223e-05 	1
24.625 	0.00037119 	2.62423e-05 	1
24.6875 	0.000266272 	1.99777e-05 	1
24.75 	0.000121665 	9.91625e-06 	1
24.8125 	0.000374597 	3.12825e-05 	1
24.875 	9.09382e-05 	7.5618e-06 	1
24.9375 	0.000197129 	1.47905e-05 	1
25.0 	0.000330486 	2.4007e-05 	1
25.0625 	0.000467606 	3.34396e-05 	1
25.125 	0.000462954 	3.26139e-05 	1
25.25 	8.68689e-05 	9.76698e-06 	1
25.3125 	0.000271215 	1.98135e-05 	1
25.375 	0.000138358 	3.8171e-06 	2
25.4375 	0.000181555 	1.50132e-05 	1
25.5 	0.000185843 	1.81575e-05 	1
25.5625 	0.000120473 	2.72158e-06 	2
25.625 	0.000256161 	1.94122e-05 	1
25.6875 	0.000371698 	2.63888e-05 	1
25.75 	0.000172024 	1.69648e-05 	1
25.8125 	0.000221574 	1.67534e-05 	1
25.875 	0.000425641 	2.97866e-05 	1
25.9375 	0.000338594 	2.52269e-05 	1
26.0 	0.000140653 	1.23121e-05 	1
26.0625 	0.000630462 	4.51031e-05 	1
26.125 	0.000190649 	1.39981e-05 	1
26.1875 	0.000223823 	1.88837e-05 	1
26.25 	0.000321977 	2.32779e-05 	1
26.3125 	0.000186131 	1.51902e-05 	1
26.375 	0.000335573 	2.43575e-05 	1
26.4375 	0.000262539 	1.8696e-05 	1
26.5 	0.000351607 	2.53766e-05 	1
26.5625 	0.000236178 	2.30031e-05 	1
26.625 	0.000428348 	3.05545e-05 	1
26.6875 	0.000306486 	2.66119e-05 	1
26.875 	0.00035245 	2.58433e-05 	1
26.9375 	0.000231864 	1.79134e-05 	1
27.0 	0.000312836 	2.57023e-05 	1
27.0625 	0.000600037 	4.27924e-05 	1
27.125 	0.000275966 	2.06138e-05 	1
27.25 	0.000325864 	2.46017e-05 	1
27.3125 	0.000267898 	2.0517e-05 	1
27.375 	0.000139101 	3.54512e-06 	2
27.5 	0.000186598 	1.48474e-05 	1
27.5625 	0.000180754 	1.55326e-05 	1
27.625 	0.000246995 	1.83616e-05 	1
27.6875 	0.000177848 	1.5633e-05 	1
27.75 	0.000229881 	1.66961e-05 	1
27.8125 	0.000230862 	1.7703e-05 	1
27.875 	0.000524389 	3.73769e-05 	1
28.0 	0.000170376 	1.57234e-05 	1
28.0625 	0.000161599 	1.46975e-05 	1
28.125 	0.00021544 	1.66677e-05 	1
28.25 	8.56675e-05 	9.52222e-06 	1
28.3125 	0.000163139 	1.25153e-05 	1
28.375 	0.000137657 	3.43326e-06 	2
28.4375 	0.000232395 	1.66278e-05 	1
28.5 	0.000163615 	1.53044e-05 	1
28.625 	0.000168098 	1.59555e-05 	1
28.6875 	0.000121267 	3.11773e-06 	2
28.8125 	0.000576831 	4.10113e-05 	1
28.875 	0.000504901 	3.54523e-05 	1
28.9375 	0.000294327 	2.13746e-05 	1
29.0 	0.000123903 	1.01258e-05 	1
29.0625 	0.000372559 	2.67395e-05 	1
29.125 	0.00026792 	1.92118e-05 	1
29.1875 	0.000144321 	1.1489e-05 	1
29.25 	0.000290522 	2.27971e-05 	1
29.3125 	0.000350638 	3.1131e-05 	1
29.375 	8.8562e-05 	9.61183e-06 	1
29.4375 	0.000165554 	1.40007e-05 	1
29.5 	0.000147522 	1.10663e-05 	1
29.5625 	0.000165415 	1.59391e-05 	1
29.625 	0.000379183 	2.7107e-05 	1
29.6875 	0.00037866 	2.75438e-05 	1
29.75 	0.000310204 	2.2218e-05 	1
29.875 	0.000343912 	2.46567e-05 	1
29.9375 	0.000192186 	1.74859e-05 	1
30.0 	0.000315343 	2.25758e-05 	1
30.125 	0.00022507 	1.76873e-05 	1
30.1875 	0.000287537 	2.20255e-05 	1
30.25 	0.00017405 	1.52188e-05 	1
30.3125 	0.00021335 	1.72689e-05 	1
30.375 	0.000160551 	1.43326e-05 	1
30.4375 	0.000545588 	4.61016e-05 	1
30.5 	0.000114128 	9.76008e-06 	1
30.5625 	0.000298088 	2.18001e-05 	1
30.625 	0.000218456 	1.62092e-05 	1
30.6875 	0.000110911 	9.03211e-06 	1
30.75 	0.000341097 	2.45988e-05 	1
30.8125 	0.000242727 	1.75739e-05 	1
30.9375 	0.000367901 	2.62266e-05 	1
31.0 	0.00044145 	3.10757e-05 	1
31.125 	0.000255813 	1.85311e-05 	1
31.1875 	0.000179988 	1.28332e-05 	1
31.25 	0.000256449 	2.37578e-05 	1
31.3125 	0.00016018 	1.26334e-05 	1
31.375 	0.00034196 	3.12501e-05 	1
31.5 	0.000195996 	1.58702e-05 	1
31.5625 	0.000333238 	2.52536e-05 	1
31.625 	0.000294626 	2.10375e-05 	1
31.6875 	0.000257403 	1.92741e-05 	1
31.75 	0.000371054 	2.68965e-05 	1
31.8125 	0.000119072 	1.02987e-05 	1
31.875 	0.000166059 	1.32554e-05 	1
31.9375 	9.39639e-05 	7.66207e-06 	1
32.0 	0.000239825 	1.96983e-05 	1
32.0625 	0.000155653 	4.17978e-06 	2
32.125 	0.000136714 	1.12984e-05 	1
32.1875 	0.000260988 	1.97964e-05 	1
32.25 	0.000425033 	3.08458e-05 	1
32.3125 	0.000234359 	1.89266e-05 	1
32.375 	0.000210967 	5.32749e-06 	2
32.4375 	0.000144064 	1.07575e-05 	1
32.5 	0.000302214 	2.18646e-05 	1
32.625 	0.000330323 	2.39267e-05 	1
32.6875 	0.000170517 	1.59845e-05 	1
32.75 	0.000186357 	1.40092e-05 	1
32.8125 	0.000430312 	3.08369e-05 	1
32.875 	0.000417416 	3.02409e-05 	1
32.9375 	0.00023857 	1.73957e-05 	1
33.0 	0.000336239 	2.40694e-05 	1
33.0625 	0.000367452 	3.06335e-05 	1
33.125 	0.000129401 	3.47174e-06 	2
33.1875 	0.000223057 	1.96977e-05 	1
33.25 	0.00019815 	5.04216e-06 	2
33.3125 	0.000522764 	3.7426e-05 	1
33.375 	0.000403285 	2.89663e-05 	1
33.4375 	0.000171506 	1.6146e-05 	1
33.5 	0.000314302 	2.34821e-05 	1
33.625 	0.00012629 	1.15438e-05 	1
33.6875 	0.000140132 	1.19277e-05 	1
33.75 	0.000264104 	1.97606e-05 	1
33.8125 	0.000355023 	2.57461e-05 	1
33.875 	0.000208055 	1.62364e-05 	1
33.9375 	0.000145231 	1.17131e-05 	1
34.0 	0.000243242 	6.00476e-06 	2
34.0625 	0.000243728 	2.2657e-05 	1
34.125 	0.00011634 	1.0032e-05 	1
34.1875 	0.000326491 	2.33625e-05 	1
34.25 	0.000324482 	2.40644e-05 	1
34.3125 	0.000159498 	1.42258e-05 	1
34.375 	7.29352e-05 	5.98237e-06 	1
34.4375 	0.00020795 	1.71318e-05 	1
34.5 	0.000377564 	2.73477e-05 	1
34.5625 	0.00016299 	1.24249e-05 	1
34.625 	0.000175447 	1.60899e-05 	1
34.6875 	0.000150892 	1.32569e-05 	1
34.75 	0.00016785 	1.42509e-05 	1
34.875 	0.000250087 	1.7993e-05 	1
34.9375 	0.000257801 	1.88625e-05 	1
35.0 	9.79711e-05 	4.85497e-06 	2
35.0625 	0.000139162 	1.12104e-05 	1
35.125 	0.000240005 	1.77916e-05 	1
35.25 	0.000141718 	1.37161e-05 	1
35.3125 	0.000226484 	1.94159e-05 	1
35.375 	0.000220259 	1.74842e-05 	1
35.5625 	0.000216579 	1.78806e-05 	1
35.625 	0.000286123 	2.14995e-05 	1
35.6875 	0.00016687 	1.32885e-05 	1
35.75 	0.000120001 	9.5919e-06 	1
35.8125 	0.00032269 	2.3937e-05 	1
35.875 	0.000252969 	1.98842e-05 	1
35.9375 	0.000317173 	2.25962e-05 	1
36.0 	0.000206067 	1.75116e-05 	1
36.125 	0.000394254 	2.811e-05 	1
36.25 	0.000416047 	3.00014e-05 	1
36.3125 	0.000153885 	1.15424e-05 	1
36.4375 	0.000226395 	1.80114e-05 	1
36.5 	0.000339135 	2.51313e-05 	1
36.5625 	0.000267937 	2.0453e-05 	1
36.625 	0.000109602 	2.96743e-06 	2
36.6875 	0.000294888 	2.66036e-05 	1
36.75 	0.000176824 	4.34081e-06 	2
36.8125 	0.000138274 	1.06946e-05 	1
36.875 	0.000243644 	1.85448e-05 	1
36.9375 	0.000318864 	2.34676e-05 	1
37.0625 	0.000205153 	1.51028e-05 	1
37.125 	0.000350369 	2.48492e-05 	1
37.1875 	0.0001749 	1.61734e-05 	1
37.25 	8.76785e-05 	9.24874e-06 	1
37.3125 	0.000312644 	2.36704e-05 	1
37.375 	0.000311428 	2.30672e-05 	1
37.4375 	0.000165125 	1.19738e-05 	1
37.5 	0.000331214 	2.40649e-05 	1
37.5625 	0.000371213 	2.66173e-05 	1
37.625 	0.00014794 	1.30707e-05 	1
37.75 	0.000119746 	1.07719e-05 	1
37.8125 	9.47073e-05 	2.43156e-06 	2
37.875 	0.000435101 	3.08623e-05 	1
37.9375 	0.000109775 	3.08748e-06 	2
38.0 	0.000317885 	2.36093e-05 	1
38.0625 	0.00011744 	1.1084e-05 	1
38.125 	0.000141073 	1.37814e-05 	1
38.1875 	0.000305447 	2.1988e-05 	1
38.25 	0.000344548 	2.48445e-05 	1
38.3125 	0.000340362 	2.53853e-05 	1
38.375 	0.000158035 	1.25912e-05 	1
38.4375 	0.000357971 	2.62131e-05 	1
38.5625 	0.000191107 	1.53733e-05 	1
38.6875 	0.000343365 	2.55411e-05 	1
38.8125 	0.000115486 	2.84042e-06 	2
38.875 	0.000131197 	1.25609e-05 	1
38.9375 	0.000138157 	3.68896e-06 	2
39.0 	0.000289261 	2.1948e-05 	1
39.0625 	0.000271254 	1.98939e-05 	1
39.125 	0.00034909 	3.07077e-05 	1
39.1875 	6.73682e-05 	7.54134e-06 	1
39.25 	0.000170173 	1.26799e-05 	1
39.3125 	0.000123898 	3.15646e-06 	2
39.375 	0.000325658 	2.35024e-05 	1
39.5 	0.0002068 	1.46659e-05 	1
39.5625 	0.000234516 	1.89864e-05 	1
39.625 	9.98339e-05 	2.36516e-06 	2
39.6875 	0.000236099 	1.70668e-05 	1
39.75 	0.000149877 	1.08624e-05 	1
39.8125 	0.000486865 	3.48958e-05 	1
39.875 	0.000371458 	2.73266e-05 	1
39.9375 	0.000395886 	2.84783e-05 	1
40.0 	0.000268036 	1.98384e-05 	1
40.0625 	0.000324144 	2.34505e-05 	1
40.125 	0.000366826 	2.63695e-05 	1
40.1875 	0.000155367 	1.22544e-05 	1
40.25 	0.000190454 	1.82492e-05 	1
40.3125 	0.000146793 	1.07576e-05 	1
40.4375 	0.000315749 	2.31324e-05 	1
40.5 	0.000128437 	1.0138e-05 	1
40.5625 	0.000289919 	2.73893e-05 	1
40.625 	0.000289161 	2.12476e-05 	1
40.8125 	0.00016364 	1.37201e-05 	1
40.875 	0.000107578 	9.15668e-06 	1
40.9375 	0.000251575 	1.9324e-05 	1
41.0 	0.000458059 	3.91928e-05 	1
41.125 	0.000221602 	1.73606e-05 	1
41.1875 	0.000184713 	1.38241e-05 	1
41.25 	0.000227629 	1.80341e-05 	1
41.3125 	0.000275439 	2.00878e-05 	1
41.375 	0.000147743 	1.16187e-05 	1
41.4375 	0.000285378 	2.15006e-05 	1
41.5 	0.000139462 	3.7202e-06 	2
41.5625 	0.000220357 	1.66442e-05 	1
41.625 	0.0001861 	1.53879e-05 	1
41.6875 	0.000739662 	5.23851e-05 	1
41.8125 	0.000186389 	1.41711e-05 	1
41.875 	0.000255049 	1.85723e-05 	1
41.9375 	0.000273657 	1.98649e-05 	1
42.0 	0.000311875 	2.2946e-05 	1
42.125 	0.00019944 	1.4621e-05 	1
42.25 	0.000304035 	2.22772e-05 	1
42.375 	0.000374058 	2.66263e-05 	1
42.4375 	0.00015234 	1.30999e-05 	1
42.5 	0.000334982 	2.42962e-05 	1
42.5625 	0.000138472 	3.75202e-06 	2
42.625 	0.000308949 	2.19826e-05 	1
42.6875 	0.000206077 	1.52783e-05 	1
42.75 	0.000413068 	3.00719e-05 	1
42.8125 	0.000306698 	2.21972e-05 	1
42.875 	0.000176962 	1.42878e-05 	1
42.9375 	0.000162095 	1.43217e-05 	1
43.0 	0.000227649 	1.66406e-05 	1
43.0625 	0.000144745 	1.36662e-05 	1
43.125 	0.000126779 	2.85528e-06 	2
43.1875 	0.000231222 	1.69987e-05 	1
43.3125 	0.000212197 	1.65549e-05 	1
43.375 	0.000108204 	9.28188e-06 	1
43.4375 	0.000448523 	3.19488e-05 	1
43.5625 	9.49328e-05 	7.24447e-06 	1
43.6875 	0.000179867 	1.70955e-05 	1
43.75 	0.000423115 	3.03735e-05 	1
43.8125 	0.000379039 	2.74156e-05 	1
43.875 	0.0003729 	2.65711e-05 	1
43.9375 	0.000343463 	2.56358e-05 	1
44.0 	0.000155745 	3.61745e-06 	2
44.0625 	0.000184227 	1.37288e-05 	1
44.125 	0.000151201 	1.17217e-05 	1
44.1875 	0.000386494 	2.77878e-05 	1
44.25 	0.000132945 	1.31715e-05 	1
44.3125 	0.000126207 	1.21485e-05 	1
44.375 	0.000368712 	2.74871e-05 	1
44.4375 	0.000165439 	1.41243e-05 	1
44.5 	0.000311401 	2.26223e-05 	1
44.5625 	0.000140655 	1.18021e-05 	1
44.625 	0.000313372 	2.78037e-05 	1
44.6875 	0.000114063 	9.82546e-06 	1
44.75 	0.000207539 	1.58697e-05 	1
44.8125 	0.000155961 	1.17424e-05 	1
44.875 	0.000214982 	1.67395e-05 	1
44.9375 	0.000193298 	1.67182e-05 	1
45.0 	0.000217849 	1.58742e-05 	1
45.0625 	0.000283001 	2.16259e-05 	1
45.125 	0.000278534 	2.40788e-05 	1
45.1875 	0.000157081 	1.34094e-05 	1
45.25 	0.000317446 	2.94633e-05 	1
45.3125 	0.000223288 	1.77873e-05 	1
45.375 	0.000146092 	3.98779e-06 	2
45.5 	0.000271212 	1.99021e-05 	1
45.5625 	0.00011516 	2.93056e-06 	2
45.625 	0.000377091 	2.85763e-05 	1
45.6875 	0.000332196 	2.41245e-05 	1
45.75 	0.000194321 	1.47545e-05 	1
45.875 	0.000187418 	4.77059e-06 	2
45.9375 	0.000149773 	3.51963e-06 	2
46.0 	0.000172924 	1.5309e-05 	1
46.0625 	0.00023065 	1.90097e-05 	1
46.125 	0.000353888 	2.55822e-05 	1
46.3125 	0.000402545 	2.90559e-05 	1
46.375 	0.000278511 	2.11754e-05 	1
46.4375 	0.000325962 	2.4276e-05 	1
46.5 	0.000692612 	4.90266e-05 	1
46.5625 	0.000111197 	8.49865e-06 	1
46.625 	0.000176385 	1.5619e-05 	1
46.6875 	0.000509218 	3.66589e-05 	1
46.75 	0.000266743 	1.96434e-05 	1
46.8125 	0.000256284 	2.36832e-05 	1
46.875 	0.000248308 	1.8828e-05 	1
47.0 	0.000114305 	9.04664e-06 	1
47.0625 	0.000225417 	1.61179e-05 	1
47.125 	0.0004145 	3.57304e-05 	1
47.1875 	0.000242811 	1.80779e-05 	1
47.25 	0.000208881 	2.08653e-05 	1
47.3125 	0.000240042 	1.78145e-05 	1
47.375 	0.000159736 	4.30848e-06 	2
47.4375 	0.000417712 	3.00061e-05 	1
47.5 	0.000151234 	1.141e-05 	1
47.5625 	0.000284553 	2.1679e-05 	1
47.625 	0.00042196 	2.98784e-05 	1
47.6875 	0.000239705 	1.73127e-05 	1
47.8125 	0.00013508 	1.34051e-05 	1
47.875 	0.000286466 	2.06383e-05 	1
48.0 	0.000151428 	4.28618e-06 	2
48.0625 	0.000115843 	1.11756e-05 	1
48.125 	0.000178112 	1.42453e-05 	1
48.1875 	0.000157146 	1.19181e-05 	1
48.25 	0.000256486 	1.88088e-05 	1
48.3125 	0.000249493 	1.87027e-05 	1
48.375 	0.000587035 	4.19826e-05 	1
48.4375 	0.000228833 	1.75003e-05 	1
48.5 	0.00026818 	2.05377e-05 	1
48.5625 	0.000288841 	2.13044e-05 	1
48.75 	0.000136284 	3.59197e-06 	2
48.8125 	0.000174176 	1.30436e-05 	1
48.9375 	0.000381321 	2.76174e-05 	1
49.0 	0.000316912 	2.28717e-05 	1
49.125 	0.000372972 	2.64047e-05 	1
49.1875 	0.000400458 	2.89316e-05 	1
49.25 	0.000424043 	3.66324e-05 	1
49.3125 	0.000252015 	2.1614e-05 	1
49.375 	0.000199659 	1.58556e-05 	1
49.4375 	0.000146414 	1.27292e-05 	1
49.5 	0.000151776 	1.35334e-05 	1
49.5625 	0.000168231 	1.24628e-05 	1
49.625 	0.000471515 	3.36457e-05 	1
49.6875 	0.000480373 	3.43852e-05 	1
49.75 	0.000216286 	5.79022e-06 	2
50.0625 	0.000396721 	2.79256e-05 	1
50.125 	0.000203098 	1.68872e-05 	1
50.25 	0.000205488 	1.6058e-05 	1
50.3125 	0.00012426 	1.04482e-05 	1
50.375 	6.26742e-05 	6.67416e-06 	1
50.4375 	0.000221099 	1.8865e-05 	1
50.5 	0.000206493 	1.87895e-05 	1
50.5625 	0.000382801 	2.86901e-05 	1
50.625 	0.000382038 	2.75795e-05 	1
50.75 	0.00052274 	3.73327e-05 	1
50.8125 	0.00017827 	1.57662e-05 	1
50.875 	0.000398141 	2.82362e-05 	1
50.9375 	0.000523618 	3.78948e-05 	1
51.0 	0.000256809 	2.11464e-05 	1
51.0625 	0.000350908 	2.59098e-05 	1
51.125 	0.000218165 	2.04169e-05 	1
51.1875 	0.000159869 	1.32209e-05 	1
51.25 	0.000234736 	1.80768e-05 	1
51.3125 	0.000235436 	1.83057e-05 	1
51.375 	0.000134742 	1.129e-05 	1
51.4375 	0.000230603 	1.67342e-05 	1
51.5 	0.000189484 	1.45574e-05 	1
51.5625 	0.000263171 	1.87629e-05 	1
51.625 	0.000209646 	1.92417e-05 	1
51.6875 	0.000224898 	1.82926e-05 	1
51.8125 	0.00062595 	4.45189e-05 	1
51.875 	0.000214674 	1.73559e-05 	1
52.0 	0.000325079 	2.34299e-05 	1
52.0625 	0.000237342 	2.21916e-05 	1
52.1875 	0.000180765 	1.71032e-05 	1
52.25 	0.000393244 	2.86286e-05 	1
52.3125 	0.000177792 	1.6245e-05 	1
52.375 	0.000293249 	2.09431e-05 	1
52.4375 	0.000232056 	1.77741e-05 	1
52.5 	0.000181463 	1.37696e-05 	1
52.5625 	0.000171907 	1.42502e-05 	1
52.625 	0.000331885 	2.45922e-05 	1
52.6875 	0.000180387 	1.61711e-05 	1
52.75 	0.000202243 	1.55443e-05 	1
52.8125 	0.000179282 	1.5154e-05 	1
52.875 	0.000277556 	2.1447e-05 	1
52.9375 	0.000127006 	1.06135e-05 	1
53.0 	0.000393621 	2.80965e-05 	1
53.125 	0.000314474 	2.2721e-05 	1
53.1875 	0.000109001 	1.03335e-05 	1
53.25 	0.000283726 	2.11187e-05 	1
53.3125 	0.00032981 	2.35524e-05 	1
53.375 	0.000123351 	9.9146e-06 	1
53.5 	0.00027263 	1.94644e-05 	1
53.5625 	0.00026775 	2.08077e-05 	1
53.625 	0.000117142 	2.87477e-06 	2
53.6875 	0.000260219 	1.93135e-05 	1
53.75 	0.000193129 	1.49383e-05 	1
53.8125 	0.000322493 	2.32221e-05 	1
53.875 	0.000362554 	2.55089e-05 	1
53.9375 	0.000290982 	2.13773e-05 	1
54.0 	0.000215174 	1.68249e-05 	1
54.0625 	0.000182553 	1.45611e-05 	1
54.125 	0.000122711 	1.20855e-05 	1
54.1875 	0.000281856 	2.02868e-05 	1
54.25 	0.000161029 	1.28789e-05 	1
54.3125 	0.000138409 	1.34218e-05 	1
54.375 	0.000195216 	1.46106e-05 	1
54.4375 	0.000354721 	2.54838e-05 	1
54.5 	0.000401648 	2.85614e-05 	1
54.625 	0.000390634 	2.7852e-05 	1
54.6875 	0.000301198 	2.19095e-05 	1
54.8125 	9.23682e-05 	9.97387e-06 	1
54.875 	0.000198756 	1.45515e-05 	1
54.9375 	0.000125595 	1.13948e-05 	1
55.0 	0.000281471 	2.05043e-05 	1
55.0625 	0.000166482 	1.65058e-05 	1
55.125 	0.000134875 	3.44845e-06 	2
55.1875 	0.000163025 	1.43268e-05 	1
55.3125 	0.000303574 	2.25847e-05 	1
55.4375 	0.000431387 	3.11466e-05 	1
55.5 	0.000166229 	1.2862e-05 	1
55.5625 	0.000214375 	1.94803e-05 	1
55.625 	0.000174564 	1.31583e-05 	1
55.6875 	0.000367111 	2.72088e-05 	1
55.75 	0.000288522 	2.27897e-05 	1
55.8125 	0.000338306 	2.6246e-05 	1
55.875 	0.000122321 	2.80728e-06 	2
55.9375 	0.000205842 	1.62811e-05 	1
56.0 	0.000184708 	1.65292e-05 	1
56.0625 	0.000316939 	2.26416e-05 	1
56.125 	0.000166483 	1.32714e-05 	1
56.1875 	0.000398385 	2.86997e-05 	1
56.25 	0.00033664 	2.48926e-05 	1
56.3125 	0.000541576 	3.86796e-05 	1
56.375 	0.000237151 	1.7438e-05 	1
56.4375 	0.000169119 	1.4772e-05 	1
56.5625 	0.000330287 	2.40618e-05 	1
56.625 	0.000180245 	1.37422e-05 	1
56.6875 	0.000118053 	1.1088e-05 	1
56.75 	0.000109202 	2.97324e-06 	2
56.8125 	0.000295426 	2.1931e-05 	1
56.875 	0.000271898 	2.0442e-05 	1
56.9375 	0.000373487 	2.64907e-05 	1
57.0 	0.000153109 	1.49702e-05 	1
57.0625 	0.00021146 	1.76242e-05 	1
57.125 	0.000166133 	1.28122e-05 	1
57.1875 	0.000149949 	1.41131e-05 	1
57.25 	0.000182614 	1.5479e-05 	1
57.3125 	0.000364048 	3.27323e-05 	1
57.375 	0.000401028 	2.88097e-05 	1
57.4375 	0.000331071 	2.34208e-05 	1
57.5 	0.000250176 	1.89186e-05 	1
57.5625 	0.000234979 	1.99615e-05 	1
57.625 	0.000305558 	2.26325e-05 	1
57.6875 	0.000142113 	1.09116e-05 	1
57.75 	9.71551e-05 	9.95788e-06 	1
57.8125 	0.000213168 	1.6886e-05 	1
57.9375 	0.000347804 	2.47668e-05 	1
58.0 	0.000141579 	1.27657e-05 	1
58.0625 	0.000159619 	1.31329e-05 	1
58.125 	0.000310015 	2.88613e-05 	1
58.1875 	0.000178039 	1.55555e-05 	1
58.25 	0.000218421 	1.66424e-05 	1
58.3125 	0.000214189 	1.58013e-05 	1
58.375 	0.000244192 	1.79684e-05 	1
58.4375 	0.000438291 	3.16449e-05 	1
58.5 	0.000183225 	1.40391e-05 	1
58.5625 	0.000378107 	2.81738e-05 	1
58.625 	0.00025415 	2.4352e-05 	1
58.6875 	0.000380067 	2.70627e-05 	1
58.8125 	0.000302728 	2.2849e-05 	1
58.875 	0.000243308 	1.81482e-05 	1
58.9375 	0.000253831 	1.96751e-05 	1
59.0 	0.000205661 	1.53997e-05 	1
59.0625 	0.000309373 	2.66487e-05 	1
59.125 	0.000237348 	1.7032e-05 	1
59.1875 	0.000105118 	9.32448e-06 	1
59.25 	0.000188332 	1.37907e-05 	1
59.3125 	0.000153833 	1.17886e-05 	1
59.375 	0.000252364 	1.9757e-05 	1
59.4375 	9.3015e-05 	2.79495e-06 	2
59.5 	0.000321682 	2.8973e-05 	1
59.5625 	0.000224887 	1.65428e-05 	1
59.6875 	0.000360696 	3.0221e-05 	1
59.8125 	0.000272176 	2.02322e-05 	1
59.875 	0.000379696 	2.70682e-05 	1
59.9375 	0.000175069 	1.3402e-05 	1
60.0 	0.000189937 	1.36662e-05 	1
60.0625 	0.000428156 	3.04728e-05 	1
60.125 	0.000239924 	1.77438e-05 	1
60.25 	0.000259983 	1.90644e-05 	1
60.375 	0.000155984 	1.16959e-05 	1
60.4375 	0.000384573 	2.73513e-05 	1
60.5 	0.000230839 	1.6817e-05 	1
60.5625 	0.000253843 	1.91334e-05 	1
60.625 	0.000455638 	3.29411e-05 	1
60.6875 	8.97421e-05 	8.57131e-06 	1
60.75 	0.000185482 	1.8241e-05 	1
60.8125 	0.000355961 	2.5879e-05 	1
60.875 	0.000364408 	2.63085e-05 	1
60.9375 	0.000131242 	1.06563e-05 	1
61.0 	0.000328786 	2.38398e-05 	1
61.0625 	0.000351988 	2.52588e-05 	1
61.125 	0.000267709 	1.96233e-05 	1
61.1875 	0.000168019 	1.32172e-05 	1
61.25 	0.000137537 	1.36425e-05 	1
61.3125 	9.86358e-05 	9.97764e-06 	1
61.375 	0.000455541 	3.24913e-05 	1
61.4375 	0.000394263 	2.80525e-05 	1
61.5 	0.000247381 	1.80316e-05 	1
61.625 	0.000259928 	1.90537e-05 	1
61.6875 	0.000181114 	1.52948e-05 	1
61.75 	0.000299081 	2.22217e-05 	1
61.8125 	0.000296597 	2.20966e-05 	1
61.875 	0.000259379 	1.879e-05 	1
61.9375 	0.000189995 	1.42405e-05 	1
62.0 	0.000155822 	1.15518e-05 	1
62.125 	0.000105019 	1.04884e-05 	1
62.1875 	0.000150132 	4.11357e-06 	2
62.25 	0.000280305 	2.05756e-05 	1
62.3125 	0.000212704 	1.5534e-05 	1
62.375 	0.000474471 	4.00781e-05 	1
62.4375 	0.000308273 	2.8564e-05 	1
62.5 	0.000367748 	3.12186e-05 	1
62.5625 	0.000294081 	2.16246e-05 	1
62.6875 	0.000229255 	1.80302e-05 	1
62.75 	0.000502252 	4.36805e-05 	1
62.875 	0.000383965 	2.81816e-05 	1
62.9375 	0.000286687 	2.5143e-05 	1
63.0 	0.000305398 	2.272e-05 	1
63.0625 	7.17301e-05 	6.05066e-06 	1
63.125 	0.000157685 	4.15775e-06 	2
63.25 	0.00026531 	1.97958e-05 	1
63.375 	0.000109552 	3.15994e-06 	2
63.4375 	0.000264426 	2.51129e-05 	1
63.5 	0.000220933 	1.97256e-05 	1
63.5625 	0.000333754 	2.38955e-05 	1
63.625 	0.000284526 	2.06457e-05 	1
63.8125 	0.000165931 	1.44376e-05 	1
63.875 	0.000347445 	2.53134e-05 	1
63.9375 	0.000350847 	2.63e-05 	1
64.0 	0.000350068 	2.5312e-05 	1
64.0625 	0.000202213 	1.54713e-05 	1
64.125 	0.000108679 	2.67672e-06 	2
64.25 	0.000156709 	3.66752e-06 	2
64.3125 	0.000321412 	2.98181e-05 	1
64.4375 	7.52497e-05 	8.31983e-06 	1
64.5 	0.000339709 	2.45758e-05 	1
64.5625 	0.000304244 	2.28569e-05 	1
64.6875 	0.0004629 	3.28594e-05 	1
64.75 	0.000132103 	1.01866e-05 	1
64.8125 	0.000244594 	1.93793e-05 	1
64.875 	0.000265831 	1.91117e-05 	1
64.9375 	0.000172182 	4.49978e-06 	2
65.0 	0.000114182 	1.05271e-05 	1
65.0625 	0.000372727 	2.66872e-05 	1
65.125 	0.000153431 	4.05902e-06 	2
65.1875 	0.000119541 	2.95257e-06 	2
65.25 	0.000442714 	3.88929e-05 	1
65.5 	0.000115351 	2.62849e-06 	2
65.625 	0.00012459 	9.991e-06 	1
65.6875 	0.000120182 	3.08021e-06 	2
65.75 	0.000401389 	2.85721e-05 	1
65.8125 	6.70834e-05 	6.48929e-06 	1
65.875 	0.000336949 	2.42893e-05 	1
65.9375 	0.000399698 	2.84613e-05 	1
66.0 	0.000278996 	2.05391e-05 	1
66.0625 	0.000399698 	2.8581e-05 	1
66.125 	4.51693e-05 	4.21941e-06 	1
66.1875 	0.000181819 	1.59206e-05 	1
66.25 	0.000163511 	3.62805e-06 	2
66.3125 	0.000141914 	1.13887e-05 	1
66.375 	0.000101479 	2.5349e-06 	2
66.4375 	0.000235216 	1.8478e-05 	1
66.5 	0.000314186 	2.6044e-05 	1
66.5625 	0.000145299 	3.97994e-06 	2
66.625 	0.000216517 	1.95773e-05 	1
66.75 	0.000403851 	2.88347e-05 	1
66.8125 	0.00030158 	2.27706e-05 	1
66.875 	0.000283651 	2.13598e-05 	1
66.9375 	0.000143055 	3.86311e-06 	2
67.0 	0.000181086 	1.58033e-05 	1
67.125 	0.000211219 	1.58217e-05 	1
67.1875 	0.000326727 	2.36612e-05 	1
67.25 	0.000212855 	1.76294e-05 	1
67.3125 	0.000168425 	1.35821e-05 	1
67.375 	0.000163051 	1.38827e-05 	1
67.4375 	0.000133452 	3.52824e-06 	2
67.5 	0.000303497 	2.20217e-05 	1
67.5625 	0.000160305 	1.31398e-05 	1
67.8125 	0.000140267 	1.31884e-05 	1
67.875 	0.000380665 	2.67831e-05 	1
67.9375 	0.000177664 	1.32948e-05 	1
68.0 	0.000288725 	2.10851e-05 	1
68.0625 	0.000167372 	4.12771e-06 	2
68.125 	0.00029511 	2.11158e-05 	1
68.1875 	0.000183659 	1.57287e-05 	1
68.25 	0.000109522 	2.97988e-06 	2
68.3125 	0.000205982 	1.92353e-05 	1
68.375 	0.000167471 	1.66161e-05 	1
68.4375 	0.000412138 	3.10487e-05 	1
68.5 	8.63779e-05 	8.26659e-06 	1
68.5625 	0.00032093 	2.9778e-05 	1
68.625 	0.000158 	1.32087e-05 	1
68.6875 	0.000329411 	2.43153e-05 	1
68.75 	0.000168102 	1.25247e-05 	1
68.8125 	0.000277678 	2.06517e-05 	1
68.875 	0.000315332 	2.24527e-05 	1
68.9375 	0.000152234 	1.38614e-05 	1
69.0 	0.000168207 	3.8856e-06 	2
69.0625 	0.000224555 	1.6235e-05 	1
69.125 	0.000208464 	1.63469e-05 	1
69.1875 	0.000121689 	3.14431e-06 	2
69.25 	0.000198439 	1.45368e-05 	1
69.3125 	0.000447135 	3.15068e-05 	1
69.4375 	0.000211537 	1.61198e-05 	1
69.5 	9.30899e-05 	8.90963e-06 	1
69.5625 	0.000213247 	1.76542e-05 	1
69.625 	0.000365398 	2.60025e-05 	1
69.75 	0.000203588 	1.60285e-05 	1
69.8125 	0.00035634 	2.52647e-05 	1
69.875 	0.000373581 	3.12987e-05 	1
69.9375 	0.000434116 	3.10802e-05 	1
