# time 	Initial 	Final 	Iterations
0.333274 	0.000255913 	3.95376e-05 	1
0.579973 	0.000234374 	7.57625e-05 	1
0.642226 	0.000127112 	3.67154e-05 	1
0.70448 	0.000143744 	5.80548e-05 	1
0.766734 	0.00020264 	9.25633e-05 	1
0.828988 	0.000185239 	5.82595e-05 	1
1.01575 	0.000119859 	3.19549e-05 	1
1.26477 	0.000169545 	5.41561e-05 	1
1.38927 	0.000180982 	6.27947e-05 	2
1.45153 	0.000193493 	5.20902e-05 	1
1.51378 	0.000332658 	8.90345e-05 	3
1.57604 	0.000227387 	5.89477e-05 	1
1.7628 	0.000112462 	2.61515e-05 	1
1.8873 	0.000201258 	5.94039e-05 	2
1.94956 	0.000136677 	6.57828e-05 	1
2.07407 	0.000238524 	8.40983e-05 	1
2.19857 	0.000169388 	5.67128e-05 	1
2.26083 	0.000122186 	5.47254e-05 	1
2.32308 	0.0001194 	4.06635e-05 	1
2.38534 	0.000119551 	2.89867e-05 	1
2.44759 	0.000234165 	3.07693e-05 	1
2.63435 	0.000218465 	6.67737e-05 	1
2.69661 	0.000192969 	4.28628e-05 	1
2.88337 	0.000130697 	6.85484e-05 	1
2.94562 	0.000143371 	5.57134e-05 	1
3.07013 	0.000168071 	8.2193e-05 	1
3.13238 	6.58251e-05 	6.58251e-05 	0
3.19464 	0.000216141 	8.96054e-05 	1
3.25689 	0.000281812 	7.04747e-05 	1
3.31914 	0.000234509 	8.06385e-05 	2
3.3814 	0.00013847 	5.06186e-05 	1
3.44365 	0.000192839 	7.15842e-05 	1
3.50591 	0.000169437 	8.80008e-05 	1
3.56816 	6.98818e-05 	6.98818e-05 	0
3.69267 	0.000205834 	6.07253e-05 	1
3.75492 	0.000151233 	5.98429e-05 	1
3.81718 	0.000169238 	2.1086e-05 	1
3.87943 	0.000303796 	5.09763e-05 	1
4.00394 	0.000125524 	3.78386e-05 	1
4.06619 	0.000213389 	4.53342e-05 	1
4.12845 	0.000171447 	6.21362e-05 	2
4.1907 	0.000160552 	3.93385e-05 	1
4.25295 	0.000226595 	3.51116e-05 	1
4.31521 	0.000290307 	6.63373e-05 	4
4.37746 	0.000160907 	4.68858e-05 	1
4.50197 	0.000262941 	8.17973e-05 	3
4.56422 	0.000217561 	4.81103e-05 	1
4.62648 	0.000183313 	3.73253e-05 	2
4.68873 	0.000215746 	7.12546e-05 	1
4.81324 	0.000159152 	3.66145e-05 	2
4.87549 	0.000206424 	3.37306e-05 	1
4.93775 	0.000392658 	9.00738e-05 	1
5.0 	0.000147957 	6.53919e-05 	1
5.0625 	0.000171762 	7.1801e-05 	1
5.125 	0.00012248 	5.87511e-05 	1
5.25 	0.000197646 	7.47645e-05 	2
5.3125 	0.000167485 	2.95386e-05 	1
5.375 	0.000138458 	7.37337e-05 	1
5.5 	0.000390298 	9.34068e-05 	1
5.5625 	0.000323723 	6.67361e-05 	1
5.625 	0.000322475 	6.58298e-05 	1
5.6875 	0.000128733 	5.33063e-05 	1
5.75 	0.000153441 	5.87747e-05 	1
5.8125 	0.000176875 	6.34285e-05 	1
5.875 	0.000219327 	5.69288e-05 	1
5.9375 	0.000257212 	9.1419e-05 	1
6.0 	0.000141908 	7.11826e-05 	1
6.125 	0.00012066 	5.21086e-05 	1
6.1875 	0.000154289 	5.88703e-05 	1
6.25 	0.000167735 	4.03652e-05 	1
6.4375 	0.000257796 	5.18973e-05 	1
6.75 	0.000266139 	4.04338e-05 	1
6.8125 	0.000145176 	4.54645e-05 	1
6.9375 	0.000140548 	5.25163e-05 	1
7.125 	0.000250092 	8.57829e-05 	1
7.1875 	0.000201145 	3.80221e-05 	1
7.25 	0.000324822 	7.57595e-05 	3
7.4375 	7.72301e-05 	7.72301e-05 	0
7.5625 	0.000175053 	8.15442e-05 	1
7.625 	0.000155158 	8.23737e-05 	1
7.6875 	0.000111684 	2.92457e-05 	1
7.8125 	0.000160839 	6.67645e-05 	1
7.9375 	0.00016257 	6.06643e-05 	1
8.0 	0.000389823 	7.44454e-05 	1
8.0625 	0.000152708 	4.35998e-05 	1
8.125 	0.00019383 	2.94772e-05 	1
8.25 	0.000375241 	7.97689e-05 	1
8.3125 	0.000402839 	9.86684e-05 	1
8.375 	0.000325381 	8.24418e-05 	1
8.4375 	0.000293014 	6.31083e-05 	1
8.5 	0.000163048 	5.97774e-05 	1
8.5625 	0.000172583 	5.7285e-05 	1
8.8125 	0.000210635 	8.86323e-05 	1
8.9375 	0.000396608 	8.59205e-05 	1
9.0 	0.000223805 	5.78245e-05 	1
9.0625 	0.000158751 	7.16694e-05 	1
9.1875 	0.000231517 	5.12602e-05 	1
9.25 	0.000228393 	9.22039e-05 	1
9.3125 	0.000205775 	9.00858e-05 	1
9.375 	0.0002747 	7.38378e-05 	1
9.4375 	8.75743e-05 	8.75743e-05 	0
9.5625 	0.000100475 	4.24282e-05 	1
9.625 	0.000132852 	3.81204e-05 	1
9.6875 	0.000127489 	9.87902e-05 	1
9.8125 	0.000129061 	5.70926e-05 	1
9.9375 	0.000159611 	5.97151e-05 	1
10.0 	0.000118557 	4.54157e-05 	1
10.0625 	0.000151629 	6.44239e-05 	1
10.1875 	0.000137559 	5.7989e-05 	1
10.3125 	0.000212546 	7.96892e-05 	1
10.625 	0.000156555 	9.62665e-05 	1
10.6875 	0.000201539 	5.95439e-05 	1
10.75 	0.000124951 	5.68917e-05 	1
10.8125 	0.000256583 	6.00326e-05 	1
10.875 	0.00017956 	5.37229e-05 	1
11.0 	0.000131721 	5.97688e-05 	1
11.0625 	0.000120608 	5.79877e-05 	1
11.1875 	0.000106548 	3.6069e-05 	1
11.4375 	0.000113092 	4.77206e-05 	1
11.5625 	0.000133379 	5.04244e-05 	1
11.625 	0.000206543 	7.36884e-05 	1
11.6875 	0.000287846 	8.7889e-05 	1
11.75 	0.000204299 	5.78412e-05 	1
11.8125 	0.000335897 	8.55603e-05 	2
11.875 	0.000253863 	6.75333e-05 	1
11.9375 	0.000123478 	7.07042e-05 	1
12.0 	0.000257084 	6.01084e-05 	2
12.0625 	0.000136098 	4.86307e-05 	1
12.1875 	0.000129732 	4.07402e-05 	1
12.25 	0.000264175 	8.54089e-05 	1
12.3125 	6.87629e-05 	6.87629e-05 	0
12.375 	0.000169004 	5.14204e-05 	1
12.5625 	0.000175439 	5.03859e-05 	1
12.625 	0.000301935 	5.33979e-05 	1
12.6875 	0.000179824 	4.50696e-05 	1
12.8125 	0.000349297 	6.45628e-05 	2
12.875 	0.000357763 	8.60762e-05 	1
13.0 	0.000137309 	3.64801e-05 	1
13.0625 	0.000200685 	6.14005e-05 	1
13.1875 	0.000161728 	6.24256e-05 	1
13.25 	0.000134587 	6.50175e-05 	1
13.375 	0.000160417 	6.6955e-05 	1
13.4375 	0.000262026 	9.57427e-05 	3
13.5 	0.000114411 	4.03215e-05 	1
13.5625 	0.000237572 	7.68305e-05 	1
13.625 	0.000111127 	4.00747e-05 	1
13.6875 	0.000297092 	7.11421e-05 	1
14.0 	0.000146785 	4.84942e-05 	1
14.0625 	0.000142102 	7.42818e-05 	1
14.125 	0.000218008 	6.92581e-05 	1
14.1875 	0.000212418 	8.56695e-05 	2
14.3125 	0.000122887 	4.15526e-05 	1
14.375 	0.000276119 	9.08754e-05 	1
14.4375 	0.000137638 	6.89433e-05 	1
14.5 	0.00015317 	3.42138e-05 	1
14.625 	0.000223497 	5.9528e-05 	2
14.6875 	0.000383056 	9.22042e-05 	1
14.75 	0.000251268 	4.84733e-05 	1
14.8125 	0.000111258 	5.8912e-05 	1
14.9375 	0.000155508 	8.9123e-05 	1
15.0 	0.000143679 	5.10622e-05 	1
15.1875 	0.000166761 	4.34248e-05 	1
15.25 	0.000333 	7.64412e-05 	1
15.3125 	0.000142136 	4.62205e-05 	1
15.375 	0.00013178 	6.71843e-05 	1
15.4375 	0.000638152 	7.56537e-05 	1
15.5 	0.000317635 	9.31354e-05 	3
15.5625 	0.00011756 	4.22077e-05 	1
15.75 	0.000116802 	4.52298e-05 	1
15.8125 	0.000303953 	7.04419e-05 	1
15.875 	0.00013313 	4.02683e-05 	1
15.9375 	0.000177038 	3.29862e-05 	1
16.0 	0.000191761 	4.67602e-05 	1
16.0625 	0.000123149 	6.15217e-05 	1
16.125 	0.000141066 	5.20601e-05 	1
16.1875 	0.00021049 	5.86213e-05 	1
16.25 	0.000294876 	8.73609e-05 	1
16.3125 	0.000164724 	4.53473e-05 	1
16.375 	0.000147025 	3.77676e-05 	1
16.4375 	0.000123061 	7.43486e-05 	1
16.5 	0.000287144 	8.15522e-05 	3
16.625 	0.00014601 	8.7138e-05 	1
16.6875 	0.000385245 	9.41108e-05 	1
16.75 	0.000345293 	9.12723e-05 	3
16.8125 	0.000161753 	4.69263e-05 	1
16.875 	0.000186149 	5.22328e-05 	1
16.9375 	0.000310094 	8.95588e-05 	1
17.25 	0.00028842 	4.84546e-05 	1
17.3125 	0.000107184 	3.66382e-05 	1
17.375 	0.000249717 	6.58223e-05 	1
17.4375 	0.000295883 	6.13999e-05 	2
17.5 	0.000117429 	4.65627e-05 	1
17.5625 	0.000220182 	3.88056e-05 	1
17.625 	0.000260686 	7.90889e-05 	1
17.6875 	0.000148847 	8.19537e-05 	1
17.75 	0.000182191 	4.50152e-05 	1
18.0 	0.000111032 	2.89094e-05 	1
18.0625 	0.000197139 	5.91179e-05 	1
18.125 	0.000126286 	8.22457e-05 	1
18.1875 	0.000347021 	9.38879e-05 	2
18.25 	0.000211704 	7.86075e-05 	1
18.3125 	7.07858e-05 	7.07858e-05 	0
18.375 	0.000309701 	6.79328e-05 	1
18.4375 	0.000100804 	2.45929e-05 	1
18.5 	0.000103272 	4.46423e-05 	1
18.5625 	0.000269829 	6.75301e-05 	2
18.625 	0.00015167 	6.53815e-05 	1
18.75 	8.75344e-05 	8.75344e-05 	0
18.8125 	0.000210501 	9.77807e-05 	3
18.875 	0.000207219 	4.87569e-05 	1
18.9375 	0.000279321 	5.73603e-05 	1
19.125 	0.000137451 	4.47482e-05 	1
19.25 	0.000243831 	3.97498e-05 	1
19.375 	0.00012483 	3.13273e-05 	1
19.4375 	0.000123654 	4.94219e-05 	1
19.5 	0.000214769 	6.78371e-05 	2
19.625 	0.000194329 	4.99973e-05 	1
19.6875 	0.000266811 	3.63133e-05 	1
19.75 	0.000357737 	8.46942e-05 	3
19.9375 	0.000112 	2.38782e-05 	1
20.0 	0.000218995 	5.08686e-05 	1
20.0625 	0.000202129 	8.92655e-05 	1
20.125 	0.000110311 	7.4987e-05 	1
20.1875 	0.000166933 	9.13513e-05 	1
20.25 	0.000134882 	1.66336e-05 	1
20.375 	0.000201779 	1.80807e-05 	1
20.4375 	0.000183917 	8.09881e-05 	1
20.5 	0.000214206 	4.26015e-05 	1
20.5625 	0.000135963 	6.0007e-05 	2
20.625 	0.00032483 	8.35445e-05 	4
20.6875 	0.000198728 	4.61995e-05 	1
20.75 	0.000188962 	6.87576e-05 	1
21.0 	0.00032249 	6.77631e-05 	1
21.0625 	0.000161014 	8.22688e-05 	1
21.1875 	0.000158963 	7.6246e-05 	1
21.3125 	0.000217638 	4.97192e-05 	1
21.375 	0.000211452 	6.08503e-05 	4
21.5625 	0.000161517 	7.70174e-05 	1
21.625 	0.000231315 	6.92336e-05 	1
21.6875 	0.000114769 	4.11849e-05 	1
21.75 	0.000217457 	6.65377e-05 	2
21.8125 	0.000298148 	6.77169e-05 	1
21.875 	0.000434402 	6.95376e-05 	1
21.9375 	0.000258249 	5.15402e-05 	1
22.125 	0.000375871 	6.95477e-05 	1
22.1875 	0.000243323 	7.00086e-05 	1
22.25 	0.000244529 	7.5671e-05 	1
22.3125 	0.000136577 	7.19137e-05 	1
22.375 	0.000292062 	3.82148e-05 	1
22.8125 	0.000290508 	5.19068e-05 	1
22.9375 	0.000270124 	7.95626e-05 	1
23.0 	0.00012512 	6.80493e-05 	1
23.125 	0.000215421 	4.75136e-05 	1
23.1875 	0.000260003 	7.72017e-05 	1
23.3125 	0.000198314 	5.83818e-05 	1
23.375 	0.000319261 	8.18334e-05 	3
23.4375 	0.000137747 	2.4842e-05 	1
23.6875 	0.000341229 	5.57669e-05 	1
23.75 	8.82008e-05 	8.82008e-05 	0
23.8125 	0.000168118 	5.73194e-05 	1
23.875 	0.00019336 	9.1251e-05 	1
24.0 	0.000251183 	7.23089e-05 	1
24.0625 	0.000227759 	7.36751e-05 	1
24.125 	0.000291884 	3.79061e-05 	1
24.3125 	0.000294823 	8.60579e-05 	1
24.375 	0.000196039 	4.96432e-05 	1
24.4375 	0.000141855 	4.0543e-05 	1
24.5625 	0.000218264 	9.19878e-05 	1
24.625 	0.000183793 	6.694e-05 	1
24.6875 	0.000142553 	4.90312e-05 	1
24.75 	0.00016269 	4.8856e-05 	2
24.8125 	0.000259751 	6.17216e-05 	1
25.0 	0.000158879 	6.73805e-05 	1
25.0625 	0.00014463 	4.42992e-05 	1
25.125 	0.000136734 	5.14787e-05 	1
25.25 	0.000319915 	6.17363e-05 	1
25.3125 	0.000331971 	7.72862e-05 	1
25.625 	0.000119656 	5.66128e-05 	1
25.6875 	0.000343407 	8.26451e-05 	1
25.75 	0.000302051 	3.24538e-05 	1
25.8125 	0.000131395 	9.02811e-05 	1
25.875 	0.000120821 	3.00283e-05 	1
25.9375 	0.000149648 	2.84594e-05 	1
26.0 	0.000230261 	5.91081e-05 	1
26.0625 	0.000144368 	6.47045e-05 	1
26.125 	0.00022683 	3.21242e-05 	1
26.25 	0.000143768 	5.238e-05 	1
26.3125 	0.000140506 	4.08636e-05 	1
26.375 	9.25399e-05 	9.25399e-05 	0
26.4375 	0.000102478 	3.6961e-05 	1
26.5 	0.000107661 	3.68959e-05 	1
26.5625 	0.000254253 	5.8919e-05 	1
26.625 	0.000145482 	5.1076e-05 	1
26.6875 	0.000164977 	6.23557e-05 	2
26.875 	0.000105949 	3.47525e-05 	1
26.9375 	0.000309187 	5.26742e-05 	1
27.0 	0.00016803 	3.08633e-05 	1
27.25 	0.000154364 	4.66809e-05 	1
27.3125 	0.000111373 	3.13634e-05 	1
27.375 	0.000152661 	5.18094e-05 	1
27.5 	0.000155445 	5.14226e-05 	2
27.5625 	7.82954e-05 	7.82954e-05 	0
27.625 	9.71978e-05 	9.71978e-05 	0
27.6875 	0.000145287 	6.6178e-05 	1
27.75 	0.000262318 	3.95738e-05 	1
27.8125 	0.000122037 	4.17006e-05 	1
27.875 	0.000238264 	9.79823e-05 	1
28.0 	0.000373896 	7.65018e-05 	1
28.0625 	0.000131803 	9.31895e-05 	1
28.125 	8.79375e-05 	8.79375e-05 	0
28.3125 	0.000321281 	7.09892e-05 	1
28.4375 	0.0001767 	8.22883e-05 	1
28.5 	0.000154085 	6.80044e-05 	1
28.625 	0.000137303 	2.26507e-05 	1
28.6875 	0.000347578 	7.3171e-05 	1
28.8125 	0.000113619 	6.41112e-05 	1
28.875 	0.000348267 	6.23016e-05 	1
28.9375 	0.000208186 	5.06901e-05 	1
29.0 	0.000182261 	7.03108e-05 	2
29.0625 	0.000158401 	7.04686e-05 	1
29.125 	0.000254356 	4.24225e-05 	1
29.1875 	0.000111444 	4.54097e-05 	1
29.25 	0.000202074 	6.69997e-05 	1
29.375 	0.000210307 	5.43554e-05 	1
29.4375 	0.000164066 	7.32805e-05 	1
29.5 	0.00018704 	4.34928e-05 	1
29.625 	0.000173117 	2.296e-05 	1
29.6875 	0.000379847 	6.46087e-05 	1
29.75 	0.000130177 	6.85541e-05 	1
29.9375 	0.000147026 	1.65253e-05 	1
30.125 	0.000301307 	5.87318e-05 	1
30.1875 	0.000327684 	6.28995e-05 	1
30.25 	0.000127633 	5.35067e-05 	1
30.3125 	0.000366853 	7.19781e-05 	1
30.375 	0.000172442 	6.03696e-05 	1
30.4375 	0.000216607 	8.79243e-05 	1
30.5 	0.000148587 	6.17962e-05 	1
30.5625 	0.000152473 	6.74037e-05 	1
30.6875 	0.00021846 	3.89196e-05 	1
30.8125 	0.000396286 	9.65696e-05 	1
30.9375 	0.000173672 	5.5959e-05 	1
31.1875 	0.000126433 	3.74624e-05 	1
31.25 	0.00020047 	7.55275e-05 	1
31.375 	0.000257069 	7.12147e-05 	1
31.5 	0.000154533 	4.60266e-05 	1
31.625 	0.000166157 	3.28082e-05 	1
31.75 	0.00014189 	4.56125e-05 	1
31.8125 	0.000142592 	5.11187e-05 	1
31.875 	0.000243203 	5.14839e-05 	2
32.0 	0.000187509 	5.94154e-05 	1
32.125 	0.000139944 	4.07501e-05 	1
32.1875 	0.000148101 	3.43479e-05 	1
32.25 	0.000182799 	7.42433e-05 	1
32.3125 	0.000292335 	8.15104e-05 	1
32.4375 	0.000161139 	3.39376e-05 	1
32.5 	0.000208358 	7.19841e-05 	1
32.625 	0.000222268 	8.0072e-05 	1
32.6875 	0.000129237 	5.34009e-05 	1
32.75 	0.000140393 	4.12697e-05 	1
32.8125 	0.000148333 	9.63469e-05 	1
32.875 	0.000298588 	9.08299e-05 	2
33.0 	0.00020385 	8.1327e-05 	1
33.0625 	9.67646e-05 	9.67646e-05 	0
33.125 	0.000146877 	5.81376e-05 	2
33.1875 	0.000346538 	8.98382e-05 	1
33.25 	0.000195626 	5.94601e-05 	1
33.3125 	0.000134107 	1.99702e-05 	1
33.375 	0.000231934 	6.49692e-05 	1
33.4375 	0.000193127 	5.02249e-05 	1
33.625 	0.000370303 	9.12155e-05 	1
33.6875 	0.000358847 	9.4523e-05 	1
33.75 	0.000225416 	7.7063e-05 	2
33.875 	0.0004518 	7.70024e-05 	1
33.9375 	0.00028452 	7.78597e-05 	1
34.0625 	0.000155396 	3.58564e-05 	1
34.125 	0.000416827 	6.72462e-05 	1
34.1875 	0.00023607 	3.9332e-05 	1
34.25 	0.000166077 	4.699e-05 	1
34.3125 	0.000157469 	5.34905e-05 	1
34.375 	0.000397768 	6.83973e-05 	1
34.4375 	0.000406359 	5.72342e-05 	1
34.5 	0.000194584 	3.63837e-05 	1
34.5625 	0.000155104 	5.4165e-05 	1
34.625 	0.000300262 	5.89441e-05 	1
34.6875 	0.000179687 	6.07627e-05 	1
34.875 	0.000102893 	2.99514e-05 	1
34.9375 	0.000145281 	5.39614e-05 	1
35.0625 	0.000253525 	6.62158e-05 	1
35.125 	0.000133588 	7.30475e-05 	1
35.25 	0.000143577 	8.12463e-05 	1
35.3125 	0.000130229 	4.81322e-05 	1
35.375 	0.000133884 	5.04151e-05 	1
35.5625 	0.000130088 	3.90974e-05 	1
35.625 	0.000179093 	7.21816e-05 	1
35.6875 	0.000126402 	9.04828e-05 	1
35.75 	0.000123938 	4.51067e-05 	1
35.8125 	0.000295541 	7.19188e-05 	1
35.875 	0.000330303 	8.31828e-05 	3
35.9375 	0.000171894 	4.41085e-05 	1
36.0 	0.000237569 	5.91211e-05 	1
36.125 	0.000126344 	5.72863e-05 	1
36.25 	0.000286863 	7.4156e-05 	1
36.4375 	0.00041949 	6.23178e-05 	1
36.5 	0.000205064 	7.68792e-05 	1
36.5625 	0.000215638 	8.16689e-05 	1
36.625 	0.000120966 	4.56634e-05 	1
36.8125 	0.000218613 	6.36581e-05 	1
36.875 	0.000118941 	5.49399e-05 	1
37.0625 	0.000113678 	2.62818e-05 	1
37.125 	0.000219159 	7.10296e-05 	2
37.1875 	0.000321805 	6.81956e-05 	2
37.25 	0.000109679 	3.9663e-05 	1
37.3125 	0.000129077 	6.11108e-05 	1
37.375 	0.000221008 	8.07038e-05 	1
37.4375 	0.000117271 	4.21876e-05 	1
37.5 	0.00011894 	5.41838e-05 	1
37.5625 	0.000148512 	5.77142e-05 	1
37.75 	0.000185224 	4.49493e-05 	1
37.8125 	0.000170755 	8.28416e-05 	1
37.9375 	0.000255889 	6.68897e-05 	1
38.0 	0.000158461 	5.49566e-05 	1
38.0625 	0.000156513 	4.59946e-05 	1
38.125 	0.000193006 	5.06655e-05 	2
38.1875 	0.000262754 	8.69762e-05 	2
38.25 	0.000154546 	6.36858e-05 	1
38.3125 	0.000141848 	4.33012e-05 	1
38.375 	7.64478e-05 	7.64478e-05 	0
38.4375 	0.000120407 	3.09596e-05 	1
38.5625 	0.000153463 	4.40117e-05 	1
38.6875 	0.000205569 	6.51838e-05 	1
38.8125 	0.000264231 	9.87662e-05 	1
38.875 	0.000204328 	4.27237e-05 	1
38.9375 	0.000293863 	6.76426e-05 	1
39.0 	0.000171743 	5.09599e-05 	1
39.0625 	0.000166148 	5.36864e-05 	1
39.125 	0.000305144 	8.86829e-05 	1
39.1875 	0.000225517 	6.92677e-05 	1
39.25 	0.000395594 	9.43379e-05 	1
39.3125 	0.000153223 	3.83993e-05 	1
39.5 	0.000110526 	6.94349e-05 	1
39.5625 	0.00010381 	2.6896e-05 	1
39.625 	8.99529e-05 	8.99529e-05 	0
39.6875 	0.000169181 	4.59883e-05 	1
39.75 	9.56596e-05 	9.56596e-05 	0
39.8125 	0.000114105 	5.55224e-05 	1
39.875 	0.00024761 	6.77972e-05 	1
39.9375 	0.00027541 	6.64048e-05 	1
40.0 	0.000227278 	7.2222e-05 	2
40.125 	0.000112868 	4.85646e-05 	1
40.25 	0.000321927 	9.2996e-05 	3
40.3125 	0.000176159 	7.59561e-05 	1
40.4375 	0.000135274 	6.19058e-05 	1
40.5 	0.000205054 	6.87587e-05 	2
40.5625 	0.000185376 	4.50486e-05 	1
40.625 	0.000126704 	3.28231e-05 	1
40.8125 	0.000310964 	9.30656e-05 	3
40.9375 	0.000403332 	9.71031e-05 	1
41.125 	0.000213938 	4.63477e-05 	1
41.1875 	0.00034594 	6.54458e-05 	1
41.25 	0.000311171 	4.94387e-05 	1
41.3125 	0.000239964 	8.46879e-05 	2
41.4375 	0.000128748 	8.54336e-05 	1
41.5 	0.000154248 	8.6771e-05 	1
41.5625 	0.00033123 	6.58654e-05 	1
41.6875 	0.00021537 	4.46992e-05 	1
41.8125 	0.000137973 	4.70583e-05 	1
41.875 	0.000299294 	6.80657e-05 	2
41.9375 	0.000225827 	7.19686e-05 	1
42.0 	0.000260445 	3.9798e-05 	1
42.125 	0.000103426 	6.70979e-05 	1
42.25 	0.000253527 	4.6533e-05 	2
42.5 	0.000202523 	6.46842e-05 	1
42.6875 	0.000190273 	5.70618e-05 	2
42.8125 	0.000363733 	7.52476e-05 	1
42.875 	0.000214291 	9.68931e-05 	1
42.9375 	0.00020051 	4.92201e-05 	1
43.0 	0.000231397 	6.99114e-05 	2
43.0625 	7.94714e-05 	7.94714e-05 	0
43.125 	0.000133983 	3.22603e-05 	1
43.1875 	0.000227442 	7.50751e-05 	1
43.3125 	0.000301621 	7.07026e-05 	1
43.375 	0.00011259 	5.9816e-05 	1
43.6875 	0.00022874 	8.07524e-05 	1
43.75 	7.26954e-05 	7.26954e-05 	0
43.8125 	0.000262378 	5.51913e-05 	1
43.9375 	0.000160633 	5.44007e-05 	1
44.0 	0.000180155 	7.28929e-05 	1
44.0625 	0.00033187 	6.74316e-05 	1
44.125 	0.000174808 	8.14806e-05 	1
44.1875 	0.00015506 	7.90293e-05 	1
44.25 	0.000176198 	7.90646e-05 	1
44.3125 	0.000258366 	9.69576e-05 	1
44.375 	0.000234288 	9.04698e-05 	1
44.4375 	0.000149565 	7.11727e-05 	1
44.5625 	9.14603e-05 	9.14603e-05 	0
44.625 	9.02158e-05 	9.02158e-05 	0
44.6875 	0.000180788 	5.37966e-05 	1
44.75 	0.000224563 	9.0932e-05 	1
44.8125 	0.000288466 	6.86023e-05 	1
44.875 	0.000297095 	7.84043e-05 	1
44.9375 	0.000140612 	7.63297e-05 	1
45.0 	0.000338272 	6.40681e-05 	1
45.0625 	0.000241794 	2.87592e-05 	1
45.1875 	0.000202687 	4.12132e-05 	1
45.3125 	0.000179175 	2.01746e-05 	1
45.5 	0.000187397 	3.39678e-05 	1
45.625 	0.000330662 	8.92958e-05 	3
45.6875 	0.000135112 	4.48235e-05 	1
45.75 	0.000110859 	8.54545e-05 	1
45.9375 	0.000253145 	8.41945e-05 	2
46.0 	0.000144566 	5.39386e-05 	1
46.0625 	0.000186982 	7.15069e-05 	1
46.3125 	0.00022157 	4.83899e-05 	1
46.375 	0.000237417 	5.71278e-05 	1
46.5625 	0.000221719 	6.29534e-05 	2
46.625 	0.000415369 	9.74517e-05 	1
46.6875 	0.000271879 	5.46129e-05 	1
46.75 	0.000111398 	3.559e-05 	1
46.8125 	0.000140171 	7.84491e-05 	1
46.875 	0.000281142 	7.10042e-05 	1
47.0 	0.000114745 	4.20269e-05 	1
47.0625 	0.000344922 	8.05057e-05 	3
47.125 	0.000181146 	8.46268e-05 	1
47.1875 	0.000221852 	5.92436e-05 	1
47.25 	0.000190852 	6.64129e-05 	1
47.375 	0.000238443 	6.83343e-05 	1
47.5 	0.000289786 	9.00991e-05 	3
47.5625 	0.00013794 	4.75237e-05 	1
47.625 	0.000232386 	6.30285e-05 	1
47.6875 	0.000139988 	5.09683e-05 	1
47.8125 	0.000182739 	7.40328e-05 	1
48.0 	0.000202312 	7.14206e-05 	1
48.0625 	0.000183788 	5.63446e-05 	1
48.1875 	0.000160747 	5.01909e-05 	1
48.25 	0.000300576 	6.97537e-05 	4
48.3125 	0.000231991 	8.04311e-05 	1
48.4375 	0.000219586 	4.82382e-05 	1
48.5 	0.000211392 	3.59757e-05 	1
48.5625 	0.000174519 	7.30945e-05 	1
48.75 	0.000245261 	9.75949e-05 	2
48.8125 	0.000107396 	6.54614e-05 	1
48.9375 	0.000289309 	9.99623e-05 	1
49.0 	0.000541173 	8.9351e-05 	1
49.125 	0.000330677 	6.48632e-05 	1
49.1875 	0.000284339 	5.94017e-05 	1
49.25 	0.00011426 	4.30856e-05 	1
49.3125 	0.000139605 	6.96828e-05 	1
49.375 	0.000133463 	7.30052e-05 	1
49.4375 	0.000299278 	8.66601e-05 	3
49.5 	0.00035097 	9.82529e-05 	2
49.5625 	0.000198983 	3.22657e-05 	1
49.625 	0.000176977 	6.14868e-05 	1
49.6875 	0.000115894 	5.51305e-05 	1
49.75 	0.000127297 	4.74582e-05 	1
50.0625 	0.000181589 	5.35236e-05 	1
50.125 	0.000380753 	9.36282e-05 	1
50.25 	0.000294048 	7.28344e-05 	1
50.3125 	0.000129272 	5.4016e-05 	1
50.375 	0.000329929 	7.18797e-05 	1
50.4375 	0.000132691 	5.35405e-05 	1
50.5625 	0.000146385 	4.13003e-05 	1
50.625 	0.000385466 	9.2363e-05 	1
50.75 	0.000201432 	4.87981e-05 	1
50.8125 	0.000159042 	5.20766e-05 	1
50.875 	0.00016327 	7.71138e-05 	1
50.9375 	0.000392917 	8.24745e-05 	1
51.0 	0.000475632 	8.30848e-05 	1
51.0625 	5.15394e-05 	5.15394e-05 	0
51.125 	0.000310729 	7.58471e-05 	1
51.1875 	0.000179814 	5.09733e-05 	2
51.25 	0.000128588 	3.97718e-05 	1
51.3125 	0.00042481 	8.01162e-05 	1
51.375 	0.000114328 	4.0341e-05 	1
51.4375 	0.000261762 	7.14328e-05 	2
51.5 	0.000183981 	6.48878e-05 	1
51.5625 	0.000201042 	9.88003e-05 	1
51.625 	0.000142168 	7.33495e-05 	1
51.6875 	0.000122133 	8.40339e-05 	1
51.8125 	0.000125097 	6.28932e-05 	1
51.875 	0.000206364 	3.2781e-05 	1
52.0 	0.000144861 	9.07361e-05 	1
52.0625 	0.000249852 	5.56116e-05 	1
52.1875 	0.000170354 	8.29286e-05 	2
52.3125 	0.000183602 	4.88698e-05 	1
52.375 	0.000114827 	5.14278e-05 	1
52.5 	0.000130532 	9.5436e-05 	1
52.625 	0.000129525 	8.20844e-05 	1
52.6875 	0.000142189 	4.4955e-05 	1
52.75 	0.000390646 	6.30246e-05 	1
52.8125 	0.000149058 	5.7215e-05 	1
52.875 	0.000336831 	9.19096e-05 	1
52.9375 	0.000248127 	7.60068e-05 	3
53.125 	0.000383942 	9.21631e-05 	1
53.1875 	0.000164167 	2.48096e-05 	1
53.25 	0.000263136 	7.41851e-05 	1
53.3125 	0.000205153 	7.28071e-05 	2
53.375 	0.000126076 	7.85834e-05 	1
53.5 	0.00012133 	9.82779e-05 	1
53.5625 	0.000220646 	3.46135e-05 	1
53.625 	0.000326 	9.12166e-05 	1
53.6875 	0.000136145 	5.76951e-05 	1
53.75 	0.000135461 	5.66123e-05 	1
53.8125 	0.000319517 	7.93809e-05 	1
53.875 	0.000196794 	6.96019e-05 	1
54.0 	0.000143233 	9.15855e-05 	1
54.0625 	0.000117856 	3.57477e-05 	1
54.1875 	0.000156379 	4.86942e-05 	1
54.25 	0.000143047 	3.71024e-05 	1
54.3125 	0.00020057 	9.00834e-05 	1
54.375 	0.000143116 	5.54192e-05 	1
54.4375 	0.000280242 	8.19001e-05 	1
54.6875 	0.000148698 	4.47161e-05 	1
54.8125 	0.000153944 	4.31974e-05 	1
54.875 	0.000134444 	5.8782e-05 	1
54.9375 	0.000112205 	3.66869e-05 	1
55.0 	0.000282016 	4.06843e-05 	1
55.0625 	0.000212699 	6.86097e-05 	1
55.125 	0.000145958 	5.83904e-05 	1
55.3125 	0.000240989 	8.68067e-05 	1
55.4375 	0.000171471 	2.20316e-05 	1
55.5 	0.000238633 	5.32552e-05 	1
55.625 	0.000109306 	4.42993e-05 	1
55.6875 	0.000228971 	4.2671e-05 	1
55.75 	0.000157462 	5.21248e-05 	1
55.875 	0.000277695 	4.40836e-05 	1
55.9375 	0.000326858 	7.07119e-05 	1
56.0 	0.000289215 	9.41942e-05 	2
56.0625 	0.000227465 	8.15783e-05 	1
56.3125 	0.000130945 	5.51016e-05 	1
56.375 	0.000352376 	9.18586e-05 	1
56.4375 	0.000156233 	7.63081e-05 	1
56.5625 	0.000115816 	4.1399e-05 	1
56.6875 	0.000385186 	8.16814e-05 	2
56.75 	0.000178386 	9.65102e-05 	1
56.8125 	0.000140745 	8.95197e-05 	1
56.9375 	0.000238384 	4.73233e-05 	1
57.0 	0.00026114 	7.02422e-05 	1
57.0625 	0.000119368 	5.22044e-05 	1
57.1875 	0.0001438 	5.63749e-05 	1
57.25 	0.000126189 	5.67406e-05 	2
57.3125 	0.000186069 	3.76391e-05 	1
57.375 	0.000139767 	5.76916e-05 	1
57.4375 	0.000120628 	6.59614e-05 	1
57.5 	0.000243522 	9.36001e-05 	1
57.5625 	0.000330288 	9.30388e-05 	2
57.625 	0.000249318 	3.07463e-05 	1
57.6875 	0.00022868 	8.58919e-05 	1
57.75 	0.000182216 	9.97314e-05 	1
57.8125 	0.00020423 	4.85492e-05 	1
58.0 	0.00019355 	2.4706e-05 	1
58.0625 	0.000152358 	6.23251e-05 	1
58.125 	0.000168561 	7.68478e-05 	1
58.1875 	0.000107456 	3.05555e-05 	1
58.25 	7.56692e-05 	7.56692e-05 	0
58.3125 	0.000118194 	3.47625e-05 	1
58.4375 	0.000210718 	7.16942e-05 	1
58.5625 	0.000207525 	6.4382e-05 	2
58.625 	0.000104853 	3.22519e-05 	1
58.6875 	0.000139365 	5.98963e-05 	1
58.8125 	0.000425863 	8.73688e-05 	3
58.875 	0.000104597 	3.87252e-05 	1
58.9375 	0.000129501 	5.03907e-05 	1
59.0 	0.000107911 	4.49871e-05 	1
59.125 	9.60264e-05 	9.60264e-05 	0
59.25 	0.000255591 	5.68277e-05 	1
59.3125 	0.000141408 	5.64693e-05 	1
59.375 	0.00014295 	8.44077e-05 	1
59.4375 	0.000194625 	4.25907e-05 	1
59.5 	0.000260563 	5.75828e-05 	1
59.6875 	0.000158872 	8.26783e-05 	1
59.8125 	0.000252428 	9.37899e-05 	1
59.875 	0.000268025 	8.3587e-05 	1
59.9375 	0.000258203 	3.66608e-05 	1
60.0625 	0.000112638 	2.39987e-05 	1
60.125 	0.000229615 	3.85557e-05 	1
60.375 	0.000112472 	5.33188e-05 	1
60.4375 	0.000216915 	4.03442e-05 	1
60.5625 	0.000114314 	4.6062e-05 	1
60.625 	9.991e-05 	9.991e-05 	0
60.75 	0.000317278 	8.43797e-05 	3
60.8125 	0.000197907 	6.61282e-05 	2
60.875 	0.000147889 	5.06072e-05 	1
61.0 	0.000192477 	8.10283e-05 	1
61.125 	0.000134823 	3.96073e-05 	1
61.1875 	0.000194508 	6.79856e-05 	1
61.25 	0.000322827 	8.51532e-05 	3
61.3125 	0.000113851 	4.64114e-05 	1
61.375 	0.000414645 	9.90422e-05 	1
61.4375 	0.000284737 	4.02861e-05 	1
61.5 	0.000317062 	6.89501e-05 	1
61.625 	8.75089e-05 	8.75089e-05 	0
61.6875 	0.000194005 	5.31171e-05 	1
61.8125 	0.000188717 	9.22928e-05 	1
61.875 	0.000142581 	6.08569e-05 	1
61.9375 	0.000133259 	8.09671e-05 	1
62.0 	0.000145125 	6.19022e-05 	1
62.125 	0.000118475 	5.91292e-05 	1
62.1875 	9.4501e-05 	9.4501e-05 	0
62.25 	0.000188393 	3.61933e-05 	1
62.375 	0.000125997 	9.13537e-05 	1
62.5 	0.0001401 	3.64852e-05 	1
62.5625 	0.000258943 	6.24159e-05 	1
62.6875 	0.000144774 	7.78304e-05 	1
62.75 	0.000413118 	7.59953e-05 	1
62.875 	9.97992e-05 	9.97992e-05 	0
62.9375 	0.000288655 	6.09562e-05 	1
63.0 	0.000367696 	8.59848e-05 	1
63.125 	0.000235172 	7.38877e-05 	1
63.25 	0.000140282 	6.77897e-05 	1
63.4375 	0.000236845 	5.69631e-05 	1
63.5625 	0.000178975 	6.60404e-05 	1
63.8125 	0.000191764 	9.58665e-05 	1
63.9375 	0.000346756 	6.52127e-05 	1
64.0 	0.000239281 	9.00371e-05 	1
64.0625 	0.000136437 	4.82395e-05 	1
64.25 	0.000239478 	6.79853e-05 	1
64.4375 	0.00028811 	4.08933e-05 	1
64.5625 	0.000250447 	4.92916e-05 	1
64.6875 	0.000129323 	5.88665e-05 	1
64.75 	0.000164289 	2.74446e-05 	1
64.8125 	0.000220776 	6.50582e-05 	1
64.875 	0.000237441 	3.75554e-05 	1
64.9375 	0.000332525 	9.72384e-05 	3
65.0 	0.000170329 	6.99102e-05 	1
65.0625 	0.000519788 	9.28915e-05 	1
65.125 	0.000228267 	9.07456e-05 	1
65.25 	0.000117503 	7.31254e-05 	1
65.5 	0.000194778 	5.18138e-05 	2
65.625 	0.000186762 	4.40526e-05 	1
65.8125 	0.000256623 	7.8376e-05 	1
65.9375 	0.000243544 	4.29437e-05 	1
66.0 	0.000212679 	3.76614e-05 	1
66.0625 	0.000106818 	3.86993e-05 	1
66.1875 	0.00020157 	5.52627e-05 	1
66.25 	0.000148067 	7.33123e-05 	1
66.3125 	0.000234756 	8.11784e-05 	1
66.375 	0.000175431 	3.60654e-05 	1
66.5 	0.000115858 	3.89593e-05 	1
66.75 	0.000209553 	6.48148e-05 	2
66.8125 	0.000293893 	7.37237e-05 	1
66.875 	0.000177579 	8.7138e-05 	1
66.9375 	8.78073e-05 	8.78073e-05 	0
67.0 	0.000301921 	9.73198e-05 	2
67.1875 	0.000194041 	8.02471e-05 	1
67.25 	0.00017264 	5.6511e-05 	1
67.375 	0.00020052 	4.40378e-05 	1
67.4375 	0.000142995 	4.86568e-05 	1
67.5 	0.000297943 	7.99476e-05 	2
67.8125 	0.000211494 	8.25085e-05 	1
67.875 	0.000150755 	6.10355e-05 	1
67.9375 	0.00016649 	6.26232e-05 	1
68.0 	0.000143673 	4.17371e-05 	1
68.0625 	0.000130814 	4.99164e-05 	1
68.125 	0.000199033 	7.89009e-05 	1
68.1875 	0.000150551 	1.49437e-05 	1
68.25 	0.000283491 	5.39943e-05 	1
68.3125 	9.95691e-05 	9.95691e-05 	0
68.375 	0.000217181 	6.27282e-05 	1
68.4375 	0.000179225 	4.51146e-05 	1
68.5625 	9.12193e-05 	9.12193e-05 	0
68.625 	0.000178141 	5.5028e-05 	1
68.6875 	0.000112304 	5.24282e-05 	1
68.75 	0.000150737 	5.87525e-05 	1
68.8125 	0.000164359 	6.40886e-05 	1
68.9375 	0.000363787 	6.43669e-05 	1
69.0625 	0.000219969 	5.51314e-05 	1
69.125 	0.000126785 	4.39505e-05 	1
69.1875 	0.000253473 	5.29767e-05 	1
69.25 	0.000358155 	9.53945e-05 	1
69.3125 	0.000304372 	8.86645e-05 	2
69.4375 	0.000171172 	6.58413e-05 	2
69.5 	0.000325031 	8.49814e-05 	1
69.625 	0.000137652 	4.44268e-05 	1
69.75 	0.000164801 	6.28444e-05 	2
69.8125 	0.000177369 	8.10401e-05 	1
69.875 	0.00019473 	5.14345e-05 	1
69.9375 	0.000122921 	5.80908e-05 	1
