# time 	Initial 	Final 	Iterations
1.2e-06 	7.15864e-05 	7.15864e-05 	0
2.64e-06 	9.99861e-05 	9.99861e-05 	0
4.368e-06 	4.2137e-05 	4.2137e-05 	0
6.4416e-06 	7.8779e-05 	7.8779e-05 	0
8.92992e-06 	9.25455e-05 	9.25455e-05 	0
1.19159e-05 	7.24522e-05 	7.24522e-05 	0
1.54991e-05 	7.12433e-05 	7.12433e-05 	0
1.97989e-05 	7.00905e-05 	7.00905e-05 	0
2.49587e-05 	4.36747e-05 	4.36747e-05 	0
3.11504e-05 	7.19486e-05 	7.19486e-05 	0
3.85805e-05 	8.22462e-05 	8.22462e-05 	0
4.74965e-05 	7.81042e-05 	7.81042e-05 	0
5.81958e-05 	7.70227e-05 	7.70227e-05 	0
7.1035e-05 	9.28493e-05 	9.28493e-05 	0
8.6442e-05 	7.57886e-05 	7.57886e-05 	0
0.00010493 	6.22922e-05 	6.22922e-05 	0
0.000127116 	6.99727e-05 	6.99727e-05 	0
0.00015374 	8.90693e-05 	8.90693e-05 	0
0.000185688 	8.37719e-05 	8.37719e-05 	0
0.000224025 	8.82438e-05 	8.82438e-05 	0
0.00027003 	2.74495e-05 	2.74495e-05 	0
0.000325236 	3.02872e-05 	3.02872e-05 	0
0.000391483 	2.16518e-05 	2.16518e-05 	0
0.00047098 	6.51875e-05 	6.51875e-05 	0
0.000566376 	4.5929e-05 	4.5929e-05 	0
0.00068085 	4.64514e-05 	4.64514e-05 	0
0.000818221 	4.27693e-05 	4.27693e-05 	0
0.000983063 	4.20383e-05 	4.20383e-05 	0
0.00118087 	4.59544e-05 	4.59544e-05 	0
0.00141824 	4.20299e-05 	4.20299e-05 	0
0.0017031 	4.11749e-05 	4.11749e-05 	0
0.00204491 	5.45309e-05 	5.45309e-05 	0
0.00245508 	5.61146e-05 	5.61146e-05 	0
0.0029473 	5.05004e-05 	5.05004e-05 	0
0.00353797 	5.66458e-05 	5.66458e-05 	0
0.00424679 	6.74117e-05 	6.74117e-05 	0
0.00509742 	9.74147e-05 	9.74147e-05 	0
0.00611825 	9.00152e-05 	9.00152e-05 	0
0.00734314 	8.89273e-05 	8.89273e-05 	0
0.00881286 	6.96837e-05 	6.96837e-05 	0
0.0105765 	8.14151e-05 	8.14151e-05 	0
0.0126925 	6.82287e-05 	6.82287e-05 	0
0.0152319 	7.65996e-05 	7.65996e-05 	0
0.0182788 	6.35345e-05 	6.35345e-05 	0
0.0219337 	2.93167e-05 	2.93167e-05 	0
0.0263197 	9.06171e-05 	9.06171e-05 	0
0.0315829 	4.94455e-05 	4.94455e-05 	0
0.037896 	9.32516e-05 	9.32516e-05 	0
0.0454717 	4.95101e-05 	4.95101e-05 	0
0.0545626 	0.000113173 	2.35598e-05 	1
0.0654797 	6.66643e-05 	6.66643e-05 	0
0.0785686 	8.46556e-05 	8.46556e-05 	0
0.094292 	0.000195457 	6.3978e-05 	1
0.11316 	0.000252103 	7.00001e-05 	1
0.135784 	0.000271384 	9.29963e-05 	1
0.162959 	0.000341065 	3.7543e-05 	1
0.195641 	0.000608544 	7.19718e-05 	2
0.235021 	0.00102456 	1.56674e-05 	2
0.280839 	0.00157963 	2.38853e-05 	2
0.333274 	0.00239536 	5.03146e-05 	2
0.392346 	0.00301763 	9.18808e-05 	2
0.455465 	0.00318524 	8.91329e-05 	2
0.517719 	0.00267068 	8.4899e-05 	2
0.579973 	0.00241591 	3.83575e-05 	2
0.642226 	0.0020893 	5.64189e-05 	3
0.70448 	0.00170434 	5.84027e-05 	3
0.766734 	0.00154917 	9.71162e-05 	2
0.828988 	0.00122515 	6.22106e-05 	2
0.891242 	0.00106723 	8.18743e-05 	1
0.953496 	0.000804305 	7.5034e-05 	2
1.01575 	0.000712637 	8.70911e-05 	1
1.078 	0.000586606 	6.22104e-05 	2
1.14026 	0.000574062 	7.46236e-05 	1
1.20251 	0.000529829 	7.78055e-05 	2
1.26477 	0.000337591 	5.0071e-05 	2
1.32702 	0.000507854 	6.12179e-05 	2
1.38927 	0.000899996 	6.91193e-05 	6
1.45153 	0.000929067 	6.47752e-05 	4
1.51378 	0.000730944 	7.30416e-05 	4
1.57604 	0.000745468 	7.01702e-05 	6
1.63829 	0.000563485 	7.59281e-05 	4
1.70054 	0.000461147 	6.45542e-05 	3
1.7628 	0.000579185 	6.06367e-05 	3
1.82505 	0.000373385 	6.06531e-05 	2
1.8873 	0.000316233 	5.44143e-05 	2
1.94956 	0.000329928 	7.92824e-05 	1
2.01181 	0.000536112 	7.82307e-05 	3
2.07407 	0.000289283 	3.59299e-05 	1
2.13632 	0.000267578 	6.62743e-05 	2
2.19857 	0.000235501 	7.62285e-05 	2
2.26083 	0.000780315 	9.07599e-05 	4
2.32308 	0.000470902 	8.13834e-05 	2
2.38534 	0.000869317 	8.23935e-05 	6
2.44759 	0.000375615 	9.02382e-05 	1
2.50984 	0.000603497 	5.9846e-05 	3
2.5721 	0.000296821 	5.36591e-05 	2
2.63435 	0.000276832 	4.90994e-05 	2
2.69661 	0.000704243 	8.27139e-05 	2
2.75886 	0.000383292 	6.63818e-05 	2
2.82111 	0.00038254 	8.83122e-05 	2
2.88337 	0.000644611 	5.25582e-05 	3
2.94562 	0.000542615 	5.17709e-05 	2
3.00787 	0.000407156 	7.5677e-05 	2
3.07013 	0.000341279 	5.60878e-05 	2
3.13238 	0.000711711 	8.87681e-05 	6
3.19464 	0.000409494 	5.60754e-05 	4
3.25689 	0.000321891 	6.31531e-05 	2
3.31914 	0.000609812 	9.81222e-05 	5
3.3814 	0.000383596 	7.17135e-05 	2
3.44365 	0.00045907 	6.13435e-05 	4
3.50591 	0.000459745 	6.25192e-05 	4
3.56816 	0.000679147 	9.66315e-05 	4
3.63041 	0.000382297 	9.68292e-05 	3
3.69267 	0.000493435 	6.33033e-05 	3
3.75492 	0.000716475 	8.05802e-05 	4
3.81718 	0.000812117 	7.95962e-05 	7
3.87943 	0.000310983 	8.55023e-05 	2
4.00394 	0.000342438 	6.15838e-05 	2
4.06619 	0.00058161 	4.75381e-05 	4
4.12845 	0.000314759 	5.16456e-05 	2
4.1907 	0.000672356 	7.47629e-05 	4
4.25295 	0.00041165 	3.94975e-05 	3
4.31521 	0.000408618 	6.57564e-05 	2
4.37746 	0.00043567 	4.59961e-05 	2
4.43971 	0.000444598 	3.36237e-05 	4
4.50197 	0.000720448 	6.73345e-05 	3
4.56422 	0.000582211 	8.86671e-05 	3
4.62648 	0.000635066 	7.60198e-05 	5
4.68873 	0.000533334 	7.60474e-05 	2
4.75098 	0.000833008 	9.95807e-05 	2
4.81324 	0.000469279 	5.34962e-05 	2
4.87549 	0.000557306 	9.54447e-05 	4
4.93775 	0.000505821 	8.9406e-05 	2
5.0 	0.0003665 	6.28029e-05 	2
5.0625 	0.00055642 	7.95647e-05 	2
5.125 	0.000357779 	6.27783e-05 	2
5.1875 	0.00045227 	8.99801e-05 	2
5.25 	0.000676419 	8.228e-05 	7
5.3125 	0.000730886 	7.62739e-05 	4
5.375 	0.000379155 	5.9592e-05 	3
5.4375 	0.000336924 	4.96772e-05 	2
5.5 	0.000972939 	9.2939e-05 	8
5.5625 	0.000424672 	6.17538e-05 	3
5.625 	0.000516327 	6.36127e-05 	3
5.6875 	0.000660207 	9.29278e-05 	2
5.75 	0.000436618 	5.15633e-05 	4
5.8125 	0.000504498 	6.06647e-05 	2
5.875 	0.000949199 	9.61365e-05 	7
5.9375 	0.000266941 	6.82334e-05 	2
6.0 	0.000398929 	6.6458e-05 	2
6.0625 	0.00050028 	3.88159e-05 	4
6.125 	0.00061677 	7.0586e-05 	4
6.1875 	0.000686509 	9.5024e-05 	5
6.25 	0.000426855 	6.54541e-05 	3
6.3125 	0.000505086 	9.5386e-05 	2
6.375 	0.000450732 	7.3229e-05 	2
6.4375 	0.000363351 	7.51245e-05 	2
6.5625 	0.000470352 	9.2158e-05 	2
6.625 	0.000453225 	8.78074e-05 	2
6.6875 	0.000483713 	8.7024e-05 	2
6.75 	0.000738445 	8.22148e-05 	4
6.8125 	0.0010292 	8.04132e-05 	8
6.875 	0.000764963 	9.69045e-05 	4
6.9375 	0.000832128 	9.94709e-05 	7
7.0 	0.000321206 	7.41775e-05 	2
7.0625 	0.000632604 	7.9897e-05 	3
7.125 	0.000515141 	8.47906e-05 	2
7.1875 	0.0002954 	5.09597e-05 	2
7.25 	0.000484373 	5.46713e-05 	4
7.375 	0.000486051 	8.23568e-05 	2
7.4375 	0.000591386 	6.95612e-05 	5
7.5625 	0.000436287 	7.19475e-05 	3
7.625 	0.000603761 	9.63833e-05 	2
7.6875 	0.000617726 	9.62896e-05 	3
7.75 	0.000415175 	5.95948e-05 	3
7.8125 	0.000493502 	7.79585e-05 	2
7.875 	0.000638315 	6.45407e-05 	4
7.9375 	0.000455171 	9.53266e-05 	2
8.0 	0.000359137 	6.99126e-05 	2
8.0625 	0.000258094 	6.84305e-05 	1
8.125 	0.000470707 	5.62959e-05 	2
8.1875 	0.000783729 	9.65843e-05 	5
8.25 	0.000247718 	6.6012e-05 	1
8.3125 	0.000369672 	3.53581e-05 	2
8.375 	0.000534604 	8.5873e-05 	4
8.4375 	0.000265473 	6.72685e-05 	2
8.5 	0.000615236 	5.21989e-05 	3
8.5625 	0.000393022 	7.76111e-05 	3
8.625 	0.000319649 	7.46455e-05 	2
8.8125 	0.000371591 	9.80208e-05 	2
8.875 	0.000515446 	7.40566e-05 	3
8.9375 	0.00063174 	6.70223e-05 	2
9.0 	0.000519289 	4.39388e-05 	3
9.0625 	0.000636625 	6.51266e-05 	6
9.125 	0.000610719 	8.50781e-05 	5
9.1875 	0.000386282 	8.84352e-05 	2
9.25 	0.000509201 	9.55518e-05 	3
9.3125 	0.000385071 	4.46104e-05 	3
9.375 	0.000387134 	5.20948e-05 	2
9.4375 	0.000658495 	8.50004e-05 	3
9.5 	0.000385665 	6.14512e-05 	4
9.5625 	0.000597556 	7.46693e-05 	4
9.625 	0.000505368 	9.06609e-05 	4
9.6875 	0.000586012 	7.85922e-05 	3
9.75 	0.000579227 	6.00546e-05 	3
9.8125 	0.000741267 	9.11864e-05 	2
9.875 	0.000591879 	9.04685e-05 	4
9.9375 	0.000529229 	9.32816e-05 	3
10.0 	0.000594531 	6.20205e-05 	4
10.0625 	0.000523123 	8.16822e-05 	3
10.125 	0.000465308 	9.0344e-05 	2
10.1875 	0.000513243 	6.94421e-05 	3
10.25 	0.000606435 	7.78942e-05 	4
10.3125 	0.000325775 	7.91946e-05 	2
10.375 	0.000546885 	3.61702e-05 	3
10.5 	0.000441382 	4.40483e-05 	3
10.5625 	0.00057326 	8.21783e-05 	5
10.625 	0.000580926 	8.61882e-05 	4
10.6875 	0.00037499 	5.66192e-05 	3
10.75 	0.0002732 	9.25624e-05 	2
10.8125 	0.000431863 	8.5669e-05 	2
10.875 	0.000315659 	9.92338e-05 	1
10.9375 	0.000616017 	9.31186e-05 	4
11.0 	0.000576097 	4.24972e-05 	3
11.0625 	0.000338108 	5.2287e-05 	2
11.125 	0.000553992 	8.27218e-05 	3
11.1875 	0.000641551 	8.72886e-05 	3
11.25 	0.000582372 	9.837e-05 	2
11.3125 	0.000383985 	9.4486e-05 	2
11.375 	0.000559455 	6.74788e-05 	4
11.4375 	0.000392202 	7.10476e-05 	2
11.5 	0.000415909 	8.5926e-05 	2
11.5625 	0.000398367 	8.93339e-05 	2
11.625 	0.00049499 	4.9399e-05 	3
11.6875 	0.000341854 	8.53887e-05 	2
11.75 	0.000510277 	7.19087e-05 	2
11.8125 	0.000612592 	6.38433e-05 	3
11.875 	0.00041156 	7.35549e-05 	2
11.9375 	0.000286652 	6.44824e-05 	2
12.0 	0.000485507 	4.36305e-05 	3
12.0625 	0.000436504 	7.83277e-05 	2
12.125 	0.000641905 	5.50558e-05 	4
12.1875 	0.000450662 	6.31259e-05 	2
12.25 	0.000527209 	8.43422e-05 	2
12.3125 	0.000311016 	6.36845e-05 	2
12.375 	0.000362563 	6.48514e-05 	2
12.4375 	0.00071913 	6.11212e-05 	3
12.5625 	0.000394224 	7.32747e-05 	2
12.625 	0.000631842 	9.11826e-05 	3
12.6875 	0.000512162 	9.476e-05 	2
12.75 	0.000498871 	8.1876e-05 	2
12.8125 	0.000439179 	8.14001e-05 	1
12.875 	0.000760655 	5.69412e-05 	4
12.9375 	0.000634692 	7.59155e-05 	4
13.0 	0.000976847 	6.24153e-05 	4
13.0625 	0.000907698 	6.85866e-05 	8
13.125 	0.000639326 	9.71701e-05 	3
13.1875 	0.000731496 	8.20914e-05 	6
13.25 	0.000403224 	8.94865e-05 	2
13.3125 	0.000770113 	9.96229e-05 	2
13.375 	0.000369823 	7.95437e-05 	2
13.4375 	0.000659655 	4.03213e-05 	3
13.5 	0.000388295 	6.14799e-05 	2
13.5625 	0.000645107 	8.93786e-05 	2
13.625 	0.000388949 	6.13121e-05 	4
13.6875 	0.000771458 	8.22009e-05 	4
13.75 	0.000340518 	5.71076e-05 	2
13.8125 	0.000369097 	5.91015e-05 	2
13.875 	0.000354946 	8.24312e-05 	2
13.9375 	0.000287644 	4.85665e-05 	2
14.0 	0.000210094 	7.52119e-05 	1
14.0625 	0.000512266 	5.27652e-05 	3
14.125 	0.000639491 	8.6343e-05 	3
14.1875 	0.000366216 	7.81558e-05 	2
14.25 	0.000400101 	7.60418e-05 	2
14.3125 	0.000762536 	8.14752e-05 	4
14.375 	0.000836071 	6.99866e-05 	6
14.4375 	0.000581088 	7.52583e-05 	4
14.5 	0.000719876 	9.8111e-05 	5
14.5625 	0.000396613 	8.93876e-05 	2
14.625 	0.000678341 	7.8778e-05 	3
14.6875 	0.000715032 	6.16295e-05 	4
14.75 	0.000702639 	9.72913e-05 	3
14.8125 	0.000794438 	8.21314e-05 	6
14.875 	0.000481561 	5.71405e-05 	3
14.9375 	0.000338716 	9.69793e-05 	2
15.0 	0.000454986 	8.84605e-05 	2
15.0625 	0.000419895 	6.25977e-05 	2
15.1875 	0.000582101 	8.41432e-05 	3
15.25 	0.000554646 	9.86085e-05 	3
15.3125 	0.000449265 	9.07597e-05 	1
15.375 	0.000439772 	4.74736e-05 	3
15.4375 	0.000537175 	7.68275e-05 	3
15.5 	0.000616087 	8.68326e-05 	3
15.5625 	0.000527632 	8.16023e-05 	2
15.625 	0.000621397 	9.06688e-05 	5
15.6875 	0.000507759 	9.87659e-05 	2
15.75 	0.000759424 	9.84138e-05 	2
15.8125 	0.000638873 	9.99523e-05 	3
15.875 	0.000367291 	6.46805e-05 	2
15.9375 	0.000787517 	9.57713e-05 	2
16.0 	0.000586257 	6.04399e-05 	3
16.0625 	0.000379502 	9.21961e-05 	2
16.125 	0.000391462 	8.05677e-05 	1
16.1875 	0.000451867 	8.53277e-05 	2
16.25 	0.000747818 	8.79834e-05 	6
16.3125 	0.000617302 	8.18946e-05 	4
16.375 	0.00066781 	6.8575e-05 	6
16.4375 	0.000333041 	8.90762e-05 	2
16.5 	0.000404518 	5.88035e-05 	4
16.5625 	0.000653892 	8.16612e-05 	2
16.625 	0.000410683 	7.49612e-05 	3
16.6875 	0.000816867 	9.27292e-05 	4
16.75 	0.000445769 	9.51501e-05 	2
16.8125 	0.000307541 	6.22268e-05 	2
16.875 	0.000568931 	7.46001e-05 	2
16.9375 	0.000419926 	9.25484e-05 	2
17.0 	0.000910271 	9.42178e-05 	6
17.0625 	0.000410982 	9.17149e-05 	1
17.125 	0.000480844 	9.30536e-05 	1
17.1875 	0.000489765 	8.04446e-05 	2
17.25 	0.000786675 	8.55789e-05 	6
17.3125 	0.000529996 	9.71302e-05 	2
17.375 	0.000364521 	5.52103e-05 	2
17.4375 	0.000357209 	4.2753e-05 	4
17.5 	0.000251609 	7.39145e-05 	2
17.5625 	0.000732388 	6.3559e-05 	4
17.625 	0.00019245 	5.62204e-05 	1
17.6875 	0.00034031 	8.39823e-05 	2
17.75 	0.000644065 	9.45267e-05 	3
17.8125 	0.00056509 	8.16722e-05 	3
17.875 	0.000370147 	7.36568e-05 	2
17.9375 	0.000577843 	9.06316e-05 	3
18.0 	0.00019912 	5.94762e-05 	1
18.0625 	0.000383227 	9.62776e-05 	1
18.125 	0.000561411 	6.06217e-05 	4
18.1875 	0.000771074 	9.00094e-05 	3
18.25 	0.000733462 	9.17759e-05 	4
18.3125 	0.000461187 	6.62962e-05 	2
18.375 	0.000539686 	8.78191e-05 	3
18.4375 	0.000621746 	8.08021e-05 	4
18.5 	0.000717382 	9.46654e-05 	6
18.5625 	0.000408666 	9.71968e-05 	1
18.625 	0.000301103 	5.61601e-05 	2
18.6875 	0.000187605 	6.38489e-05 	1
18.75 	0.000660904 	8.47719e-05 	3
18.8125 	0.000382389 	6.8174e-05 	2
18.875 	0.000559554 	9.19574e-05 	2
18.9375 	0.000416139 	7.54322e-05 	2
19.0625 	0.000676995 	9.15526e-05 	3
19.125 	0.000677349 	8.37432e-05 	4
19.1875 	0.000209333 	5.22166e-05 	1
19.25 	0.00039373 	9.76339e-05 	3
19.3125 	0.000597301 	7.5651e-05 	3
19.375 	0.000630952 	9.78668e-05 	3
19.4375 	0.000638853 	6.65777e-05 	6
19.5 	0.000691001 	8.0317e-05 	4
19.5625 	0.0005821 	8.41097e-05 	3
19.625 	0.000426579 	4.29488e-05 	3
19.6875 	0.000329076 	9.34503e-05 	2
19.75 	0.000311416 	7.30049e-05 	2
19.8125 	0.000362201 	7.90508e-05 	2
19.875 	0.000575457 	4.8455e-05 	4
19.9375 	0.000440028 	7.7233e-05 	2
20.0 	0.000599954 	8.63026e-05 	2
20.0625 	0.000620534 	8.57481e-05 	2
20.125 	0.00054074 	6.91468e-05 	2
20.1875 	0.000760114 	5.99108e-05 	6
20.25 	0.000800075 	6.14534e-05 	6
20.3125 	0.000297944 	5.83882e-05 	1
20.375 	0.000338191 	5.8344e-05 	2
20.4375 	0.000530479 	7.79807e-05 	2
20.5 	0.000849464 	6.99034e-05 	4
20.5625 	0.00029194 	4.50119e-05 	2
20.625 	0.000394713 	9.92151e-05 	1
20.6875 	0.000403631 	9.33693e-05 	2
20.75 	0.000708373 	7.98122e-05 	3
20.8125 	0.000530764 	7.39966e-05 	2
20.875 	0.000728879 	6.91805e-05 	6
20.9375 	0.000438538 	5.81737e-05 	3
21.0 	0.000458995 	5.63107e-05 	4
21.0625 	0.000246401 	9.51444e-05 	1
21.125 	0.000710665 	8.61053e-05 	3
21.1875 	0.000530712 	7.54604e-05 	4
21.25 	0.000584718 	6.8762e-05 	3
21.3125 	0.00028527 	5.01856e-05 	2
21.375 	0.000382448 	5.52476e-05 	3
21.4375 	0.000746727 	8.8727e-05 	4
21.5 	0.000301703 	8.89775e-05 	2
21.5625 	0.000359009 	9.54404e-05 	2
21.625 	0.000596342 	9.22258e-05 	3
21.6875 	0.00065874 	5.38049e-05 	4
21.75 	0.000316338 	5.19582e-05 	2
21.8125 	0.000638415 	9.87185e-05 	3
21.875 	0.000702464 	6.18892e-05 	4
21.9375 	0.000713856 	9.86348e-05 	5
22.0 	0.000594062 	9.40305e-05 	3
22.0625 	0.000839533 	8.32347e-05 	4
22.125 	0.000509691 	8.12729e-05 	4
22.1875 	0.000243888 	9.93781e-05 	1
22.25 	0.000532798 	8.78628e-05 	2
22.3125 	0.000530067 	7.42325e-05 	4
22.375 	0.000289052 	6.78811e-05 	2
22.4375 	0.000537278 	5.98842e-05 	5
22.5 	0.000325307 	6.50973e-05 	2
22.625 	0.000358009 	7.60784e-05 	3
22.6875 	0.000615614 	7.80179e-05 	3
22.75 	0.00036019 	8.26226e-05 	2
22.8125 	0.000659772 	6.80402e-05 	3
22.875 	0.000243564 	7.75697e-05 	1
22.9375 	0.000782578 	7.39264e-05 	4
23.0 	0.000659182 	5.9947e-05 	4
23.0625 	0.000668214 	9.01653e-05 	4
23.125 	0.000401742 	7.29195e-05 	2
23.1875 	0.000680633 	6.94593e-05 	3
23.25 	0.00038017 	8.06282e-05 	2
23.3125 	0.000809968 	6.43021e-05 	4
23.375 	0.000513532 	7.50938e-05 	3
23.4375 	0.000622267 	9.32092e-05 	3
23.5 	0.000377839 	8.77506e-05 	2
23.5625 	0.00068804 	8.82702e-05 	2
23.625 	0.000522498 	5.51116e-05 	4
23.6875 	0.00040818 	8.42264e-05 	3
23.75 	0.000547921 	8.77825e-05 	4
23.8125 	0.000572627 	7.23317e-05 	4
23.875 	0.000182426 	9.2799e-05 	1
23.9375 	0.000555746 	6.8476e-05 	4
24.0 	0.000361106 	4.63175e-05 	3
24.0625 	0.000678931 	7.00878e-05 	3
24.125 	0.000372739 	3.76082e-05 	3
24.1875 	0.000561844 	3.9767e-05 	4
24.25 	0.000774341 	7.75144e-05 	4
24.3125 	0.000745438 	9.30486e-05 	2
24.375 	0.000447759 	6.67777e-05 	2
24.4375 	0.000271351 	8.5599e-05 	1
24.5 	0.000344057 	5.7586e-05 	2
24.5625 	0.000336563 	4.81836e-05 	2
24.625 	0.000434276 	5.389e-05 	3
24.6875 	0.00037022 	9.44937e-05 	2
24.75 	0.000682872 	9.5662e-05 	2
24.8125 	0.000400605 	9.09627e-05 	2
24.875 	0.000637921 	8.08724e-05 	4
24.9375 	0.000634432 	9.71326e-05 	4
25.0 	0.000398415 	5.55501e-05 	4
25.0625 	0.000491286 	8.43817e-05 	2
25.125 	0.000357321 	5.43552e-05 	1
25.25 	0.000322763 	8.08782e-05 	2
25.3125 	0.000384452 	8.00586e-05 	1
25.375 	0.000560129 	6.85184e-05 	3
25.4375 	0.000780039 	9.02664e-05 	6
25.5 	0.000383566 	7.47238e-05 	2
25.5625 	0.000442615 	9.40842e-05 	2
25.625 	0.000764305 	8.22674e-05 	4
25.6875 	0.000496976 	9.73727e-05 	2
25.75 	0.000551181 	7.38395e-05 	3
25.8125 	0.00055644 	9.1733e-05 	3
25.875 	0.000389127 	7.4001e-05 	2
25.9375 	0.000370496 	8.26582e-05 	2
26.0 	0.000671057 	9.12418e-05 	3
26.0625 	0.000561616 	9.86169e-05 	4
26.125 	0.000284302 	8.86603e-05 	2
26.1875 	0.000715241 	9.38815e-05 	4
26.25 	0.000351625 	6.78627e-05 	2
26.3125 	0.000676562 	9.88563e-05 	2
26.375 	0.00021439 	4.28484e-05 	2
26.4375 	0.000432018 	5.17046e-05 	4
26.5 	0.000527123 	4.92948e-05 	2
26.5625 	0.000537882 	9.57167e-05 	3
26.625 	0.000482027 	9.7374e-05 	4
26.6875 	0.000738967 	8.17147e-05 	2
26.75 	0.000275379 	5.21503e-05 	2
26.8125 	0.000669375 	9.47345e-05 	3
26.875 	0.000628927 	9.25325e-05 	5
26.9375 	0.000569959 	4.86462e-05 	6
27.0 	0.000551899 	7.79524e-05 	4
27.0625 	0.000552294 	8.93246e-05 	2
27.125 	0.000796874 	9.03599e-05 	5
27.25 	0.000553631 	8.57601e-05 	2
27.3125 	0.000532631 	8.74383e-05 	3
27.375 	0.00043813 	4.37628e-05 	3
27.4375 	0.000505486 	6.24135e-05 	2
27.5 	0.000384625 	7.4599e-05 	2
27.5625 	0.000337358 	8.52985e-05 	2
27.625 	0.000455138 	5.9188e-05 	2
27.6875 	0.00061873 	7.80958e-05 	3
27.75 	0.000609049 	6.80035e-05 	2
27.8125 	0.000377991 	6.20006e-05 	2
27.875 	0.000389636 	7.83098e-05 	2
27.9375 	0.000586917 	9.7595e-05 	2
28.0 	0.000781304 	8.80886e-05 	2
28.0625 	0.000498615 	8.21118e-05 	4
28.125 	0.000467788 	6.12036e-05 	2
28.25 	0.000509854 	6.29393e-05 	3
28.3125 	0.000507173 	6.34446e-05 	3
28.375 	0.000456282 	9.75806e-05 	1
28.4375 	0.0004604 	7.08288e-05 	3
28.5 	0.000370423 	7.25032e-05 	2
28.5625 	0.000353681 	5.96935e-05 	2
28.625 	0.000351884 	5.9089e-05 	2
28.6875 	0.000571193 	6.65582e-05 	4
28.8125 	0.000533251 	6.72926e-05 	4
28.875 	0.000355337 	6.14422e-05 	2
28.9375 	0.00040113 	9.79755e-05 	2
29.0 	0.000566995 	6.38528e-05 	3
29.0625 	0.000411712 	6.3956e-05 	4
29.125 	0.000543716 	7.2778e-05 	2
29.1875 	0.000432201 	9.8472e-05 	1
29.25 	0.000393959 	7.90282e-05 	2
29.3125 	0.000597494 	9.45468e-05 	3
29.375 	0.000470388 	9.54543e-05 	2
29.4375 	0.000627701 	9.35236e-05 	2
29.5 	0.000390842 	8.1454e-05 	2
29.5625 	0.000529576 	3.67601e-05 	3
29.625 	0.000403762 	6.39278e-05 	2
29.6875 	0.000486548 	8.15007e-05 	2
29.75 	0.000654039 	7.84504e-05 	3
29.8125 	0.000261115 	4.2334e-05 	2
29.875 	0.000483091 	9.0761e-05 	2
29.9375 	0.000262529 	5.48075e-05 	2
30.0 	0.000583403 	5.79317e-05 	4
30.125 	0.000684056 	5.53273e-05 	6
30.1875 	0.000447842 	8.19339e-05 	4
30.25 	0.000298518 	6.45973e-05 	2
30.3125 	0.000594613 	8.69599e-05 	3
30.375 	0.000366426 	8.18119e-05 	1
30.4375 	0.000385586 	7.83627e-05 	4
30.5 	0.000427635 	8.55973e-05 	2
30.5625 	0.000434327 	7.26196e-05 	2
30.625 	0.000839645 	9.23644e-05 	6
30.6875 	0.00045476 	7.73077e-05 	1
30.75 	0.000448269 	9.01308e-05 	2
30.8125 	0.000276145 	7.34761e-05 	2
30.875 	0.000654207 	9.72534e-05 	3
30.9375 	0.00058345 	7.97627e-05 	4
31.0 	0.000735686 	7.58765e-05 	3
31.125 	0.000475546 	6.98091e-05 	4
31.1875 	0.000555096 	7.58264e-05 	2
31.25 	0.000907377 	8.87579e-05 	6
31.3125 	0.000407697 	9.93052e-05 	1
31.375 	0.000530193 	9.79155e-05 	3
31.5 	0.000446238 	5.07597e-05 	2
31.5625 	0.000332102 	8.08417e-05 	2
31.625 	0.000309333 	8.57184e-05 	1
31.6875 	0.000533758 	5.83608e-05 	2
31.75 	0.000506116 	7.95252e-05 	4
31.8125 	0.000226195 	4.66456e-05 	2
31.875 	0.000570875 	6.96159e-05 	3
31.9375 	0.000417397 	9.96615e-05 	2
32.0 	0.000556352 	8.08935e-05 	3
32.0625 	0.000579886 	7.86264e-05 	2
32.125 	0.000523198 	7.30074e-05 	3
32.1875 	0.000529908 	6.26494e-05 	3
32.25 	0.000274684 	7.73012e-05 	2
32.3125 	0.000303877 	8.35182e-05 	1
32.375 	0.00071724 	7.51004e-05 	4
32.4375 	0.000582941 	8.71877e-05 	4
32.5 	0.000571786 	8.62487e-05 	3
32.5625 	0.000671347 	4.9153e-05 	3
32.625 	0.000481634 	7.08586e-05 	2
32.6875 	0.000764176 	8.92889e-05 	4
32.75 	0.000489398 	7.2437e-05 	4
32.8125 	0.000596574 	9.18652e-05 	5
32.875 	0.000658763 	9.86078e-05 	5
32.9375 	0.000429669 	8.14225e-05 	2
33.0 	0.000585869 	8.60151e-05 	4
33.0625 	0.000543017 	6.72381e-05 	5
33.125 	0.000462932 	5.59377e-05 	4
33.1875 	0.000604246 	7.75198e-05 	2
33.25 	0.000348693 	7.27785e-05 	2
33.3125 	0.000680817 	9.5579e-05 	4
33.375 	0.000709785 	8.2614e-05 	3
33.4375 	0.000455209 	9.979e-05 	1
33.5 	0.000775444 	4.79799e-05 	4
33.5625 	0.000324876 	8.88741e-05 	1
33.625 	0.000699346 	7.46934e-05 	4
33.6875 	0.000396579 	5.957e-05 	2
33.75 	0.00056197 	3.58831e-05 	3
33.8125 	0.000523646 	8.51106e-05 	2
33.875 	0.000618831 	7.51822e-05 	5
33.9375 	0.000430359 	6.94518e-05 	2
34.0 	0.000374816 	8.06675e-05 	2
34.0625 	0.000689088 	9.9417e-05 	5
34.125 	0.000674148 	6.7291e-05 	4
34.1875 	0.000757041 	7.0674e-05 	4
34.25 	0.000763514 	7.82053e-05 	4
34.3125 	0.000461853 	6.29649e-05 	4
34.375 	0.000398332 	7.60057e-05 	2
34.4375 	0.000388033 	6.54877e-05 	2
34.5 	0.000323946 	9.9193e-05 	1
34.5625 	0.000404858 	5.80611e-05 	3
34.625 	0.000630566 	8.06387e-05 	2
34.6875 	0.000868809 	9.03478e-05 	6
34.75 	0.000808459 	6.47219e-05 	4
34.8125 	0.000681677 	8.35898e-05 	5
34.875 	0.000461837 	5.83038e-05 	3
34.9375 	0.000567148 	6.36767e-05 	4
35.0 	0.000660892 	5.84442e-05 	4
35.0625 	0.000532991 	4.38205e-05 	4
35.125 	0.000663298 	6.70437e-05 	4
35.1875 	0.000446915 	6.36652e-05 	3
35.25 	0.000510574 	6.10715e-05 	3
35.3125 	0.000501387 	7.21187e-05 	2
35.375 	0.000391156 	7.92777e-05 	3
35.4375 	0.000421179 	7.64485e-05 	2
35.5 	0.000277414 	5.02459e-05 	2
35.5625 	0.000604352 	6.57033e-05 	3
35.625 	0.000594564 	8.84532e-05 	3
35.6875 	0.000691085 	9.37396e-05 	3
35.75 	0.000538041 	8.90336e-05 	4
35.8125 	0.000532886 	5.0641e-05 	4
35.875 	0.000698803 	8.42789e-05 	4
35.9375 	0.000282784 	9.47625e-05 	1
36.0 	0.000338121 	9.7895e-05 	1
36.0625 	0.000353852 	7.09135e-05 	2
36.125 	0.000516333 	9.35901e-05 	5
36.1875 	0.000509217 	5.81765e-05 	2
36.25 	0.000402899 	5.27634e-05 	2
36.3125 	0.000503678 	7.04991e-05 	4
36.375 	0.000380925 	7.27826e-05 	1
36.4375 	0.000585192 	9.94545e-05 	3
36.5 	0.000463608 	8.94709e-05 	3
36.5625 	0.000725171 	7.22732e-05 	4
36.625 	0.000345735 	6.51914e-05 	2
36.6875 	0.000257466 	5.0444e-05 	2
36.75 	0.000701559 	7.84321e-05 	3
36.8125 	0.000606475 	8.18852e-05 	4
36.875 	0.000430309 	8.80867e-05 	2
36.9375 	0.000275171 	8.24683e-05 	2
37.0 	0.000402987 	6.98391e-05 	2
37.0625 	0.000499082 	8.39201e-05 	2
37.125 	0.000779962 	9.15291e-05 	2
37.1875 	0.000316004 	9.42417e-05 	2
37.25 	0.000558286 	8.22394e-05 	4
37.3125 	0.000361441 	7.80202e-05 	2
37.375 	0.000378035 	6.88495e-05 	1
37.4375 	0.000655271 	9.10549e-05 	3
37.5 	0.000386408 	7.62726e-05 	1
37.5625 	0.000663016 	7.52572e-05 	4
37.625 	0.000681431 	8.6866e-05 	2
37.6875 	0.000593476 	6.95147e-05 	4
37.75 	0.000389004 	9.98927e-05 	2
37.8125 	0.00026172 	8.69311e-05 	1
37.875 	0.000515107 	8.98346e-05 	2
37.9375 	0.000721089 	9.53639e-05 	4
38.0 	0.000305143 	4.65124e-05 	2
38.0625 	0.00053709 	9.76265e-05 	4
38.125 	0.000615078 	9.0815e-05 	2
38.1875 	0.000293661 	7.3786e-05 	1
38.25 	0.00057868 	8.92288e-05 	4
38.3125 	0.000649959 	8.64666e-05 	4
38.375 	0.000480502 	8.00926e-05 	2
38.4375 	0.000541711 	9.88829e-05 	3
38.5 	0.000646834 	8.13376e-05 	3
38.5625 	0.000466589 	5.26774e-05 	2
38.625 	0.000252333 	7.07156e-05 	1
38.6875 	0.000618653 	6.89416e-05 	3
38.75 	0.000834486 	9.56687e-05 	4
38.8125 	0.000759605 	8.41819e-05 	6
38.875 	0.00060864 	9.3486e-05 	2
38.9375 	0.000638905 	5.83768e-05 	3
39.0 	0.000635387 	6.606e-05 	3
39.0625 	0.000500203 	5.92834e-05 	3
39.125 	0.000410207 	6.38437e-05 	2
39.1875 	0.000489101 	9.34985e-05 	2
39.25 	0.000353112 	7.79473e-05 	2
39.3125 	0.000549815 	9.51907e-05 	3
39.375 	0.000631738 	3.38164e-05 	4
39.4375 	0.000364233 	7.98833e-05 	1
39.5 	0.000521213 	9.90054e-05 	2
39.5625 	0.000488997 	7.67931e-05 	2
39.625 	0.000516692 	5.82968e-05 	2
39.6875 	0.000590175 	9.0115e-05 	2
39.75 	0.000312339 	5.86458e-05 	1
39.8125 	0.000517146 	8.39368e-05 	3
39.875 	0.000745538 	7.08607e-05 	8
39.9375 	0.000829386 	6.14808e-05 	5
40.0 	0.000692177 	7.8066e-05 	4
40.0625 	0.000480169 	9.60766e-05 	2
40.125 	0.000573877 	6.19237e-05 	3
40.1875 	0.000556175 	7.81376e-05 	4
40.25 	0.000566715 	7.67783e-05 	2
40.3125 	0.000577613 	8.146e-05 	4
40.375 	0.000264121 	6.13681e-05 	1
40.4375 	0.00053917 	5.31354e-05 	2
40.5 	0.000602364 	7.38257e-05 	2
40.5625 	0.000535014 	5.46847e-05 	4
40.625 	0.000413432 	7.2767e-05 	3
40.6875 	0.000627418 	8.8462e-05 	5
40.75 	0.000420484 	3.81359e-05 	4
40.8125 	0.000546966 	4.37964e-05 	3
40.875 	0.000752869 	9.95024e-05 	2
40.9375 	0.000669389 	6.44237e-05 	4
41.0 	0.000512911 	7.83358e-05 	3
41.0625 	0.000461461 	7.66362e-05 	4
41.125 	0.000712263 	8.69947e-05 	2
41.1875 	0.000458423 	4.97248e-05 	3
41.25 	0.000643489 	9.23714e-05 	4
41.3125 	0.00049154 	8.22371e-05 	2
41.375 	0.000367993 	6.1429e-05 	2
41.4375 	0.000834122 	8.62653e-05 	6
41.5 	0.00049476 	9.70232e-05 	3
41.5625 	0.000596979 	8.26192e-05 	3
41.625 	0.000592332 	9.7436e-05 	3
41.6875 	0.000390498 	7.07723e-05 	2
41.8125 	0.0005721 	8.75164e-05 	3
41.875 	0.000399573 	6.87268e-05 	3
41.9375 	0.000554372 	7.8501e-05 	4
42.0 	0.000446344 	8.76172e-05 	2
42.125 	0.0002754 	5.15379e-05 	2
42.1875 	0.000560361 	4.44529e-05 	3
42.25 	0.000769848 	9.57893e-05 	2
42.3125 	0.000287468 	6.54012e-05 	1
42.375 	0.000576844 	6.62388e-05 	3
42.4375 	0.000638021 	8.36991e-05 	3
42.5 	0.000564072 	8.67008e-05 	3
42.5625 	0.000642829 	8.07934e-05 	2
42.625 	0.00041833 	7.6578e-05 	4
42.6875 	0.000301496 	4.56264e-05 	2
42.75 	0.000408964 	9.56189e-05 	1
42.8125 	0.000615227 	6.52833e-05 	4
42.875 	0.000316184 	5.39238e-05 	1
42.9375 	0.000409785 	4.272e-05 	3
43.0 	0.000320099 	6.93222e-05 	1
43.0625 	0.000296256 	9.85244e-05 	1
43.125 	0.000805531 	9.23812e-05 	6
43.1875 	0.000489429 	6.27857e-05 	2
43.25 	0.000676086 	9.87977e-05 	3
43.3125 	0.000564424 	8.42972e-05 	5
43.375 	0.00052994 	8.14824e-05 	2
43.4375 	0.000833262 	7.4724e-05 	6
43.5 	0.00024087 	9.48278e-05 	1
43.5625 	0.000635192 	9.03629e-05 	4
43.625 	0.000270413 	9.0171e-05 	1
43.6875 	0.000473032 	4.80238e-05 	3
43.75 	0.000465487 	7.9752e-05 	2
43.8125 	0.000467928 	7.8981e-05 	2
43.875 	0.000478764 	9.83961e-05 	2
43.9375 	0.000451061 	9.57295e-05 	2
44.0 	0.000364993 	3.8835e-05 	3
44.0625 	0.000634132 	9.16518e-05 	4
44.125 	0.000535822 	6.038e-05 	2
44.1875 	0.000516296 	7.67206e-05 	2
44.25 	0.000639493 	8.49188e-05 	2
44.3125 	0.000434536 	9.74968e-05 	2
44.375 	0.000549178 	5.44248e-05 	4
44.4375 	0.000460924 	9.1916e-05 	2
44.5 	0.000405057 	6.11477e-05 	3
44.5625 	0.000720694 	9.4499e-05 	2
44.625 	0.000442913 	8.05469e-05 	2
44.6875 	0.000606547 	8.03921e-05 	3
44.75 	0.000401416 	5.43071e-05 	3
44.8125 	0.000420703 	9.07989e-05 	3
44.875 	0.000519404 	9.3106e-05 	4
44.9375 	0.000424209 	9.36309e-05 	3
45.0 	0.000301202 	7.84549e-05 	2
45.0625 	0.000564248 	7.62723e-05 	2
45.125 	0.000640947 	7.09411e-05 	3
45.1875 	0.000593006 	8.2673e-05 	4
45.25 	0.000462498 	8.50198e-05 	3
45.3125 	0.000473612 	6.4214e-05 	4
45.375 	0.000325585 	7.56767e-05 	2
45.4375 	0.000151262 	4.64393e-05 	1
45.5 	0.000486725 	9.30981e-05 	2
45.5625 	0.000729508 	9.33043e-05 	3
45.625 	0.000505968 	5.36451e-05 	3
45.6875 	0.000500039 	9.09164e-05 	4
45.75 	0.000346937 	5.57665e-05 	2
45.8125 	0.000540136 	7.7849e-05 	4
45.875 	0.000391174 	6.43468e-05 	3
45.9375 	0.000376386 	7.15348e-05 	3
46.0 	0.000470788 	9.68077e-05 	2
46.0625 	0.000461923 	6.44566e-05 	2
46.125 	0.000443376 	9.00648e-05 	2
46.25 	0.000369307 	6.26223e-05 	4
46.3125 	0.000582804 	7.14142e-05 	5
46.375 	0.000464672 	7.19662e-05 	1
46.4375 	0.000644642 	9.08279e-05 	4
46.5 	0.000315658 	8.97544e-05 	2
46.5625 	0.000407192 	5.56996e-05 	2
46.625 	0.000524119 	9.94344e-05 	2
46.6875 	0.000390096 	6.0479e-05 	3
46.75 	0.000316629 	5.87635e-05 	1
46.8125 	0.000682941 	7.55122e-05 	4
46.875 	0.00043763 	4.46258e-05 	3
46.9375 	0.00048185 	9.70201e-05 	3
47.0 	0.000299309 	6.22311e-05 	2
47.0625 	0.000350599 	5.87949e-05 	3
47.125 	0.000566183 	9.0656e-05 	4
47.1875 	0.000815979 	9.19466e-05 	6
47.25 	0.000635173 	8.71295e-05 	4
47.3125 	0.000808206 	6.77445e-05 	4
47.375 	0.000621907 	7.21294e-05 	2
47.4375 	0.000735696 	9.85003e-05 	3
47.5 	0.000489677 	9.45185e-05 	3
47.5625 	0.000639974 	7.86208e-05 	3
47.625 	0.000560048 	9.13312e-05 	2
47.6875 	0.000415851 	6.77645e-05 	2
47.75 	0.000503068 	8.57857e-05 	3
47.8125 	0.000720056 	7.95936e-05 	6
47.875 	0.000500626 	9.53195e-05 	2
47.9375 	0.000413829 	8.23992e-05 	2
48.0 	0.000407346 	7.64637e-05 	2
48.0625 	0.000442305 	8.58993e-05 	2
48.125 	0.000351172 	6.1937e-05 	2
48.1875 	0.00050794 	9.74614e-05 	3
48.25 	0.000238812 	7.53423e-05 	1
48.3125 	0.000541833 	6.68965e-05 	3
48.375 	0.0004816 	7.65518e-05 	2
48.4375 	0.000584982 	7.04571e-05 	5
48.5 	0.000255585 	9.25321e-05 	2
48.5625 	0.000235645 	6.80656e-05 	1
48.625 	0.000469377 	5.1192e-05 	2
48.6875 	0.000308099 	5.44274e-05 	2
48.75 	0.000559498 	5.7005e-05 	3
48.8125 	0.000357614 	8.44638e-05 	3
48.875 	0.000592919 	8.73163e-05 	5
48.9375 	0.000758319 	9.85989e-05 	6
49.0 	0.000659955 	9.53111e-05 	2
49.0625 	0.000457311 	5.08449e-05 	4
49.125 	0.000570689 	8.08107e-05 	2
49.1875 	0.000560248 	8.84677e-05 	3
49.25 	0.000523757 	6.0309e-05 	2
49.3125 	0.000667301 	9.34962e-05 	4
49.375 	0.000314201 	6.22055e-05 	2
49.4375 	0.000818342 	8.79418e-05 	6
49.5 	0.000676533 	9.7285e-05 	4
49.5625 	0.000378563 	6.92879e-05 	2
49.625 	0.000338681 	6.48973e-05 	4
49.6875 	0.000418137 	6.14571e-05 	2
49.75 	0.000229449 	5.50586e-05 	2
49.9375 	0.00050528 	5.46102e-05 	3
50.0625 	0.000743101 	7.93048e-05 	4
50.125 	0.000628684 	8.07331e-05 	3
50.1875 	0.000346961 	8.06883e-05 	2
50.25 	0.000602039 	9.3461e-05 	5
50.3125 	0.000648199 	5.97564e-05 	6
50.375 	0.000411437 	8.40729e-05 	4
50.4375 	0.000530618 	9.91294e-05 	2
50.5 	0.000507176 	6.62088e-05 	3
50.5625 	0.000710347 	6.05544e-05 	4
50.625 	0.000743004 	9.85769e-05 	2
50.6875 	0.000486551 	6.45969e-05 	3
50.75 	0.000519364 	7.78421e-05 	4
50.8125 	0.000545171 	6.22812e-05 	4
50.875 	0.000425263 	9.22494e-05 	1
50.9375 	0.00056622 	6.48704e-05 	2
51.0 	0.000641023 	6.36273e-05 	4
51.0625 	0.000559424 	5.425e-05 	2
51.125 	0.000708846 	9.11274e-05 	4
51.1875 	0.000895349 	8.70622e-05 	6
51.25 	0.000564017 	5.03088e-05 	2
51.3125 	0.000568452 	5.50867e-05 	2
51.375 	0.00054771 	8.89011e-05 	3
51.4375 	0.000412448 	6.28048e-05 	2
51.5 	0.000623104 	9.81418e-05 	3
51.5625 	0.000442375 	9.78846e-05 	1
51.625 	0.000390941 	7.7066e-05 	2
51.6875 	0.00050183 	6.32266e-05 	2
51.75 	0.000410004 	6.18962e-05 	3
51.8125 	0.000423799 	6.14064e-05 	2
51.875 	0.000549642 	4.88179e-05 	4
52.0 	0.000414665 	7.6533e-05 	2
52.0625 	0.000640672 	8.17214e-05 	4
52.125 	0.00035076 	6.47329e-05 	1
52.1875 	0.000433991 	9.12895e-05 	3
52.25 	0.00073368 	9.42733e-05 	2
52.3125 	0.000576165 	7.45647e-05 	3
52.375 	0.000346189 	4.13951e-05 	4
52.4375 	0.0008381 	8.88374e-05 	4
52.5 	0.000523112 	6.08182e-05 	4
52.5625 	0.00042477 	9.61455e-05 	1
52.625 	0.000595236 	7.43338e-05 	3
52.6875 	0.000356774 	7.77348e-05 	2
52.75 	0.000440945 	8.77977e-05 	3
52.8125 	0.000447687 	7.07913e-05 	4
52.875 	0.000405569 	6.24364e-05 	2
52.9375 	0.000338944 	7.22755e-05 	2
53.0 	0.000439055 	7.75654e-05 	2
53.0625 	0.000456677 	8.56055e-05 	2
53.125 	0.000388464 	5.45518e-05 	2
53.1875 	0.000506214 	5.74584e-05 	5
53.25 	0.000405983 	8.8762e-05 	2
53.3125 	0.00047717 	7.73523e-05 	1
53.375 	0.000453267 	9.31501e-05 	2
53.5 	0.00061072 	9.99798e-05 	4
53.5625 	0.00055172 	7.79658e-05 	2
53.625 	0.000265948 	8.94504e-05 	1
53.6875 	0.000369701 	6.94954e-05 	1
53.75 	0.000702336 	6.91352e-05 	4
53.8125 	0.000261965 	5.12838e-05 	2
53.875 	0.000267207 	3.16341e-05 	2
53.9375 	0.000472732 	9.01322e-05 	1
54.0 	0.000531761 	5.76517e-05 	3
54.0625 	0.000646905 	9.84716e-05 	2
54.125 	0.000539248 	7.95416e-05 	3
54.1875 	0.000478536 	8.2602e-05 	3
54.25 	0.000410958 	2.93789e-05 	3
54.3125 	0.000446408 	7.76436e-05 	2
54.375 	0.000541151 	5.42547e-05 	3
54.4375 	0.000554203 	9.87302e-05 	3
54.5 	0.000825113 	9.89227e-05 	4
54.5625 	0.000524956 	7.64838e-05 	4
54.625 	0.000524065 	5.93383e-05 	4
54.6875 	0.000536256 	8.55206e-05 	2
54.75 	0.000385517 	2.45257e-05 	3
54.8125 	0.000633365 	9.53696e-05 	5
54.875 	0.000335663 	6.20345e-05 	2
54.9375 	0.000620173 	8.2238e-05 	2
55.0 	0.000401324 	6.28869e-05 	2
55.0625 	0.000436374 	9.84591e-05 	1
55.125 	0.000387695 	7.48573e-05 	2
55.1875 	0.000423882 	9.75753e-05 	2
55.3125 	0.000337017 	7.01184e-05 	2
55.375 	0.000511427 	8.78589e-05 	2
55.4375 	0.00026048 	4.72237e-05 	1
55.5 	0.000631059 	7.98e-05 	4
55.5625 	0.000371537 	6.09956e-05 	4
55.625 	0.000501384 	8.38507e-05 	3
55.6875 	0.000329306 	9.66421e-05 	1
55.75 	0.000614948 	9.76675e-05 	5
55.8125 	0.000662725 	6.51437e-05 	4
55.875 	0.000539083 	8.31194e-05 	3
55.9375 	0.00054153 	8.66242e-05 	2
56.0 	0.000394987 	9.2053e-05 	2
56.0625 	0.000494797 	8.71116e-05 	2
56.125 	0.000592193 	8.46978e-05 	2
56.1875 	0.000370257 	9.88856e-05 	1
56.25 	0.000757974 	7.55048e-05 	4
56.3125 	0.000629399 	8.10732e-05 	4
56.375 	0.000585336 	7.41671e-05 	4
56.4375 	0.000706876 	6.59208e-05 	4
56.5 	0.000605269 	7.94237e-05 	3
56.5625 	0.000751428 	7.28868e-05 	4
56.625 	0.000358763 	9.70361e-05 	2
56.6875 	0.000465499 	5.7268e-05 	3
56.75 	0.00109514 	7.96292e-05 	8
56.8125 	0.000627372 	6.95188e-05 	6
56.875 	0.000451961 	7.87199e-05 	3
56.9375 	0.000431388 	4.25755e-05 	3
57.0 	0.000722419 	9.2152e-05 	7
57.0625 	0.000546283 	7.44864e-05 	2
57.125 	0.000639871 	9.69744e-05 	4
57.1875 	0.000400189 	7.02719e-05 	2
57.25 	0.000602868 	8.5482e-05 	3
57.3125 	0.000657023 	9.83029e-05 	2
57.375 	0.00050811 	7.48868e-05 	3
57.4375 	0.000815576 	7.6386e-05 	4
57.5 	0.00035279 	8.42663e-05 	3
57.5625 	0.000418588 	9.20501e-05 	2
57.625 	0.000440029 	8.10376e-05 	2
57.6875 	0.000580836 	8.40736e-05 	3
57.75 	0.000469031 	5.51941e-05 	2
57.8125 	0.000550083 	6.64979e-05 	3
57.875 	0.000259157 	3.54959e-05 	2
57.9375 	0.000682317 	7.40734e-05 	6
58.0 	0.00065944 	9.97908e-05 	4
58.0625 	0.000762642 	9.02963e-05 	7
58.125 	0.000448895 	5.75292e-05 	3
58.1875 	0.00046516 	5.19609e-05 	3
58.25 	0.000369958 	8.68365e-05 	2
58.3125 	0.000440513 	9.80451e-05 	2
58.375 	0.000517567 	7.79871e-05 	3
58.4375 	0.00058773 	8.2583e-05 	3
58.5 	0.000566253 	5.44225e-05 	2
58.5625 	0.000545736 	8.57751e-05 	2
58.625 	0.000210952 	4.17597e-05 	2
58.6875 	0.000554112 	7.87536e-05 	4
58.75 	0.000532099 	9.54198e-05 	2
58.8125 	0.000441258 	9.24866e-05 	2
58.875 	0.000538372 	6.53714e-05 	3
58.9375 	0.000417842 	8.71551e-05 	1
59.0 	0.00049536 	7.66171e-05 	3
59.0625 	0.000304588 	9.61121e-05 	1
59.125 	0.000695669 	5.7072e-05 	4
59.1875 	0.000594541 	5.32768e-05 	6
59.25 	0.000337805 	4.39041e-05 	2
59.3125 	0.000574723 	6.2912e-05 	3
59.375 	0.000521511 	4.4662e-05 	3
59.4375 	0.000550422 	7.65559e-05 	2
59.5 	0.000208083 	6.18645e-05 	1
59.5625 	0.000478403 	9.2087e-05 	2
59.625 	0.000440556 	7.25072e-05 	2
59.6875 	0.000663031 	9.21849e-05 	5
59.75 	0.000367413 	7.84275e-05 	1
59.8125 	0.000354143 	9.389e-05 	2
59.875 	0.000705267 	8.30825e-05 	4
59.9375 	0.00060069 	6.29329e-05 	6
60.0 	0.000831766 	5.32117e-05 	4
60.0625 	0.000294895 	5.87015e-05 	2
60.125 	0.000329727 	8.43629e-05 	2
60.25 	0.000309012 	9.41746e-05 	1
60.3125 	0.000606796 	5.59292e-05 	2
60.375 	0.000359774 	6.6898e-05 	2
60.4375 	0.000592054 	9.32636e-05 	4
60.5 	0.000488487 	8.72215e-05 	3
60.5625 	0.000467516 	4.97483e-05 	4
60.625 	0.000545391 	8.64115e-05 	4
60.6875 	0.00082526 	9.55745e-05 	7
60.75 	0.000494173 	8.33386e-05 	3
60.8125 	0.000647835 	6.8082e-05 	4
60.875 	0.000427688 	5.21124e-05 	3
60.9375 	0.000627588 	7.63834e-05 	5
61.0 	0.000797741 	9.4194e-05 	6
61.0625 	0.00049439 	8.70958e-05 	2
61.125 	0.00039103 	9.6668e-05 	3
61.1875 	0.000716397 	5.38716e-05 	4
61.25 	0.000647123 	9.72087e-05 	5
61.3125 	0.000591262 	9.73207e-05 	4
61.375 	0.000803128 	7.53135e-05 	4
61.4375 	0.000423038 	8.9484e-05 	2
61.5 	0.000347205 	5.52609e-05 	2
61.5625 	0.000493793 	6.36256e-05 	4
61.625 	0.000762621 	8.44741e-05 	8
61.6875 	0.000654583 	6.32909e-05 	4
61.75 	0.000568116 	8.54925e-05 	6
61.8125 	0.000760775 	8.0654e-05 	4
61.875 	0.000345991 	7.65001e-05 	2
61.9375 	0.000690787 	9.94397e-05 	3
62.0 	0.000314485 	8.50983e-05 	2
62.0625 	0.000742559 	5.1368e-05 	4
62.125 	0.000529423 	9.70047e-05 	3
62.1875 	0.000469246 	7.71774e-05 	2
62.25 	0.000544768 	8.4018e-05 	2
62.3125 	0.000440929 	8.13068e-05 	3
62.375 	0.00048488 	8.11077e-05 	2
62.4375 	0.000716141 	8.03037e-05 	4
62.5 	0.000366697 	5.46016e-05 	2
62.5625 	0.000508488 	8.58042e-05 	2
62.6875 	0.00024426 	4.11695e-05 	2
62.75 	0.000443803 	9.099e-05 	2
62.8125 	0.000362838 	5.76264e-05 	3
62.875 	0.000544968 	8.25927e-05 	3
62.9375 	0.000584013 	7.90527e-05 	2
63.0 	0.000353384 	9.33665e-05 	2
63.0625 	0.0003137 	3.96939e-05 	2
63.125 	0.000430181 	9.85658e-05 	1
63.1875 	0.000446051 	8.09583e-05 	4
63.25 	0.000604361 	8.61414e-05 	4
63.3125 	0.000427007 	4.80517e-05 	4
63.375 	0.000551792 	7.17009e-05 	3
63.4375 	0.0003216 	7.52844e-05 	2
63.5 	0.000754836 	7.85697e-05 	6
63.5625 	0.000491243 	7.79806e-05 	2
63.625 	0.000691557 	6.29859e-05 	4
63.6875 	0.000250725 	7.27414e-05 	1
63.75 	0.000337621 	7.63618e-05 	2
63.8125 	0.00079476 	6.69378e-05 	4
63.875 	0.000327512 	7.24687e-05 	1
63.9375 	0.000251734 	8.37562e-05 	1
64.0 	0.000515909 	9.06136e-05 	2
64.0625 	0.000652012 	6.36665e-05 	6
64.125 	0.000806943 	9.91085e-05 	2
64.1875 	0.000240616 	8.04064e-05 	1
64.25 	0.000541126 	6.13829e-05 	3
64.3125 	0.000407307 	9.99482e-05 	2
64.375 	0.000239818 	4.69609e-05 	2
64.4375 	0.00025752 	6.50825e-05 	1
64.5 	0.000532684 	9.30903e-05 	2
64.5625 	0.000726934 	9.16484e-05 	5
64.625 	0.000627792 	4.3735e-05 	3
64.6875 	0.000455843 	9.79344e-05 	2
64.75 	0.00049655 	7.85284e-05 	2
64.8125 	0.000232824 	4.75761e-05 	2
64.875 	0.000534955 	6.80413e-05 	3
64.9375 	0.000278344 	7.00428e-05 	2
65.0 	0.000512964 	9.98601e-05 	4
65.0625 	0.000744656 	9.0651e-05 	6
65.125 	0.000404021 	7.64827e-05 	2
65.1875 	0.00041303 	7.00348e-05 	2
65.25 	0.000308275 	6.45427e-05 	2
65.375 	0.000484364 	4.85031e-05 	3
65.4375 	0.000338544 	7.49881e-05 	2
65.5 	0.000577922 	6.11501e-05 	2
65.625 	0.000389577 	6.40752e-05 	2
65.6875 	0.000715698 	7.89251e-05 	5
65.75 	0.000696792 	9.18555e-05 	2
65.8125 	0.000424848 	8.7311e-05 	2
65.875 	0.00058775 	7.10927e-05 	2
65.9375 	0.000455012 	9.88638e-05 	1
66.0 	0.000328903 	7.01949e-05 	2
66.0625 	0.000423086 	4.89182e-05 	2
66.125 	0.000711845 	7.98637e-05 	5
66.1875 	0.000434019 	9.99567e-05 	2
66.25 	0.000646409 	9.97186e-05 	3
66.3125 	0.000757525 	8.43788e-05 	4
66.375 	0.00073387 	8.57004e-05 	6
66.4375 	0.000673078 	7.18003e-05 	3
66.5 	0.000467362 	7.74127e-05 	3
66.5625 	0.000645258 	8.03206e-05 	4
66.625 	0.000637351 	7.07332e-05 	3
66.75 	0.000259654 	5.72353e-05 	2
66.8125 	0.000697252 	9.3387e-05 	4
66.875 	0.00068191 	6.58602e-05 	4
66.9375 	0.000338589 	7.94006e-05 	2
67.0 	0.000510015 	9.76375e-05 	4
67.125 	0.000616516 	9.15703e-05 	3
67.1875 	0.000719859 	8.02533e-05 	4
67.25 	0.000385012 	5.70701e-05 	3
67.3125 	0.000424075 	7.01468e-05 	2
67.375 	0.000409788 	8.82141e-05 	3
67.4375 	0.00044183 	5.48796e-05 	3
67.5 	0.000343616 	5.47739e-05 	3
67.5625 	0.000614826 	8.47851e-05 	5
67.625 	0.000256363 	8.94177e-05 	1
67.6875 	0.00074554 	9.29984e-05 	7
67.8125 	0.000530499 	7.42131e-05 	3
67.875 	0.000436907 	4.20944e-05 	3
67.9375 	0.000413082 	8.47396e-05 	2
68.0 	0.000639093 	9.39926e-05 	3
68.0625 	0.000419301 	7.13082e-05 	2
68.125 	0.000483483 	6.93503e-05 	2
68.1875 	0.000551458 	5.34129e-05 	2
68.25 	0.00042763 	7.8813e-05 	1
68.3125 	0.000382922 	7.03134e-05 	1
68.375 	0.00060052 	8.4176e-05 	3
68.4375 	0.000596347 	7.79351e-05 	3
68.5 	0.000259813 	8.96535e-05 	2
68.5625 	0.000950653 	9.53188e-05 	6
68.625 	0.000507632 	9.67171e-05 	3
68.6875 	0.000249232 	6.77728e-05 	2
68.75 	0.000584829 	6.75665e-05 	3
68.8125 	0.000593009 	8.93044e-05 	4
68.875 	0.000386109 	8.16999e-05 	2
68.9375 	0.000232624 	4.4475e-05 	1
69.0 	0.000773173 	9.85118e-05 	3
69.0625 	0.000402407 	9.01675e-05 	3
69.125 	0.000621231 	8.98007e-05 	5
69.1875 	0.000370009 	5.84653e-05 	3
69.25 	0.000492915 	8.44397e-05 	2
69.3125 	0.000648615 	7.7492e-05 	3
69.375 	0.000455253 	6.69096e-05 	3
69.4375 	0.000306583 	8.91017e-05 	1
69.5 	0.000490371 	9.11091e-05 	3
69.5625 	0.000892638 	9.27901e-05 	5
69.625 	0.000651113 	6.29524e-05 	5
69.6875 	0.000442612 	9.54845e-05 	2
69.75 	0.000432713 	5.12953e-05 	3
69.8125 	0.000497388 	9.53952e-05 	2
69.875 	0.000434053 	5.33899e-05 	3
69.9375 	0.000520624 	5.59739e-05 	3
70.0 	0.000451951 	9.3804e-05 	1
