# time 	Initial 	Final 	Iterations
1.2e-06 	7.15864e-05 	7.15864e-05 	0
2.64e-06 	9.99861e-05 	9.99861e-05 	0
4.368e-06 	4.2137e-05 	4.2137e-05 	0
6.4416e-06 	7.8779e-05 	7.8779e-05 	0
8.92992e-06 	9.25455e-05 	9.25455e-05 	0
1.19159e-05 	7.24522e-05 	7.24522e-05 	0
1.54991e-05 	7.12433e-05 	7.12433e-05 	0
1.97989e-05 	7.00905e-05 	7.00905e-05 	0
2.49587e-05 	4.36747e-05 	4.36747e-05 	0
3.11504e-05 	7.19486e-05 	7.19486e-05 	0
3.85805e-05 	8.22462e-05 	8.22462e-05 	0
4.74965e-05 	7.81042e-05 	7.81042e-05 	0
5.81958e-05 	7.70227e-05 	7.70227e-05 	0
7.1035e-05 	9.28493e-05 	9.28493e-05 	0
8.6442e-05 	7.57886e-05 	7.57886e-05 	0
0.00010493 	6.22922e-05 	6.22922e-05 	0
0.000127116 	6.99727e-05 	6.99727e-05 	0
0.00015374 	8.90693e-05 	8.90693e-05 	0
0.000185688 	8.37719e-05 	8.37719e-05 	0
0.000224025 	8.82438e-05 	8.82438e-05 	0
0.00027003 	2.74495e-05 	2.74495e-05 	0
0.000325236 	3.02872e-05 	3.02872e-05 	0
0.000391483 	2.16518e-05 	2.16518e-05 	0
0.00047098 	6.51875e-05 	6.51875e-05 	0
0.000566376 	4.5929e-05 	4.5929e-05 	0
0.00068085 	4.64514e-05 	4.64514e-05 	0
0.000818221 	4.27693e-05 	4.27693e-05 	0
0.000983063 	4.20383e-05 	4.20383e-05 	0
0.00118087 	4.59544e-05 	4.59544e-05 	0
0.00141824 	4.20299e-05 	4.20299e-05 	0
0.0017031 	4.11749e-05 	4.11749e-05 	0
0.00204491 	5.45309e-05 	5.45309e-05 	0
0.00245508 	5.61146e-05 	5.61146e-05 	0
0.0029473 	5.05004e-05 	5.05004e-05 	0
0.00353797 	5.66458e-05 	5.66458e-05 	0
0.00424679 	6.74117e-05 	6.74117e-05 	0
0.00509742 	9.74147e-05 	9.74147e-05 	0
0.00611825 	9.00152e-05 	9.00152e-05 	0
0.00734314 	8.89273e-05 	8.89273e-05 	0
0.00881286 	6.96837e-05 	6.96837e-05 	0
0.0105765 	8.14151e-05 	8.14151e-05 	0
0.0126925 	6.82287e-05 	6.82287e-05 	0
0.0152319 	7.65996e-05 	7.65996e-05 	0
0.0182788 	6.35345e-05 	6.35345e-05 	0
0.0219337 	2.93167e-05 	2.93167e-05 	0
0.0263197 	9.06171e-05 	9.06171e-05 	0
0.0315829 	4.94455e-05 	4.94455e-05 	0
0.037896 	9.32516e-05 	9.32516e-05 	0
0.0454717 	4.95101e-05 	4.95101e-05 	0
0.0545626 	4.43628e-05 	4.43628e-05 	0
0.0654797 	6.66643e-05 	6.66643e-05 	0
0.0785686 	8.46556e-05 	8.46556e-05 	0
0.094292 	7.71636e-05 	7.71636e-05 	0
0.11316 	8.72762e-05 	8.72762e-05 	0
0.135784 	0.000129281 	4.57723e-05 	1
0.162959 	6.27664e-05 	6.27664e-05 	0
0.195641 	0.000135334 	2.99369e-05 	1
0.235021 	0.000171875 	1.07638e-05 	1
0.280839 	0.000290145 	1.29794e-05 	1
0.333274 	0.000581014 	2.56787e-05 	1
0.392346 	0.000765072 	2.95508e-05 	1
0.455465 	0.000799448 	2.86923e-05 	1
0.517719 	0.000624601 	2.88152e-05 	1
0.579973 	0.000448407 	1.68476e-05 	1
0.642226 	0.000363823 	5.8219e-05 	1
0.70448 	0.000333139 	2.70859e-05 	1
0.766734 	0.000350334 	4.05035e-05 	1
0.828988 	0.000201904 	2.60922e-05 	1
0.891242 	0.000186088 	3.42635e-05 	1
0.953496 	0.000214033 	8.22375e-05 	1
1.01575 	0.000174717 	3.61288e-05 	1
1.078 	0.000138518 	5.33242e-05 	1
1.14026 	0.000142233 	4.30121e-05 	1
1.20251 	0.000160647 	6.63317e-05 	1
1.26477 	0.000107644 	4.96861e-05 	1
1.32702 	0.000145438 	3.67412e-05 	1
1.38927 	0.000379004 	6.81683e-05 	1
1.45153 	0.000311857 	8.24047e-05 	2
1.51378 	0.000307273 	6.00343e-05 	1
1.57604 	0.00030298 	6.81674e-05 	1
1.63829 	0.000255352 	6.89823e-05 	1
1.70054 	0.000166534 	4.08251e-05 	1
1.7628 	0.000222746 	6.47286e-05 	1
1.82505 	9.06437e-05 	9.06437e-05 	0
1.8873 	0.000122668 	1.94771e-05 	1
1.94956 	0.000126165 	6.58399e-05 	1
2.01181 	0.00024777 	5.02208e-05 	1
2.07407 	0.000135951 	1.79959e-05 	1
2.13632 	0.000110743 	6.67888e-05 	1
2.19857 	0.000124235 	6.56148e-05 	1
2.26083 	0.000315261 	9.77918e-05 	1
2.32308 	0.000213134 	2.42537e-05 	1
2.38534 	0.00040386 	9.58964e-05 	1
2.44759 	0.000147835 	5.34499e-05 	1
2.50984 	0.000211754 	3.48466e-05 	1
2.5721 	8.91265e-05 	8.91265e-05 	0
2.63435 	0.00012118 	3.33705e-05 	1
2.69661 	0.000216121 	7.43042e-05 	2
2.75886 	0.000135199 	5.98215e-05 	1
2.82111 	0.000140873 	5.16015e-05 	1
2.88337 	0.000159674 	2.85554e-05 	1
2.94562 	0.000181056 	2.91278e-05 	1
3.00787 	0.000209126 	8.83396e-05 	1
3.07013 	0.000108278 	2.48278e-05 	1
3.13238 	0.000344725 	9.1498e-05 	1
3.19464 	0.00013003 	5.52557e-05 	1
3.25689 	0.000117415 	5.35236e-05 	1
3.31914 	0.00029363 	4.15375e-05 	1
3.3814 	0.000179083 	4.88181e-05 	1
3.44365 	0.000147585 	5.82885e-05 	1
3.50591 	0.000163945 	5.3931e-05 	1
3.56816 	0.000274515 	8.56099e-05 	2
3.63041 	0.000220628 	5.1642e-05 	1
3.69267 	0.000201125 	9.26904e-05 	1
3.75492 	0.000314092 	8.25563e-05 	2
3.81718 	0.000410696 	7.9437e-05 	1
3.87943 	0.000168026 	9.35077e-05 	1
4.00394 	0.000116931 	5.11651e-05 	1
4.06619 	0.000277134 	4.90331e-05 	1
4.12845 	8.95474e-05 	8.95474e-05 	0
4.1907 	0.000241947 	7.05079e-05 	2
4.25295 	0.000215818 	4.09297e-05 	1
4.31521 	0.000197201 	4.6112e-05 	1
4.37746 	0.000104422 	2.22365e-05 	1
4.43971 	0.000151391 	2.87829e-05 	1
4.50197 	0.00023703 	4.04115e-05 	1
4.56422 	0.000229727 	5.97814e-05 	1
4.62648 	0.000316183 	7.17324e-05 	1
4.68873 	0.000200504 	6.83923e-05 	2
4.75098 	0.000263291 	9.25734e-05 	1
4.81324 	0.000159958 	5.27541e-05 	1
4.87549 	0.000317249 	6.94363e-05 	1
4.93775 	0.000143471 	4.53838e-05 	1
5.0 	0.00015345 	6.00167e-05 	1
5.0625 	0.00017835 	7.32501e-05 	1
5.125 	0.000111021 	8.42874e-05 	1
5.1875 	0.000198941 	4.7032e-05 	1
5.25 	0.000336073 	8.06774e-05 	1
5.3125 	0.000213175 	8.33244e-05 	1
5.375 	0.000118652 	4.66883e-05 	1
5.4375 	0.000129904 	5.08294e-05 	1
5.5 	0.000516848 	9.08464e-05 	1
5.5625 	0.000177327 	5.79122e-05 	1
5.625 	0.000198357 	3.68927e-05 	1
5.6875 	0.000264853 	9.94052e-05 	2
5.75 	0.000128281 	4.96319e-05 	1
5.8125 	0.000172244 	3.51981e-05 	1
5.875 	0.000398747 	6.2647e-05 	1
5.9375 	0.000103634 	3.42593e-05 	1
6.0 	0.000179746 	4.42474e-05 	1
6.0625 	0.000221239 	2.49296e-05 	1
6.125 	0.000172989 	9.52752e-05 	1
6.1875 	0.000334303 	6.35672e-05 	1
6.25 	0.000129399 	4.81252e-05 	1
6.3125 	0.000206951 	4.22951e-05 	1
6.375 	0.000114353 	4.78189e-05 	1
6.4375 	0.000126123 	7.30485e-05 	1
6.5625 	0.000191242 	5.07487e-05 	1
6.625 	0.000140734 	4.80302e-05 	1
6.6875 	0.00013697 	2.33062e-05 	1
6.75 	0.000249614 	7.17885e-05 	2
6.8125 	0.000445698 	7.22215e-05 	1
6.875 	0.00025525 	6.7062e-05 	2
6.9375 	0.000374951 	6.68475e-05 	1
7.0 	0.000115488 	4.40092e-05 	1
7.0625 	0.000192038 	3.8477e-05 	1
7.125 	0.000155292 	7.07912e-05 	1
7.1875 	9.88081e-05 	9.88081e-05 	0
7.25 	0.000185552 	2.6342e-05 	1
7.375 	0.000182816 	5.51874e-05 	1
7.4375 	0.000272568 	7.16571e-05 	1
7.5625 	0.00016159 	7.51007e-05 	1
7.625 	0.000260375 	8.75537e-05 	3
7.6875 	0.000301553 	5.53487e-05 	1
7.75 	0.000129276 	5.13263e-05 	1
7.8125 	0.000232186 	7.02496e-05 	1
7.875 	0.000254377 	9.1289e-05 	1
7.9375 	0.0001756 	7.56205e-05 	2
8.0 	0.000179838 	9.0608e-05 	1
8.0625 	0.00012289 	6.60462e-05 	1
8.125 	0.000222405 	3.49268e-05 	1
8.1875 	0.000393674 	6.7264e-05 	1
8.25 	0.000127832 	6.33703e-05 	1
8.3125 	0.000153552 	4.64189e-05 	1
8.375 	0.00027145 	8.82823e-05 	1
8.4375 	0.000123268 	4.16873e-05 	1
8.5 	0.000310544 	3.91189e-05 	1
8.5625 	0.000175307 	6.98565e-05 	1
8.625 	0.000123508 	5.25814e-05 	1
8.8125 	0.000131827 	3.72205e-05 	1
8.875 	0.000268887 	9.62368e-05 	1
8.9375 	0.000183335 	5.23567e-05 	1
9.0 	0.000122735 	4.16855e-05 	1
9.0625 	0.000262289 	5.89023e-05 	1
9.125 	0.00034322 	9.95413e-05 	1
9.1875 	0.00017389 	5.31208e-05 	1
9.25 	0.000277787 	8.09851e-05 	1
9.3125 	0.000201042 	4.43106e-05 	1
9.375 	0.000137069 	4.21053e-05 	1
9.4375 	0.000222756 	3.61399e-05 	1
9.5 	0.000188828 	5.98893e-05 	1
9.5625 	0.00018482 	7.60887e-05 	1
9.625 	0.000193379 	8.4594e-05 	1
9.6875 	0.000225382 	8.13792e-05 	1
9.75 	0.000144544 	5.22919e-05 	1
9.8125 	0.000251698 	9.13875e-05 	1
9.875 	0.000207938 	5.94578e-05 	2
9.9375 	0.000189754 	6.85358e-05 	1
10.0 	0.000155056 	9.39425e-05 	1
10.0625 	0.000276191 	6.0812e-05 	2
10.125 	0.000224221 	7.7582e-05 	1
10.1875 	0.00019828 	3.82753e-05 	1
10.25 	0.000238276 	7.73476e-05 	1
10.3125 	0.000138133 	6.6127e-05 	1
10.375 	0.00024728 	6.35222e-05 	1
10.5 	0.000143744 	4.8142e-05 	1
10.5625 	0.000282895 	7.97109e-05 	1
10.625 	0.000313793 	7.30889e-05 	1
10.6875 	0.000120377 	6.03374e-05 	1
10.75 	0.000126263 	2.36253e-05 	1
10.8125 	0.0001402 	5.16751e-05 	1
10.875 	0.000132239 	8.41046e-05 	1
10.9375 	0.000205901 	9.46858e-05 	1
11.0 	0.000137839 	3.92218e-05 	1
11.0625 	8.36318e-05 	8.36318e-05 	0
11.125 	0.000184145 	4.04469e-05 	1
11.1875 	0.000179824 	4.52381e-05 	1
11.25 	0.000193521 	6.67045e-05 	2
11.3125 	0.000153819 	5.35477e-05 	1
11.375 	0.000325433 	7.48623e-05 	1
11.4375 	0.000158713 	3.54342e-05 	1
11.5 	0.00015446 	5.61988e-05 	1
11.5625 	0.00020495 	4.27053e-05 	2
11.625 	0.000134296 	4.20182e-05 	1
11.6875 	0.000114702 	6.34617e-05 	1
11.75 	0.000144744 	8.50594e-05 	1
11.8125 	0.000191295 	3.85603e-05 	1
11.875 	0.000185081 	6.92965e-05 	1
11.9375 	0.000152082 	3.19295e-05 	1
12.0 	0.000114628 	3.42083e-05 	1
12.0625 	0.000205924 	7.92333e-05 	1
12.125 	0.00027015 	2.81441e-05 	1
12.1875 	0.000131248 	4.13369e-05 	1
12.25 	0.00019014 	9.58495e-05 	1
12.3125 	0.000115268 	1.77679e-05 	1
12.375 	9.324e-05 	9.324e-05 	0
12.4375 	0.000199075 	3.30645e-05 	1
12.5625 	0.000186438 	4.77076e-05 	1
12.625 	0.000259028 	5.1943e-05 	1
12.6875 	0.000244422 	8.97292e-05 	3
12.75 	0.000189089 	8.18609e-05 	1
12.8125 	0.000175487 	4.30114e-05 	1
12.875 	0.000210838 	6.04029e-05 	2
12.9375 	0.000185391 	5.66639e-05 	2
13.0 	0.00032801 	6.84736e-05 	2
13.0625 	0.000465967 	6.77654e-05 	1
13.125 	0.000240236 	6.62192e-05 	1
13.1875 	0.000366579 	8.55501e-05 	1
13.25 	0.000151201 	8.58249e-05 	1
13.3125 	0.000277918 	9.93108e-05 	2
13.375 	0.000169672 	4.06697e-05 	1
13.4375 	0.000133663 	3.5544e-05 	1
13.5 	8.79346e-05 	8.79346e-05 	0
13.5625 	0.000179702 	7.20537e-05 	1
13.625 	0.000210393 	6.83358e-05 	1
13.6875 	0.000414551 	5.90066e-05 	1
13.75 	0.00014898 	2.69479e-05 	1
13.8125 	0.000128206 	9.27513e-05 	1
13.875 	0.000141335 	4.855e-05 	1
13.9375 	8.67522e-05 	8.67522e-05 	0
14.0 	0.000104941 	3.35751e-05 	1
14.0625 	0.000213086 	6.13151e-05 	1
14.125 	0.000225046 	5.36099e-05 	1
14.1875 	0.000118376 	7.71458e-05 	1
14.25 	0.000115178 	5.74772e-05 	1
14.3125 	0.000319296 	7.63923e-05 	1
14.375 	0.000450754 	6.81362e-05 	1
14.4375 	0.000268356 	7.0881e-05 	1
14.5 	0.000371792 	9.06471e-05 	1
14.5625 	0.000158685 	4.52684e-05 	2
14.625 	0.000219612 	5.44079e-05 	1
14.6875 	0.000286591 	5.81261e-05 	1
14.75 	0.000230135 	3.93306e-05 	1
14.8125 	0.000329112 	8.06977e-05 	1
14.875 	0.000213075 	8.92251e-05 	1
14.9375 	0.000163548 	2.8848e-05 	2
15.0 	0.000132886 	8.28378e-05 	1
15.0625 	0.000112299 	7.28149e-05 	1
15.1875 	0.000188127 	5.29831e-05 	1
15.25 	0.000340263 	6.83915e-05 	1
15.3125 	0.000126166 	6.05106e-05 	1
15.375 	0.000125011 	4.20252e-05 	1
15.4375 	0.00019079 	3.34516e-05 	1
15.5 	0.000255601 	8.08573e-05 	1
15.5625 	0.000187841 	3.93193e-05 	1
15.625 	0.000245357 	4.8319e-05 	1
15.6875 	0.000250759 	6.67941e-05 	1
15.75 	0.000215973 	6.32236e-05 	2
15.8125 	0.000251209 	8.13687e-05 	1
15.875 	0.000117934 	5.71587e-05 	2
15.9375 	0.000320445 	9.25017e-05 	2
16.0 	0.000188054 	5.88398e-05 	1
16.0625 	0.000127057 	4.91068e-05 	1
16.125 	0.000184687 	5.97481e-05 	1
16.1875 	0.00011102 	6.03767e-05 	1
16.25 	0.000296183 	9.18935e-05 	1
16.3125 	0.000169605 	5.59402e-05 	2
16.375 	0.000268877 	5.97697e-05 	1
16.4375 	0.000124794 	3.48445e-05 	1
16.5 	0.000142242 	5.55375e-05 	1
16.5625 	0.000181525 	6.18772e-05 	1
16.625 	0.000127896 	5.25772e-05 	1
16.6875 	0.000375141 	6.68016e-05 	1
16.75 	0.000231236 	6.60892e-05 	1
16.8125 	0.000136641 	2.49829e-05 	1
16.875 	0.000190147 	6.66231e-05 	1
16.9375 	0.000210511 	7.97292e-05 	1
17.0 	0.000430096 	9.75937e-05 	1
17.0625 	0.000113861 	5.78936e-05 	1
17.125 	0.000202581 	6.9929e-05 	1
17.1875 	0.000133611 	5.66161e-05 	1
17.25 	0.000256144 	6.44488e-05 	1
17.3125 	0.000275604 	7.06434e-05 	2
17.375 	8.00198e-05 	8.00198e-05 	0
17.4375 	0.000122021 	4.32828e-05 	1
17.5 	0.000148514 	4.5543e-05 	1
17.5625 	0.000287998 	5.52105e-05 	1
17.625 	9.04608e-05 	9.04608e-05 	0
17.6875 	0.000130135 	7.31616e-05 	1
17.75 	0.00026332 	6.074e-05 	1
17.8125 	0.000316311 	3.53643e-05 	1
17.875 	0.000201045 	4.86206e-05 	1
17.9375 	0.000178697 	4.23993e-05 	1
18.0 	0.000111392 	2.25171e-05 	1
18.0625 	0.000201566 	7.81169e-05 	1
18.125 	0.00015638 	7.39917e-05 	1
18.1875 	0.000268709 	5.12322e-05 	1
18.25 	0.000267014 	7.84336e-05 	2
18.3125 	0.000100086 	2.11453e-05 	1
18.375 	0.000343936 	7.12341e-05 	1
18.4375 	0.000279014 	9.34278e-05 	1
18.5 	0.000415221 	7.01436e-05 	1
18.5625 	0.000140614 	6.62396e-05 	1
18.625 	0.000115008 	3.94722e-05 	1
18.6875 	0.000101983 	3.19009e-05 	1
18.75 	0.000216627 	5.29642e-05 	1
18.8125 	0.000140607 	6.16153e-05 	1
18.875 	0.000273921 	7.17189e-05 	2
18.9375 	0.000189432 	8.1885e-05 	1
19.0625 	0.000173921 	4.86222e-05 	1
19.125 	0.000316584 	8.68696e-05 	2
19.1875 	9.77035e-05 	9.77035e-05 	0
19.25 	0.000262991 	5.88137e-05 	1
19.3125 	0.000239442 	5.40519e-05 	1
19.375 	0.000184988 	4.43379e-05 	1
19.4375 	0.000221657 	6.05517e-05 	1
19.5 	0.000292913 	7.2275e-05 	1
19.5625 	0.00031754 	8.26245e-05 	2
19.625 	0.000145154 	5.84951e-05 	1
19.6875 	0.000135718 	3.21937e-05 	2
19.75 	0.000147552 	6.92383e-05 	1
19.8125 	0.000130014 	6.86183e-05 	1
19.875 	0.000263392 	4.28856e-05 	1
19.9375 	0.000126974 	4.03656e-05 	1
20.0 	0.0002434 	9.24856e-05 	2
20.0625 	0.00024777 	7.83691e-05 	2
20.125 	0.000197421 	5.30732e-05 	1
20.1875 	0.000347677 	5.21994e-05 	1
20.25 	0.000358056 	6.74503e-05 	1
20.3125 	0.00013055 	3.81698e-05 	1
20.375 	8.44995e-05 	8.44995e-05 	0
20.4375 	0.000126399 	6.94491e-05 	1
20.5 	0.000316816 	8.42149e-05 	2
20.5625 	9.06259e-05 	9.06259e-05 	0
20.625 	0.000164623 	7.63639e-05 	1
20.6875 	0.000173573 	5.49848e-05 	1
20.75 	0.000222243 	3.44113e-05 	1
20.8125 	0.000158327 	4.44085e-05 	1
20.875 	0.00029397 	7.63741e-05 	1
20.9375 	0.000161675 	3.42932e-05 	1
21.0 	0.000124459 	5.45544e-05 	1
21.0625 	0.000118484 	6.40567e-05 	1
21.125 	0.000289555 	8.03034e-05 	1
21.1875 	0.000265894 	7.08434e-05 	1
21.25 	0.000208961 	5.00555e-05 	1
21.3125 	0.000109059 	5.10755e-05 	1
21.375 	0.000145132 	4.62021e-05 	1
21.4375 	0.000271807 	8.39301e-05 	2
21.5 	0.000128198 	4.82425e-05 	1
21.5625 	0.00016587 	5.82065e-05 	1
21.625 	0.000292843 	6.88214e-05 	2
21.6875 	0.000271525 	4.76307e-05 	1
21.75 	0.000108387 	4.05723e-05 	1
21.8125 	0.000269304 	4.36342e-05 	1
21.875 	0.000289245 	5.80963e-05 	1
21.9375 	0.000364479 	8.41338e-05 	2
22.0 	0.000236312 	7.36582e-05 	1
22.0625 	0.000348239 	7.40536e-05 	3
22.125 	0.000232338 	8.45763e-05 	1
22.1875 	0.00013625 	3.69561e-05 	1
22.25 	0.000166491 	7.04429e-05 	1
22.3125 	0.000144015 	7.20912e-05 	1
22.375 	0.000111574 	3.26452e-05 	1
22.4375 	0.000209714 	5.52989e-05 	1
22.5 	0.000106925 	7.04871e-05 	1
22.625 	0.000173078 	6.72708e-05 	1
22.6875 	0.000280355 	4.02775e-05 	1
22.75 	0.000163485 	9.61298e-05 	1
22.8125 	0.000255055 	7.69194e-05 	1
22.875 	0.00010169 	5.32207e-05 	1
22.9375 	0.000293382 	8.82709e-05 	2
23.0 	0.000167136 	8.06488e-05 	1
23.0625 	0.00034143 	8.07041e-05 	1
23.125 	0.000135293 	7.47734e-05 	1
23.1875 	0.00020863 	7.57363e-05 	1
23.25 	0.000170073 	4.29943e-05 	1
23.3125 	0.000318881 	6.54495e-05 	2
23.375 	0.000267218 	6.43366e-05 	2
23.4375 	0.000292327 	5.14961e-05 	1
23.5 	0.000137626 	5.03782e-05 	1
23.5625 	0.000304537 	8.6902e-05 	3
23.625 	0.00019648 	4.72029e-05 	1
23.6875 	0.000198232 	7.80101e-05 	1
23.75 	0.000211488 	7.86658e-05 	1
23.8125 	0.000215301 	5.97066e-05 	1
23.875 	0.000119415 	3.27937e-05 	1
23.9375 	0.000211481 	8.0183e-05 	1
24.0 	0.000121533 	4.93494e-05 	1
24.0625 	0.000350929 	6.49597e-05 	1
24.125 	0.000174353 	2.17573e-05 	1
24.1875 	0.000286799 	3.56359e-05 	1
24.25 	0.000266013 	7.33947e-05 	1
24.3125 	0.000310671 	6.62823e-05 	4
24.375 	0.000157217 	5.30341e-05 	2
24.4375 	0.000121837 	6.94978e-05 	1
24.5 	0.000166626 	5.31729e-05 	1
24.5625 	0.00011326 	2.90397e-05 	1
24.625 	0.000145567 	4.96406e-05 	1
24.6875 	0.000127983 	6.26131e-05 	1
24.75 	0.000265548 	5.5437e-05 	2
24.8125 	0.000117297 	8.39307e-05 	1
24.875 	0.000243918 	9.19525e-05 	1
24.9375 	0.000358543 	7.97573e-05 	1
25.0 	0.000147928 	5.50528e-05 	1
25.0625 	0.000185381 	5.24082e-05 	1
25.125 	0.000174354 	2.81422e-05 	1
25.25 	0.000138923 	4.61618e-05 	1
25.3125 	0.000202417 	2.72086e-05 	1
25.375 	0.00023392 	6.30195e-05 	1
25.4375 	0.000257095 	8.03847e-05 	1
25.5 	0.000119286 	4.24285e-05 	1
25.5625 	0.000226338 	5.46127e-05 	1
25.625 	0.000283583 	6.12635e-05 	1
25.6875 	0.000159402 	9.41609e-05 	2
25.75 	0.000137484 	4.07191e-05 	1
25.8125 	0.000275739 	5.73529e-05 	1
25.875 	0.000125173 	3.33014e-05 	1
25.9375 	0.000123936 	4.25472e-05 	1
26.0 	0.000250929 	3.72192e-05 	1
26.0625 	0.000282493 	8.21825e-05 	1
26.125 	0.000128415 	4.35696e-05 	1
26.1875 	0.000265507 	9.04456e-05 	1
26.25 	0.000135191 	4.1254e-05 	1
26.3125 	0.000214841 	9.96292e-05 	1
26.375 	8.79777e-05 	8.79777e-05 	0
26.4375 	0.000119961 	5.17805e-05 	1
26.5 	0.000172775 	4.06093e-05 	1
26.5625 	0.000295226 	7.7419e-05 	1
26.625 	0.000263389 	9.07061e-05 	1
26.6875 	0.000300709 	9.48013e-05 	3
26.75 	0.000103377 	4.04806e-05 	1
26.8125 	0.000216681 	6.96303e-05 	1
26.875 	0.000334133 	5.67742e-05 	1
26.9375 	0.000205132 	5.29495e-05 	1
27.0 	0.000303717 	8.15739e-05 	1
27.0625 	0.000251458 	7.37008e-05 	3
27.125 	0.000397207 	8.92916e-05 	1
27.25 	0.000183755 	7.38433e-05 	2
27.3125 	0.000158977 	4.72012e-05 	1
27.375 	0.000130966 	6.06806e-05 	1
27.4375 	0.000119256 	3.82909e-05 	1
27.5 	0.000178804 	6.86402e-05 	1
27.5625 	0.00017028 	8.17904e-05 	1
27.625 	0.000167082 	3.34955e-05 	1
27.6875 	0.00019908 	3.23251e-05 	1
27.75 	0.000193955 	8.33675e-05 	2
27.8125 	0.000115144 	3.62365e-05 	1
27.875 	0.000154814 	8.65164e-05 	1
27.9375 	0.000208102 	7.10567e-05 	1
28.0 	0.000321546 	9.52373e-05 	3
28.0625 	0.000252819 	7.2854e-05 	1
28.125 	0.000150762 	5.78305e-05 	1
28.25 	0.000165746 	2.53604e-05 	1
28.3125 	0.000214447 	9.0924e-05 	1
28.375 	0.000193479 	7.98724e-05 	2
28.4375 	0.000176518 	4.73009e-05 	1
28.5 	0.000107414 	4.23999e-05 	1
28.5625 	0.000119431 	2.63435e-05 	1
28.625 	0.000122142 	5.15698e-05 	1
28.6875 	0.000212008 	6.04683e-05 	1
28.8125 	0.000157047 	6.65052e-05 	1
28.875 	0.000160052 	4.22541e-05 	1
28.9375 	0.000161879 	5.27135e-05 	1
29.0 	0.000161003 	5.17464e-05 	1
29.0625 	0.000147746 	5.80178e-05 	1
29.125 	0.000173215 	7.01758e-05 	2
29.1875 	0.000205293 	4.4904e-05 	1
29.25 	0.000152654 	4.97957e-05 	1
29.3125 	0.000279769 	4.52126e-05 	1
29.375 	0.000155693 	5.55813e-05 	1
29.4375 	0.000194398 	8.45997e-05 	1
29.5 	0.000133155 	5.29856e-05 	1
29.5625 	0.000167824 	5.16824e-05 	1
29.625 	0.000111915 	2.92565e-05 	1
29.6875 	0.0002257 	8.5609e-05 	1
29.75 	0.000250829 	6.8412e-05 	1
29.8125 	9.36212e-05 	9.36212e-05 	0
29.875 	0.000164826 	9.18142e-05 	1
29.9375 	8.48351e-05 	8.48351e-05 	0
30.0 	0.000150501 	6.12229e-05 	1
30.125 	0.000216214 	5.28669e-05 	1
30.1875 	0.000197435 	7.32975e-05 	1
30.25 	0.000127257 	6.05242e-05 	1
30.3125 	0.000287498 	4.76819e-05 	1
30.375 	0.000165176 	8.27821e-05 	1
30.4375 	0.000206859 	9.17196e-05 	1
30.5 	0.000139007 	7.76744e-05 	1
30.5625 	0.000196987 	5.34088e-05 	1
30.625 	0.000342456 	8.52708e-05 	1
30.6875 	0.00013863 	4.51867e-05 	1
30.75 	0.000167874 	5.83392e-05 	1
30.8125 	0.000104046 	5.44622e-05 	1
30.875 	0.000253811 	5.03375e-05 	1
30.9375 	0.000167054 	8.10603e-05 	1
31.0 	0.000213841 	4.1552e-05 	1
31.125 	0.000145929 	5.54057e-05 	1
31.1875 	0.00020358 	7.18284e-05 	1
31.25 	0.000386627 	8.51651e-05 	1
31.3125 	0.000171393 	6.86009e-05 	1
31.375 	0.000268349 	4.69398e-05 	1
31.5 	9.41543e-05 	9.41543e-05 	0
31.5625 	0.00015782 	7.81782e-05 	1
31.625 	0.000129087 	6.62014e-05 	1
31.6875 	0.000151135 	3.95243e-05 	1
31.75 	0.000176421 	9.08643e-05 	1
31.8125 	7.73616e-05 	7.73616e-05 	0
31.875 	0.000162497 	8.30676e-05 	1
31.9375 	0.000168483 	4.54056e-05 	2
32.0 	0.000243736 	8.92313e-05 	1
32.0625 	0.000192856 	7.7853e-05 	1
32.125 	0.00021237 	6.4293e-05 	1
32.1875 	0.000319067 	2.623e-05 	1
32.25 	0.00013287 	3.52608e-05 	1
32.3125 	0.000152065 	4.0758e-05 	1
32.375 	0.000335803 	6.95127e-05 	1
32.4375 	0.000292544 	6.26441e-05 	1
32.5 	0.000200925 	4.07629e-05 	1
32.5625 	0.000242876 	3.09144e-05 	1
32.625 	0.000147833 	4.7034e-05 	1
32.6875 	0.000253271 	6.4538e-05 	2
32.75 	0.000172602 	6.09819e-05 	1
32.8125 	0.000309827 	8.72896e-05 	1
32.875 	0.000316172 	6.14241e-05 	1
32.9375 	0.000151382 	2.56058e-05 	1
33.0 	0.000240316 	7.11696e-05 	1
33.0625 	0.000262813 	7.04182e-05 	1
33.125 	0.000124644 	4.67434e-05 	1
33.1875 	0.000221709 	6.65831e-05 	1
33.25 	0.000140766 	5.25786e-05 	1
33.3125 	0.000261659 	8.29127e-05 	1
33.375 	0.00020436 	4.22112e-05 	1
33.4375 	0.000144027 	6.86401e-05 	1
33.5 	0.000218173 	7.72558e-05 	1
33.5625 	0.00013114 	4.27062e-05 	1
33.625 	0.000263055 	8.46389e-05 	1
33.6875 	0.000192903 	4.66865e-05 	1
33.75 	0.000124462 	3.19288e-05 	1
33.8125 	0.000228233 	9.73099e-05 	2
33.875 	0.000305211 	5.68175e-05 	1
33.9375 	0.000167603 	3.81532e-05 	1
34.0 	0.000144916 	4.85339e-05 	1
34.0625 	0.000420193 	7.02319e-05 	1
34.125 	0.00017027 	8.0821e-05 	1
34.1875 	0.000334707 	6.68631e-05 	1
34.25 	0.000320843 	5.55871e-05 	1
34.3125 	0.000123738 	6.61504e-05 	1
34.375 	0.000138506 	3.05077e-05 	1
34.4375 	0.000133031 	3.71014e-05 	1
34.5 	0.000115223 	5.49259e-05 	1
34.5625 	0.000110486 	5.77242e-05 	1
34.625 	0.000202814 	8.42725e-05 	1
34.6875 	0.000384165 	7.90694e-05 	1
34.75 	0.000305215 	8.42881e-05 	2
34.8125 	0.000323397 	5.97807e-05 	1
34.875 	0.000213056 	4.93271e-05 	1
34.9375 	0.000119609 	6.24993e-05 	1
35.0 	0.000245809 	7.26371e-05 	2
35.0625 	0.000193231 	3.83259e-05 	1
35.125 	0.000249321 	9.91751e-05 	1
35.1875 	0.000143475 	3.46141e-05 	1
35.25 	0.000282058 	8.64607e-05 	1
35.3125 	0.000169284 	8.66248e-05 	1
35.375 	0.000143872 	8.06736e-05 	1
35.4375 	0.000142146 	5.46568e-05 	1
35.5 	9.58394e-05 	9.58394e-05 	0
35.5625 	0.000179907 	6.11771e-05 	1
35.625 	0.000174365 	3.14666e-05 	1
35.6875 	0.000222625 	5.85754e-05 	1
35.75 	0.000181757 	5.1997e-05 	2
35.8125 	0.000200412 	4.84301e-05 	1
35.875 	0.000324634 	6.59519e-05 	1
35.9375 	0.000135064 	6.71162e-05 	1
36.0 	0.000118942 	4.87614e-05 	1
36.0625 	0.000165731 	7.61442e-05 	1
36.125 	0.000248757 	5.09806e-05 	1
36.1875 	0.000171733 	5.94212e-05 	1
36.25 	0.000109119 	6.5137e-05 	1
36.3125 	0.000211166 	5.72845e-05 	1
36.375 	0.000112324 	4.84905e-05 	1
36.4375 	0.000204016 	6.19171e-05 	1
36.5 	0.000215003 	7.08589e-05 	1
36.5625 	0.000255649 	7.24624e-05 	1
36.625 	0.000123391 	5.07967e-05 	1
36.6875 	0.000101742 	3.9505e-05 	1
36.75 	0.00019372 	7.55842e-05 	1
36.8125 	0.00032877 	8.76191e-05 	1
36.875 	0.000201804 	8.09285e-05 	1
36.9375 	0.000125335 	6.14125e-05 	1
37.0 	0.000181297 	5.06418e-05 	1
37.0625 	0.00022063 	7.97543e-05 	2
37.125 	0.000252903 	9.70513e-05 	1
37.1875 	0.0001458 	6.3992e-05 	1
37.25 	0.000288432 	7.17636e-05 	1
37.3125 	0.000195245 	4.64033e-05 	1
37.375 	0.000127547 	3.12029e-05 	1
37.4375 	0.000323469 	4.91429e-05 	1
37.5 	0.000192048 	3.71138e-05 	1
37.5625 	0.000311235 	6.97747e-05 	1
37.625 	0.000219656 	7.51193e-05 	1
37.6875 	0.000179876 	8.59929e-05 	1
37.75 	0.000191292 	4.14572e-05 	1
37.8125 	0.000130586 	3.86431e-05 	1
37.875 	0.000168874 	6.70863e-05 	1
37.9375 	0.000340747 	7.79526e-05 	1
38.0 	9.6381e-05 	9.6381e-05 	0
38.0625 	0.000209444 	4.8807e-05 	2
38.125 	0.000239768 	8.63949e-05 	1
38.1875 	0.000113117 	5.47045e-05 	1
38.25 	0.000185277 	8.47449e-05 	1
38.3125 	0.000194829 	5.26489e-05 	2
38.375 	0.000152827 	6.86663e-05 	1
38.4375 	0.000236528 	6.91221e-05 	1
38.5 	0.000224163 	3.7234e-05 	1
38.5625 	0.000140981 	3.43813e-05 	1
38.625 	0.0001089 	5.91871e-05 	1
38.6875 	0.0001898 	6.41451e-05 	1
38.75 	0.000340366 	9.49444e-05 	1
38.8125 	0.000308078 	7.79979e-05 	1
38.875 	0.000188696 	5.49558e-05 	2
38.9375 	0.000166083 	5.0226e-05 	1
39.0 	0.000228425 	8.70591e-05 	1
39.0625 	0.000150999 	4.87603e-05 	1
39.125 	0.000206303 	5.14942e-05 	1
39.1875 	0.000157344 	5.8776e-05 	2
39.25 	0.000119607 	4.78733e-05 	1
39.3125 	0.000188061 	5.11781e-05 	1
39.375 	0.000228448 	3.90721e-05 	1
39.4375 	9.42725e-05 	9.42725e-05 	0
39.5 	0.000177605 	9.84491e-05 	1
39.5625 	0.000165977 	9.38374e-05 	1
39.625 	0.000143823 	6.38312e-05 	1
39.6875 	0.000183858 	9.2252e-05 	2
39.75 	0.000121517 	3.21778e-05 	1
39.8125 	0.000168258 	4.5228e-05 	1
39.875 	0.000358776 	6.76361e-05 	1
39.9375 	0.000311536 	6.41176e-05 	1
40.0 	0.000323708 	8.52192e-05 	2
40.0625 	0.000218939 	6.23646e-05 	1
40.125 	0.000155481 	4.30298e-05 	1
40.1875 	0.000273707 	6.93411e-05 	1
40.25 	0.000163291 	4.62481e-05 	1
40.3125 	0.00022277 	7.74224e-05 	1
40.375 	0.000117132 	4.24796e-05 	1
40.4375 	0.000178422 	4.68457e-05 	1
40.5 	0.000188631 	5.67901e-05 	1
40.5625 	0.000246135 	5.28357e-05 	1
40.625 	0.000120651 	5.13385e-05 	1
40.6875 	0.000313933 	7.69335e-05 	1
40.75 	0.000119084 	2.95547e-05 	1
40.8125 	0.000220861 	3.25036e-05 	1
40.875 	0.000253008 	9.66498e-05 	1
40.9375 	0.00025418 	7.3962e-05 	1
41.0 	0.000255973 	3.9005e-05 	1
41.0625 	0.00022048 	7.0423e-05 	1
41.125 	0.000260581 	9.45455e-05 	1
41.1875 	0.000210965 	5.5431e-05 	2
41.25 	0.000212395 	9.61547e-05 	1
41.3125 	0.000229188 	7.82101e-05 	1
41.375 	0.000120688 	3.28505e-05 	1
41.4375 	0.000374833 	9.25679e-05 	1
41.5 	0.000239966 	5.07047e-05 	1
41.5625 	0.000306891 	4.10636e-05 	1
41.625 	0.000201477 	5.51897e-05 	1
41.6875 	0.000195887 	5.87226e-05 	1
41.8125 	0.00025 	3.93599e-05 	1
41.875 	0.000174536 	6.40784e-05 	2
41.9375 	0.00031791 	8.52874e-05 	1
42.0 	0.000136142 	7.09712e-05 	1
42.125 	0.000109082 	5.21064e-05 	1
42.1875 	0.000186898 	3.00306e-05 	1
42.25 	0.000285941 	8.05246e-05 	4
42.3125 	8.41464e-05 	8.41464e-05 	0
42.375 	0.000174424 	4.47404e-05 	1
42.4375 	0.000242058 	3.58905e-05 	1
42.5 	0.000243397 	5.60569e-05 	1
42.5625 	0.000278587 	7.37107e-05 	3
42.625 	0.000211729 	6.47748e-05 	1
42.6875 	7.72879e-05 	7.72879e-05 	0
42.75 	0.000158244 	6.69911e-05 	1
42.8125 	0.000165515 	5.15903e-05 	2
42.875 	9.09992e-05 	9.09992e-05 	0
42.9375 	0.000113033 	4.14105e-05 	1
43.0 	0.0001395 	6.09061e-05 	1
43.0625 	0.00014856 	3.93909e-05 	1
43.125 	0.00038569 	7.98065e-05 	1
43.1875 	0.000157259 	4.4918e-05 	1
43.25 	0.00028761 	4.20927e-05 	1
43.3125 	0.000261189 	7.47965e-05 	1
43.375 	0.000153372 	6.5942e-05 	1
43.4375 	0.000330333 	7.2149e-05 	1
43.5 	0.000128032 	4.15648e-05 	1
43.5625 	0.000240821 	8.31383e-05 	2
43.625 	0.000100163 	4.0943e-05 	1
43.6875 	0.000235661 	4.49228e-05 	1
43.75 	0.00012716 	5.77584e-05 	2
43.8125 	0.000138311 	5.95924e-05 	1
43.875 	0.000138029 	9.91036e-05 	1
43.9375 	0.000175888 	4.80768e-05 	2
44.0 	0.000154004 	3.01931e-05 	1
44.0625 	0.000218458 	4.86368e-05 	2
44.125 	0.000150073 	9.90283e-05 	1
44.1875 	0.00016417 	3.97959e-05 	1
44.25 	0.000230064 	9.38715e-05 	2
44.3125 	0.000209236 	9.62728e-05 	1
44.375 	0.000214972 	4.67864e-05 	1
44.4375 	0.000160657 	8.36871e-05 	1
44.5 	0.000111429 	5.65052e-05 	1
44.5625 	0.000321387 	9.41594e-05 	3
44.625 	0.000127178 	2.60255e-05 	1
44.6875 	0.000285307 	4.20162e-05 	1
44.75 	0.000172408 	7.55958e-05 	1
44.8125 	0.000179669 	6.86207e-05 	1
44.875 	0.000194331 	9.02373e-05 	1
44.9375 	0.000212091 	8.74149e-05 	1
45.0 	0.000140543 	7.09032e-05 	1
45.0625 	0.000170991 	5.85521e-05 	1
45.125 	0.000240206 	7.62835e-05 	1
45.1875 	0.000186865 	7.32939e-05 	1
45.25 	0.000213748 	5.31893e-05 	1
45.3125 	0.000230112 	5.92799e-05 	1
45.375 	0.000109807 	7.41675e-05 	1
45.4375 	6.78542e-05 	6.78542e-05 	0
45.5 	0.000202104 	4.82403e-05 	1
45.5625 	0.000258628 	4.25771e-05 	1
45.625 	0.00014776 	4.11201e-05 	1
45.6875 	0.000207011 	9.1593e-05 	1
45.75 	8.55258e-05 	8.55258e-05 	0
45.8125 	0.000196718 	8.61354e-05 	1
45.875 	0.000115037 	5.04375e-05 	1
45.9375 	0.000170328 	8.03591e-05 	1
46.0 	0.000215669 	5.55988e-05 	1
46.0625 	0.000198199 	7.00128e-05 	1
46.125 	0.000196656 	5.74617e-05 	2
46.25 	0.000140065 	5.23145e-05 	1
46.3125 	0.000263227 	6.52248e-05 	1
46.375 	0.000140354 	6.3153e-05 	1
46.4375 	0.000285804 	8.57169e-05 	1
46.5 	0.000148263 	4.60349e-05 	2
46.5625 	0.000190396 	2.62354e-05 	1
46.625 	0.000220822 	3.22119e-05 	1
46.6875 	0.000165108 	5.48216e-05 	1
46.75 	0.000164764 	2.1752e-05 	1
46.8125 	0.0003004 	7.69517e-05 	2
46.875 	0.00022886 	4.96726e-05 	1
46.9375 	0.00019985 	6.42473e-05 	1
47.0 	0.000128022 	3.9442e-05 	1
47.0625 	0.000120967 	5.4762e-05 	1
47.125 	0.00028017 	8.55305e-05 	1
47.1875 	0.000337241 	8.74942e-05 	1
47.25 	0.000325625 	7.60895e-05 	1
47.3125 	0.000316255 	8.73702e-05 	2
47.375 	0.000232078 	8.32015e-05 	1
47.4375 	0.000303621 	8.23136e-05 	1
47.5 	0.000298767 	6.89749e-05 	1
47.5625 	0.000257555 	5.90606e-05 	1
47.625 	0.000120638 	9.64113e-05 	1
47.6875 	0.000124807 	4.10208e-05 	1
47.75 	0.000129 	3.90639e-05 	1
47.8125 	0.000249637 	7.05639e-05 	1
47.875 	0.000150842 	6.36589e-05 	2
47.9375 	0.000148907 	9.75958e-05 	1
48.0 	0.000228664 	4.56078e-05 	1
48.0625 	0.000131006 	7.67203e-05 	1
48.125 	9.40509e-05 	9.40509e-05 	0
48.1875 	0.00027682 	7.08627e-05 	1
48.25 	0.000124373 	3.13053e-05 	1
48.3125 	0.000268279 	5.32327e-05 	1
48.375 	0.000185229 	4.60215e-05 	1
48.4375 	0.000219778 	6.46093e-05 	1
48.5 	0.00015843 	5.07425e-05 	2
48.5625 	9.67544e-05 	9.67544e-05 	0
48.625 	0.00023652 	3.77829e-05 	1
48.6875 	0.000100511 	4.23465e-05 	1
48.75 	0.000135317 	4.54217e-05 	1
48.8125 	0.000140889 	4.78483e-05 	1
48.875 	0.000288753 	6.1312e-05 	1
48.9375 	0.000412557 	9.105e-05 	1
49.0 	0.000180493 	6.44448e-05 	1
49.0625 	0.000160755 	4.21419e-05 	1
49.125 	0.00026684 	7.43135e-05 	2
49.1875 	0.000209346 	5.1992e-05 	1
49.25 	0.000162407 	7.03816e-05 	2
49.3125 	0.000254443 	8.85924e-05 	2
49.375 	0.000110708 	3.1414e-05 	1
49.4375 	0.000439925 	8.30754e-05 	1
49.5 	0.000321056 	7.56001e-05 	1
49.5625 	0.000147642 	6.82702e-05 	1
49.625 	0.000177757 	6.81933e-05 	1
49.6875 	0.000120695 	5.67019e-05 	1
49.75 	9.54374e-05 	9.54374e-05 	0
49.9375 	0.000122055 	4.51241e-05 	1
50.0625 	0.000322711 	6.49699e-05 	1
50.125 	0.000318942 	5.79309e-05 	1
50.1875 	0.000114922 	6.11369e-05 	1
50.25 	0.000302989 	8.67895e-05 	1
50.3125 	0.000241128 	6.33623e-05 	1
50.375 	0.000208872 	6.73554e-05 	1
50.4375 	0.000318623 	3.96676e-05 	1
50.5 	0.000185244 	3.83767e-05 	1
50.5625 	0.000247611 	5.15246e-05 	1
50.625 	0.000226682 	7.81826e-05 	1
50.6875 	0.000142172 	6.41252e-05 	1
50.75 	0.000290477 	7.37996e-05 	1
50.8125 	0.000113428 	6.20228e-05 	1
50.875 	0.000120839 	6.8142e-05 	1
50.9375 	0.000165582 	5.61145e-05 	1
51.0 	0.000192611 	8.62587e-05 	1
51.0625 	0.000196594 	4.051e-05 	1
51.125 	0.000394677 	9.4991e-05 	1
51.1875 	0.00038623 	9.30416e-05 	1
51.25 	0.00015377 	9.55433e-05 	1
51.3125 	0.000184278 	4.91143e-05 	1
51.375 	0.000146448 	4.79145e-05 	1
51.4375 	0.000149642 	6.83457e-05 	1
51.5 	0.000255928 	8.20132e-05 	1
51.5625 	0.00021397 	9.77026e-05 	1
51.625 	0.000118417 	2.62245e-05 	1
51.6875 	0.000128403 	4.55459e-05 	1
51.75 	0.000196431 	6.89637e-05 	1
51.8125 	0.000187916 	3.9377e-05 	1
51.875 	0.000274004 	5.23525e-05 	1
52.0 	0.000196953 	8.9745e-05 	1
52.0625 	0.000262448 	7.51003e-05 	2
52.125 	0.000107102 	5.30499e-05 	1
52.1875 	0.000224193 	8.85228e-05 	1
52.25 	0.000310443 	8.90774e-05 	3
52.3125 	0.000228948 	5.47401e-05 	1
52.375 	0.000118357 	4.19973e-05 	1
52.4375 	0.00032749 	8.38829e-05 	1
52.5 	0.000173907 	5.81962e-05 	1
52.5625 	0.000194308 	7.45832e-05 	1
52.625 	0.000230724 	6.06251e-05 	1
52.6875 	0.000134335 	4.98621e-05 	1
52.75 	0.000178381 	8.77761e-05 	1
52.8125 	0.000202541 	5.91607e-05 	1
52.875 	0.00011878 	3.78039e-05 	1
52.9375 	0.000123461 	7.38342e-05 	1
53.0 	0.000136045 	4.6085e-05 	1
53.0625 	0.000227453 	5.08995e-05 	1
53.125 	0.000100019 	2.47076e-05 	1
53.1875 	0.000250122 	5.27772e-05 	1
53.25 	0.000131689 	7.84206e-05 	1
53.3125 	0.000140345 	8.44114e-05 	1
53.375 	0.000171566 	9.33928e-05 	1
53.5 	0.000237677 	4.38479e-05 	1
53.5625 	0.000169078 	6.52604e-05 	1
53.625 	0.000166811 	3.77179e-05 	1
53.6875 	0.000163503 	2.19781e-05 	1
53.75 	0.00027792 	6.67501e-05 	1
53.8125 	9.71884e-05 	9.71884e-05 	0
53.875 	0.00010998 	3.08692e-05 	1
53.9375 	0.000141485 	5.35292e-05 	1
54.0 	0.000143172 	3.58899e-05 	1
54.0625 	0.000276267 	9.31645e-05 	3
54.125 	0.000187709 	5.49972e-05 	1
54.1875 	0.000268653 	6.20467e-05 	1
54.25 	0.000168462 	1.67399e-05 	1
54.3125 	0.000219224 	3.20631e-05 	1
54.375 	0.000284519 	5.0211e-05 	1
54.4375 	0.000280802 	6.38414e-05 	1
54.5 	0.000364441 	6.90985e-05 	1
54.5625 	0.000136709 	8.1309e-05 	1
54.625 	0.000191749 	4.67205e-05 	1
54.6875 	0.000157371 	7.41216e-05 	1
54.75 	8.71507e-05 	8.71507e-05 	0
54.8125 	0.000323459 	7.53092e-05 	2
54.875 	8.62776e-05 	8.62776e-05 	0
54.9375 	0.000198313 	7.48488e-05 	2
55.0 	0.000112382 	2.20141e-05 	1
55.0625 	0.000136825 	5.55397e-05 	1
55.125 	0.000120229 	3.81638e-05 	1
55.1875 	0.000169653 	6.47933e-05 	1
55.3125 	0.000178279 	7.61606e-05 	1
55.375 	0.000251266 	9.2195e-05 	1
55.4375 	0.000130067 	2.4836e-05 	1
55.5 	0.000387585 	5.12846e-05 	1
55.5625 	0.00018313 	6.21248e-05 	1
55.625 	0.000275 	7.60923e-05 	1
55.6875 	0.00016738 	5.44768e-05 	1
55.75 	0.000269173 	8.98319e-05 	1
55.8125 	0.000251801 	6.76802e-05 	2
55.875 	0.0002401 	4.34338e-05 	1
55.9375 	0.000152869 	9.6213e-05 	1
56.0 	0.000130859 	2.89736e-05 	1
56.0625 	0.000251306 	7.70535e-05 	1
56.125 	0.000222704 	6.91257e-05 	1
56.1875 	0.000190924 	3.50345e-05 	1
56.25 	0.000254757 	8.33586e-05 	1
56.3125 	0.000200794 	8.4251e-05 	1
56.375 	0.00030139 	8.30476e-05 	1
56.4375 	0.00024257 	7.0179e-05 	2
56.5 	0.000294043 	3.81853e-05 	1
56.5625 	0.000283877 	6.86468e-05 	1
56.625 	0.00018694 	6.73931e-05 	1
56.6875 	0.000146373 	3.70734e-05 	1
56.75 	0.000471722 	7.23121e-05 	1
56.8125 	0.000232653 	5.95429e-05 	1
56.875 	0.000153396 	3.93343e-05 	1
56.9375 	0.000214085 	3.97905e-05 	1
57.0 	0.000328811 	6.27445e-05 	1
57.0625 	0.000185967 	6.94888e-05 	1
57.125 	0.000284846 	9.49253e-05 	1
57.1875 	0.000104973 	4.61085e-05 	1
57.25 	0.000350162 	6.37038e-05 	1
57.3125 	0.000212742 	9.01343e-05 	2
57.375 	0.000267794 	3.72577e-05 	1
57.4375 	0.000284947 	8.7243e-05 	2
57.5 	0.000185612 	6.98661e-05 	1
57.5625 	0.000214721 	7.15534e-05 	1
57.625 	0.000176047 	7.58992e-05 	1
57.6875 	0.000322023 	6.81612e-05 	1
57.75 	0.000141713 	4.2706e-05 	1
57.8125 	0.000167954 	4.73849e-05 	1
57.875 	9.01221e-05 	9.01221e-05 	0
57.9375 	0.000285805 	6.56945e-05 	1
58.0 	0.000247848 	7.95836e-05 	2
58.0625 	0.000414431 	8.08304e-05 	1
58.125 	0.000227014 	7.75085e-05 	1
58.1875 	0.000155353 	4.77735e-05 	1
58.25 	0.000163654 	8.77362e-05 	1
58.3125 	0.000225641 	3.77486e-05 	1
58.375 	0.000234577 	7.4513e-05 	1
58.4375 	0.000299723 	6.56421e-05 	1
58.5 	0.000184858 	4.84217e-05 	1
58.5625 	0.000175384 	5.86637e-05 	2
58.625 	8.12706e-05 	8.12706e-05 	0
58.6875 	0.000195185 	9.22126e-05 	1
58.75 	0.000199028 	4.55723e-05 	1
58.8125 	0.000200028 	4.09272e-05 	1
58.875 	0.000244926 	3.7809e-05 	1
58.9375 	0.000136038 	5.80002e-05 	1
59.0 	0.000261148 	5.94054e-05 	1
59.0625 	0.000123982 	5.45415e-05 	1
59.125 	0.000262507 	7.67615e-05 	2
59.1875 	0.000209813 	5.74949e-05 	1
59.25 	0.000123763 	4.76396e-05 	1
59.3125 	0.0002434 	2.73248e-05 	1
59.375 	0.000144104 	3.57536e-05 	1
59.4375 	0.000164791 	5.72849e-05 	2
59.5 	7.00601e-05 	7.00601e-05 	0
59.5625 	0.000153764 	5.14811e-05 	1
59.625 	0.000131315 	8.06649e-05 	1
59.6875 	0.000336542 	6.64323e-05 	1
59.75 	0.000111287 	5.36557e-05 	1
59.8125 	0.000139626 	4.19932e-05 	1
59.875 	0.000262338 	7.11694e-05 	2
59.9375 	0.000263724 	5.48243e-05 	1
60.0 	0.000268059 	8.37882e-05 	1
60.0625 	0.000114679 	4.41779e-05 	1
60.125 	0.000111097 	6.91043e-05 	1
60.25 	0.000117756 	4.42627e-05 	1
60.3125 	0.00016508 	4.52806e-05 	1
60.375 	0.000173271 	7.03845e-05 	1
60.4375 	0.000198586 	9.40483e-05 	1
60.5 	0.000274577 	6.68832e-05 	1
60.5625 	0.000182784 	4.90069e-05 	1
60.625 	0.000333054 	7.54565e-05 	1
60.6875 	0.000422139 	6.74893e-05 	1
60.75 	0.00018711 	8.83574e-05 	1
60.8125 	0.000182147 	6.32275e-05 	1
60.875 	0.000196923 	6.48295e-05 	1
60.9375 	0.000297386 	7.34503e-05 	1
61.0 	0.000334849 	8.71127e-05 	1
61.0625 	0.000227891 	6.03472e-05 	2
61.125 	0.000176296 	6.24601e-05 	1
61.1875 	0.000280108 	7.45058e-05 	2
61.25 	0.000299326 	5.93418e-05 	1
61.3125 	0.000196563 	9.2488e-05 	1
61.375 	0.000349376 	9.134e-05 	2
61.4375 	0.000190049 	9.7032e-05 	1
61.5 	0.000119106 	5.28148e-05 	1
61.5625 	0.000234543 	7.32889e-05 	1
61.625 	0.000393614 	8.3468e-05 	1
61.6875 	0.00017897 	7.65561e-05 	1
61.75 	0.000291084 	7.40663e-05 	1
61.8125 	0.000313757 	7.51135e-05 	1
61.875 	0.000116443 	4.72952e-05 	1
61.9375 	0.000248137 	4.21598e-05 	1
62.0 	0.000141009 	4.87079e-05 	1
62.0625 	0.000280169 	4.21468e-05 	1
62.125 	0.000282854 	9.33108e-05 	1
62.1875 	0.000148751 	2.92645e-05 	1
62.25 	0.00018578 	6.83966e-05 	1
62.3125 	0.000231513 	5.56371e-05 	1
62.375 	0.000168013 	5.43099e-05 	1
62.4375 	0.000207348 	7.58884e-05 	2
62.5 	0.000135786 	3.31864e-05 	1
62.5625 	0.000261211 	8.26127e-05 	1
62.6875 	8.64788e-05 	8.64788e-05 	0
62.75 	0.000135192 	8.6131e-05 	1
62.8125 	0.000196403 	4.39899e-05 	1
62.875 	0.000169323 	6.31893e-05 	1
62.9375 	0.000255258 	6.04094e-05 	2
63.0 	0.000168372 	7.45167e-05 	1
63.0625 	0.000120359 	3.46733e-05 	1
63.125 	0.000168419 	8.18869e-05 	1
63.1875 	0.00016946 	6.77256e-05 	1
63.25 	0.00035512 	6.09381e-05 	1
63.3125 	0.000150378 	3.94671e-05 	1
63.375 	0.000272745 	5.0593e-05 	1
63.4375 	0.000148658 	7.23222e-05 	1
63.5 	0.000300267 	7.11578e-05 	1
63.5625 	0.000143407 	7.53456e-05 	1
63.625 	0.000184495 	8.41172e-05 	1
63.6875 	0.000138751 	2.44057e-05 	1
63.75 	0.000128885 	7.14007e-05 	1
63.8125 	0.000221449 	7.49066e-05 	2
63.875 	0.000150468 	2.91986e-05 	1
63.9375 	0.000130818 	3.95965e-05 	1
64.0 	0.000200868 	4.24305e-05 	1
64.0625 	0.000286434 	6.96678e-05 	1
64.125 	0.000282541 	8.56547e-05 	4
64.1875 	0.000107139 	2.80022e-05 	1
64.25 	0.000230507 	5.8593e-05 	1
64.3125 	0.000152674 	7.28854e-05 	1
64.375 	7.34477e-05 	7.34477e-05 	0
64.4375 	0.000113068 	5.50707e-05 	1
64.5 	0.000193247 	5.33173e-05 	1
64.5625 	0.000344484 	8.21381e-05 	1
64.625 	0.000223843 	3.33481e-05 	1
64.6875 	0.000171741 	4.37949e-05 	1
64.75 	0.000179264 	5.77307e-05 	2
64.8125 	9.79144e-05 	9.79144e-05 	0
64.875 	0.000205228 	6.73572e-05 	1
64.9375 	0.000106761 	2.90988e-05 	1
65.0 	0.000241778 	9.70654e-05 	1
65.0625 	0.000293523 	8.34439e-05 	1
65.125 	0.00018392 	4.38194e-05 	1
65.1875 	0.000155848 	6.29777e-05 	1
65.25 	0.000162551 	3.5617e-05 	1
65.375 	0.000244509 	6.77961e-05 	1
65.4375 	0.000152843 	6.50068e-05 	1
65.5 	0.0001019 	2.73021e-05 	1
65.625 	0.000106408 	4.12778e-05 	1
65.6875 	0.000359724 	7.66473e-05 	1
65.75 	0.000308184 	8.48321e-05 	3
65.8125 	0.000184933 	4.47506e-05 	1
65.875 	0.000212157 	5.48074e-05 	1
65.9375 	0.000194669 	8.70149e-05 	1
66.0 	0.00015047 	7.48455e-05 	1
66.0625 	0.000223378 	3.8868e-05 	1
66.125 	0.000308872 	6.46174e-05 	1
66.1875 	0.000159079 	6.58828e-05 	2
66.25 	0.000267773 	8.58038e-05 	1
66.3125 	0.000204115 	5.57432e-05 	2
66.375 	0.000365367 	9.03874e-05 	1
66.4375 	0.000177187 	3.51181e-05 	1
66.5 	0.000160837 	7.12462e-05 	1
66.5625 	0.000204951 	6.24877e-05 	2
66.625 	0.000193426 	3.72048e-05 	1
66.75 	0.000103744 	4.68679e-05 	1
66.8125 	0.000250072 	8.29996e-05 	2
66.875 	0.00033933 	6.16395e-05 	1
66.9375 	0.00012911 	4.42048e-05 	1
67.0 	0.000259062 	8.99822e-05 	1
67.125 	0.000194207 	7.70115e-05 	1
67.1875 	0.000233376 	5.78439e-05 	2
67.25 	0.000115323 	4.44454e-05 	1
67.3125 	0.000129317 	3.84573e-05 	1
67.375 	0.00017424 	6.71349e-05 	1
67.4375 	0.000196301 	5.08472e-05 	1
67.5 	9.3896e-05 	9.3896e-05 	0
67.5625 	0.000308762 	6.32462e-05 	1
67.625 	0.000122513 	5.12625e-05 	1
67.6875 	0.000357532 	7.05884e-05 	1
67.8125 	0.000150358 	4.50293e-05 	1
67.875 	0.000131881 	3.64945e-05 	1
67.9375 	0.000151785 	6.86121e-05 	1
68.0 	0.000292308 	6.01113e-05 	1
68.0625 	0.000146094 	5.07192e-05 	1
68.125 	9.98258e-05 	9.98258e-05 	0
68.1875 	0.00017835 	4.74405e-05 	1
68.25 	0.000126331 	5.0025e-05 	1
68.3125 	0.000173147 	6.16951e-05 	1
68.375 	0.000272226 	3.70112e-05 	1
68.4375 	0.000193695 	3.03426e-05 	1
68.5 	0.000154668 	9.07032e-05 	1
68.5625 	0.000421227 	8.40287e-05 	1
68.625 	0.000282442 	8.24999e-05 	1
68.6875 	0.000123348 	3.84017e-05 	1
68.75 	0.000180927 	3.86867e-05 	1
68.8125 	0.000255427 	9.2479e-05 	1
68.875 	0.000128705 	8.77151e-05 	1
68.9375 	9.58003e-05 	9.58003e-05 	0
69.0 	0.000257173 	6.46877e-05 	1
69.0625 	0.000167434 	3.82701e-05 	1
69.125 	0.000300396 	8.15027e-05 	1
69.1875 	0.000113378 	5.34857e-05 	1
69.25 	0.000175577 	3.97476e-05 	1
69.3125 	0.000218155 	4.75602e-05 	1
69.375 	0.000210005 	4.2188e-05 	1
69.4375 	0.000116523 	6.35385e-05 	1
69.5 	0.000178643 	9.20371e-05 	1
69.5625 	0.000346502 	6.21331e-05 	1
69.625 	0.000290837 	7.34718e-05 	1
69.6875 	0.000143872 	3.34464e-05 	1
69.75 	0.000216426 	4.60046e-05 	1
69.8125 	0.000131205 	6.77431e-05 	1
69.875 	0.000129713 	3.09057e-05 	1
69.9375 	0.000277762 	5.03234e-05 	1
70.0 	0.000139432 	5.43536e-05 	1
