# time 	Initial 	Final 	Iterations
0.642226 	0.000460077 	7.951e-05 	3
0.766734 	0.000758557 	9.09063e-05 	7
0.828988 	0.000248695 	7.5858e-05 	2
1.38927 	0.000766164 	8.70535e-05 	4
1.45153 	0.000426636 	9.82057e-05 	2
1.51378 	0.000884637 	8.56433e-05 	7
1.7628 	0.000691083 	9.44539e-05 	3
1.94956 	0.00078129 	9.32715e-05 	5
2.19857 	0.000476136 	7.67277e-05 	6
2.26083 	0.000748868 	8.43895e-05 	5
2.32308 	0.000724859 	9.51119e-05 	6
2.38534 	0.00054851 	9.0435e-05 	3
2.63435 	0.000671368 	7.81235e-05 	6
2.69661 	0.000723772 	9.89001e-05 	6
2.88337 	0.000562945 	8.20322e-05 	5
2.94562 	0.00050175 	9.14068e-05 	4
3.07013 	0.000655373 	9.35139e-05 	6
3.31914 	0.00104713 	7.82008e-05 	10
3.3814 	0.000689749 	9.62692e-05 	7
3.44365 	0.000562858 	8.82453e-05 	4
3.69267 	0.000605169 	6.67107e-05 	6
3.75492 	0.000786141 	8.28495e-05 	6
3.87943 	0.000390638 	6.56641e-05 	3
4.06619 	0.000711332 	8.84276e-05 	9
4.12845 	0.000623507 	9.37958e-05 	4
4.1907 	0.000589774 	9.94275e-05 	3
4.25295 	0.000970152 	8.70365e-05 	11
4.31521 	0.000332529 	9.81585e-05 	2
4.50197 	0.000666272 	8.07093e-05 	5
4.56422 	0.000879522 	9.17582e-05 	10
4.62648 	0.000691103 	7.98867e-05 	4
4.68873 	0.000852255 	7.62851e-05 	10
4.93775 	0.000419434 	9.43191e-05 	3
5.0625 	0.000848439 	9.5973e-05 	8
5.25 	0.000439444 	6.48827e-05 	5
5.375 	0.000729603 	8.89636e-05 	6
5.5 	0.000365699 	8.37979e-05 	3
5.5625 	0.000724598 	8.17917e-05 	4
5.625 	0.000631714 	9.88494e-05 	4
5.6875 	0.00074473 	9.51414e-05 	7
5.875 	0.000399041 	4.14429e-05 	4
6.0 	0.000577937 	8.10208e-05 	3
6.1875 	0.000798868 	7.38065e-05 	4
6.25 	0.000631167 	9.63799e-05 	8
6.4375 	0.000783916 	9.25877e-05 	7
6.75 	0.000451025 	8.74474e-05 	3
6.8125 	0.000308035 	5.6374e-05 	3
6.9375 	0.000553872 	7.4591e-05 	4
7.1875 	0.00042361 	3.61937e-05 	2
7.6875 	0.000680591 	9.96224e-05 	4
7.8125 	0.000382038 	7.92108e-05 	3
7.9375 	0.000787809 	9.89836e-05 	8
8.0 	0.000681266 	6.97225e-05 	4
8.0625 	0.000399933 	8.30889e-05 	2
8.125 	0.00103332 	7.65521e-05 	10
8.4375 	0.00044679 	9.2637e-05 	2
8.5 	0.000788777 	8.44381e-05 	9
8.5625 	0.00031538 	9.42483e-05 	4
8.8125 	0.000295463 	9.62802e-05 	2
8.9375 	0.0004153 	6.93192e-05 	2
9.0 	0.000524616 	7.56647e-05 	3
9.1875 	0.000374424 	8.92638e-05 	2
9.3125 	0.000405779 	9.09114e-05 	5
9.375 	0.000790809 	8.79505e-05 	7
9.4375 	0.000513115 	9.29478e-05 	3
9.625 	0.000580032 	8.88845e-05 	6
9.6875 	0.000986623 	7.96651e-05 	11
9.8125 	0.000422775 	8.21233e-05 	3
9.9375 	0.000562315 	6.8625e-05 	6
10.3125 	0.000656811 	9.72904e-05 	6
10.75 	0.00071957 	9.5012e-05 	4
10.8125 	0.000715328 	9.66603e-05 	6
10.875 	0.000668344 	5.55455e-05 	4
11.0 	0.000435234 	7.13915e-05 	3
11.0625 	0.000787382 	7.12831e-05 	4
11.1875 	0.000705574 	9.91078e-05 	4
11.6875 	0.000608782 	7.73974e-05 	5
11.75 	0.000619469 	9.19237e-05 	7
11.8125 	0.000504171 	8.36091e-05 	4
11.9375 	0.000425487 	5.92744e-05 	4
12.0 	0.000411405 	4.66477e-05 	4
12.1875 	0.000640373 	8.86173e-05 	3
12.3125 	0.000852237 	8.76624e-05 	4
12.375 	0.000622406 	8.77383e-05 	3
12.625 	0.000782878 	6.52586e-05 	4
12.6875 	0.000706036 	9.80562e-05 	5
12.8125 	0.000692332 	7.66775e-05 	4
12.875 	0.000527749 	9.47696e-05 	5
13.0 	0.00091064 	8.05516e-05 	8
13.0625 	0.00083855 	8.03273e-05 	8
13.1875 	0.000693507 	9.58221e-05 	7
13.25 	0.000559146 	6.52664e-05 	4
13.5625 	0.000401456 	7.34927e-05 	3
13.625 	0.00068455 	8.00855e-05 	6
13.6875 	0.00104532 	7.32186e-05 	10
14.0625 	0.000872466 	7.95695e-05 	8
14.125 	0.000985225 	7.66547e-05 	10
14.1875 	0.000454043 	5.45005e-05 	3
14.3125 	0.000665467 	9.40567e-05 	5
14.4375 	0.000747919 	7.74726e-05 	7
14.5 	0.000496848 	7.94347e-05 	6
14.625 	0.000424825 	8.23577e-05 	5
14.6875 	0.000880545 	9.69688e-05 	9
14.75 	0.00054546 	5.02962e-05 	3
14.8125 	0.00067038 	9.86843e-05 	4
14.9375 	0.000395912 	4.77075e-05 	3
15.0 	0.000587685 	8.41804e-05 	6
15.1875 	0.000658252 	5.71434e-05 	6
15.25 	0.000333968 	9.06784e-05 	2
15.3125 	0.000411985 	6.18352e-05 	3
15.375 	0.000822584 	7.70047e-05 	4
15.4375 	0.000472442 	7.29474e-05 	3
15.5 	0.000822116 	8.97431e-05 	8
15.8125 	0.000799539 	8.20648e-05 	4
15.9375 	0.000628616 	5.95968e-05 	6
16.0 	0.000866797 	8.43656e-05 	4
16.0625 	0.000474383 	9.42394e-05 	7
16.125 	0.00035294 	6.47418e-05 	2
16.1875 	0.000443524 	9.24895e-05 	4
16.25 	0.000402009 	8.77013e-05 	2
16.375 	0.000717623 	8.61868e-05 	6
16.625 	0.000294646 	5.95443e-05 	2
16.8125 	0.000911243 	9.63145e-05 	10
16.9375 	0.000458251 	7.9505e-05 	4
17.25 	0.000628907 	9.27036e-05 	6
17.375 	0.000538981 	5.8503e-05 	4
17.4375 	0.000616365 	8.50212e-05 	6
17.6875 	0.00075073 	3.6135e-05 	6
18.0 	0.000562078 	8.06784e-05 	4
18.0625 	0.000521764 	6.37221e-05 	6
18.1875 	0.000478777 	9.74872e-05 	3
18.25 	0.000602474 	9.81692e-05 	4
18.375 	0.000692827 	6.9488e-05 	5
18.4375 	0.000700372 	6.96987e-05 	4
18.5625 	0.000797098 	9.21231e-05 	9
18.625 	0.000533123 	7.31712e-05 	4
18.8125 	0.000919839 	9.52525e-05 	10
18.875 	0.000339657 	6.88048e-05 	2
18.9375 	0.000576085 	9.384e-05 	5
19.125 	0.000592581 	7.97066e-05 	7
19.4375 	0.000508115 	9.7415e-05 	3
19.5 	0.000646285 	7.71868e-05 	3
19.625 	0.00067829 	9.06828e-05 	5
19.6875 	0.000384987 	7.12606e-05 	3
19.75 	0.000467903 	7.09222e-05 	4
19.9375 	0.000613086 	9.25214e-05 	4
20.125 	0.000215998 	4.6042e-05 	2
20.1875 	0.000366162 	8.04107e-05 	2
20.375 	0.000366439 	7.0888e-05 	2
20.4375 	0.000786257 	8.25915e-05 	4
20.5 	0.000861232 	5.76915e-05 	8
20.6875 	0.000605854 	7.33325e-05 	3
20.75 	0.000451507 	8.77444e-05 	3
21.0 	0.00054829 	9.19129e-05 	4
21.0625 	0.000437896 	9.6214e-05 	4
21.1875 	0.000455264 	6.65622e-05 	3
21.3125 	0.000270798 	7.478e-05 	2
21.5625 	0.000462471 	8.23385e-05 	4
21.8125 	0.000513642 	8.655e-05 	4
21.875 	0.000427908 	4.86668e-05 	4
21.9375 	0.000538591 	8.78281e-05 	6
22.1875 	0.000720214 	7.95461e-05 	6
22.25 	0.000564628 	9.35259e-05 	7
22.3125 	0.000433943 	8.9994e-05 	3
22.9375 	0.000366536 	7.39528e-05 	2
23.0 	0.000666002 	9.72455e-05 	8
23.125 	0.000983022 	8.0335e-05 	8
23.1875 	0.000488163 	9.02782e-05 	4
23.3125 	0.000759441 	9.4794e-05 	5
23.375 	0.00043152 	7.77691e-05 	4
23.4375 	0.000532235 	8.92593e-05 	4
23.8125 	0.000415595 	6.86964e-05 	4
24.0 	0.000402197 	6.54281e-05 	3
24.0625 	0.000455304 	8.3221e-05 	4
24.3125 	0.000623095 	8.25091e-05 	4
24.375 	0.000762338 	9.42231e-05 	7
24.4375 	0.000873107 	9.39928e-05 	8
24.5625 	0.000594874 	8.2457e-05 	6
24.6875 	0.000813694 	8.40331e-05 	8
24.75 	0.000701587 	5.54987e-05 	4
24.8125 	0.000745179 	9.34578e-05 	8
25.0 	0.00029702 	7.02454e-05 	2
25.0625 	0.000554328 	7.3239e-05 	3
25.125 	0.000516595 	8.89926e-05 	2
25.25 	0.000478225 	8.57843e-05 	5
25.625 	0.000305024 	8.20912e-05 	2
25.6875 	0.000888747 	9.97911e-05 	10
25.75 	0.000730245 	9.02008e-05 	9
25.8125 	0.000725456 	8.04578e-05 	8
26.0 	0.000569922 	8.52787e-05 	7
26.125 	0.000696166 	5.14102e-05 	5
26.375 	0.000522811 	8.44658e-05 	6
26.5 	0.000710327 	9.40372e-05 	6
26.625 	0.000451731 	7.02674e-05 	4
26.6875 	0.00097138 	8.06578e-05 	8
26.875 	0.000477079 	9.22427e-05 	5
26.9375 	0.000489976 	7.79987e-05 	3
27.0 	0.000632879 	9.90184e-05 	5
27.25 	0.000510173 	9.30993e-05 	2
27.3125 	0.000720228 	6.76612e-05 	5
27.625 	0.000333793 	9.32092e-05 	2
27.75 	0.000362335 	9.00357e-05 	3
28.0 	0.000564881 	9.11962e-05 	3
28.125 	0.000434776 	7.68438e-05 	6
28.3125 	0.000366749 	7.40491e-05 	2
28.5 	0.000634701 	9.29065e-05 	4
28.6875 	0.00062189 	7.30647e-05 	5
28.8125 	0.000426094 	8.91373e-05 	2
28.875 	0.000293573 	8.23439e-05 	3
29.0 	0.0003947 	9.18675e-05 	4
29.0625 	0.000745071 	7.54204e-05 	8
29.125 	0.000487711 	6.86286e-05 	3
29.25 	0.000446229 	9.95215e-05 	2
29.375 	0.000544126 	8.63667e-05 	4
29.625 	0.000616815 	9.37417e-05 	6
29.6875 	0.00040166 	7.0746e-05 	3
29.75 	0.000469139 	6.43984e-05 	4
29.9375 	0.000846798 	8.44892e-05 	8
30.25 	0.000504594 	8.00639e-05 	3
30.3125 	0.000604614 	6.34377e-05 	6
30.375 	0.000715284 	8.24953e-05 	4
30.4375 	0.000538868 	7.36716e-05 	4
30.5 	0.000639507 	9.14974e-05 	7
30.5625 	0.000888387 	9.34303e-05 	8
30.9375 	0.000619128 	9.6986e-05 	6
31.1875 	0.000947486 	8.98157e-05 	8
31.25 	0.000937696 	8.69601e-05 	9
31.625 	0.000441198 	9.50789e-05 	6
31.8125 	0.000583197 	9.18195e-05 	7
31.875 	0.000793699 	8.85217e-05 	7
32.0 	0.000694486 	8.02123e-05 	3
32.125 	0.000544239 	7.78015e-05 	5
32.1875 	0.000771647 	9.6506e-05 	8
32.25 	0.000526869 	9.31591e-05 	4
32.3125 	0.00033371 	5.52278e-05 	2
32.4375 	0.000454686 	8.20862e-05 	5
32.625 	0.000914085 	9.15933e-05 	8
32.6875 	0.000453768 	6.98137e-05 	4
32.75 	0.000566189 	5.18977e-05 	4
32.8125 	0.000707822 	7.147e-05 	9
32.875 	0.000797544 	7.98864e-05 	9
33.0 	0.000398999 	8.50143e-05 	5
33.0625 	0.000760362 	9.25945e-05 	6
33.125 	0.000276558 	8.74835e-05 	2
33.3125 	0.000575296 	7.74048e-05 	4
33.375 	0.000490695 	8.87656e-05 	4
33.4375 	0.000523447 	9.77507e-05 	3
33.625 	0.000794276 	6.65956e-05 	8
33.6875 	0.000589221 	6.84905e-05 	3
33.875 	0.000387642 	7.36991e-05 	2
33.9375 	0.000345932 	6.89099e-05 	2
34.125 	0.00085869 	8.31933e-05 	8
34.1875 	0.000434872 	9.59684e-05 	4
34.25 	0.000678414 	6.93294e-05 	4
34.3125 	0.000294108 	8.45665e-05 	2
34.375 	0.000451678 	8.98505e-05 	4
34.5 	0.000305647 	7.90257e-05 	2
34.5625 	0.000519163 	8.3549e-05 	3
34.625 	0.000663483 	8.95828e-05 	7
34.6875 	0.000726895 	9.01207e-05 	4
34.875 	0.000598281 	8.71004e-05 	5
34.9375 	0.000650189 	9.23071e-05 	6
35.0625 	0.000951894 	9.83409e-05 	7
35.25 	0.000317892 	5.14693e-05 	2
35.3125 	0.000483297 	9.3077e-05 	3
35.375 	0.00058907 	5.89644e-05 	5
35.625 	0.000557661 	9.69008e-05 	5
35.6875 	0.000494415 	9.24576e-05 	2
35.75 	0.000601612 	8.33527e-05 	7
35.875 	0.000559903 	8.64203e-05 	4
35.9375 	0.00048425 	7.89012e-05 	4
36.0 	0.00036127 	7.22958e-05 	2
36.125 	0.000659043 	9.70435e-05 	6
36.25 	0.000648094 	8.85002e-05 	4
36.4375 	0.00053255 	9.48648e-05 	5
36.5 	0.000633203 	9.23542e-05 	7
36.8125 	0.000524137 	9.22642e-05 	5
36.875 	0.000465214 	9.93852e-05 	4
37.125 	0.00110945 	9.31124e-05 	11
37.1875 	0.000424142 	3.66813e-05 	4
37.3125 	0.000497914 	4.13471e-05 	4
37.4375 	0.000593403 	9.91419e-05 	4
37.5625 	0.000746231 	8.26364e-05 	6
37.75 	0.000305681 	5.26142e-05 	2
37.9375 	0.000648224 	9.0404e-05 	5
38.0 	0.000648664 	9.42008e-05 	4
38.0625 	0.000621322 	3.91684e-05 	4
38.125 	0.000703909 	8.12827e-05 	4
38.3125 	0.000350364 	7.9657e-05 	2
38.4375 	0.000504981 	8.841e-05 	6
38.5625 	0.00119968 	8.85332e-05 	10
38.6875 	0.000622244 	6.58319e-05 	8
38.875 	0.00079558 	8.56175e-05 	8
38.9375 	0.00101597 	9.16216e-05 	8
39.0625 	0.000675592 	7.79538e-05 	6
39.1875 	0.000751406 	9.04294e-05 	8
39.25 	0.000413152 	8.59356e-05 	2
39.3125 	0.000669177 	7.01747e-05 	4
39.5625 	0.000552337 	9.66954e-05 	4
39.625 	0.00100466 	9.33365e-05 	8
39.875 	0.000352251 	5.82452e-05 	3
39.9375 	0.000699989 	9.88044e-05 	4
40.0 	0.00101386 	8.79829e-05 	8
40.125 	0.000657492 	9.10739e-05 	7
40.25 	0.00090021 	8.54668e-05 	8
40.3125 	0.000518876 	4.91505e-05 	4
40.5 	0.00076202 	7.82766e-05 	5
40.5625 	0.000383907 	9.84327e-05 	2
40.625 	0.000633546 	8.08942e-05 	6
40.8125 	0.000399224 	6.83004e-05 	3
40.9375 	0.000650238 	8.28018e-05 	6
41.125 	0.00102397 	7.55843e-05 	10
41.1875 	0.000315325 	8.49203e-05 	2
41.25 	0.000459603 	8.16127e-05 	5
41.3125 	0.00087948 	9.51632e-05 	8
41.5 	0.000419519 	7.1958e-05 	3
41.6875 	0.000622043 	5.35203e-05 	6
41.8125 	0.000531167 	9.60756e-05 	4
41.9375 	0.000637208 	8.01689e-05 	6
42.0 	0.000653957 	7.46968e-05 	7
42.25 	0.000468888 	8.17221e-05 	2
42.5 	0.000653229 	8.51106e-05 	8
42.6875 	0.000488527 	9.0661e-05 	5
42.8125 	0.000674725 	8.78539e-05 	7
42.875 	0.000596456 	5.924e-05 	6
42.9375 	0.000567728 	9.7299e-05 	5
43.0 	0.000750703 	5.50234e-05 	4
43.0625 	0.000616616 	9.67218e-05 	8
43.1875 	0.000659792 	6.57437e-05 	6
43.3125 	0.000941994 	9.49059e-05 	9
43.375 	0.000661406 	6.37354e-05 	4
43.9375 	0.000576541 	9.66364e-05 	7
44.0 	0.000637133 	7.67157e-05 	8
44.125 	0.000749094 	5.10657e-05 	4
44.25 	0.000994523 	9.64692e-05 	9
44.3125 	0.00065803 	8.91204e-05 	6
44.4375 	0.000484015 	7.35103e-05 	6
44.5625 	0.000493278 	6.12984e-05 	4
44.6875 	0.000442809 	9.45489e-05 	1
44.8125 	0.000381627 	9.74569e-05 	3
44.875 	0.000932541 	9.69533e-05 	8
45.0 	0.000660754 	7.26156e-05 	4
45.1875 	0.00080973 	9.75909e-05 	4
45.3125 	0.000650031 	9.72746e-05 	7
45.5 	0.00044585 	7.57623e-05 	3
45.625 	0.000673948 	8.21997e-05 	5
45.6875 	0.000885063 	9.45438e-05 	6
45.75 	0.00095345 	9.65529e-05 	8
46.0 	0.000831184 	8.32889e-05 	8
46.0625 	0.000597743 	7.24642e-05 	3
46.3125 	0.000490024 	7.75647e-05 	3
46.5625 	0.000765828 	9.6036e-05 	7
46.625 	0.000346489 	8.19057e-05 	4
46.6875 	0.000798783 	8.16988e-05 	8
46.75 	0.000546194 	9.82303e-05 	5
47.0 	0.000592843 	9.79888e-05 	7
47.0625 	0.000592832 	9.37405e-05 	5
47.25 	0.000466058 	8.61739e-05 	5
47.375 	0.000473356 	9.59167e-05 	5
47.5 	0.000437304 	7.62665e-05 	3
47.5625 	0.000550986 	8.00335e-05 	8
47.8125 	0.000761371 	9.42712e-05 	6
48.1875 	0.000421418 	5.58504e-05 	3
48.25 	0.000816603 	9.11682e-05 	6
48.3125 	0.000897732 	8.1519e-05 	11
48.4375 	0.000406176 	5.64722e-05 	3
48.5625 	0.000336609 	4.68786e-05 	3
48.75 	0.000741805 	7.8262e-05 	8
48.8125 	0.000595365 	9.12929e-05 	4
49.0 	0.000541719 	8.83211e-05 	3
49.3125 	0.000451105 	8.54157e-05 	3
49.375 	0.00077278 	6.11233e-05 	4
49.4375 	0.000730651 	9.35527e-05 	4
49.5625 	0.000466903 	9.5791e-05 	2
49.6875 	0.00066565 	8.09715e-05 	3
49.75 	0.000892521 	9.47187e-05 	9
50.3125 	0.000485685 	7.32953e-05 	3
50.375 	0.000852781 	9.05507e-05 	8
50.4375 	0.000629927 	9.4594e-05 	4
50.5625 	0.000545343 	8.17114e-05 	3
50.625 	0.000351429 	6.85228e-05 	2
50.75 	0.00050657 	7.78021e-05 	4
50.8125 	0.00055922 	5.09962e-05 	3
50.875 	0.00044493 	7.43713e-05 	6
50.9375 	0.000617249 	8.40757e-05 	4
51.0 	0.000265205 	7.86708e-05 	2
51.125 	0.000412528 	6.56688e-05 	3
51.1875 	0.000622114 	7.09806e-05 	6
51.25 	0.000757141 	9.7188e-05 	6
51.375 	0.000584323 	8.14718e-05 	4
51.4375 	0.000526014 	9.51542e-05 	4
51.5 	0.000821978 	9.10187e-05 	7
51.8125 	0.000735524 	9.96017e-05 	8
52.0625 	0.000652943 	7.30962e-05 	4
52.1875 	0.0010457 	9.93645e-05 	10
52.3125 	0.000399315 	9.41806e-05 	4
52.5 	0.000766009 	7.84244e-05 	4
52.8125 	0.000411221 	7.96146e-05 	5
52.9375 	0.000393874 	7.21885e-05 	3
53.1875 	0.000744449 	7.58018e-05 	4
53.5 	0.000846203 	7.82178e-05 	6
53.5625 	0.000481803 	7.58247e-05 	6
53.625 	0.000652963 	9.69332e-05 	5
53.6875 	0.000407885 	9.61291e-05 	2
53.75 	0.000515395 	9.41876e-05 	7
53.875 	0.000396622 	5.96601e-05 	3
54.0 	0.000568607 	6.71165e-05 	3
54.0625 	0.000803565 	8.68101e-05 	4
54.1875 	0.000918842 	9.38821e-05 	8
54.25 	0.000827244 	7.06451e-05 	8
54.3125 	0.000701877 	9.82982e-05 	5
54.375 	0.00053407 	7.89999e-05 	3
54.4375 	0.000787112 	7.53786e-05 	8
54.6875 	0.000395463 	6.27916e-05 	4
54.8125 	0.000721677 	9.60836e-05 	6
54.875 	0.000384604 	8.11675e-05 	2
54.9375 	0.000407329 	9.58317e-05 	2
55.0 	0.000612469 	9.68995e-05 	3
55.3125 	0.000794161 	8.40189e-05 	9
55.4375 	0.000438139 	8.10328e-05 	3
55.5 	0.000705389 	9.94944e-05 	6
55.75 	0.00053935 	9.94214e-05 	3
55.9375 	0.000397892 	9.08384e-05 	2
56.0 	0.000647345 	8.30399e-05 	4
56.0625 	0.000998036 	9.81823e-05 	9
56.3125 	0.000322945 	6.36116e-05 	2
56.375 	0.000419194 	9.7624e-05 	6
56.4375 	0.000497154 	9.87419e-05 	3
56.5625 	0.000484365 	6.66876e-05 	3
56.6875 	0.000362312 	8.32894e-05 	3
56.75 	0.00068789 	7.10143e-05 	6
57.0 	0.000798394 	6.5017e-05 	8
57.0625 	0.000745751 	7.32945e-05 	8
57.1875 	0.000699265 	6.93603e-05 	4
57.25 	0.000746069 	8.98954e-05 	4
57.3125 	0.000639098 	7.38617e-05 	6
57.4375 	0.000455121 	9.67764e-05 	4
57.6875 	0.000699586 	7.96452e-05 	4
58.125 	0.000539678 	8.48449e-05 	3
58.1875 	0.000572666 	9.86232e-05 	6
58.25 	0.000743476 	9.67787e-05 	7
58.3125 	0.000764206 	7.16315e-05 	8
58.4375 	0.000517704 	8.71372e-05 	2
58.5625 	0.000485271 	8.30652e-05 	3
58.8125 	0.000488884 	8.429e-05 	5
58.875 	0.000415494 	9.58451e-05 	4
59.0 	0.000485925 	8.0724e-05 	6
59.125 	0.000650706 	9.66269e-05 	4
59.25 	0.000962044 	9.79195e-05 	7
59.3125 	0.000429862 	8.5698e-05 	4
59.375 	0.000742163 	8.71156e-05 	7
59.5 	0.000388406 	6.09923e-05 	3
59.6875 	0.000846804 	9.80017e-05 	8
59.8125 	0.000719619 	7.90464e-05 	8
60.4375 	0.00073831 	8.18953e-05 	4
60.5625 	0.000938411 	9.64995e-05 	7
60.625 	0.000595844 	8.12891e-05 	4
61.0 	0.000338375 	6.69654e-05 	2
61.125 	0.000781573 	8.42177e-05 	6
61.4375 	0.000705728 	8.1283e-05 	6
61.625 	0.00033918 	6.89788e-05 	3
61.8125 	0.000450522 	9.68757e-05 	4
61.9375 	0.000541303 	8.67738e-05 	4
62.1875 	0.000429106 	9.64932e-05 	3
62.375 	0.00046278 	6.6207e-05 	4
62.5 	0.000555592 	8.83986e-05 	4
62.5625 	0.000523695 	7.41469e-05 	7
62.875 	0.000468073 	9.56119e-05 	2
62.9375 	0.000430295 	9.98944e-05 	3
63.0 	0.000642924 	8.80211e-05 	3
63.25 	0.000658074 	8.09095e-05 	6
63.5625 	0.000883486 	8.35391e-05 	11
63.8125 	0.000570761 	9.10668e-05 	6
63.9375 	0.000403877 	6.5653e-05 	3
64.0 	0.000658415 	7.19793e-05 	4
64.4375 	0.000494579 	9.93442e-05 	3
64.6875 	0.000598092 	6.88131e-05 	4
64.75 	0.000425584 	8.77277e-05 	7
64.8125 	0.000743467 	8.31862e-05 	4
64.875 	0.000637371 	9.17228e-05 	6
64.9375 	0.000622013 	9.74623e-05 	5
65.0 	0.000557699 	8.28738e-05 	4
65.0625 	0.000584921 	9.64601e-05 	4
65.125 	0.000883509 	9.0641e-05 	8
65.625 	0.000589029 	7.29938e-05 	4
65.8125 	0.000604421 	9.11183e-05 	4
65.9375 	0.000508278 	7.61984e-05 	2
66.0 	0.000395874 	7.93488e-05 	2
66.0625 	0.00113877 	8.25401e-05 	10
66.3125 	0.000482557 	6.44579e-05 	3
66.5 	0.000354757 	9.07663e-05 	3
66.75 	0.000756019 	9.22187e-05 	6
66.8125 	0.000716442 	8.09765e-05 	8
66.9375 	0.000387988 	9.37574e-05 	2
67.25 	0.00073172 	7.19221e-05 	4
67.5 	0.000642616 	8.30369e-05 	6
67.8125 	0.000682018 	8.65192e-05 	5
67.875 	0.00079244 	8.30112e-05 	8
67.9375 	0.000343307 	6.64913e-05 	3
68.0 	0.000910982 	8.64756e-05 	10
68.125 	0.000498305 	9.59768e-05 	2
68.1875 	0.000836091 	8.08734e-05 	4
68.3125 	0.000829335 	7.9211e-05 	8
68.4375 	0.000718146 	7.46869e-05 	4
68.5625 	0.000349302 	5.95069e-05 	2
68.6875 	0.000460918 	8.32456e-05 	5
68.75 	0.000603022 	9.06489e-05 	6
68.8125 	0.000297942 	6.92197e-05 	2
68.9375 	0.000582458 	9.15442e-05 	3
69.125 	0.000620219 	4.47726e-05 	3
69.1875 	0.000939777 	7.91111e-05 	10
69.25 	0.000609432 	8.72607e-05 	4
69.3125 	0.000508953 	7.44079e-05 	3
69.4375 	0.000412371 	7.62956e-05 	3
69.5 	0.000627092 	7.21408e-05 	4
69.75 	0.000960396 	9.58555e-05 	9
69.8125 	0.000808762 	9.34023e-05 	9
69.875 	0.000619973 	7.54189e-05 	6
69.9375 	0.000628748 	9.9537e-05 	7
