# time 	Initial 	Final 	Iterations
0.333274 	0.000109515 	5.40706e-05 	1
0.579973 	6.75691e-05 	6.75691e-05 	0
0.642226 	0.000103136 	5.29103e-05 	1
0.70448 	6.39972e-05 	6.39972e-05 	0
0.766734 	9.87796e-05 	9.87796e-05 	0
0.828988 	7.39919e-05 	7.39919e-05 	0
1.01575 	5.43055e-05 	5.43055e-05 	0
1.26477 	6.67206e-05 	6.67206e-05 	0
1.38927 	8.62401e-05 	8.62401e-05 	0
1.45153 	0.000168133 	5.96648e-05 	1
1.51378 	8.89914e-05 	8.89914e-05 	0
1.7628 	0.000105224 	3.93168e-05 	1
1.8873 	0.000109107 	4.86918e-05 	1
1.94956 	0.0001047 	5.26284e-05 	1
2.07407 	7.71506e-05 	7.71506e-05 	0
2.19857 	9.68721e-05 	9.68721e-05 	0
2.26083 	9.5113e-05 	9.5113e-05 	0
2.32308 	8.72076e-05 	8.72076e-05 	0
2.38534 	9.14037e-05 	9.14037e-05 	0
2.44759 	0.000111019 	5.80984e-05 	1
2.63435 	6.29881e-05 	6.29881e-05 	0
2.69661 	7.78025e-05 	7.78025e-05 	0
2.88337 	0.00010864 	5.28781e-05 	1
2.94562 	7.02815e-05 	7.02815e-05 	0
3.07013 	7.31072e-05 	7.31072e-05 	0
3.19464 	5.99226e-05 	5.99226e-05 	0
3.25689 	0.000125626 	4.34389e-05 	1
3.31914 	6.56651e-05 	6.56651e-05 	0
3.3814 	5.06812e-05 	5.06812e-05 	0
3.44365 	0.000113035 	6.16351e-05 	1
3.50591 	0.00010443 	4.0053e-05 	1
3.69267 	9.89791e-05 	9.89791e-05 	0
3.75492 	5.39908e-05 	5.39908e-05 	0
3.87943 	0.000122366 	6.08897e-05 	1
4.00394 	6.73291e-05 	6.73291e-05 	0
4.06619 	4.47368e-05 	4.47368e-05 	0
4.12845 	0.000112749 	5.74371e-05 	1
4.1907 	6.76372e-05 	6.76372e-05 	0
4.25295 	0.000174413 	6.28099e-05 	1
4.31521 	6.3883e-05 	6.3883e-05 	0
4.37746 	0.000108231 	5.2062e-05 	1
4.50197 	6.42654e-05 	6.42654e-05 	0
4.56422 	9.65649e-05 	9.65649e-05 	0
4.62648 	0.000103852 	5.03737e-05 	1
4.68873 	0.000126896 	6.84298e-05 	1
4.93775 	0.000113961 	6.16921e-05 	1
5.0 	9.14986e-05 	9.14986e-05 	0
5.0625 	0.000105905 	5.32299e-05 	1
5.125 	7.47006e-05 	7.47006e-05 	0
5.25 	0.000160394 	8.33213e-05 	1
5.375 	9.33601e-05 	9.33601e-05 	0
5.5 	9.41442e-05 	9.41442e-05 	0
5.5625 	7.66337e-05 	7.66337e-05 	0
5.625 	0.000156907 	5.61263e-05 	1
5.6875 	9.38265e-05 	9.38265e-05 	0
5.8125 	5.80825e-05 	5.80825e-05 	0
5.875 	0.000106116 	6.94142e-05 	1
5.9375 	0.000102731 	4.00167e-05 	1
6.0 	8.81985e-05 	8.81985e-05 	0
6.1875 	5.32623e-05 	5.32623e-05 	0
6.25 	0.000109813 	5.3386e-05 	1
6.4375 	0.000115478 	5.707e-05 	1
6.75 	0.000114823 	4.3688e-05 	1
6.8125 	0.0001369 	6.79558e-05 	1
6.9375 	6.1541e-05 	6.1541e-05 	0
7.125 	0.000109325 	7.74212e-05 	1
7.1875 	0.000139021 	4.00925e-05 	1
7.25 	9.47307e-05 	9.47307e-05 	0
7.4375 	0.000123201 	5.92542e-05 	1
7.5625 	7.79125e-05 	7.79125e-05 	0
7.625 	5.08209e-05 	5.08209e-05 	0
7.6875 	7.50088e-05 	7.50088e-05 	0
7.8125 	6.62162e-05 	6.62162e-05 	0
7.9375 	8.26191e-05 	8.26191e-05 	0
8.0 	0.000105162 	6.06494e-05 	1
8.0625 	7.94449e-05 	7.94449e-05 	0
8.125 	7.56074e-05 	7.56074e-05 	0
8.25 	0.000122475 	6.15627e-05 	1
8.3125 	0.000113799 	4.27557e-05 	1
8.4375 	7.88713e-05 	7.88713e-05 	0
8.5 	5.24011e-05 	5.24011e-05 	0
8.5625 	8.78197e-05 	8.78197e-05 	0
8.8125 	0.000117029 	7.4807e-05 	1
8.9375 	6.395e-05 	6.395e-05 	0
9.0 	8.51911e-05 	8.51911e-05 	0
9.1875 	9.56843e-05 	9.56843e-05 	0
9.25 	5.5587e-05 	5.5587e-05 	0
9.3125 	0.000102146 	4.94677e-05 	1
9.375 	0.000124267 	5.62564e-05 	1
9.4375 	4.86848e-05 	4.86848e-05 	0
9.5625 	3.78076e-05 	3.78076e-05 	0
9.625 	6.75222e-05 	6.75222e-05 	0
9.6875 	0.000173797 	6.02193e-05 	1
9.8125 	9.17647e-05 	9.17647e-05 	0
9.9375 	5.81865e-05 	5.81865e-05 	0
10.0 	9.36389e-05 	9.36389e-05 	0
10.1875 	0.000115504 	6.10838e-05 	1
10.3125 	6.9965e-05 	6.9965e-05 	0
10.625 	7.68146e-05 	7.68146e-05 	0
10.6875 	9.82517e-05 	9.82517e-05 	0
10.75 	4.33407e-05 	4.33407e-05 	0
10.8125 	0.000116995 	5.74907e-05 	1
10.875 	8.60486e-05 	8.60486e-05 	0
11.0 	9.85353e-05 	9.85353e-05 	0
11.0625 	6.04836e-05 	6.04836e-05 	0
11.1875 	7.37317e-05 	7.37317e-05 	0
11.6875 	6.1714e-05 	6.1714e-05 	0
11.75 	0.000102982 	4.75661e-05 	1
11.8125 	0.000121385 	4.72026e-05 	1
11.875 	7.9031e-05 	7.9031e-05 	0
11.9375 	6.92111e-05 	6.92111e-05 	0
12.0 	5.17297e-05 	5.17297e-05 	0
12.0625 	4.64087e-05 	4.64087e-05 	0
12.1875 	8.17189e-05 	8.17189e-05 	0
12.3125 	0.000139063 	5.95322e-05 	1
12.375 	8.76826e-05 	8.76826e-05 	0
12.625 	9.53441e-05 	9.53441e-05 	0
12.6875 	7.28889e-05 	7.28889e-05 	0
12.8125 	6.87091e-05 	6.87091e-05 	0
12.875 	9.08209e-05 	9.08209e-05 	0
13.0 	4.94833e-05 	4.94833e-05 	0
13.0625 	8.23998e-05 	8.23998e-05 	0
13.1875 	0.000155135 	7.33216e-05 	1
13.25 	9.14142e-05 	9.14142e-05 	0
13.375 	9.92411e-05 	9.92411e-05 	0
13.4375 	4.49637e-05 	4.49637e-05 	0
13.5625 	0.000115378 	5.20209e-05 	1
13.625 	6.78836e-05 	6.78836e-05 	0
13.6875 	7.10216e-05 	7.10216e-05 	0
14.0 	8.22852e-05 	8.22852e-05 	0
14.0625 	9.27989e-05 	9.27989e-05 	0
14.125 	0.000103545 	4.59228e-05 	1
14.1875 	0.000116072 	4.20127e-05 	1
14.3125 	0.000137677 	6.86755e-05 	1
14.375 	8.1518e-05 	8.1518e-05 	0
14.4375 	0.000116101 	5.55696e-05 	1
14.5 	0.000120449 	4.09875e-05 	1
14.625 	0.00013473 	6.37436e-05 	1
14.6875 	5.29197e-05 	5.29197e-05 	0
14.75 	0.000112094 	4.07109e-05 	1
14.8125 	0.000105172 	4.73417e-05 	1
14.9375 	6.66501e-05 	6.66501e-05 	0
15.0 	9.07895e-05 	9.07895e-05 	0
15.1875 	9.92656e-05 	9.92656e-05 	0
15.25 	7.0001e-05 	7.0001e-05 	0
15.3125 	8.40788e-05 	8.40788e-05 	0
15.375 	8.27399e-05 	8.27399e-05 	0
15.4375 	6.40044e-05 	6.40044e-05 	0
15.5 	6.04519e-05 	6.04519e-05 	0
15.75 	4.45091e-05 	4.45091e-05 	0
15.8125 	6.73917e-05 	6.73917e-05 	0
15.875 	8.83e-05 	8.83e-05 	0
15.9375 	0.00010027 	6.06656e-05 	1
16.0 	3.52799e-05 	3.52799e-05 	0
16.0625 	9.75048e-05 	9.75048e-05 	0
16.125 	5.00931e-05 	5.00931e-05 	0
16.1875 	0.000121087 	9.10629e-05 	1
16.25 	6.98347e-05 	6.98347e-05 	0
16.3125 	6.84013e-05 	6.84013e-05 	0
16.375 	9.02783e-05 	9.02783e-05 	0
16.5 	7.46585e-05 	7.46585e-05 	0
16.625 	0.00010036 	5.70883e-05 	1
16.8125 	0.00016615 	5.75465e-05 	1
16.9375 	0.000150582 	8.99915e-05 	1
17.25 	7.3346e-05 	7.3346e-05 	0
17.3125 	0.000114557 	5.68155e-05 	1
17.375 	5.84251e-05 	5.84251e-05 	0
17.4375 	5.29251e-05 	5.29251e-05 	0
17.5625 	8.1826e-05 	8.1826e-05 	0
17.625 	7.57238e-05 	7.57238e-05 	0
17.6875 	5.62477e-05 	5.62477e-05 	0
18.0 	8.58499e-05 	8.58499e-05 	0
18.0625 	8.50676e-05 	8.50676e-05 	0
18.1875 	5.12276e-05 	5.12276e-05 	0
18.25 	8.63772e-05 	8.63772e-05 	0
18.375 	6.38054e-05 	6.38054e-05 	0
18.4375 	8.86051e-05 	8.86051e-05 	0
18.5625 	0.000116028 	5.13217e-05 	1
18.625 	4.50468e-05 	4.50468e-05 	0
18.8125 	6.05946e-05 	6.05946e-05 	0
18.875 	0.00011513 	6.0104e-05 	1
18.9375 	0.000102867 	5.18028e-05 	1
19.125 	4.70315e-05 	4.70315e-05 	0
19.4375 	9.87133e-05 	9.87133e-05 	0
19.5 	0.000107555 	4.34274e-05 	1
19.625 	4.96971e-05 	4.96971e-05 	0
19.6875 	6.87658e-05 	6.87658e-05 	0
19.75 	8.80042e-05 	8.80042e-05 	0
19.9375 	8.00033e-05 	8.00033e-05 	0
20.0 	9.63282e-05 	9.63282e-05 	0
20.0625 	6.98455e-05 	6.98455e-05 	0
20.125 	7.63302e-05 	7.63302e-05 	0
20.1875 	9.43947e-05 	9.43947e-05 	0
20.375 	0.000115514 	4.36368e-05 	1
20.4375 	7.40281e-05 	7.40281e-05 	0
20.5 	7.62937e-05 	7.62937e-05 	0
20.5625 	4.45182e-05 	4.45182e-05 	0
20.625 	4.35646e-05 	4.35646e-05 	0
20.6875 	9.79499e-05 	9.79499e-05 	0
20.75 	2.90267e-05 	2.90267e-05 	0
21.0 	0.000104886 	6.98139e-05 	1
21.0625 	5.77909e-05 	5.77909e-05 	0
21.1875 	6.76297e-05 	6.76297e-05 	0
21.3125 	0.000101148 	4.67437e-05 	1
21.5625 	5.92888e-05 	5.92888e-05 	0
21.625 	9.32088e-05 	9.32088e-05 	0
21.75 	7.19866e-05 	7.19866e-05 	0
21.8125 	5.12938e-05 	5.12938e-05 	0
21.875 	0.000105628 	6.24596e-05 	1
21.9375 	6.45901e-05 	6.45901e-05 	0
22.125 	0.000109222 	5.28207e-05 	1
22.1875 	4.84787e-05 	4.84787e-05 	0
22.25 	8.89716e-05 	8.89716e-05 	0
22.3125 	9.53118e-05 	9.53118e-05 	0
22.375 	6.01935e-05 	6.01935e-05 	0
22.8125 	0.000107519 	3.68253e-05 	1
22.9375 	8.43695e-05 	8.43695e-05 	0
23.0 	0.000105427 	5.84237e-05 	1
23.125 	6.9194e-05 	6.9194e-05 	0
23.1875 	9.06701e-05 	9.06701e-05 	0
23.3125 	6.41816e-05 	6.41816e-05 	0
23.375 	0.000115645 	4.56363e-05 	1
23.4375 	7.3759e-05 	7.3759e-05 	0
23.6875 	0.000110967 	4.0549e-05 	1
23.8125 	9.901e-05 	9.901e-05 	0
23.875 	7.7403e-05 	7.7403e-05 	0
24.0 	8.95074e-05 	8.95074e-05 	0
24.0625 	9.1337e-05 	9.1337e-05 	0
24.3125 	4.96917e-05 	4.96917e-05 	0
24.375 	5.71398e-05 	5.71398e-05 	0
24.4375 	9.20962e-05 	9.20962e-05 	0
24.5625 	5.89231e-05 	5.89231e-05 	0
24.625 	9.16951e-05 	9.16951e-05 	0
24.6875 	0.000115177 	3.34202e-05 	1
24.75 	7.35998e-05 	7.35998e-05 	0
24.8125 	0.000101048 	5.07837e-05 	1
25.0 	9.33445e-05 	9.33445e-05 	0
25.0625 	7.47312e-05 	7.47312e-05 	0
25.125 	4.19071e-05 	4.19071e-05 	0
25.25 	0.000114153 	6.84042e-05 	1
25.3125 	7.11931e-05 	7.11931e-05 	0
25.625 	0.000108683 	6.96561e-05 	1
25.6875 	5.76158e-05 	5.76158e-05 	0
25.75 	6.60944e-05 	6.60944e-05 	0
25.8125 	6.42003e-05 	6.42003e-05 	0
26.0 	7.51486e-05 	7.51486e-05 	0
26.125 	0.000120922 	5.88444e-05 	1
26.25 	7.01571e-05 	7.01571e-05 	0
26.3125 	6.89023e-05 	6.89023e-05 	0
26.375 	0.000113672 	3.20279e-05 	1
26.5 	7.82229e-05 	7.82229e-05 	0
26.5625 	0.000173795 	6.04122e-05 	1
26.625 	0.000104574 	4.56727e-05 	1
26.6875 	0.000142291 	7.7431e-05 	1
26.875 	9.90435e-05 	9.90435e-05 	0
26.9375 	0.000104878 	5.52432e-05 	1
27.0 	5.78926e-05 	5.78926e-05 	0
27.25 	7.63599e-05 	7.63599e-05 	0
27.3125 	8.00549e-05 	8.00549e-05 	0
27.375 	7.27087e-05 	7.27087e-05 	0
27.5 	4.86699e-05 	4.86699e-05 	0
27.625 	9.12528e-05 	9.12528e-05 	0
27.6875 	6.49679e-05 	6.49679e-05 	0
27.75 	6.53751e-05 	6.53751e-05 	0
27.8125 	0.00010204 	4.71978e-05 	1
28.0 	6.15468e-05 	6.15468e-05 	0
28.0625 	0.000129084 	5.12192e-05 	1
28.125 	6.58136e-05 	6.58136e-05 	0
28.3125 	9.68002e-05 	9.68002e-05 	0
28.4375 	0.000117321 	7.43666e-05 	1
28.5 	7.16312e-05 	7.16312e-05 	0
28.625 	8.33643e-05 	8.33643e-05 	0
28.6875 	8.94521e-05 	8.94521e-05 	0
28.8125 	0.000137614 	6.49254e-05 	1
28.875 	7.85195e-05 	7.85195e-05 	0
28.9375 	0.000101471 	5.38754e-05 	1
29.0 	0.000114825 	4.96692e-05 	1
29.0625 	9.78479e-05 	9.78479e-05 	0
29.125 	6.5855e-05 	6.5855e-05 	0
29.1875 	0.000154416 	6.98966e-05 	1
29.25 	0.000100068 	4.20888e-05 	1
29.375 	0.000116446 	5.52162e-05 	1
29.4375 	9.03928e-05 	9.03928e-05 	0
29.5 	7.56607e-05 	7.56607e-05 	0
29.625 	6.80679e-05 	6.80679e-05 	0
29.6875 	9.18291e-05 	9.18291e-05 	0
29.75 	0.000104296 	4.0628e-05 	1
29.9375 	7.21585e-05 	7.21585e-05 	0
30.125 	8.19792e-05 	8.19792e-05 	0
30.1875 	5.65378e-05 	5.65378e-05 	0
30.25 	7.72878e-05 	7.72878e-05 	0
30.3125 	6.58859e-05 	6.58859e-05 	0
30.375 	6.29416e-05 	6.29416e-05 	0
30.4375 	8.91379e-05 	8.91379e-05 	0
30.5 	5.49599e-05 	5.49599e-05 	0
30.5625 	9.43181e-05 	9.43181e-05 	0
30.6875 	5.69297e-05 	5.69297e-05 	0
30.8125 	0.000107625 	4.3405e-05 	1
30.9375 	5.29319e-05 	5.29319e-05 	0
31.1875 	5.42395e-05 	5.42395e-05 	0
31.25 	0.000112708 	4.63831e-05 	1
31.375 	4.61644e-05 	4.61644e-05 	0
31.5 	9.76912e-05 	9.76912e-05 	0
31.625 	0.000131222 	5.53933e-05 	1
31.75 	0.000125315 	5.12161e-05 	1
31.8125 	9.16926e-05 	9.16926e-05 	0
31.875 	8.68651e-05 	8.68651e-05 	0
32.0 	5.30169e-05 	5.30169e-05 	0
32.125 	5.07901e-05 	5.07901e-05 	0
32.1875 	5.12757e-05 	5.12757e-05 	0
32.25 	5.10323e-05 	5.10323e-05 	0
32.3125 	6.06666e-05 	6.06666e-05 	0
32.4375 	7.94978e-05 	7.94978e-05 	0
32.5 	8.67886e-05 	8.67886e-05 	0
32.625 	7.85739e-05 	7.85739e-05 	0
32.6875 	0.000154273 	4.2174e-05 	1
32.75 	0.000104612 	4.2289e-05 	1
32.8125 	6.52744e-05 	6.52744e-05 	0
32.875 	5.20256e-05 	5.20256e-05 	0
33.0 	9.43336e-05 	9.43336e-05 	0
33.0625 	6.50594e-05 	6.50594e-05 	0
33.125 	0.000111062 	4.40738e-05 	1
33.1875 	0.000132918 	5.09553e-05 	1
33.25 	5.29773e-05 	5.29773e-05 	0
33.3125 	0.000171429 	6.41482e-05 	1
33.375 	0.000107083 	5.15531e-05 	1
33.4375 	9.59958e-05 	9.59958e-05 	0
33.625 	8.14457e-05 	8.14457e-05 	0
33.6875 	5.91213e-05 	5.91213e-05 	0
33.75 	7.6053e-05 	7.6053e-05 	0
33.875 	0.000149627 	5.3094e-05 	1
33.9375 	0.000100753 	4.04161e-05 	1
34.0625 	0.000101459 	5.93972e-05 	1
34.125 	8.85367e-05 	8.85367e-05 	0
34.1875 	6.62031e-05 	6.62031e-05 	0
34.25 	6.23325e-05 	6.23325e-05 	0
34.3125 	0.000110019 	6.20613e-05 	1
34.375 	4.06868e-05 	4.06868e-05 	0
34.4375 	5.92575e-05 	5.92575e-05 	0
34.5 	7.64526e-05 	7.64526e-05 	0
34.5625 	0.000106957 	5.96719e-05 	1
34.625 	7.89458e-05 	7.89458e-05 	0
34.6875 	0.000115931 	5.10378e-05 	1
34.875 	4.24163e-05 	4.24163e-05 	0
34.9375 	0.000102703 	4.42522e-05 	1
35.0625 	7.48054e-05 	7.48054e-05 	0
35.125 	5.19565e-05 	5.19565e-05 	0
35.25 	8.23607e-05 	8.23607e-05 	0
35.3125 	0.000123103 	6.03999e-05 	2
35.375 	8.47809e-05 	8.47809e-05 	0
35.625 	0.000113311 	7.04075e-05 	1
35.6875 	0.000124638 	5.98177e-05 	1
35.75 	5.19348e-05 	5.19348e-05 	0
35.8125 	8.90435e-05 	8.90435e-05 	0
35.875 	6.12719e-05 	6.12719e-05 	0
35.9375 	7.71862e-05 	7.71862e-05 	0
36.0 	3.11506e-05 	3.11506e-05 	0
36.125 	6.82614e-05 	6.82614e-05 	0
36.25 	8.72942e-05 	8.72942e-05 	0
36.4375 	0.000101777 	4.81324e-05 	1
36.5 	9.05228e-05 	9.05228e-05 	0
36.625 	9.36551e-05 	9.36551e-05 	0
36.8125 	6.25717e-05 	6.25717e-05 	0
36.875 	0.000107618 	5.08447e-05 	1
37.125 	0.000109044 	6.69198e-05 	2
37.1875 	8.49627e-05 	8.49627e-05 	0
37.3125 	6.79411e-05 	6.79411e-05 	0
37.375 	6.45153e-05 	6.45153e-05 	0
37.4375 	8.16558e-05 	8.16558e-05 	0
37.5 	7.88359e-05 	7.88359e-05 	0
37.5625 	5.04135e-05 	5.04135e-05 	0
37.75 	9.19709e-05 	9.19709e-05 	0
37.9375 	9.23561e-05 	9.23561e-05 	0
38.0 	7.78772e-05 	7.78772e-05 	0
38.0625 	7.26934e-05 	7.26934e-05 	0
38.125 	9.0273e-05 	9.0273e-05 	0
38.25 	8.04635e-05 	8.04635e-05 	0
38.3125 	5.79921e-05 	5.79921e-05 	0
38.4375 	7.19807e-05 	7.19807e-05 	0
38.5625 	8.09966e-05 	8.09966e-05 	0
38.6875 	0.000112712 	5.81443e-05 	1
38.8125 	9.61571e-05 	9.61571e-05 	0
38.875 	0.000102113 	3.94165e-05 	1
38.9375 	4.01498e-05 	4.01498e-05 	0
39.0 	3.81802e-05 	3.81802e-05 	0
39.0625 	0.00010339 	6.53569e-05 	1
39.125 	8.37999e-05 	8.37999e-05 	0
39.1875 	0.000124735 	6.58169e-05 	1
39.25 	9.5728e-05 	9.5728e-05 	0
39.3125 	0.000102063 	5.34032e-05 	1
39.5625 	7.09552e-05 	7.09552e-05 	0
39.625 	0.000112978 	6.81077e-05 	1
39.6875 	5.19324e-05 	5.19324e-05 	0
39.75 	8.43896e-05 	8.43896e-05 	0
39.875 	8.08846e-05 	8.08846e-05 	0
39.9375 	4.57728e-05 	4.57728e-05 	0
40.0 	7.95473e-05 	7.95473e-05 	0
40.125 	5.78764e-05 	5.78764e-05 	0
40.25 	6.49121e-05 	6.49121e-05 	0
40.3125 	7.54986e-05 	7.54986e-05 	0
40.4375 	0.000100594 	5.07625e-05 	1
40.5 	0.000126054 	7.52404e-05 	1
40.5625 	7.58042e-05 	7.58042e-05 	0
40.625 	7.39927e-05 	7.39927e-05 	0
40.8125 	0.000118363 	4.99418e-05 	1
40.9375 	6.42822e-05 	6.42822e-05 	0
41.125 	7.92722e-05 	7.92722e-05 	0
41.1875 	6.3052e-05 	6.3052e-05 	0
41.25 	5.84767e-05 	5.84767e-05 	0
41.3125 	7.62563e-05 	7.62563e-05 	0
41.4375 	8.04698e-05 	8.04698e-05 	0
41.5 	4.96283e-05 	4.96283e-05 	0
41.6875 	8.67746e-05 	8.67746e-05 	0
41.8125 	7.72938e-05 	7.72938e-05 	0
41.875 	6.88028e-05 	6.88028e-05 	0
41.9375 	0.000127396 	5.5859e-05 	1
42.0 	9.69022e-05 	9.69022e-05 	0
42.25 	8.89825e-05 	8.89825e-05 	0
42.5 	5.88925e-05 	5.88925e-05 	0
42.6875 	0.00012421 	5.34319e-05 	1
42.8125 	9.88905e-05 	9.88905e-05 	0
42.875 	7.04324e-05 	7.04324e-05 	0
42.9375 	0.000127775 	7.17606e-05 	1
43.0 	0.000116163 	5.86578e-05 	1
43.0625 	0.000156484 	6.76696e-05 	1
43.1875 	0.000116989 	6.90893e-05 	1
43.3125 	8.14728e-05 	8.14728e-05 	0
43.375 	6.85116e-05 	6.85116e-05 	0
43.6875 	0.000117697 	4.95606e-05 	1
43.8125 	5.23642e-05 	5.23642e-05 	0
43.9375 	9.84811e-05 	9.84811e-05 	0
44.0 	5.736e-05 	5.736e-05 	0
44.0625 	4.71799e-05 	4.71799e-05 	0
44.125 	4.58165e-05 	4.58165e-05 	0
44.1875 	7.09148e-05 	7.09148e-05 	0
44.25 	4.02644e-05 	4.02644e-05 	0
44.3125 	0.0001105 	7.30769e-05 	1
44.375 	0.000115108 	5.81239e-05 	1
44.4375 	6.06175e-05 	6.06175e-05 	0
44.5625 	9.4887e-05 	9.4887e-05 	0
44.6875 	0.000108783 	5.06428e-05 	1
44.75 	7.6033e-05 	7.6033e-05 	0
44.8125 	8.82162e-05 	8.82162e-05 	0
44.875 	0.000110446 	4.14678e-05 	1
44.9375 	9.57529e-05 	9.57529e-05 	0
45.0 	0.000103667 	5.41551e-05 	1
45.0625 	2.91215e-05 	2.91215e-05 	0
45.1875 	9.90466e-05 	9.90466e-05 	0
45.3125 	4.61563e-05 	4.61563e-05 	0
45.5 	9.49376e-05 	9.49376e-05 	0
45.625 	6.34254e-05 	6.34254e-05 	0
45.6875 	8.71247e-05 	8.71247e-05 	0
45.75 	6.1415e-05 	6.1415e-05 	0
45.9375 	4.41189e-05 	4.41189e-05 	0
46.0 	0.000105491 	6.47242e-05 	1
46.0625 	0.000129017 	5.1758e-05 	1
46.3125 	7.0856e-05 	7.0856e-05 	0
46.5625 	9.98134e-05 	9.98134e-05 	0
46.625 	0.000108919 	6.72234e-05 	1
46.6875 	0.000129156 	7.63201e-05 	1
46.75 	9.31279e-05 	9.31279e-05 	0
46.875 	4.33125e-05 	4.33125e-05 	0
47.0 	5.21875e-05 	5.21875e-05 	0
47.0625 	0.000124999 	6.59021e-05 	1
47.125 	7.36626e-05 	7.36626e-05 	0
47.1875 	8.45124e-05 	8.45124e-05 	0
47.25 	8.87933e-05 	8.87933e-05 	0
47.375 	0.000129146 	6.12872e-05 	1
47.5 	0.000102628 	4.69503e-05 	1
47.5625 	8.56977e-05 	8.56977e-05 	0
47.625 	0.000117774 	5.02703e-05 	1
47.6875 	7.20466e-05 	7.20466e-05 	0
47.8125 	6.94267e-05 	6.94267e-05 	0
48.0625 	5.92572e-05 	5.92572e-05 	0
48.1875 	8.27524e-05 	8.27524e-05 	0
48.25 	7.02365e-05 	7.02365e-05 	0
48.3125 	0.000108828 	5.82272e-05 	2
48.4375 	9.47069e-05 	9.47069e-05 	0
48.5625 	0.000103225 	3.99104e-05 	1
48.75 	5.71339e-05 	5.71339e-05 	0
48.8125 	8.09047e-05 	8.09047e-05 	0
48.9375 	0.000165221 	6.19682e-05 	1
49.0 	6.27508e-05 	6.27508e-05 	0
49.125 	0.000100402 	4.8474e-05 	1
49.25 	0.000160744 	6.06118e-05 	1
49.3125 	0.000101906 	4.48933e-05 	1
49.375 	8.91621e-05 	8.91621e-05 	0
49.4375 	7.71495e-05 	7.71495e-05 	0
49.5 	7.04206e-05 	7.04206e-05 	0
49.5625 	8.84167e-05 	8.84167e-05 	0
49.625 	5.37874e-05 	5.37874e-05 	0
49.6875 	7.23349e-05 	7.23349e-05 	0
49.75 	6.58533e-05 	6.58533e-05 	0
50.0625 	0.000100958 	4.74997e-05 	1
50.25 	4.67346e-05 	4.67346e-05 	0
50.3125 	9.30954e-05 	9.30954e-05 	0
50.375 	9.55695e-05 	9.55695e-05 	0
50.4375 	8.4832e-05 	8.4832e-05 	0
50.5625 	0.000108989 	7.25398e-05 	1
50.625 	7.26619e-05 	7.26619e-05 	0
50.75 	0.00010691 	4.86465e-05 	1
50.8125 	4.61539e-05 	4.61539e-05 	0
50.875 	0.000120213 	5.83194e-05 	1
50.9375 	7.96983e-05 	7.96983e-05 	0
51.0 	5.11634e-05 	5.11634e-05 	0
51.125 	6.48692e-05 	6.48692e-05 	0
51.1875 	0.000144234 	6.37929e-05 	1
51.25 	6.7163e-05 	6.7163e-05 	0
51.3125 	8.93444e-05 	8.93444e-05 	0
51.375 	9.61727e-05 	9.61727e-05 	0
51.4375 	7.23401e-05 	7.23401e-05 	0
51.5 	8.08369e-05 	8.08369e-05 	0
51.625 	9.46186e-05 	9.46186e-05 	0
51.6875 	0.000108536 	6.14574e-05 	1
51.8125 	3.48883e-05 	3.48883e-05 	0
51.875 	8.89874e-05 	8.89874e-05 	0
52.0 	0.000169614 	8.51479e-05 	1
52.0625 	8.16666e-05 	8.16666e-05 	0
52.1875 	6.27794e-05 	6.27794e-05 	0
52.3125 	0.000102777 	5.10515e-05 	1
52.375 	6.52663e-05 	6.52663e-05 	0
52.5 	0.000126874 	6.97799e-05 	1
52.625 	9.49522e-05 	9.49522e-05 	0
52.75 	6.74755e-05 	6.74755e-05 	0
52.8125 	0.000113492 	7.09211e-05 	1
52.875 	0.000164599 	8.72839e-05 	1
52.9375 	4.76463e-05 	4.76463e-05 	0
53.125 	8.96384e-05 	8.96384e-05 	0
53.1875 	6.29489e-05 	6.29489e-05 	0
53.25 	5.93233e-05 	5.93233e-05 	0
53.3125 	6.00671e-05 	6.00671e-05 	0
53.5 	9.40137e-05 	9.40137e-05 	0
53.5625 	6.27004e-05 	6.27004e-05 	0
53.625 	0.000101364 	4.81875e-05 	1
53.6875 	0.000137536 	7.05976e-05 	1
53.75 	0.000110088 	4.08787e-05 	1
53.8125 	8.37173e-05 	8.37173e-05 	0
53.875 	0.000116783 	6.23616e-05 	1
54.0 	8.2413e-05 	8.2413e-05 	0
54.0625 	5.51634e-05 	5.51634e-05 	0
54.1875 	0.000100532 	4.75925e-05 	1
54.25 	9.89596e-05 	9.89596e-05 	0
54.3125 	9.97453e-05 	9.97453e-05 	0
54.375 	7.60098e-05 	7.60098e-05 	0
54.4375 	9.63763e-05 	9.63763e-05 	0
54.6875 	4.39519e-05 	4.39519e-05 	0
54.8125 	0.000112164 	5.92526e-05 	1
54.875 	5.33589e-05 	5.33589e-05 	0
54.9375 	6.81686e-05 	6.81686e-05 	0
55.0 	6.21963e-05 	6.21963e-05 	0
55.0625 	7.2412e-05 	7.2412e-05 	0
55.125 	5.02821e-05 	5.02821e-05 	0
55.3125 	7.75526e-05 	7.75526e-05 	0
55.4375 	3.32163e-05 	3.32163e-05 	0
55.5 	9.91478e-05 	9.91478e-05 	0
55.6875 	9.02533e-05 	9.02533e-05 	0
55.75 	4.25336e-05 	4.25336e-05 	0
55.875 	7.27325e-05 	7.27325e-05 	0
55.9375 	0.000152525 	5.48193e-05 	1
56.0 	9.05572e-05 	9.05572e-05 	0
56.0625 	8.64666e-05 	8.64666e-05 	0
56.3125 	8.43871e-05 	8.43871e-05 	0
56.375 	5.6774e-05 	5.6774e-05 	0
56.4375 	0.000117983 	5.69046e-05 	1
56.5625 	7.10289e-05 	7.10289e-05 	0
56.6875 	0.000120773 	5.33309e-05 	1
56.75 	9.47616e-05 	9.47616e-05 	0
56.8125 	0.000119526 	4.33124e-05 	1
56.9375 	7.7022e-05 	7.7022e-05 	0
57.0 	6.24775e-05 	6.24775e-05 	0
57.0625 	8.68977e-05 	8.68977e-05 	0
57.1875 	0.000110188 	6.74971e-05 	1
57.25 	0.000101459 	3.73478e-05 	1
57.3125 	7.86658e-05 	7.86658e-05 	0
57.375 	0.000105799 	3.12732e-05 	1
57.4375 	5.97165e-05 	5.97165e-05 	0
57.625 	0.00014274 	6.05532e-05 	1
57.6875 	0.000129287 	5.56451e-05 	1
57.75 	8.40641e-05 	8.40641e-05 	0
57.8125 	5.74544e-05 	5.74544e-05 	0
58.0 	9.49419e-05 	9.49419e-05 	0
58.0625 	6.43775e-05 	6.43775e-05 	0
58.125 	9.35137e-05 	9.35137e-05 	0
58.1875 	9.84833e-05 	9.84833e-05 	0
58.25 	0.000100841 	3.99283e-05 	1
58.3125 	9.40089e-05 	9.40089e-05 	0
58.4375 	7.50501e-05 	7.50501e-05 	0
58.5625 	9.48257e-05 	9.48257e-05 	0
58.6875 	0.000111719 	3.57308e-05 	1
58.8125 	0.000118254 	5.89675e-05 	1
58.875 	0.000113788 	4.57602e-05 	1
58.9375 	9.74708e-05 	9.74708e-05 	0
59.0 	7.20257e-05 	7.20257e-05 	0
59.125 	6.56894e-05 	6.56894e-05 	0
59.25 	8.05763e-05 	8.05763e-05 	0
59.3125 	8.48517e-05 	8.48517e-05 	0
59.375 	7.58767e-05 	7.58767e-05 	0
59.4375 	6.78392e-05 	6.78392e-05 	0
59.5 	8.39018e-05 	8.39018e-05 	0
59.6875 	9.83518e-05 	9.83518e-05 	0
59.8125 	8.99795e-05 	8.99795e-05 	0
59.875 	9.82552e-05 	9.82552e-05 	0
59.9375 	0.000113077 	5.29839e-05 	1
60.125 	0.000106587 	4.21008e-05 	1
60.375 	0.000150948 	8.22217e-05 	1
60.4375 	0.000112736 	4.76397e-05 	1
60.5625 	0.000119485 	6.44051e-05 	1
60.625 	8.72168e-05 	8.72168e-05 	0
60.75 	9.2169e-05 	9.2169e-05 	0
60.8125 	0.000109121 	5.08663e-05 	1
60.875 	6.86789e-05 	6.86789e-05 	0
61.0 	0.000102177 	6.14642e-05 	1
61.125 	0.000113697 	4.72969e-05 	1
61.1875 	6.58431e-05 	6.58431e-05 	0
61.25 	7.45122e-05 	7.45122e-05 	0
61.3125 	0.000103763 	4.86036e-05 	1
61.4375 	8.5902e-05 	8.5902e-05 	0
61.5 	0.000110449 	5.90162e-05 	1
61.625 	0.000122683 	5.51444e-05 	1
61.6875 	9.96126e-05 	9.96126e-05 	0
61.8125 	6.2891e-05 	6.2891e-05 	0
61.875 	9.78763e-05 	9.78763e-05 	0
61.9375 	3.38406e-05 	3.38406e-05 	0
62.0 	9.12077e-05 	9.12077e-05 	0
62.125 	4.50393e-05 	4.50393e-05 	0
62.1875 	8.58052e-05 	8.58052e-05 	0
62.25 	5.91213e-05 	5.91213e-05 	0
62.375 	9.32454e-05 	9.32454e-05 	0
62.5 	0.000110779 	5.17106e-05 	1
62.5625 	8.60563e-05 	8.60563e-05 	0
62.75 	0.000104936 	4.13687e-05 	1
62.875 	0.000140662 	6.22196e-05 	1
62.9375 	0.000118291 	8.97994e-05 	1
63.0 	0.000108257 	3.14964e-05 	1
63.125 	7.09651e-05 	7.09651e-05 	0
63.25 	8.18912e-05 	8.18912e-05 	0
63.4375 	3.69631e-05 	3.69631e-05 	0
63.5625 	0.000121984 	6.19785e-05 	1
63.8125 	5.2425e-05 	5.2425e-05 	0
63.9375 	9.86011e-05 	9.86011e-05 	0
64.0 	9.87947e-05 	9.87947e-05 	0
64.0625 	7.68222e-05 	7.68222e-05 	0
64.25 	0.000118901 	4.92752e-05 	1
64.4375 	9.71782e-05 	9.71782e-05 	0
64.5625 	7.2116e-05 	7.2116e-05 	0
64.6875 	7.57418e-05 	7.57418e-05 	0
64.75 	5.03921e-05 	5.03921e-05 	0
64.8125 	0.000172122 	6.14934e-05 	1
64.875 	5.96379e-05 	5.96379e-05 	0
64.9375 	0.000123486 	5.70802e-05 	1
65.0 	5.45576e-05 	5.45576e-05 	0
65.0625 	6.80795e-05 	6.80795e-05 	0
65.125 	4.08836e-05 	4.08836e-05 	0
65.25 	7.32252e-05 	7.32252e-05 	0
65.5 	0.0001023 	4.18056e-05 	1
65.625 	5.75689e-05 	5.75689e-05 	0
65.8125 	6.88966e-05 	6.88966e-05 	0
65.9375 	0.000120915 	5.85395e-05 	1
66.0 	0.000147832 	9.51832e-05 	1
66.0625 	9.7795e-05 	9.7795e-05 	0
66.25 	4.03949e-05 	4.03949e-05 	0
66.3125 	8.17189e-05 	8.17189e-05 	0
66.5 	0.000120881 	4.65831e-05 	1
66.75 	5.99072e-05 	5.99072e-05 	0
66.8125 	0.000116436 	7.40169e-05 	1
66.875 	7.26578e-05 	7.26578e-05 	0
66.9375 	5.93201e-05 	5.93201e-05 	0
67.0 	0.000113383 	4.7141e-05 	1
67.25 	9.14108e-05 	9.14108e-05 	0
67.375 	0.000105866 	5.8832e-05 	1
67.4375 	7.82735e-05 	7.82735e-05 	0
67.5 	5.87032e-05 	5.87032e-05 	0
67.8125 	9.45028e-05 	9.45028e-05 	0
67.875 	9.01099e-05 	9.01099e-05 	0
67.9375 	0.000179509 	6.4878e-05 	1
68.0 	9.52745e-05 	9.52745e-05 	0
68.0625 	0.000114122 	5.32977e-05 	1
68.125 	8.19542e-05 	8.19542e-05 	0
68.1875 	6.21663e-05 	6.21663e-05 	0
68.3125 	6.88418e-05 	6.88418e-05 	0
68.375 	9.54257e-05 	9.54257e-05 	0
68.4375 	0.00011607 	6.44532e-05 	1
68.5625 	0.000104515 	4.52589e-05 	1
68.625 	9.29442e-05 	9.29442e-05 	0
68.6875 	9.90293e-05 	9.90293e-05 	0
68.75 	0.000103534 	4.15701e-05 	1
68.8125 	5.8978e-05 	5.8978e-05 	0
68.9375 	6.97517e-05 	6.97517e-05 	0
69.125 	5.87048e-05 	5.87048e-05 	0
69.1875 	6.77406e-05 	6.77406e-05 	0
69.25 	8.90963e-05 	8.90963e-05 	0
69.3125 	8.44256e-05 	8.44256e-05 	0
69.4375 	7.77993e-05 	7.77993e-05 	0
69.5 	0.00010723 	5.54961e-05 	1
69.75 	5.06507e-05 	5.06507e-05 	0
69.8125 	7.02438e-05 	7.02438e-05 	0
69.875 	0.000102663 	4.44988e-05 	1
69.9375 	5.10837e-05 	5.10837e-05 	0
