# time 	Initial 	Final 	Iterations
0.333274 	0.000144052 	8.22064e-05 	1
0.579973 	0.000102528 	5.09691e-05 	1
0.642226 	7.04872e-05 	7.04872e-05 	0
0.70448 	8.02269e-05 	8.02269e-05 	0
0.766734 	5.11569e-05 	5.11569e-05 	0
0.828988 	0.000126533 	5.31586e-05 	1
1.01575 	6.75137e-05 	6.75137e-05 	0
1.26477 	0.000126863 	6.10178e-05 	1
1.38927 	4.13848e-05 	4.13848e-05 	0
1.45153 	0.000108776 	6.65423e-05 	1
1.51378 	0.000102595 	4.73369e-05 	1
1.7628 	5.70707e-05 	5.70707e-05 	0
1.8873 	8.60564e-05 	8.60564e-05 	0
1.94956 	8.87282e-05 	8.87282e-05 	0
2.07407 	4.9866e-05 	4.9866e-05 	0
2.19857 	8.13828e-05 	8.13828e-05 	0
2.26083 	0.0001504 	6.898e-05 	1
2.32308 	0.000103771 	7.21569e-05 	1
2.38534 	4.80189e-05 	4.80189e-05 	0
2.44759 	6.90202e-05 	6.90202e-05 	0
2.63435 	0.000102739 	3.67038e-05 	1
2.69661 	8.59003e-05 	8.59003e-05 	0
2.88337 	8.0911e-05 	8.0911e-05 	0
2.94562 	8.56481e-05 	8.56481e-05 	0
3.07013 	7.32656e-05 	7.32656e-05 	0
3.19464 	9.66584e-05 	9.66584e-05 	0
3.25689 	5.84207e-05 	5.84207e-05 	0
3.31914 	9.2138e-05 	9.2138e-05 	0
3.3814 	6.97219e-05 	6.97219e-05 	0
3.44365 	0.000102019 	4.09503e-05 	1
3.50591 	9.21994e-05 	9.21994e-05 	0
3.69267 	6.91385e-05 	6.91385e-05 	0
3.75492 	0.00011212 	4.16371e-05 	1
3.87943 	0.000131008 	6.07989e-05 	1
4.00394 	4.54895e-05 	4.54895e-05 	0
4.06619 	9.03427e-05 	9.03427e-05 	0
4.12845 	3.73247e-05 	3.73247e-05 	0
4.1907 	0.000104441 	4.60734e-05 	1
4.25295 	7.51478e-05 	7.51478e-05 	0
4.31521 	0.000108671 	5.41512e-05 	1
4.37746 	8.70006e-05 	8.70006e-05 	0
4.50197 	0.000121921 	6.91709e-05 	1
4.56422 	0.000141637 	6.26056e-05 	1
4.62648 	7.94696e-05 	7.94696e-05 	0
4.68873 	6.53054e-05 	6.53054e-05 	0
4.93775 	0.000113518 	4.86494e-05 	1
5.0 	4.28953e-05 	4.28953e-05 	0
5.0625 	0.000101392 	4.75745e-05 	1
5.125 	4.8333e-05 	4.8333e-05 	0
5.25 	8.67671e-05 	8.67671e-05 	0
5.375 	0.00010439 	6.30325e-05 	1
5.5 	9.05922e-05 	9.05922e-05 	0
5.5625 	4.58269e-05 	4.58269e-05 	0
5.625 	0.000114154 	5.5442e-05 	1
5.6875 	4.00022e-05 	4.00022e-05 	0
5.8125 	3.96575e-05 	3.96575e-05 	0
5.875 	9.53162e-05 	9.53162e-05 	0
5.9375 	0.000110191 	6.91988e-05 	1
6.0 	0.000114147 	5.04232e-05 	1
6.1875 	4.16675e-05 	4.16675e-05 	0
6.25 	8.20112e-05 	8.20112e-05 	0
6.4375 	0.000110865 	5.8901e-05 	1
6.75 	8.54636e-05 	8.54636e-05 	0
6.8125 	0.00011615 	4.64168e-05 	1
6.9375 	8.18168e-05 	8.18168e-05 	0
7.125 	7.32422e-05 	7.32422e-05 	0
7.1875 	9.13663e-05 	9.13663e-05 	0
7.25 	8.25069e-05 	8.25069e-05 	0
7.5625 	7.15673e-05 	7.15673e-05 	0
7.6875 	9.59472e-05 	9.59472e-05 	0
7.8125 	5.45233e-05 	5.45233e-05 	0
7.9375 	0.000114097 	5.02065e-05 	1
8.0 	7.55871e-05 	7.55871e-05 	0
8.0625 	5.86754e-05 	5.86754e-05 	0
8.125 	7.06211e-05 	7.06211e-05 	0
8.25 	6.82549e-05 	6.82549e-05 	0
8.3125 	9.54868e-05 	9.54868e-05 	0
8.4375 	0.000156038 	5.52766e-05 	1
8.5 	0.000142029 	5.93432e-05 	1
8.5625 	0.000114259 	6.02845e-05 	1
8.8125 	9.46609e-05 	9.46609e-05 	0
8.9375 	9.70312e-05 	9.70312e-05 	0
9.0 	8.46822e-05 	8.46822e-05 	0
9.1875 	7.3433e-05 	7.3433e-05 	0
9.25 	6.99457e-05 	6.99457e-05 	0
9.3125 	8.6688e-05 	8.6688e-05 	0
9.375 	8.7176e-05 	8.7176e-05 	0
9.4375 	9.8823e-05 	9.8823e-05 	0
9.5625 	4.952e-05 	4.952e-05 	0
9.625 	7.7053e-05 	7.7053e-05 	0
9.6875 	8.18691e-05 	8.18691e-05 	0
9.8125 	8.79666e-05 	8.79666e-05 	0
9.9375 	5.84577e-05 	5.84577e-05 	0
10.0 	6.58568e-05 	6.58568e-05 	0
10.1875 	4.40136e-05 	4.40136e-05 	0
10.3125 	9.44687e-05 	9.44687e-05 	0
10.625 	0.000100847 	4.17086e-05 	1
10.6875 	7.09342e-05 	7.09342e-05 	0
10.75 	5.74767e-05 	5.74767e-05 	0
10.8125 	3.57463e-05 	3.57463e-05 	0
10.875 	0.000104191 	5.31653e-05 	1
11.0 	8.08317e-05 	8.08317e-05 	0
11.0625 	0.000103189 	5.18658e-05 	1
11.1875 	7.98572e-05 	7.98572e-05 	0
11.6875 	6.17908e-05 	6.17908e-05 	0
11.75 	5.61093e-05 	5.61093e-05 	0
11.8125 	8.14589e-05 	8.14589e-05 	0
11.875 	5.26542e-05 	5.26542e-05 	0
11.9375 	9.03441e-05 	9.03441e-05 	0
12.0 	0.000155711 	4.30354e-05 	1
12.0625 	7.43509e-05 	7.43509e-05 	0
12.1875 	8.02276e-05 	8.02276e-05 	0
12.3125 	0.000174168 	6.04834e-05 	1
12.375 	0.000131903 	6.17818e-05 	1
12.625 	9.76296e-05 	9.76296e-05 	0
12.6875 	5.00459e-05 	5.00459e-05 	0
12.8125 	6.82984e-05 	6.82984e-05 	0
12.875 	6.14219e-05 	6.14219e-05 	0
13.0 	0.000105661 	4.12173e-05 	1
13.0625 	8.39197e-05 	8.39197e-05 	0
13.1875 	0.000115988 	5.79055e-05 	1
13.25 	0.000138197 	6.15025e-05 	1
13.375 	8.28445e-05 	8.28445e-05 	0
13.5625 	9.82998e-05 	9.82998e-05 	0
13.625 	0.000108879 	5.68335e-05 	1
13.6875 	8.24051e-05 	8.24051e-05 	0
14.0 	0.000104474 	2.7449e-05 	1
14.0625 	7.8707e-05 	7.8707e-05 	0
14.125 	9.36341e-05 	9.36341e-05 	0
14.1875 	5.41615e-05 	5.41615e-05 	0
14.3125 	5.88441e-05 	5.88441e-05 	0
14.375 	5.40437e-05 	5.40437e-05 	0
14.4375 	0.000119493 	4.22569e-05 	1
14.5 	4.41184e-05 	4.41184e-05 	0
14.625 	9.19348e-05 	9.19348e-05 	0
14.6875 	7.87166e-05 	7.87166e-05 	0
14.75 	6.55693e-05 	6.55693e-05 	0
14.8125 	6.42552e-05 	6.42552e-05 	0
14.9375 	4.58662e-05 	4.58662e-05 	0
15.0 	4.73979e-05 	4.73979e-05 	0
15.1875 	5.32979e-05 	5.32979e-05 	0
15.25 	5.47357e-05 	5.47357e-05 	0
15.3125 	5.25567e-05 	5.25567e-05 	0
15.375 	8.20782e-05 	8.20782e-05 	0
15.4375 	7.85169e-05 	7.85169e-05 	0
15.5 	0.000121285 	6.34863e-05 	1
15.8125 	9.9407e-05 	9.9407e-05 	0
15.875 	5.69973e-05 	5.69973e-05 	0
15.9375 	0.000112165 	5.01341e-05 	1
16.0 	0.000100555 	3.91163e-05 	1
16.0625 	7.35327e-05 	7.35327e-05 	0
16.125 	0.000147864 	9.75752e-05 	1
16.1875 	5.43727e-05 	5.43727e-05 	0
16.25 	0.00011842 	4.65444e-05 	1
16.3125 	9.22707e-05 	9.22707e-05 	0
16.375 	5.03338e-05 	5.03338e-05 	0
16.5 	9.01099e-05 	9.01099e-05 	0
16.625 	0.000140592 	5.60332e-05 	1
16.8125 	0.000116692 	5.46815e-05 	1
16.9375 	0.000107598 	3.66443e-05 	1
17.25 	9.54434e-05 	9.54434e-05 	0
17.3125 	9.99916e-05 	9.99916e-05 	0
17.375 	5.92918e-05 	5.92918e-05 	0
17.4375 	6.1053e-05 	6.1053e-05 	0
17.5625 	7.59988e-05 	7.59988e-05 	0
17.6875 	9.52466e-05 	9.52466e-05 	0
18.0 	6.94958e-05 	6.94958e-05 	0
18.0625 	6.75251e-05 	6.75251e-05 	0
18.1875 	0.000101084 	4.10481e-05 	1
18.25 	7.64324e-05 	7.64324e-05 	0
18.375 	5.61069e-05 	5.61069e-05 	0
18.4375 	9.59947e-05 	9.59947e-05 	0
18.5625 	4.5856e-05 	4.5856e-05 	0
18.625 	0.000126755 	8.3163e-05 	1
18.8125 	5.24736e-05 	5.24736e-05 	0
18.875 	6.75191e-05 	6.75191e-05 	0
18.9375 	8.69958e-05 	8.69958e-05 	0
19.125 	5.82715e-05 	5.82715e-05 	0
19.4375 	9.63428e-05 	9.63428e-05 	0
19.5 	7.84513e-05 	7.84513e-05 	0
19.625 	0.000103688 	3.82671e-05 	1
19.6875 	0.000122609 	4.72973e-05 	1
19.75 	7.53939e-05 	7.53939e-05 	0
19.9375 	3.11804e-05 	3.11804e-05 	0
20.0 	6.86519e-05 	6.86519e-05 	0
20.125 	0.00017416 	5.83363e-05 	1
20.1875 	0.000122822 	6.21469e-05 	1
20.375 	0.000105142 	5.03336e-05 	1
20.4375 	4.35004e-05 	4.35004e-05 	0
20.5 	0.000120039 	5.24949e-05 	1
20.625 	8.718e-05 	8.718e-05 	0
20.6875 	9.81765e-05 	9.81765e-05 	0
20.75 	7.83503e-05 	7.83503e-05 	0
21.0 	8.46645e-05 	8.46645e-05 	0
21.0625 	6.90016e-05 	6.90016e-05 	0
21.1875 	9.42376e-05 	9.42376e-05 	0
21.3125 	9.91282e-05 	9.91282e-05 	0
21.5625 	0.000137731 	6.81465e-05 	1
21.75 	5.86667e-05 	5.86667e-05 	0
21.8125 	5.49431e-05 	5.49431e-05 	0
21.875 	9.33169e-05 	9.33169e-05 	0
21.9375 	4.57682e-05 	4.57682e-05 	0
22.125 	7.03813e-05 	7.03813e-05 	0
22.1875 	6.66753e-05 	6.66753e-05 	0
22.25 	8.44914e-05 	8.44914e-05 	0
22.3125 	5.91247e-05 	5.91247e-05 	0
22.375 	9.44373e-05 	9.44373e-05 	0
22.9375 	6.33911e-05 	6.33911e-05 	0
23.0 	0.000117153 	5.34112e-05 	1
23.125 	7.38069e-05 	7.38069e-05 	0
23.1875 	0.000125284 	5.83356e-05 	1
23.3125 	8.03727e-05 	8.03727e-05 	0
23.375 	9.54552e-05 	9.54552e-05 	0
23.4375 	0.000101505 	4.24032e-05 	1
23.6875 	9.60685e-05 	9.60685e-05 	0
23.8125 	9.18369e-05 	9.18369e-05 	0
24.0 	4.86051e-05 	4.86051e-05 	0
24.0625 	6.13973e-05 	6.13973e-05 	0
24.3125 	0.000113111 	6.09512e-05 	1
24.375 	9.12811e-05 	9.12811e-05 	0
24.4375 	6.98819e-05 	6.98819e-05 	0
24.5625 	0.00012937 	7.10773e-05 	1
24.6875 	4.28781e-05 	4.28781e-05 	0
24.75 	7.80107e-05 	7.80107e-05 	0
24.8125 	0.000115914 	5.23665e-05 	1
25.0 	8.79435e-05 	8.79435e-05 	0
25.0625 	0.000109429 	4.46279e-05 	1
25.125 	8.14104e-05 	8.14104e-05 	0
25.25 	5.90378e-05 	5.90378e-05 	0
25.3125 	0.000106494 	5.30768e-05 	1
25.625 	7.20249e-05 	7.20249e-05 	0
25.6875 	0.000120576 	5.68708e-05 	1
25.75 	8.20953e-05 	8.20953e-05 	0
25.8125 	0.000122826 	7.34751e-05 	1
26.0 	4.67401e-05 	4.67401e-05 	0
26.125 	9.79865e-05 	9.79865e-05 	0
26.25 	8.89791e-05 	8.89791e-05 	0
26.3125 	6.72748e-05 	6.72748e-05 	0
26.375 	7.97615e-05 	7.97615e-05 	0
26.5 	8.56907e-05 	8.56907e-05 	0
26.5625 	7.35069e-05 	7.35069e-05 	0
26.625 	7.70524e-05 	7.70524e-05 	0
26.6875 	0.000109257 	7.84775e-05 	1
26.875 	0.000105018 	4.92682e-05 	1
26.9375 	7.62773e-05 	7.62773e-05 	0
27.0 	7.05813e-05 	7.05813e-05 	0
27.25 	9.2499e-05 	9.2499e-05 	0
27.3125 	8.73441e-05 	8.73441e-05 	0
27.375 	9.95072e-05 	9.95072e-05 	0
27.5 	7.71497e-05 	7.71497e-05 	0
27.625 	9.5382e-05 	9.5382e-05 	0
27.6875 	6.27952e-05 	6.27952e-05 	0
27.75 	9.46049e-05 	9.46049e-05 	0
27.8125 	5.7943e-05 	5.7943e-05 	0
28.0 	4.42112e-05 	4.42112e-05 	0
28.0625 	6.22411e-05 	6.22411e-05 	0
28.125 	9.07943e-05 	9.07943e-05 	0
28.3125 	7.13391e-05 	7.13391e-05 	0
28.4375 	8.75179e-05 	8.75179e-05 	0
28.5 	8.46333e-05 	8.46333e-05 	0
28.625 	6.97772e-05 	6.97772e-05 	0
28.6875 	7.22686e-05 	7.22686e-05 	0
28.8125 	9.76174e-05 	9.76174e-05 	0
28.875 	9.22395e-05 	9.22395e-05 	0
28.9375 	6.22506e-05 	6.22506e-05 	0
29.0 	8.67837e-05 	8.67837e-05 	0
29.0625 	9.52426e-05 	9.52426e-05 	0
29.125 	7.8702e-05 	7.8702e-05 	0
29.1875 	6.76486e-05 	6.76486e-05 	0
29.25 	5.48147e-05 	5.48147e-05 	0
29.375 	9.979e-05 	9.979e-05 	0
29.4375 	0.00011798 	4.61538e-05 	1
29.625 	0.000109381 	4.56402e-05 	1
29.6875 	9.91196e-05 	9.91196e-05 	0
29.75 	0.000109693 	5.73041e-05 	1
29.9375 	8.43871e-05 	8.43871e-05 	0
30.125 	6.59567e-05 	6.59567e-05 	0
30.25 	0.000108494 	5.07971e-05 	1
30.3125 	8.40831e-05 	8.40831e-05 	0
30.375 	8.02975e-05 	8.02975e-05 	0
30.4375 	7.58125e-05 	7.58125e-05 	0
30.5 	0.000108736 	4.06367e-05 	1
30.5625 	5.50771e-05 	5.50771e-05 	0
30.6875 	9.84093e-05 	9.84093e-05 	0
30.8125 	9.09954e-05 	9.09954e-05 	0
30.9375 	0.000105594 	4.39613e-05 	1
31.1875 	6.94002e-05 	6.94002e-05 	0
31.25 	5.7165e-05 	5.7165e-05 	0
31.375 	7.74335e-05 	7.74335e-05 	0
31.5 	5.82658e-05 	5.82658e-05 	0
31.625 	7.02484e-05 	7.02484e-05 	0
31.75 	7.9751e-05 	7.9751e-05 	0
31.8125 	6.13798e-05 	6.13798e-05 	0
31.875 	7.35219e-05 	7.35219e-05 	0
32.0 	0.000104616 	5.20803e-05 	1
32.125 	0.000113131 	5.7997e-05 	1
32.1875 	0.000110409 	6.86372e-05 	1
32.25 	7.83406e-05 	7.83406e-05 	0
32.3125 	9.917e-05 	9.917e-05 	0
32.4375 	0.000118787 	5.28748e-05 	1
32.5 	0.000106273 	4.28053e-05 	1
32.625 	8.28471e-05 	8.28471e-05 	0
32.6875 	7.14804e-05 	7.14804e-05 	0
32.75 	7.61642e-05 	7.61642e-05 	0
32.8125 	2.90283e-05 	2.90283e-05 	0
32.875 	0.000121314 	4.97878e-05 	1
33.0 	6.32536e-05 	6.32536e-05 	0
33.0625 	0.000110049 	6.19141e-05 	1
33.125 	7.89719e-05 	7.89719e-05 	0
33.1875 	4.72704e-05 	4.72704e-05 	0
33.3125 	9.44189e-05 	9.44189e-05 	0
33.375 	9.21678e-05 	9.21678e-05 	0
33.4375 	0.000114394 	4.7012e-05 	1
33.625 	0.000132901 	5.48378e-05 	1
33.6875 	6.87681e-05 	6.87681e-05 	0
33.875 	5.36307e-05 	5.36307e-05 	0
33.9375 	0.000161214 	6.08071e-05 	1
34.0625 	0.00011637 	5.39353e-05 	1
34.125 	7.84405e-05 	7.84405e-05 	0
34.1875 	9.09238e-05 	9.09238e-05 	0
34.25 	7.48284e-05 	7.48284e-05 	0
34.3125 	5.00503e-05 	5.00503e-05 	0
34.375 	0.000104662 	5.61788e-05 	1
34.4375 	6.02825e-05 	6.02825e-05 	0
34.5 	0.000110735 	4.99055e-05 	1
34.5625 	0.000109311 	3.41337e-05 	1
34.625 	6.49746e-05 	6.49746e-05 	0
34.6875 	7.70396e-05 	7.70396e-05 	0
34.875 	5.36616e-05 	5.36616e-05 	0
34.9375 	9.91347e-05 	9.91347e-05 	0
35.0625 	0.00011295 	5.36907e-05 	1
35.125 	5.40148e-05 	5.40148e-05 	0
35.25 	0.000118973 	4.08772e-05 	1
35.3125 	7.66238e-05 	7.66238e-05 	0
35.375 	0.000124387 	5.95601e-05 	1
35.625 	9.25542e-05 	9.25542e-05 	0
35.6875 	7.98692e-05 	7.98692e-05 	0
35.75 	0.000186665 	6.07714e-05 	1
35.8125 	7.04654e-05 	7.04654e-05 	0
35.875 	0.000101666 	6.1707e-05 	1
35.9375 	0.000115188 	5.41515e-05 	1
36.0 	4.36012e-05 	4.36012e-05 	0
36.125 	5.42603e-05 	5.42603e-05 	0
36.25 	0.000112806 	4.91417e-05 	1
36.4375 	8.16988e-05 	8.16988e-05 	0
36.5 	7.38259e-05 	7.38259e-05 	0
36.8125 	9.31279e-05 	9.31279e-05 	0
36.875 	8.34658e-05 	8.34658e-05 	0
37.125 	9.23402e-05 	9.23402e-05 	0
37.1875 	7.61372e-05 	7.61372e-05 	0
37.3125 	0.000103322 	4.46447e-05 	1
37.4375 	6.19464e-05 	6.19464e-05 	0
37.5 	0.000114333 	4.25102e-05 	1
37.5625 	0.000106436 	4.73038e-05 	1
37.75 	0.000122775 	4.35078e-05 	1
37.9375 	6.39971e-05 	6.39971e-05 	0
38.0 	6.84912e-05 	6.84912e-05 	0
38.0625 	6.40635e-05 	6.40635e-05 	0
38.125 	9.29599e-05 	9.29599e-05 	0
38.25 	0.000115858 	3.79247e-05 	1
38.3125 	6.98654e-05 	6.98654e-05 	0
38.4375 	6.3304e-05 	6.3304e-05 	0
38.5625 	5.44852e-05 	5.44852e-05 	0
38.6875 	5.67857e-05 	5.67857e-05 	0
38.8125 	4.26648e-05 	4.26648e-05 	0
38.875 	0.000112462 	4.14824e-05 	1
38.9375 	5.57211e-05 	5.57211e-05 	0
39.0 	7.29493e-05 	7.29493e-05 	0
39.0625 	0.00010438 	4.36629e-05 	1
39.125 	4.85838e-05 	4.85838e-05 	0
39.1875 	0.000111858 	4.41703e-05 	1
39.25 	6.6016e-05 	6.6016e-05 	0
39.3125 	0.000120265 	4.50348e-05 	1
39.5625 	7.81458e-05 	7.81458e-05 	0
39.625 	0.000105968 	5.7702e-05 	1
39.6875 	0.000110286 	6.31906e-05 	1
39.75 	6.53986e-05 	6.53986e-05 	0
39.875 	6.02538e-05 	6.02538e-05 	0
39.9375 	5.35571e-05 	5.35571e-05 	0
40.0 	0.00010868 	4.35591e-05 	1
40.125 	4.81517e-05 	4.81517e-05 	0
40.25 	0.000107621 	4.21831e-05 	1
40.3125 	2.9058e-05 	2.9058e-05 	0
40.4375 	7.45623e-05 	7.45623e-05 	0
40.5 	0.000106928 	5.76685e-05 	1
40.5625 	8.56324e-05 	8.56324e-05 	0
40.625 	6.09978e-05 	6.09978e-05 	0
40.8125 	6.90749e-05 	6.90749e-05 	0
40.9375 	8.94493e-05 	8.94493e-05 	0
41.125 	6.08089e-05 	6.08089e-05 	0
41.1875 	7.11103e-05 	7.11103e-05 	0
41.25 	9.82079e-05 	9.82079e-05 	0
41.3125 	0.000125618 	5.68288e-05 	1
41.4375 	9.06293e-05 	9.06293e-05 	0
41.5 	7.146e-05 	7.146e-05 	0
41.6875 	4.58102e-05 	4.58102e-05 	0
41.8125 	9.01449e-05 	9.01449e-05 	0
41.9375 	9.04173e-05 	9.04173e-05 	0
42.0 	7.90614e-05 	7.90614e-05 	0
42.25 	6.41593e-05 	6.41593e-05 	0
42.5 	0.000103151 	7.01806e-05 	2
42.6875 	0.000100911 	5.19795e-05 	1
42.8125 	8.80365e-05 	8.80365e-05 	0
42.875 	8.25335e-05 	8.25335e-05 	0
42.9375 	0.000104836 	4.47582e-05 	1
43.0 	0.000110968 	6.24579e-05 	1
43.0625 	7.10953e-05 	7.10953e-05 	0
43.1875 	5.09972e-05 	5.09972e-05 	0
43.3125 	6.28205e-05 	6.28205e-05 	0
43.375 	0.000147166 	6.53988e-05 	1
43.6875 	0.000115985 	5.07003e-05 	1
43.9375 	0.000109405 	5.01582e-05 	1
44.0 	8.18553e-05 	8.18553e-05 	0
44.0625 	0.000107648 	4.79948e-05 	1
44.125 	6.34818e-05 	6.34818e-05 	0
44.1875 	0.000122519 	6.42376e-05 	1
44.25 	6.26482e-05 	6.26482e-05 	0
44.3125 	0.000177919 	6.33054e-05 	1
44.4375 	9.8994e-05 	9.8994e-05 	0
44.5625 	8.32407e-05 	8.32407e-05 	0
44.6875 	9.00824e-05 	9.00824e-05 	0
44.8125 	8.18154e-05 	8.18154e-05 	0
44.875 	7.64653e-05 	7.64653e-05 	0
44.9375 	7.86385e-05 	7.86385e-05 	0
45.0 	0.000107279 	5.94083e-05 	1
45.1875 	6.6167e-05 	6.6167e-05 	0
45.3125 	9.84737e-05 	9.84737e-05 	0
45.5 	0.000121405 	5.76611e-05 	1
45.625 	9.70379e-05 	9.70379e-05 	0
45.6875 	0.000156015 	5.97879e-05 	1
45.75 	6.93429e-05 	6.93429e-05 	0
46.0 	4.02389e-05 	4.02389e-05 	0
46.0625 	5.47626e-05 	5.47626e-05 	0
46.3125 	7.89886e-05 	7.89886e-05 	0
46.5625 	6.39231e-05 	6.39231e-05 	0
46.625 	0.00017616 	6.15537e-05 	1
46.6875 	6.99923e-05 	6.99923e-05 	0
46.75 	3.64721e-05 	3.64721e-05 	0
46.875 	3.80978e-05 	3.80978e-05 	0
47.0 	7.44811e-05 	7.44811e-05 	0
47.0625 	5.12872e-05 	5.12872e-05 	0
47.125 	0.00012314 	5.32761e-05 	1
47.1875 	9.49456e-05 	9.49456e-05 	0
47.25 	0.000136651 	6.55627e-05 	1
47.375 	5.7172e-05 	5.7172e-05 	0
47.5 	0.000126119 	6.35844e-05 	1
47.5625 	7.59887e-05 	7.59887e-05 	0
47.625 	9.10958e-05 	9.10958e-05 	0
47.6875 	7.04066e-05 	7.04066e-05 	0
47.8125 	0.000105124 	5.55509e-05 	1
48.0625 	0.000109267 	6.96474e-05 	1
48.1875 	5.44379e-05 	5.44379e-05 	0
48.25 	7.58216e-05 	7.58216e-05 	0
48.3125 	6.7929e-05 	6.7929e-05 	0
48.4375 	0.00017169 	6.32329e-05 	1
48.5625 	6.48224e-05 	6.48224e-05 	0
48.75 	9.41784e-05 	9.41784e-05 	0
48.8125 	0.000116254 	5.52376e-05 	1
48.9375 	0.000102335 	5.05382e-05 	1
49.0 	8.26924e-05 	8.26924e-05 	0
49.125 	6.2779e-05 	6.2779e-05 	0
49.25 	0.000114166 	6.02807e-05 	1
49.3125 	4.91113e-05 	4.91113e-05 	0
49.375 	9.62354e-05 	9.62354e-05 	0
49.4375 	6.61521e-05 	6.61521e-05 	0
49.5 	9.75455e-05 	9.75455e-05 	0
49.5625 	5.5177e-05 	5.5177e-05 	0
49.6875 	6.21295e-05 	6.21295e-05 	0
49.75 	0.000139576 	4.66388e-05 	1
50.0625 	6.92039e-05 	6.92039e-05 	0
50.25 	9.77886e-05 	9.77886e-05 	0
50.3125 	5.93203e-05 	5.93203e-05 	0
50.375 	0.000104292 	5.2436e-05 	1
50.4375 	0.000114769 	4.81574e-05 	1
50.5625 	6.1346e-05 	6.1346e-05 	0
50.625 	8.9967e-05 	8.9967e-05 	0
50.75 	7.01091e-05 	7.01091e-05 	0
50.8125 	5.28213e-05 	5.28213e-05 	0
50.875 	0.000106647 	5.84555e-05 	1
50.9375 	6.20384e-05 	6.20384e-05 	0
51.0 	7.33273e-05 	7.33273e-05 	0
51.125 	7.57005e-05 	7.57005e-05 	0
51.1875 	7.54205e-05 	7.54205e-05 	0
51.25 	7.23866e-05 	7.23866e-05 	0
51.3125 	8.44369e-05 	8.44369e-05 	0
51.375 	6.8521e-05 	6.8521e-05 	0
51.4375 	5.96314e-05 	5.96314e-05 	0
51.5 	0.000100366 	4.20596e-05 	1
51.625 	9.38593e-05 	9.38593e-05 	0
51.6875 	8.9021e-05 	8.9021e-05 	0
51.8125 	5.28821e-05 	5.28821e-05 	0
52.0 	5.86016e-05 	5.86016e-05 	0
52.0625 	6.39627e-05 	6.39627e-05 	0
52.1875 	8.6079e-05 	8.6079e-05 	0
52.3125 	7.58363e-05 	7.58363e-05 	0
52.5 	8.42753e-05 	8.42753e-05 	0
52.625 	5.90209e-05 	5.90209e-05 	0
52.75 	0.000110666 	4.60849e-05 	1
52.8125 	8.41787e-05 	8.41787e-05 	0
52.9375 	7.70026e-05 	7.70026e-05 	0
53.1875 	0.000109653 	4.59626e-05 	1
53.25 	7.48911e-05 	7.48911e-05 	0
53.3125 	8.15106e-05 	8.15106e-05 	0
53.5 	5.40782e-05 	5.40782e-05 	0
53.5625 	4.73161e-05 	4.73161e-05 	0
53.625 	7.54491e-05 	7.54491e-05 	0
53.6875 	9.15591e-05 	9.15591e-05 	0
53.75 	0.000117508 	5.53929e-05 	1
53.875 	5.68599e-05 	5.68599e-05 	0
54.0 	6.41838e-05 	6.41838e-05 	0
54.0625 	0.000116039 	4.54157e-05 	1
54.1875 	5.60161e-05 	5.60161e-05 	0
54.25 	0.000134879 	4.71672e-05 	1
54.3125 	6.67458e-05 	6.67458e-05 	0
54.375 	4.91963e-05 	4.91963e-05 	0
54.4375 	8.0751e-05 	8.0751e-05 	0
54.6875 	8.51655e-05 	8.51655e-05 	0
54.8125 	5.84728e-05 	5.84728e-05 	0
54.875 	9.97092e-05 	9.97092e-05 	0
54.9375 	0.00010154 	3.65636e-05 	1
55.0 	0.000127825 	7.06219e-05 	1
55.125 	9.31276e-05 	9.31276e-05 	0
55.3125 	6.4036e-05 	6.4036e-05 	0
55.4375 	0.000116699 	5.49899e-05 	1
55.5 	0.000117361 	5.61199e-05 	1
55.6875 	9.16428e-05 	9.16428e-05 	0
55.75 	8.8585e-05 	8.8585e-05 	0
55.875 	6.47021e-05 	6.47021e-05 	0
55.9375 	7.94875e-05 	7.94875e-05 	0
56.0 	9.78304e-05 	9.78304e-05 	0
56.0625 	0.000123354 	7.1778e-05 	1
56.3125 	0.000115906 	7.0091e-05 	1
56.375 	0.000100296 	4.48663e-05 	1
56.4375 	6.72667e-05 	6.72667e-05 	0
56.5625 	0.000115079 	6.62008e-05 	1
56.6875 	0.000159515 	5.68874e-05 	1
56.75 	0.000121452 	5.6439e-05 	1
56.8125 	6.39551e-05 	6.39551e-05 	0
56.9375 	6.53576e-05 	6.53576e-05 	0
57.0 	8.48674e-05 	8.48674e-05 	0
57.0625 	7.96024e-05 	7.96024e-05 	0
57.1875 	6.21078e-05 	6.21078e-05 	0
57.25 	7.33687e-05 	7.33687e-05 	0
57.3125 	0.000117987 	5.17954e-05 	1
57.4375 	3.83819e-05 	3.83819e-05 	0
57.625 	7.20203e-05 	7.20203e-05 	0
57.6875 	9.76745e-05 	9.76745e-05 	0
57.75 	9.10193e-05 	9.10193e-05 	0
57.8125 	7.3416e-05 	7.3416e-05 	0
58.0 	5.9314e-05 	5.9314e-05 	0
58.0625 	7.57455e-05 	7.57455e-05 	0
58.125 	9.39045e-05 	9.39045e-05 	0
58.1875 	6.85646e-05 	6.85646e-05 	0
58.25 	0.000130301 	4.58208e-05 	1
58.3125 	0.000100205 	3.9751e-05 	1
58.4375 	6.55803e-05 	6.55803e-05 	0
58.5625 	8.01684e-05 	8.01684e-05 	0
58.6875 	7.46778e-05 	7.46778e-05 	0
58.8125 	7.25142e-05 	7.25142e-05 	0
58.875 	5.08685e-05 	5.08685e-05 	0
58.9375 	0.000100032 	3.80753e-05 	1
59.0 	6.27457e-05 	6.27457e-05 	0
59.125 	8.6676e-05 	8.6676e-05 	0
59.25 	7.66927e-05 	7.66927e-05 	0
59.3125 	6.06582e-05 	6.06582e-05 	0
59.375 	8.18815e-05 	8.18815e-05 	0
59.5 	7.4088e-05 	7.4088e-05 	0
59.6875 	8.74618e-05 	8.74618e-05 	0
59.8125 	9.65813e-05 	9.65813e-05 	0
59.875 	3.91529e-05 	3.91529e-05 	0
59.9375 	4.07359e-05 	4.07359e-05 	0
60.375 	0.000121377 	4.84835e-05 	1
60.4375 	8.4808e-05 	8.4808e-05 	0
60.5625 	0.000114285 	6.50468e-05 	1
60.625 	6.28869e-05 	6.28869e-05 	0
60.875 	6.86261e-05 	6.86261e-05 	0
61.0 	4.66982e-05 	4.66982e-05 	0
61.125 	7.17288e-05 	7.17288e-05 	0
61.1875 	7.72247e-05 	7.72247e-05 	0
61.25 	7.81182e-05 	7.81182e-05 	0
61.4375 	8.81978e-05 	8.81978e-05 	0
61.5 	0.00011581 	5.97866e-05 	1
61.625 	5.22506e-05 	5.22506e-05 	0
61.6875 	8.46963e-05 	8.46963e-05 	0
61.8125 	8.50623e-05 	8.50623e-05 	0
61.9375 	9.79944e-05 	9.79944e-05 	0
62.125 	8.18318e-05 	8.18318e-05 	0
62.1875 	6.35225e-05 	6.35225e-05 	0
62.25 	8.88416e-05 	8.88416e-05 	0
62.375 	0.000167814 	6.09781e-05 	1
62.5 	7.59679e-05 	7.59679e-05 	0
62.5625 	4.97182e-05 	4.97182e-05 	0
62.875 	5.29848e-05 	5.29848e-05 	0
62.9375 	7.56657e-05 	7.56657e-05 	0
63.0 	6.07608e-05 	6.07608e-05 	0
63.25 	0.000109701 	5.05173e-05 	1
63.4375 	5.87892e-05 	5.87892e-05 	0
63.5625 	0.00010304 	7.88133e-05 	1
63.8125 	6.29452e-05 	6.29452e-05 	0
63.9375 	5.61901e-05 	5.61901e-05 	0
64.0 	6.73718e-05 	6.73718e-05 	0
64.25 	0.000129303 	5.91242e-05 	1
64.4375 	0.000113278 	5.04484e-05 	1
64.5625 	6.35707e-05 	6.35707e-05 	0
64.6875 	9.61754e-05 	9.61754e-05 	0
64.75 	0.000118944 	5.13257e-05 	1
64.8125 	0.000114854 	5.1386e-05 	1
64.875 	7.85544e-05 	7.85544e-05 	0
64.9375 	3.964e-05 	3.964e-05 	0
65.0 	9.63037e-05 	9.63037e-05 	0
65.0625 	9.5376e-05 	9.5376e-05 	0
65.125 	7.06719e-05 	7.06719e-05 	0
65.625 	0.00012724 	5.10105e-05 	1
65.8125 	0.000151758 	6.0806e-05 	1
65.9375 	8.45711e-05 	8.45711e-05 	0
66.0 	3.58849e-05 	3.58849e-05 	0
66.0625 	4.34502e-05 	4.34502e-05 	0
66.3125 	7.0647e-05 	7.0647e-05 	0
66.5 	0.00012987 	4.80083e-05 	1
66.75 	0.000102861 	6.26703e-05 	1
66.8125 	8.73072e-05 	8.73072e-05 	0
66.875 	7.87081e-05 	7.87081e-05 	0
66.9375 	5.26421e-05 	5.26421e-05 	0
67.25 	8.38177e-05 	8.38177e-05 	0
67.375 	8.02877e-05 	8.02877e-05 	0
67.4375 	8.53907e-05 	8.53907e-05 	0
67.5 	9.71565e-05 	9.71565e-05 	0
67.8125 	4.02337e-05 	4.02337e-05 	0
67.875 	0.000112118 	7.05663e-05 	1
67.9375 	6.77822e-05 	6.77822e-05 	0
68.0 	7.87806e-05 	7.87806e-05 	0
68.0625 	5.12518e-05 	5.12518e-05 	0
68.125 	7.61756e-05 	7.61756e-05 	0
68.1875 	9.98172e-05 	9.98172e-05 	0
68.3125 	6.62202e-05 	6.62202e-05 	0
68.375 	5.72236e-05 	5.72236e-05 	0
68.4375 	7.10842e-05 	7.10842e-05 	0
68.5625 	5.65049e-05 	5.65049e-05 	0
68.6875 	0.000111323 	5.54257e-05 	1
68.75 	9.62327e-05 	9.62327e-05 	0
68.8125 	7.47866e-05 	7.47866e-05 	0
68.9375 	9.22547e-05 	9.22547e-05 	0
69.125 	9.3214e-05 	9.3214e-05 	0
69.1875 	0.000144862 	6.05925e-05 	1
69.25 	6.53309e-05 	6.53309e-05 	0
69.3125 	5.16284e-05 	5.16284e-05 	0
69.4375 	0.000130986 	5.41092e-05 	1
69.5 	0.000104583 	5.82622e-05 	1
69.75 	9.69288e-05 	9.69288e-05 	0
69.8125 	7.5287e-05 	7.5287e-05 	0
69.875 	0.000107315 	4.75389e-05 	1
69.9375 	0.000109736 	5.07938e-05 	1
