# time 	Initial 	Final 	Iterations
0.333274 	0.000204179 	1.45678e-05 	1
0.579973 	0.000235262 	1.92051e-05 	1
0.642226 	0.000211595 	1.70414e-05 	1
0.70448 	0.000108439 	4.54381e-06 	2
0.766734 	0.000164637 	1.51981e-05 	1
0.828988 	0.000500517 	3.8588e-05 	1
1.01575 	0.000263829 	2.18877e-05 	1
1.26477 	0.000302191 	2.75344e-05 	1
1.38927 	0.000316186 	2.57013e-05 	1
1.45153 	0.000135893 	1.18001e-05 	1
1.51378 	0.000440089 	3.2617e-05 	1
1.7628 	0.00013497 	3.64959e-06 	2
1.8873 	0.000240834 	2.16832e-05 	1
1.94956 	0.000257455 	1.99273e-05 	1
2.07407 	0.000188 	1.5895e-05 	1
2.19857 	0.000160862 	6.57206e-06 	2
2.26083 	0.000202119 	1.71553e-05 	1
2.32308 	0.000351107 	3.17319e-05 	1
2.38534 	0.000394178 	3.00392e-05 	1
2.44759 	0.000145377 	4.92596e-06 	2
2.63435 	0.00027771 	2.30772e-05 	1
2.69661 	0.00025859 	2.1046e-05 	1
2.88337 	0.000282872 	2.31102e-05 	1
2.94562 	0.000383936 	3.28771e-05 	1
3.07013 	0.000412376 	3.16846e-05 	1
3.19464 	0.000312279 	2.56957e-05 	1
3.25689 	0.000415182 	3.07982e-05 	1
3.31914 	0.000231891 	1.89466e-05 	1
3.3814 	0.000369053 	2.72817e-05 	1
3.44365 	0.000322886 	2.38599e-05 	1
3.50591 	0.000177453 	1.53426e-05 	1
3.69267 	0.000280592 	2.21242e-05 	1
3.75492 	0.000242774 	2.04922e-05 	1
3.87943 	0.000336345 	3.12223e-05 	1
4.00394 	0.000218061 	2.00145e-05 	1
4.06619 	0.000136031 	1.16591e-05 	1
4.12845 	0.000195127 	1.69462e-05 	1
4.1907 	0.000533462 	3.82858e-05 	1
4.25295 	0.000175849 	1.49756e-05 	1
4.31521 	0.000170461 	1.70163e-05 	1
4.37746 	0.000602433 	4.98655e-05 	1
4.50197 	0.000167264 	1.46372e-05 	1
4.56422 	0.000306635 	2.5695e-05 	1
4.62648 	0.000206485 	1.66426e-05 	1
4.68873 	0.000273692 	2.37779e-05 	1
4.93775 	0.000240916 	7.82659e-06 	2
5.0 	0.000145943 	1.3056e-05 	1
5.0625 	0.000181089 	1.58361e-05 	1
5.125 	0.0004473 	3.63618e-05 	1
5.25 	0.000422536 	3.63394e-05 	1
5.375 	0.000424693 	3.16883e-05 	1
5.5 	0.000189355 	1.75233e-05 	1
5.5625 	0.000372369 	2.86706e-05 	1
5.625 	0.000100867 	9.6002e-06 	1
5.6875 	0.000249699 	2.35922e-05 	1
5.8125 	0.000305222 	2.36428e-05 	1
5.875 	0.000270887 	2.07288e-05 	1
5.9375 	0.000354656 	2.87097e-05 	1
6.0 	0.000197811 	1.69471e-05 	1
6.1875 	0.000462319 	3.42368e-05 	1
6.25 	0.000438431 	3.47286e-05 	1
6.4375 	0.000286897 	2.12037e-05 	1
6.75 	0.000292349 	2.30772e-05 	1
6.8125 	0.000300321 	2.38347e-05 	1
6.9375 	0.000163116 	1.39473e-05 	1
7.125 	0.000419958 	3.20278e-05 	1
7.1875 	0.000303027 	2.34343e-05 	1
7.25 	0.000290582 	2.52948e-05 	1
7.4375 	7.96852e-05 	8.03169e-06 	1
7.5625 	0.000362503 	2.73136e-05 	1
7.625 	0.000135764 	3.53349e-06 	2
7.6875 	0.000404001 	3.80782e-05 	1
7.8125 	0.000148705 	4.09616e-06 	2
7.9375 	0.000245555 	2.08268e-05 	1
8.0 	0.000112928 	1.1165e-05 	1
8.0625 	0.000275973 	2.17694e-05 	1
8.125 	0.000209818 	2.07581e-05 	1
8.25 	0.000394225 	3.0536e-05 	1
8.3125 	0.000137726 	3.57049e-06 	2
8.4375 	0.000147632 	3.71967e-06 	2
8.5 	0.000131034 	1.29012e-05 	1
8.5625 	0.000175187 	1.67806e-05 	1
8.8125 	0.000274842 	2.32843e-05 	1
8.9375 	0.000299017 	2.51191e-05 	1
9.0 	0.000290079 	2.36987e-05 	1
9.1875 	0.000334467 	2.62979e-05 	1
9.25 	0.000254431 	2.06501e-05 	1
9.3125 	0.000363128 	2.8792e-05 	1
9.375 	0.000126676 	1.07176e-05 	1
9.4375 	0.000127357 	4.28971e-06 	2
9.5625 	0.000183987 	1.51848e-05 	1
9.625 	0.000201234 	1.92705e-05 	1
9.6875 	0.000182148 	1.48179e-05 	1
9.8125 	0.000119927 	4.85305e-06 	2
9.9375 	0.000196192 	1.82584e-05 	1
10.0 	0.000495883 	4.21573e-05 	1
10.1875 	0.000520399 	3.75775e-05 	1
10.3125 	0.000218694 	2.01128e-05 	1
10.625 	0.000126093 	3.38586e-06 	2
10.6875 	0.000202193 	1.82794e-05 	1
10.75 	0.000160935 	1.33921e-05 	1
10.8125 	0.000130001 	1.0539e-05 	1
10.875 	0.000348843 	3.36858e-05 	1
11.0 	0.000270805 	2.06637e-05 	1
11.0625 	0.000213107 	1.99603e-05 	1
11.1875 	0.000341869 	2.88757e-05 	1
11.6875 	0.000192599 	1.80654e-05 	1
11.75 	0.000133311 	8.9757e-06 	2
11.8125 	0.000428804 	3.17527e-05 	1
11.875 	0.000328666 	2.62677e-05 	1
11.9375 	0.000162613 	1.62291e-05 	1
12.0 	0.000298554 	2.27501e-05 	1
12.0625 	0.000489561 	3.73128e-05 	1
12.1875 	0.000209954 	1.87675e-05 	1
12.3125 	0.000218383 	1.86931e-05 	1
12.375 	0.000211672 	2.01736e-05 	1
12.625 	0.000340678 	2.608e-05 	1
12.6875 	0.000365777 	3.11383e-05 	1
12.8125 	0.000157255 	1.36206e-05 	1
12.875 	0.000345189 	2.74001e-05 	1
13.0 	0.000303727 	3.01351e-05 	1
13.0625 	0.000197746 	1.62946e-05 	1
13.1875 	0.000318047 	2.52473e-05 	1
13.25 	0.000254697 	2.05407e-05 	1
13.375 	0.000203349 	7.25942e-06 	2
13.4375 	6.61441e-05 	7.18567e-06 	1
13.5625 	0.000200568 	6.86704e-06 	2
13.625 	0.000328103 	3.16549e-05 	1
13.6875 	0.000492946 	3.85102e-05 	1
14.0 	0.000428687 	3.1958e-05 	1
14.0625 	0.000267883 	1.99935e-05 	1
14.125 	0.000229459 	1.79949e-05 	1
14.1875 	0.000390249 	2.98482e-05 	1
14.3125 	0.000238727 	1.97447e-05 	1
14.375 	0.000244865 	2.03014e-05 	1
14.4375 	0.000240877 	2.10168e-05 	1
14.5 	0.000326409 	2.57387e-05 	1
14.625 	0.000379742 	2.9715e-05 	1
14.6875 	0.000257689 	2.1878e-05 	1
14.75 	0.000223896 	2.01949e-05 	1
14.8125 	0.000328523 	2.60412e-05 	1
14.9375 	0.000344818 	2.71106e-05 	1
15.0 	0.000284878 	2.26856e-05 	1
15.1875 	0.000258974 	1.869e-05 	1
15.25 	0.00043701 	3.61689e-05 	1
15.3125 	0.000211501 	1.90885e-05 	1
15.375 	0.000228175 	1.79849e-05 	1
15.4375 	0.000365277 	2.88063e-05 	1
15.5 	0.000303012 	2.55306e-05 	1
15.8125 	0.000143567 	1.38996e-05 	1
15.875 	0.000250677 	2.01885e-05 	1
15.9375 	0.00041309 	3.49988e-05 	1
16.0 	0.000396752 	2.95008e-05 	1
16.0625 	0.000174572 	1.62043e-05 	1
16.125 	0.000267505 	2.608e-05 	1
16.1875 	0.000253337 	1.97281e-05 	1
16.25 	0.000206039 	1.72963e-05 	1
16.3125 	0.000264197 	2.31801e-05 	1
16.375 	0.000269216 	2.2791e-05 	1
16.5 	0.000179371 	1.4151e-05 	1
16.625 	0.000207806 	1.82049e-05 	1
16.8125 	0.000124778 	1.10316e-05 	1
16.9375 	0.00028048 	2.22916e-05 	1
17.25 	0.000372514 	3.46384e-05 	1
17.3125 	0.000257986 	1.92904e-05 	1
17.375 	0.000228613 	2.23468e-05 	1
17.4375 	0.000284387 	2.18011e-05 	1
17.5625 	0.000301536 	2.49229e-05 	1
17.625 	0.00013863 	4.29651e-06 	2
17.6875 	0.00021711 	2.08164e-05 	1
18.0 	0.000209499 	1.8701e-05 	1
18.0625 	0.00018415 	1.72538e-05 	1
18.1875 	0.000153458 	3.80246e-06 	2
18.25 	0.000175148 	1.40909e-05 	1
18.375 	0.000282682 	2.18301e-05 	1
18.4375 	0.000195664 	1.71045e-05 	1
18.5625 	0.0002895 	2.40675e-05 	1
18.625 	0.000423926 	3.52377e-05 	1
18.8125 	0.000472917 	3.77025e-05 	1
18.875 	0.000458017 	3.3737e-05 	1
18.9375 	0.00030915 	2.51442e-05 	1
19.125 	0.000224425 	1.83234e-05 	1
19.4375 	0.000121643 	1.11289e-05 	1
19.5 	0.000192439 	1.441e-05 	1
19.625 	0.000274408 	2.35337e-05 	1
19.6875 	0.000127736 	1.25561e-05 	1
19.75 	0.000306621 	2.42906e-05 	1
19.9375 	0.000302283 	2.56932e-05 	1
20.0 	0.000107995 	4.16195e-06 	2
20.0625 	0.000142158 	3.90801e-06 	2
20.125 	0.000290259 	2.39303e-05 	1
20.1875 	0.000211245 	1.83386e-05 	1
20.375 	0.000196533 	1.70708e-05 	1
20.4375 	0.000476499 	3.4116e-05 	1
20.5 	0.000252707 	1.98926e-05 	1
20.625 	0.00024094 	1.94797e-05 	1
20.6875 	0.000166976 	1.29551e-05 	1
20.75 	0.000278578 	2.01937e-05 	1
21.0 	0.000372143 	2.86881e-05 	1
21.0625 	0.000148005 	1.39213e-05 	1
21.1875 	0.000361663 	2.98719e-05 	1
21.3125 	0.000411892 	3.24058e-05 	1
21.5625 	0.000353377 	2.89756e-05 	1
21.75 	0.00024547 	2.17369e-05 	1
21.8125 	0.000324518 	2.75561e-05 	1
21.875 	0.000345088 	3.3325e-05 	1
21.9375 	0.000375325 	2.79361e-05 	1
22.125 	0.000470684 	3.47073e-05 	1
22.1875 	0.000161694 	1.53333e-05 	1
22.25 	0.000382569 	3.20793e-05 	1
22.3125 	0.000399268 	3.16034e-05 	1
22.375 	0.000194896 	6.28368e-06 	2
22.8125 	7.66789e-05 	7.60841e-06 	1
22.9375 	0.000344471 	2.66011e-05 	1
23.0 	0.000341201 	3.28701e-05 	1
23.125 	0.000173812 	1.59293e-05 	1
23.1875 	0.000472537 	3.9445e-05 	1
23.3125 	0.000224653 	1.96982e-05 	1
23.375 	0.000351247 	2.66758e-05 	1
23.4375 	0.000247753 	2.17009e-05 	1
23.6875 	0.00048102 	3.53528e-05 	1
23.8125 	0.000165118 	7.18274e-06 	2
24.0 	0.000390644 	2.93657e-05 	1
24.0625 	0.000183157 	6.54724e-06 	2
24.3125 	0.000338616 	2.5913e-05 	1
24.375 	0.000323689 	2.50521e-05 	1
24.4375 	0.000267875 	2.13498e-05 	1
24.5625 	0.000255692 	2.19137e-05 	1
24.6875 	0.000287654 	2.19855e-05 	1
24.75 	0.000236888 	2.1781e-05 	1
24.8125 	0.000285721 	2.75805e-05 	1
25.0 	0.00016241 	1.55023e-05 	1
25.0625 	0.000168627 	1.6745e-05 	1
25.125 	0.00030159 	2.26624e-05 	1
25.25 	0.000253475 	2.27244e-05 	1
25.3125 	0.000390039 	3.04641e-05 	1
25.625 	0.000312098 	2.76887e-05 	1
25.6875 	0.000425315 	3.08873e-05 	1
25.75 	0.000150999 	1.46851e-05 	1
25.8125 	0.000263661 	2.15753e-05 	1
26.0 	0.000205092 	2.01749e-05 	1
26.125 	0.000301753 	2.31317e-05 	1
26.25 	0.000202001 	1.83121e-05 	1
26.3125 	0.000229999 	1.88406e-05 	1
26.375 	0.000274351 	2.07067e-05 	1
26.5 	0.000335191 	2.62548e-05 	1
26.5625 	0.000171565 	1.41318e-05 	1
26.625 	0.000206804 	7.58766e-06 	2
26.6875 	0.000269175 	2.13917e-05 	1
26.875 	0.000381418 	2.84827e-05 	1
26.9375 	0.000340319 	2.64451e-05 	1
27.0 	0.000143357 	1.18372e-05 	1
27.25 	0.000369211 	2.89664e-05 	1
27.3125 	0.000175406 	1.41567e-05 	1
27.375 	0.000382647 	3.14289e-05 	1
27.5 	0.000463095 	3.43723e-05 	1
27.625 	0.000169594 	1.67687e-05 	1
27.6875 	0.000261682 	2.35541e-05 	1
27.75 	0.000245226 	2.1053e-05 	1
27.8125 	0.000352089 	2.73771e-05 	1
28.0 	0.000288729 	2.61368e-05 	1
28.0625 	0.000200276 	1.81633e-05 	1
28.125 	0.000223475 	2.00727e-05 	1
28.3125 	0.00022026 	1.99564e-05 	1
28.4375 	0.000404834 	3.4605e-05 	1
28.5 	0.000343685 	2.658e-05 	1
28.625 	0.000250225 	1.96149e-05 	1
28.6875 	0.000504515 	3.60663e-05 	1
28.8125 	0.000213439 	1.8637e-05 	1
28.875 	0.000175054 	5.57986e-06 	2
28.9375 	0.000431703 	3.16236e-05 	1
29.0 	0.000151588 	1.4212e-05 	1
29.0625 	0.000248099 	2.10561e-05 	1
29.125 	0.000286098 	2.38097e-05 	1
29.1875 	0.000333215 	3.20826e-05 	1
29.25 	0.000245808 	2.14299e-05 	1
29.375 	0.000636162 	4.64542e-05 	1
29.4375 	0.000169614 	5.33491e-06 	2
29.625 	0.000177877 	1.62121e-05 	1
29.6875 	0.000241669 	1.9776e-05 	1
29.75 	0.000321463 	2.48666e-05 	1
29.9375 	0.000256192 	2.00764e-05 	1
30.125 	0.000176218 	1.64525e-05 	1
30.1875 	0.000235674 	1.89356e-05 	1
30.25 	0.000199682 	1.95125e-05 	1
30.3125 	0.000358204 	2.76766e-05 	1
30.375 	0.000253251 	1.90764e-05 	1
30.4375 	0.00043543 	3.979e-05 	1
30.5 	0.000275296 	2.61833e-05 	1
30.5625 	0.000185211 	1.75149e-05 	1
30.6875 	0.000184592 	7.1214e-06 	2
30.8125 	0.000383309 	2.97672e-05 	1
30.9375 	0.000315978 	2.35513e-05 	1
31.1875 	0.00030283 	2.34858e-05 	1
31.25 	0.000193973 	1.48277e-05 	1
31.375 	0.00037989 	2.8986e-05 	1
31.5 	0.000163866 	5.73699e-06 	2
31.625 	0.000423241 	3.10455e-05 	1
31.75 	0.000197552 	5.20628e-06 	2
31.8125 	0.000518664 	3.80664e-05 	1
31.875 	0.000488161 	3.57344e-05 	1
32.0 	0.000293146 	2.52349e-05 	1
32.125 	0.000288723 	2.29054e-05 	1
32.1875 	0.000216826 	1.71662e-05 	1
32.25 	0.000199071 	1.87293e-05 	1
32.3125 	0.000226774 	1.81569e-05 	1
32.4375 	0.000501909 	3.9826e-05 	1
32.5 	0.000175494 	1.5345e-05 	1
32.625 	0.000230684 	2.14488e-05 	1
32.6875 	0.000235135 	2.04545e-05 	1
32.75 	0.000216378 	1.90144e-05 	1
32.8125 	0.000243086 	2.0459e-05 	1
32.875 	0.000232828 	1.99311e-05 	1
33.0 	0.000381432 	2.8881e-05 	1
33.0625 	0.0002658 	2.00232e-05 	1
33.125 	0.000189092 	1.764e-05 	1
33.1875 	0.000378376 	2.83003e-05 	1
33.3125 	0.000140207 	1.31023e-05 	1
33.375 	0.000176589 	1.6701e-05 	1
33.4375 	0.000402095 	2.99115e-05 	1
33.625 	0.000254107 	2.12155e-05 	1
33.6875 	0.000375204 	2.80991e-05 	1
33.75 	9.20344e-05 	2.84194e-06 	2
33.875 	0.000579042 	4.32067e-05 	1
33.9375 	0.000213144 	1.50848e-05 	1
34.0625 	0.000187508 	1.86148e-05 	1
34.125 	0.000287046 	2.57351e-05 	1
34.1875 	0.000242341 	1.98159e-05 	1
34.25 	0.000376514 	2.83128e-05 	1
34.3125 	0.000478355 	3.51529e-05 	1
34.375 	0.000253399 	2.01544e-05 	1
34.4375 	0.000181748 	1.62342e-05 	1
34.5 	0.000422306 	3.06009e-05 	1
34.5625 	0.000338073 	2.6682e-05 	1
34.625 	0.00021228 	2.09233e-05 	1
34.6875 	0.000597581 	4.95685e-05 	1
34.875 	0.000295705 	2.38447e-05 	1
34.9375 	0.000457362 	3.44413e-05 	1
35.0625 	0.000165942 	4.86885e-06 	2
35.125 	0.000281739 	2.37877e-05 	1
35.25 	0.000270648 	2.52851e-05 	1
35.3125 	0.00049784 	4.19657e-05 	1
35.375 	0.00015543 	1.37525e-05 	1
35.625 	0.000332563 	3.19386e-05 	1
35.6875 	0.000232462 	2.04181e-05 	1
35.75 	0.000254423 	2.11738e-05 	1
35.8125 	0.000253557 	2.1263e-05 	1
35.875 	0.000298427 	2.30984e-05 	1
35.9375 	0.000352302 	2.59762e-05 	1
36.0 	0.000262133 	2.04557e-05 	1
36.125 	0.000381495 	2.96751e-05 	1
36.25 	0.000287549 	2.23931e-05 	1
36.4375 	0.000211626 	1.83323e-05 	1
36.5 	0.00021003 	1.72873e-05 	1
36.8125 	0.000238783 	1.89366e-05 	1
36.875 	0.00022524 	2.04372e-05 	1
37.125 	0.000444353 	3.48207e-05 	1
37.1875 	0.000302875 	2.44217e-05 	1
37.3125 	0.000245932 	2.21752e-05 	1
37.4375 	0.000105611 	2.9929e-06 	2
37.5 	0.000453205 	3.43691e-05 	1
37.5625 	0.000234956 	1.92009e-05 	1
37.75 	0.000177071 	5.7807e-06 	2
37.9375 	0.000214642 	2.04331e-05 	1
38.0 	0.00023332 	2.14134e-05 	1
38.0625 	0.000245764 	2.21769e-05 	1
38.125 	0.000240896 	1.97634e-05 	1
38.25 	0.000505091 	3.7488e-05 	1
38.3125 	0.000309375 	2.53605e-05 	1
38.4375 	0.000198701 	1.78657e-05 	1
38.5625 	0.000247023 	2.31618e-05 	1
38.6875 	0.000112454 	4.49886e-06 	2
38.8125 	0.000470546 	3.47063e-05 	1
38.875 	0.0001587 	1.53603e-05 	1
38.9375 	0.000351494 	2.85407e-05 	1
39.0 	0.000271889 	2.00262e-05 	1
39.0625 	0.000428371 	3.13239e-05 	1
39.125 	0.000384632 	3.28887e-05 	1
39.1875 	0.000349757 	2.58538e-05 	1
39.25 	0.000330139 	2.57036e-05 	1
39.3125 	0.000190972 	6.83064e-06 	2
39.5625 	0.000318508 	2.6244e-05 	1
39.625 	0.00030709 	2.48497e-05 	1
39.6875 	0.00023979 	2.14451e-05 	1
39.75 	0.000202042 	1.72134e-05 	1
39.875 	0.000202142 	1.82133e-05 	1
39.9375 	0.000150074 	5.97928e-06 	2
40.0 	0.000462675 	3.83718e-05 	1
40.125 	0.000282864 	2.29261e-05 	1
40.25 	0.000410178 	3.17917e-05 	1
40.3125 	0.00030792 	2.59262e-05 	1
40.4375 	0.000107234 	1.03277e-05 	1
40.5 	0.000293454 	2.55697e-05 	1
40.5625 	0.000282042 	2.4532e-05 	1
40.625 	0.000110144 	1.02674e-05 	1
40.8125 	0.000217747 	1.95507e-05 	1
40.9375 	0.000202183 	1.7686e-05 	1
41.125 	0.000175405 	1.64693e-05 	1
41.1875 	0.000153949 	1.0982e-05 	1
41.25 	0.00027892 	2.42203e-05 	1
41.3125 	0.000301846 	2.63082e-05 	1
41.4375 	0.000199262 	1.79188e-05 	1
41.5 	0.000321335 	2.38507e-05 	1
41.6875 	0.000488989 	3.56586e-05 	1
41.8125 	0.000184868 	7.46628e-06 	2
41.875 	8.81205e-05 	4.01579e-06 	2
41.9375 	0.000157971 	4.82292e-06 	2
42.0 	0.000200729 	1.92923e-05 	1
42.25 	0.000274368 	2.45132e-05 	1
42.5 	0.000386232 	3.27586e-05 	1
42.6875 	0.000179871 	1.64738e-05 	1
42.8125 	0.000263007 	2.04449e-05 	1
42.875 	0.000161841 	5.61175e-06 	2
42.9375 	0.000428133 	3.12721e-05 	1
43.0 	0.000303571 	2.2811e-05 	1
43.0625 	0.000277016 	2.17768e-05 	1
43.1875 	0.00016783 	5.72193e-06 	2
43.3125 	0.000200003 	1.84877e-05 	1
43.375 	0.000239657 	1.82511e-05 	1
43.6875 	0.000303345 	2.41875e-05 	1
43.8125 	0.000303524 	2.73134e-05 	1
43.9375 	0.000445706 	3.28719e-05 	1
44.0 	0.000455726 	3.31166e-05 	1
44.0625 	0.000191791 	5.68371e-06 	2
44.125 	0.000348235 	2.67108e-05 	1
44.1875 	0.000212808 	1.9716e-05 	1
44.25 	0.000309991 	2.67993e-05 	1
44.3125 	0.000282824 	2.46004e-05 	1
44.375 	7.00626e-05 	6.11333e-06 	1
44.4375 	0.000148787 	1.36908e-05 	1
44.5625 	0.00040739 	3.05979e-05 	1
44.6875 	0.000240862 	2.13136e-05 	1
44.8125 	0.000294156 	2.24583e-05 	1
44.875 	0.000312811 	2.44053e-05 	1
44.9375 	0.00012689 	1.15988e-05 	1
45.0 	0.000272775 	2.12676e-05 	1
45.0625 	0.000266889 	2.20292e-05 	1
45.1875 	0.000322586 	2.67523e-05 	1
45.3125 	0.000140286 	1.24095e-05 	1
45.5 	0.000406401 	3.12797e-05 	1
45.625 	0.000206931 	1.62775e-05 	1
45.6875 	0.000112742 	1.07413e-05 	1
45.75 	0.000218911 	1.82003e-05 	1
45.9375 	9.93948e-05 	5.334e-06 	2
46.0 	0.000286732 	2.49149e-05 	1
46.0625 	0.000196215 	1.71972e-05 	1
46.3125 	0.000146367 	1.44692e-05 	1
46.5625 	0.0003505 	2.50958e-05 	1
46.625 	0.00023457 	2.19001e-05 	1
46.6875 	0.000387233 	2.91891e-05 	1
46.75 	0.000300643 	2.40456e-05 	1
46.875 	0.000134489 	4.04381e-06 	2
47.0 	0.000370875 	2.805e-05 	1
47.0625 	0.000309762 	2.35658e-05 	1
47.125 	0.000177152 	1.50644e-05 	1
47.1875 	0.000366505 	2.83416e-05 	1
47.25 	0.000340031 	2.92358e-05 	1
47.375 	0.000340808 	2.52639e-05 	1
47.5 	0.000312427 	2.5542e-05 	1
47.5625 	0.000369084 	2.84166e-05 	1
47.625 	0.000324438 	2.47878e-05 	1
47.6875 	0.00031859 	2.449e-05 	1
47.8125 	0.000236992 	2.36543e-05 	1
48.0625 	0.000195783 	1.80722e-05 	1
48.1875 	0.000223595 	1.71707e-05 	1
48.25 	0.00046319 	3.70392e-05 	1
48.3125 	0.000260292 	1.97429e-05 	1
48.4375 	0.000196935 	1.47182e-05 	1
48.5625 	0.000205465 	1.83689e-05 	1
48.75 	0.000614337 	4.45103e-05 	1
48.8125 	0.000342948 	2.61672e-05 	1
48.9375 	0.000394436 	2.95208e-05 	1
49.0 	0.000241099 	2.36565e-05 	1
49.125 	0.00024334 	2.26325e-05 	1
49.25 	0.000219306 	2.02646e-05 	1
49.3125 	0.00044474 	3.40604e-05 	1
49.375 	0.000248385 	2.37712e-05 	1
49.4375 	0.000123244 	6.82469e-06 	2
49.5 	0.000503274 	3.66425e-05 	1
49.5625 	0.000199165 	6.95684e-06 	2
49.6875 	0.000491937 	3.64899e-05 	1
49.75 	0.000205548 	1.74102e-05 	1
50.0625 	0.00057116 	4.25829e-05 	1
50.25 	0.000429977 	3.11925e-05 	1
50.3125 	0.000211536 	1.89766e-05 	1
50.375 	0.000188921 	1.65479e-05 	1
50.4375 	0.000192166 	1.71998e-05 	1
50.5625 	0.000190531 	1.70545e-05 	1
50.625 	0.000244529 	1.93941e-05 	1
50.75 	0.000191396 	1.77291e-05 	1
50.8125 	0.000164142 	1.2638e-05 	1
50.875 	0.000255395 	2.38755e-05 	1
50.9375 	0.000134707 	3.57947e-06 	2
51.0 	0.000246829 	2.33323e-05 	1
51.125 	0.000285122 	2.41509e-05 	1
51.1875 	0.000314399 	2.42849e-05 	1
51.25 	0.000372932 	3.34654e-05 	1
51.3125 	0.00033313 	2.44099e-05 	1
51.375 	0.000253053 	2.01239e-05 	1
51.4375 	0.000206741 	1.82672e-05 	1
51.5 	0.000181604 	1.6105e-05 	1
51.625 	0.000331521 	3.1539e-05 	1
51.6875 	0.000217963 	1.90607e-05 	1
51.8125 	0.000318773 	2.92675e-05 	1
51.875 	0.000125851 	4.4552e-06 	2
52.0 	0.000495364 	4.16892e-05 	1
52.0625 	0.000211187 	1.65375e-05 	1
52.1875 	0.000338117 	2.80118e-05 	1
52.3125 	0.000378728 	3.56927e-05 	1
52.375 	0.000220532 	1.76219e-05 	1
52.5 	0.000268481 	2.1779e-05 	1
52.625 	0.000151687 	1.24112e-05 	1
52.75 	0.000226102 	2.07517e-05 	1
52.8125 	0.00031938 	2.71418e-05 	1
52.875 	0.000511405 	4.3029e-05 	1
52.9375 	0.000239011 	2.18771e-05 	1
53.1875 	0.000239607 	2.07667e-05 	1
53.25 	0.000274271 	2.11956e-05 	1
53.3125 	0.000242218 	2.26411e-05 	1
53.5 	0.000218571 	1.69917e-05 	1
53.5625 	0.000204226 	1.69651e-05 	1
53.625 	0.000466939 	3.39595e-05 	1
53.6875 	0.000356444 	2.67336e-05 	1
53.75 	0.00011624 	1.15003e-05 	1
53.8125 	0.000241899 	1.87701e-05 	1
53.875 	0.000201093 	1.76835e-05 	1
54.0 	0.000257352 	1.94685e-05 	1
54.0625 	0.000186769 	6.00255e-06 	2
54.1875 	0.000203374 	1.89868e-05 	1
54.25 	0.000105413 	9.08522e-06 	1
54.3125 	0.000319312 	2.50315e-05 	1
54.375 	0.000475433 	3.53954e-05 	1
54.4375 	0.000239901 	2.19298e-05 	1
54.6875 	0.000265438 	2.38677e-05 	1
54.8125 	0.000133525 	1.23696e-05 	1
54.875 	0.00021586 	1.82828e-05 	1
54.9375 	0.000184032 	6.659e-06 	2
55.0 	0.000332827 	2.61538e-05 	1
55.0625 	0.000170542 	4.81532e-06 	2
55.125 	0.000345796 	2.67918e-05 	1
55.3125 	0.000178783 	1.70735e-05 	1
55.4375 	0.000271857 	2.14876e-05 	1
55.5 	0.000372658 	2.83958e-05 	1
55.6875 	0.000450169 	3.30409e-05 	1
55.75 	0.00025684 	1.98585e-05 	1
55.875 	0.000182972 	1.69347e-05 	1
55.9375 	0.000445953 	3.27791e-05 	1
56.0 	0.000544168 	4.14347e-05 	1
56.0625 	0.000221466 	2.00235e-05 	1
56.3125 	0.000286941 	2.47311e-05 	1
56.375 	0.000349796 	2.90778e-05 	1
56.4375 	0.000484055 	3.52673e-05 	1
56.5625 	0.000214783 	1.91041e-05 	1
56.6875 	0.000157845 	5.20892e-06 	2
56.75 	0.000274286 	2.14246e-05 	1
56.8125 	0.000360571 	2.71307e-05 	1
56.9375 	0.000266784 	2.16563e-05 	1
57.0 	0.000107173 	9.58669e-06 	1
57.0625 	0.000448076 	3.28638e-05 	1
57.1875 	0.000366771 	2.83062e-05 	1
57.25 	0.000125924 	1.06145e-05 	1
57.3125 	0.000135528 	4.57624e-06 	2
57.4375 	0.000251916 	2.13505e-05 	1
57.625 	0.00021573 	1.82453e-05 	1
57.6875 	0.000530227 	3.87488e-05 	1
57.75 	0.000171719 	1.41232e-05 	1
57.8125 	0.000372532 	2.93907e-05 	1
58.0 	0.000326136 	3.02929e-05 	1
58.0625 	0.000177096 	1.7081e-05 	1
58.125 	0.00018972 	1.87714e-05 	1
58.1875 	0.000187878 	1.5948e-05 	1
58.25 	0.000354052 	2.66907e-05 	1
58.3125 	0.000418983 	3.02686e-05 	1
58.4375 	0.000218571 	1.99368e-05 	1
58.5625 	0.000230768 	2.02357e-05 	1
58.6875 	0.000121735 	1.06404e-05 	1
58.8125 	0.000217819 	1.88553e-05 	1
58.875 	0.000223908 	1.8238e-05 	1
58.9375 	0.00032441 	2.34484e-05 	1
59.0 	0.000197645 	8.33099e-06 	2
59.125 	0.000138171 	1.16736e-05 	1
59.25 	0.000177676 	1.63383e-05 	1
59.3125 	0.000431523 	3.1899e-05 	1
59.375 	0.000217968 	6.67837e-06 	2
59.4375 	8.55435e-05 	8.15172e-06 	1
59.5 	0.000500203 	3.58094e-05 	1
59.6875 	0.000382187 	2.91681e-05 	1
59.8125 	0.000233193 	2.30554e-05 	1
59.875 	0.000307187 	2.41246e-05 	1
59.9375 	0.000160366 	4.97685e-06 	2
60.125 	0.000120636 	1.15427e-05 	1
60.375 	0.000228573 	1.80823e-05 	1
60.4375 	0.000243061 	1.88864e-05 	1
60.5625 	0.000382652 	2.95252e-05 	1
60.625 	0.000310018 	2.57238e-05 	1
60.75 	9.69639e-05 	9.46708e-06 	1
60.8125 	8.77338e-05 	9.33453e-06 	1
60.875 	0.000309911 	2.5139e-05 	1
61.0 	0.000220623 	1.75602e-05 	1
61.125 	0.0003393 	3.21905e-05 	1
61.1875 	0.000148326 	1.47449e-05 	1
61.25 	0.000194706 	1.60527e-05 	1
61.4375 	0.000229049 	7.39008e-06 	2
61.5 	0.000437302 	3.26396e-05 	1
61.625 	0.000160658 	1.37878e-05 	1
61.6875 	0.000420313 	3.17165e-05 	1
61.8125 	0.000353505 	2.91165e-05 	1
61.9375 	0.000136485 	1.29229e-05 	1
62.125 	0.000214815 	2.04532e-05 	1
62.1875 	0.000174843 	1.60503e-05 	1
62.25 	0.000153432 	1.36332e-05 	1
62.375 	0.000134675 	1.206e-05 	1
62.5 	0.000456825 	3.32607e-05 	1
62.5625 	0.000203138 	1.90357e-05 	1
62.75 	0.00012871 	1.06066e-05 	1
62.875 	0.000306472 	2.26587e-05 	1
62.9375 	0.000423648 	3.07234e-05 	1
63.0 	0.000312405 	2.32813e-05 	1
63.25 	0.00016029 	1.46587e-05 	1
63.4375 	0.000304363 	2.37992e-05 	1
63.5625 	0.000317957 	2.35053e-05 	1
63.8125 	0.000219939 	1.64716e-05 	1
63.9375 	0.000161236 	1.55767e-05 	1
64.0 	0.000267362 	2.17074e-05 	1
64.25 	0.000363325 	2.81324e-05 	1
64.4375 	0.000306338 	2.56358e-05 	1
64.5625 	0.000515565 	3.80464e-05 	1
64.6875 	0.000275129 	2.55763e-05 	1
64.75 	0.000465252 	3.4972e-05 	1
64.8125 	0.000354733 	2.95499e-05 	1
64.875 	0.000172916 	1.53023e-05 	1
64.9375 	0.000251359 	2.09812e-05 	1
65.0 	0.000214074 	1.89636e-05 	1
65.0625 	0.000296439 	2.64681e-05 	1
65.125 	0.000249325 	2.12318e-05 	1
65.5 	0.000114472 	1.10207e-05 	1
65.625 	0.000306697 	2.74628e-05 	1
65.8125 	0.000233518 	6.61281e-06 	2
65.9375 	0.000260348 	2.27191e-05 	1
66.0 	0.000348568 	3.12004e-05 	1
66.0625 	0.000195155 	1.57006e-05 	1
66.3125 	0.000306432 	2.32755e-05 	1
66.5 	0.000196667 	1.86969e-05 	1
66.75 	0.000200515 	1.59551e-05 	1
66.8125 	0.000485751 	4.13999e-05 	1
66.875 	0.000485907 	3.81592e-05 	1
66.9375 	0.000200658 	1.49485e-05 	1
67.0 	7.54722e-05 	6.5328e-06 	1
67.25 	0.000315877 	2.6986e-05 	1
67.375 	0.000196072 	1.71507e-05 	1
67.4375 	0.000331481 	2.63057e-05 	1
67.5 	0.000214456 	1.80066e-05 	1
67.8125 	0.00017351 	1.67294e-05 	1
67.875 	0.000296431 	2.4465e-05 	1
67.9375 	0.000266005 	2.09149e-05 	1
68.0 	0.000226255 	1.7073e-05 	1
68.0625 	0.000335215 	3.17165e-05 	1
68.125 	0.00035386 	2.59193e-05 	1
68.1875 	0.00025303 	2.04086e-05 	1
68.3125 	0.000452604 	3.36913e-05 	1
68.375 	0.000206749 	2.02358e-05 	1
68.4375 	0.00021919 	1.91781e-05 	1
68.5625 	0.000128248 	1.25128e-05 	1
68.625 	0.000266465 	6.99293e-06 	2
68.6875 	0.000300248 	2.30342e-05 	1
68.75 	0.000515855 	3.84202e-05 	1
68.8125 	0.000400031 	2.94268e-05 	1
68.9375 	0.000154049 	1.38475e-05 	1
69.125 	0.000177849 	1.68795e-05 	1
69.1875 	0.000217863 	1.66718e-05 	1
69.25 	0.000343696 	2.78497e-05 	1
69.3125 	0.000142052 	1.20973e-05 	1
69.4375 	0.000311909 	2.53946e-05 	1
69.5 	0.000114382 	3.11103e-06 	2
69.75 	0.000159922 	3.77999e-06 	2
69.8125 	0.000203027 	1.8311e-05 	1
69.875 	0.00026424 	1.87441e-05 	1
69.9375 	0.000168876 	1.28428e-05 	1
