# time 	Initial 	Final 	Iterations
0.333274 	0.000447532 	8.47053e-05 	1
0.392346 	0.000336476 	7.54922e-05 	1
0.579973 	0.000140875 	4.5807e-05 	1
0.642226 	0.000242836 	8.17274e-05 	1
0.70448 	0.000285698 	5.94189e-05 	1
0.766734 	0.000168098 	7.21543e-05 	1
0.828988 	0.000205937 	7.51182e-05 	1
0.953496 	0.000172839 	5.78217e-05 	1
1.01575 	0.000171025 	9.05145e-05 	1
1.078 	0.000269769 	8.04271e-05 	1
1.20251 	0.000391703 	6.8179e-05 	1
1.26477 	0.000233579 	2.7086e-05 	1
1.38927 	0.000233659 	7.38591e-05 	1
1.45153 	0.000143576 	6.11382e-05 	1
1.51378 	0.000233795 	6.8563e-05 	2
1.57604 	0.000238336 	6.17591e-05 	1
1.70054 	0.000520545 	7.8837e-05 	1
1.7628 	0.000391186 	8.73945e-05 	1
1.8873 	0.000315423 	9.30391e-05 	1
1.94956 	0.000244302 	6.51359e-05 	1
2.01181 	0.00024562 	9.37662e-05 	1
2.07407 	8.82203e-05 	8.82203e-05 	0
2.13632 	0.00028912 	7.05969e-05 	2
2.19857 	0.00019804 	6.57119e-05 	1
2.26083 	0.000258206 	6.04485e-05 	1
2.32308 	0.000339107 	9.18669e-05 	3
2.38534 	0.000260093 	5.85168e-05 	1
2.44759 	0.000123016 	6.86956e-05 	1
2.50984 	0.000441571 	7.58369e-05 	1
2.63435 	0.000174097 	7.16318e-05 	1
2.69661 	0.000337129 	6.61849e-05 	1
2.82111 	0.00035983 	8.12838e-05 	1
2.88337 	0.000427707 	8.42706e-05 	1
2.94562 	0.000243237 	8.82298e-05 	1
3.00787 	0.00017258 	9.41903e-05 	1
3.07013 	0.000529847 	8.07594e-05 	1
3.13238 	0.000289026 	8.55311e-05 	3
3.19464 	0.000348609 	7.07546e-05 	1
3.25689 	0.000274076 	5.00411e-05 	1
3.31914 	0.000139651 	5.64202e-05 	1
3.3814 	0.000225604 	5.27046e-05 	1
3.44365 	0.000186894 	6.70659e-05 	1
3.50591 	0.000149529 	8.08682e-05 	1
3.56816 	0.00020658 	7.32722e-05 	1
3.69267 	0.000303401 	9.43657e-05 	1
3.75492 	0.000373095 	7.52679e-05 	1
3.81718 	0.000267237 	4.70235e-05 	1
3.87943 	0.000141969 	8.05703e-05 	1
4.00394 	0.000326326 	6.74065e-05 	1
4.06619 	0.000255392 	6.18158e-05 	2
4.12845 	0.000256697 	7.16038e-05 	1
4.1907 	0.000138784 	5.28923e-05 	1
4.25295 	0.000156815 	5.76474e-05 	1
4.31521 	0.000294362 	7.44766e-05 	1
4.37746 	0.000224794 	7.59642e-05 	1
4.50197 	0.000313665 	7.6907e-05 	1
4.56422 	0.000286694 	5.57354e-05 	1
4.62648 	0.000185266 	7.66016e-05 	1
4.68873 	0.000230743 	4.95731e-05 	1
4.75098 	0.00039447 	7.81445e-05 	1
4.81324 	0.000211586 	4.50587e-05 	2
4.87549 	0.000230373 	7.92539e-05 	1
4.93775 	0.000150865 	5.19172e-05 	1
5.0 	0.000205011 	3.74892e-05 	1
5.0625 	0.000147104 	7.17151e-05 	2
5.125 	0.00016084 	7.33764e-05 	1
5.25 	0.000254865 	7.86223e-05 	1
5.3125 	0.000374942 	5.39698e-05 	1
5.375 	0.000219452 	6.65257e-05 	2
5.4375 	0.000235064 	6.13823e-05 	1
5.5 	0.000510974 	9.6386e-05 	1
5.5625 	0.000203954 	5.24285e-05 	1
5.625 	0.000236442 	9.12496e-05 	1
5.6875 	0.000220519 	7.76406e-05 	1
5.75 	0.000232888 	8.28872e-05 	2
5.8125 	0.00023026 	6.8827e-05 	2
5.875 	0.000521977 	9.54735e-05 	1
5.9375 	0.000268215 	7.77506e-05 	1
6.0 	0.000220007 	6.42261e-05 	1
6.125 	0.000163555 	7.92511e-05 	1
6.1875 	0.000367949 	6.8295e-05 	1
6.25 	0.000419238 	7.35309e-05 	1
6.3125 	0.000245921 	8.53161e-05 	1
6.4375 	0.000287008 	9.3953e-05 	1
6.625 	0.000379556 	7.04182e-05 	1
6.6875 	0.000325366 	6.63797e-05 	1
6.75 	0.0001772 	8.67424e-05 	1
6.8125 	0.000255173 	4.27318e-05 	1
6.9375 	0.000339903 	7.6942e-05 	1
7.0 	0.000480607 	7.54e-05 	1
7.0625 	0.000344213 	6.64722e-05 	1
7.125 	0.000160068 	5.81889e-05 	2
7.1875 	0.000286551 	8.23888e-05 	1
7.25 	0.000213179 	4.59912e-05 	1
7.4375 	0.000402261 	7.25476e-05 	1
7.5625 	0.000424993 	9.45997e-05 	1
7.625 	0.000222853 	7.28231e-05 	1
7.6875 	0.000152184 	6.90758e-05 	1
7.8125 	0.000416574 	8.49978e-05 	1
7.9375 	0.000156861 	6.4386e-05 	1
8.0 	0.000148579 	4.59568e-05 	1
8.0625 	0.000162688 	5.13395e-05 	1
8.125 	0.000109373 	4.58127e-05 	1
8.25 	0.000315122 	6.64522e-05 	1
8.3125 	0.00019051 	6.9977e-05 	1
8.375 	0.000451699 	5.83222e-05 	1
8.4375 	0.000205659 	6.50275e-05 	2
8.5 	0.000214193 	8.93109e-05 	1
8.5625 	0.000307539 	6.54254e-05 	1
8.625 	9.50686e-05 	9.50686e-05 	0
8.8125 	0.000176764 	6.6856e-05 	2
8.9375 	0.000381117 	8.57328e-05 	1
9.0 	0.000231199 	6.92779e-05 	1
9.0625 	0.000394027 	8.80139e-05 	1
9.125 	0.000155244 	7.69064e-05 	1
9.1875 	0.000444326 	9.07442e-05 	1
9.25 	0.000265156 	7.61638e-05 	2
9.3125 	0.000128879 	6.78964e-05 	1
9.375 	0.000527754 	7.72437e-05 	1
9.4375 	0.000233097 	3.9805e-05 	1
9.5625 	0.000198613 	5.38671e-05 	1
9.625 	0.000163934 	8.18208e-05 	1
9.6875 	0.000170156 	8.73287e-05 	1
9.75 	0.00025948 	8.18168e-05 	1
9.8125 	0.000133385 	3.5785e-05 	1
9.875 	0.000212586 	5.97301e-05 	1
9.9375 	0.00021338 	7.86638e-05 	1
10.0 	0.000181117 	8.0366e-05 	2
10.0625 	0.000470747 	9.16503e-05 	1
10.125 	0.000161141 	7.33445e-05 	1
10.1875 	0.000176677 	6.48142e-05 	1
10.3125 	0.000343586 	8.68882e-05 	1
10.375 	0.000178339 	6.26123e-05 	1
10.5 	0.000139593 	6.66765e-05 	1
10.5625 	0.000162151 	3.09575e-05 	1
10.625 	0.000198531 	5.66726e-05 	1
10.6875 	0.000343469 	9.21698e-05 	1
10.75 	0.000437141 	8.56483e-05 	1
10.8125 	0.000158263 	6.84439e-05 	2
10.875 	0.000192144 	8.48938e-05 	1
10.9375 	0.000378206 	9.78298e-05 	1
11.0 	0.000251457 	7.04107e-05 	2
11.0625 	0.000378315 	7.00376e-05 	1
11.125 	0.00024583 	5.72449e-05 	1
11.1875 	0.000209712 	6.55772e-05 	1
11.25 	0.00029974 	8.31743e-05 	1
11.375 	0.000150685 	9.42045e-05 	1
11.4375 	0.000206712 	7.68883e-05 	1
11.5 	0.000280287 	6.45265e-05 	1
11.5625 	0.000273617 	8.31488e-05 	1
11.625 	0.000239339 	4.95239e-05 	1
11.6875 	0.000201903 	4.43684e-05 	1
11.75 	0.000286181 	7.04247e-05 	1
11.8125 	0.000222034 	7.41334e-05 	1
11.875 	0.00025832 	8.99601e-05 	1
11.9375 	0.000388769 	7.59964e-05 	1
12.0 	0.000277831 	9.60281e-05 	2
12.0625 	0.000142331 	9.3134e-05 	1
12.125 	0.000356468 	6.93391e-05 	1
12.1875 	0.000366619 	9.8717e-05 	1
12.25 	0.000240042 	6.64038e-05 	1
12.3125 	0.000110673 	7.12786e-05 	1
12.375 	0.000294701 	6.76345e-05 	1
12.4375 	6.24644e-05 	6.24644e-05 	0
12.5625 	0.000435356 	8.98378e-05 	1
12.625 	0.000318271 	9.55329e-05 	1
12.6875 	0.000273684 	8.30554e-05 	1
12.75 	0.000502121 	7.06795e-05 	1
12.8125 	0.000317701 	5.63603e-05 	1
12.875 	0.000456706 	8.49148e-05 	1
13.0 	0.000278712 	8.51749e-05 	2
13.0625 	0.000140457 	6.74189e-05 	1
13.125 	0.000224147 	5.9708e-05 	1
13.1875 	0.000472567 	9.49289e-05 	1
13.25 	0.000253084 	8.54467e-05 	1
13.3125 	0.000117143 	6.03457e-05 	1
13.375 	0.000368206 	6.42962e-05 	1
13.4375 	0.000311007 	8.0027e-05 	1
13.5 	0.000335524 	7.47543e-05 	1
13.5625 	0.000279092 	9.07553e-05 	1
13.625 	0.00014254 	7.5309e-05 	1
13.6875 	0.000334472 	9.91548e-05 	1
13.8125 	0.000150737 	4.98644e-05 	1
14.0 	0.000480946 	7.60626e-05 	1
14.0625 	0.000188065 	5.44378e-05 	1
14.125 	0.000341465 	6.79456e-05 	1
14.1875 	0.000265873 	5.32911e-05 	1
14.3125 	0.000149407 	9.92785e-05 	1
14.375 	0.000205444 	4.84016e-05 	1
14.4375 	0.000198137 	7.17029e-05 	1
14.5 	0.000353238 	7.73716e-05 	1
14.625 	0.000104236 	7.28454e-05 	1
14.6875 	0.000435393 	8.08021e-05 	1
14.75 	0.000184684 	7.42059e-05 	1
14.8125 	0.000311822 	7.01416e-05 	1
14.875 	0.000397949 	7.875e-05 	1
14.9375 	0.000151678 	5.1577e-05 	1
15.0 	0.000203042 	8.0984e-05 	1
15.1875 	0.000198219 	7.03892e-05 	1
15.25 	0.00051873 	8.15335e-05 	1
15.3125 	0.000294366 	8.28967e-05 	1
15.375 	0.000195914 	9.35933e-05 	1
15.4375 	0.000427026 	7.87518e-05 	1
15.5 	0.00036877 	6.96754e-05 	1
15.5625 	0.000141241 	7.66793e-05 	2
15.625 	0.000153143 	6.11507e-05 	1
15.75 	0.000184526 	9.81612e-05 	1
15.8125 	0.000189234 	7.57226e-05 	1
15.875 	0.000506001 	7.7832e-05 	1
15.9375 	0.000480567 	7.25695e-05 	1
16.0 	0.000406086 	8.35332e-05 	1
16.0625 	0.000197818 	5.8727e-05 	1
16.125 	0.000388038 	4.17279e-05 	1
16.1875 	0.000154435 	6.2582e-05 	1
16.25 	0.000186434 	8.14189e-05 	1
16.3125 	0.00038915 	7.36078e-05 	2
16.375 	0.000329654 	7.35724e-05 	1
16.4375 	0.000350514 	8.36703e-05 	1
16.5 	0.000422091 	8.79477e-05 	1
16.5625 	0.000144338 	5.13068e-05 	1
16.625 	0.000443311 	9.22815e-05 	1
16.6875 	0.000398845 	5.15004e-05 	1
16.75 	0.000324828 	6.02666e-05 	1
16.8125 	0.000231323 	6.52876e-05 	1
16.875 	0.000175812 	9.02707e-05 	1
16.9375 	0.000188493 	5.20466e-05 	1
17.1875 	0.000438963 	9.33109e-05 	1
17.25 	0.000473837 	8.52244e-05 	1
17.3125 	0.000127915 	9.36172e-05 	1
17.375 	0.000156336 	9.82696e-05 	1
17.4375 	0.000284414 	7.32258e-05 	1
17.5 	0.000202419 	6.94544e-05 	1
17.5625 	0.000162052 	5.55337e-05 	1
17.625 	0.00046329 	8.68042e-05 	1
17.6875 	0.000370111 	8.01407e-05 	1
17.75 	0.000215995 	7.1571e-05 	1
17.8125 	0.000199075 	7.37866e-05 	2
17.9375 	0.000174786 	4.987e-05 	1
18.0 	0.000261464 	7.92539e-05 	1
18.0625 	0.00024441 	7.26061e-05 	2
18.125 	0.000592717 	6.72748e-05 	1
18.1875 	0.000169434 	5.87413e-05 	1
18.25 	0.000302556 	6.12528e-05 	1
18.3125 	0.000229906 	4.35394e-05 	1
18.375 	0.000168494 	5.25641e-05 	1
18.4375 	0.000318135 	8.39681e-05 	1
18.5 	0.000176431 	7.10767e-05 	1
18.5625 	0.000136389 	9.44963e-05 	1
18.625 	0.000178745 	6.75717e-05 	1
18.75 	0.000208253 	6.12312e-05 	1
18.8125 	0.000207648 	8.54594e-05 	2
18.875 	0.000221861 	3.75458e-05 	1
18.9375 	0.000324111 	7.39118e-05 	1
19.125 	0.000268953 	8.90098e-05 	2
19.25 	0.00031922 	8.38793e-05 	1
19.3125 	0.000236856 	8.33395e-05 	1
19.375 	0.000298692 	8.5032e-05 	2
19.4375 	0.000446577 	8.62244e-05 	1
19.5 	0.00024369 	9.84686e-05 	1
19.625 	0.000286656 	6.92803e-05 	2
19.6875 	0.000171775 	9.18372e-05 	1
19.75 	0.00021806 	7.11929e-05 	1
19.875 	0.000146634 	7.90329e-05 	1
19.9375 	0.000170606 	9.46612e-05 	1
20.0 	0.000281858 	6.13221e-05 	1
20.0625 	0.000180724 	6.37819e-05 	1
20.125 	0.000225641 	5.91951e-05 	1
20.1875 	0.000124938 	9.38796e-05 	1
20.25 	0.000240769 	5.65689e-05 	1
20.3125 	0.000191392 	6.96985e-05 	1
20.375 	0.000400501 	7.02008e-05 	2
20.4375 	0.00015337 	5.18435e-05 	1
20.5 	0.000180997 	7.70125e-05 	1
20.5625 	0.000302453 	8.00006e-05 	1
20.625 	0.00014004 	2.93477e-05 	1
20.6875 	0.000340419 	6.60416e-05 	1
20.75 	0.000356951 	7.74097e-05 	1
20.8125 	0.000244512 	7.95408e-05 	1
20.875 	0.000214872 	6.94533e-05 	1
20.9375 	0.000130344 	7.93664e-05 	1
21.0 	0.000285987 	5.49906e-05 	1
21.0625 	0.000127951 	9.05154e-05 	1
21.1875 	0.000164784 	6.4759e-05 	2
21.3125 	0.000149983 	7.19388e-05 	1
21.375 	0.000129393 	6.58822e-05 	1
21.4375 	0.000178908 	6.03867e-05 	1
21.5 	0.000155023 	9.46362e-05 	1
21.5625 	0.000193927 	4.41079e-05 	1
21.625 	0.000150033 	4.93355e-05 	1
21.6875 	0.000209144 	6.81543e-05 	1
21.75 	0.000219598 	7.83058e-05 	1
21.8125 	0.000168728 	7.61854e-05 	1
21.875 	0.000161318 	5.34614e-05 	1
21.9375 	0.000247504 	5.97409e-05 	1
22.0 	0.000286642 	8.19112e-05 	2
22.125 	0.000161131 	7.31012e-05 	1
22.1875 	0.000143873 	5.17014e-05 	1
22.25 	0.0001869 	7.3285e-05 	1
22.3125 	0.000381486 	6.82479e-05 	1
22.375 	0.000432177 	7.02951e-05 	1
22.625 	0.00035832 	8.38834e-05 	1
22.6875 	0.000140891 	7.36051e-05 	1
22.75 	0.000217035 	5.41649e-05 	1
22.8125 	0.000504724 	9.4868e-05 	1
22.9375 	0.000631889 	7.438e-05 	2
23.0 	0.000182323 	7.94869e-05 	1
23.0625 	0.000314613 	4.4674e-05 	1
23.125 	0.000184017 	9.19299e-05 	1
23.1875 	0.00017736 	5.0254e-05 	1
23.3125 	0.000272892 	7.72334e-05 	1
23.375 	0.000338869 	9.75682e-05 	1
23.4375 	0.000159482 	6.82905e-05 	1
23.5625 	0.000363298 	7.30087e-05 	1
23.6875 	0.000130728 	9.94802e-05 	1
23.75 	0.000253067 	9.56752e-05 	2
23.8125 	0.00044089 	9.2268e-05 	1
23.875 	0.000342827 	9.1745e-05 	2
23.9375 	0.000327073 	8.88481e-05 	1
24.0 	0.000291685 	7.00731e-05 	1
24.0625 	0.000241612 	9.30976e-05 	1
24.125 	0.000361367 	8.8433e-05 	1
24.1875 	0.000184972 	7.76283e-05 	2
24.3125 	0.000405158 	8.20398e-05 	1
24.375 	0.000404048 	8.00614e-05 	1
24.4375 	0.000473624 	7.45869e-05 	1
24.5 	0.000272794 	7.21897e-05 	1
24.5625 	0.000155139 	6.31248e-05 	1
24.625 	0.000297781 	5.78964e-05 	1
24.6875 	0.000475399 	7.23809e-05 	1
24.75 	0.000364805 	9.0291e-05 	1
24.8125 	0.000173063 	6.09511e-05 	1
24.9375 	0.000242229 	5.756e-05 	1
25.0 	0.000621593 	7.00828e-05 	1
25.0625 	0.000204274 	2.86578e-05 	1
25.125 	0.000149907 	8.63438e-05 	1
25.25 	0.000213627 	7.47742e-05 	1
25.3125 	0.000181722 	6.98527e-05 	1
25.375 	0.000115701 	5.54332e-05 	1
25.4375 	0.000228017 	4.92293e-05 	1
25.5 	0.000321233 	6.17689e-05 	1
25.5625 	0.000129244 	2.7429e-05 	1
25.625 	0.000307643 	6.44145e-05 	1
25.6875 	0.000476395 	6.92496e-05 	1
25.75 	0.000233745 	9.17659e-05 	1
25.8125 	0.000182248 	5.66219e-05 	2
25.875 	0.000150717 	6.34078e-05 	1
25.9375 	0.000483211 	7.6939e-05 	1
26.0 	0.000273147 	8.67733e-05 	1
26.0625 	0.000212624 	6.99599e-05 	2
26.125 	0.000185316 	9.12921e-05 	1
26.1875 	0.000215577 	4.14316e-05 	1
26.25 	0.00047096 	7.03481e-05 	1
26.3125 	0.000277321 	7.10272e-05 	1
26.375 	0.000362892 	7.84764e-05 	1
26.4375 	0.000384017 	8.74783e-05 	1
26.5 	0.000173375 	5.31776e-05 	1
26.5625 	0.000138307 	4.68252e-05 	1
26.625 	0.000279871 	8.03576e-05 	1
26.6875 	0.000190994 	6.21429e-05 	1
26.875 	0.000409731 	7.32866e-05 	1
26.9375 	0.000335323 	8.3282e-05 	1
27.0 	0.000245698 	6.67223e-05 	1
27.0625 	0.000160416 	7.92162e-05 	1
27.125 	0.000388647 	5.86092e-05 	1
27.25 	0.000132809 	6.90123e-05 	1
27.3125 	0.000410032 	8.3365e-05 	1
27.375 	0.000306551 	9.09829e-05 	1
27.5 	0.00015392 	5.47448e-05 	1
27.5625 	0.000509885 	8.0429e-05 	1
27.625 	0.000299634 	6.95395e-05 	1
27.6875 	0.000184193 	5.87033e-05 	1
27.75 	0.000317417 	7.55258e-05 	1
27.8125 	0.000205105 	6.88482e-05 	1
27.875 	0.000656023 	9.94749e-05 	1
28.0 	0.000270177 	6.77083e-05 	1
28.0625 	0.000438114 	6.93616e-05 	1
28.125 	0.000189127 	6.86416e-05 	2
28.25 	0.000144491 	5.86872e-05 	1
28.3125 	0.000330133 	8.24707e-05 	1
28.375 	0.000362384 	7.51866e-05 	2
28.4375 	0.00029816 	7.75285e-05 	1
28.5 	0.000130152 	6.99619e-05 	1
28.625 	0.000163766 	6.71968e-05 	1
28.6875 	0.000276886 	8.28333e-05 	1
28.8125 	0.000242402 	6.35674e-05 	2
28.875 	0.000308135 	6.84029e-05 	1
28.9375 	0.000314197 	8.6494e-05 	1
29.0 	0.000274037 	4.93719e-05 	1
29.0625 	0.000150741 	8.02325e-05 	1
29.125 	0.00022206 	7.95138e-05 	1
29.1875 	0.000359611 	9.90031e-05 	1
29.25 	0.000438435 	9.44357e-05 	1
29.3125 	0.000532965 	7.48458e-05 	1
29.375 	0.000171057 	5.97556e-05 	1
29.4375 	0.000237893 	6.0975e-05 	1
29.5 	0.000364093 	8.15199e-05 	1
29.5625 	0.00037508 	7.82344e-05 	1
29.625 	0.000361511 	6.9136e-05 	1
29.6875 	0.000359744 	8.29136e-05 	1
29.75 	0.000189466 	7.79829e-05 	1
29.875 	0.000191631 	3.97773e-05 	1
29.9375 	0.00022109 	8.93582e-05 	1
30.0 	0.000453636 	9.08534e-05 	1
30.125 	0.000513373 	7.85839e-05 	1
30.1875 	0.000266239 	9.00511e-05 	1
30.25 	0.000244104 	7.4355e-05 	1
30.3125 	0.000183775 	9.24627e-05 	1
30.375 	0.000411407 	7.56317e-05 	1
30.4375 	0.000138432 	6.20719e-05 	1
30.5 	0.00031654 	5.49759e-05 	1
30.5625 	0.000463182 	6.85631e-05 	1
30.625 	0.00017993 	7.48602e-05 	1
30.6875 	0.000182587 	8.75738e-05 	1
30.75 	0.000499094 	7.45881e-05 	1
30.8125 	0.000201455 	6.27866e-05 	1
30.9375 	0.000236331 	5.605e-05 	1
31.0 	0.000260717 	5.37151e-05 	1
31.125 	0.000162507 	7.50472e-05 	1
31.1875 	0.000461008 	7.51325e-05 	1
31.25 	0.000180237 	6.94482e-05 	1
31.3125 	0.000270568 	7.21553e-05 	1
31.375 	0.000376125 	8.5485e-05 	1
31.5 	0.000155888 	3.83997e-05 	1
31.5625 	0.000397648 	8.54749e-05 	1
31.625 	0.000211067 	7.69168e-05 	1
31.6875 	0.000320991 	9.03382e-05 	1
31.75 	0.000129609 	5.83583e-05 	1
31.8125 	0.000141495 	6.17749e-05 	1
31.875 	0.000403328 	7.98875e-05 	1
31.9375 	0.000168698 	6.81382e-05 	1
32.0 	0.00033552 	6.4976e-05 	1
32.0625 	0.000286752 	9.28867e-05 	2
32.125 	0.000282789 	7.78828e-05 	1
32.1875 	0.000357741 	7.03398e-05 	1
32.25 	0.000196006 	4.98421e-05 	1
32.3125 	0.000318281 	6.66622e-05 	1
32.375 	0.00019533 	3.69718e-05 	1
32.4375 	0.000234502 	6.64136e-05 	1
32.5 	0.000125627 	9.41706e-05 	1
32.625 	0.000481207 	7.47242e-05 	1
32.6875 	0.000167703 	6.27181e-05 	1
32.75 	0.00022349 	5.94332e-05 	1
32.8125 	0.00019507 	5.11563e-05 	1
32.875 	0.000161317 	8.24969e-05 	1
32.9375 	0.000352288 	8.96857e-05 	1
33.0 	0.000419666 	7.57424e-05 	1
33.0625 	0.000308031 	5.51049e-05 	1
33.125 	0.000246024 	4.45803e-05 	1
33.1875 	0.000242222 	8.08416e-05 	2
33.25 	0.000254876 	9.2957e-05 	1
33.3125 	0.000463184 	7.24148e-05 	1
33.375 	0.000238979 	6.58882e-05 	1
33.4375 	0.000393233 	7.78158e-05 	1
33.5 	0.000225092 	7.48438e-05 	1
33.625 	0.000505031 	7.35944e-05 	1
33.6875 	0.000144044 	6.39825e-05 	1
33.75 	0.000346514 	9.4691e-05 	1
33.8125 	0.000198968 	6.75482e-05 	2
33.875 	0.000203511 	8.42838e-05 	1
33.9375 	0.000339644 	8.37259e-05 	1
34.0625 	0.000349454 	5.62516e-05 	1
34.125 	0.00011706 	6.64671e-05 	1
34.1875 	0.000144509 	2.77313e-05 	1
34.25 	0.000607071 	7.34004e-05 	1
34.3125 	0.00029642 	6.65804e-05 	1
34.375 	0.000117573 	3.53293e-05 	1
34.4375 	0.000354536 	8.1508e-05 	1
34.5 	0.000190967 	4.90847e-05 	1
34.5625 	0.000386623 	6.89727e-05 	1
34.625 	0.000353974 	7.5361e-05 	1
34.6875 	0.000409746 	7.72929e-05 	1
34.75 	0.000449211 	7.21945e-05 	1
34.875 	0.000266215 	9.45183e-05 	2
34.9375 	0.000148719 	4.95615e-05 	1
35.0 	0.000199745 	5.7502e-05 	1
35.0625 	0.000345761 	7.58868e-05 	1
35.125 	0.00015441 	4.86482e-05 	1
35.25 	0.0003621 	8.34121e-05 	1
35.3125 	0.000291774 	9.73341e-05 	3
35.375 	0.000154544 	7.13674e-05 	1
35.5625 	0.000151067 	8.43192e-05 	1
35.625 	0.000312208 	7.16377e-05 	1
35.6875 	0.000285699 	9.14546e-05 	1
35.75 	0.000188501 	4.55064e-05 	1
35.8125 	0.000260979 	1.76812e-05 	1
35.875 	0.000222241 	6.42009e-05 	1
35.9375 	0.00033272 	8.63709e-05 	1
36.0 	0.000468422 	7.58709e-05 	1
36.125 	0.000227832 	3.87832e-05 	1
36.25 	0.000201192 	6.32735e-05 	1
36.3125 	0.000268614 	4.76659e-05 	1
36.4375 	0.000304724 	8.55321e-05 	3
36.5 	0.000216432 	8.43003e-05 	1
36.5625 	0.000215089 	5.53473e-05 	1
36.625 	0.000432371 	7.39556e-05 	1
36.6875 	0.000230991 	5.64785e-05 	1
36.8125 	0.000139184 	6.50997e-05 	1
36.875 	0.000380771 	9.72911e-05 	1
36.9375 	0.000361072 	7.60837e-05 	2
37.0625 	0.000272603 	9.38424e-05 	2
37.125 	0.000302162 	5.35503e-05 	1
37.1875 	0.000286989 	8.06198e-05 	1
37.25 	0.000153004 	4.80433e-05 	1
37.3125 	0.000354905 	8.52894e-05 	1
37.375 	0.000286643 	9.37604e-05 	1
37.4375 	0.000362382 	6.06208e-05 	1
37.5 	0.000226425 	9.12306e-05 	1
37.5625 	0.00020214 	7.70021e-05 	1
37.625 	0.000258309 	7.66201e-05 	1
37.75 	0.00027844 	8.05559e-05 	1
37.8125 	0.000206564 	8.05686e-05 	1
37.875 	0.000203324 	9.25727e-05 	2
37.9375 	0.000388779 	8.4559e-05 	1
38.0 	0.000325744 	7.3528e-05 	1
38.0625 	0.000345518 	9.19196e-05 	1
38.125 	0.000346103 	8.04917e-05 	1
38.1875 	0.000183243 	4.49359e-05 	1
38.25 	0.000157497 	9.79551e-05 	1
38.3125 	0.000613292 	7.72936e-05 	1
38.375 	0.000362136 	8.0266e-05 	1
38.4375 	0.00018789 	7.28122e-05 	1
38.5625 	0.00016176 	7.54029e-05 	1
38.6875 	0.000165875 	5.01496e-05 	1
38.8125 	0.000200534 	7.5894e-05 	1
38.875 	0.000206815 	6.67083e-05 	2
38.9375 	0.000327972 	7.24957e-05 	2
39.0 	0.000497559 	7.73584e-05 	1
39.0625 	0.000162032 	7.35002e-05 	2
39.125 	0.000204009 	9.28088e-05 	1
39.1875 	0.000192917 	6.54861e-05 	1
39.25 	0.000220623 	7.51504e-05 	1
39.3125 	0.000162792 	5.83103e-05 	2
39.375 	0.000449883 	5.83166e-05 	1
39.5 	0.000213503 	6.00803e-05 	1
39.5625 	0.000323802 	6.44634e-05 	1
39.625 	0.000196035 	7.71597e-05 	1
39.6875 	0.000271742 	8.23987e-05 	2
39.75 	0.000399398 	9.09904e-05 	1
39.8125 	0.000317906 	6.45169e-05 	1
39.875 	0.000375508 	7.31574e-05 	1
39.9375 	0.000515471 	9.56908e-05 	1
40.0 	0.000155943 	8.82306e-05 	1
40.0625 	0.000351504 	4.80909e-05 	1
40.125 	0.000244091 	8.35481e-05 	1
40.1875 	0.000130567 	4.74073e-05 	1
40.25 	0.000350697 	8.52245e-05 	1
40.3125 	0.000441002 	8.26667e-05 	1
40.4375 	0.000492912 	9.35114e-05 	1
40.5 	0.000279457 	7.24704e-05 	1
40.5625 	0.000223626 	9.53799e-05 	1
40.625 	0.000286383 	7.88207e-05 	1
40.8125 	0.000162508 	4.35519e-05 	1
40.875 	0.000307939 	6.47327e-05 	1
40.9375 	0.000268336 	3.47838e-05 	1
41.0 	0.000410694 	9.60436e-05 	1
41.125 	0.0001446 	4.44648e-05 	1
41.1875 	0.000173453 	7.52256e-05 	1
41.25 	0.000234317 	6.13597e-05 	2
41.3125 	0.000291248 	6.26834e-05 	1
41.375 	0.000161886 	6.48975e-05 	2
41.4375 	0.000342124 	5.91099e-05 	1
41.5 	0.000323671 	6.7477e-05 	2
41.5625 	0.000223351 	6.64233e-05 	1
41.625 	0.000285635 	8.00178e-05 	1
41.6875 	0.000138774 	6.53018e-05 	1
41.8125 	0.000473306 	9.61567e-05 	1
41.875 	0.000367254 	6.69447e-05 	1
41.9375 	0.000189473 	7.9094e-05 	1
42.0 	0.000217019 	9.12576e-05 	1
42.125 	9.82107e-05 	9.82107e-05 	0
42.25 	0.000248162 	6.7198e-05 	1
42.375 	0.000169335 	6.60557e-05 	2
42.4375 	0.000257089 	3.32131e-05 	1
42.5 	0.000253968 	8.70797e-05 	1
42.5625 	0.000169862 	7.74877e-05 	1
42.625 	0.000269073 	4.92335e-05 	1
42.6875 	0.000458609 	7.64065e-05 	1
42.75 	0.000141868 	5.62212e-05 	1
42.8125 	0.000263397 	7.37609e-05 	2
42.875 	0.000186061 	6.09914e-05 	2
42.9375 	0.000279894 	8.97742e-05 	3
43.0 	0.000187464 	4.20604e-05 	1
43.0625 	0.000305529 	3.36207e-05 	1
43.125 	0.00022055 	7.61955e-05 	1
43.1875 	0.000264189 	7.20787e-05 	2
43.3125 	0.000147418 	8.04329e-05 	1
43.375 	0.000128418 	6.37811e-05 	2
43.4375 	0.00035036 	7.05217e-05 	1
43.5625 	0.000195032 	9.28108e-05 	1
43.6875 	0.000321256 	9.32963e-05 	2
43.75 	0.000206384 	9.16504e-05 	2
43.8125 	0.000299201 	9.33453e-05 	2
43.875 	0.000167098 	7.1392e-05 	1
43.9375 	0.000270932 	5.50915e-05 	1
44.0 	0.000274617 	8.10751e-05 	1
44.0625 	0.000182967 	6.59253e-05 	1
44.125 	0.000350462 	6.27067e-05 	1
44.1875 	0.000165004 	9.40106e-05 	1
44.25 	0.000296985 	9.57488e-05 	2
44.3125 	0.000262693 	7.68133e-05 	1
44.375 	0.000297116 	9.32835e-05 	2
44.4375 	0.000166422 	7.66897e-05 	1
44.5 	0.000238514 	6.95148e-05 	3
44.5625 	0.0003756 	8.19655e-05 	1
44.625 	0.000430506 	8.60599e-05 	1
44.6875 	0.000333147 	7.35368e-05 	1
44.75 	0.000176662 	6.29762e-05 	1
44.8125 	0.000366422 	7.63802e-05 	1
44.875 	0.000270634 	8.13804e-05 	1
44.9375 	0.000340949 	9.35348e-05 	1
45.0 	0.000254799 	7.21068e-05 	2
45.0625 	0.000220806 	7.79493e-05 	1
45.125 	0.000230505 	6.76563e-05 	1
45.1875 	0.000116271 	3.37476e-05 	1
45.25 	0.000270242 	6.84572e-05 	1
45.3125 	0.000305879 	7.23009e-05 	1
45.375 	9.27042e-05 	9.27042e-05 	0
45.5 	0.000268259 	6.41725e-05 	1
45.5625 	0.000475562 	7.47831e-05 	1
45.625 	0.000215767 	7.05107e-05 	1
45.6875 	0.000123418 	9.34377e-05 	1
45.75 	0.000131593 	4.96846e-05 	1
45.875 	0.000278413 	7.96859e-05 	1
45.9375 	0.000150527 	5.46809e-05 	1
46.0 	0.000419994 	8.38345e-05 	1
46.0625 	0.000412182 	6.86796e-05 	1
46.125 	0.000299901 	9.05824e-05 	1
46.3125 	0.000266874 	5.82921e-05 	1
46.375 	0.000230702 	4.39553e-05 	1
46.4375 	0.00022944 	1.84761e-05 	1
46.5 	0.000279148 	3.05666e-05 	1
46.5625 	0.000175017 	7.80769e-05 	1
46.625 	0.000163316 	7.94709e-05 	1
46.6875 	0.000325804 	7.71773e-05 	1
46.75 	0.000199658 	7.56785e-05 	1
46.8125 	0.000137865 	7.37772e-05 	1
46.875 	0.00022593 	5.6195e-05 	1
47.0 	0.000176994 	8.14405e-05 	1
47.0625 	0.000195303 	7.13929e-05 	1
47.125 	0.000545154 	7.73932e-05 	1
47.1875 	0.000295334 	7.80982e-05 	3
47.25 	0.000363747 	8.94155e-05 	1
47.3125 	0.000293876 	6.94142e-05 	1
47.375 	0.000286283 	7.87888e-05 	1
47.4375 	0.000236031 	6.88208e-05 	2
47.5 	0.000283968 	8.4938e-05 	1
47.5625 	0.000242639 	5.95523e-05 	1
47.625 	0.000223335 	8.49452e-05 	1
47.6875 	0.000134512 	6.44455e-05 	1
47.8125 	0.000331414 	9.48646e-05 	1
47.875 	0.000157119 	4.20687e-05 	1
48.0 	0.000224231 	8.03604e-05 	2
48.0625 	0.000476793 	7.55826e-05 	1
48.125 	0.000209568 	6.85692e-05 	1
48.1875 	0.000221158 	7.32338e-05 	2
48.25 	0.000431686 	7.41098e-05 	1
48.3125 	0.000251223 	6.20477e-05 	1
48.375 	0.00018139 	4.66477e-05 	1
48.4375 	0.000271867 	6.00148e-05 	1
48.5 	0.000312943 	7.32335e-05 	1
48.5625 	0.000216985 	7.72007e-05 	1
48.75 	0.000139681 	4.53682e-05 	1
48.8125 	0.0002208 	8.06663e-05 	1
48.9375 	0.000153731 	7.52422e-05 	1
49.0 	0.000335028 	7.39055e-05 	1
49.125 	0.000134918 	4.91377e-05 	1
49.1875 	0.000464188 	8.76865e-05 	1
49.25 	0.000245113 	6.337e-05 	1
49.3125 	0.000306857 	8.4796e-05 	1
49.375 	0.000301856 	7.51458e-05 	1
49.4375 	0.000214128 	5.43448e-05 	1
49.5 	0.000200186 	3.46053e-05 	1
49.5625 	0.000491167 	6.14644e-05 	1
49.625 	0.000468159 	7.39777e-05 	1
49.6875 	0.000303762 	6.35314e-05 	1
49.75 	0.000361084 	7.42423e-05 	1
50.0625 	0.000377274 	7.34593e-05 	1
50.125 	0.000176368 	7.87931e-05 	1
50.25 	0.000234357 	7.3724e-05 	1
50.3125 	0.000190609 	9.61388e-05 	1
50.375 	0.000166656 	4.5772e-05 	1
50.4375 	0.000192001 	8.61038e-05 	1
50.5 	0.000167911 	5.12126e-05 	1
50.5625 	0.000127588 	6.80993e-05 	1
50.625 	0.000212327 	8.19123e-05 	1
50.75 	0.000165453 	4.03184e-05 	1
50.8125 	0.000262549 	3.69268e-05 	1
50.875 	0.000158405 	6.36541e-05 	2
50.9375 	0.000358146 	7.81011e-05 	1
51.0 	0.000224509 	8.52252e-05 	1
51.0625 	0.0001482 	7.09158e-05 	1
51.125 	0.000238538 	6.50062e-05 	2
51.1875 	0.000204498 	6.37182e-05 	2
51.25 	0.000578037 	9.80739e-05 	1
51.3125 	0.000351684 	6.55363e-05 	1
51.375 	0.000134545 	3.39996e-05 	1
51.4375 	0.000152676 	8.16782e-05 	1
51.5 	0.000305636 	8.06612e-05 	1
51.5625 	0.000243216 	3.13216e-05 	1
51.625 	0.00020218 	4.94287e-05 	1
51.6875 	0.000123083 	2.84142e-05 	1
51.8125 	0.000164455 	4.90936e-05 	1
51.875 	0.00016921 	5.36771e-05 	1
52.0 	0.000225563 	9.95216e-05 	1
52.0625 	0.000151839 	5.40105e-05 	1
52.1875 	0.0004614 	9.02018e-05 	1
52.25 	0.000193052 	8.47587e-05 	1
52.3125 	0.000252551 	6.97413e-05 	2
52.375 	0.000126116 	4.42907e-05 	1
52.4375 	0.000209347 	8.80143e-05 	1
52.5 	0.000269043 	7.05987e-05 	1
52.5625 	0.000142199 	8.34431e-05 	1
52.625 	0.000228178 	7.00092e-05 	1
52.6875 	0.000181603 	6.9263e-05 	2
52.75 	0.000178118 	6.94851e-05 	2
52.8125 	0.00018815 	5.66172e-05 	1
52.875 	0.00025144 	7.69155e-05 	1
52.9375 	0.000271351 	6.83539e-05 	1
53.0 	0.000217781 	6.2201e-05 	1
53.125 	0.000187911 	6.17727e-05 	1
53.1875 	0.00092026 	8.83948e-05 	1
53.25 	0.000411584 	7.34554e-05 	1
53.3125 	0.000464211 	8.26881e-05 	1
53.375 	0.000350597 	5.47096e-05 	1
53.5 	0.000167209 	8.38844e-05 	1
53.5625 	0.000146964 	7.9522e-05 	2
53.625 	0.000216122 	4.85113e-05 	1
53.6875 	0.000152066 	7.85488e-05 	1
53.75 	0.000139953 	9.81921e-05 	1
53.8125 	0.000184273 	7.3182e-05 	2
53.875 	0.000247515 	9.24261e-05 	1
53.9375 	0.000135882 	7.06555e-05 	1
54.0 	0.000297881 	5.49877e-05 	1
54.0625 	0.000217424 	6.06271e-05 	1
54.125 	0.000215879 	2.34442e-05 	1
54.1875 	0.000140026 	2.6368e-05 	1
54.25 	0.000260607 	8.705e-05 	1
54.3125 	0.000381832 	8.54993e-05 	1
54.375 	0.000225079 	6.811e-05 	1
54.4375 	0.000146908 	6.01877e-05 	1
54.5 	0.000143154 	3.49924e-05 	1
54.625 	0.000180886 	7.91786e-05 	1
54.6875 	0.000229099 	6.98143e-05 	1
54.8125 	0.000156517 	5.53668e-05 	1
54.875 	0.000211579 	3.80056e-05 	1
54.9375 	0.000147558 	4.9225e-05 	1
55.0 	0.00043208 	7.43363e-05 	1
55.0625 	0.000153458 	9.64441e-05 	1
55.125 	0.000233314 	4.34736e-05 	1
55.1875 	0.000407347 	7.47252e-05 	1
55.3125 	0.00036233 	7.463e-05 	1
55.4375 	0.000119488 	5.79205e-05 	1
55.5 	0.000152436 	9.05837e-05 	1
55.5625 	0.000207295 	7.52006e-05 	1
55.625 	0.000225243 	7.51804e-05 	1
55.6875 	0.000273907 	8.54474e-05 	1
55.75 	0.000323992 	5.93643e-05 	1
55.8125 	0.000258975 	9.6849e-05 	1
55.875 	0.000358097 	6.88539e-05 	1
55.9375 	0.000238201 	4.18814e-05 	1
56.0 	0.000415767 	9.53324e-05 	1
56.0625 	0.000274328 	8.75904e-05 	1
56.125 	0.000250272 	6.17614e-05 	1
56.1875 	0.000233859 	7.01043e-05 	1
56.25 	0.000292494 	8.06562e-05 	1
56.3125 	0.000167886 	7.29911e-05 	2
56.375 	0.000260245 	7.80932e-05 	1
56.4375 	0.000143285 	6.14264e-05 	1
56.5625 	0.000278676 	8.00054e-05 	2
56.625 	0.000209261 	6.26993e-05 	1
56.6875 	0.000184039 	3.76124e-05 	1
56.75 	0.00012777 	7.70108e-05 	1
56.8125 	0.000479594 	8.32037e-05 	1
56.875 	0.000261409 	7.24236e-05 	1
56.9375 	0.000571579 	7.34705e-05 	1
57.0 	0.000285393 	8.6556e-05 	1
57.0625 	0.000212916 	6.72653e-05 	1
57.125 	0.00013359 	6.46308e-05 	1
57.1875 	0.000228949 	8.542e-05 	1
57.25 	0.000216283 	6.78095e-05 	2
57.3125 	0.000469481 	8.16509e-05 	1
57.375 	0.000324216 	6.18284e-05 	1
57.4375 	0.000257118 	6.74687e-05 	1
57.5 	0.000261262 	8.29576e-05 	1
57.5625 	0.000326434 	6.93696e-05 	1
57.625 	0.000240423 	7.51438e-05 	1
57.6875 	0.000270683 	6.37855e-05 	1
57.75 	0.000196886 	8.53381e-05 	2
57.8125 	0.00034516 	7.02757e-05 	1
57.9375 	0.00027209 	8.21599e-05 	1
58.0 	0.000151594 	8.2912e-05 	1
58.0625 	0.000235161 	2.59834e-05 	1
58.125 	0.00016335 	6.69245e-05 	1
58.1875 	0.000172262 	8.28179e-05 	1
58.25 	0.000241728 	6.98438e-05 	1
58.3125 	0.000177005 	6.6363e-05 	1
58.375 	0.000347784 	5.63779e-05 	1
58.4375 	0.000162447 	7.15031e-05 	1
58.5 	0.000244228 	6.70828e-05 	1
58.5625 	0.00024868 	8.25969e-05 	1
58.625 	0.00014288 	3.79093e-05 	1
58.6875 	0.000125319 	5.91695e-05 	1
58.8125 	0.000156968 	6.23426e-05 	2
58.875 	0.000424165 	9.97315e-05 	1
58.9375 	0.000339967 	8.34561e-05 	1
59.0 	0.000394497 	9.90172e-05 	1
59.0625 	0.000102649 	4.09349e-05 	1
59.125 	0.00034721 	6.8421e-05 	1
59.1875 	0.000388583 	9.60674e-05 	1
59.25 	0.000154079 	6.95357e-05 	1
59.3125 	0.000232656 	6.08008e-05 	2
59.375 	0.000148181 	6.80437e-05 	1
59.4375 	0.000377838 	7.84668e-05 	1
59.5 	0.000273886 	6.28871e-05 	1
59.5625 	0.000242868 	7.63929e-05 	2
59.6875 	0.000305211 	6.38227e-05 	1
59.8125 	0.000367673 	6.73674e-05 	2
59.875 	0.000376469 	7.91518e-05 	1
59.9375 	0.000134862 	7.59865e-05 	1
60.0 	0.000188656 	5.44239e-05 	1
60.0625 	0.000334398 	5.62425e-05 	1
60.125 	0.000236532 	6.57e-05 	1
60.25 	0.000336885 	8.11974e-05 	1
60.375 	0.000249216 	7.99208e-05 	1
60.4375 	0.000221242 	5.84291e-05 	1
60.5 	0.000354682 	9.31389e-05 	1
60.5625 	0.000152896 	6.5741e-05 	1
60.625 	0.000169972 	5.97957e-05 	1
60.6875 	0.000228751 	4.79505e-05 	1
60.75 	0.000241732 	8.62968e-05 	1
60.8125 	0.000124469 	5.95556e-05 	1
60.875 	0.000376398 	7.59129e-05 	1
60.9375 	0.000100791 	5.33145e-05 	1
61.0 	0.000279766 	6.12363e-05 	1
61.0625 	0.000247378 	9.05504e-05 	1
61.125 	0.000255775 	6.79927e-05 	1
61.1875 	0.000262781 	7.0927e-05 	2
61.25 	0.000447732 	9.3044e-05 	1
61.3125 	0.000421674 	7.32362e-05 	1
61.375 	0.00022737 	7.59823e-05 	1
61.4375 	0.000385824 	7.2901e-05 	2
61.5 	0.000412516 	7.64572e-05 	1
61.625 	0.000321741 	6.44733e-05 	1
61.6875 	0.000159347 	6.22458e-05 	1
61.75 	0.000112834 	4.97524e-05 	2
61.8125 	0.000203994 	5.26284e-05 	1
61.875 	0.000213967 	6.3975e-05 	2
61.9375 	0.000171187 	6.82176e-05 	1
62.0 	0.000197049 	8.45157e-05 	1
62.125 	0.000419473 	8.36385e-05 	1
62.1875 	0.000375297 	8.35869e-05 	1
62.25 	0.000405248 	7.95652e-05 	1
62.3125 	0.000488044 	5.42967e-05 	1
62.375 	0.000405167 	6.9082e-05 	1
62.4375 	0.000325103 	4.77968e-05 	1
62.5 	0.000280956 	6.49907e-05 	2
62.5625 	0.000190169 	8.23447e-05 	1
62.6875 	0.000237419 	7.08932e-05 	1
62.75 	0.000337506 	7.15057e-05 	2
62.875 	0.000276419 	7.02219e-05 	1
62.9375 	0.000246088 	4.94258e-05 	1
63.0 	0.000502368 	6.94873e-05 	1
63.0625 	0.000118152 	6.82149e-05 	1
63.125 	0.000285663 	7.21994e-05 	1
63.25 	0.000236729 	5.9865e-05 	1
63.375 	0.000405805 	8.69331e-05 	1
63.4375 	0.000193284 	4.18679e-05 	2
63.5 	9.813e-05 	9.813e-05 	0
63.5625 	0.000466704 	8.17428e-05 	1
63.625 	0.000459796 	6.84066e-05 	1
63.8125 	0.000341758 	6.88137e-05 	1
63.875 	0.000194447 	8.51017e-05 	1
63.9375 	0.000145161 	6.29448e-05 	2
64.0 	0.000233439 	8.20645e-05 	1
64.0625 	0.000137251 	2.99967e-05 	1
64.125 	0.000170029 	3.27675e-05 	1
64.25 	0.000318149 	7.87119e-05 	1
64.3125 	0.000274705 	7.00372e-05 	2
64.4375 	0.00029725 	8.26665e-05 	3
64.5 	0.00012739 	4.4558e-05 	1
64.5625 	0.000369364 	8.91053e-05 	1
64.6875 	0.000192364 	4.79543e-05 	1
64.75 	0.000241721 	8.24967e-05 	2
64.8125 	0.000167082 	9.31511e-05 	1
64.875 	0.000416723 	7.75586e-05 	1
64.9375 	0.000117188 	4.60354e-05 	1
65.0 	0.000250514 	7.38947e-05 	1
65.0625 	0.000257937 	8.31964e-05 	1
65.125 	0.000324458 	9.0276e-05 	1
65.1875 	0.000248468 	7.58136e-05 	2
65.25 	0.000285166 	8.49237e-05 	1
65.5 	0.000431665 	7.46775e-05 	1
65.625 	0.000346565 	7.65881e-05 	1
65.6875 	0.000370782 	8.62546e-05 	1
65.75 	0.000184138 	8.06775e-05 	1
65.8125 	0.000142644 	5.89963e-05 	1
65.875 	0.000177353 	4.83206e-05 	1
65.9375 	0.000312675 	5.0052e-05 	1
66.0 	0.000167162 	7.25877e-05 	2
66.0625 	0.000180061 	8.10452e-05 	1
66.1875 	0.000297459 	5.84461e-05 	1
66.25 	0.000316786 	8.25047e-05 	1
66.3125 	0.000419622 	9.21168e-05 	1
66.375 	0.000272166 	5.39118e-05 	1
66.4375 	0.000224091 	4.70242e-05 	1
66.5 	0.000276986 	7.38246e-05 	1
66.5625 	0.00018061 	8.24001e-05 	1
66.625 	0.000394737 	7.91436e-05 	1
66.75 	0.000182563 	7.96187e-05 	1
66.8125 	0.000297766 	8.19652e-05 	1
66.875 	0.000150447 	6.28099e-05 	1
66.9375 	0.000186391 	7.09033e-05 	2
67.0 	0.000216928 	7.20766e-05 	1
67.125 	0.000203356 	8.69361e-05 	1
67.1875 	0.000150622 	8.34739e-05 	1
67.25 	0.000366179 	9.0067e-05 	1
67.3125 	0.000263838 	7.72657e-05 	1
67.375 	0.000343838 	9.00492e-05 	1
67.4375 	0.00026669 	7.71391e-05 	1
67.5 	0.000222239 	7.9945e-05 	1
67.5625 	0.000158327 	6.03558e-05 	1
67.8125 	0.000242096 	5.40077e-05 	1
67.875 	0.000252466 	7.73392e-05 	1
67.9375 	0.000240883 	7.30688e-05 	2
68.0 	0.0001993 	6.94845e-05 	2
68.0625 	0.000237751 	4.08829e-05 	1
68.125 	0.000205245 	9.03749e-05 	1
68.1875 	0.000305253 	6.97781e-05 	1
68.25 	0.000173582 	6.89655e-05 	1
68.3125 	0.000196851 	6.73743e-05 	1
68.375 	0.000354705 	8.51483e-05 	1
68.4375 	0.00024548 	9.11764e-05 	1
68.5 	0.000147778 	6.80483e-05 	2
68.5625 	0.000156664 	3.15291e-05 	1
68.625 	0.000198483 	5.53849e-05 	1
68.6875 	0.000158818 	7.49161e-05 	2
68.75 	0.00026256 	6.7555e-05 	1
68.8125 	0.00023169 	6.76825e-05 	1
68.875 	0.00035787 	7.05471e-05 	1
68.9375 	0.00060973 	8.65246e-05 	1
69.0 	0.000207646 	9.92861e-05 	1
69.0625 	0.000150679 	7.481e-05 	1
69.125 	0.000347547 	8.87945e-05 	1
69.1875 	0.000210233 	7.25754e-05 	1
69.25 	0.000192138 	3.75849e-05 	1
69.3125 	0.0001156 	9.07792e-05 	1
69.4375 	0.000252097 	6.71578e-05 	2
69.5 	0.000165391 	6.02433e-05 	2
69.5625 	0.000249172 	6.63709e-05 	1
69.625 	0.000184329 	7.81669e-05 	1
69.75 	0.000290114 	8.64869e-05 	1
69.8125 	0.000273183 	5.91989e-05 	1
69.875 	0.000158075 	7.42451e-05 	1
69.9375 	0.000170547 	7.63004e-05 	1
