# time 	Initial 	Final 	Iterations
0.333274 	0.000768642 	6.4018e-05 	4
0.579973 	0.000482815 	9.38889e-05 	4
0.642226 	0.000515112 	9.85913e-05 	5
0.70448 	0.000327968 	7.14897e-05 	3
0.766734 	0.000849913 	8.53417e-05 	9
0.828988 	0.000892693 	7.5051e-05 	10
1.01575 	0.000647922 	9.93315e-05 	5
1.078 	0.00066428 	9.62341e-05 	4
1.26477 	0.000546205 	6.07837e-05 	4
1.38927 	0.00118664 	9.27316e-05 	10
1.45153 	0.000475326 	6.87986e-05 	4
1.51378 	0.000781772 	9.07665e-05 	4
1.57604 	0.000448945 	6.29773e-05 	3
1.7628 	0.00068293 	8.70169e-05 	6
1.8873 	0.000484477 	8.94611e-05 	3
1.94956 	0.000613107 	7.85153e-05 	7
2.07407 	0.0002908 	7.26883e-05 	2
2.19857 	0.000591787 	8.04376e-05 	7
2.26083 	0.00050972 	9.88259e-05 	5
2.32308 	0.000703185 	8.85488e-05 	6
2.38534 	0.000657254 	8.1084e-05 	6
2.44759 	0.000563978 	7.71762e-05 	6
2.63435 	0.000697718 	9.00111e-05 	6
2.69661 	0.000444186 	6.85193e-05 	3
2.88337 	0.000920854 	9.61645e-05 	8
2.94562 	0.000892778 	9.6701e-05 	8
3.07013 	0.000638432 	9.56488e-05 	3
3.13238 	0.000881148 	8.16536e-05 	4
3.19464 	0.000544361 	9.82845e-05 	4
3.25689 	0.000442594 	9.41769e-05 	2
3.31914 	0.000581307 	9.39916e-05 	7
3.3814 	0.000406697 	8.13767e-05 	2
3.44365 	0.000554513 	7.43033e-05 	4
3.50591 	0.000196302 	8.62322e-05 	1
3.56816 	0.000515351 	8.7254e-05 	5
3.69267 	0.000470935 	7.02906e-05 	6
3.75492 	0.000364268 	3.62132e-05 	3
3.81718 	0.00031304 	9.39204e-05 	4
3.87943 	0.000558437 	9.5506e-05 	5
4.00394 	0.000608355 	5.38448e-05 	6
4.06619 	0.000515618 	4.77842e-05 	4
4.12845 	0.000752277 	8.75142e-05 	8
4.1907 	0.000875337 	9.83701e-05 	10
4.25295 	0.00106243 	8.56638e-05 	10
4.31521 	0.000678574 	9.08787e-05 	4
4.37746 	0.000388221 	8.88851e-05 	2
4.50197 	0.000572854 	9.20978e-05 	6
4.56422 	0.000569463 	9.43076e-05 	3
4.62648 	0.0009397 	8.25483e-05 	10
4.68873 	0.000696044 	7.69917e-05 	6
4.75098 	0.000518818 	7.15096e-05 	5
4.81324 	0.000439403 	9.65519e-05 	3
4.87549 	0.000731219 	6.96252e-05 	4
4.93775 	0.000781631 	8.88356e-05 	6
5.0 	0.000875219 	7.93687e-05 	8
5.0625 	0.000532065 	8.82336e-05 	4
5.125 	0.00057137 	7.13992e-05 	8
5.25 	0.000498951 	8.84551e-05 	2
5.3125 	0.000295268 	6.87106e-05 	2
5.375 	0.000578367 	8.69024e-05 	5
5.5 	0.000752946 	6.14657e-05 	4
5.5625 	0.000748329 	7.15164e-05 	6
5.625 	0.000713961 	7.93464e-05 	6
5.6875 	0.000728911 	8.79739e-05 	8
5.75 	0.000394774 	7.38559e-05 	3
5.8125 	0.000830663 	9.07502e-05 	8
5.875 	0.000573779 	5.33438e-05 	4
5.9375 	0.000527809 	7.31783e-05 	4
6.0 	0.00061851 	9.50799e-05 	4
6.125 	0.000466837 	8.55589e-05 	4
6.1875 	0.000847248 	9.26752e-05 	8
6.25 	0.000712271 	8.01506e-05 	4
6.4375 	0.00044374 	8.33121e-05 	4
6.6875 	0.000797782 	7.58049e-05 	9
6.75 	0.000507371 	5.07371e-05 	4
6.8125 	0.000605543 	9.64597e-05 	7
6.9375 	0.000437751 	9.37439e-05 	3
7.0 	0.000782003 	9.7608e-05 	8
7.0625 	0.000837956 	7.70681e-05 	4
7.125 	0.000510399 	8.03164e-05 	3
7.1875 	0.000980966 	9.7905e-05 	8
7.25 	0.000590928 	8.71445e-05 	5
7.4375 	0.000687919 	7.36189e-05 	6
7.5625 	0.000880679 	6.57971e-05 	8
7.625 	0.000322598 	5.56907e-05 	4
7.6875 	0.000283386 	6.3153e-05 	2
7.8125 	0.000553377 	5.34591e-05 	4
7.9375 	0.000638231 	9.91739e-05 	7
8.0 	0.000755133 	8.06948e-05 	4
8.0625 	0.000645637 	6.37276e-05 	3
8.125 	0.000426594 	5.53935e-05 	4
8.25 	0.000792894 	9.86239e-05 	9
8.3125 	0.000901876 	9.96719e-05 	8
8.375 	0.000713069 	9.60591e-05 	7
8.4375 	0.000836575 	8.66679e-05 	8
8.5 	0.000515446 	9.65087e-05 	7
8.5625 	0.000203234 	8.98004e-05 	1
8.8125 	0.00049965 	9.72147e-05 	4
8.9375 	0.000795302 	8.74291e-05 	4
9.0 	0.000730974 	7.26804e-05 	4
9.0625 	0.000612268 	8.71499e-05 	4
9.125 	0.000457406 	6.82834e-05 	4
9.1875 	0.000567131 	7.70196e-05 	6
9.25 	0.000353755 	9.56731e-05 	4
9.3125 	0.000486319 	4.31867e-05 	3
9.375 	0.000422659 	9.71947e-05 	4
9.4375 	0.000589872 	9.98274e-05 	2
9.5625 	0.0008209 	6.51676e-05 	4
9.625 	0.000519926 	8.27075e-05 	3
9.6875 	0.000702118 	6.32165e-05 	4
9.8125 	0.000890397 	9.65684e-05 	9
9.875 	0.000464887 	8.55642e-05 	2
9.9375 	0.000371489 	5.08858e-05 	3
10.0 	0.00030994 	7.06292e-05 	2
10.0625 	0.000761238 	8.0527e-05 	6
10.1875 	0.000897833 	7.31228e-05 	6
10.3125 	0.000404763 	9.93483e-05 	3
10.375 	0.000821045 	9.48415e-05 	9
10.625 	0.00126161 	8.66951e-05 	10
10.6875 	0.000422335 	5.99617e-05 	4
10.75 	0.000844646 	8.77342e-05 	6
10.8125 	0.000528589 	7.94581e-05 	5
10.875 	0.000622478 	8.11149e-05 	4
11.0 	0.000782736 	9.13979e-05 	6
11.0625 	0.000602614 	6.66851e-05 	4
11.1875 	0.000659423 	7.75752e-05 	8
11.375 	0.000655327 	8.3072e-05 	6
11.4375 	0.000610957 	9.61028e-05 	5
11.5625 	0.00083359 	9.05983e-05 	4
11.625 	0.000678384 	9.31799e-05 	5
11.6875 	0.000671167 	7.27358e-05 	4
11.75 	0.000830672 	9.95321e-05 	7
11.8125 	0.000404145 	6.35719e-05 	3
11.875 	0.000596332 	8.66104e-05 	4
11.9375 	0.000408893 	8.55163e-05 	3
12.0 	0.000918047 	9.98675e-05 	8
12.0625 	0.00046745 	7.48906e-05 	3
12.125 	0.000507186 	7.69759e-05 	4
12.1875 	0.000572654 	8.58688e-05 	4
12.25 	0.000720094 	8.65797e-05 	7
12.3125 	0.000775708 	9.56415e-05 	7
12.375 	0.000666188 	9.83323e-05 	7
12.5625 	0.000500613 	5.63631e-05 	6
12.625 	0.000492042 	9.00842e-05 	4
12.6875 	0.000823967 	6.13032e-05 	4
12.75 	0.000391077 	7.11273e-05 	3
12.8125 	0.000659035 	7.20609e-05 	7
12.875 	0.000372027 	8.68027e-05 	3
13.0 	0.000466138 	9.94424e-05 	5
13.0625 	0.000551721 	7.04191e-05 	4
13.1875 	0.00108632 	7.92151e-05 	10
13.25 	0.000414525 	7.68913e-05 	2
13.375 	0.000707925 	7.41087e-05 	6
13.4375 	0.000619871 	7.02397e-05 	4
13.5 	0.000632649 	7.59211e-05 	5
13.5625 	0.00057282 	8.37682e-05 	4
13.625 	0.000366527 	8.88493e-05 	3
13.6875 	0.000961525 	7.98627e-05 	11
14.0 	0.000593175 	8.88494e-05 	6
14.0625 	0.000962778 	9.31626e-05 	10
14.125 	0.000572486 	7.94819e-05 	4
14.1875 	0.000579532 	6.06862e-05 	3
14.3125 	0.000689074 	9.52439e-05 	4
14.375 	0.00063311 	7.36079e-05 	4
14.4375 	0.000292079 	8.52794e-05 	2
14.5 	0.000881874 	9.65018e-05 	8
14.625 	0.000659552 	9.14587e-05 	5
14.6875 	0.000459278 	6.46903e-05 	4
14.75 	0.000759334 	8.6064e-05 	9
14.8125 	0.000405464 	8.8537e-05 	4
14.9375 	0.000609282 	7.53295e-05 	9
15.0 	0.000914363 	9.98094e-05 	6
15.1875 	0.000666047 	7.92311e-05 	4
15.25 	0.000344978 	8.61038e-05 	2
15.3125 	0.000500152 	7.20459e-05 	3
15.375 	0.00099156 	7.77627e-05 	10
15.4375 	0.000344995 	9.1357e-05 	2
15.5 	0.000608058 	5.3889e-05 	4
15.5625 	0.000449508 	9.75309e-05 	3
15.75 	0.000432874 	7.81744e-05 	3
15.8125 	0.00055955 	7.47858e-05 	4
15.875 	0.000339305 	7.0462e-05 	3
15.9375 	0.000365076 	7.91755e-05 	4
16.0 	0.000544581 	5.89292e-05 	6
16.0625 	0.000650215 	9.58401e-05 	4
16.125 	0.000423191 	8.90285e-05 	2
16.1875 	0.000516606 	9.35242e-05 	4
16.25 	0.000694517 	9.62615e-05 	5
16.3125 	0.00045786 	6.77936e-05 	5
16.375 	0.000429753 	8.17762e-05 	3
16.4375 	0.000861003 	9.66928e-05 	9
16.5 	0.000927211 	8.75549e-05 	8
16.625 	0.000661473 	7.4016e-05 	6
16.6875 	0.00030211 	6.14344e-05 	3
16.75 	0.00059749 	6.45862e-05 	5
16.8125 	0.000521427 	7.61243e-05 	6
16.875 	0.000985837 	9.04787e-05 	10
16.9375 	0.000553804 	5.59324e-05 	4
17.25 	0.000854671 	8.10806e-05 	9
17.3125 	0.000523752 	8.43639e-05 	4
17.375 	0.00057832 	6.52611e-05 	4
17.4375 	0.000721596 	8.29743e-05 	4
17.5 	0.000325027 	9.80246e-05 	3
17.5625 	0.000375781 	6.04618e-05 	3
17.625 	0.00040417 	2.97025e-05 	4
17.6875 	0.000408968 	7.4142e-05 	2
17.75 	0.000407366 	6.70396e-05 	3
17.8125 	0.000484888 	8.74237e-05 	2
18.0 	0.000818 	8.41875e-05 	8
18.0625 	0.000719461 	9.23085e-05 	4
18.125 	0.00098586 	9.97189e-05 	9
18.1875 	0.000608787 	9.5008e-05 	3
18.25 	0.000695486 	8.32974e-05 	4
18.3125 	0.000457656 	9.76649e-05 	2
18.375 	0.000565177 	7.79737e-05 	5
18.4375 	0.000311655 	6.0385e-05 	3
18.5 	0.000808766 	6.88572e-05 	8
18.5625 	0.000372466 	7.24912e-05 	3
18.625 	0.000433186 	7.72158e-05 	2
18.75 	0.000908576 	9.19919e-05 	7
18.8125 	0.000607006 	7.18228e-05 	3
18.875 	0.000665918 	6.18732e-05 	6
18.9375 	0.000849041 	8.36292e-05 	4
19.125 	0.000701658 	8.21115e-05 	8
19.25 	0.000773959 	9.38682e-05 	8
19.375 	0.000753772 	9.03072e-05 	6
19.4375 	0.000544568 	7.72728e-05 	6
19.5 	0.000599394 	9.54217e-05 	7
19.625 	0.000753829 	9.33392e-05 	8
19.6875 	0.000535379 	8.96723e-05 	2
19.75 	0.000499534 	9.92959e-05 	4
19.9375 	0.000638388 	8.27167e-05 	6
20.0 	0.000615217 	7.94548e-05 	6
20.0625 	0.000450898 	5.5106e-05 	3
20.125 	0.00064048 	8.3978e-05 	8
20.1875 	0.000844889 	8.21969e-05 	3
20.25 	0.000635427 	9.03076e-05 	6
20.3125 	0.000891175 	8.6043e-05 	9
20.375 	0.000334829 	9.57657e-05 	2
20.4375 	0.000811486 	9.71235e-05 	8
20.5 	0.00068582 	8.58832e-05 	6
20.5625 	0.000525021 	6.52174e-05 	7
20.625 	0.000728801 	9.03388e-05 	4
20.6875 	0.000401406 	8.60915e-05 	5
20.75 	0.000474153 	3.80934e-05 	3
20.8125 	0.000602128 	7.64265e-05 	4
20.875 	0.000172097 	9.69609e-05 	1
21.0 	0.000737595 	9.08877e-05 	4
21.0625 	0.000653407 	9.12853e-05 	4
21.1875 	0.000862489 	8.61067e-05 	6
21.3125 	0.00071588 	7.81027e-05 	10
21.375 	0.000392729 	9.53493e-05 	3
21.4375 	0.0002665 	9.72768e-05 	1
21.5625 	0.000480914 	9.95271e-05 	4
21.625 	0.000832553 	9.14181e-05 	8
21.6875 	0.000486022 	9.14597e-05 	3
21.75 	0.000394044 	8.97139e-05 	4
21.8125 	0.000450887 	6.32557e-05 	4
21.875 	0.000526532 	5.06567e-05 	4
21.9375 	0.000899094 	7.73392e-05 	11
22.0 	0.00103051 	7.69615e-05 	10
22.125 	0.000921494 	9.46137e-05 	9
22.1875 	0.000920864 	9.35869e-05 	9
22.25 	0.000421463 	7.98328e-05 	2
22.3125 	0.000656309 	5.90814e-05 	7
22.375 	0.000720617 	9.4341e-05 	3
22.625 	0.00060495 	7.74634e-05 	4
22.75 	0.00110093 	7.89874e-05 	12
22.8125 	0.000602349 	8.52473e-05 	4
22.9375 	0.000718459 	8.95789e-05 	7
23.0 	0.000551222 	7.74174e-05 	6
23.0625 	0.000361245 	9.19804e-05 	2
23.125 	0.000781673 	8.97107e-05 	9
23.1875 	0.00115251 	8.31518e-05 	10
23.3125 	0.000967121 	7.05953e-05 	8
23.375 	0.000506005 	6.49537e-05 	4
23.4375 	0.000702451 	5.97328e-05 	4
23.5625 	0.000534294 	9.64028e-05 	3
23.6875 	0.00060153 	6.74477e-05 	4
23.75 	0.000261883 	6.38775e-05 	2
23.8125 	0.000567753 	9.00292e-05 	3
23.875 	0.000836818 	6.07816e-05 	4
23.9375 	0.000668299 	8.77799e-05 	4
24.0 	0.000521152 	8.39599e-05 	6
24.0625 	0.000626311 	7.22973e-05 	6
24.125 	0.000624739 	4.42834e-05 	4
24.1875 	0.00082071 	5.98676e-05 	4
24.3125 	0.000553148 	8.42127e-05 	3
24.375 	0.000536415 	9.68047e-05 	2
24.4375 	0.000879208 	9.28036e-05 	7
24.5 	0.000460722 	8.36608e-05 	2
24.5625 	0.000687302 	9.70532e-05 	5
24.625 	0.000315261 	5.66596e-05 	2
24.6875 	0.000535519 	4.33564e-05 	3
24.75 	0.000827467 	9.36448e-05 	4
24.8125 	0.000567489 	6.14124e-05 	4
25.0 	0.000484609 	9.84434e-05 	5
25.0625 	0.000421339 	6.75423e-05 	3
25.125 	0.000845506 	7.83774e-05 	11
25.25 	0.000455854 	8.46171e-05 	4
25.3125 	0.000717712 	7.74448e-05 	4
25.5 	0.000634834 	8.65429e-05 	6
25.625 	0.000394676 	8.88878e-05 	2
25.6875 	0.000318688 	9.75671e-05 	2
25.75 	0.000367478 	9.45077e-05 	2
25.8125 	0.000854274 	9.96525e-05 	8
25.875 	0.000530546 	9.23568e-05 	5
25.9375 	0.000977844 	8.6748e-05 	11
26.0 	0.000725862 	8.39876e-05 	9
26.0625 	0.000672831 	7.54269e-05 	6
26.125 	0.00055331 	6.6928e-05 	5
26.25 	0.00069324 	6.40496e-05 	5
26.3125 	0.000527122 	7.91163e-05 	6
26.375 	0.000270477 	5.06388e-05 	3
26.4375 	0.000652546 	8.64314e-05 	7
26.5 	0.000501022 	9.57533e-05 	6
26.5625 	0.000721986 	7.26612e-05 	8
26.625 	0.00100202 	9.17742e-05 	7
26.6875 	0.000402152 	8.39268e-05 	3
26.875 	0.00061836 	9.95715e-05 	4
26.9375 	0.00078931 	9.87685e-05 	5
27.0 	0.000690164 	9.03467e-05 	6
27.25 	0.00072756 	8.97906e-05 	4
27.3125 	0.000839254 	9.91671e-05 	7
27.375 	0.000329413 	7.07059e-05 	3
27.5 	0.000373497 	7.51165e-05 	6
27.5625 	0.000379685 	9.79151e-05 	4
27.625 	0.000418601 	8.31035e-05 	3
27.6875 	0.000582919 	8.26863e-05 	8
27.75 	0.000537848 	6.35664e-05 	2
27.8125 	0.00102765 	9.84916e-05 	9
27.875 	0.000376282 	9.29485e-05 	5
28.0 	0.000639936 	5.54496e-05 	4
28.0625 	0.000647744 	8.53907e-05 	4
28.125 	0.000500726 	7.60925e-05 	4
28.3125 	0.00052938 	8.21608e-05 	4
28.375 	0.000763423 	8.01833e-05 	8
28.4375 	0.000619349 	7.21074e-05 	4
28.5 	0.000601984 	9.81075e-05 	4
28.625 	0.000759707 	5.99406e-05 	4
28.6875 	0.000736966 	7.93999e-05 	8
28.8125 	0.000616287 	7.96035e-05 	5
28.875 	0.000740445 	8.5294e-05 	4
28.9375 	0.000319546 	7.79e-05 	2
29.0 	0.000457706 	5.71396e-05 	4
29.0625 	0.000409237 	8.31556e-05 	6
29.125 	0.000452269 	9.67615e-05 	4
29.1875 	0.000960708 	9.34073e-05 	9
29.25 	0.000740075 	7.74199e-05 	4
29.375 	0.000852261 	9.6889e-05 	10
29.4375 	0.000516875 	8.52665e-05 	4
29.5 	0.000607149 	9.64847e-05 	3
29.5625 	0.000924179 	9.92375e-05 	9
29.625 	0.000788653 	8.22985e-05 	8
29.6875 	0.00052558 	5.63314e-05 	4
29.75 	0.000687125 	8.24355e-05 	7
29.875 	0.000516073 	7.30805e-05 	3
29.9375 	0.000671584 	9.99896e-05 	4
30.0 	0.000649964 	7.40996e-05 	6
30.125 	0.000574737 	9.86051e-05 	4
30.1875 	0.000863702 	6.90232e-05 	8
30.25 	0.000873078 	8.50167e-05 	8
30.3125 	0.000914586 	8.52065e-05 	9
30.375 	0.00060783 	9.8592e-05 	4
30.4375 	0.000524957 	7.64939e-05 	4
30.5 	0.000582378 	9.21248e-05 	4
30.5625 	0.00065033 	6.72275e-05 	5
30.6875 	0.00072964 	5.60232e-05 	4
30.75 	0.000467946 	7.95923e-05 	2
30.8125 	0.000854936 	9.61758e-05 	7
30.9375 	0.000961658 	9.90011e-05 	9
31.0 	0.000726034 	7.42685e-05 	4
31.125 	0.000471427 	7.2191e-05 	3
31.1875 	0.000475166 	8.46597e-05 	4
31.25 	0.000506299 	9.51715e-05 	5
31.375 	0.000643825 	9.32043e-05 	6
31.5 	0.000519788 	7.94556e-05 	3
31.5625 	0.00053108 	9.66001e-05 	4
31.625 	0.000382639 	8.56415e-05 	4
31.6875 	0.000511961 	7.41539e-05 	5
31.75 	0.000766823 	8.61127e-05 	8
31.8125 	0.000455513 	7.86426e-05 	4
31.875 	0.000683918 	7.26729e-05 	4
31.9375 	0.000779667 	8.49806e-05 	6
32.0 	0.000455829 	5.38397e-05 	4
32.125 	0.000556547 	9.92131e-05 	6
32.1875 	0.00064534 	8.01867e-05 	6
32.25 	0.000691926 	5.43618e-05 	6
32.3125 	0.000339594 	5.90726e-05 	3
32.4375 	0.000363784 	8.0509e-05 	2
32.5 	0.000555629 	9.59193e-05 	6
32.625 	0.000499989 	8.02485e-05 	6
32.6875 	0.000626637 	7.60943e-05 	9
32.75 	0.0008098 	7.08081e-05 	4
32.8125 	0.000526884 	8.30136e-05 	3
32.875 	0.000478013 	9.57599e-05 	2
32.9375 	0.000543283 	8.46483e-05 	3
33.0 	0.000541544 	8.03195e-05 	3
33.0625 	0.000748226 	8.99871e-05 	6
33.125 	0.000694774 	7.80093e-05 	8
33.1875 	0.000443356 	8.08537e-05 	4
33.25 	0.00088153 	9.43045e-05 	9
33.3125 	0.00053178 	6.63221e-05 	7
33.375 	0.00069699 	6.98876e-05 	5
33.4375 	0.000613751 	9.25059e-05 	6
33.625 	0.000793962 	8.88554e-05 	5
33.6875 	0.000558764 	7.46393e-05 	4
33.75 	0.000695057 	8.79632e-05 	4
33.875 	0.000976425 	9.95281e-05 	9
33.9375 	0.000648963 	7.57219e-05 	9
34.0625 	0.000450302 	8.8636e-05 	2
34.125 	0.00046914 	9.59216e-05 	2
34.1875 	0.000527313 	9.61141e-05 	2
34.25 	0.000624478 	6.39296e-05 	6
34.3125 	0.000538121 	7.8598e-05 	4
34.375 	0.000539903 	7.58321e-05 	7
34.4375 	0.000486931 	6.1948e-05 	3
34.5 	0.000535526 	6.55291e-05 	4
34.5625 	0.00104282 	7.04788e-05 	5
34.625 	0.000847952 	5.67218e-05 	8
34.6875 	0.000693304 	6.85475e-05 	7
34.75 	0.000640635 	6.42673e-05 	4
34.875 	0.000446309 	6.83699e-05 	3
34.9375 	0.000883641 	9.72362e-05 	9
35.0625 	0.000414979 	9.85138e-05 	2
35.125 	0.000434862 	5.4174e-05 	3
35.25 	0.000527913 	9.867e-05 	4
35.3125 	0.000741 	7.21114e-05 	5
35.375 	0.000400923 	8.688e-05 	2
35.5625 	0.000481495 	6.16141e-05 	4
35.625 	0.00105299 	8.2857e-05 	5
35.6875 	0.000611094 	7.64246e-05 	4
35.75 	0.000673658 	7.35765e-05 	4
35.8125 	0.000485205 	7.75565e-05 	4
35.875 	0.000720138 	8.4871e-05 	4
35.9375 	0.000582497 	9.0942e-05 	4
36.0 	0.000706528 	9.42886e-05 	4
36.125 	0.00050692 	8.12296e-05 	6
36.25 	0.00044522 	8.73976e-05 	3
36.4375 	0.000356043 	7.456e-05 	3
36.5 	0.000855058 	8.66823e-05 	8
36.5625 	0.00054562 	7.57571e-05 	5
36.625 	0.000216653 	9.1657e-05 	1
36.6875 	0.000534664 	9.25684e-05 	4
36.8125 	0.000821703 	7.98408e-05 	8
36.875 	0.00110345 	9.21133e-05 	10
36.9375 	0.000777757 	8.11912e-05 	7
37.0625 	0.000412221 	6.18753e-05 	2
37.125 	0.00049591 	9.84537e-05 	2
37.1875 	0.000550641 	7.98314e-05 	3
37.25 	0.000630232 	7.30542e-05 	6
37.3125 	0.000632733 	7.53495e-05 	7
37.375 	0.000995802 	7.77778e-05 	10
37.4375 	0.000572665 	9.48575e-05 	6
37.5 	0.000386731 	8.67888e-05 	2
37.5625 	0.000926276 	7.69767e-05 	11
37.625 	0.00070263 	9.59999e-05 	2
37.75 	0.000421684 	6.24432e-05 	4
37.8125 	0.000657424 	6.68406e-05 	3
37.875 	0.000262963 	7.38658e-05 	2
37.9375 	0.000465789 	8.12097e-05 	6
38.0 	0.00049843 	8.62616e-05 	6
38.0625 	0.000511571 	9.20606e-05 	3
38.125 	0.000899752 	9.73878e-05 	7
38.1875 	0.000400633 	8.01347e-05 	3
38.25 	0.00049089 	8.37866e-05 	2
38.3125 	0.0007321 	9.51349e-05 	9
38.375 	0.000626783 	9.35318e-05 	3
38.4375 	0.000722637 	7.80328e-05 	9
38.5625 	0.000401754 	9.1769e-05 	2
38.6875 	0.000751495 	7.28734e-05 	8
38.8125 	0.000822203 	9.72453e-05 	7
38.875 	0.00064878 	7.11993e-05 	5
38.9375 	0.00073721 	7.57164e-05 	6
39.0 	0.000322993 	7.55444e-05 	2
39.0625 	0.000774985 	8.52241e-05 	4
39.125 	0.000571458 	9.80581e-05 	3
39.1875 	0.000842692 	9.23808e-05 	9
39.25 	0.000628073 	5.46946e-05 	6
39.3125 	0.000543467 	8.78413e-05 	5
39.5 	0.000360461 	5.96239e-05 	3
39.5625 	0.00104757 	8.41541e-05 	10
39.625 	0.000315772 	5.67665e-05 	4
39.6875 	0.00070173 	9.12659e-05 	6
39.75 	0.00101601 	7.96982e-05 	10
39.8125 	0.000279596 	6.71991e-05 	3
39.875 	0.000333775 	6.9972e-05 	2
39.9375 	0.000683558 	9.73809e-05 	7
40.0 	0.000961784 	9.88146e-05 	8
40.125 	0.000769252 	6.82795e-05 	6
40.25 	0.000528899 	7.83567e-05 	4
40.3125 	0.000563085 	8.40866e-05 	3
40.4375 	0.000318429 	4.45033e-05 	3
40.5 	0.00054217 	8.91814e-05 	5
40.5625 	0.00103503 	8.12662e-05 	10
40.625 	0.000779213 	9.54878e-05 	8
40.8125 	0.000537031 	7.6434e-05 	3
40.9375 	0.00023563 	4.48785e-05 	2
41.125 	0.00044208 	8.21003e-05 	4
41.1875 	0.000640062 	4.16885e-05 	4
41.25 	0.000461008 	7.38302e-05 	3
41.3125 	0.000750837 	9.91255e-05 	6
41.4375 	0.000236948 	4.65366e-05 	2
41.5 	0.000410984 	9.79049e-05 	3
41.5625 	0.000986821 	8.3033e-05 	8
41.625 	0.000502766 	8.0307e-05 	6
41.6875 	0.000395619 	5.45163e-05 	4
41.8125 	0.000723689 	9.88358e-05 	6
41.875 	0.000606262 	8.28298e-05 	4
41.9375 	0.000558283 	8.96846e-05 	4
42.0 	0.000663982 	9.58437e-05 	6
42.125 	0.000623153 	8.16982e-05 	5
42.25 	0.000887245 	8.78536e-05 	8
42.375 	0.000517294 	9.93274e-05 	4
42.5 	0.000612374 	9.36211e-05 	3
42.6875 	0.00055783 	7.12459e-05 	4
42.8125 	0.000500748 	8.04852e-05 	6
42.875 	0.000537363 	9.90261e-05 	4
42.9375 	0.000899969 	8.93737e-05 	4
43.0 	0.000667383 	7.74469e-05 	4
43.0625 	0.000487966 	7.87914e-05 	4
43.125 	0.000347766 	7.15879e-05 	2
43.1875 	0.000543317 	9.91715e-05 	3
43.3125 	0.000489053 	7.89121e-05 	3
43.375 	0.000806064 	9.36398e-05 	8
43.5625 	0.000414717 	8.76281e-05 	3
43.6875 	0.000522948 	8.04874e-05 	4
43.75 	0.000582272 	8.27745e-05 	4
43.8125 	0.000391115 	9.94877e-05 	5
43.9375 	0.000474995 	8.21803e-05 	3
44.0 	0.000339679 	5.27634e-05 	3
44.0625 	0.000483068 	9.18504e-05 	4
44.125 	0.00043618 	7.26866e-05 	3
44.1875 	0.000682993 	7.57895e-05 	6
44.25 	0.000653297 	8.00413e-05 	6
44.3125 	0.000880836 	8.53203e-05 	8
44.375 	0.00060094 	9.23381e-05 	5
44.4375 	0.000498904 	7.96134e-05 	4
44.5625 	0.000834232 	7.28999e-05 	6
44.625 	0.00048618 	9.73886e-05 	5
44.6875 	0.000807434 	8.98351e-05 	8
44.75 	0.000665229 	7.38609e-05 	4
44.8125 	0.000270342 	9.70518e-05 	2
44.875 	0.000339363 	7.13684e-05 	4
44.9375 	0.000816305 	7.76224e-05 	6
45.0 	0.000414835 	7.29008e-05 	4
45.0625 	0.000412943 	7.90263e-05 	3
45.1875 	0.000578197 	9.61044e-05 	3
45.3125 	0.000626735 	6.92961e-05 	4
45.375 	0.000490578 	8.03053e-05 	2
45.5 	0.000512021 	8.27297e-05 	4
45.5625 	0.00053124 	7.38948e-05 	4
45.625 	0.000478876 	7.75071e-05 	6
45.6875 	0.00123921 	7.83843e-05 	12
45.75 	0.00079122 	8.40066e-05 	6
45.875 	0.000459904 	6.41821e-05 	5
45.9375 	0.000539341 	8.51072e-05 	5
46.0 	0.000475665 	9.66442e-05 	2
46.0625 	0.000458459 	9.45165e-05 	3
46.125 	0.000660072 	7.45556e-05 	4
46.3125 	0.000601537 	9.27369e-05 	5
46.375 	0.000500837 	8.99812e-05 	3
46.5625 	0.000749772 	8.22079e-05 	4
46.625 	0.000470849 	7.97798e-05 	5
46.6875 	0.000487539 	9.17957e-05 	3
46.75 	0.000419531 	8.49031e-05 	2
46.8125 	0.000472976 	7.75045e-05 	3
46.875 	0.000475492 	8.67421e-05 	5
47.0 	0.000891728 	9.2792e-05 	6
47.0625 	0.000252637 	8.26862e-05 	2
47.125 	0.000385872 	8.92296e-05 	3
47.1875 	0.000684602 	9.11512e-05 	7
47.25 	0.000254498 	6.10716e-05 	2
47.3125 	0.00054495 	9.41123e-05 	5
47.375 	0.000499155 	6.79026e-05 	3
47.5 	0.000375651 	5.67593e-05 	2
47.5625 	0.000437878 	7.87082e-05 	2
47.625 	0.000332434 	6.82659e-05 	3
47.6875 	0.000746416 	6.12887e-05 	4
47.8125 	0.000319549 	8.59079e-05 	4
47.875 	0.000826842 	7.8736e-05 	4
48.0 	0.000371905 	9.4406e-05 	2
48.0625 	0.000399273 	9.98756e-05 	2
48.1875 	0.000516841 	8.0766e-05 	3
48.25 	0.000631799 	8.31368e-05 	4
48.3125 	0.00100731 	9.895e-05 	9
48.4375 	0.000990979 	8.87314e-05 	8
48.5 	0.000376756 	6.12148e-05 	3
48.5625 	0.000530592 	9.55318e-05 	4
48.75 	0.000713956 	8.50829e-05 	4
48.8125 	0.000545398 	7.53481e-05 	3
48.9375 	0.000895667 	9.27274e-05 	4
49.0 	0.000428036 	9.2009e-05 	3
49.125 	0.000751 	6.96732e-05 	4
49.1875 	0.000659875 	8.98521e-05 	3
49.25 	0.000808277 	9.23627e-05 	4
49.3125 	0.000522667 	8.28458e-05 	7
49.375 	0.000856522 	7.06611e-05 	8
49.4375 	0.000531609 	9.90878e-05 	3
49.5 	0.00048075 	7.64019e-05 	4
49.5625 	0.000768765 	8.95199e-05 	9
49.625 	0.000536769 	9.30565e-05 	6
49.6875 	0.000643963 	9.93255e-05 	6
49.75 	0.000851279 	9.68791e-05 	10
50.0625 	0.000712308 	9.61164e-05 	3
50.125 	0.000250161 	9.95747e-05 	2
50.25 	0.000352679 	7.96271e-05 	2
50.3125 	0.000619989 	7.55089e-05 	6
50.375 	0.000744952 	7.37654e-05 	6
50.4375 	0.000547701 	8.8029e-05 	5
50.5 	0.000765284 	9.42434e-05 	7
50.5625 	0.000685961 	9.8836e-05 	7
50.625 	0.00047157 	6.14306e-05 	3
50.75 	0.000396142 	5.41749e-05 	4
50.8125 	0.000467528 	7.4077e-05 	3
50.875 	0.000403353 	8.49317e-05 	2
50.9375 	0.000464834 	9.7168e-05 	4
51.0 	0.000341989 	7.87935e-05 	4
51.0625 	0.000320911 	7.63605e-05 	3
51.125 	0.000848355 	8.55802e-05 	6
51.1875 	0.000726482 	7.18426e-05 	4
51.25 	0.000594057 	6.94999e-05 	3
51.3125 	0.000641678 	9.019e-05 	5
51.375 	0.00039247 	7.40538e-05 	2
51.4375 	0.000437329 	8.56945e-05 	3
51.5 	0.000499727 	8.4417e-05 	2
51.5625 	0.000544664 	7.26424e-05 	4
51.625 	0.000559547 	9.95035e-05 	2
51.6875 	0.000883026 	7.49437e-05 	11
51.8125 	0.000437338 	8.2303e-05 	4
51.875 	0.000384295 	9.26898e-05 	3
52.0 	0.000383013 	9.44824e-05 	2
52.0625 	0.000260716 	6.52644e-05 	2
52.1875 	0.00038051 	8.66079e-05 	4
52.3125 	0.000579956 	6.83559e-05 	5
52.375 	0.000735622 	9.43586e-05 	5
52.4375 	0.0008326 	9.68205e-05 	9
52.5 	0.000745756 	8.33452e-05 	4
52.625 	0.000358332 	6.27927e-05 	3
52.6875 	0.000426537 	6.78208e-05 	3
52.75 	0.000362367 	8.01556e-05 	2
52.8125 	0.000904992 	8.00481e-05 	9
52.875 	0.000516631 	9.89253e-05 	3
52.9375 	0.000596561 	6.29367e-05 	3
53.0 	0.000627332 	9.84631e-05 	7
53.125 	0.000441753 	8.87973e-05 	3
53.1875 	0.000257404 	6.03021e-05 	2
53.25 	0.00051134 	9.07741e-05 	4
53.3125 	0.00071995 	7.80247e-05 	9
53.375 	0.000306155 	6.06491e-05 	4
53.5 	0.000772866 	5.65727e-05 	4
53.5625 	0.000563337 	7.28351e-05 	6
53.625 	0.000734353 	7.74247e-05 	8
53.6875 	0.000579341 	7.57353e-05 	7
53.75 	0.000728289 	9.43332e-05 	6
53.8125 	0.000455525 	7.75739e-05 	3
53.875 	0.000537874 	8.09405e-05 	3
54.0 	0.000673702 	5.81485e-05 	4
54.0625 	0.000449884 	8.98898e-05 	4
54.1875 	0.00080712 	9.02331e-05 	8
54.25 	0.000429498 	7.37973e-05 	2
54.3125 	0.000379448 	5.46158e-05 	2
54.375 	0.000704629 	6.92851e-05 	4
54.4375 	0.000560843 	8.67588e-05 	4
54.6875 	0.000634049 	5.91402e-05 	7
54.8125 	0.000730605 	8.2866e-05 	9
54.875 	0.000636272 	9.78918e-05 	6
54.9375 	0.000723394 	8.88392e-05 	5
55.0 	0.000903303 	9.13458e-05 	8
55.0625 	0.000313745 	7.48738e-05 	2
55.125 	0.000443845 	9.75741e-05 	5
55.1875 	0.000500303 	9.72741e-05 	3
55.3125 	0.000415288 	7.01825e-05 	4
55.4375 	0.0006637 	7.39804e-05 	5
55.5 	0.000469099 	9.65142e-05 	4
55.625 	0.000936354 	9.6066e-05 	8
55.6875 	0.000415431 	6.1629e-05 	2
55.75 	0.000567719 	8.8774e-05 	5
55.8125 	0.000401057 	7.51412e-05 	3
55.875 	0.000361133 	9.8946e-05 	4
55.9375 	0.000578727 	8.76233e-05 	4
56.0 	0.000655289 	9.26537e-05 	2
56.0625 	0.000558105 	7.83994e-05 	7
56.1875 	0.000846637 	8.13243e-05 	8
56.3125 	0.000431206 	6.95809e-05 	3
56.375 	0.000575024 	9.73883e-05 	4
56.4375 	0.000440392 	6.18113e-05 	3
56.5625 	0.000953216 	9.87154e-05 	8
56.6875 	0.0006708 	9.86512e-05 	7
56.75 	0.000767854 	6.93075e-05 	6
56.8125 	0.000485971 	8.37355e-05 	5
56.9375 	0.000636789 	7.7101e-05 	3
57.0 	0.000853348 	7.76413e-05 	11
57.0625 	0.000434428 	4.72522e-05 	2
57.1875 	0.000526307 	7.45881e-05 	5
57.25 	0.000478757 	7.68813e-05 	3
57.3125 	0.000650246 	9.63296e-05 	7
57.375 	0.000660847 	7.86147e-05 	7
57.4375 	0.00087182 	9.25649e-05 	8
57.5 	0.000336559 	6.53028e-05 	2
57.5625 	0.000483496 	8.33658e-05 	4
57.625 	0.000579366 	9.32435e-05 	4
57.6875 	0.000764857 	7.85431e-05 	4
57.75 	0.000823079 	9.04769e-05 	7
57.8125 	0.000854418 	7.03679e-05 	6
58.0 	0.000867519 	6.60972e-05 	8
58.0625 	0.000494057 	8.87753e-05 	4
58.125 	0.000604179 	7.38783e-05 	4
58.1875 	0.000454629 	9.80181e-05 	3
58.25 	0.000436615 	7.77416e-05 	3
58.3125 	0.000772479 	6.52138e-05 	6
58.4375 	0.000511307 	9.52591e-05 	6
58.5625 	0.000309809 	7.47358e-05 	2
58.625 	0.000352673 	8.68046e-05 	2
58.6875 	0.000621884 	7.20214e-05 	4
58.8125 	0.000727129 	8.1569e-05 	4
58.875 	0.000671758 	9.08123e-05 	6
58.9375 	0.00060071 	8.42928e-05 	7
59.0 	0.000560103 	9.95104e-05 	3
59.125 	0.000873741 	7.6423e-05 	10
59.25 	0.000470386 	8.02768e-05 	6
59.3125 	0.000638824 	7.13602e-05 	4
59.375 	0.000883687 	8.37873e-05 	11
59.4375 	0.00055576 	8.99766e-05 	4
59.5 	0.00075551 	9.21129e-05 	6
59.5625 	0.00096538 	7.38131e-05 	10
59.6875 	0.000749095 	8.77636e-05 	4
59.8125 	0.000581596 	9.91667e-05 	4
59.875 	0.000335418 	8.8419e-05 	2
59.9375 	0.000504252 	8.57173e-05 	3
60.0 	0.000592196 	9.21271e-05 	6
60.0625 	0.00055013 	7.4363e-05 	4
60.125 	0.000787506 	8.58474e-05 	9
60.375 	0.000861489 	8.60896e-05 	8
60.4375 	0.000502992 	9.33815e-05 	4
60.5 	0.000208374 	6.22568e-05 	1
60.5625 	0.00050426 	7.76626e-05 	3
60.625 	0.000535474 	4.51832e-05 	4
60.75 	0.000958167 	7.1576e-05 	10
60.8125 	0.00072745 	8.25234e-05 	4
60.875 	0.000579852 	6.87489e-05 	5
61.0 	0.000344494 	9.05836e-05 	3
61.125 	0.000503118 	5.6036e-05 	4
61.1875 	0.00058199 	8.7103e-05 	4
61.25 	0.000500644 	5.77589e-05 	4
61.3125 	0.000663263 	9.2038e-05 	6
61.375 	0.000591944 	8.42704e-05 	4
61.4375 	0.000416114 	9.24687e-05 	2
61.5 	0.000377584 	9.11113e-05 	4
61.625 	0.000782266 	9.05878e-05 	8
61.6875 	0.00064504 	9.85021e-05 	3
61.8125 	0.000558874 	9.03464e-05 	3
61.875 	0.000405083 	8.9421e-05 	6
61.9375 	0.000831799 	7.90757e-05 	8
62.0 	0.000715262 	5.51755e-05 	4
62.125 	0.000654699 	7.94843e-05 	4
62.1875 	0.000375127 	9.55309e-05 	2
62.25 	0.00042685 	9.62814e-05 	2
62.375 	0.0005074 	9.70269e-05 	4
62.5 	0.000442943 	7.10739e-05 	6
62.5625 	0.000757263 	8.15161e-05 	4
62.6875 	0.000630234 	8.8407e-05 	4
62.75 	0.000385203 	7.16193e-05 	2
62.875 	0.00028676 	7.36882e-05 	3
62.9375 	0.00038894 	7.16956e-05 	5
63.0 	0.000433113 	9.86692e-05 	4
63.125 	0.000776018 	8.59326e-05 	8
63.25 	0.000900991 	7.7179e-05 	11
63.4375 	0.000847592 	9.09356e-05 	8
63.5625 	0.00103941 	7.72344e-05 	10
63.625 	0.000543514 	8.0866e-05 	6
63.8125 	0.000670329 	9.42087e-05 	4
63.9375 	0.00060181 	9.2649e-05 	5
64.0 	0.000495355 	5.67751e-05 	3
64.0625 	0.000544097 	7.37327e-05 	3
64.25 	0.000993856 	9.32853e-05 	10
64.3125 	0.000887924 	8.24958e-05 	6
64.4375 	0.000533625 	9.33185e-05 	3
64.5625 	0.000652588 	6.97152e-05 	7
64.6875 	0.000726071 	7.34103e-05 	5
64.75 	0.000525759 	8.52792e-05 	3
64.8125 	0.000832652 	9.28034e-05 	8
64.875 	0.000476953 	8.77708e-05 	6
64.9375 	0.0012516 	9.66687e-05 	10
65.0 	0.000642612 	6.77143e-05 	4
65.0625 	0.0005515 	8.05179e-05 	4
65.125 	0.000726138 	6.05709e-05 	6
65.25 	0.00078239 	9.91745e-05 	5
65.5 	0.000312545 	9.65217e-05 	2
65.625 	0.000403059 	5.44043e-05 	3
65.6875 	0.000301153 	5.07877e-05 	2
65.75 	0.00052649 	8.57173e-05 	5
65.8125 	0.000660244 	7.58942e-05 	7
65.9375 	0.0009399 	9.51031e-05 	8
66.0 	0.000999626 	9.221e-05 	11
66.0625 	0.000526163 	9.43826e-05 	4
66.1875 	0.000491563 	6.81245e-05 	3
66.25 	0.000339978 	9.14904e-05 	3
66.3125 	0.000767389 	7.14063e-05 	7
66.375 	0.00055457 	8.15176e-05 	7
66.4375 	0.000412341 	7.99259e-05 	3
66.5 	0.000759222 	8.84364e-05 	4
66.625 	0.00058045 	4.82208e-05 	4
66.75 	0.000605593 	7.88169e-05 	7
66.8125 	0.000655671 	7.62338e-05 	8
66.875 	0.000358574 	5.81117e-05 	2
66.9375 	0.000604708 	8.36854e-05 	4
67.0 	0.000797934 	7.57344e-05 	4
67.125 	0.000848565 	8.08e-05 	6
67.1875 	0.000501059 	8.41082e-05 	4
67.25 	0.000746639 	9.50115e-05 	4
67.3125 	0.000405151 	7.05285e-05 	4
67.375 	0.000474403 	8.21479e-05 	4
67.4375 	0.00054727 	9.67432e-05 	4
67.5 	0.000386261 	8.06555e-05 	4
67.5625 	0.000658964 	7.8028e-05 	4
67.8125 	0.000747646 	9.97846e-05 	8
67.875 	0.000924726 	8.79363e-05 	8
67.9375 	0.000584782 	9.0556e-05 	4
68.0 	0.000572173 	7.67708e-05 	4
68.0625 	0.000773941 	9.89134e-05 	9
68.125 	0.000527308 	7.52459e-05 	6
68.1875 	0.000598403 	7.35841e-05 	6
68.25 	0.000728195 	9.57712e-05 	7
68.3125 	0.000447092 	9.26931e-05 	4
68.375 	0.000756456 	7.5539e-05 	6
68.4375 	0.000723398 	8.2191e-05 	6
68.5 	0.000620332 	7.4127e-05 	5
68.5625 	0.000475367 	5.21558e-05 	6
68.625 	0.000679197 	9.37458e-05 	7
68.6875 	0.000648165 	9.34403e-05 	7
68.75 	0.000373203 	9.69587e-05 	4
68.8125 	0.000464194 	9.65856e-05 	3
68.875 	0.000442177 	9.37011e-05 	2
68.9375 	0.000749411 	6.13401e-05 	4
69.0625 	0.000593909 	8.80697e-05 	7
69.125 	0.000419279 	9.81634e-05 	2
69.1875 	0.000633788 	9.44636e-05 	3
69.25 	0.000651544 	9.62836e-05 	4
69.3125 	0.000730936 	7.05724e-05 	6
69.4375 	0.000542069 	6.55951e-05 	4
69.5 	0.000794599 	8.90601e-05 	4
69.625 	0.000790042 	6.6044e-05 	6
69.75 	0.000540278 	9.26169e-05 	3
69.8125 	0.00093793 	9.86511e-05 	7
69.875 	0.000631814 	9.93415e-05 	6
69.9375 	0.000681204 	9.87004e-05 	5
