# time 	Initial 	Final 	Iterations
0.642226 	0.00011254 	6.05487e-05 	1
0.766734 	0.00010478 	5.71101e-05 	1
0.828988 	0.000139669 	7.1345e-05 	1
1.26477 	9.27865e-05 	9.27865e-05 	0
1.38927 	7.23625e-05 	7.23625e-05 	0
1.45153 	0.000128132 	7.18501e-05 	1
1.51378 	7.58614e-05 	7.58614e-05 	0
1.7628 	0.000119354 	6.44485e-05 	1
1.94956 	0.000123708 	5.23807e-05 	1
2.19857 	6.20114e-05 	6.20114e-05 	0
2.26083 	0.000116559 	7.92171e-05 	1
2.32308 	9.33329e-05 	9.33329e-05 	0
2.38534 	7.69587e-05 	7.69587e-05 	0
2.44759 	8.28165e-05 	8.28165e-05 	0
2.63435 	8.4408e-05 	8.4408e-05 	0
2.69661 	7.14725e-05 	7.14725e-05 	0
2.88337 	0.000111789 	5.34744e-05 	1
2.94562 	8.3878e-05 	8.3878e-05 	0
3.07013 	0.000182157 	5.78719e-05 	1
3.31914 	0.000128442 	6.60185e-05 	1
3.3814 	9.71705e-05 	9.71705e-05 	0
3.44365 	0.000132788 	6.23961e-05 	1
3.69267 	9.2054e-05 	9.2054e-05 	0
3.75492 	9.53503e-05 	9.53503e-05 	0
3.87943 	0.000103927 	4.58429e-05 	1
4.06619 	9.20678e-05 	9.20678e-05 	0
4.12845 	9.29823e-05 	9.29823e-05 	0
4.1907 	0.000130097 	6.34255e-05 	1
4.25295 	0.000100273 	4.09377e-05 	1
4.31521 	6.30277e-05 	6.30277e-05 	0
4.50197 	0.000121135 	5.06118e-05 	1
4.56422 	0.00010964 	3.90319e-05 	1
4.62648 	8.81361e-05 	8.81361e-05 	0
4.68873 	0.000125473 	6.3876e-05 	1
4.93775 	7.90009e-05 	7.90009e-05 	0
5.0 	0.000104769 	5.20786e-05 	1
5.0625 	0.000108846 	6.92982e-05 	1
5.125 	9.35619e-05 	9.35619e-05 	0
5.25 	0.000116646 	5.76445e-05 	1
5.375 	9.28941e-05 	9.28941e-05 	0
5.5 	9.82784e-05 	9.82784e-05 	0
5.5625 	0.000121609 	6.59906e-05 	1
5.625 	0.000117199 	5.40653e-05 	1
5.6875 	0.000111481 	5.73248e-05 	1
5.875 	0.000115553 	6.20547e-05 	1
5.9375 	6.23269e-05 	6.23269e-05 	0
6.0 	0.000123532 	7.0494e-05 	1
6.1875 	8.16389e-05 	8.16389e-05 	0
6.25 	6.69258e-05 	6.69258e-05 	0
6.4375 	0.00011094 	6.07999e-05 	1
6.75 	0.000120008 	9.44653e-05 	1
6.8125 	5.62482e-05 	5.62482e-05 	0
6.9375 	9.87794e-05 	9.87794e-05 	0
7.1875 	0.00011098 	7.82389e-05 	1
7.5625 	9.38298e-05 	9.38298e-05 	0
7.6875 	0.000114077 	7.5651e-05 	1
7.8125 	0.00011477 	6.36889e-05 	1
7.9375 	0.000100889 	6.71523e-05 	1
8.0 	0.000116423 	5.64795e-05 	1
8.0625 	4.97993e-05 	4.97993e-05 	0
8.125 	0.000117099 	6.70084e-05 	1
8.4375 	8.17818e-05 	8.17818e-05 	0
8.5 	0.000111954 	5.59665e-05 	1
8.5625 	7.93115e-05 	7.93115e-05 	0
8.8125 	9.83108e-05 	9.83108e-05 	0
8.9375 	0.000128746 	6.0544e-05 	1
9.0 	8.31711e-05 	8.31711e-05 	0
9.1875 	8.97775e-05 	8.97775e-05 	0
9.25 	8.91517e-05 	8.91517e-05 	0
9.3125 	0.000107533 	6.16731e-05 	1
9.375 	0.000108442 	4.5281e-05 	1
9.4375 	7.17262e-05 	7.17262e-05 	0
9.5625 	0.000111874 	2.79483e-05 	1
9.625 	0.000108874 	5.5446e-05 	1
9.6875 	0.000100374 	5.03016e-05 	1
9.8125 	8.35249e-05 	8.35249e-05 	0
9.9375 	6.26835e-05 	6.26835e-05 	0
10.0 	0.000147215 	8.10811e-05 	1
10.3125 	0.000103025 	5.47932e-05 	1
10.625 	7.20818e-05 	7.20818e-05 	0
10.6875 	6.53264e-05 	6.53264e-05 	0
10.75 	0.000117506 	6.27667e-05 	1
10.8125 	7.43477e-05 	7.43477e-05 	0
10.875 	7.92328e-05 	7.92328e-05 	0
11.0 	0.000103112 	7.34129e-05 	1
11.0625 	0.000122991 	8.61831e-05 	1
11.1875 	5.08538e-05 	5.08538e-05 	0
11.6875 	6.36001e-05 	6.36001e-05 	0
11.75 	9.7593e-05 	9.7593e-05 	0
11.8125 	0.000151194 	5.87349e-05 	1
11.9375 	0.000115654 	7.34045e-05 	1
12.0 	9.58445e-05 	9.58445e-05 	0
12.1875 	0.000106018 	5.13755e-05 	1
12.3125 	8.03227e-05 	8.03227e-05 	0
12.375 	9.95569e-05 	9.95569e-05 	0
12.625 	0.000100597 	7.07771e-05 	1
12.6875 	9.44085e-05 	9.44085e-05 	0
12.8125 	0.000113934 	5.01077e-05 	1
12.875 	0.000112785 	5.75009e-05 	1
13.0 	9.66604e-05 	9.66604e-05 	0
13.0625 	7.57686e-05 	7.57686e-05 	0
13.1875 	0.000131762 	6.49363e-05 	1
13.25 	7.80371e-05 	7.80371e-05 	0
13.5625 	6.92698e-05 	6.92698e-05 	0
13.625 	9.68772e-05 	9.68772e-05 	0
13.6875 	9.20634e-05 	9.20634e-05 	0
14.0625 	0.00010363 	5.29885e-05 	1
14.125 	0.000121628 	7.07948e-05 	1
14.1875 	9.43334e-05 	9.43334e-05 	0
14.3125 	0.000114558 	5.7526e-05 	1
14.375 	0.000118102 	6.65515e-05 	1
14.4375 	0.000126454 	6.63986e-05 	1
14.5 	8.23034e-05 	8.23034e-05 	0
14.625 	0.000105135 	3.82903e-05 	1
14.6875 	7.95253e-05 	7.95253e-05 	0
14.75 	0.000133043 	7.13704e-05 	1
14.8125 	0.000106419 	8.08508e-05 	1
14.9375 	8.37212e-05 	8.37212e-05 	0
15.0 	7.81869e-05 	7.81869e-05 	0
15.1875 	9.37528e-05 	9.37528e-05 	0
15.25 	5.07291e-05 	5.07291e-05 	0
15.3125 	0.000114564 	5.24991e-05 	1
15.375 	8.02218e-05 	8.02218e-05 	0
15.4375 	0.00013461 	6.51972e-05 	1
15.5 	9.79863e-05 	9.79863e-05 	0
15.8125 	0.000136035 	7.2899e-05 	1
15.9375 	9.20738e-05 	9.20738e-05 	0
16.0 	9.48488e-05 	9.48488e-05 	0
16.0625 	5.69159e-05 	5.69159e-05 	0
16.125 	8.62853e-05 	8.62853e-05 	0
16.1875 	0.000119019 	5.98507e-05 	1
16.25 	9.04443e-05 	9.04443e-05 	0
16.375 	0.000113837 	5.33242e-05 	1
16.5 	0.000102889 	4.72551e-05 	1
16.625 	0.000123611 	4.79957e-05 	1
16.8125 	7.67783e-05 	7.67783e-05 	0
16.9375 	0.000121335 	5.23374e-05 	1
17.25 	0.000114386 	5.34599e-05 	1
17.3125 	6.32127e-05 	6.32127e-05 	0
17.375 	6.63835e-05 	6.63835e-05 	0
17.4375 	0.000107966 	4.22083e-05 	1
17.5625 	8.35416e-05 	8.35416e-05 	0
17.6875 	0.000125487 	5.32037e-05 	1
18.0 	9.1753e-05 	9.1753e-05 	0
18.0625 	0.000109876 	6.36577e-05 	1
18.1875 	0.000106234 	5.28325e-05 	1
18.25 	0.000122946 	6.52069e-05 	1
18.375 	9.7948e-05 	9.7948e-05 	0
18.4375 	0.000126192 	6.61867e-05 	1
18.5625 	8.90953e-05 	8.90953e-05 	0
18.625 	0.000107499 	5.62416e-05 	1
18.8125 	6.10422e-05 	6.10422e-05 	0
18.875 	7.64612e-05 	7.64612e-05 	0
18.9375 	9.8636e-05 	9.8636e-05 	0
19.125 	0.000100684 	6.57639e-05 	1
19.4375 	0.000139752 	6.76879e-05 	1
19.5 	0.000109041 	6.62872e-05 	1
19.625 	4.56841e-05 	4.56841e-05 	0
19.6875 	9.30806e-05 	9.30806e-05 	0
19.75 	8.84897e-05 	8.84897e-05 	0
19.9375 	0.00010678 	4.71984e-05 	1
20.125 	0.000111985 	5.64967e-05 	1
20.1875 	9.12108e-05 	9.12108e-05 	0
20.375 	8.40491e-05 	8.40491e-05 	0
20.4375 	0.000106661 	5.91793e-05 	1
20.5 	0.000108818 	4.40397e-05 	1
20.625 	9.91201e-05 	9.91201e-05 	0
20.6875 	0.000110688 	5.27727e-05 	1
20.75 	8.24936e-05 	8.24936e-05 	0
21.0 	0.000127758 	6.69577e-05 	1
21.0625 	0.000116787 	4.24506e-05 	1
21.1875 	0.000118054 	5.55144e-05 	1
21.3125 	7.13526e-05 	7.13526e-05 	0
21.5625 	6.78808e-05 	6.78808e-05 	0
21.8125 	9.05541e-05 	9.05541e-05 	0
21.875 	8.2979e-05 	8.2979e-05 	0
21.9375 	0.000106923 	8.30019e-05 	1
22.1875 	0.000101074 	5.60695e-05 	1
22.25 	0.000119462 	3.57988e-05 	1
22.3125 	8.25522e-05 	8.25522e-05 	0
22.9375 	0.000100388 	3.86987e-05 	1
23.0 	8.94783e-05 	8.94783e-05 	0
23.125 	7.60705e-05 	7.60705e-05 	0
23.1875 	8.77845e-05 	8.77845e-05 	0
23.3125 	8.88683e-05 	8.88683e-05 	0
23.375 	0.000107794 	5.73601e-05 	1
23.4375 	0.000149318 	3.95937e-05 	1
23.8125 	9.12284e-05 	9.12284e-05 	0
24.0 	6.85318e-05 	6.85318e-05 	0
24.0625 	8.61002e-05 	8.61002e-05 	0
24.3125 	5.20862e-05 	5.20862e-05 	0
24.375 	0.000102923 	6.4016e-05 	1
24.4375 	5.89893e-05 	5.89893e-05 	0
24.5625 	9.40148e-05 	9.40148e-05 	0
24.6875 	7.31037e-05 	7.31037e-05 	0
24.75 	9.01421e-05 	9.01421e-05 	0
24.8125 	0.000130476 	8.46695e-05 	1
25.0 	0.00010447 	4.21925e-05 	1
25.0625 	0.000118134 	6.26789e-05 	1
25.125 	8.75244e-05 	8.75244e-05 	0
25.25 	0.000102328 	5.28218e-05 	1
25.3125 	0.000123793 	6.3078e-05 	1
25.625 	3.67392e-05 	3.67392e-05 	0
25.6875 	0.000128516 	6.09264e-05 	1
25.75 	0.000124986 	8.62439e-05 	1
25.8125 	7.69398e-05 	7.69398e-05 	0
26.0 	0.00010442 	3.666e-05 	1
26.125 	8.91968e-05 	8.91968e-05 	0
26.375 	0.00011044 	5.57782e-05 	1
26.5 	6.23651e-05 	6.23651e-05 	0
26.625 	9.20573e-05 	9.20573e-05 	0
26.6875 	9.11099e-05 	9.11099e-05 	0
26.875 	6.83235e-05 	6.83235e-05 	0
26.9375 	7.14004e-05 	7.14004e-05 	0
27.0 	9.46561e-05 	9.46561e-05 	0
27.25 	6.69283e-05 	6.69283e-05 	0
27.3125 	8.80154e-05 	8.80154e-05 	0
27.625 	0.000116379 	4.0074e-05 	1
27.75 	8.54866e-05 	8.54866e-05 	0
28.0 	0.000113652 	4.71715e-05 	1
28.0625 	5.38531e-05 	5.38531e-05 	0
28.125 	8.15619e-05 	8.15619e-05 	0
28.3125 	8.7228e-05 	8.7228e-05 	0
28.5 	0.000114386 	7.40885e-05 	1
28.6875 	0.000109863 	6.1921e-05 	1
28.8125 	0.000126295 	5.52678e-05 	1
28.875 	8.03081e-05 	8.03081e-05 	0
29.0 	0.000104216 	5.33988e-05 	1
29.0625 	7.16009e-05 	7.16009e-05 	0
29.125 	0.000108359 	4.73211e-05 	1
29.1875 	0.000101656 	5.76239e-05 	1
29.25 	6.31747e-05 	6.31747e-05 	0
29.375 	5.21067e-05 	5.21067e-05 	0
29.4375 	8.42695e-05 	8.42695e-05 	0
29.625 	5.57206e-05 	5.57206e-05 	0
29.6875 	0.000122287 	6.90403e-05 	1
29.75 	0.000105674 	7.41145e-05 	1
29.9375 	9.2177e-05 	9.2177e-05 	0
30.125 	3.41062e-05 	3.41062e-05 	0
30.25 	6.89491e-05 	6.89491e-05 	0
30.3125 	5.97529e-05 	5.97529e-05 	0
30.375 	7.5874e-05 	7.5874e-05 	0
30.4375 	7.14755e-05 	7.14755e-05 	0
30.5 	0.000104642 	6.31419e-05 	1
30.5625 	8.40434e-05 	8.40434e-05 	0
30.9375 	0.000117191 	5.97769e-05 	1
31.1875 	5.65186e-05 	5.65186e-05 	0
31.25 	0.000119315 	5.73828e-05 	1
31.375 	5.71161e-05 	5.71161e-05 	0
31.625 	0.000106937 	7.24973e-05 	1
31.75 	8.65122e-05 	8.65122e-05 	0
31.8125 	0.000103747 	6.48782e-05 	1
31.875 	5.932e-05 	5.932e-05 	0
32.0 	9.76852e-05 	9.76852e-05 	0
32.125 	9.07909e-05 	9.07909e-05 	0
32.1875 	0.000128375 	5.83801e-05 	1
32.25 	0.000102973 	3.5781e-05 	1
32.3125 	0.000115541 	6.59329e-05 	1
32.4375 	6.54634e-05 	6.54634e-05 	0
32.5 	9.15883e-05 	9.15883e-05 	0
32.625 	9.64733e-05 	9.64733e-05 	0
32.6875 	8.51156e-05 	8.51156e-05 	0
32.75 	9.27674e-05 	9.27674e-05 	0
32.8125 	6.06755e-05 	6.06755e-05 	0
32.875 	9.50518e-05 	9.50518e-05 	0
33.0 	0.000115306 	6.74723e-05 	1
33.0625 	9.7377e-05 	9.7377e-05 	0
33.125 	5.91575e-05 	5.91575e-05 	0
33.3125 	0.000105928 	4.10257e-05 	1
33.375 	7.35173e-05 	7.35173e-05 	0
33.4375 	6.48919e-05 	6.48919e-05 	0
33.625 	7.94446e-05 	7.94446e-05 	0
33.6875 	9.76846e-05 	9.76846e-05 	0
33.875 	9.02663e-05 	9.02663e-05 	0
33.9375 	9.31737e-05 	9.31737e-05 	0
34.125 	7.24598e-05 	7.24598e-05 	0
34.1875 	0.000152777 	6.0843e-05 	1
34.25 	9.05509e-05 	9.05509e-05 	0
34.3125 	0.000118879 	6.28581e-05 	1
34.375 	0.000126791 	4.54044e-05 	1
34.5 	0.000103631 	6.73058e-05 	1
34.5625 	0.000111854 	6.83934e-05 	1
34.625 	7.04536e-05 	7.04536e-05 	0
34.6875 	0.000100405 	4.97489e-05 	1
34.875 	0.000107934 	5.27439e-05 	1
34.9375 	5.8364e-05 	5.8364e-05 	0
35.0625 	4.59897e-05 	4.59897e-05 	0
35.125 	9.09719e-05 	9.09719e-05 	0
35.25 	8.97966e-05 	8.97966e-05 	0
35.3125 	9.93462e-05 	9.93462e-05 	0
35.375 	7.27437e-05 	7.27437e-05 	0
35.625 	0.000134048 	7.23594e-05 	1
35.6875 	0.000113681 	4.80016e-05 	1
35.75 	8.93855e-05 	8.93855e-05 	0
35.8125 	4.99741e-05 	4.99741e-05 	0
35.875 	0.00011396 	5.51844e-05 	1
35.9375 	9.13405e-05 	9.13405e-05 	0
36.0 	9.46484e-05 	9.46484e-05 	0
36.125 	0.000104439 	5.65976e-05 	1
36.25 	6.06555e-05 	6.06555e-05 	0
36.4375 	9.63511e-05 	9.63511e-05 	0
36.5 	0.000113528 	6.36528e-05 	1
36.8125 	0.000106619 	5.33126e-05 	1
36.875 	9.4395e-05 	9.4395e-05 	0
37.125 	8.63613e-05 	8.63613e-05 	0
37.1875 	3.58185e-05 	3.58185e-05 	0
37.3125 	0.000115546 	6.26479e-05 	1
37.4375 	4.33332e-05 	4.33332e-05 	0
37.5 	6.16546e-05 	6.16546e-05 	0
37.5625 	8.89984e-05 	8.89984e-05 	0
37.75 	0.000100859 	8.08474e-05 	1
37.9375 	0.000119211 	7.60153e-05 	1
38.0 	0.000124071 	6.50867e-05 	1
38.0625 	0.00012132 	5.39652e-05 	1
38.125 	8.03527e-05 	8.03527e-05 	0
38.25 	9.05173e-05 	9.05173e-05 	0
38.3125 	6.56725e-05 	6.56725e-05 	0
38.4375 	7.33029e-05 	7.33029e-05 	0
38.5625 	9.18037e-05 	9.18037e-05 	0
38.6875 	0.000120444 	5.6009e-05 	1
38.875 	7.25689e-05 	7.25689e-05 	0
38.9375 	6.2703e-05 	6.2703e-05 	0
39.0 	0.000130515 	5.36439e-05 	1
39.0625 	9.20666e-05 	9.20666e-05 	0
39.1875 	0.000107979 	4.48576e-05 	1
39.25 	9.79235e-05 	9.79235e-05 	0
39.3125 	0.000102317 	5.39329e-05 	1
39.5625 	9.86755e-05 	9.86755e-05 	0
39.625 	0.000103911 	6.82658e-05 	1
39.6875 	7.48988e-05 	7.48988e-05 	0
39.75 	8.8396e-05 	8.8396e-05 	0
39.875 	0.000103677 	5.49194e-05 	1
39.9375 	0.000111136 	7.73578e-05 	1
40.0 	8.00516e-05 	8.00516e-05 	0
40.125 	0.000103561 	2.90897e-05 	1
40.25 	9.31837e-05 	9.31837e-05 	0
40.3125 	0.00010638 	4.76175e-05 	1
40.4375 	0.000113861 	6.51568e-05 	1
40.5 	7.47874e-05 	7.47874e-05 	0
40.5625 	0.000116562 	6.17068e-05 	1
40.625 	9.32378e-05 	9.32378e-05 	0
40.8125 	0.000102752 	4.11964e-05 	1
40.9375 	7.46697e-05 	7.46697e-05 	0
41.125 	0.000131293 	6.54596e-05 	1
41.1875 	0.000147553 	7.98591e-05 	1
41.25 	6.3313e-05 	6.3313e-05 	0
41.3125 	9.05049e-05 	9.05049e-05 	0
41.4375 	9.97953e-05 	9.97953e-05 	0
41.5 	0.000106069 	5.70622e-05 	1
41.6875 	0.000125033 	6.16531e-05 	1
41.8125 	0.000110178 	5.53251e-05 	1
41.9375 	8.89164e-05 	8.89164e-05 	0
42.0 	0.00012196 	6.26307e-05 	1
42.25 	0.000118231 	7.55115e-05 	1
42.5 	9.14801e-05 	9.14801e-05 	0
42.6875 	0.000107305 	5.83629e-05 	1
42.8125 	0.000132707 	6.45788e-05 	1
42.875 	9.20723e-05 	9.20723e-05 	0
42.9375 	9.09006e-05 	9.09006e-05 	0
43.0 	0.000122023 	6.98004e-05 	1
43.0625 	7.53353e-05 	7.53353e-05 	0
43.1875 	0.000145027 	6.46081e-05 	1
43.3125 	7.72982e-05 	7.72982e-05 	0
43.375 	0.000109768 	5.63586e-05 	1
43.9375 	4.10943e-05 	4.10943e-05 	0
44.0 	9.94966e-05 	9.94966e-05 	0
44.125 	0.00011634 	3.68872e-05 	1
44.25 	0.000105238 	6.05359e-05 	1
44.3125 	0.000115166 	6.45075e-05 	1
44.4375 	0.000121601 	6.50617e-05 	1
44.5625 	0.000122917 	6.72089e-05 	1
44.6875 	8.1525e-05 	8.1525e-05 	0
44.8125 	0.000139781 	6.67344e-05 	1
44.875 	0.000115546 	3.9604e-05 	1
44.9375 	0.000102811 	7.01176e-05 	1
45.0 	0.000106719 	5.46692e-05 	1
45.1875 	9.92222e-05 	9.92222e-05 	0
45.3125 	4.67471e-05 	4.67471e-05 	0
45.5 	8.906e-05 	8.906e-05 	0
45.625 	0.000106609 	6.54637e-05 	1
45.6875 	9.39013e-05 	9.39013e-05 	0
45.75 	4.97344e-05 	4.97344e-05 	0
46.0 	0.000128131 	6.56252e-05 	1
46.0625 	0.00014964 	5.94095e-05 	1
46.3125 	0.000102074 	7.17854e-05 	1
46.5625 	5.91161e-05 	5.91161e-05 	0
46.625 	9.15487e-05 	9.15487e-05 	0
46.6875 	7.73515e-05 	7.73515e-05 	0
46.75 	0.000117763 	6.9103e-05 	1
47.0 	6.60882e-05 	6.60882e-05 	0
47.0625 	0.000110683 	7.09632e-05 	1
47.125 	5.47031e-05 	5.47031e-05 	0
47.25 	4.46846e-05 	4.46846e-05 	0
47.375 	0.000122876 	6.5189e-05 	1
47.5 	8.41595e-05 	8.41595e-05 	0
47.5625 	7.07201e-05 	7.07201e-05 	0
47.625 	5.49942e-05 	5.49942e-05 	0
47.8125 	0.000134272 	7.31807e-05 	1
48.0625 	0.000126833 	4.17754e-05 	1
48.1875 	5.35807e-05 	5.35807e-05 	0
48.25 	9.93189e-05 	9.93189e-05 	0
48.3125 	9.48908e-05 	9.48908e-05 	0
48.4375 	0.000126407 	5.70298e-05 	1
48.5625 	0.000131565 	7.25644e-05 	1
48.75 	9.61022e-05 	9.61022e-05 	0
48.8125 	9.96211e-05 	9.96211e-05 	0
48.9375 	8.5741e-05 	8.5741e-05 	0
49.0 	0.000102349 	7.19395e-05 	1
49.3125 	5.52698e-05 	5.52698e-05 	0
49.375 	8.42982e-05 	8.42982e-05 	0
49.4375 	9.55288e-05 	9.55288e-05 	0
49.5625 	6.95578e-05 	6.95578e-05 	0
49.6875 	0.000100625 	4.78763e-05 	1
49.75 	0.000114678 	4.59645e-05 	1
50.0625 	6.47872e-05 	6.47872e-05 	0
50.25 	6.70629e-05 	6.70629e-05 	0
50.3125 	0.000116143 	3.40103e-05 	1
50.375 	4.19892e-05 	4.19892e-05 	0
50.4375 	8.95447e-05 	8.95447e-05 	0
50.5625 	9.43243e-05 	9.43243e-05 	0
50.625 	0.000102061 	4.86024e-05 	1
50.75 	9.78274e-05 	9.78274e-05 	0
50.8125 	0.000112913 	4.95593e-05 	1
50.875 	0.000108673 	5.11499e-05 	1
50.9375 	0.000109561 	5.69863e-05 	1
51.0 	0.000105635 	7.62003e-05 	1
51.125 	7.51152e-05 	7.51152e-05 	0
51.1875 	9.61071e-05 	9.61071e-05 	0
51.25 	6.60794e-05 	6.60794e-05 	0
51.375 	0.000122925 	6.43312e-05 	1
51.4375 	5.39843e-05 	5.39843e-05 	0
51.5 	0.00013621 	6.81198e-05 	1
51.625 	5.5046e-05 	5.5046e-05 	0
51.8125 	8.33549e-05 	8.33549e-05 	0
52.0625 	9.45779e-05 	9.45779e-05 	0
52.1875 	0.000128051 	6.16578e-05 	1
52.3125 	7.87001e-05 	7.87001e-05 	0
52.5 	0.000123887 	5.51719e-05 	1
52.75 	5.90272e-05 	5.90272e-05 	0
52.8125 	0.000109416 	6.37324e-05 	1
52.9375 	0.000115146 	6.79201e-05 	1
53.1875 	7.99675e-05 	7.99675e-05 	0
53.25 	0.000107586 	3.50721e-05 	1
53.5 	7.82053e-05 	7.82053e-05 	0
53.5625 	0.000105473 	3.6811e-05 	1
53.625 	0.00013132 	6.20383e-05 	1
53.6875 	6.93079e-05 	6.93079e-05 	0
53.75 	0.000111136 	6.40978e-05 	1
53.875 	9.9729e-05 	9.9729e-05 	0
54.0 	7.97387e-05 	7.97387e-05 	0
54.0625 	9.11116e-05 	9.11116e-05 	0
54.1875 	0.000118254 	5.144e-05 	1
54.25 	4.38686e-05 	4.38686e-05 	0
54.3125 	0.000116583 	5.70366e-05 	1
54.375 	0.000106975 	5.80162e-05 	1
54.4375 	0.000114534 	5.76459e-05 	1
54.6875 	6.60445e-05 	6.60445e-05 	0
54.8125 	9.72887e-05 	9.72887e-05 	0
54.875 	5.96767e-05 	5.96767e-05 	0
54.9375 	7.2478e-05 	7.2478e-05 	0
55.0 	9.36915e-05 	9.36915e-05 	0
55.3125 	6.83251e-05 	6.83251e-05 	0
55.4375 	0.000105398 	6.52214e-05 	1
55.5 	0.000104932 	6.23125e-05 	1
55.75 	9.65882e-05 	9.65882e-05 	0
55.9375 	8.70207e-05 	8.70207e-05 	0
56.0 	0.000124731 	7.32404e-05 	1
56.0625 	8.80044e-05 	8.80044e-05 	0
56.3125 	0.000118759 	6.34856e-05 	1
56.375 	9.63303e-05 	9.63303e-05 	0
56.4375 	0.000122961 	8.03237e-05 	1
56.5625 	6.3022e-05 	6.3022e-05 	0
56.6875 	9.63024e-05 	9.63024e-05 	0
56.75 	0.000101285 	6.50741e-05 	1
57.0 	5.40455e-05 	5.40455e-05 	0
57.0625 	0.000159301 	6.60121e-05 	1
57.1875 	0.000118721 	6.63079e-05 	2
57.25 	9.70542e-05 	9.70542e-05 	0
57.3125 	0.000114132 	6.36931e-05 	1
57.4375 	0.000125159 	6.21179e-05 	1
57.6875 	0.000114065 	5.65178e-05 	1
57.8125 	9.00028e-05 	9.00028e-05 	0
58.125 	0.000108303 	4.0903e-05 	1
58.1875 	5.9058e-05 	5.9058e-05 	0
58.25 	9.64016e-05 	9.64016e-05 	0
58.3125 	6.33015e-05 	6.33015e-05 	0
58.4375 	0.000118547 	6.42841e-05 	1
58.5625 	7.55221e-05 	7.55221e-05 	0
58.8125 	0.000171773 	8.76641e-05 	1
58.875 	8.71072e-05 	8.71072e-05 	0
59.0 	9.94693e-05 	9.94693e-05 	0
59.125 	0.000128685 	5.54048e-05 	1
59.25 	8.86563e-05 	8.86563e-05 	0
59.3125 	0.000118706 	6.7254e-05 	1
59.375 	7.61267e-05 	7.61267e-05 	0
59.5 	8.55845e-05 	8.55845e-05 	0
59.6875 	0.000125555 	8.5404e-05 	1
59.8125 	6.06667e-05 	6.06667e-05 	0
60.4375 	0.000164746 	6.82821e-05 	1
60.5625 	0.000130171 	6.76586e-05 	1
60.625 	0.000120856 	6.48234e-05 	1
60.875 	9.9033e-05 	9.9033e-05 	0
61.0 	0.000132195 	6.55178e-05 	1
61.125 	6.60833e-05 	6.60833e-05 	0
61.4375 	9.52405e-05 	9.52405e-05 	0
61.625 	9.485e-05 	9.485e-05 	0
61.6875 	0.00010879 	6.33624e-05 	1
61.8125 	0.000114946 	4.80786e-05 	1
61.9375 	0.000123822 	6.02418e-05 	1
62.1875 	9.65781e-05 	9.65781e-05 	0
62.25 	3.82017e-05 	3.82017e-05 	0
62.375 	7.06795e-05 	7.06795e-05 	0
62.5 	6.80288e-05 	6.80288e-05 	0
62.5625 	7.88894e-05 	7.88894e-05 	0
62.875 	0.000117022 	5.68409e-05 	1
62.9375 	7.55991e-05 	7.55991e-05 	0
63.0 	0.000133723 	6.74501e-05 	1
63.25 	7.43223e-05 	7.43223e-05 	0
63.4375 	4.85019e-05 	4.85019e-05 	0
63.5625 	0.000109982 	5.77733e-05 	1
63.8125 	0.000122253 	5.96863e-05 	1
63.9375 	6.10192e-05 	6.10192e-05 	0
64.0 	0.000110286 	5.345e-05 	1
64.25 	0.000116595 	6.53976e-05 	1
64.4375 	0.000118018 	6.1214e-05 	1
64.5625 	4.14704e-05 	4.14704e-05 	0
64.6875 	0.000100003 	6.37661e-05 	1
64.75 	8.62732e-05 	8.62732e-05 	0
64.8125 	8.97959e-05 	8.97959e-05 	0
64.875 	5.02261e-05 	5.02261e-05 	0
64.9375 	9.92571e-05 	9.92571e-05 	0
65.0 	9.67199e-05 	9.67199e-05 	0
65.0625 	9.23691e-05 	9.23691e-05 	0
65.125 	0.000124584 	7.11939e-05 	1
65.625 	6.33662e-05 	6.33662e-05 	0
65.8125 	0.0001063 	5.78611e-05 	1
65.9375 	7.46554e-05 	7.46554e-05 	0
66.0 	9.06796e-05 	9.06796e-05 	0
66.0625 	8.67389e-05 	8.67389e-05 	0
66.3125 	7.37909e-05 	7.37909e-05 	0
66.5 	0.000116884 	5.83465e-05 	1
66.75 	6.45777e-05 	6.45777e-05 	0
66.8125 	0.000109671 	6.31263e-05 	1
66.9375 	4.28072e-05 	4.28072e-05 	0
67.25 	0.000124498 	4.88237e-05 	1
67.4375 	7.8096e-05 	7.8096e-05 	0
67.5 	0.000105886 	7.34532e-05 	1
67.8125 	8.97487e-05 	8.97487e-05 	0
67.875 	9.84331e-05 	9.84331e-05 	0
67.9375 	0.000144485 	6.91992e-05 	1
68.0 	0.000105863 	6.11052e-05 	1
68.125 	9.41517e-05 	9.41517e-05 	0
68.1875 	0.00012183 	8.38379e-05 	1
68.3125 	9.61033e-05 	9.61033e-05 	0
68.4375 	0.000138695 	7.33038e-05 	1
68.5625 	8.75382e-05 	8.75382e-05 	0
68.6875 	0.000130826 	7.19076e-05 	1
68.75 	7.73474e-05 	7.73474e-05 	0
68.8125 	9.1603e-05 	9.1603e-05 	0
68.9375 	5.11601e-05 	5.11601e-05 	0
69.125 	0.00010742 	8.02496e-05 	1
69.1875 	5.53658e-05 	5.53658e-05 	0
69.25 	9.21912e-05 	9.21912e-05 	0
69.3125 	7.97147e-05 	7.97147e-05 	0
69.4375 	0.000107628 	5.82289e-05 	1
69.5 	0.00011085 	6.00003e-05 	1
69.75 	8.31583e-05 	8.31583e-05 	0
69.8125 	8.24012e-05 	8.24012e-05 	0
69.875 	6.6905e-05 	6.6905e-05 	0
69.9375 	0.000111857 	6.85366e-05 	1
