# time 	Initial 	Final 	Iterations
0.333274 	9.14357e-05 	9.14357e-05 	0
0.392346 	5.57973e-05 	5.57973e-05 	0
0.579973 	9.66171e-05 	9.66171e-05 	0
0.642226 	8.61118e-05 	8.61118e-05 	0
0.70448 	8.28066e-05 	8.28066e-05 	0
0.766734 	0.000102153 	6.22584e-05 	1
0.828988 	7.67402e-05 	7.67402e-05 	0
0.953496 	9.6138e-05 	9.6138e-05 	0
1.01575 	8.90544e-05 	8.90544e-05 	0
1.078 	0.000120961 	7.46913e-05 	1
1.20251 	9.22193e-05 	9.22193e-05 	0
1.26477 	0.000121092 	4.9736e-05 	1
1.38927 	5.80257e-05 	5.80257e-05 	0
1.45153 	9.7617e-05 	9.7617e-05 	0
1.51378 	0.000100627 	5.01557e-05 	1
1.57604 	0.000122305 	7.33799e-05 	1
1.63829 	6.88442e-05 	6.88442e-05 	0
1.70054 	7.69777e-05 	7.69777e-05 	0
1.7628 	0.000142915 	4.42983e-05 	1
1.8873 	9.33718e-05 	9.33718e-05 	0
1.94956 	9.0496e-05 	9.0496e-05 	0
2.01181 	0.000108577 	8.25907e-05 	1
2.07407 	0.000149027 	3.37476e-05 	1
2.13632 	0.000144469 	4.43479e-05 	1
2.19857 	0.000113186 	6.15792e-05 	1
2.26083 	6.57094e-05 	6.57094e-05 	0
2.32308 	8.58224e-05 	8.58224e-05 	0
2.38534 	5.70403e-05 	5.70403e-05 	0
2.44759 	0.00012507 	4.25636e-05 	1
2.50984 	0.000129072 	3.62492e-05 	1
2.63435 	5.62121e-05 	5.62121e-05 	0
2.69661 	0.000102264 	6.79425e-05 	1
2.75886 	0.000107622 	4.89752e-05 	1
2.82111 	9.55007e-05 	9.55007e-05 	0
2.88337 	0.000103889 	8.2916e-05 	1
2.94562 	7.8839e-05 	7.8839e-05 	0
3.00787 	0.000111892 	7.61047e-05 	2
3.07013 	9.31155e-05 	9.31155e-05 	0
3.13238 	0.000100054 	7.95077e-05 	1
3.19464 	0.000102928 	7.03117e-05 	1
3.25689 	0.000103675 	6.21265e-05 	1
3.31914 	9.79088e-05 	9.79088e-05 	0
3.3814 	8.84441e-05 	8.84441e-05 	0
3.44365 	0.000120097 	8.59088e-05 	1
3.50591 	7.67405e-05 	7.67405e-05 	0
3.56816 	0.00010263 	7.12263e-05 	2
3.69267 	0.000119182 	5.26428e-05 	1
3.75492 	0.000122483 	7.27902e-05 	1
3.81718 	0.000127296 	7.25768e-05 	1
3.87943 	9.29846e-05 	9.29846e-05 	0
4.00394 	0.000109779 	7.02819e-05 	1
4.06619 	0.000101066 	9.06961e-05 	1
4.12845 	9.43887e-05 	9.43887e-05 	0
4.1907 	8.26511e-05 	8.26511e-05 	0
4.25295 	0.000102256 	9.90821e-05 	1
4.31521 	8.00979e-05 	8.00979e-05 	0
4.37746 	0.000107237 	3.07071e-05 	1
4.50197 	0.000126392 	5.65607e-05 	1
4.56422 	5.20867e-05 	5.20867e-05 	0
4.62648 	0.000117113 	9.29946e-05 	1
4.68873 	5.38735e-05 	5.38735e-05 	0
4.75098 	8.28426e-05 	8.28426e-05 	0
4.81324 	0.000109711 	6.70381e-05 	1
4.87549 	7.28149e-05 	7.28149e-05 	0
4.93775 	0.000104178 	7.39498e-05 	1
5.0 	6.71746e-05 	6.71746e-05 	0
5.0625 	0.00012808 	7.97355e-05 	1
5.125 	6.73494e-05 	6.73494e-05 	0
5.25 	0.00013654 	5.00712e-05 	1
5.3125 	0.000122687 	4.13077e-05 	1
5.375 	0.000126987 	3.68738e-05 	1
5.4375 	8.45646e-05 	8.45646e-05 	0
5.5 	0.000116985 	7.58091e-05 	1
5.5625 	9.93868e-05 	9.93868e-05 	0
5.625 	0.000100658 	3.03342e-05 	1
5.6875 	0.000107219 	8.75616e-05 	1
5.75 	0.000122746 	3.37172e-05 	1
5.8125 	0.00012285 	5.6631e-05 	1
5.875 	6.63671e-05 	6.63671e-05 	0
5.9375 	9.22252e-05 	9.22252e-05 	0
6.0 	0.000152918 	4.90419e-05 	1
6.125 	7.46008e-05 	7.46008e-05 	0
6.1875 	5.75179e-05 	5.75179e-05 	0
6.25 	9.02393e-05 	9.02393e-05 	0
6.3125 	0.000129452 	9.04894e-05 	1
6.4375 	6.28258e-05 	6.28258e-05 	0
6.625 	0.000103571 	5.27184e-05 	1
6.6875 	8.4079e-05 	8.4079e-05 	0
6.75 	0.000103087 	8.70811e-05 	1
6.8125 	6.24609e-05 	6.24609e-05 	0
6.9375 	0.000110142 	6.9132e-05 	1
7.0 	6.6833e-05 	6.6833e-05 	0
7.0625 	7.63888e-05 	7.63888e-05 	0
7.125 	8.95448e-05 	8.95448e-05 	0
7.1875 	8.64041e-05 	8.64041e-05 	0
7.25 	0.000105605 	6.84593e-05 	2
7.4375 	9.16075e-05 	9.16075e-05 	0
7.5625 	6.41598e-05 	6.41598e-05 	0
7.625 	0.000111452 	6.68444e-05 	1
7.6875 	8.94766e-05 	8.94766e-05 	0
7.75 	6.04345e-05 	6.04345e-05 	0
7.8125 	9.7979e-05 	9.7979e-05 	0
7.9375 	0.000129373 	4.43736e-05 	1
8.0 	0.000118007 	5.27988e-05 	1
8.0625 	9.64112e-05 	9.64112e-05 	0
8.125 	0.000126959 	2.69471e-05 	1
8.25 	0.000133664 	3.35993e-05 	1
8.3125 	9.81176e-05 	9.81176e-05 	0
8.375 	0.00010396 	8.93764e-05 	2
8.4375 	0.0001504 	8.2234e-05 	1
8.5 	9.48287e-05 	9.48287e-05 	0
8.5625 	0.000155785 	5.17078e-05 	1
8.625 	0.000126168 	2.97248e-05 	1
8.8125 	0.000122371 	7.24029e-05 	1
8.875 	5.61385e-05 	5.61385e-05 	0
8.9375 	0.000108983 	5.71634e-05 	1
9.0 	9.02026e-05 	9.02026e-05 	0
9.0625 	7.83929e-05 	7.83929e-05 	0
9.125 	0.000155752 	4.3369e-05 	1
9.1875 	0.000120385 	4.95672e-05 	1
9.25 	0.000125068 	5.85385e-05 	1
9.3125 	0.00010246 	3.27892e-05 	1
9.375 	4.85272e-05 	4.85272e-05 	0
9.4375 	0.000105389 	8.01368e-05 	1
9.5625 	7.47516e-05 	7.47516e-05 	0
9.625 	6.1179e-05 	6.1179e-05 	0
9.6875 	0.000106281 	8.74217e-05 	1
9.75 	9.29726e-05 	9.29726e-05 	0
9.8125 	0.0001274 	8.40851e-05 	2
9.875 	0.000102953 	5.0768e-05 	1
9.9375 	8.01184e-05 	8.01184e-05 	0
10.0 	0.000120924 	8.78894e-05 	1
10.0625 	0.000119015 	8.12522e-05 	1
10.125 	0.000107197 	2.58813e-05 	1
10.1875 	9.44855e-05 	9.44855e-05 	0
10.25 	4.73608e-05 	4.73608e-05 	0
10.3125 	0.000108524 	6.96172e-05 	2
10.375 	8.68406e-05 	8.68406e-05 	0
10.5 	0.000116773 	6.33279e-05 	1
10.5625 	0.000111772 	8.46908e-05 	1
10.625 	7.87485e-05 	7.87485e-05 	0
10.6875 	0.000111074 	7.02056e-05 	1
10.75 	6.02406e-05 	6.02406e-05 	0
10.8125 	0.000118127 	7.67584e-05 	1
10.875 	5.84398e-05 	5.84398e-05 	0
10.9375 	0.000113471 	2.98898e-05 	1
11.0 	0.000104903 	6.54594e-05 	1
11.0625 	0.000106532 	7.61807e-05 	1
11.125 	4.37586e-05 	4.37586e-05 	0
11.1875 	0.000119122 	7.46945e-05 	1
11.25 	9.80834e-05 	9.80834e-05 	0
11.3125 	9.28202e-05 	9.28202e-05 	0
11.375 	0.000107545 	4.6728e-05 	1
11.4375 	5.4583e-05 	5.4583e-05 	0
11.5 	8.70889e-05 	8.70889e-05 	0
11.5625 	6.78534e-05 	6.78534e-05 	0
11.625 	0.000115254 	7.17277e-05 	1
11.6875 	0.000125956 	3.91279e-05 	1
11.75 	7.01778e-05 	7.01778e-05 	0
11.8125 	9.65431e-05 	9.65431e-05 	0
11.875 	9.17164e-05 	9.17164e-05 	0
11.9375 	0.000138197 	4.03127e-05 	1
12.0 	6.89315e-05 	6.89315e-05 	0
12.0625 	0.000125458 	9.29692e-05 	1
12.125 	0.000123579 	3.9831e-05 	1
12.1875 	8.15814e-05 	8.15814e-05 	0
12.25 	0.000120867 	7.05565e-05 	1
12.3125 	0.000121499 	5.84383e-05 	1
12.375 	0.00014337 	3.64542e-05 	1
12.4375 	6.89728e-05 	6.89728e-05 	0
12.5625 	0.000109519 	6.53271e-05 	1
12.625 	9.14639e-05 	9.14639e-05 	0
12.6875 	7.57373e-05 	7.57373e-05 	0
12.75 	0.000103702 	4.26667e-05 	1
12.8125 	0.000138368 	9.68539e-05 	1
12.875 	9.50266e-05 	9.50266e-05 	0
13.0 	9.02155e-05 	9.02155e-05 	0
13.0625 	0.000116308 	7.36933e-05 	1
13.125 	0.000124049 	8.50981e-05 	1
13.1875 	0.000105845 	6.41031e-05 	1
13.25 	9.08943e-05 	9.08943e-05 	0
13.3125 	0.000125112 	3.74259e-05 	1
13.375 	6.13356e-05 	6.13356e-05 	0
13.4375 	8.71211e-05 	8.71211e-05 	0
13.5 	7.74383e-05 	7.74383e-05 	0
13.5625 	0.000107378 	8.05675e-05 	1
13.625 	0.000136042 	4.3443e-05 	1
13.6875 	0.000104128 	8.82014e-05 	1
13.8125 	9.51314e-05 	9.51314e-05 	0
14.0 	9.97707e-05 	9.97707e-05 	0
14.0625 	5.87353e-05 	5.87353e-05 	0
14.125 	0.000131523 	3.88901e-05 	1
14.1875 	7.02806e-05 	7.02806e-05 	0
14.3125 	6.7293e-05 	6.7293e-05 	0
14.375 	9.56678e-05 	9.56678e-05 	0
14.4375 	9.86517e-05 	9.86517e-05 	0
14.5 	8.93247e-05 	8.93247e-05 	0
14.5625 	0.000119204 	3.73296e-05 	1
14.625 	8.10297e-05 	8.10297e-05 	0
14.6875 	8.37388e-05 	8.37388e-05 	0
14.75 	9.94669e-05 	9.94669e-05 	0
14.8125 	6.87421e-05 	6.87421e-05 	0
14.875 	0.000105607 	4.31989e-05 	1
14.9375 	0.000137567 	7.58986e-05 	1
15.0 	0.00010542 	7.92923e-05 	1
15.1875 	9.77723e-05 	9.77723e-05 	0
15.25 	0.000106278 	8.92251e-05 	1
15.3125 	0.000110991 	7.87597e-05 	1
15.375 	0.000108363 	8.04187e-05 	1
15.4375 	6.9783e-05 	6.9783e-05 	0
15.5 	8.03919e-05 	8.03919e-05 	0
15.5625 	0.000133876 	5.25999e-05 	1
15.625 	0.000107397 	3.40693e-05 	1
15.75 	0.000109209 	3.40383e-05 	1
15.8125 	7.59006e-05 	7.59006e-05 	0
15.875 	8.9493e-05 	8.9493e-05 	0
15.9375 	0.000111688 	7.76536e-05 	1
16.0 	0.000114225 	5.88212e-05 	1
16.0625 	0.000112771 	3.90802e-05 	1
16.125 	9.18072e-05 	9.18072e-05 	0
16.1875 	0.000102957 	4.66316e-05 	1
16.25 	0.000108476 	6.87254e-05 	1
16.3125 	5.96749e-05 	5.96749e-05 	0
16.375 	0.000120252 	5.97627e-05 	1
16.4375 	0.000123589 	7.36927e-05 	1
16.5 	5.97042e-05 	5.97042e-05 	0
16.5625 	0.000111326 	8.44062e-05 	1
16.625 	0.000121257 	8.81416e-05 	1
16.6875 	0.000116868 	7.44993e-05 	2
16.75 	0.0001234 	3.68208e-05 	1
16.8125 	0.000101811 	5.91051e-05 	1
16.875 	8.24443e-05 	8.24443e-05 	0
16.9375 	4.67816e-05 	4.67816e-05 	0
17.1875 	9.49688e-05 	9.49688e-05 	0
17.25 	0.000115825 	7.5823e-05 	1
17.3125 	8.56927e-05 	8.56927e-05 	0
17.375 	6.08196e-05 	6.08196e-05 	0
17.4375 	0.000113899 	6.72099e-05 	1
17.5 	4.94141e-05 	4.94141e-05 	0
17.5625 	8.3876e-05 	8.3876e-05 	0
17.625 	8.8566e-05 	8.8566e-05 	0
17.6875 	6.36136e-05 	6.36136e-05 	0
17.75 	9.21451e-05 	9.21451e-05 	0
17.8125 	0.000153455 	8.6046e-05 	1
17.875 	6.70831e-05 	6.70831e-05 	0
17.9375 	9.1724e-05 	9.1724e-05 	0
18.0 	7.66781e-05 	7.66781e-05 	0
18.0625 	9.92437e-05 	9.92437e-05 	0
18.125 	0.000126482 	4.39734e-05 	1
18.1875 	0.000105501 	9.69029e-05 	1
18.25 	7.40207e-05 	7.40207e-05 	0
18.3125 	8.61871e-05 	8.61871e-05 	0
18.375 	0.000110379 	7.38506e-05 	1
18.4375 	8.03151e-05 	8.03151e-05 	0
18.5 	0.000125734 	3.76252e-05 	1
18.5625 	8.27279e-05 	8.27279e-05 	0
18.625 	7.48276e-05 	7.48276e-05 	0
18.75 	7.6898e-05 	7.6898e-05 	0
18.8125 	9.52425e-05 	9.52425e-05 	0
18.875 	0.000119077 	3.57168e-05 	1
18.9375 	0.000110775 	5.17285e-05 	1
19.125 	9.68966e-05 	9.68966e-05 	0
19.25 	0.000114342 	8.87614e-05 	1
19.3125 	8.85915e-05 	8.85915e-05 	0
19.375 	0.000115584 	2.81481e-05 	1
19.4375 	9.24338e-05 	9.24338e-05 	0
19.5 	0.000156887 	3.36518e-05 	1
19.5625 	8.17506e-05 	8.17506e-05 	0
19.625 	8.40727e-05 	8.40727e-05 	0
19.6875 	6.24696e-05 	6.24696e-05 	0
19.75 	0.000113127 	8.12793e-05 	1
19.8125 	5.73495e-05 	5.73495e-05 	0
19.875 	9.06813e-05 	9.06813e-05 	0
19.9375 	0.000103405 	7.13095e-05 	1
20.0 	0.000124487 	3.38963e-05 	1
20.0625 	0.000138962 	4.27409e-05 	1
20.125 	0.00010354 	7.74621e-05 	1
20.1875 	6.97014e-05 	6.97014e-05 	0
20.25 	6.59629e-05 	6.59629e-05 	0
20.3125 	5.32e-05 	5.32e-05 	0
20.375 	9.10632e-05 	9.10632e-05 	0
20.4375 	0.000103098 	4.57833e-05 	1
20.5 	0.000124181 	7.43339e-05 	1
20.5625 	0.00010184 	6.93663e-05 	1
20.625 	9.46286e-05 	9.46286e-05 	0
20.6875 	0.000101447 	8.29646e-05 	1
20.75 	0.000111678 	8.29112e-05 	1
20.8125 	6.92313e-05 	6.92313e-05 	0
20.875 	5.77999e-05 	5.77999e-05 	0
20.9375 	9.55283e-05 	9.55283e-05 	0
21.0 	9.8265e-05 	9.8265e-05 	0
21.0625 	8.76338e-05 	8.76338e-05 	0
21.1875 	0.000104972 	6.2011e-05 	1
21.3125 	0.000125773 	8.42639e-05 	1
21.375 	0.000106365 	8.49961e-05 	1
21.4375 	8.95389e-05 	8.95389e-05 	0
21.5 	8.11077e-05 	8.11077e-05 	0
21.5625 	0.000122168 	8.81016e-05 	1
21.625 	0.000113164 	5.54266e-05 	1
21.6875 	0.000105721 	9.46979e-05 	1
21.75 	0.000107809 	9.28155e-05 	1
21.8125 	0.000120494 	3.59533e-05 	1
21.875 	0.000166913 	8.96211e-05 	1
21.9375 	0.00013377 	5.80285e-05 	1
22.0 	0.00010189 	8.46092e-05 	1
22.0625 	7.28862e-05 	7.28862e-05 	0
22.125 	6.13617e-05 	6.13617e-05 	0
22.1875 	9.85629e-05 	9.85629e-05 	0
22.25 	8.75027e-05 	8.75027e-05 	0
22.3125 	9.28524e-05 	9.28524e-05 	0
22.375 	0.000144013 	4.00657e-05 	1
22.4375 	9.08518e-05 	9.08518e-05 	0
22.5 	5.02529e-05 	5.02529e-05 	0
22.625 	9.41613e-05 	9.41613e-05 	0
22.6875 	0.000100806 	5.41787e-05 	1
22.75 	0.000111875 	2.57506e-05 	1
22.8125 	0.000109392 	6.60932e-05 	1
22.9375 	0.000100143 	5.0825e-05 	1
23.0 	0.000111636 	6.78317e-05 	1
23.0625 	7.35918e-05 	7.35918e-05 	0
23.125 	0.000119226 	3.00461e-05 	1
23.1875 	5.96191e-05 	5.96191e-05 	0
23.3125 	0.00015234 	7.40777e-05 	1
23.375 	8.28467e-05 	8.28467e-05 	0
23.4375 	0.000136392 	7.60378e-05 	1
23.5625 	0.000106743 	3.32767e-05 	1
23.6875 	8.56752e-05 	8.56752e-05 	0
23.75 	4.97408e-05 	4.97408e-05 	0
23.8125 	4.55995e-05 	4.55995e-05 	0
23.875 	0.000107558 	3.05575e-05 	1
23.9375 	0.000121004 	5.33776e-05 	1
24.0 	0.000116592 	8.53513e-05 	1
24.0625 	0.000113916 	4.44373e-05 	1
24.125 	6.10178e-05 	6.10178e-05 	0
24.1875 	6.95198e-05 	6.95198e-05 	0
24.25 	8.37949e-05 	8.37949e-05 	0
24.3125 	0.000112176 	5.27979e-05 	1
24.375 	8.25198e-05 	8.25198e-05 	0
24.4375 	9.90734e-05 	9.90734e-05 	0
24.5 	0.000109049 	6.67004e-05 	1
24.5625 	0.000107576 	7.19724e-05 	1
24.625 	9.78987e-05 	9.78987e-05 	0
24.6875 	7.07964e-05 	7.07964e-05 	0
24.75 	4.93786e-05 	4.93786e-05 	0
24.8125 	0.000114756 	3.18561e-05 	1
24.875 	0.000107059 	4.17416e-05 	1
24.9375 	9.74215e-05 	9.74215e-05 	0
25.0 	0.000110512 	6.93969e-05 	1
25.0625 	0.00010552 	7.8451e-05 	1
25.125 	0.000122115 	8.70662e-05 	1
25.25 	0.000120001 	3.73918e-05 	1
25.3125 	0.000104792 	7.95827e-05 	1
25.375 	0.000104717 	7.99996e-05 	1
25.4375 	0.000106731 	6.64147e-05 	1
25.5 	0.000151684 	8.64925e-05 	1
25.5625 	0.00013687 	8.62635e-05 	1
25.625 	0.000107825 	3.19132e-05 	1
25.6875 	0.000100414 	7.62107e-05 	1
25.75 	0.000119068 	8.02356e-05 	2
25.8125 	5.31338e-05 	5.31338e-05 	0
25.875 	0.000113255 	7.10645e-05 	1
25.9375 	9.55239e-05 	9.55239e-05 	0
26.0 	0.000108626 	3.85364e-05 	1
26.0625 	9.86389e-05 	9.86389e-05 	0
26.125 	0.000108288 	6.35753e-05 	1
26.1875 	7.30158e-05 	7.30158e-05 	0
26.25 	6.20504e-05 	6.20504e-05 	0
26.3125 	0.000111709 	9.27097e-05 	1
26.375 	6.27208e-05 	6.27208e-05 	0
26.4375 	8.02016e-05 	8.02016e-05 	0
26.5 	5.17884e-05 	5.17884e-05 	0
26.5625 	0.000162 	9.45152e-05 	1
26.625 	7.86217e-05 	7.86217e-05 	0
26.6875 	0.000152679 	3.27353e-05 	1
26.875 	0.00011798 	5.49329e-05 	1
26.9375 	0.000114619 	6.47176e-05 	1
27.0 	0.000123171 	4.98724e-05 	2
27.0625 	8.98757e-05 	8.98757e-05 	0
27.125 	7.16809e-05 	7.16809e-05 	0
27.25 	0.000109071 	9.42315e-05 	1
27.3125 	0.00010706 	4.09257e-05 	1
27.375 	0.000112588 	7.79344e-05 	1
27.5 	0.000112864 	3.94037e-05 	1
27.5625 	0.000116243 	3.6909e-05 	1
27.625 	9.40727e-05 	9.40727e-05 	0
27.6875 	0.000113242 	3.24606e-05 	1
27.75 	5.30463e-05 	5.30463e-05 	0
27.8125 	0.000113163 	6.76762e-05 	1
27.875 	9.99339e-05 	9.99339e-05 	0
27.9375 	7.87875e-05 	7.87875e-05 	0
28.0 	0.000121552 	8.72953e-05 	1
28.0625 	0.00013231 	4.22519e-05 	1
28.125 	0.000118853 	5.70017e-05 	1
28.25 	8.86693e-05 	8.86693e-05 	0
28.3125 	8.11078e-05 	8.11078e-05 	0
28.375 	0.000129038 	7.31002e-05 	2
28.4375 	9.45914e-05 	9.45914e-05 	0
28.5 	0.000113947 	5.04143e-05 	1
28.625 	0.00012358 	6.5993e-05 	1
28.6875 	0.000132902 	7.47937e-05 	2
28.8125 	8.93024e-05 	8.93024e-05 	0
28.875 	9.94708e-05 	9.94708e-05 	0
28.9375 	0.000126599 	9.11511e-05 	1
29.0 	0.000110693 	4.11759e-05 	1
29.0625 	0.000119859 	6.09883e-05 	1
29.125 	9.99779e-05 	9.99779e-05 	0
29.1875 	4.62339e-05 	4.62339e-05 	0
29.25 	0.000120308 	4.14921e-05 	1
29.3125 	0.000124513 	4.24987e-05 	1
29.375 	8.43424e-05 	8.43424e-05 	0
29.4375 	9.00176e-05 	9.00176e-05 	0
29.5 	8.60719e-05 	8.60719e-05 	0
29.5625 	0.00010244 	2.71203e-05 	1
29.625 	0.000111866 	9.26959e-05 	1
29.6875 	0.000104883 	6.82088e-05 	1
29.75 	7.81959e-05 	7.81959e-05 	0
29.875 	9.93014e-05 	9.93014e-05 	0
29.9375 	0.00011434 	6.1693e-05 	2
30.0 	9.83867e-05 	9.83867e-05 	0
30.125 	0.000108665 	8.64206e-05 	1
30.1875 	8.08949e-05 	8.08949e-05 	0
30.25 	0.000110491 	3.6596e-05 	1
30.3125 	0.000120795 	8.83669e-05 	1
30.375 	8.99719e-05 	8.99719e-05 	0
30.4375 	0.000130174 	3.69471e-05 	1
30.5 	7.86476e-05 	7.86476e-05 	0
30.5625 	0.00010151 	6.61926e-05 	1
30.625 	9.16247e-05 	9.16247e-05 	0
30.6875 	4.95669e-05 	4.95669e-05 	0
30.75 	5.47876e-05 	5.47876e-05 	0
30.8125 	4.96688e-05 	4.96688e-05 	0
30.9375 	8.63435e-05 	8.63435e-05 	0
31.0 	9.94222e-05 	9.94222e-05 	0
31.125 	0.000108604 	5.62386e-05 	1
31.1875 	6.44553e-05 	6.44553e-05 	0
31.25 	0.000139382 	3.49087e-05 	1
31.3125 	9.43683e-05 	9.43683e-05 	0
31.375 	0.000143667 	3.83083e-05 	1
31.5 	9.79267e-05 	9.79267e-05 	0
31.5625 	8.79533e-05 	8.79533e-05 	0
31.625 	7.89342e-05 	7.89342e-05 	0
31.6875 	7.28135e-05 	7.28135e-05 	0
31.75 	0.0001093 	6.09118e-05 	1
31.8125 	7.35125e-05 	7.35125e-05 	0
31.875 	5.79241e-05 	5.79241e-05 	0
31.9375 	8.84446e-05 	8.84446e-05 	0
32.0 	0.000102647 	5.9627e-05 	2
32.0625 	0.000113724 	8.40023e-05 	1
32.125 	0.000104097 	8.6151e-05 	1
32.1875 	0.000121045 	7.44994e-05 	1
32.25 	8.16525e-05 	8.16525e-05 	0
32.3125 	0.000102024 	8.98699e-05 	1
32.375 	0.000106512 	5.75471e-05 	1
32.4375 	8.46386e-05 	8.46386e-05 	0
32.5 	7.22376e-05 	7.22376e-05 	0
32.625 	6.56396e-05 	6.56396e-05 	0
32.6875 	9.03852e-05 	9.03852e-05 	0
32.75 	9.89176e-05 	9.89176e-05 	0
32.8125 	8.62336e-05 	8.62336e-05 	0
32.875 	8.09138e-05 	8.09138e-05 	0
32.9375 	5.61507e-05 	5.61507e-05 	0
33.0 	9.09334e-05 	9.09334e-05 	0
33.0625 	0.000104876 	3.02344e-05 	1
33.125 	0.000105945 	7.73082e-05 	1
33.1875 	0.000118552 	2.85921e-05 	1
33.25 	0.000103449 	7.13602e-05 	1
33.3125 	9.83953e-05 	9.83953e-05 	0
33.375 	8.9005e-05 	8.9005e-05 	0
33.4375 	0.000132664 	9.97861e-05 	1
33.5 	9.55235e-05 	9.55235e-05 	0
33.625 	8.12477e-05 	8.12477e-05 	0
33.6875 	8.84167e-05 	8.84167e-05 	0
33.75 	0.00010489 	8.96225e-05 	1
33.8125 	0.000101586 	6.30239e-05 	1
33.875 	6.81744e-05 	6.81744e-05 	0
33.9375 	0.000107397 	7.97285e-05 	1
34.0 	9.26041e-05 	9.26041e-05 	0
34.0625 	0.000143296 	7.41237e-05 	1
34.125 	6.4137e-05 	6.4137e-05 	0
34.1875 	9.05582e-05 	9.05582e-05 	0
34.25 	0.000105761 	5.30278e-05 	1
34.3125 	0.000124856 	8.31252e-05 	1
34.375 	5.73076e-05 	5.73076e-05 	0
34.4375 	0.000118333 	9.98089e-05 	1
34.5 	7.8813e-05 	7.8813e-05 	0
34.5625 	9.02784e-05 	9.02784e-05 	0
34.625 	0.000135193 	3.74252e-05 	1
34.6875 	0.000114005 	7.19013e-05 	2
34.75 	8.90198e-05 	8.90198e-05 	0
34.875 	7.88138e-05 	7.88138e-05 	0
34.9375 	7.71009e-05 	7.71009e-05 	0
35.0 	6.18745e-05 	6.18745e-05 	0
35.0625 	7.76816e-05 	7.76816e-05 	0
35.125 	9.57879e-05 	9.57879e-05 	0
35.25 	0.000102448 	7.34246e-05 	1
35.3125 	8.63326e-05 	8.63326e-05 	0
35.375 	0.000122911 	7.53873e-05 	1
35.5625 	0.000120176 	9.4752e-05 	1
35.625 	0.000122257 	7.39823e-05 	1
35.6875 	7.07057e-05 	7.07057e-05 	0
35.75 	5.66268e-05 	5.66268e-05 	0
35.8125 	0.000108358 	8.42611e-05 	1
35.875 	0.000108558 	6.43515e-05 	1
35.9375 	8.30646e-05 	8.30646e-05 	0
36.0 	0.000115505 	8.39744e-05 	1
36.125 	7.73287e-05 	7.73287e-05 	0
36.25 	7.47446e-05 	7.47446e-05 	0
36.3125 	0.000103299 	7.82444e-05 	1
36.375 	8.26569e-05 	8.26569e-05 	0
36.4375 	8.08955e-05 	8.08955e-05 	0
36.5 	0.000101581 	6.44454e-05 	1
36.5625 	0.000121322 	4.12823e-05 	1
36.625 	0.00012292 	5.06073e-05 	1
36.6875 	0.000150804 	5.08669e-05 	1
36.75 	8.95398e-05 	8.95398e-05 	0
36.8125 	8.35228e-05 	8.35228e-05 	0
36.875 	9.51361e-05 	9.51361e-05 	0
36.9375 	0.000117363 	4.72264e-05 	1
37.0625 	6.78275e-05 	6.78275e-05 	0
37.125 	9.45812e-05 	9.45812e-05 	0
37.1875 	0.000124427 	8.46071e-05 	1
37.25 	0.000111917 	6.31528e-05 	1
37.3125 	0.000127573 	5.81964e-05 	1
37.375 	9.8291e-05 	9.8291e-05 	0
37.4375 	6.0737e-05 	6.0737e-05 	0
37.5 	0.000114116 	9.3471e-05 	1
37.5625 	9.04929e-05 	9.04929e-05 	0
37.625 	0.000101215 	3.6341e-05 	1
37.75 	6.69047e-05 	6.69047e-05 	0
37.8125 	6.62378e-05 	6.62378e-05 	0
37.875 	9.29187e-05 	9.29187e-05 	0
37.9375 	9.1679e-05 	9.1679e-05 	0
38.0 	0.000108141 	7.26607e-05 	1
38.0625 	0.000118615 	5.74163e-05 	1
38.125 	0.000103682 	7.41751e-05 	1
38.1875 	8.88958e-05 	8.88958e-05 	0
38.25 	9.81622e-05 	9.81622e-05 	0
38.3125 	0.000114966 	5.31987e-05 	1
38.375 	8.45358e-05 	8.45358e-05 	0
38.4375 	0.000104038 	5.75896e-05 	1
38.5625 	8.03606e-05 	8.03606e-05 	0
38.6875 	8.5318e-05 	8.5318e-05 	0
38.8125 	0.000141577 	4.21931e-05 	1
38.875 	7.93477e-05 	7.93477e-05 	0
38.9375 	0.000113956 	8.18339e-05 	1
39.0 	9.23968e-05 	9.23968e-05 	0
39.0625 	8.50098e-05 	8.50098e-05 	0
39.125 	0.000132406 	3.34363e-05 	1
39.1875 	9.20225e-05 	9.20225e-05 	0
39.25 	7.96593e-05 	7.96593e-05 	0
39.3125 	0.000108842 	3.21986e-05 	1
39.375 	6.71999e-05 	6.71999e-05 	0
39.5 	6.10489e-05 	6.10489e-05 	0
39.5625 	0.000122782 	9.03037e-05 	1
39.625 	0.000110936 	6.56613e-05 	1
39.6875 	9.43741e-05 	9.43741e-05 	0
39.75 	4.56658e-05 	4.56658e-05 	0
39.8125 	9.87492e-05 	9.87492e-05 	0
39.875 	0.000114683 	9.91354e-05 	1
39.9375 	0.000108785 	9.7377e-05 	1
40.0 	0.000111298 	8.53401e-05 	1
40.0625 	0.000106135 	8.64334e-05 	1
40.125 	8.25113e-05 	8.25113e-05 	0
40.1875 	9.29976e-05 	9.29976e-05 	0
40.25 	0.000125049 	4.37026e-05 	1
40.3125 	6.2302e-05 	6.2302e-05 	0
40.4375 	7.98024e-05 	7.98024e-05 	0
40.5 	9.05966e-05 	9.05966e-05 	0
40.5625 	0.000146553 	5.03368e-05 	1
40.625 	9.61983e-05 	9.61983e-05 	0
40.8125 	7.78741e-05 	7.78741e-05 	0
40.875 	0.000120841 	5.09637e-05 	1
40.9375 	4.92122e-05 	4.92122e-05 	0
41.0 	0.00013224 	3.82529e-05 	1
41.0625 	0.000108895 	6.7034e-05 	1
41.125 	8.20528e-05 	8.20528e-05 	0
41.1875 	7.49415e-05 	7.49415e-05 	0
41.25 	8.80213e-05 	8.80213e-05 	0
41.3125 	9.43972e-05 	9.43972e-05 	0
41.375 	5.57198e-05 	5.57198e-05 	0
41.4375 	7.15583e-05 	7.15583e-05 	0
41.5 	0.000114334 	8.21161e-05 	1
41.5625 	0.000103085 	7.76397e-05 	1
41.625 	9.76497e-05 	9.76497e-05 	0
41.6875 	8.62266e-05 	8.62266e-05 	0
41.8125 	8.34037e-05 	8.34037e-05 	0
41.875 	6.94145e-05 	6.94145e-05 	0
41.9375 	9.39656e-05 	9.39656e-05 	0
42.0 	9.69192e-05 	9.69192e-05 	0
42.125 	7.45093e-05 	7.45093e-05 	0
42.25 	9.81454e-05 	9.81454e-05 	0
42.375 	7.58639e-05 	7.58639e-05 	0
42.4375 	0.000119689 	7.17645e-05 	2
42.5 	0.000108404 	7.19158e-05 	1
42.5625 	0.000118818 	7.37049e-05 	1
42.625 	9.83764e-05 	9.83764e-05 	0
42.6875 	7.26913e-05 	7.26913e-05 	0
42.75 	9.58636e-05 	9.58636e-05 	0
42.8125 	5.7445e-05 	5.7445e-05 	0
42.875 	8.60782e-05 	8.60782e-05 	0
42.9375 	0.000106908 	9.43459e-05 	1
43.0 	8.79704e-05 	8.79704e-05 	0
43.0625 	6.12946e-05 	6.12946e-05 	0
43.125 	0.000102818 	6.61811e-05 	2
43.1875 	6.51221e-05 	6.51221e-05 	0
43.3125 	7.05078e-05 	7.05078e-05 	0
43.375 	7.97923e-05 	7.97923e-05 	0
43.4375 	8.03041e-05 	8.03041e-05 	0
43.5625 	4.99215e-05 	4.99215e-05 	0
43.6875 	0.000123506 	3.51326e-05 	1
43.75 	8.71741e-05 	8.71741e-05 	0
43.8125 	6.20074e-05 	6.20074e-05 	0
43.875 	0.000106176 	7.96294e-05 	1
43.9375 	0.000111769 	9.44369e-05 	1
44.0 	0.000108075 	9.6724e-05 	1
44.0625 	6.1358e-05 	6.1358e-05 	0
44.125 	6.95906e-05 	6.95906e-05 	0
44.1875 	0.000113952 	8.44902e-05 	1
44.25 	0.000122038 	3.68529e-05 	1
44.3125 	8.89838e-05 	8.89838e-05 	0
44.375 	8.74592e-05 	8.74592e-05 	0
44.4375 	8.60056e-05 	8.60056e-05 	0
44.5 	7.71743e-05 	7.71743e-05 	0
44.5625 	6.93811e-05 	6.93811e-05 	0
44.625 	0.000118459 	4.69632e-05 	1
44.6875 	4.30497e-05 	4.30497e-05 	0
44.75 	0.000107693 	9.53384e-05 	1
44.8125 	4.6274e-05 	4.6274e-05 	0
44.875 	8.65665e-05 	8.65665e-05 	0
44.9375 	0.000115614 	8.43389e-05 	1
45.0 	9.3534e-05 	9.3534e-05 	0
45.0625 	0.0001012 	8.23655e-05 	1
45.125 	9.79066e-05 	9.79066e-05 	0
45.1875 	7.94062e-05 	7.94062e-05 	0
45.25 	0.000132423 	4.18747e-05 	1
45.3125 	0.000112459 	8.98111e-05 	1
45.375 	0.000107358 	8.12627e-05 	1
45.5 	0.00010661 	6.39637e-05 	1
45.5625 	0.000109781 	6.89078e-05 	1
45.625 	0.000100779 	8.30978e-05 	1
45.6875 	9.31084e-05 	9.31084e-05 	0
45.75 	6.90475e-05 	6.90475e-05 	0
45.8125 	5.37578e-05 	5.37578e-05 	0
45.875 	0.000148608 	4.15931e-05 	1
45.9375 	0.000128139 	8.48532e-05 	2
46.0 	0.000120848 	9.55446e-05 	1
46.0625 	0.000112573 	8.41248e-05 	1
46.125 	9.97218e-05 	9.97218e-05 	0
46.3125 	9.67908e-05 	9.67908e-05 	0
46.375 	9.17762e-05 	9.17762e-05 	0
46.4375 	0.000109887 	7.04869e-05 	1
46.5 	8.86384e-05 	8.86384e-05 	0
46.5625 	3.80713e-05 	3.80713e-05 	0
46.625 	0.000113152 	3.19219e-05 	1
46.6875 	9.62182e-05 	9.62182e-05 	0
46.75 	0.000102052 	8.30641e-05 	1
46.8125 	0.000113845 	3.60915e-05 	1
46.875 	0.000107275 	4.55292e-05 	1
47.0 	8.77301e-05 	8.77301e-05 	0
47.0625 	7.89457e-05 	7.89457e-05 	0
47.125 	0.000157896 	3.97233e-05 	1
47.1875 	0.000105108 	6.04093e-05 	2
47.25 	0.000136798 	3.95323e-05 	1
47.3125 	9.38988e-05 	9.38988e-05 	0
47.375 	0.000121417 	9.05636e-05 	1
47.4375 	5.7716e-05 	5.7716e-05 	0
47.5 	5.89739e-05 	5.89739e-05 	0
47.5625 	0.00010665 	8.83621e-05 	1
47.625 	0.000113466 	6.88466e-05 	1
47.6875 	0.000110825 	5.76553e-05 	1
47.8125 	0.000111204 	7.18167e-05 	1
47.875 	8.47158e-05 	8.47158e-05 	0
48.0 	0.000125488 	9.55995e-05 	1
48.0625 	0.000116831 	3.81398e-05 	1
48.125 	6.2227e-05 	6.2227e-05 	0
48.1875 	7.0178e-05 	7.0178e-05 	0
48.25 	7.86598e-05 	7.86598e-05 	0
48.3125 	0.000115126 	6.74071e-05 	2
48.375 	8.99661e-05 	8.99661e-05 	0
48.4375 	0.000102142 	9.19581e-05 	1
48.5 	0.000100231 	7.16748e-05 	1
48.5625 	0.000105467 	6.75852e-05 	2
48.75 	0.000145226 	4.83814e-05 	1
48.8125 	7.26198e-05 	7.26198e-05 	0
48.875 	7.07424e-05 	7.07424e-05 	0
48.9375 	7.51684e-05 	7.51684e-05 	0
49.0 	8.08285e-05 	8.08285e-05 	0
49.125 	9.31237e-05 	9.31237e-05 	0
49.1875 	8.77436e-05 	8.77436e-05 	0
49.25 	0.000140955 	5.56217e-05 	1
49.3125 	0.000109945 	2.63379e-05 	1
49.375 	6.09722e-05 	6.09722e-05 	0
49.4375 	0.000102929 	4.04235e-05 	1
49.5 	9.67389e-05 	9.67389e-05 	0
49.5625 	5.46658e-05 	5.46658e-05 	0
49.625 	0.000104475 	9.1843e-05 	1
49.6875 	9.10233e-05 	9.10233e-05 	0
49.75 	0.000116918 	8.99302e-05 	1
50.0625 	9.76926e-05 	9.76926e-05 	0
50.125 	0.000123842 	8.84779e-05 	1
50.25 	7.74289e-05 	7.74289e-05 	0
50.3125 	8.70958e-05 	8.70958e-05 	0
50.375 	0.000111163 	3.09925e-05 	1
50.4375 	0.000126148 	4.46757e-05 	1
50.5 	0.000118559 	7.47514e-05 	2
50.5625 	9.58247e-05 	9.58247e-05 	0
50.625 	9.69628e-05 	9.69628e-05 	0
50.75 	9.86532e-05 	9.86532e-05 	0
50.8125 	8.22419e-05 	8.22419e-05 	0
50.875 	9.88159e-05 	9.88159e-05 	0
50.9375 	7.55388e-05 	7.55388e-05 	0
51.0 	8.87613e-05 	8.87613e-05 	0
51.0625 	6.31242e-05 	6.31242e-05 	0
51.125 	0.00012982 	3.35496e-05 	1
51.1875 	6.69227e-05 	6.69227e-05 	0
51.25 	9.49854e-05 	9.49854e-05 	0
51.3125 	8.40495e-05 	8.40495e-05 	0
51.375 	7.83189e-05 	7.83189e-05 	0
51.4375 	7.98486e-05 	7.98486e-05 	0
51.5 	6.10771e-05 	6.10771e-05 	0
51.5625 	0.000105357 	5.17284e-05 	1
51.625 	0.000118246 	3.95819e-05 	1
51.6875 	0.000122524 	7.73618e-05 	2
51.8125 	9.96496e-05 	9.96496e-05 	0
51.875 	0.000121501 	7.39321e-05 	1
52.0 	8.41089e-05 	8.41089e-05 	0
52.0625 	0.000110451 	3.37612e-05 	1
52.1875 	0.000142867 	4.38792e-05 	1
52.25 	0.000113364 	6.69456e-05 	1
52.3125 	0.000128553 	9.38425e-05 	1
52.375 	8.57126e-05 	8.57126e-05 	0
52.4375 	7.74123e-05 	7.74123e-05 	0
52.5 	7.37163e-05 	7.37163e-05 	0
52.5625 	0.000127352 	6.74392e-05 	1
52.625 	9.55059e-05 	9.55059e-05 	0
52.6875 	9.99994e-05 	9.99994e-05 	0
52.75 	7.10778e-05 	7.10778e-05 	0
52.8125 	0.000124219 	9.22706e-05 	1
52.875 	0.000113338 	7.21288e-05 	2
52.9375 	4.37061e-05 	4.37061e-05 	0
53.0 	9.50819e-05 	9.50819e-05 	0
53.125 	7.29088e-05 	7.29088e-05 	0
53.1875 	0.000102646 	6.20377e-05 	2
53.25 	9.81872e-05 	9.81872e-05 	0
53.3125 	6.61486e-05 	6.61486e-05 	0
53.375 	7.92203e-05 	7.92203e-05 	0
53.5 	7.78959e-05 	7.78959e-05 	0
53.5625 	0.000114867 	6.41138e-05 	1
53.625 	0.000122056 	7.6309e-05 	2
53.6875 	9.55613e-05 	9.55613e-05 	0
53.75 	7.3831e-05 	7.3831e-05 	0
53.8125 	9.93321e-05 	9.93321e-05 	0
53.875 	6.98689e-05 	6.98689e-05 	0
53.9375 	0.00011133 	6.98085e-05 	1
54.0 	8.67531e-05 	8.67531e-05 	0
54.0625 	0.000104916 	7.25022e-05 	1
54.125 	0.00011273 	7.74081e-05 	1
54.1875 	7.54185e-05 	7.54185e-05 	0
54.25 	7.07138e-05 	7.07138e-05 	0
54.3125 	9.45787e-05 	9.45787e-05 	0
54.375 	0.000106549 	6.72296e-05 	1
54.4375 	9.85489e-05 	9.85489e-05 	0
54.5 	0.000122428 	7.95993e-05 	1
54.625 	0.000107223 	6.74818e-05 	1
54.6875 	8.84936e-05 	8.84936e-05 	0
54.8125 	9.66598e-05 	9.66598e-05 	0
54.875 	9.19938e-05 	9.19938e-05 	0
54.9375 	8.70705e-05 	8.70705e-05 	0
55.0 	6.69141e-05 	6.69141e-05 	0
55.0625 	0.000114295 	9.35395e-05 	1
55.125 	0.000120229 	8.38873e-05 	1
55.1875 	8.56358e-05 	8.56358e-05 	0
55.3125 	0.000117941 	5.87875e-05 	1
55.4375 	9.93925e-05 	9.93925e-05 	0
55.5 	5.4013e-05 	5.4013e-05 	0
55.5625 	0.000107147 	2.78863e-05 	1
55.625 	0.000102733 	3.40232e-05 	1
55.6875 	9.72558e-05 	9.72558e-05 	0
55.75 	0.000111495 	5.59095e-05 	1
55.8125 	9.05395e-05 	9.05395e-05 	0
55.875 	0.00010097 	6.60483e-05 	2
55.9375 	0.000103379 	3.68039e-05 	1
56.0 	0.000110206 	2.71063e-05 	1
56.0625 	0.000108242 	7.70736e-05 	1
56.125 	0.000109357 	5.84899e-05 	1
56.1875 	8.53775e-05 	8.53775e-05 	0
56.25 	9.24661e-05 	9.24661e-05 	0
56.3125 	8.30555e-05 	8.30555e-05 	0
56.375 	0.000100627 	7.38083e-05 	1
56.4375 	0.000112397 	2.89388e-05 	1
56.5625 	9.75925e-05 	9.75925e-05 	0
56.625 	0.000111375 	5.28841e-05 	1
56.6875 	9.25469e-05 	9.25469e-05 	0
56.75 	9.57636e-05 	9.57636e-05 	0
56.8125 	0.000112862 	7.25594e-05 	1
56.875 	0.000100252 	7.65534e-05 	1
56.9375 	0.000103867 	8.08101e-05 	1
57.0 	0.000120107 	8.18807e-05 	1
57.0625 	0.000113142 	9.80816e-05 	1
57.125 	7.3499e-05 	7.3499e-05 	0
57.1875 	0.000114647 	8.59087e-05 	1
57.25 	9.31184e-05 	9.31184e-05 	0
57.3125 	0.000174415 	9.0257e-05 	1
57.375 	0.000107982 	6.62168e-05 	1
57.4375 	0.00011615 	6.56509e-05 	1
57.5 	0.000101543 	7.62359e-05 	1
57.5625 	9.04922e-05 	9.04922e-05 	0
57.625 	9.11752e-05 	9.11752e-05 	0
57.6875 	7.62289e-05 	7.62289e-05 	0
57.75 	0.000129099 	8.97198e-05 	1
57.8125 	9.77547e-05 	9.77547e-05 	0
57.9375 	0.000108167 	6.66988e-05 	1
58.0 	8.49777e-05 	8.49777e-05 	0
58.0625 	8.52905e-05 	8.52905e-05 	0
58.125 	0.000128961 	4.09215e-05 	1
58.1875 	0.00011084 	6.81985e-05 	2
58.25 	0.000115721 	5.94145e-05 	1
58.3125 	7.46962e-05 	7.46962e-05 	0
58.375 	5.69963e-05 	5.69963e-05 	0
58.4375 	8.95646e-05 	8.95646e-05 	0
58.5 	9.6312e-05 	9.6312e-05 	0
58.5625 	0.0001205 	5.48122e-05 	1
58.625 	0.000114932 	5.32391e-05 	1
58.6875 	0.000100356 	9.18441e-05 	1
58.8125 	9.09693e-05 	9.09693e-05 	0
58.875 	0.000110228 	6.43704e-05 	1
58.9375 	0.000123347 	4.68845e-05 	1
59.0 	9.38512e-05 	9.38512e-05 	0
59.0625 	0.000138721 	3.21371e-05 	1
59.125 	8.19173e-05 	8.19173e-05 	0
59.1875 	0.000101093 	2.72902e-05 	1
59.25 	7.92317e-05 	7.92317e-05 	0
59.3125 	9.19703e-05 	9.19703e-05 	0
59.375 	8.69823e-05 	8.69823e-05 	0
59.4375 	9.80463e-05 	9.80463e-05 	0
59.5 	0.000147365 	3.43528e-05 	1
59.5625 	9.29971e-05 	9.29971e-05 	0
59.6875 	0.000114896 	3.24405e-05 	1
59.8125 	7.97679e-05 	7.97679e-05 	0
59.875 	9.53648e-05 	9.53648e-05 	0
59.9375 	9.88458e-05 	9.88458e-05 	0
60.0 	8.86591e-05 	8.86591e-05 	0
60.0625 	9.84364e-05 	9.84364e-05 	0
60.125 	5.16256e-05 	5.16256e-05 	0
60.25 	9.47541e-05 	9.47541e-05 	0
60.3125 	5.68754e-05 	5.68754e-05 	0
60.375 	6.39111e-05 	6.39111e-05 	0
60.4375 	0.000108283 	8.72119e-05 	1
60.5 	7.43489e-05 	7.43489e-05 	0
60.5625 	0.000126602 	8.68672e-05 	1
60.625 	7.17152e-05 	7.17152e-05 	0
60.6875 	0.000100244 	5.53073e-05 	1
60.75 	0.000109971 	3.04571e-05 	1
60.8125 	9.81949e-05 	9.81949e-05 	0
60.875 	0.000107941 	5.96142e-05 	2
60.9375 	5.97298e-05 	5.97298e-05 	0
61.0 	0.000105877 	9.18637e-05 	1
61.0625 	0.000105549 	6.65509e-05 	1
61.125 	7.12973e-05 	7.12973e-05 	0
61.1875 	7.10995e-05 	7.10995e-05 	0
61.25 	0.000124273 	4.09093e-05 	1
61.3125 	0.000120934 	5.18409e-05 	1
61.375 	9.87853e-05 	9.87853e-05 	0
61.4375 	0.000104675 	6.8854e-05 	1
61.5 	6.15026e-05 	6.15026e-05 	0
61.625 	9.24357e-05 	9.24357e-05 	0
61.6875 	0.000110524 	7.06445e-05 	2
61.75 	0.000123122 	7.24538e-05 	1
61.8125 	0.000115906 	7.36264e-05 	1
61.875 	9.71375e-05 	9.71375e-05 	0
61.9375 	7.55667e-05 	7.55667e-05 	0
62.0 	5.55001e-05 	5.55001e-05 	0
62.125 	0.000121977 	5.78315e-05 	1
62.1875 	0.000114643 	3.86425e-05 	1
62.25 	6.20658e-05 	6.20658e-05 	0
62.3125 	6.92937e-05 	6.92937e-05 	0
62.375 	0.000129936 	3.58367e-05 	1
62.4375 	0.000128249 	4.03013e-05 	1
62.5 	0.000130843 	4.17061e-05 	1
62.5625 	8.86253e-05 	8.86253e-05 	0
62.6875 	8.07574e-05 	8.07574e-05 	0
62.75 	0.000143338 	3.79934e-05 	1
62.875 	0.000111045 	6.16272e-05 	1
62.9375 	0.000106555 	3.59658e-05 	1
63.0 	9.82617e-05 	9.82617e-05 	0
63.0625 	4.57865e-05 	4.57865e-05 	0
63.125 	0.000126874 	6.97549e-05 	1
63.1875 	0.000101387 	5.2343e-05 	2
63.25 	8.03662e-05 	8.03662e-05 	0
63.375 	0.000130227 	6.51396e-05 	1
63.4375 	0.000152091 	4.24621e-05 	1
63.5 	0.000117323 	7.0937e-05 	2
63.5625 	0.000118508 	8.16034e-05 	1
63.625 	9.55918e-05 	9.55918e-05 	0
63.8125 	6.18941e-05 	6.18941e-05 	0
63.875 	9.63127e-05 	9.63127e-05 	0
63.9375 	0.000105651 	9.03262e-05 	1
64.0 	9.39309e-05 	9.39309e-05 	0
64.0625 	0.000103132 	6.8275e-05 	1
64.125 	9.72876e-05 	9.72876e-05 	0
64.25 	0.000107924 	6.43855e-05 	2
64.3125 	0.000134392 	4.2484e-05 	1
64.4375 	8.8337e-05 	8.8337e-05 	0
64.5 	0.000100049 	6.97859e-05 	1
64.5625 	9.91011e-05 	9.91011e-05 	0
64.6875 	0.000105711 	8.47014e-05 	1
64.75 	0.000100252 	7.62347e-05 	1
64.8125 	8.25705e-05 	8.25705e-05 	0
64.875 	9.74316e-05 	9.74316e-05 	0
64.9375 	0.000139721 	4.12433e-05 	1
65.0 	8.14135e-05 	8.14135e-05 	0
65.0625 	6.5491e-05 	6.5491e-05 	0
65.125 	0.000125366 	8.74402e-05 	1
65.1875 	0.000111995 	7.53737e-05 	1
65.25 	0.000164301 	5.0648e-05 	1
65.5 	0.000122307 	9.82014e-05 	1
65.625 	6.80179e-05 	6.80179e-05 	0
65.6875 	0.000113429 	7.65033e-05 	1
65.75 	0.000107839 	6.67908e-05 	1
65.8125 	0.000100778 	8.54334e-05 	1
65.875 	9.99276e-05 	9.99276e-05 	0
65.9375 	8.8627e-05 	8.8627e-05 	0
66.0 	9.30785e-05 	9.30785e-05 	0
66.0625 	0.000113082 	6.77562e-05 	1
66.125 	0.000100713 	3.92075e-05 	1
66.1875 	0.000115163 	4.59667e-05 	1
66.25 	0.000129965 	9.87172e-05 	1
66.3125 	9.86243e-05 	9.86243e-05 	0
66.375 	0.000101285 	3.0988e-05 	1
66.4375 	0.000101869 	7.77028e-05 	1
66.5 	0.000126403 	4.50172e-05 	1
66.5625 	0.000114237 	8.57763e-05 	1
66.625 	0.000105335 	5.6377e-05 	2
66.75 	0.000113227 	6.84433e-05 	1
66.8125 	0.000109398 	6.75338e-05 	1
66.875 	9.72691e-05 	9.72691e-05 	0
66.9375 	0.000107103 	8.18234e-05 	1
67.0 	0.000104474 	9.42824e-05 	1
67.125 	0.000119091 	6.20008e-05 	1
67.1875 	0.00010444 	7.88152e-05 	1
67.25 	0.000110785 	9.38958e-05 	1
67.3125 	9.70619e-05 	9.70619e-05 	0
67.375 	0.000113775 	4.61246e-05 	1
67.4375 	0.000112192 	7.96856e-05 	1
67.5 	8.19206e-05 	8.19206e-05 	0
67.5625 	7.10092e-05 	7.10092e-05 	0
67.8125 	0.000122261 	7.07575e-05 	1
67.875 	9.46684e-05 	9.46684e-05 	0
67.9375 	6.9376e-05 	6.9376e-05 	0
68.0 	8.0401e-05 	8.0401e-05 	0
68.0625 	0.000128527 	9.66701e-05 	1
68.125 	8.66711e-05 	8.66711e-05 	0
68.1875 	9.57861e-05 	9.57861e-05 	0
68.25 	0.000130155 	3.4826e-05 	1
68.3125 	0.000113983 	4.36453e-05 	1
68.375 	0.000129207 	6.71277e-05 	1
68.4375 	9.87091e-05 	9.87091e-05 	0
68.5 	4.70743e-05 	4.70743e-05 	0
68.5625 	0.000131887 	4.18416e-05 	1
68.625 	7.35404e-05 	7.35404e-05 	0
68.6875 	9.49246e-05 	9.49246e-05 	0
68.75 	8.8423e-05 	8.8423e-05 	0
68.8125 	6.83983e-05 	6.83983e-05 	0
68.875 	0.000100433 	8.59048e-05 	1
68.9375 	0.000121562 	3.44887e-05 	1
69.0 	0.000132628 	7.36519e-05 	2
69.0625 	5.93537e-05 	5.93537e-05 	0
69.125 	8.05526e-05 	8.05526e-05 	0
69.1875 	0.000116694 	7.23957e-05 	1
69.25 	7.14605e-05 	7.14605e-05 	0
69.3125 	0.0001152 	8.75044e-05 	1
69.375 	5.57557e-05 	5.57557e-05 	0
69.4375 	6.54574e-05 	6.54574e-05 	0
69.5 	0.000101916 	5.02252e-05 	1
69.5625 	9.32541e-05 	9.32541e-05 	0
69.625 	0.000108475 	7.31837e-05 	1
69.75 	7.31559e-05 	7.31559e-05 	0
69.8125 	9.98482e-05 	9.98482e-05 	0
69.875 	0.000120072 	3.92524e-05 	1
69.9375 	9.67452e-05 	9.67452e-05 	0
