# time 	Initial 	Final 	Iterations
0.333274 	0.000121892 	9.19699e-06 	1
0.579973 	0.000476717 	3.75319e-05 	1
0.642226 	0.000137368 	4.20552e-06 	2
0.70448 	0.000504558 	3.76771e-05 	1
0.766734 	0.000371594 	2.93003e-05 	1
0.828988 	0.000377936 	2.99232e-05 	1
1.01575 	0.000378609 	3.116e-05 	1
1.26477 	0.000424027 	3.1089e-05 	1
1.38927 	0.00026237 	2.04628e-05 	1
1.45153 	0.000100529 	3.98866e-06 	2
1.51378 	0.00041689 	3.128e-05 	1
1.57604 	0.000371259 	2.87123e-05 	1
1.7628 	0.000228436 	2.014e-05 	1
1.8873 	0.000328087 	3.10697e-05 	1
1.94956 	0.00022241 	1.88621e-05 	1
2.07407 	0.000324348 	3.03197e-05 	1
2.19857 	0.00016066 	1.3735e-05 	1
2.26083 	0.000261568 	2.07773e-05 	1
2.32308 	0.000113254 	4.53807e-06 	2
2.38534 	0.00040849 	3.0747e-05 	1
2.44759 	0.000128855 	1.03913e-05 	1
2.63435 	0.000453409 	3.32833e-05 	1
2.69661 	0.000251875 	2.43785e-05 	1
2.88337 	0.000325077 	2.5864e-05 	1
2.94562 	0.000562551 	4.17252e-05 	1
3.07013 	0.000231223 	2.11891e-05 	1
3.13238 	0.000333831 	3.20004e-05 	1
3.19464 	0.000272178 	2.58294e-05 	1
3.25689 	0.000440644 	3.85712e-05 	1
3.31914 	0.00020132 	1.60202e-05 	1
3.3814 	0.000260732 	2.26687e-05 	1
3.44365 	0.000249988 	2.45859e-05 	1
3.50591 	0.000211672 	1.84946e-05 	1
3.56816 	0.000245334 	2.36563e-05 	1
3.69267 	0.000468124 	3.80868e-05 	1
3.75492 	0.000305492 	2.34746e-05 	1
3.81718 	0.00020988 	8.65947e-06 	2
3.87943 	0.000196483 	1.73011e-05 	1
4.00394 	0.000135937 	1.26538e-05 	1
4.06619 	0.000215212 	1.86225e-05 	1
4.12845 	0.000234238 	1.98206e-05 	1
4.1907 	0.000355029 	2.73827e-05 	1
4.25295 	0.000152117 	1.36561e-05 	1
4.31521 	0.000280956 	2.40192e-05 	1
4.37746 	0.000359915 	2.6789e-05 	1
4.50197 	0.000261013 	2.12393e-05 	1
4.56422 	0.00026885 	2.0394e-05 	1
4.62648 	0.00025058 	2.05307e-05 	1
4.68873 	0.000205424 	1.78803e-05 	1
4.81324 	0.000359563 	3.00109e-05 	1
4.87549 	0.000411023 	3.0727e-05 	1
4.93775 	0.000165831 	1.36948e-05 	1
5.0 	0.00016497 	1.59044e-05 	1
5.0625 	0.000213454 	1.9277e-05 	1
5.125 	0.000336281 	3.22566e-05 	1
5.25 	0.000356932 	3.08645e-05 	1
5.3125 	0.000298162 	2.30105e-05 	1
5.375 	0.000245808 	2.04884e-05 	1
5.5 	0.000393519 	2.99769e-05 	1
5.5625 	0.000460756 	3.46383e-05 	1
5.625 	0.000256218 	2.04759e-05 	1
5.6875 	0.000210147 	1.82939e-05 	1
5.75 	0.000529256 	3.88697e-05 	1
5.8125 	0.000191728 	1.67006e-05 	1
5.875 	0.000366893 	2.6694e-05 	1
5.9375 	0.000283535 	2.46612e-05 	1
6.0 	0.000234494 	1.8668e-05 	1
6.125 	0.000208981 	1.82347e-05 	1
6.1875 	0.000316072 	2.42875e-05 	1
6.25 	0.000406782 	3.06721e-05 	1
6.4375 	0.000256561 	2.28364e-05 	1
6.6875 	9.79933e-05 	9.72061e-06 	1
6.75 	0.000266217 	2.4631e-05 	1
6.8125 	0.000238536 	1.81791e-05 	1
6.9375 	0.000284685 	2.28835e-05 	1
7.0 	0.00013154 	5.72623e-06 	2
7.125 	0.000352667 	3.11171e-05 	1
7.1875 	0.000421185 	3.29216e-05 	1
7.25 	0.000381164 	2.82692e-05 	1
7.4375 	0.000397337 	2.92831e-05 	1
7.5625 	0.000327874 	2.63214e-05 	1
7.625 	0.000305883 	2.49109e-05 	1
7.6875 	0.000259653 	2.09921e-05 	1
7.8125 	0.000100918 	9.59227e-06 	1
7.9375 	0.000392517 	2.92758e-05 	1
8.0 	0.00022908 	1.93219e-05 	1
8.0625 	0.000144156 	1.41528e-05 	1
8.125 	0.000291405 	2.45133e-05 	1
8.25 	0.000180958 	1.74285e-05 	1
8.3125 	0.000145349 	5.71627e-06 	2
8.375 	0.000299516 	2.2914e-05 	1
8.4375 	0.000340899 	2.81746e-05 	1
8.5 	0.000407788 	3.09237e-05 	1
8.5625 	0.000314895 	2.42705e-05 	1
8.8125 	0.000273924 	2.05968e-05 	1
8.9375 	0.000196322 	1.75606e-05 	1
9.0 	0.000284178 	2.46685e-05 	1
9.0625 	0.000150532 	1.35679e-05 	1
9.1875 	0.000259947 	1.91208e-05 	1
9.25 	0.000212955 	7.60077e-06 	2
9.3125 	0.000342509 	2.81573e-05 	1
9.375 	0.000387795 	2.88608e-05 	1
9.4375 	0.000448482 	3.37547e-05 	1
9.5625 	0.000275875 	2.33644e-05 	1
9.625 	0.000202066 	1.72002e-05 	1
9.6875 	0.000107832 	8.76288e-06 	1
9.8125 	0.000137982 	4.77016e-06 	2
9.9375 	0.000162286 	1.41929e-05 	1
10.0 	0.000197184 	7.55251e-06 	2
10.0625 	0.000287721 	2.36799e-05 	1
10.1875 	0.000376383 	3.0144e-05 	1
10.3125 	0.000230904 	1.84818e-05 	1
10.375 	0.000116321 	5.78046e-06 	2
10.625 	0.000115815 	1.0524e-05 	1
10.6875 	0.000459697 	3.42124e-05 	1
10.75 	0.000161686 	1.49733e-05 	1
10.8125 	0.000344884 	2.73527e-05 	1
10.875 	0.000312968 	2.5809e-05 	1
11.0 	0.000523825 	3.89125e-05 	1
11.0625 	0.00032932 	2.72742e-05 	1
11.1875 	0.000181682 	1.56854e-05 	1
11.375 	8.37313e-05 	9.19448e-06 	1
11.4375 	0.00036606 	2.68978e-05 	1
11.5625 	0.000187837 	1.73599e-05 	1
11.625 	0.00025221 	2.25668e-05 	1
11.6875 	0.00026971 	2.13568e-05 	1
11.75 	0.000390409 	2.92575e-05 	1
11.8125 	0.000275148 	2.41392e-05 	1
11.875 	0.000194232 	1.86098e-05 	1
11.9375 	0.000290497 	2.55806e-05 	1
12.0 	0.000167011 	1.58034e-05 	1
12.0625 	0.00028219 	2.11095e-05 	1
12.1875 	0.000193586 	1.88379e-05 	1
12.25 	0.000150726 	4.74674e-06 	2
12.3125 	0.000334211 	3.21072e-05 	1
12.375 	0.000350067 	2.77452e-05 	1
12.5625 	0.000389164 	3.10246e-05 	1
12.625 	0.000280446 	2.40051e-05 	1
12.6875 	0.000282534 	2.51246e-05 	1
12.75 	9.80961e-05 	2.75573e-06 	2
12.8125 	0.000121842 	3.25691e-06 	2
12.875 	0.000135773 	1.34417e-05 	1
13.0 	0.000129644 	1.1517e-05 	1
13.0625 	0.00067049 	4.76522e-05 	1
13.1875 	0.000285835 	2.4357e-05 	1
13.25 	0.000209494 	1.92156e-05 	1
13.375 	0.000438255 	3.2712e-05 	1
13.4375 	0.000331977 	2.64129e-05 	1
13.5 	0.000449704 	3.32625e-05 	1
13.5625 	0.0002925 	2.89428e-05 	1
13.625 	0.000175953 	1.68603e-05 	1
13.6875 	0.000400266 	3.06263e-05 	1
14.0 	0.000266414 	2.27901e-05 	1
14.0625 	0.000240389 	2.05414e-05 	1
14.125 	0.000226481 	2.01103e-05 	1
14.1875 	0.000272591 	2.29825e-05 	1
14.3125 	0.00039217 	2.96118e-05 	1
14.375 	0.000216061 	1.99307e-05 	1
14.4375 	0.000225054 	1.82099e-05 	1
14.5 	0.00018139 	5.10207e-06 	2
14.625 	0.000397805 	2.88129e-05 	1
14.6875 	0.000214559 	1.7695e-05 	1
14.75 	0.000373754 	2.94717e-05 	1
14.8125 	0.000276862 	2.57984e-05 	1
14.9375 	0.000193039 	1.61163e-05 	1
15.0 	0.000205495 	1.65659e-05 	1
15.1875 	0.000283849 	2.62504e-05 	1
15.25 	0.000195588 	1.81828e-05 	1
15.3125 	0.000380553 	2.89599e-05 	1
15.375 	0.000188892 	1.42294e-05 	1
15.4375 	0.000376213 	2.85563e-05 	1
15.5 	0.000331429 	2.94218e-05 	1
15.5625 	0.00019588 	1.59292e-05 	1
15.75 	0.00028601 	2.21188e-05 	1
15.8125 	0.000255738 	2.21902e-05 	1
15.875 	0.000230725 	2.26867e-05 	1
15.9375 	0.000247603 	1.86605e-05 	1
16.0 	0.000134142 	5.08675e-06 	2
16.0625 	0.000251576 	2.06363e-05 	1
16.125 	0.00024557 	2.12311e-05 	1
16.1875 	0.000151727 	1.41734e-05 	1
16.25 	0.000165302 	1.62366e-05 	1
16.3125 	0.000422767 	3.86432e-05 	1
16.375 	0.000200695 	1.74635e-05 	1
16.4375 	0.000231901 	2.16963e-05 	1
16.5 	0.000334856 	2.65721e-05 	1
16.625 	0.000330114 	2.73575e-05 	1
16.6875 	0.000346758 	2.68672e-05 	1
16.75 	0.000118885 	1.0259e-05 	1
16.8125 	0.000308961 	2.62876e-05 	1
16.875 	0.000252308 	2.3499e-05 	1
16.9375 	0.000248246 	1.95391e-05 	1
17.25 	0.000627826 	4.71672e-05 	1
17.3125 	0.000133463 	5.25457e-06 	2
17.375 	0.00029746 	2.36328e-05 	1
17.4375 	0.000290372 	2.44218e-05 	1
17.5 	0.000415588 	3.10067e-05 	1
17.5625 	0.00046281 	3.42303e-05 	1
17.625 	0.000152387 	1.50768e-05 	1
17.6875 	0.000205785 	1.7606e-05 	1
17.75 	0.000199509 	1.86955e-05 	1
18.0 	0.00046076 	3.41018e-05 	1
18.0625 	0.000358052 	2.75466e-05 	1
18.125 	0.000217936 	1.72577e-05 	1
18.1875 	0.000413048 	2.99217e-05 	1
18.25 	0.000192591 	1.62872e-05 	1
18.3125 	0.000328863 	2.57103e-05 	1
18.375 	0.000367548 	3.19116e-05 	1
18.4375 	0.000334063 	2.43569e-05 	1
18.5 	9.68689e-05 	9.67395e-06 	1
18.5625 	0.000190681 	1.66671e-05 	1
18.625 	0.000187704 	1.57401e-05 	1
18.75 	0.000247242 	1.77859e-05 	1
18.8125 	0.000263585 	2.62311e-05 	1
18.875 	0.000446108 	3.30939e-05 	1
18.9375 	0.000203666 	1.9608e-05 	1
19.125 	0.000362792 	2.72877e-05 	1
19.25 	0.000456609 	3.33767e-05 	1
19.375 	0.000227855 	2.24188e-05 	1
19.4375 	0.00017551 	1.3905e-05 	1
19.5 	0.000134428 	1.2449e-05 	1
19.625 	0.000314316 	2.35841e-05 	1
19.6875 	0.000182342 	1.66948e-05 	1
19.75 	0.000204894 	1.77861e-05 	1
19.9375 	0.000439753 	3.21255e-05 	1
20.0 	0.000245544 	2.16683e-05 	1
20.0625 	0.000397076 	3.24965e-05 	1
20.125 	0.000173708 	7.48391e-06 	2
20.1875 	0.000411372 	3.33395e-05 	1
20.25 	0.0003256 	3.10099e-05 	1
20.3125 	0.000164021 	5.0203e-06 	2
20.375 	0.000202856 	1.858e-05 	1
20.4375 	0.000162801 	6.03254e-06 	2
20.5 	0.000393476 	3.05697e-05 	1
20.5625 	0.000219751 	1.9191e-05 	1
20.625 	0.000400316 	3.07655e-05 	1
20.6875 	0.000478042 	3.48756e-05 	1
20.75 	0.000285181 	2.52895e-05 	1
21.0 	0.000216006 	1.70271e-05 	1
21.0625 	0.000105901 	9.55824e-06 	1
21.1875 	0.000258515 	2.20201e-05 	1
21.3125 	0.000159993 	5.78316e-06 	2
21.375 	0.000373465 	3.024e-05 	1
21.4375 	0.000145395 	5.77414e-06 	2
21.5625 	0.000344151 	2.5609e-05 	1
21.625 	0.000534455 	4.03774e-05 	1
21.6875 	0.000126268 	4.04229e-06 	2
21.75 	0.000251728 	2.04425e-05 	1
21.8125 	0.000149628 	5.3443e-06 	2
21.875 	0.000295298 	2.18771e-05 	1
21.9375 	0.000174426 	1.52829e-05 	1
22.0 	0.000204852 	4.76303e-06 	2
22.125 	0.000231667 	1.90149e-05 	1
22.1875 	0.000394259 	2.93402e-05 	1
22.25 	0.000436039 	3.20819e-05 	1
22.3125 	0.000143324 	1.09109e-05 	1
22.375 	0.000548041 	3.93072e-05 	1
22.75 	8.98267e-05 	8.05337e-06 	1
22.8125 	0.000129976 	8.97503e-06 	1
22.9375 	0.000284657 	2.42035e-05 	1
23.0 	0.000229052 	8.14023e-06 	2
23.125 	0.000294845 	2.2346e-05 	1
23.1875 	0.000216194 	1.83193e-05 	1
23.3125 	0.000260367 	2.17019e-05 	1
23.375 	0.000218753 	1.71553e-05 	1
23.4375 	0.00017233 	5.95891e-06 	2
23.6875 	0.00013486 	1.29804e-05 	1
23.75 	0.000234732 	1.76171e-05 	1
23.8125 	0.000176548 	1.6841e-05 	1
23.875 	0.00025906 	1.9127e-05 	1
23.9375 	0.000187802 	1.63709e-05 	1
24.0 	0.000140334 	1.33473e-05 	1
24.0625 	0.000145546 	1.24432e-05 	1
24.125 	0.000158607 	1.31884e-05 	1
24.3125 	0.000263705 	1.93502e-05 	1
24.375 	0.000288575 	2.43777e-05 	1
24.4375 	0.000469981 	3.54789e-05 	1
24.5625 	0.000151484 	1.41903e-05 	1
24.625 	0.000479214 	3.49201e-05 	1
24.6875 	0.000139462 	3.42743e-06 	2
24.75 	0.000401654 	3.00007e-05 	1
24.8125 	0.000207521 	2.02742e-05 	1
25.0 	0.000152216 	1.27627e-05 	1
25.0625 	0.000293582 	2.27159e-05 	1
25.125 	0.000413084 	3.24901e-05 	1
25.25 	0.000465629 	3.54522e-05 	1
25.3125 	0.000243078 	1.76388e-05 	1
25.5 	7.92334e-05 	9.3951e-06 	1
25.625 	0.000196945 	1.80148e-05 	1
25.6875 	0.000186102 	1.66803e-05 	1
25.75 	0.000250096 	2.2026e-05 	1
25.8125 	0.0001397 	5.13998e-06 	2
25.875 	0.000176566 	1.53893e-05 	1
25.9375 	0.00011023 	3.44754e-06 	2
26.0 	0.000179284 	1.42703e-05 	1
26.0625 	0.000176015 	1.57367e-05 	1
26.125 	0.000434469 	3.30298e-05 	1
26.25 	0.000256533 	2.25132e-05 	1
26.3125 	0.000365409 	2.88552e-05 	1
26.375 	0.000413652 	3.00871e-05 	1
26.4375 	0.000288314 	2.78161e-05 	1
26.5 	0.000146539 	1.17052e-05 	1
26.5625 	0.0003339 	2.58909e-05 	1
26.625 	0.000346466 	2.7168e-05 	1
26.6875 	0.000351909 	2.71058e-05 	1
26.875 	0.000239029 	2.01036e-05 	1
26.9375 	0.000257431 	2.13911e-05 	1
27.0 	0.000236818 	1.81282e-05 	1
27.25 	0.00038659 	2.95563e-05 	1
27.3125 	0.000283326 	2.43121e-05 	1
27.375 	0.000467635 	3.4262e-05 	1
27.5 	0.000290499 	2.34817e-05 	1
27.5625 	0.000181588 	1.53323e-05 	1
27.625 	0.000297107 	2.362e-05 	1
27.6875 	0.000341425 	2.7771e-05 	1
27.75 	0.000164105 	4.96567e-06 	2
27.8125 	0.000205563 	1.63615e-05 	1
27.875 	0.000634468 	4.62961e-05 	1
28.0 	0.000226269 	2.1396e-05 	1
28.0625 	0.000368051 	2.74326e-05 	1
28.125 	0.000180404 	7.25938e-06 	2
28.3125 	0.000221796 	2.11171e-05 	1
28.375 	0.000336799 	2.44492e-05 	1
28.4375 	0.000229514 	2.04909e-05 	1
28.5 	0.000435096 	3.58173e-05 	1
28.625 	0.000218826 	1.76776e-05 	1
28.6875 	0.000456905 	3.22998e-05 	1
28.8125 	0.000275688 	2.5769e-05 	1
28.875 	0.000222434 	1.93447e-05 	1
28.9375 	0.000477598 	3.54956e-05 	1
29.0 	0.00043164 	3.17091e-05 	1
29.0625 	0.000360708 	2.76677e-05 	1
29.125 	0.000197578 	1.81576e-05 	1
29.1875 	0.000278738 	2.11851e-05 	1
29.25 	0.000324053 	2.43715e-05 	1
29.375 	0.000286919 	2.46003e-05 	1
29.4375 	0.000193945 	1.72018e-05 	1
29.5 	0.00025769 	2.37746e-05 	1
29.5625 	8.55265e-05 	9.16309e-06 	1
29.625 	0.000349698 	2.602e-05 	1
29.6875 	0.000358571 	3.05167e-05 	1
29.75 	0.000156532 	4.0137e-06 	2
29.875 	0.000290838 	2.42661e-05 	1
29.9375 	0.000304313 	2.37562e-05 	1
30.0 	0.000206038 	6.05544e-06 	2
30.125 	0.000364239 	2.93345e-05 	1
30.1875 	0.000233502 	2.07039e-05 	1
30.25 	0.000177711 	1.72049e-05 	1
30.3125 	0.000348972 	2.7115e-05 	1
30.375 	0.000274136 	2.09235e-05 	1
30.4375 	0.000199656 	1.66394e-05 	1
30.5 	0.000316713 	2.39316e-05 	1
30.5625 	0.00025559 	2.25187e-05 	1
30.6875 	0.000141262 	1.23741e-05 	1
30.8125 	0.000270304 	2.0813e-05 	1
30.9375 	0.000401572 	3.02398e-05 	1
31.125 	0.000188542 	1.64429e-05 	1
31.1875 	0.000240202 	2.28629e-05 	1
31.25 	0.000362215 	2.83052e-05 	1
31.375 	0.000644932 	4.716e-05 	1
31.5 	0.000198431 	1.77799e-05 	1
31.625 	0.00024137 	2.21263e-05 	1
31.6875 	0.000104639 	3.42457e-06 	2
31.75 	0.000314264 	3.02028e-05 	1
31.8125 	0.0005415 	3.90081e-05 	1
31.875 	0.000261599 	2.27938e-05 	1
32.0 	0.000469018 	3.45041e-05 	1
32.125 	0.000396145 	3.09232e-05 	1
32.1875 	0.000152849 	4.65805e-06 	2
32.25 	0.000233395 	2.33219e-05 	1
32.3125 	0.000162222 	1.37767e-05 	1
32.4375 	0.000324592 	2.56428e-05 	1
32.5 	0.000425063 	3.15595e-05 	1
32.625 	0.000212147 	1.87522e-05 	1
32.6875 	0.000368347 	2.8197e-05 	1
32.75 	0.000239455 	1.89328e-05 	1
32.8125 	0.000342969 	3.30749e-05 	1
32.875 	0.000294186 	2.29309e-05 	1
33.0 	0.000236274 	2.03873e-05 	1
33.0625 	0.000326508 	2.62843e-05 	1
33.125 	0.000265589 	2.06966e-05 	1
33.1875 	0.000412227 	3.0872e-05 	1
33.25 	0.000277742 	2.18406e-05 	1
33.3125 	0.000240356 	1.93419e-05 	1
33.375 	0.000252001 	2.40906e-05 	1
33.4375 	0.000162356 	1.19606e-05 	1
33.625 	0.00030255 	2.39028e-05 	1
33.6875 	0.000202224 	1.77608e-05 	1
33.75 	0.000258554 	2.09589e-05 	1
33.875 	0.000217849 	2.05463e-05 	1
33.9375 	0.000177054 	1.39739e-05 	1
34.0625 	0.000321222 	2.4547e-05 	1
34.125 	0.000273954 	2.38904e-05 	1
34.1875 	0.000365278 	2.67713e-05 	1
34.25 	0.000255484 	2.41195e-05 	1
34.3125 	0.000169607 	1.33986e-05 	1
34.375 	0.000603096 	4.52209e-05 	1
34.4375 	0.000156562 	1.48474e-05 	1
34.5 	0.000370149 	2.84101e-05 	1
34.5625 	0.000270712 	2.26639e-05 	1
34.625 	0.000198445 	1.76169e-05 	1
34.6875 	0.000161529 	1.44527e-05 	1
34.875 	0.000238183 	1.76455e-05 	1
34.9375 	0.000319598 	2.86542e-05 	1
35.0625 	0.000332304 	2.61154e-05 	1
35.125 	0.000266165 	2.41644e-05 	1
35.25 	0.000211934 	1.86449e-05 	1
35.3125 	0.000464552 	3.38e-05 	1
35.375 	0.000340796 	3.10182e-05 	1
35.5625 	0.000342336 	2.57654e-05 	1
35.625 	0.000233595 	2.02686e-05 	1
35.6875 	0.000333966 	2.84367e-05 	1
35.75 	0.000195717 	1.55115e-05 	1
35.8125 	0.000486496 	3.52079e-05 	1
35.875 	0.000261271 	2.02259e-05 	1
35.9375 	0.000243104 	2.00546e-05 	1
36.0 	0.000420967 	3.13174e-05 	1
36.125 	0.000407432 	3.04022e-05 	1
36.25 	0.000290797 	2.26308e-05 	1
36.4375 	0.000147271 	1.27186e-05 	1
36.5 	0.000323834 	2.58524e-05 	1
36.5625 	0.000199718 	1.8392e-05 	1
36.625 	0.000237122 	1.96661e-05 	1
36.6875 	6.32702e-05 	7.39558e-06 	1
36.8125 	0.000495807 	3.94963e-05 	1
36.875 	0.000275093 	2.38015e-05 	1
37.0625 	0.000201508 	1.87064e-05 	1
37.125 	0.000224609 	1.77365e-05 	1
37.1875 	0.000269285 	2.17604e-05 	1
37.25 	0.000413807 	3.25577e-05 	1
37.3125 	0.000279421 	2.17894e-05 	1
37.375 	0.000227419 	1.77315e-05 	1
37.4375 	0.000268678 	2.20737e-05 	1
37.5 	0.00027642 	2.21891e-05 	1
37.5625 	0.000415763 	3.29245e-05 	1
37.75 	0.000226752 	1.8032e-05 	1
37.8125 	0.000257555 	2.34914e-05 	1
37.9375 	0.000363727 	2.79811e-05 	1
38.0 	0.000120431 	1.15024e-05 	1
38.0625 	0.000462938 	3.42606e-05 	1
38.125 	0.000297735 	2.3194e-05 	1
38.1875 	0.000142178 	5.16779e-06 	2
38.25 	0.000426701 	3.59869e-05 	1
38.3125 	0.000379927 	2.7593e-05 	1
38.375 	0.000238327 	2.22273e-05 	1
38.4375 	0.000409198 	3.5381e-05 	1
38.5625 	0.000183887 	1.65886e-05 	1
38.6875 	0.000284714 	2.44637e-05 	1
38.8125 	0.000260822 	1.93538e-05 	1
38.875 	0.000152439 	4.10106e-06 	2
38.9375 	0.000233268 	1.88589e-05 	1
39.0 	0.000354675 	2.9233e-05 	1
39.0625 	0.000203875 	1.56085e-05 	1
39.125 	0.000229925 	2.02187e-05 	1
39.1875 	0.000153687 	1.25857e-05 	1
39.25 	0.000704205 	5.28636e-05 	1
39.3125 	0.000434309 	3.27315e-05 	1
39.5 	0.000198423 	1.77933e-05 	1
39.5625 	0.000406431 	3.24399e-05 	1
39.625 	0.000345567 	2.70218e-05 	1
39.6875 	0.000357312 	2.74299e-05 	1
39.75 	0.000253302 	2.01567e-05 	1
39.8125 	0.000379823 	2.94178e-05 	1
39.875 	0.000354659 	2.64677e-05 	1
39.9375 	0.000172538 	5.65816e-06 	2
40.0 	0.000271715 	2.06934e-05 	1
40.125 	0.000364894 	2.71258e-05 	1
40.25 	0.000138273 	3.89919e-06 	2
40.3125 	0.000218617 	2.07277e-05 	1
40.4375 	0.000203964 	1.63224e-05 	1
40.5 	0.000241586 	2.20704e-05 	1
40.5625 	0.00016681 	1.58368e-05 	1
40.625 	0.000443578 	3.46912e-05 	1
40.8125 	0.000279293 	2.44219e-05 	1
40.9375 	0.000304138 	2.39646e-05 	1
41.125 	0.000283222 	2.32054e-05 	1
41.1875 	0.000413543 	2.98487e-05 	1
41.25 	0.000187004 	1.85994e-05 	1
41.3125 	0.00016105 	1.31279e-05 	1
41.4375 	0.000169049 	1.67702e-05 	1
41.5 	0.00019693 	6.68663e-06 	2
41.5625 	0.000396544 	3.73907e-05 	1
41.625 	0.000103787 	9.351e-06 	1
41.6875 	0.000389623 	2.9495e-05 	1
41.8125 	0.000220402 	1.98601e-05 	1
41.875 	0.000353383 	2.87319e-05 	1
41.9375 	0.00035658 	2.81445e-05 	1
42.0 	0.000245341 	2.17422e-05 	1
42.125 	0.000419169 	3.09895e-05 	1
42.25 	0.00024789 	2.09156e-05 	1
42.5 	0.000476094 	3.51702e-05 	1
42.6875 	0.000432294 	3.14071e-05 	1
42.8125 	0.000161993 	1.39666e-05 	1
42.875 	0.000405081 	2.9959e-05 	1
42.9375 	0.0002993 	2.24069e-05 	1
43.0 	0.000220286 	1.98119e-05 	1
43.0625 	0.00037223 	2.69013e-05 	1
43.125 	0.000184851 	1.66949e-05 	1
43.1875 	0.000239907 	2.33859e-05 	1
43.3125 	0.000319872 	3.0114e-05 	1
43.375 	0.000287177 	2.38808e-05 	1
43.6875 	0.000206159 	1.81472e-05 	1
43.75 	0.00019838 	1.78767e-05 	1
43.8125 	0.000666075 	5.52939e-05 	1
43.9375 	0.000114409 	1.04475e-05 	1
44.0 	0.000244629 	1.8324e-05 	1
44.0625 	0.000309112 	2.47213e-05 	1
44.125 	0.000251814 	2.15432e-05 	1
44.1875 	0.000198916 	1.85398e-05 	1
44.25 	0.000300753 	2.64082e-05 	1
44.3125 	0.000252925 	2.20207e-05 	1
44.375 	0.000271043 	2.34109e-05 	1
44.4375 	0.000298607 	2.43788e-05 	1
44.5625 	0.000300633 	2.57942e-05 	1
44.625 	0.000221139 	1.90439e-05 	1
44.6875 	0.000256451 	2.0598e-05 	1
44.75 	0.000204178 	1.93161e-05 	1
44.8125 	0.000240429 	1.92459e-05 	1
44.875 	0.000234399 	1.79008e-05 	1
44.9375 	0.00037265 	2.99782e-05 	1
45.0 	0.00039581 	2.95821e-05 	1
45.0625 	0.000318886 	2.49881e-05 	1
45.1875 	0.000540103 	4.14394e-05 	1
45.3125 	0.00024826 	1.99751e-05 	1
45.5 	0.000212126 	1.84216e-05 	1
45.5625 	8.29102e-05 	8.53229e-06 	1
45.625 	0.000190967 	1.63429e-05 	1
45.6875 	0.000166476 	1.43645e-05 	1
45.75 	0.000795594 	5.87252e-05 	1
45.875 	9.86965e-05 	8.64995e-06 	1
45.9375 	0.000305125 	2.74246e-05 	1
46.0 	0.000267449 	1.9865e-05 	1
46.0625 	0.000333334 	2.49534e-05 	1
46.125 	7.69192e-05 	6.93156e-06 	1
46.3125 	0.00012944 	1.23334e-05 	1
46.375 	0.000315162 	2.32969e-05 	1
46.5625 	0.000360074 	2.94564e-05 	1
46.625 	0.000180854 	1.65361e-05 	1
46.6875 	0.00039692 	3.39361e-05 	1
46.75 	0.000158132 	1.45424e-05 	1
46.8125 	0.000219958 	2.1255e-05 	1
46.875 	0.000192869 	1.68737e-05 	1
47.0 	0.000147433 	1.45651e-05 	1
47.0625 	0.000409411 	2.90619e-05 	1
47.125 	0.00036688 	2.8586e-05 	1
47.1875 	0.000322597 	2.5865e-05 	1
47.25 	0.000364703 	3.07852e-05 	1
47.3125 	0.000456753 	3.9317e-05 	1
47.375 	0.000200011 	1.86929e-05 	1
47.5 	0.000243034 	1.95954e-05 	1
47.5625 	0.000331284 	2.56809e-05 	1
47.625 	0.000504948 	3.71913e-05 	1
47.6875 	0.000163502 	1.39761e-05 	1
47.8125 	0.000271225 	2.11753e-05 	1
48.0 	0.000425017 	3.13229e-05 	1
48.0625 	0.000244748 	2.24895e-05 	1
48.1875 	0.000371075 	2.88015e-05 	1
48.25 	0.000146991 	1.41437e-05 	1
48.3125 	0.000113578 	3.2423e-06 	2
48.4375 	0.000250191 	1.93388e-05 	1
48.5 	0.000471664 	3.44489e-05 	1
48.5625 	0.000233247 	1.98144e-05 	1
48.75 	0.000330818 	2.58239e-05 	1
48.8125 	0.000387906 	3.25251e-05 	1
48.9375 	0.000473983 	3.6819e-05 	1
49.0 	0.000284511 	2.34936e-05 	1
49.125 	0.000359621 	2.62086e-05 	1
49.1875 	0.000181787 	1.5689e-05 	1
49.25 	0.000197805 	1.78957e-05 	1
49.3125 	0.000260326 	1.81805e-05 	1
49.375 	0.000316775 	2.46952e-05 	1
49.4375 	0.000130635 	1.26537e-05 	1
49.5 	0.000342454 	2.78446e-05 	1
49.5625 	0.000266875 	2.41231e-05 	1
49.625 	0.000356603 	2.98115e-05 	1
49.6875 	0.000260508 	2.38596e-05 	1
49.75 	0.000223513 	1.8427e-05 	1
50.0625 	0.000456596 	3.3271e-05 	1
50.125 	0.00033681 	2.73566e-05 	1
50.25 	0.000216852 	1.90477e-05 	1
50.3125 	0.000339376 	2.56344e-05 	1
50.375 	0.000288291 	2.58736e-05 	1
50.4375 	0.000210439 	1.86804e-05 	1
50.5625 	0.000358566 	2.8544e-05 	1
50.625 	0.000295945 	2.48892e-05 	1
50.75 	0.000136935 	4.66805e-06 	2
50.8125 	0.000263901 	1.98166e-05 	1
50.875 	0.000249813 	2.2228e-05 	1
50.9375 	0.000230317 	1.87617e-05 	1
51.0 	0.000306911 	2.3551e-05 	1
51.0625 	0.00030255 	2.42717e-05 	1
51.125 	0.00040032 	3.40518e-05 	1
51.1875 	0.000285085 	2.16059e-05 	1
51.25 	0.000272628 	2.21469e-05 	1
51.3125 	0.000193816 	1.69127e-05 	1
51.375 	0.000498872 	3.71644e-05 	1
51.4375 	0.000463049 	3.57894e-05 	1
51.5 	0.000168086 	1.37233e-05 	1
51.5625 	0.000371876 	2.84526e-05 	1
51.625 	0.000392165 	2.99297e-05 	1
51.6875 	0.000199276 	1.68345e-05 	1
51.8125 	0.000139637 	1.14516e-05 	1
51.875 	0.000243408 	1.87533e-05 	1
52.0 	0.000160011 	1.30945e-05 	1
52.0625 	0.000259559 	2.1891e-05 	1
52.1875 	0.000197444 	1.55353e-05 	1
52.3125 	0.000343571 	2.85436e-05 	1
52.375 	0.000178811 	1.4641e-05 	1
52.4375 	9.15961e-05 	9.40118e-06 	1
52.5 	0.000300909 	2.35606e-05 	1
52.625 	0.000239729 	1.08765e-05 	2
52.6875 	0.000382119 	2.87716e-05 	1
52.75 	0.000211803 	1.78039e-05 	1
52.8125 	0.000385847 	3.10888e-05 	1
52.875 	0.000252256 	2.18611e-05 	1
52.9375 	0.000354498 	2.78158e-05 	1
53.0 	0.000102142 	9.64109e-06 	1
53.125 	0.000160802 	1.56731e-05 	1
53.1875 	0.000216133 	1.92731e-05 	1
53.25 	0.00031901 	2.60488e-05 	1
53.3125 	0.000310232 	2.92141e-05 	1
53.375 	0.000297054 	2.77749e-05 	1
53.5 	0.000293427 	2.53939e-05 	1
53.5625 	0.000154228 	1.44924e-05 	1
53.625 	0.000176781 	1.59535e-05 	1
53.6875 	0.000178367 	4.7973e-06 	2
53.75 	0.000652516 	4.76898e-05 	1
53.8125 	0.000219255 	1.94961e-05 	1
53.875 	0.00034135 	2.87884e-05 	1
54.0 	0.000185342 	1.59578e-05 	1
54.0625 	0.000335637 	3.11054e-05 	1
54.1875 	0.000579556 	4.35896e-05 	1
54.25 	0.000238907 	1.96994e-05 	1
54.3125 	0.000328575 	2.39847e-05 	1
54.375 	0.000527372 	3.85842e-05 	1
54.4375 	0.000346606 	2.68568e-05 	1
54.6875 	0.000104131 	2.8177e-06 	2
54.8125 	0.000251836 	2.19393e-05 	1
54.875 	0.00027758 	2.17605e-05 	1
54.9375 	0.000530642 	4.43924e-05 	1
55.0 	0.000419794 	3.06127e-05 	1
55.0625 	0.000231118 	1.91222e-05 	1
55.125 	0.000209784 	2.0602e-05 	1
55.1875 	0.000223857 	1.71896e-05 	1
55.3125 	0.000435391 	3.35117e-05 	1
55.4375 	0.000184026 	1.4505e-05 	1
55.5 	0.000406152 	3.04418e-05 	1
55.625 	0.000180698 	1.66023e-05 	1
55.6875 	0.000312754 	2.23264e-05 	1
55.75 	0.000147087 	1.16228e-05 	1
55.8125 	0.000107568 	3.7194e-06 	2
55.875 	0.000175532 	1.58473e-05 	1
55.9375 	0.0002548 	1.95907e-05 	1
56.0 	0.000367766 	2.79068e-05 	1
56.0625 	0.000393836 	3.12796e-05 	1
56.3125 	0.000420075 	3.22224e-05 	1
56.375 	0.000353326 	2.7388e-05 	1
56.4375 	0.00050067 	3.89243e-05 	1
56.5625 	0.00023099 	2.2499e-05 	1
56.6875 	0.000191593 	1.85157e-05 	1
56.75 	0.00048886 	3.97575e-05 	1
56.8125 	0.000338118 	2.58166e-05 	1
56.9375 	0.000273431 	2.50029e-05 	1
57.0 	0.000448512 	3.32847e-05 	1
57.0625 	0.000272451 	2.06149e-05 	1
57.1875 	0.000294618 	2.23792e-05 	1
57.25 	0.00022672 	2.19813e-05 	1
57.3125 	0.00032634 	2.60929e-05 	1
57.375 	0.000177192 	1.38123e-05 	1
57.4375 	0.000231904 	1.70197e-05 	1
57.5 	0.00020949 	1.91816e-05 	1
57.5625 	0.000271656 	2.66235e-05 	1
57.625 	0.000166592 	1.65198e-05 	1
57.6875 	0.00022264 	2.07982e-05 	1
57.75 	0.000350741 	2.68693e-05 	1
57.8125 	0.000151985 	5.42253e-06 	2
58.0 	0.0002683 	2.1568e-05 	1
58.0625 	0.000404378 	3.03969e-05 	1
58.125 	0.000247326 	2.15575e-05 	1
58.1875 	0.000374222 	3.2038e-05 	1
58.25 	0.000494061 	3.87061e-05 	1
58.3125 	0.000315899 	2.50272e-05 	1
58.4375 	0.000241595 	2.05818e-05 	1
58.5625 	0.000186235 	1.85561e-05 	1
58.625 	0.000314142 	2.47551e-05 	1
58.6875 	0.000147947 	4.99759e-06 	2
58.8125 	0.000254015 	2.41728e-05 	1
58.875 	0.000140092 	1.17536e-05 	1
58.9375 	0.00043966 	3.25972e-05 	1
59.0 	0.000312238 	2.24488e-05 	1
59.125 	0.000262011 	2.28896e-05 	1
59.25 	0.000201728 	1.70606e-05 	1
59.3125 	0.000248573 	2.22611e-05 	1
59.375 	0.00014134 	1.12486e-05 	1
59.4375 	0.000441281 	3.49472e-05 	1
59.5 	0.000430953 	3.16682e-05 	1
59.5625 	8.46464e-05 	4.22828e-06 	2
59.6875 	0.000257498 	2.14335e-05 	1
59.8125 	0.000366192 	2.8903e-05 	1
59.875 	0.000206358 	1.94391e-05 	1
59.9375 	0.000180918 	6.4142e-06 	2
60.0625 	0.000360375 	2.76554e-05 	1
60.125 	0.000248303 	2.06859e-05 	1
60.375 	0.000521868 	4.04617e-05 	1
60.4375 	0.000294084 	2.53476e-05 	1
60.5625 	0.000156394 	1.4862e-05 	1
60.625 	0.00022138 	1.72229e-05 	1
60.75 	0.00014661 	5.26805e-06 	2
60.8125 	0.000250169 	2.11337e-05 	1
60.875 	0.000221342 	2.00283e-05 	1
61.0 	0.000168069 	1.40796e-05 	1
61.125 	0.000480588 	4.00536e-05 	1
61.1875 	0.000440544 	3.35321e-05 	1
61.25 	0.000334998 	3.22049e-05 	1
61.3125 	0.000195686 	1.72211e-05 	1
61.375 	0.000268174 	2.008e-05 	1
61.4375 	0.000384281 	2.90432e-05 	1
61.5 	0.000394592 	2.99564e-05 	1
61.625 	0.000133591 	1.31872e-05 	1
61.6875 	0.000109693 	6.22289e-06 	2
61.8125 	0.000363057 	2.6529e-05 	1
61.875 	0.000217102 	1.94328e-05 	1
61.9375 	0.000298215 	2.20611e-05 	1
62.0 	0.000141712 	1.40977e-05 	1
62.125 	0.000214932 	1.75549e-05 	1
62.1875 	0.000259178 	2.25127e-05 	1
62.25 	0.000289275 	2.40896e-05 	1
62.375 	0.000388874 	2.92671e-05 	1
62.5 	0.00010155 	4.34992e-06 	2
62.5625 	0.000244967 	2.13206e-05 	1
62.6875 	0.000343308 	3.01329e-05 	1
62.75 	0.000144407 	1.18733e-05 	1
62.875 	0.000372832 	3.47927e-05 	1
62.9375 	0.000196561 	1.57307e-05 	1
63.0 	0.000405496 	3.01123e-05 	1
63.125 	0.000368803 	2.96212e-05 	1
63.25 	0.000305584 	2.49631e-05 	1
63.4375 	0.000301047 	2.70165e-05 	1
63.5625 	0.000297271 	2.4887e-05 	1
63.625 	8.9679e-05 	9.01231e-06 	1
63.8125 	0.000222261 	8.58594e-06 	2
63.9375 	9.93021e-05 	2.68856e-06 	2
64.0 	0.00022246 	2.10892e-05 	1
64.0625 	0.000169153 	1.42488e-05 	1
64.25 	0.000285314 	2.16103e-05 	1
64.4375 	0.000246001 	2.31672e-05 	1
64.5625 	0.000259813 	2.01295e-05 	1
64.6875 	0.000116073 	1.11412e-05 	1
64.75 	0.000330379 	2.7832e-05 	1
64.8125 	0.000337768 	2.54967e-05 	1
64.875 	0.000220044 	1.72933e-05 	1
64.9375 	0.000227726 	2.09987e-05 	1
65.0 	0.000158678 	1.32238e-05 	1
65.0625 	0.000435749 	3.61586e-05 	1
65.125 	0.000195609 	1.94766e-05 	1
65.25 	0.000287972 	2.28959e-05 	1
65.5 	0.000126794 	3.08889e-06 	2
65.625 	0.000209849 	1.75795e-05 	1
65.75 	9.47494e-05 	2.63388e-06 	2
65.8125 	0.000505266 	3.97241e-05 	1
65.9375 	0.000216284 	2.11863e-05 	1
66.0 	0.000246308 	1.79445e-05 	1
66.0625 	0.000334157 	2.86172e-05 	1
66.1875 	0.000507472 	4.26593e-05 	1
66.25 	0.000323331 	2.77267e-05 	1
66.3125 	0.000273508 	2.31655e-05 	1
66.375 	0.0004137 	3.08316e-05 	1
66.4375 	9.17244e-05 	9.3173e-06 	1
66.5 	0.000110237 	2.55361e-06 	2
66.75 	0.000129421 	1.0641e-05 	1
66.8125 	0.000299306 	2.57845e-05 	1
66.875 	0.000160958 	1.35624e-05 	1
66.9375 	0.000300189 	2.25357e-05 	1
67.0 	0.000425559 	3.15994e-05 	1
67.125 	0.000196845 	1.73017e-05 	1
67.1875 	0.000210477 	1.98795e-05 	1
67.25 	0.000386721 	2.99075e-05 	1
67.375 	0.000305534 	2.32754e-05 	1
67.4375 	0.000276385 	2.39654e-05 	1
67.5 	0.000195637 	5.50818e-06 	2
67.8125 	0.000195867 	1.65866e-05 	1
67.875 	0.000209417 	1.65791e-05 	1
67.9375 	0.00027757 	2.22263e-05 	1
68.0 	0.000392593 	3.27052e-05 	1
68.0625 	0.000376783 	3.03134e-05 	1
68.125 	0.000241517 	1.8537e-05 	1
68.1875 	0.00049072 	3.71667e-05 	1
68.25 	0.000178821 	1.77344e-05 	1
68.3125 	0.000283467 	2.63825e-05 	1
68.375 	0.000143758 	1.25957e-05 	1
68.4375 	0.000606628 	4.58115e-05 	1
68.5625 	0.000246141 	2.10173e-05 	1
68.625 	0.00032555 	2.54174e-05 	1
68.6875 	0.00026278 	2.05906e-05 	1
68.75 	0.000385097 	2.95521e-05 	1
68.8125 	0.000208685 	1.88054e-05 	1
68.9375 	0.000204265 	1.63218e-05 	1
69.0625 	0.000433445 	3.14939e-05 	1
69.125 	0.000135128 	1.20983e-05 	1
69.1875 	0.000423998 	3.1281e-05 	1
69.25 	0.000138013 	5.7698e-06 	2
69.3125 	0.000301726 	2.56029e-05 	1
69.4375 	0.000273975 	2.29799e-05 	1
69.5 	0.000330056 	2.62649e-05 	1
69.625 	0.000509792 	4.28822e-05 	1
69.75 	0.000403874 	2.91509e-05 	1
69.8125 	0.000271415 	2.34267e-05 	1
69.875 	0.000202123 	1.688e-05 	1
69.9375 	0.000327959 	2.67364e-05 	1
