# time 	Initial 	Final 	Iterations
0.333274 	0.000186326 	8.91274e-05 	1
0.579973 	0.000223245 	8.65584e-05 	4
0.642226 	0.000128741 	4.24874e-05 	1
0.70448 	0.000168963 	8.33173e-05 	2
0.766734 	0.00019716 	8.61079e-05 	2
0.828988 	0.000228736 	8.22471e-05 	3
1.01575 	0.000172602 	9.03763e-05 	2
1.26477 	0.000104404 	5.42518e-05 	1
1.38927 	0.000141772 	7.07401e-05 	2
1.45153 	0.000158402 	5.98819e-05 	1
1.51378 	0.000160655 	9.3665e-05 	2
1.57604 	0.000155626 	9.91575e-05 	2
1.7628 	0.000122052 	6.67368e-05 	1
1.8873 	0.000184696 	4.77814e-05 	3
1.94956 	0.000120652 	5.30384e-05 	1
2.07407 	0.000110364 	5.25194e-05 	1
2.19857 	0.000161452 	7.98572e-05 	2
2.26083 	0.000112889 	5.27346e-05 	2
2.32308 	0.00013602 	6.72236e-05 	1
2.38534 	0.000167136 	7.36923e-05 	2
2.44759 	0.000162909 	4.62474e-05 	1
2.63435 	8.13106e-05 	8.13106e-05 	0
2.69661 	0.000169522 	8.67401e-05 	2
2.88337 	0.000147799 	9.14602e-05 	2
2.94562 	0.000223371 	7.9333e-05 	4
3.07013 	0.000214952 	7.87025e-05 	6
3.19464 	0.000201237 	9.85318e-05 	1
3.25689 	0.000177128 	8.24203e-05 	1
3.31914 	0.000177133 	7.70617e-05 	2
3.3814 	0.000189173 	9.9511e-05 	2
3.44365 	0.000216739 	9.25056e-05 	2
3.50591 	0.000159093 	6.99802e-05 	1
3.69267 	0.000117609 	9.24488e-05 	1
3.75492 	0.000157691 	4.18226e-05 	3
3.81718 	0.000149599 	4.62589e-05 	3
3.87943 	0.000147095 	9.51561e-05 	2
4.00394 	0.000150875 	7.50778e-05 	1
4.06619 	0.000120091 	7.34682e-05 	1
4.12845 	0.000197789 	8.15418e-05 	3
4.1907 	0.000186975 	8.03496e-05 	1
4.25295 	8.7284e-05 	8.7284e-05 	0
4.31521 	0.00015447 	7.76212e-05 	2
4.37746 	0.000159588 	4.57268e-05 	3
4.50197 	0.000145741 	7.05495e-05 	1
4.56422 	9.68425e-05 	9.68425e-05 	0
4.62648 	0.000130998 	8.64902e-05 	1
4.68873 	0.00016808 	8.16778e-05 	2
4.81324 	0.000101856 	5.076e-05 	1
4.87549 	0.000142619 	4.08765e-05 	1
4.93775 	0.000186014 	9.46973e-05 	1
5.0 	8.64702e-05 	8.64702e-05 	0
5.0625 	0.000154016 	9.4524e-05 	1
5.125 	0.000128696 	4.9718e-05 	2
5.25 	0.000162481 	7.74869e-05 	2
5.3125 	0.000120786 	6.79544e-05 	1
5.375 	0.000152853 	6.78392e-05 	2
5.5 	0.000186723 	7.19129e-05 	1
5.5625 	0.000219198 	8.66661e-05 	3
5.625 	0.000251872 	9.58501e-05 	4
5.6875 	0.000145679 	6.21223e-05 	2
5.75 	0.000143873 	7.74973e-05 	1
5.8125 	0.000111163 	6.19621e-05 	1
5.875 	0.000207214 	7.71836e-05 	4
5.9375 	0.000154763 	9.9265e-05 	1
6.0 	8.73876e-05 	8.73876e-05 	0
6.1875 	0.000150789 	6.81898e-05 	2
6.25 	0.000188329 	8.57394e-05 	2
6.4375 	0.000200168 	9.34301e-05 	2
6.75 	7.21569e-05 	7.21569e-05 	0
6.8125 	0.000148058 	7.31871e-05 	2
6.9375 	0.000199397 	7.73702e-05 	2
7.125 	0.000198682 	8.71922e-05 	3
7.1875 	0.000209483 	8.5674e-05 	4
7.25 	0.0001807 	6.42325e-05 	1
7.4375 	0.000176425 	6.98148e-05 	1
7.5625 	0.000160985 	6.80607e-05 	1
7.625 	0.00014518 	7.79175e-05 	2
7.6875 	0.00016537 	8.69147e-05 	2
7.8125 	0.000181814 	4.72448e-05 	3
7.9375 	0.000142104 	7.02045e-05 	2
8.0 	0.000168667 	8.32332e-05 	1
8.0625 	0.000131085 	9.56976e-05 	1
8.125 	0.000121978 	7.60653e-05 	1
8.25 	0.000146366 	8.53856e-05 	1
8.3125 	0.000106434 	4.90208e-05 	1
8.375 	0.000107751 	5.14576e-05 	1
8.4375 	0.000172071 	7.15761e-05 	3
8.5 	0.000173671 	8.40136e-05 	1
8.5625 	0.000105587 	4.75411e-05 	1
8.8125 	0.000179776 	9.2948e-05 	2
8.9375 	0.000115386 	9.4542e-05 	1
9.0 	0.000153896 	5.16184e-05 	3
9.0625 	0.000173255 	9.33765e-05 	1
9.1875 	0.000172332 	8.10664e-05 	1
9.25 	0.000167794 	4.5879e-05 	3
9.3125 	0.000113884 	6.62146e-05 	1
9.375 	0.000163989 	9.86844e-05 	2
9.4375 	0.000111507 	4.14833e-05 	1
9.5625 	0.000188124 	9.86774e-05 	1
9.625 	0.000174389 	9.69062e-05 	2
9.6875 	0.00021227 	9.19509e-05 	2
9.8125 	0.000205564 	8.06868e-05 	2
9.9375 	0.000174987 	7.84334e-05 	2
10.0 	0.000175452 	7.18262e-05 	1
10.0625 	0.000111087 	5.44889e-05 	1
10.1875 	9.43249e-05 	9.43249e-05 	0
10.3125 	0.000137702 	8.45034e-05 	1
10.625 	8.55588e-05 	8.55588e-05 	0
10.6875 	0.000102725 	5.88944e-05 	1
10.75 	0.000177536 	5.05272e-05 	1
10.8125 	0.000138067 	6.13847e-05 	2
10.875 	0.000201101 	9.87642e-05 	3
11.0 	0.00022989 	9.65442e-05 	4
11.0625 	0.000187168 	8.63218e-05 	3
11.1875 	9.06037e-05 	9.06037e-05 	0
11.4375 	0.00018359 	9.40163e-05 	1
11.625 	7.42634e-05 	7.42634e-05 	0
11.6875 	0.000159211 	6.1742e-05 	3
11.75 	0.000122781 	7.21103e-05 	2
11.8125 	0.000115097 	6.69705e-05 	2
11.875 	0.000135223 	9.05263e-05 	2
11.9375 	0.000175204 	5.90932e-05 	2
12.0 	0.000150823 	8.83466e-05 	1
12.0625 	0.000221196 	9.72265e-05 	3
12.1875 	0.000193378 	7.53069e-05 	3
12.25 	0.000105094 	4.85922e-05 	1
12.3125 	0.000164305 	9.59592e-05 	1
12.375 	0.000158531 	5.74329e-05 	1
12.625 	0.000138765 	3.89075e-05 	1
12.6875 	0.000151334 	8.92237e-05 	1
12.8125 	9.70179e-05 	9.70179e-05 	0
12.875 	0.000158222 	4.41691e-05 	3
13.0 	0.000200297 	9.94773e-05 	2
13.0625 	0.000181536 	7.73239e-05 	1
13.1875 	0.000125123 	4.69915e-05 	1
13.25 	0.000137991 	7.48753e-05 	2
13.375 	8.47175e-05 	8.47175e-05 	0
13.4375 	0.000111976 	4.98479e-05 	2
13.5625 	0.000142485 	8.62378e-05 	1
13.625 	0.000134276 	6.86626e-05 	2
13.6875 	0.000131194 	7.87412e-05 	1
14.0 	0.000154427 	9.17263e-05 	2
14.0625 	0.000108731 	5.51892e-05 	1
14.125 	9.76951e-05 	9.76951e-05 	0
14.1875 	0.000167433 	9.1342e-05 	2
14.3125 	0.000145913 	7.23527e-05 	2
14.375 	0.000179113 	7.66157e-05 	1
14.4375 	0.000138872 	4.81243e-05 	2
14.5 	0.000135093 	6.41188e-05 	1
14.625 	0.000164108 	8.08834e-05 	1
14.6875 	0.000184078 	7.05204e-05 	1
14.75 	0.00021911 	8.91936e-05 	1
14.8125 	0.00019544 	8.29315e-05 	2
14.9375 	0.000172025 	7.72809e-05 	3
15.0 	0.00014883 	9.74176e-05 	2
15.1875 	0.000231331 	8.59195e-05 	3
15.25 	0.000193415 	9.7708e-05 	3
15.3125 	0.000119698 	9.90989e-05 	1
15.375 	0.00021045 	9.86408e-05 	1
15.4375 	0.000123531 	7.66315e-05 	1
15.5 	0.000104129 	7.0204e-05 	1
15.5625 	0.000127518 	3.68266e-05 	1
15.75 	0.000175264 	5.35935e-05 	1
15.8125 	0.000156828 	7.24563e-05 	1
15.875 	0.000174741 	6.94004e-05 	1
15.9375 	0.000143667 	7.81912e-05 	2
16.0 	0.000189166 	7.89468e-05 	2
16.0625 	0.000156067 	9.69368e-05 	1
16.125 	0.00014817 	6.62881e-05 	1
16.1875 	0.000137822 	8.57509e-05 	1
16.25 	0.000208187 	8.69748e-05 	4
16.3125 	0.000178889 	7.23393e-05 	2
16.375 	0.000211606 	8.50593e-05 	4
16.4375 	0.000128575 	5.70591e-05 	1
16.5 	0.000156513 	5.91219e-05 	1
16.625 	0.000171656 	8.68274e-05 	2
16.6875 	0.000114681 	2.50075e-05 	1
16.75 	0.000180961 	7.66271e-05 	3
16.8125 	0.000129952 	8.03224e-05 	1
16.875 	0.000115727 	5.87451e-05 	1
16.9375 	0.000131627 	7.13227e-05 	2
17.25 	0.000234769 	7.60286e-05 	3
17.3125 	0.000143161 	6.86765e-05 	1
17.375 	0.000172414 	8.14529e-05 	2
17.4375 	0.000140576 	4.86967e-05 	1
17.5 	0.000157012 	8.03853e-05 	2
17.5625 	0.000114619 	4.21984e-05 	1
17.625 	0.000177093 	6.96202e-05 	1
17.6875 	0.00011811 	6.45584e-05 	1
17.75 	0.000136653 	8.15557e-05 	2
18.0 	0.000120833 	9.04975e-05 	1
18.0625 	0.000139515 	7.62191e-05 	2
18.125 	0.000122632 	4.39316e-05 	1
18.1875 	0.000179587 	7.04733e-05 	3
18.25 	0.000195747 	9.84045e-05 	2
18.375 	0.00016746 	7.43819e-05 	2
18.4375 	0.000129481 	7.70425e-05 	1
18.5625 	0.00021542 	8.0403e-05 	4
18.625 	0.000153552 	8.03739e-05 	2
18.75 	0.000184403 	7.52694e-05 	1
18.8125 	0.000116611 	8.2607e-05 	1
18.875 	0.00013971 	7.37307e-05 	2
18.9375 	0.00023668 	9.90278e-05 	3
19.125 	0.000142717 	3.69127e-05 	1
19.25 	9.2114e-05 	9.2114e-05 	0
19.4375 	6.12805e-05 	6.12805e-05 	0
19.5 	0.000188648 	7.60519e-05 	2
19.625 	0.000126295 	6.92295e-05 	1
19.6875 	0.000133074 	7.25628e-05 	1
19.75 	0.000153142 	8.71565e-05 	2
19.9375 	0.0001025 	4.17195e-05 	1
20.0 	0.000139767 	9.93377e-05 	1
20.0625 	0.000132722 	5.63012e-05 	1
20.125 	0.000116061 	4.85969e-05 	1
20.1875 	0.000216819 	7.52175e-05 	5
20.25 	0.000135829 	8.82961e-05 	1
20.375 	0.000151839 	8.78056e-05 	2
20.4375 	0.000183581 	9.44627e-05 	2
20.5 	0.000135058 	8.801e-05 	1
20.5625 	0.0001332 	8.71528e-05 	2
20.625 	0.00021163 	8.97132e-05 	1
20.6875 	0.000135875 	6.1221e-05 	1
20.75 	0.000149661 	5.52014e-05 	2
21.0 	0.000182824 	9.70882e-05 	1
21.0625 	0.000197336 	9.30546e-05 	3
21.1875 	0.000189103 	9.69788e-05 	1
21.3125 	0.000107513 	8.27499e-05 	2
21.375 	0.000192002 	9.12778e-05 	3
21.5625 	0.000142421 	6.9656e-05 	2
21.625 	8.42506e-05 	8.42506e-05 	0
21.75 	0.000129662 	9.34981e-05 	1
21.8125 	0.000112636 	4.13274e-05 	1
21.875 	0.000144696 	6.12132e-05 	2
21.9375 	0.000104748 	5.83844e-05 	1
22.125 	0.000158043 	9.44801e-05 	1
22.1875 	0.00014002 	6.20474e-05 	2
22.25 	0.000166417 	6.39628e-05 	3
22.3125 	0.00021957 	6.49918e-05 	3
22.375 	0.000144881 	5.88693e-05 	2
22.8125 	0.000197088 	7.83415e-05 	4
22.9375 	0.000115337 	8.38754e-05 	1
23.0 	0.000186572 	5.71821e-05 	3
23.125 	0.000141886 	8.13983e-05 	1
23.1875 	0.000208521 	7.96262e-05 	2
23.3125 	0.000168944 	8.49161e-05 	1
23.375 	0.000104372 	6.15744e-05 	1
23.4375 	0.000202439 	8.21724e-05 	2
23.6875 	0.000204313 	8.24828e-05 	1
23.8125 	0.000210103 	9.47553e-05 	3
23.875 	0.000159843 	7.44216e-05 	1
24.0 	0.000133306 	7.48339e-05 	1
24.0625 	0.000115286 	7.96662e-05 	1
24.125 	0.000150094 	6.47004e-05 	2
24.3125 	0.000207848 	9.56787e-05 	3
24.375 	0.000200841 	8.93743e-05 	1
24.4375 	0.00017011 	9.25042e-05 	1
24.5625 	0.000123098 	5.35815e-05 	1
24.625 	0.000169835 	8.34828e-05 	2
24.6875 	9.05433e-05 	9.05433e-05 	0
24.75 	0.00016925 	6.51906e-05 	2
24.8125 	0.000165021 	7.1868e-05 	2
25.0 	0.000110321 	5.51692e-05 	1
25.0625 	0.000156134 	9.94002e-05 	1
25.125 	0.000210586 	8.66253e-05 	4
25.25 	0.000158547 	6.29231e-05 	1
25.3125 	0.000158904 	5.66726e-05 	2
25.625 	0.000165012 	3.92469e-05 	2
25.6875 	9.63959e-05 	9.63959e-05 	0
25.75 	0.00022123 	6.14924e-05 	3
25.8125 	0.000205923 	9.22592e-05 	1
25.875 	0.000158778 	7.02141e-05 	2
25.9375 	7.13578e-05 	7.13578e-05 	0
26.0 	0.000180897 	9.24981e-05 	1
26.0625 	0.000103321 	2.55606e-05 	1
26.125 	7.28889e-05 	7.28889e-05 	0
26.25 	0.000167702 	4.51945e-05 	3
26.3125 	0.000145584 	8.27649e-05 	1
26.375 	0.000164438 	7.05062e-05 	1
26.5 	0.000230254 	9.19949e-05 	4
26.5625 	0.0001103 	5.89055e-05 	1
26.625 	0.000204744 	6.58691e-05 	4
26.6875 	0.000195859 	9.48998e-05 	1
26.875 	0.000153234 	9.03006e-05 	2
26.9375 	8.6496e-05 	8.6496e-05 	0
27.0 	0.000101678 	6.14142e-05 	1
27.25 	0.000156611 	9.14819e-05 	1
27.3125 	0.000108469 	5.71139e-05 	2
27.375 	0.000230867 	9.86333e-05 	4
27.5 	0.000224129 	8.37845e-05 	4
27.5625 	0.000172226 	6.66245e-05 	1
27.625 	0.000194747 	4.98851e-05 	1
27.6875 	0.00015399 	9.54917e-05 	1
27.75 	0.00014804 	3.48269e-05 	1
27.8125 	0.000211487 	8.30678e-05 	4
27.875 	0.000186996 	9.40921e-05 	1
28.0 	0.000173636 	6.54561e-05 	1
28.0625 	0.000112076 	5.40988e-05 	2
28.125 	0.000120297 	6.28932e-05 	2
28.3125 	0.000108105 	5.39648e-05 	1
28.4375 	0.000173748 	9.08662e-05 	1
28.5 	0.00022435 	8.28815e-05 	4
28.625 	0.00012765 	6.89235e-05 	2
28.6875 	0.000176164 	9.86996e-05 	1
28.8125 	0.000138116 	7.33361e-05 	2
28.875 	0.000137904 	6.66571e-05 	2
28.9375 	0.000181155 	8.33075e-05 	4
29.0 	0.000148821 	6.93768e-05 	1
29.0625 	0.000124125 	8.65477e-05 	1
29.125 	0.000175413 	9.75083e-05 	2
29.1875 	0.000192742 	8.24127e-05 	1
29.25 	0.000139014 	8.16028e-05 	1
29.375 	0.000208599 	7.81136e-05 	3
29.4375 	0.000159119 	7.295e-05 	3
29.5 	0.000171421 	5.06717e-05 	1
29.625 	0.000134881 	6.50381e-05 	2
29.6875 	0.000194671 	7.9953e-05 	4
29.75 	0.000127622 	6.24298e-05 	2
29.9375 	0.000134486 	8.21873e-05 	2
30.125 	0.000206066 	6.97178e-05 	4
30.1875 	0.000178387 	9.75779e-05 	2
30.25 	0.000171199 	7.55595e-05 	2
30.3125 	0.000170166 	9.05212e-05 	2
30.375 	0.000139733 	5.63382e-05 	1
30.4375 	0.000116439 	8.83119e-05 	1
30.5 	0.000168466 	4.31437e-05 	3
30.5625 	0.000147419 	8.42234e-05 	2
30.6875 	7.41975e-05 	7.41975e-05 	0
30.8125 	0.000109325 	5.46961e-05 	1
30.9375 	0.000209325 	9.8173e-05 	1
31.1875 	0.000156689 	8.71288e-05 	2
31.25 	0.00020238 	9.76617e-05 	3
31.375 	0.000131657 	5.27205e-05 	2
31.5 	0.000154058 	7.60425e-05 	2
31.625 	6.72476e-05 	6.72476e-05 	0
31.75 	0.000147368 	7.39547e-05 	1
31.8125 	0.000152175 	8.93528e-05 	2
31.875 	0.000204808 	9.02352e-05 	3
32.0 	0.000165784 	7.40635e-05 	2
32.125 	0.000152828 	8.49461e-05 	2
32.1875 	0.000129036 	6.69906e-05 	2
32.25 	0.000163361 	8.24607e-05 	2
32.3125 	0.000240211 	9.72833e-05 	3
32.4375 	0.000171224 	9.04082e-05 	1
32.5 	0.000196405 	9.5561e-05 	1
32.625 	0.000171671 	6.87985e-05 	2
32.6875 	0.00022974 	9.39051e-05 	4
32.75 	0.000200072 	8.80967e-05 	1
32.8125 	0.000205037 	9.32343e-05 	3
32.875 	0.000210809 	8.28533e-05 	3
33.0 	0.000155144 	4.27667e-05 	3
33.0625 	0.000134435 	8.85766e-05 	2
33.125 	0.000165649 	8.50151e-05 	1
33.1875 	0.0001425 	4.0479e-05 	1
33.25 	0.000209315 	8.46679e-05 	4
33.3125 	0.000116161 	6.83342e-05 	1
33.375 	0.000155545 	7.4304e-05 	2
33.4375 	0.00023231 	8.68233e-05 	4
33.625 	0.00012508 	5.85459e-05 	2
33.6875 	0.000174055 	8.23982e-05 	3
33.75 	0.00018515 	8.45127e-05 	1
33.875 	0.000220854 	8.27917e-05 	4
33.9375 	0.000174934 	7.51913e-05 	2
34.0625 	0.000228044 	9.92803e-05 	5
34.125 	0.000184555 	8.08615e-05 	1
34.1875 	0.000168822 	9.31442e-05 	1
34.25 	0.000158934 	7.38969e-05 	2
34.3125 	0.000208874 	6.4945e-05 	3
34.375 	0.000226684 	8.30695e-05 	4
34.4375 	0.000157503 	6.63628e-05 	1
34.5 	0.000147639 	7.06748e-05 	1
34.5625 	0.000146922 	8.36029e-05 	2
34.625 	0.000141388 	8.58662e-05 	2
34.6875 	9.69275e-05 	9.69275e-05 	0
34.875 	0.000111183 	6.91172e-05 	1
34.9375 	0.0001565 	7.79632e-05 	2
35.0625 	0.000135869 	9.241e-05 	2
35.125 	0.000178819 	9.60967e-05 	2
35.25 	0.0001921 	7.46118e-05 	3
35.3125 	0.000198203 	7.75638e-05 	4
35.375 	0.000145817 	6.44594e-05 	2
35.5625 	7.86117e-05 	7.86117e-05 	0
35.625 	0.00016519 	7.60688e-05 	3
35.6875 	0.000107944 	6.94306e-05 	1
35.75 	0.000225851 	9.23858e-05 	4
35.8125 	0.000132955 	4.18644e-05 	1
35.875 	0.000179358 	9.92265e-05 	3
35.9375 	0.000164869 	4.21602e-05 	1
36.0 	0.000171189 	8.58522e-05 	2
36.125 	0.000184931 	6.90464e-05 	1
36.25 	0.000162199 	9.07205e-05 	2
36.4375 	0.000127485 	4.1086e-05 	1
36.5 	0.000160379 	9.84938e-05 	1
36.5625 	0.000152069 	9.12839e-05 	1
36.625 	0.000149602 	7.80062e-05 	1
36.8125 	0.000220159 	9.02652e-05 	4
36.875 	0.00021052 	9.28455e-05 	3
37.0625 	0.000116532 	7.198e-05 	1
37.125 	0.000128779 	5.36512e-05 	1
37.1875 	0.000128757 	6.7587e-05 	1
37.3125 	0.000204174 	9.26638e-05 	4
37.375 	0.000150209 	7.2951e-05 	2
37.4375 	0.000150351 	8.15542e-05 	1
37.5 	0.000151872 	9.71211e-05 	1
37.5625 	0.000217919 	8.01843e-05 	4
37.75 	0.000145716 	8.05872e-05 	1
37.8125 	0.000115284 	9.10345e-05 	1
37.9375 	0.000101089 	5.81028e-05 	1
38.0 	0.000164544 	5.53853e-05 	3
38.0625 	0.000174886 	5.2098e-05 	1
38.125 	0.000184116 	5.25381e-05 	1
38.1875 	0.00014743 	8.3455e-05 	1
38.25 	0.000170429 	7.61791e-05 	1
38.3125 	0.000173795 	8.1819e-05 	3
38.4375 	0.000197649 	9.8934e-05 	1
38.5625 	0.000140679 	5.17164e-05 	2
38.6875 	0.000151904 	6.77815e-05 	2
38.8125 	0.000193461 	8.48904e-05 	1
38.875 	0.00017534 	9.24003e-05 	1
38.9375 	0.000169929 	7.48808e-05 	2
39.0 	0.000146626 	7.31833e-05 	1
39.0625 	0.00013052 	4.36931e-05 	2
39.125 	0.000210567 	9.63936e-05 	3
39.1875 	0.00011862 	8.87228e-05 	1
39.25 	0.000175812 	9.85338e-05 	2
39.3125 	0.000165433 	5.16651e-05 	3
39.5 	0.000131139 	6.8966e-05 	1
39.5625 	0.000146128 	8.78039e-05 	1
39.625 	0.000119019 	6.53491e-05 	1
39.6875 	0.000116044 	8.87424e-05 	1
39.75 	0.000139836 	9.03056e-05 	1
39.8125 	0.000187055 	5.05399e-05 	1
39.875 	0.000201488 	8.39495e-05 	4
39.9375 	0.000185179 	8.32237e-05 	1
40.0 	0.000152044 	5.10811e-05 	2
40.125 	0.000226186 	7.96577e-05 	4
40.25 	0.000120205 	9.33263e-05 	1
40.3125 	0.000150248 	7.35725e-05 	1
40.4375 	0.000127956 	9.46867e-05 	1
40.5 	0.000155781 	4.351e-05 	1
40.5625 	0.000200816 	8.76567e-05 	4
40.625 	0.000167692 	5.56496e-05 	1
40.8125 	0.000171421 	6.77182e-05 	1
40.9375 	0.000135323 	5.39433e-05 	2
41.125 	0.000170665 	9.06345e-05 	1
41.1875 	0.000148234 	5.15704e-05 	1
41.25 	0.000152959 	8.15397e-05 	2
41.3125 	0.000114926 	4.09741e-05 	1
41.4375 	0.00014351 	7.67639e-05 	1
41.5 	0.000153234 	5.10025e-05 	3
41.5625 	0.000164187 	8.55414e-05 	2
41.6875 	0.000187981 	7.8481e-05 	4
41.8125 	0.000146732 	6.93218e-05 	1
41.875 	0.000150855 	7.61718e-05 	2
41.9375 	0.000122497 	6.04784e-05 	1
42.0 	0.000167218 	9.06307e-05 	1
42.25 	0.000219722 	7.9486e-05 	4
42.5 	0.000182784 	7.65396e-05 	3
42.6875 	0.000130781 	6.78588e-05 	1
42.8125 	0.000122433 	2.82181e-05 	1
42.875 	0.00016932 	7.16599e-05 	2
42.9375 	0.000196299 	9.73273e-05 	3
43.0 	0.000184498 	8.70043e-05 	1
43.0625 	0.000169366 	9.51901e-05 	2
43.1875 	0.000104511 	4.22791e-05 	1
43.3125 	0.000134499 	2.67895e-05 	1
43.375 	0.000112535 	6.52767e-05 	1
43.6875 	0.000122843 	3.83665e-05 	1
43.8125 	0.000176669 	9.35006e-05 	2
43.9375 	0.000147258 	6.46117e-05 	1
44.0 	0.000145784 	7.49911e-05 	2
44.0625 	0.000164867 	5.85827e-05 	1
44.125 	0.000160581 	8.07067e-05 	2
44.1875 	0.000203583 	9.89559e-05 	4
44.25 	0.00016546 	9.56399e-05 	1
44.3125 	0.00018956 	9.65042e-05 	2
44.375 	0.000225527 	9.81815e-05 	1
44.4375 	0.00012811 	7.94012e-05 	1
44.5625 	0.000198425 	9.01052e-05 	3
44.6875 	0.000143033 	4.01449e-05 	2
44.75 	0.000122594 	7.74059e-05 	1
44.8125 	0.000137509 	6.29985e-05 	1
44.875 	0.000170661 	6.51935e-05 	1
44.9375 	0.000111717 	5.34544e-05 	2
45.0 	9.29575e-05 	9.29575e-05 	0
45.0625 	0.000143902 	8.70375e-05 	2
45.1875 	0.000149492 	9.98917e-05 	2
45.3125 	0.000153227 	7.95392e-05 	2
45.5 	0.000151553 	8.81895e-05 	2
45.625 	0.000120231 	4.99583e-05 	1
45.6875 	0.000189297 	7.98923e-05 	2
45.75 	0.000166704 	7.47122e-05 	1
45.9375 	0.000196204 	6.76286e-05 	1
46.0 	0.000100829 	3.92191e-05 	1
46.0625 	0.00014249 	6.8403e-05 	1
46.3125 	0.000184237 	8.59024e-05 	4
46.375 	0.000105545 	4.88746e-05 	1
46.5625 	0.000125282 	5.16098e-05 	2
46.625 	0.000193484 	7.75402e-05 	1
46.6875 	0.000204378 	9.43545e-05 	3
46.75 	0.000193458 	9.54337e-05 	1
46.8125 	0.000183556 	7.08221e-05 	2
46.875 	0.000141196 	6.09837e-05 	2
47.0 	9.94808e-05 	9.94808e-05 	0
47.0625 	0.00019289 	9.91988e-05 	1
47.125 	9.62925e-05 	9.62925e-05 	0
47.1875 	0.000181191 	7.34988e-05 	1
47.25 	0.000126926 	6.97401e-05 	2
47.375 	0.000118741 	6.29354e-05 	1
47.5 	0.000158409 	9.28352e-05 	2
47.5625 	0.000187799 	8.75295e-05 	1
47.625 	0.000178979 	9.52064e-05 	2
47.6875 	0.000157732 	8.38565e-05 	2
47.8125 	0.000159341 	9.25157e-05 	2
48.0 	0.000137724 	6.54027e-05 	2
48.0625 	0.00017551 	9.15687e-05 	1
48.1875 	0.000154115 	8.36483e-05 	1
48.25 	0.000183035 	8.50603e-05 	1
48.3125 	0.000204431 	8.01019e-05 	1
48.4375 	0.00010896 	7.60568e-05 	1
48.5 	0.000176877 	7.12294e-05 	1
48.5625 	0.000110078 	7.22786e-05 	1
48.75 	0.00015813 	8.97063e-05 	2
48.8125 	8.6978e-05 	8.6978e-05 	0
48.9375 	0.000194371 	9.20762e-05 	1
49.0 	0.000172946 	7.74011e-05 	1
49.125 	0.000173615 	8.61986e-05 	3
49.1875 	0.000134455 	5.70991e-05 	2
49.25 	0.000172153 	6.46086e-05 	1
49.3125 	0.000154714 	7.20189e-05 	2
49.375 	0.000254342 	8.19387e-05 	5
49.4375 	0.000106954 	8.5531e-05 	1
49.5 	0.000167564 	5.52043e-05 	1
49.5625 	0.000204625 	7.58565e-05 	1
49.625 	0.000225539 	8.63007e-05 	4
49.6875 	0.000223758 	7.95773e-05 	4
49.75 	0.000116221 	5.06362e-05 	1
50.0625 	0.000207792 	8.06444e-05 	4
50.125 	9.91882e-05 	9.91882e-05 	0
50.25 	0.000180797 	8.76982e-05 	2
50.3125 	0.000202648 	8.33348e-05 	3
50.375 	0.000131981 	8.93686e-05 	1
50.4375 	0.000180782 	9.16782e-05 	1
50.5625 	0.000165907 	6.82352e-05 	1
50.625 	0.000212806 	9.01942e-05 	4
50.75 	0.000212499 	7.87549e-05 	5
50.8125 	0.000116664 	5.55361e-05 	2
50.875 	0.000166421 	7.90498e-05 	2
50.9375 	0.000142662 	9.27048e-05 	1
51.0 	0.000141771 	5.77547e-05 	1
51.125 	0.000221664 	9.09547e-05 	4
51.1875 	0.000215401 	8.28933e-05 	3
51.25 	0.00014113 	4.73743e-05 	2
51.3125 	0.000215774 	9.6105e-05 	2
51.375 	0.000166373 	9.20634e-05 	2
51.4375 	0.00013469 	4.64594e-05 	3
51.5 	0.000195881 	8.5517e-05 	2
51.5625 	9.09617e-05 	9.09617e-05 	0
51.625 	0.00012529 	6.811e-05 	1
51.6875 	0.000191138 	8.92261e-05 	1
51.8125 	0.000168487 	7.8325e-05 	2
51.875 	0.000143774 	7.29127e-05 	1
52.0 	0.000123397 	6.42269e-05 	1
52.0625 	0.000121544 	6.91892e-05 	1
52.1875 	0.000158536 	5.60899e-05 	3
52.3125 	0.000181353 	9.75597e-05 	2
52.375 	0.000209667 	9.05162e-05 	3
52.5 	0.000157037 	9.25933e-05 	1
52.625 	0.00015162 	6.7938e-05 	2
52.6875 	0.000148474 	4.88355e-05 	1
52.75 	9.2906e-05 	9.2906e-05 	0
52.8125 	0.000109907 	6.45228e-05 	1
52.875 	0.000168217 	8.82924e-05 	2
52.9375 	0.000160621 	8.16233e-05 	2
53.125 	0.000194362 	7.70569e-05 	4
53.1875 	0.000162998 	7.78643e-05 	2
53.25 	0.000139999 	6.52217e-05 	1
53.3125 	0.000176933 	7.76025e-05 	2
53.5 	0.000188199 	8.68653e-05 	2
53.5625 	0.000163747 	7.69122e-05 	1
53.625 	0.000147182 	7.31019e-05 	2
53.6875 	0.000121473 	6.0691e-05 	2
53.75 	0.000198557 	7.78955e-05 	2
53.8125 	0.000118362 	4.79733e-05 	1
53.875 	0.000114075 	5.83639e-05 	1
54.0 	0.000116874 	6.75286e-05 	1
54.0625 	0.000231616 	9.4532e-05 	4
54.1875 	0.000162642 	9.60274e-05 	2
54.25 	0.000193914 	9.97249e-05 	3
54.3125 	0.000170579 	5.74623e-05 	3
54.375 	0.000178675 	6.51191e-05 	2
54.4375 	0.00017998 	7.88945e-05 	3
54.6875 	0.000110137 	4.87109e-05 	2
54.8125 	0.000179797 	4.98718e-05 	3
54.875 	0.000131683 	5.02056e-05 	1
54.9375 	0.000177079 	9.36767e-05 	1
55.0 	0.000162714 	9.37607e-05 	1
55.0625 	0.000227716 	8.36029e-05 	5
55.125 	0.000199172 	7.6641e-05 	4
55.3125 	0.000170929 	8.61792e-05 	2
55.4375 	0.000177975 	8.93899e-05 	2
55.5 	0.000170397 	8.64279e-05 	2
55.625 	0.000148797 	6.1448e-05 	3
55.6875 	0.000144615 	8.30009e-05 	2
55.75 	0.000128959 	9.68595e-05 	1
55.875 	0.000198314 	9.72412e-05 	1
55.9375 	0.000194976 	9.99554e-05 	1
56.0 	0.000148805 	6.59839e-05 	2
56.0625 	9.36449e-05 	9.36449e-05 	0
56.3125 	0.000179055 	7.25676e-05 	1
56.375 	0.00012234 	4.93361e-05 	1
56.4375 	0.000215503 	8.54144e-05 	3
56.5625 	0.000136178 	9.51443e-05 	2
56.6875 	0.000128947 	5.08015e-05 	1
56.75 	0.000170079 	8.56408e-05 	2
56.8125 	0.000216813 	5.66023e-05 	3
56.9375 	0.000198892 	7.23966e-05 	4
57.0 	0.00012414 	7.26571e-05 	1
57.0625 	0.000226795 	8.23932e-05 	3
57.1875 	0.000159416 	7.84163e-05 	2
57.25 	0.000112956 	7.63065e-05 	1
57.3125 	0.000102669 	7.02545e-05 	1
57.375 	0.000226971 	8.53015e-05 	5
57.4375 	0.000175331 	7.69601e-05 	1
57.5 	0.000126874 	3.31221e-05 	1
57.5625 	0.000168169 	7.28311e-05 	3
57.625 	0.000122541 	9.25973e-05 	1
57.6875 	0.000156111 	6.27118e-05 	2
57.75 	0.000116667 	7.61923e-05 	2
57.8125 	0.000148092 	6.84425e-05 	2
58.0 	0.000165727 	8.69871e-05 	2
58.0625 	0.000194195 	9.49532e-05 	3
58.125 	0.00016538 	6.46007e-05 	1
58.1875 	0.000152904 	9.25486e-05 	2
58.25 	0.000208786 	8.56889e-05 	1
58.3125 	0.000135398 	8.24947e-05 	2
58.4375 	0.00013837 	6.75242e-05 	1
58.5625 	0.000204417 	9.2934e-05 	2
58.625 	9.22577e-05 	9.22577e-05 	0
58.6875 	0.000156076 	2.37036e-05 	2
58.8125 	0.000128336 	5.02003e-05 	1
58.875 	0.000147496 	7.95264e-05 	1
58.9375 	0.000177634 	6.78723e-05 	3
59.0 	0.000157404 	9.03662e-05 	2
59.125 	0.00019229 	9.91249e-05 	1
59.25 	0.000212724 	8.39933e-05 	3
59.3125 	0.000206578 	8.88892e-05 	4
59.375 	0.000172106 	8.13083e-05 	3
59.4375 	0.00012987 	6.00282e-05 	2
59.5 	0.000187991 	6.2868e-05 	1
59.6875 	0.000191444 	9.47007e-05 	3
59.8125 	0.000151246 	6.26148e-05 	3
59.875 	0.000155039 	5.29175e-05 	1
59.9375 	0.000168621 	9.77356e-05 	1
60.0625 	0.000149075 	8.76656e-05 	2
60.125 	0.000129442 	6.90995e-05 	1
60.375 	0.000167215 	3.88099e-05 	3
60.4375 	0.000167948 	7.86085e-05 	2
60.5625 	0.000176401 	7.68979e-05 	3
60.625 	0.000179489 	9.55795e-05 	1
60.75 	0.000155341 	4.46667e-05 	1
60.8125 	0.000187266 	8.73791e-05 	2
60.875 	0.000182597 	7.57316e-05 	3
61.0 	0.000130293 	4.43451e-05 	1
61.125 	0.000148713 	8.1451e-05 	2
61.1875 	0.000131564 	7.39647e-05 	1
61.25 	0.000220336 	8.81294e-05 	4
61.3125 	0.000202749 	9.21534e-05 	1
61.375 	0.000189369 	7.30347e-05 	1
61.4375 	0.000147671 	6.31739e-05 	1
61.5 	0.00013369 	9.61326e-05 	1
61.625 	0.0001618 	8.12841e-05 	2
61.6875 	0.000195254 	8.63641e-05 	4
61.8125 	0.000123236 	5.02303e-05 	1
61.875 	0.000184906 	4.7238e-05 	3
61.9375 	0.000109239 	6.91719e-05 	1
62.0 	0.000141461 	8.83281e-05 	1
62.125 	0.000173012 	8.53468e-05 	2
62.1875 	0.000114459 	7.70953e-05 	1
62.25 	0.000148934 	9.33012e-05 	1
62.375 	0.000213107 	7.11242e-05 	3
62.5 	0.000125661 	6.92662e-05 	1
62.5625 	0.000147214 	5.40815e-05 	2
62.75 	0.000200135 	9.54301e-05 	3
62.875 	0.000137182 	8.64325e-05 	1
62.9375 	0.000158773 	9.84183e-05 	1
63.0 	0.000245871 	9.05934e-05 	5
63.125 	0.000182105 	8.55722e-05 	3
63.25 	9.42431e-05 	9.42431e-05 	0
63.4375 	0.000217494 	8.03357e-05 	4
63.5625 	0.000132068 	6.65609e-05 	2
63.8125 	0.00013139 	8.98382e-05 	1
63.9375 	0.000199431 	7.81036e-05 	1
64.0 	0.000187577 	8.63415e-05 	2
64.0625 	0.000214009 	9.14637e-05 	2
64.25 	0.000126696 	8.17188e-05 	1
64.4375 	0.000146886 	9.59437e-05 	1
64.5625 	0.000156558 	5.7596e-05 	1
64.6875 	0.000181675 	5.51836e-05 	2
64.75 	0.000191641 	8.58479e-05 	2
64.8125 	0.000101046 	7.64305e-05 	2
64.875 	0.000145129 	9.45248e-05 	1
64.9375 	0.000151586 	7.25457e-05 	2
65.0 	0.000132481 	7.49935e-05 	1
65.0625 	0.000120712 	6.67235e-05 	1
65.125 	0.00012754 	9.42617e-05 	1
65.25 	0.000161642 	6.65887e-05 	1
65.5 	0.000141821 	4.06986e-05 	1
65.625 	0.000133431 	6.84044e-05 	2
65.8125 	0.000166075 	9.00764e-05 	2
65.9375 	0.000133824 	6.87296e-05 	1
66.0 	0.000169056 	8.19795e-05 	2
66.0625 	0.000147692 	8.80644e-05 	1
66.1875 	0.000130493 	5.01985e-05 	1
66.25 	0.00014804 	8.74247e-05 	2
66.3125 	0.000149682 	7.72463e-05 	2
66.375 	0.00013179 	5.38684e-05 	1
66.5 	0.000182867 	5.99495e-05 	1
66.75 	0.000134792 	6.39544e-05 	2
66.8125 	0.000232473 	8.29834e-05 	5
66.875 	0.000158446 	9.02232e-05 	1
66.9375 	0.000136193 	7.54119e-05 	2
67.0 	0.000114665 	6.40772e-05 	1
67.1875 	0.000125249 	6.10196e-05 	1
67.25 	0.00012512 	5.42385e-05 	2
67.375 	0.000190115 	9.38039e-05 	2
67.4375 	7.49231e-05 	7.49231e-05 	0
67.5 	0.000205713 	9.05219e-05 	2
67.8125 	0.000202306 	9.75348e-05 	3
67.875 	0.000212669 	8.64946e-05 	3
67.9375 	0.000192863 	9.58772e-05 	2
68.0 	0.000174421 	7.54271e-05 	2
68.0625 	0.00013024 	9.11232e-05 	2
68.125 	0.000200631 	9.83942e-05 	2
68.1875 	0.000106443 	8.51076e-05 	1
68.3125 	0.00012096 	5.46459e-05 	1
68.375 	0.000227358 	9.19204e-05 	3
68.4375 	0.000205772 	9.43096e-05 	3
68.5625 	0.000164851 	8.49402e-05 	1
68.625 	0.000176207 	7.57031e-05 	3
68.6875 	0.000229395 	8.6565e-05 	4
68.75 	0.000237386 	8.07149e-05 	3
68.8125 	0.000162664 	7.28579e-05 	1
68.9375 	0.000117577 	9.32059e-05 	1
69.0625 	0.000119992 	5.31337e-05 	1
69.125 	0.000130585 	4.75677e-05 	1
69.1875 	8.22175e-05 	8.22175e-05 	0
69.25 	0.000188864 	8.74797e-05 	3
69.3125 	0.000176522 	5.97667e-05 	1
69.4375 	0.00017262 	9.35045e-05 	1
69.5 	0.000109333 	5.26506e-05 	1
69.625 	0.000150933 	4.99655e-05 	1
69.75 	0.000161986 	8.31182e-05 	1
69.8125 	0.000158187 	6.42381e-05 	1
69.875 	0.000179696 	9.36694e-05 	2
69.9375 	0.000188705 	7.93099e-05 	3
