# time 	Initial 	Final 	Iterations
0.333274 	0.000138901 	9.33499e-05 	1
0.392346 	0.000147798 	7.00534e-05 	1
0.579973 	0.000215436 	4.54676e-05 	1
0.642226 	0.000331426 	6.16892e-05 	1
0.70448 	0.000192148 	9.15539e-05 	1
0.766734 	0.000215102 	4.8377e-05 	1
0.828988 	0.000245418 	8.69217e-05 	1
0.953496 	0.000295428 	6.2927e-05 	2
1.01575 	0.00029107 	5.72644e-05 	1
1.078 	0.000340942 	5.00832e-05 	1
1.20251 	0.000173806 	5.54184e-05 	1
1.26477 	0.000357035 	6.61704e-05 	1
1.38927 	0.000164131 	6.00178e-05 	1
1.45153 	0.000312758 	6.87284e-05 	1
1.51378 	0.000170406 	4.83605e-05 	1
1.57604 	0.000185492 	7.1806e-05 	2
1.63829 	7.66025e-05 	7.66025e-05 	0
1.70054 	9.54493e-05 	9.54493e-05 	0
1.7628 	0.000294141 	4.70427e-05 	1
1.8873 	0.000167795 	6.58582e-05 	1
1.94956 	0.000118119 	5.07609e-05 	1
2.01181 	0.000325964 	6.11048e-05 	1
2.07407 	0.000235841 	6.79853e-05 	1
2.13632 	0.000277405 	8.1259e-05 	4
2.19857 	0.000211006 	5.05369e-05 	1
2.26083 	0.000287284 	5.00498e-05 	1
2.32308 	0.000143818 	4.92103e-05 	1
2.38534 	0.000227758 	8.93546e-05 	1
2.44759 	0.000203628 	6.23324e-05 	1
2.50984 	0.000349609 	9.49664e-05 	2
2.63435 	0.000283775 	6.92677e-05 	1
2.69661 	0.000171672 	8.67581e-05 	1
2.75886 	0.000134225 	4.84303e-05 	1
2.82111 	0.000405702 	7.31844e-05 	1
2.88337 	0.000293984 	9.71056e-05 	3
2.94562 	0.000126864 	4.57246e-05 	1
3.00787 	0.000174861 	9.31688e-05 	1
3.07013 	0.000344483 	9.6937e-05 	1
3.13238 	0.000255404 	5.84824e-05 	1
3.19464 	0.000138941 	5.53436e-05 	1
3.25689 	0.000216423 	5.78845e-05 	1
3.31914 	0.000331469 	8.03675e-05 	1
3.3814 	0.000114012 	6.82335e-05 	1
3.44365 	0.000174299 	8.82576e-05 	1
3.50591 	0.000176383 	2.24077e-05 	1
3.56816 	0.000340146 	8.47963e-05 	1
3.69267 	0.000227652 	6.83137e-05 	1
3.75492 	0.000349059 	5.4423e-05 	1
3.81718 	0.000160503 	9.0967e-05 	1
3.87943 	0.000159435 	5.17447e-05 	1
4.00394 	0.00016321 	4.3428e-05 	2
4.06619 	0.000140446 	6.7379e-05 	1
4.12845 	0.000130016 	9.56673e-05 	1
4.1907 	0.000336231 	5.34537e-05 	1
4.25295 	0.000192619 	4.68646e-05 	2
4.31521 	0.000121988 	5.24504e-05 	1
4.37746 	0.000127333 	5.70974e-05 	1
4.50197 	0.000304455 	7.12148e-05 	2
4.56422 	0.000313043 	7.312e-05 	1
4.62648 	0.000151499 	5.52485e-05 	1
4.68873 	0.000187036 	4.43606e-05 	1
4.75098 	0.000235343 	4.91956e-05 	1
4.81324 	0.000292207 	7.51535e-05 	1
4.87549 	0.000417253 	3.21549e-05 	1
4.93775 	0.000160195 	4.9954e-05 	1
5.0 	0.000163358 	7.68693e-05 	1
5.0625 	0.000200948 	6.24715e-05 	1
5.125 	0.000181038 	4.88285e-05 	1
5.25 	0.000221557 	7.88424e-05 	1
5.3125 	0.000383915 	7.10841e-05 	1
5.375 	0.000207746 	6.98937e-05 	2
5.4375 	0.000112462 	2.97275e-05 	1
5.5 	0.000261155 	5.38054e-05 	1
5.5625 	0.000102581 	3.55286e-05 	1
5.625 	0.000120228 	9.28095e-05 	1
5.6875 	0.000304211 	7.46267e-05 	2
5.75 	0.000354816 	7.33013e-05 	1
5.8125 	0.000148203 	4.37264e-05 	1
5.875 	0.000188612 	6.04064e-05 	1
5.9375 	0.000111604 	2.38407e-05 	1
6.0 	0.000144419 	4.68342e-05 	1
6.125 	0.000195802 	7.75613e-05 	1
6.1875 	0.000169507 	5.3999e-05 	1
6.25 	0.000221849 	9.84014e-05 	1
6.3125 	0.000233941 	6.55239e-05 	1
6.375 	0.000118414 	3.90464e-05 	1
6.4375 	0.000215269 	4.73022e-05 	1
6.625 	0.000201583 	5.502e-05 	1
6.6875 	0.000317025 	8.45605e-05 	1
6.75 	0.00011216 	2.31654e-05 	1
6.8125 	0.000147844 	7.59019e-05 	1
6.9375 	0.000243451 	7.80911e-05 	1
7.0 	0.000181411 	5.78264e-05 	2
7.0625 	0.00019044 	3.27912e-05 	1
7.125 	0.000216661 	8.29205e-05 	1
7.1875 	0.00065589 	7.59387e-05 	1
7.25 	0.000180008 	7.08996e-05 	1
7.4375 	0.000205858 	6.60777e-05 	1
7.5625 	0.000238618 	3.91837e-05 	1
7.625 	0.000286068 	9.08002e-05 	1
7.6875 	0.000335425 	6.23722e-05 	1
7.75 	0.000123024 	4.26123e-05 	1
7.8125 	0.000128219 	3.79517e-05 	1
7.875 	0.000286355 	4.46009e-05 	1
7.9375 	0.000284269 	9.96426e-05 	2
8.0 	0.000260937 	5.31485e-05 	2
8.0625 	0.000241976 	6.79574e-05 	1
8.125 	0.000132116 	4.89711e-05 	1
8.1875 	0.000164155 	7.54645e-05 	1
8.25 	0.000324717 	4.48911e-05 	1
8.3125 	0.000314569 	7.66504e-05 	1
8.375 	0.000350733 	8.30934e-05 	1
8.4375 	0.00031634 	6.66117e-05 	1
8.5 	0.000192645 	4.87583e-05 	2
8.5625 	0.000134363 	3.48008e-05 	1
8.625 	0.000269175 	8.41603e-05 	1
8.8125 	0.000145747 	7.96924e-05 	1
8.875 	0.000194413 	3.32051e-05 	1
8.9375 	0.000148646 	6.76217e-05 	1
9.0 	0.000197547 	9.50279e-05 	2
9.0625 	0.000192088 	4.86874e-05 	1
9.125 	0.000231072 	6.83391e-05 	1
9.1875 	0.000132292 	5.09641e-05 	1
9.25 	0.000249603 	7.3047e-05 	2
9.3125 	0.000108822 	3.38411e-05 	1
9.375 	0.000237937 	3.34589e-05 	1
9.4375 	0.000242458 	7.6493e-05 	1
9.5625 	0.000192872 	4.32887e-05 	1
9.625 	9.09768e-05 	9.09768e-05 	0
9.6875 	0.000101308 	5.40771e-05 	1
9.75 	0.000217331 	3.97977e-05 	1
9.8125 	0.000145287 	4.24157e-05 	1
9.875 	0.000149269 	3.25687e-05 	1
9.9375 	0.000159044 	6.4463e-05 	1
10.0 	0.000383147 	6.62037e-05 	1
10.0625 	0.000201204 	6.23202e-05 	1
10.125 	0.000274824 	8.39047e-05 	1
10.1875 	0.000266329 	4.84428e-05 	2
10.25 	0.000147239 	2.17785e-05 	1
10.3125 	0.000150045 	5.79926e-05 	1
10.375 	0.000170116 	5.33095e-05 	2
10.5 	0.000143194 	6.05211e-05 	1
10.5625 	0.00028622 	6.83951e-05 	2
10.625 	0.000300651 	7.00453e-05 	1
10.6875 	0.000124537 	7.03139e-05 	1
10.75 	0.000216863 	5.36537e-05 	1
10.8125 	0.000142688 	5.02486e-05 	1
10.875 	0.000129403 	4.05398e-05 	1
10.9375 	0.000190827 	4.8294e-05 	2
11.0 	0.000158054 	4.71867e-05 	1
11.0625 	0.00019276 	3.97985e-05 	1
11.125 	0.000262599 	4.56638e-05 	1
11.1875 	0.00017402 	7.7828e-05 	1
11.25 	0.000114959 	5.60041e-05 	1
11.3125 	9.24264e-05 	9.24264e-05 	0
11.375 	0.000306385 	6.35409e-05 	1
11.4375 	0.000178635 	4.79255e-05 	1
11.5 	0.000254133 	7.6458e-05 	1
11.5625 	0.000290691 	4.13011e-05 	1
11.625 	0.000125762 	4.36592e-05 	1
11.6875 	0.000258354 	6.59556e-05 	2
11.75 	0.00016246 	8.78175e-05 	1
11.8125 	0.000208993 	2.59938e-05 	1
11.875 	8.55335e-05 	8.55335e-05 	0
11.9375 	0.000279917 	2.50375e-05 	1
12.0 	0.000279856 	7.3799e-05 	1
12.0625 	0.000257819 	8.14252e-05 	1
12.125 	0.000116816 	4.68864e-05 	1
12.1875 	0.000271074 	6.83728e-05 	1
12.25 	0.000231554 	8.60691e-05 	1
12.3125 	0.000142166 	1.45424e-05 	1
12.375 	0.000271517 	6.47745e-05 	2
12.4375 	0.00018411 	4.88748e-05 	1
12.5625 	0.00022993 	6.19822e-05 	2
12.625 	0.000201634 	2.51279e-05 	1
12.6875 	0.000158368 	5.88027e-05 	1
12.75 	0.000170198 	6.69186e-05 	1
12.8125 	0.000121148 	4.40122e-05 	1
12.875 	0.000174108 	7.11102e-05 	1
12.9375 	0.000114181 	9.11471e-05 	1
13.0 	0.000195059 	5.85698e-05 	1
13.0625 	0.000197248 	6.07839e-05 	1
13.125 	0.000130207 	4.50851e-05 	1
13.1875 	0.000279061 	8.26032e-05 	1
13.25 	0.000177403 	4.95353e-05 	1
13.3125 	0.000309689 	7.61989e-05 	2
13.375 	0.000239077 	5.1462e-05 	1
13.4375 	0.000215225 	7.29124e-05 	1
13.5 	0.000309647 	5.26321e-05 	1
13.5625 	0.000332887 	8.20333e-05 	1
13.625 	0.000295069 	5.04969e-05 	1
13.6875 	0.000298 	4.30701e-05 	1
13.8125 	9.01449e-05 	9.01449e-05 	0
14.0 	0.000170058 	3.58716e-05 	1
14.0625 	0.000123675 	4.3877e-05 	1
14.125 	0.000218475 	4.41062e-05 	2
14.1875 	0.000174497 	4.37994e-05 	1
14.25 	0.000178649 	3.99655e-05 	1
14.3125 	0.000207434 	4.54928e-05 	2
14.375 	0.000204994 	4.64733e-05 	1
14.4375 	0.000149355 	9.89779e-05 	1
14.5 	0.000193614 	4.91934e-05 	1
14.5625 	0.000150343 	6.22797e-05 	1
14.625 	0.00021785 	2.88591e-05 	1
14.6875 	0.000195431 	4.02861e-05 	1
14.75 	0.000311643 	6.7565e-05 	1
14.8125 	0.000165163 	3.94131e-05 	1
14.875 	0.000315167 	8.44829e-05 	3
14.9375 	0.000181735 	7.93565e-05 	2
15.0 	0.000212973 	6.41011e-05 	2
15.0625 	8.48016e-05 	8.48016e-05 	0
15.1875 	0.000195222 	6.79596e-05 	1
15.25 	0.000134202 	4.87879e-05 	1
15.3125 	0.000248684 	9.10996e-05 	2
15.375 	0.000247568 	7.62561e-05 	2
15.4375 	0.000135847 	3.73921e-05 	1
15.5 	0.000213704 	6.70789e-05 	1
15.5625 	0.000238243 	5.65579e-05 	1
15.625 	0.000139083 	5.31385e-05 	1
15.75 	0.000311238 	6.59379e-05 	1
15.8125 	0.000188811 	5.024e-05 	2
15.875 	0.000311681 	3.70524e-05 	1
15.9375 	0.000129383 	5.19325e-05 	1
16.0 	0.000194097 	5.9559e-05 	1
16.0625 	0.000222551 	4.77975e-05 	1
16.125 	0.000119072 	5.65625e-05 	1
16.1875 	0.000182409 	6.28857e-05 	2
16.25 	0.000143368 	4.21734e-05 	1
16.3125 	0.000160158 	3.39765e-05 	1
16.375 	0.000142267 	6.77716e-05 	1
16.4375 	0.00018031 	6.15187e-05 	1
16.5 	9.12467e-05 	9.12467e-05 	0
16.5625 	0.000110787 	5.0395e-05 	1
16.625 	0.000197617 	3.07695e-05 	1
16.6875 	0.000172269 	4.81675e-05 	1
16.75 	0.000179667 	6.60162e-05 	1
16.8125 	0.000216284 	9.82341e-05 	2
16.875 	0.000167664 	8.21604e-05 	1
16.9375 	0.000243155 	5.66157e-05 	1
17.0 	7.08178e-05 	7.08178e-05 	0
17.1875 	0.000176263 	6.4143e-05 	1
17.25 	0.00011752 	1.87881e-05 	1
17.3125 	0.000127389 	4.22323e-05 	1
17.375 	9.77002e-05 	9.77002e-05 	0
17.4375 	0.000193596 	9.46332e-05 	1
17.5 	0.000132408 	4.52539e-05 	1
17.5625 	0.000117494 	4.75719e-05 	1
17.625 	0.000214682 	5.07612e-05 	1
17.6875 	0.000146098 	3.74166e-05 	1
17.75 	0.000135201 	6.4545e-05 	1
17.8125 	0.000242869 	7.22015e-05 	1
17.875 	0.000201539 	4.37227e-05 	1
17.9375 	0.000205108 	6.16919e-05 	2
18.0 	0.000162285 	6.34503e-05 	1
18.0625 	0.000345841 	9.19648e-05 	1
18.125 	0.000302363 	8.41551e-05 	2
18.1875 	0.000193579 	5.7623e-05 	1
18.25 	0.000284 	5.90805e-05 	1
18.3125 	0.000198422 	4.42875e-05 	1
18.375 	0.000283415 	4.18705e-05 	1
18.4375 	0.000260478 	6.33196e-05 	1
18.5 	0.000411374 	8.26507e-05 	1
18.5625 	0.00018789 	9.05594e-05 	1
18.625 	0.00017932 	8.53668e-05 	1
18.75 	9.03497e-05 	9.03497e-05 	0
18.8125 	0.000140658 	4.16723e-05 	1
18.875 	0.000296767 	9.63962e-05 	2
18.9375 	0.000102931 	5.06978e-05 	1
19.125 	0.00013598 	5.44237e-05 	1
19.25 	0.000187694 	7.21211e-05 	1
19.3125 	0.000181373 	7.2891e-05 	1
19.375 	0.000373062 	8.65293e-05 	1
19.4375 	0.000117546 	4.52654e-05 	1
19.5 	0.000361685 	7.33883e-05 	1
19.5625 	0.000123456 	3.40841e-05 	1
19.625 	0.000170905 	9.18495e-05 	1
19.6875 	0.000159644 	1.78898e-05 	1
19.75 	0.000144984 	5.57398e-05 	1
19.8125 	0.000234263 	6.95454e-05 	1
19.875 	0.000221984 	8.38259e-05 	1
19.9375 	0.000267718 	6.4619e-05 	1
20.0 	0.000316955 	8.24949e-05 	1
20.0625 	0.00043902 	7.55206e-05 	1
20.125 	0.000137363 	7.29479e-05 	1
20.1875 	0.000273678 	7.45945e-05 	1
20.25 	0.000299032 	8.18213e-05 	1
20.3125 	0.000113385 	2.63617e-05 	1
20.375 	0.000132588 	8.64894e-05 	1
20.4375 	9.68076e-05 	9.68076e-05 	0
20.5 	0.00024024 	4.98023e-05 	1
20.5625 	0.0001413 	3.08637e-05 	1
20.625 	0.000287297 	8.46462e-05 	1
20.6875 	0.000207022 	5.60127e-05 	1
20.75 	0.000212112 	7.62808e-05 	1
20.8125 	0.000201095 	9.06398e-05 	1
20.875 	0.000144693 	5.52988e-05 	1
20.9375 	0.000331182 	7.31691e-05 	1
21.0 	0.000179339 	5.52172e-05 	1
21.0625 	0.000269389 	6.21046e-05 	1
21.1875 	0.000220961 	7.01197e-05 	2
21.25 	0.000108065 	5.03486e-05 	1
21.3125 	0.000173019 	2.89257e-05 	1
21.375 	9.44722e-05 	9.44722e-05 	0
21.4375 	0.000123134 	8.04778e-05 	1
21.5 	0.000117722 	9.04214e-05 	1
21.5625 	0.00013427 	5.13275e-05 	1
21.625 	0.00024054 	9.48967e-05 	1
21.6875 	0.000240292 	7.09401e-05 	1
21.75 	0.00023815 	5.26485e-05 	2
21.8125 	0.000351754 	5.97466e-05 	1
21.875 	0.000227954 	7.95846e-05 	1
21.9375 	0.000255597 	6.1835e-05 	1
22.0 	0.000228337 	8.54085e-05 	1
22.0625 	0.000137015 	8.94497e-05 	1
22.125 	8.94539e-05 	8.94539e-05 	0
22.1875 	0.000112049 	6.64072e-05 	1
22.25 	0.000206883 	3.36411e-05 	1
22.3125 	0.000202035 	5.59928e-05 	2
22.375 	0.000162175 	5.59252e-05 	1
22.4375 	0.000269086 	7.62361e-05 	1
22.5 	9.5311e-05 	9.5311e-05 	0
22.625 	0.000336395 	7.78653e-05 	1
22.6875 	0.000177171 	6.55728e-05 	2
22.75 	0.000390275 	8.50123e-05 	1
22.8125 	0.000100195 	5.55147e-05 	1
22.9375 	0.000132364 	6.12694e-05 	1
23.0 	0.000264947 	6.98679e-05 	2
23.0625 	0.000234778 	3.89437e-05 	1
23.125 	0.000223151 	7.67574e-05 	2
23.1875 	0.000186553 	3.17423e-05 	1
23.3125 	0.000131894 	3.70477e-05 	1
23.375 	0.000116345 	5.3925e-05 	1
23.4375 	0.000111509 	5.05564e-05 	1
23.5625 	0.000207782 	4.57104e-05 	1
23.6875 	0.000257315 	6.43139e-05 	1
23.75 	0.000285487 	4.59974e-05 	1
23.8125 	0.000295955 	3.73163e-05 	1
23.875 	0.000103326 	5.49859e-05 	1
23.9375 	0.000150242 	6.62742e-05 	1
24.0 	0.000140647 	5.26579e-05 	1
24.0625 	0.00025868 	8.03142e-05 	3
24.125 	0.000398474 	8.59449e-05 	1
24.1875 	0.000367689 	7.23124e-05 	1
24.25 	0.000107216 	4.68988e-05 	1
24.3125 	0.000308737 	8.52735e-05 	3
24.375 	0.000202605 	6.13241e-05 	1
24.4375 	0.000157242 	5.35705e-05 	1
24.5 	0.000318427 	7.3148e-05 	1
24.5625 	0.000291636 	6.20129e-05 	2
24.625 	0.000333499 	8.31216e-05 	1
24.6875 	0.00034606 	7.02227e-05 	1
24.75 	0.00023717 	4.14992e-05 	1
24.8125 	0.000147858 	5.70475e-05 	1
24.875 	0.000120806 	4.97808e-05 	1
24.9375 	0.000182147 	5.0324e-05 	1
25.0 	0.000211604 	7.80597e-05 	2
25.0625 	0.000436367 	9.55145e-05 	1
25.125 	0.000245439 	5.89079e-05 	1
25.25 	0.00017375 	4.14506e-05 	1
25.3125 	0.000101648 	3.95265e-05 	1
25.375 	0.000303814 	7.16263e-05 	1
25.4375 	0.000173427 	7.31314e-05 	1
25.5 	0.000293947 	9.48813e-05 	2
25.5625 	0.000159496 	4.5548e-05 	1
25.625 	0.0001713 	3.35818e-05 	1
25.6875 	0.00013611 	5.11156e-05 	1
25.75 	0.000178977 	5.4375e-05 	1
25.8125 	0.00016016 	8.31735e-05 	1
25.875 	0.000209263 	7.42876e-05 	1
25.9375 	0.000144374 	3.75068e-05 	1
26.0 	0.000182033 	5.11321e-05 	2
26.0625 	0.000372261 	9.12726e-05 	1
26.125 	0.000149411 	4.92986e-05 	2
26.1875 	0.000153784 	4.78413e-05 	1
26.25 	0.000335663 	8.80508e-05 	1
26.3125 	0.00016497 	7.8595e-05 	1
26.375 	0.000343353 	8.47972e-05 	3
26.4375 	0.00023924 	5.20299e-05 	1
26.5 	0.000197894 	5.3505e-05 	1
26.5625 	0.000222609 	8.52308e-05 	1
26.625 	0.000197981 	5.90889e-05 	1
26.6875 	0.000104289 	4.24535e-05 	1
26.875 	0.000145496 	4.72708e-05 	1
26.9375 	0.000163397 	4.53493e-05 	1
27.0 	0.000182886 	5.37253e-05 	2
27.0625 	0.000189271 	5.99665e-05 	1
27.125 	0.000119938 	6.76039e-05 	1
27.25 	0.000116265 	6.0838e-05 	1
27.3125 	0.000372543 	8.62022e-05 	1
27.375 	0.000192901 	4.66957e-05 	1
27.5 	0.000143544 	4.23684e-05 	1
27.5625 	0.000280298 	6.57551e-05 	2
27.625 	0.000212296 	7.03412e-05 	1
27.6875 	0.000390669 	9.20426e-05 	1
27.75 	0.000298329 	8.16123e-05 	1
27.8125 	0.000161803 	4.81766e-05 	1
27.875 	0.000246764 	7.38978e-05 	1
27.9375 	7.12408e-05 	7.12408e-05 	0
28.0 	0.000177604 	5.97597e-05 	1
28.0625 	0.000195502 	7.79362e-05 	1
28.125 	0.000197678 	6.30023e-05 	1
28.25 	0.000226754 	6.25629e-05 	2
28.3125 	0.000195786 	5.6577e-05 	1
28.375 	0.000153705 	5.53873e-05 	1
28.4375 	0.000163287 	6.18906e-05 	1
28.5 	0.000166288 	4.38556e-05 	1
28.625 	0.000149689 	9.73243e-05 	1
28.6875 	0.000142267 	4.70229e-05 	1
28.8125 	0.000199355 	3.15039e-05 	1
28.875 	0.000134515 	6.28409e-05 	1
28.9375 	0.000390875 	7.13745e-05 	1
29.0 	0.000185303 	4.93331e-05 	1
29.0625 	0.000145682 	5.97888e-05 	1
29.125 	9.08076e-05 	9.08076e-05 	0
29.1875 	0.000201657 	4.97652e-05 	1
29.25 	0.000240439 	7.43006e-05 	1
29.3125 	0.000281497 	7.14772e-05 	2
29.375 	0.000137585 	5.82478e-05 	1
29.4375 	0.000230925 	4.6875e-05 	1
29.5 	0.000256327 	3.36434e-05 	1
29.5625 	0.000290123 	8.7673e-05 	1
29.625 	0.000346526 	7.67919e-05 	1
29.6875 	0.000165566 	7.28636e-05 	1
29.75 	0.000234966 	9.93095e-05 	1
29.875 	0.000250005 	7.21682e-05 	1
29.9375 	0.000202633 	6.15082e-05 	1
30.0 	0.000121864 	4.94904e-05 	1
30.125 	0.00019062 	6.73333e-05 	1
30.1875 	0.000158965 	5.69508e-05 	1
30.25 	0.000249117 	7.54072e-05 	1
30.3125 	0.000140372 	5.20874e-05 	1
30.375 	0.00023203 	7.37043e-05 	1
30.4375 	0.000143544 	9.82907e-05 	1
30.5 	8.41762e-05 	8.41762e-05 	0
30.5625 	0.000158709 	2.03851e-05 	1
30.625 	0.000174618 	3.78858e-05 	1
30.6875 	9.33093e-05 	9.33093e-05 	0
30.75 	0.000214988 	5.85628e-05 	1
30.8125 	0.000294871 	4.09704e-05 	1
30.9375 	0.000200593 	6.09026e-05 	1
31.0 	0.000248105 	6.17877e-05 	1
31.125 	0.000255371 	4.81865e-05 	1
31.1875 	0.000128401 	4.88353e-05 	1
31.25 	0.000235737 	8.44943e-05 	1
31.3125 	0.000263784 	7.48802e-05 	1
31.375 	0.000114569 	5.70585e-05 	1
31.5 	0.0001141 	6.39029e-05 	1
31.5625 	0.000192647 	7.43896e-05 	1
31.625 	0.000303699 	7.1038e-05 	1
31.6875 	0.0001976 	8.6961e-05 	1
31.75 	0.00023267 	5.72532e-05 	1
31.8125 	0.000164849 	9.60977e-05 	1
31.875 	0.00014703 	5.99525e-05 	1
31.9375 	8.79741e-05 	8.79741e-05 	0
32.0 	0.000145542 	4.70655e-05 	1
32.0625 	0.000206784 	6.87105e-05 	2
32.125 	0.000182783 	4.68868e-05 	1
32.1875 	0.000215597 	9.69302e-05 	1
32.25 	0.000226734 	2.70896e-05 	1
32.3125 	0.000159688 	7.19833e-05 	1
32.375 	0.000274771 	3.80713e-05 	1
32.4375 	0.000150584 	7.22909e-05 	1
32.5 	0.000229405 	3.92614e-05 	1
32.625 	0.000336589 	7.42186e-05 	1
32.6875 	0.000190788 	5.91795e-05 	1
32.75 	0.000255649 	7.3963e-05 	2
32.8125 	0.000148121 	2.58446e-05 	1
32.875 	0.000136545 	6.4152e-05 	1
32.9375 	0.000250943 	8.0598e-05 	1
33.0 	0.000116005 	7.15603e-05 	1
33.0625 	0.000118614 	5.76169e-05 	1
33.125 	0.000293626 	7.76302e-05 	2
33.1875 	0.00032356 	8.21392e-05 	1
33.25 	0.000191721 	3.39783e-05 	1
33.3125 	0.000132974 	3.89411e-05 	1
33.375 	0.000340978 	8.71587e-05 	2
33.4375 	0.00017135 	7.06609e-05 	1
33.5 	0.000242984 	7.52761e-05 	1
33.625 	0.000329177 	7.65753e-05 	1
33.6875 	0.000139552 	4.40122e-05 	1
33.75 	0.000149095 	6.16835e-05 	1
33.8125 	0.00016495 	6.56999e-05 	1
33.875 	0.000194235 	8.51898e-05 	1
33.9375 	0.000215275 	6.50808e-05 	2
34.0 	7.13535e-05 	7.13535e-05 	0
34.0625 	0.000160453 	6.45293e-05 	1
34.125 	0.000145702 	3.79142e-05 	1
34.1875 	0.000256381 	8.35053e-05 	1
34.25 	0.000209919 	7.48709e-05 	1
34.3125 	0.000227214 	7.85263e-05 	1
34.375 	0.000418838 	8.88737e-05 	1
34.4375 	0.000163569 	5.92607e-05 	1
34.5 	0.000365235 	9.06049e-05 	1
34.5625 	0.000211941 	7.09588e-05 	2
34.625 	0.000157099 	7.16506e-05 	1
34.6875 	0.000189916 	2.92376e-05 	1
34.75 	0.00018908 	4.86759e-05 	1
34.875 	0.000616765 	6.3309e-05 	1
34.9375 	9.48665e-05 	9.48665e-05 	0
35.0 	0.000169974 	5.64872e-05 	1
35.0625 	0.000199821 	4.00946e-05 	1
35.125 	0.000142606 	4.46188e-05 	1
35.1875 	0.000161104 	7.05036e-05 	1
35.25 	0.000226617 	6.99188e-05 	1
35.3125 	0.000167608 	3.12444e-05 	1
35.375 	0.000192541 	5.62244e-05 	1
35.5625 	0.000323544 	6.60085e-05 	1
35.625 	0.000277069 	6.54206e-05 	1
35.6875 	0.00015068 	6.6138e-05 	2
35.75 	0.000198172 	2.46617e-05 	1
35.8125 	0.000247329 	7.29638e-05 	1
35.875 	0.000121341 	8.20273e-05 	1
35.9375 	0.000270583 	9.93183e-05 	1
36.0 	0.000208683 	6.62044e-05 	1
36.125 	0.000210907 	5.22047e-05 	1
36.25 	0.000134138 	9.82252e-05 	1
36.3125 	8.54666e-05 	8.54666e-05 	0
36.375 	7.37288e-05 	7.37288e-05 	0
36.4375 	0.000103809 	6.49259e-05 	1
36.5 	0.000104958 	4.17617e-05 	1
36.5625 	0.00017015 	6.45445e-05 	1
36.625 	0.000168424 	4.01437e-05 	1
36.6875 	0.000370616 	6.53991e-05 	1
36.75 	0.000259564 	7.47437e-05 	1
36.8125 	0.000143462 	8.09464e-05 	1
36.875 	0.000298945 	9.71584e-05 	1
36.9375 	0.000139409 	8.51443e-05 	1
37.0625 	0.000246903 	8.46181e-05 	1
37.125 	0.000409544 	9.31554e-05 	1
37.1875 	0.000282851 	7.89962e-05 	1
37.25 	0.000185146 	5.63746e-05 	2
37.3125 	0.000199578 	9.16375e-05 	1
37.375 	0.000167115 	6.31149e-05 	1
37.4375 	9.2443e-05 	9.2443e-05 	0
37.5 	0.000167258 	5.41997e-05 	1
37.5625 	0.000161216 	8.45372e-05 	1
37.625 	0.00010839 	5.39896e-05 	1
37.75 	0.00012218 	5.05299e-05 	1
37.8125 	0.000215439 	6.70019e-05 	1
37.875 	0.000185263 	7.08094e-05 	2
37.9375 	0.000281184 	6.74184e-05 	1
38.0 	0.000230311 	5.48472e-05 	1
38.0625 	0.000345105 	8.58867e-05 	2
38.125 	0.000218257 	7.16697e-05 	1
38.1875 	0.000152543 	5.24119e-05 	1
38.25 	0.000208118 	6.48393e-05 	2
38.3125 	0.000173951 	7.81243e-05 	2
38.375 	0.000335936 	7.25997e-05 	1
38.4375 	0.000112859 	6.91933e-05 	1
38.5625 	0.000211781 	9.35957e-05 	1
38.6875 	0.000144047 	5.61363e-05 	1
38.75 	0.000156904 	6.82268e-05 	1
38.8125 	0.000288472 	8.43303e-05 	1
38.875 	0.000128243 	4.57989e-05 	1
38.9375 	0.000367086 	6.35114e-05 	1
39.0 	0.000132751 	6.54588e-05 	1
39.0625 	0.000160528 	5.93448e-05 	1
39.125 	0.000148104 	6.79952e-05 	1
39.1875 	8.22188e-05 	8.22188e-05 	0
39.25 	0.00014086 	8.61587e-05 	1
39.3125 	0.000241812 	7.10951e-05 	2
39.375 	0.000189633 	6.89401e-05 	2
39.5 	0.000237844 	3.55175e-05 	1
39.5625 	0.000161868 	6.60197e-05 	1
39.625 	0.000266979 	6.12001e-05 	1
39.6875 	0.000105126 	5.1882e-05 	1
39.75 	0.000214374 	3.20055e-05 	1
39.8125 	0.000143867 	3.40138e-05 	1
39.875 	0.000123776 	5.59818e-05 	1
39.9375 	0.000163006 	7.65288e-05 	1
40.0 	0.000213332 	4.24063e-05 	1
40.0625 	0.000116651 	6.5361e-05 	1
40.125 	0.000331344 	6.3874e-05 	1
40.1875 	0.000119163 	5.10004e-05 	1
40.25 	0.000426169 	7.16343e-05 	1
40.3125 	0.000146357 	3.60182e-05 	1
40.4375 	0.000209267 	2.32519e-05 	1
40.5 	0.000230844 	5.50923e-05 	2
40.5625 	0.000305915 	8.85084e-05 	1
40.625 	0.000275328 	5.61999e-05 	1
40.8125 	0.000139152 	4.67895e-05 	1
40.875 	0.000296368 	8.39723e-05 	3
40.9375 	0.000270881 	4.92641e-05 	1
41.0 	0.000290402 	8.45003e-05 	2
41.0625 	0.000138121 	5.56534e-05 	1
41.125 	0.000234021 	7.38404e-05 	1
41.1875 	9.76083e-05 	9.76083e-05 	0
41.25 	0.000273915 	9.07707e-05 	1
41.3125 	0.000129962 	4.3581e-05 	1
41.375 	0.000124971 	4.72516e-05 	1
41.4375 	0.000272895 	5.47145e-05 	1
41.5 	0.00040951 	6.43099e-05 	1
41.5625 	0.000139055 	8.18677e-05 	1
41.625 	9.59667e-05 	9.59667e-05 	0
41.6875 	0.000269807 	5.90121e-05 	1
41.8125 	0.000212243 	5.61327e-05 	2
41.875 	0.000237944 	8.65541e-05 	1
41.9375 	0.000154411 	5.96117e-05 	1
42.0 	0.000236922 	8.30052e-05 	1
42.125 	0.000150089 	4.11912e-05 	1
42.25 	0.000198199 	6.24692e-05 	1
42.375 	0.000176377 	2.87246e-05 	1
42.4375 	0.000457774 	9.3132e-05 	1
42.5 	0.000136236 	3.804e-05 	1
42.5625 	0.000242541 	5.09389e-05 	1
42.625 	0.000131163 	3.42002e-05 	1
42.6875 	0.000168261 	5.2886e-05 	2
42.75 	0.000157982 	5.26461e-05 	1
42.8125 	0.00030477 	8.78777e-05 	1
42.875 	0.000176414 	2.85318e-05 	1
42.9375 	0.000281779 	6.69831e-05 	1
43.0 	0.000314129 	5.37553e-05 	1
43.0625 	0.000103451 	1.97909e-05 	1
43.125 	0.000145916 	4.34744e-05 	1
43.1875 	0.000303213 	2.54771e-05 	1
43.3125 	0.000268405 	7.1714e-05 	1
43.375 	0.000163425 	4.83661e-05 	1
43.4375 	0.000141048 	7.80157e-05 	1
43.5625 	0.000327173 	9.07303e-05 	1
43.6875 	0.000186758 	6.72431e-05 	1
43.75 	0.000380636 	7.78747e-05 	1
43.8125 	0.000230249 	4.01457e-05 	1
43.875 	0.000243985 	6.45127e-05 	1
43.9375 	0.000125323 	5.08784e-05 	1
44.0 	0.000126377 	4.05465e-05 	1
44.0625 	9.49091e-05 	9.49091e-05 	0
44.125 	0.000136402 	3.78289e-05 	1
44.1875 	0.00026652 	3.82173e-05 	1
44.25 	0.000235802 	7.59497e-05 	1
44.3125 	0.000282017 	7.87498e-05 	1
44.375 	0.000146883 	8.22176e-05 	1
44.4375 	0.000110408 	3.69419e-05 	1
44.5 	0.000277412 	7.53835e-05 	1
44.5625 	0.000227262 	6.18841e-05 	1
44.625 	0.000249689 	9.59905e-05 	2
44.6875 	0.000193746 	4.87824e-05 	1
44.75 	0.000170668 	5.43178e-05 	1
44.8125 	0.000191251 	2.66781e-05 	1
44.875 	0.000104098 	2.67889e-05 	1
44.9375 	0.000228412 	6.84895e-05 	1
45.0 	0.000133011 	6.4287e-05 	1
45.0625 	0.000122306 	6.75437e-05 	1
45.125 	0.000172189 	8.18678e-05 	1
45.1875 	0.00016944 	7.34975e-05 	1
45.25 	0.00031779 	6.65429e-05 	4
45.3125 	0.000106267 	3.73388e-05 	1
45.375 	0.000215206 	6.7744e-05 	1
45.5 	0.000306417 	6.00468e-05 	1
45.5625 	0.000154872 	6.6817e-05 	1
45.625 	0.000199485 	6.7808e-05 	1
45.6875 	0.000160185 	3.19203e-05 	1
45.75 	0.000134762 	6.15373e-05 	1
45.8125 	9.12974e-05 	9.12974e-05 	0
45.875 	0.000116392 	2.71871e-05 	1
45.9375 	0.000152801 	5.7736e-05 	1
46.0 	0.000193959 	2.68249e-05 	1
46.0625 	0.000134837 	6.30597e-05 	1
46.125 	0.000258838 	8.30277e-05 	1
46.3125 	0.000140501 	3.24454e-05 	2
46.375 	0.000144561 	7.34971e-05 	1
46.4375 	0.000130659 	5.66059e-05 	1
46.5 	0.000180162 	4.62509e-05 	1
46.5625 	0.000247444 	8.26716e-05 	1
46.625 	0.000379892 	9.45788e-05 	1
46.6875 	0.000133445 	6.74229e-05 	1
46.75 	0.000203287 	2.7832e-05 	1
46.8125 	0.00015007 	5.62819e-05 	2
46.875 	0.00017608 	6.80286e-05 	1
46.9375 	0.000213461 	4.3081e-05 	1
47.0 	0.000155099 	3.80027e-05 	1
47.0625 	0.000175148 	3.74026e-05 	1
47.125 	0.000184905 	5.15726e-05 	1
47.1875 	0.00023621 	9.91067e-05 	1
47.25 	0.000407272 	6.06462e-05 	1
47.3125 	0.000255066 	7.76481e-05 	2
47.375 	0.000201273 	4.33367e-05 	1
47.4375 	0.000324474 	6.70201e-05 	1
47.5 	0.000288503 	4.21577e-05 	1
47.5625 	0.00015099 	7.53527e-05 	1
47.625 	0.000193669 	4.59748e-05 	1
47.6875 	0.000346475 	8.14579e-05 	1
47.8125 	0.000184686 	8.7302e-05 	1
47.875 	0.000318964 	5.6252e-05 	1
48.0 	0.000204236 	8.84038e-05 	1
48.0625 	0.000153227 	4.87397e-05 	1
48.125 	0.000136969 	4.52903e-05 	1
48.1875 	0.00011276 	2.362e-05 	1
48.25 	0.000283461 	6.93401e-05 	1
48.3125 	0.000304807 	7.17255e-05 	1
48.375 	0.000198367 	8.86775e-05 	1
48.4375 	0.000248517 	6.06028e-05 	1
48.5 	0.000240271 	5.65812e-05 	1
48.5625 	0.000150863 	9.23601e-05 	1
48.625 	0.00018805 	4.39368e-05 	2
48.75 	0.000352843 	6.36453e-05 	1
48.8125 	0.000185705 	5.90544e-05 	1
48.875 	9.27163e-05 	9.27163e-05 	0
48.9375 	0.000132907 	3.41121e-05 	1
49.0 	0.000211069 	7.89369e-05 	1
49.125 	0.000244396 	5.20852e-05 	1
49.1875 	8.56653e-05 	8.56653e-05 	0
49.25 	0.000199768 	6.34293e-05 	4
49.3125 	0.00021436 	7.53358e-05 	1
49.375 	0.000219182 	9.21978e-05 	1
49.4375 	0.000220427 	5.44782e-05 	1
49.5 	0.000249648 	6.59783e-05 	2
49.5625 	0.000246287 	6.10879e-05 	1
49.625 	0.000436043 	3.76046e-05 	1
49.6875 	0.00017126 	5.15919e-05 	2
49.75 	0.00016415 	5.78959e-05 	1
50.0625 	0.00013084 	6.05958e-05 	1
50.125 	0.000169511 	9.16842e-05 	1
50.25 	0.000184169 	4.61481e-05 	1
50.3125 	0.000112729 	5.00123e-05 	1
50.375 	0.000158117 	2.48639e-05 	1
50.4375 	0.000375884 	6.87903e-05 	2
50.5 	0.000172392 	4.33359e-05 	1
50.5625 	0.000166392 	5.2823e-05 	1
50.625 	0.000167028 	4.72238e-05 	1
50.75 	0.000173566 	4.55915e-05 	2
50.8125 	0.000218012 	3.5216e-05 	1
50.875 	0.000253168 	4.72003e-05 	1
50.9375 	0.00032069 	9.13774e-05 	3
51.0 	0.000117016 	3.69526e-05 	1
51.0625 	0.000151806 	5.19055e-05 	1
51.125 	0.000232525 	8.61033e-05 	1
51.1875 	0.000186708 	5.25133e-05 	1
51.25 	0.000108049 	7.03843e-05 	1
51.3125 	0.000131458 	3.18202e-05 	1
51.375 	7.08078e-05 	7.08078e-05 	0
51.4375 	0.00024596 	6.63994e-05 	1
51.5 	0.000134682 	6.32573e-05 	1
51.5625 	0.000282072 	9.40298e-05 	1
51.625 	0.000240532 	4.43716e-05 	1
51.6875 	0.00013021 	5.62662e-05 	1
51.75 	0.000108231 	5.14676e-05 	1
51.8125 	0.000209691 	5.42127e-05 	1
51.875 	0.000337483 	6.58961e-05 	2
52.0 	0.000195155 	4.1472e-05 	1
52.0625 	0.000162543 	6.72572e-05 	1
52.125 	0.000268031 	8.06696e-05 	1
52.1875 	0.000211497 	6.93784e-05 	2
52.25 	0.000200207 	5.70751e-05 	1
52.3125 	0.000211959 	6.47842e-05 	1
52.375 	0.000119854 	5.99443e-05 	1
52.4375 	0.00024223 	6.22576e-05 	1
52.5 	0.000181607 	5.1609e-05 	1
52.5625 	0.000161223 	6.23952e-05 	1
52.625 	0.000132605 	3.67931e-05 	1
52.6875 	0.000355162 	7.63609e-05 	1
52.75 	0.000179049 	9.5872e-05 	1
52.8125 	0.000218618 	6.3184e-05 	1
52.875 	0.000147434 	5.16798e-05 	1
52.9375 	0.0002779 	7.34583e-05 	1
53.0 	0.000163551 	6.3283e-05 	2
53.125 	0.00031999 	5.64169e-05 	1
53.1875 	0.000213033 	7.67155e-05 	1
53.25 	0.000135701 	4.66484e-05 	1
53.3125 	0.000211811 	5.56946e-05 	1
53.375 	0.000278691 	4.94677e-05 	1
53.5 	0.00012106 	6.58595e-05 	1
53.5625 	0.000114556 	5.66821e-05 	1
53.625 	0.000273579 	9.95738e-05 	1
53.6875 	0.000147303 	3.63164e-05 	1
53.75 	0.000153219 	9.98165e-05 	1
53.8125 	0.000146458 	3.71333e-05 	1
53.875 	0.000126798 	4.08763e-05 	1
53.9375 	0.000198739 	7.44034e-05 	2
54.0 	0.000229384 	6.03919e-05 	2
54.0625 	0.000226068 	4.98402e-05 	1
54.125 	0.000208279 	5.18707e-05 	1
54.1875 	0.000196687 	4.35007e-05 	1
54.25 	0.000248733 	8.85028e-05 	1
54.3125 	0.000250527 	5.48581e-05 	1
54.375 	0.00016108 	3.97413e-05 	1
54.4375 	0.000223185 	7.58948e-05 	1
54.5 	0.000283988 	6.38169e-05 	1
54.625 	0.000212603 	6.65393e-05 	1
54.6875 	0.000143655 	5.05666e-05 	1
54.8125 	0.000274677 	7.74749e-05 	1
54.875 	0.000143569 	8.22831e-05 	1
54.9375 	0.000176095 	9.73051e-05 	1
55.0 	0.000294504 	4.91314e-05 	1
55.0625 	0.000151967 	3.32688e-05 	1
55.125 	0.000174702 	6.76722e-05 	1
55.1875 	0.000154022 	5.08451e-05 	1
55.3125 	0.000121864 	2.26878e-05 	1
55.4375 	0.000116556 	4.49341e-05 	1
55.5 	0.000409675 	7.79514e-05 	1
55.5625 	0.000117762 	4.59888e-05 	1
55.625 	0.000347868 	8.70035e-05 	1
55.6875 	0.000146756 	4.46026e-05 	1
55.75 	0.000246472 	7.7999e-05 	1
55.8125 	0.000215636 	5.61954e-05 	2
55.875 	0.000161101 	5.00111e-05 	1
55.9375 	0.000237169 	8.12543e-05 	1
56.0 	0.000364724 	8.62128e-05 	1
56.0625 	0.000111772 	4.44044e-05 	1
56.125 	0.000204639 	4.59252e-05 	1
56.1875 	0.000344118 	8.93757e-05 	2
56.25 	0.000124242 	3.83207e-05 	1
56.3125 	0.000134872 	4.50214e-05 	2
56.375 	9.07054e-05 	9.07054e-05 	0
56.4375 	0.000401629 	6.59192e-05 	1
56.5 	0.000148475 	6.46614e-05 	1
56.5625 	0.000384628 	8.39904e-05 	1
56.625 	0.000150385 	4.86906e-05 	1
56.6875 	0.000163907 	3.71005e-05 	1
56.75 	0.000217986 	9.32821e-05 	1
56.8125 	0.000201565 	8.5576e-05 	1
56.875 	0.000135365 	4.98752e-05 	1
56.9375 	0.000314953 	6.80069e-05 	1
57.0 	0.000399446 	7.31312e-05 	1
57.0625 	0.000126936 	6.0044e-05 	1
57.125 	0.000330639 	8.47531e-05 	1
57.1875 	0.00034083 	6.90024e-05 	1
57.25 	0.000119242 	5.19687e-05 	1
57.3125 	0.000315348 	7.81239e-05 	2
57.375 	0.000194223 	5.46366e-05 	1
57.4375 	0.000264057 	9.39318e-05 	2
57.5 	0.000177671 	7.52617e-05 	1
57.5625 	0.000154138 	4.6552e-05 	1
57.625 	0.000102784 	4.11803e-05 	1
57.6875 	0.000259676 	5.73304e-05 	1
57.75 	0.000235934 	6.59534e-05 	1
57.8125 	0.00017696 	5.76053e-05 	2
57.9375 	0.000216774 	7.01999e-05 	1
58.0 	0.000120943 	4.99758e-05 	1
58.0625 	0.000180477 	4.79506e-05 	1
58.125 	0.000113506 	5.2657e-05 	1
58.1875 	0.000202087 	2.89691e-05 	1
58.25 	0.000175567 	7.95799e-05 	1
58.3125 	0.000143772 	3.94885e-05 	1
58.375 	9.62015e-05 	9.62015e-05 	0
58.4375 	0.000264893 	7.04744e-05 	1
58.5 	0.000162435 	9.76571e-05 	1
58.5625 	0.000258806 	6.4858e-05 	1
58.625 	0.000244246 	9.13049e-05 	1
58.6875 	0.000163941 	9.79316e-05 	1
58.8125 	0.000115365 	5.07218e-05 	1
58.875 	8.7546e-05 	8.7546e-05 	0
58.9375 	0.000137434 	6.97392e-05 	1
59.0 	0.000127221 	5.28265e-05 	1
59.0625 	0.000415025 	7.58932e-05 	1
59.125 	0.000282412 	3.42725e-05 	1
59.1875 	8.96132e-05 	8.96132e-05 	0
59.25 	8.9952e-05 	8.9952e-05 	0
59.3125 	0.000145939 	5.39088e-05 	1
59.375 	0.000431687 	9.11286e-05 	1
59.4375 	0.00014458 	8.45068e-05 	1
59.5 	0.000302625 	6.23526e-05 	1
59.5625 	0.000119517 	7.7399e-05 	1
59.6875 	0.000134528 	7.36577e-05 	1
59.8125 	0.000123305 	4.64503e-05 	1
59.875 	0.000259345 	9.5407e-05 	2
59.9375 	0.000148846 	5.78932e-05 	1
60.0 	0.00041007 	9.90889e-05 	1
60.0625 	0.000304886 	6.05145e-05 	1
60.125 	0.000134665 	5.85925e-05 	2
60.25 	0.00025112 	8.25215e-05 	1
60.3125 	6.56856e-05 	6.56856e-05 	0
60.375 	0.000165928 	5.22381e-05 	1
60.4375 	0.00017672 	9.20783e-05 	1
60.5 	0.000161636 	5.59991e-05 	1
60.5625 	0.000251138 	5.08356e-05 	1
60.625 	0.000162343 	8.01375e-05 	1
60.6875 	0.00013537 	6.41054e-05 	2
60.75 	0.000131982 	6.58589e-05 	1
60.8125 	0.000101649 	4.93841e-05 	1
60.875 	0.000224593 	5.91578e-05 	1
60.9375 	0.000134374 	5.97237e-05 	1
61.0 	0.000416336 	7.73436e-05 	1
61.0625 	0.000198329 	5.2579e-05 	1
61.125 	0.000376835 	8.30813e-05 	1
61.1875 	0.000353173 	6.75705e-05 	1
61.25 	0.000181622 	5.63036e-05 	1
61.3125 	0.00020813 	5.36888e-05 	1
61.375 	0.000340959 	6.58739e-05 	1
61.4375 	0.000157492 	5.47322e-05 	1
61.5 	0.000298486 	4.85213e-05 	1
61.625 	0.000263709 	8.43424e-05 	1
61.6875 	0.000197874 	5.82822e-05 	1
61.75 	0.000311032 	7.31428e-05 	1
61.8125 	0.000255321 	5.96599e-05 	1
61.875 	0.000148365 	5.74381e-05 	1
61.9375 	0.0002042 	9.0437e-05 	1
62.0 	0.000221749 	5.81053e-05 	1
62.125 	0.000253586 	4.57364e-05 	1
62.1875 	0.000377808 	7.27569e-05 	1
62.25 	0.000260714 	7.42567e-05 	1
62.3125 	0.00027073 	4.5685e-05 	1
62.375 	0.000301841 	7.54984e-05 	2
62.4375 	0.000259154 	6.90785e-05 	2
62.5 	0.000275684 	7.1657e-05 	1
62.5625 	0.000120352 	5.82265e-05 	1
62.6875 	0.000143369 	4.03441e-05 	1
62.75 	0.00030283 	6.46114e-05 	1
62.875 	0.000152355 	7.3584e-05 	2
62.9375 	9.55363e-05 	9.55363e-05 	0
63.0 	8.73112e-05 	8.73112e-05 	0
63.0625 	0.000243401 	4.9582e-05 	1
63.125 	0.000175738 	8.49629e-05 	1
63.1875 	0.000107721 	3.62411e-05 	1
63.25 	0.000117182 	4.65429e-05 	1
63.375 	0.000238745 	5.81557e-05 	1
63.4375 	0.00021762 	3.82406e-05 	2
63.5 	0.00012017 	4.41074e-05 	1
63.5625 	0.000146914 	4.29624e-05 	1
63.625 	0.000122314 	5.06408e-05 	1
63.8125 	7.97377e-05 	7.97377e-05 	0
63.875 	0.000416298 	8.01287e-05 	1
63.9375 	0.000105105 	4.58711e-05 	1
64.0 	0.000261053 	9.01874e-05 	1
64.0625 	0.00013219 	4.65025e-05 	1
64.125 	0.000261369 	6.38742e-05 	1
64.25 	0.000214571 	7.71845e-05 	1
64.3125 	0.000320849 	6.77557e-05 	4
64.4375 	0.000207885 	2.13673e-05 	1
64.5 	0.000186047 	8.29505e-05 	1
64.5625 	0.000106541 	5.37631e-05 	1
64.6875 	0.000128007 	9.60193e-05 	1
64.75 	0.000152876 	3.13642e-05 	1
64.8125 	0.000140112 	8.5238e-05 	1
64.875 	0.00014613 	4.18912e-05 	1
64.9375 	0.000184647 	5.62992e-05 	1
65.0 	0.000140788 	8.36883e-05 	1
65.0625 	0.000151518 	5.14973e-05 	1
65.125 	0.000115911 	7.19443e-05 	1
65.1875 	0.000266697 	6.09524e-05 	1
65.25 	0.000137168 	4.88196e-05 	1
65.5 	0.000179646 	4.11017e-05 	1
65.625 	0.000176664 	4.43451e-05 	1
65.6875 	0.00015565 	6.91994e-05 	1
65.75 	0.000390543 	6.21051e-05 	1
65.8125 	0.00027424 	6.67029e-05 	1
65.875 	0.000155133 	4.54083e-05 	1
65.9375 	0.000312167 	8.75484e-05 	3
66.0 	0.000118941 	3.89439e-05 	1
66.0625 	0.000345156 	4.71056e-05 	1
66.125 	0.000143177 	4.00309e-05 	1
66.1875 	0.000193622 	8.06508e-05 	1
66.25 	0.000189501 	6.65018e-05 	1
66.3125 	0.000198241 	2.35469e-05 	1
66.375 	0.000136023 	6.20031e-05 	1
66.4375 	0.000224806 	3.12373e-05 	1
66.5 	0.000199676 	9.57264e-05 	1
66.5625 	0.000364713 	6.95743e-05 	1
66.625 	0.00020154 	5.99168e-05 	2
66.75 	0.00043554 	6.38073e-05 	2
66.8125 	0.000250322 	5.9528e-05 	1
66.875 	0.000135213 	5.24631e-05 	1
66.9375 	0.00019666 	6.19957e-05 	2
67.0 	0.000256464 	8.35897e-05 	2
67.125 	0.000151827 	4.46166e-05 	1
67.1875 	0.000141358 	5.42292e-05 	1
67.25 	0.000181912 	9.48097e-05 	1
67.3125 	0.000208318 	9.94541e-05 	1
67.375 	0.000105098 	4.13284e-05 	1
67.4375 	0.000385131 	6.52804e-05 	1
67.5 	0.000215681 	9.87485e-05 	1
67.5625 	0.000147588 	5.29844e-05 	1
67.625 	0.000100014 	2.04392e-05 	1
67.8125 	0.000180919 	5.73334e-05 	1
67.875 	0.000138368 	4.94876e-05 	1
67.9375 	0.000413358 	7.92955e-05 	1
68.0 	0.000161197 	6.48819e-05 	1
68.0625 	0.000182875 	4.74131e-05 	1
68.125 	0.000137907 	4.69322e-05 	1
68.1875 	9.42663e-05 	9.42663e-05 	0
68.25 	0.000241623 	6.69466e-05 	1
68.3125 	0.000111497 	4.51982e-05 	1
68.375 	0.000230842 	3.47476e-05 	1
68.4375 	0.000168675 	4.66612e-05 	1
68.5 	0.000141685 	2.55988e-05 	1
68.5625 	0.000328747 	6.58515e-05 	1
68.625 	0.000120606 	6.0743e-05 	1
68.6875 	0.000222221 	4.6358e-05 	1
68.75 	0.00012006 	2.74718e-05 	1
68.8125 	8.90315e-05 	8.90315e-05 	0
68.875 	0.000140786 	3.90404e-05 	1
68.9375 	0.000148835 	7.86361e-05 	1
69.0 	0.000161466 	5.29219e-05 	1
69.0625 	0.000157696 	2.83785e-05 	1
69.125 	0.000129571 	6.31924e-05 	1
69.1875 	0.000283832 	6.03424e-05 	1
69.25 	0.000331366 	6.34771e-05 	1
69.3125 	0.000307619 	7.67661e-05 	1
69.375 	0.000115598 	4.71638e-05 	1
69.4375 	0.000161971 	5.24904e-05 	1
69.5 	0.000156533 	3.92496e-05 	1
69.5625 	0.000176986 	6.38137e-05 	2
69.625 	0.000150783 	7.2995e-05 	2
69.75 	0.000147786 	3.48514e-05 	1
69.8125 	0.000382247 	9.54581e-05 	1
69.875 	0.000220418 	6.81829e-05 	1
69.9375 	0.000173247 	7.46353e-05 	1
