# time 	Initial 	Final 	Iterations
0.333274 	0.000325847 	1.74709e-05 	1
0.579973 	0.000180055 	1.76986e-05 	1
0.642226 	0.000215063 	1.7974e-05 	1
0.766734 	0.000527088 	3.83299e-05 	1
0.828988 	0.000153501 	4.17578e-06 	2
1.26477 	0.000306769 	2.19725e-05 	1
1.38927 	0.000172263 	1.53119e-05 	1
1.45153 	0.000147286 	4.02202e-06 	2
1.51378 	0.0002567 	1.87691e-05 	1
1.7628 	0.000207185 	1.48491e-05 	1
1.8873 	0.000406353 	2.85101e-05 	1
1.94956 	0.000111828 	1.04161e-05 	1
2.19857 	0.000197365 	1.82914e-05 	1
2.26083 	0.000160067 	4.16012e-06 	2
2.32308 	0.000347142 	2.46343e-05 	1
2.38534 	0.00034249 	2.44919e-05 	1
2.44759 	0.000164542 	1.27284e-05 	1
2.63435 	0.000141985 	1.30703e-05 	1
2.69661 	0.000628512 	4.50885e-05 	1
2.88337 	0.000151222 	1.19462e-05 	1
2.94562 	0.000321972 	2.26799e-05 	1
3.07013 	0.000246296 	1.83495e-05 	1
3.25689 	0.000295224 	2.13952e-05 	1
3.31914 	0.000182061 	1.58464e-05 	1
3.3814 	0.000303324 	2.25301e-05 	1
3.44365 	0.000204141 	1.60875e-05 	1
3.69267 	0.000342859 	3.13307e-05 	1
3.75492 	0.000487731 	3.45604e-05 	1
3.87943 	0.000169923 	1.3086e-05 	1
4.06619 	0.000142614 	3.83314e-06 	2
4.12845 	0.000153169 	4.00793e-06 	2
4.1907 	0.000318124 	2.34892e-05 	1
4.25295 	0.000219789 	1.75623e-05 	1
4.31521 	0.000390918 	2.73163e-05 	1
4.37746 	0.000152927 	1.21343e-05 	1
4.50197 	0.000212522 	1.69912e-05 	1
4.56422 	0.000240966 	2.09174e-05 	1
4.62648 	0.000251851 	1.88981e-05 	1
4.68873 	0.000115005 	9.89812e-06 	1
4.93775 	8.56462e-05 	9.14736e-06 	1
5.0 	0.000404088 	2.89008e-05 	1
5.0625 	0.000184531 	1.42631e-05 	1
5.125 	0.000361421 	2.61698e-05 	1
5.25 	9.1624e-05 	8.94432e-06 	1
5.375 	0.000118149 	2.77637e-06 	2
5.5 	0.00015181 	4.10911e-06 	2
5.5625 	0.000168212 	1.39934e-05 	1
5.625 	0.000358972 	2.55317e-05 	1
5.6875 	0.000343695 	2.44531e-05 	1
5.8125 	0.000235189 	1.95517e-05 	1
5.875 	7.58023e-05 	8.16122e-06 	1
5.9375 	0.000234539 	1.71759e-05 	1
6.0 	0.000401732 	2.85315e-05 	1
6.1875 	9.50731e-05 	9.86978e-06 	1
6.25 	0.000328012 	2.42551e-05 	1
6.4375 	0.000148185 	1.4084e-05 	1
6.75 	0.000394949 	2.78995e-05 	1
6.8125 	0.000359387 	2.535e-05 	1
6.9375 	0.000233514 	1.87822e-05 	1
7.1875 	0.000386113 	2.72662e-05 	1
7.5625 	0.000303766 	2.19855e-05 	1
7.6875 	0.000172532 	1.27648e-05 	1
7.8125 	0.000207399 	1.54082e-05 	1
7.9375 	0.000455246 	3.27811e-05 	1
8.0 	0.000426651 	3.02086e-05 	1
8.0625 	0.0001384 	1.03186e-05 	1
8.125 	0.000185109 	1.46355e-05 	1
8.4375 	0.000159654 	1.38966e-05 	1
8.5 	0.000396934 	2.87351e-05 	1
8.5625 	0.000189655 	1.79972e-05 	1
8.8125 	0.000331905 	2.44476e-05 	1
8.9375 	0.00037674 	2.90439e-05 	1
9.0 	0.000181058 	1.64704e-05 	1
9.1875 	0.000226623 	5.74492e-06 	2
9.25 	0.000120836 	1.03535e-05 	1
9.3125 	0.000124994 	3.42625e-06 	2
9.375 	0.000196061 	1.56382e-05 	1
9.4375 	0.000292285 	2.17383e-05 	1
9.5625 	0.000295 	2.24653e-05 	1
9.625 	0.000328325 	2.36281e-05 	1
9.6875 	0.000217161 	1.6376e-05 	1
9.8125 	0.000142804 	1.34102e-05 	1
9.9375 	0.00027018 	2.03113e-05 	1
10.0 	0.000289707 	2.33371e-05 	1
10.1875 	0.000167588 	1.2433e-05 	1
10.3125 	0.000450839 	3.26873e-05 	1
10.625 	0.00014348 	1.39769e-05 	1
10.6875 	0.000337738 	2.39361e-05 	1
10.75 	0.000241043 	1.81592e-05 	1
10.8125 	0.000168228 	1.35768e-05 	1
10.875 	0.00041923 	3.01133e-05 	1
11.0 	0.000173728 	1.34383e-05 	1
11.0625 	0.000142099 	3.78638e-06 	2
11.1875 	0.00017054 	1.42778e-05 	1
11.6875 	0.000452384 	3.26799e-05 	1
11.75 	0.000137384 	3.2467e-06 	2
11.8125 	0.000452072 	3.24834e-05 	1
11.9375 	0.000410516 	2.96331e-05 	1
12.0 	0.000221315 	1.63354e-05 	1
12.0625 	0.000254355 	1.99695e-05 	1
12.1875 	0.000336397 	2.45684e-05 	1
12.3125 	0.000167018 	1.19231e-05 	1
12.375 	0.000235712 	1.84587e-05 	1
12.625 	0.000117715 	2.98963e-06 	2
12.6875 	0.000256114 	1.86874e-05 	1
12.8125 	0.00026416 	1.99851e-05 	1
12.875 	0.000468786 	3.42714e-05 	1
13.0 	0.000179091 	1.60964e-05 	1
13.0625 	0.000333456 	2.60878e-05 	1
13.1875 	0.000415567 	2.99323e-05 	1
13.25 	0.000175361 	1.6113e-05 	1
13.375 	0.000198893 	1.63337e-05 	1
13.5625 	0.000270552 	1.97178e-05 	1
13.625 	0.000255491 	2.21315e-05 	1
13.6875 	0.000199117 	1.63379e-05 	1
14.0625 	0.000184476 	1.62961e-05 	1
14.125 	0.000330921 	2.40576e-05 	1
14.1875 	0.000247208 	1.85534e-05 	1
14.3125 	0.000152455 	1.20358e-05 	1
14.375 	0.00025849 	2.37407e-05 	1
14.4375 	7.44336e-05 	8.14566e-06 	1
14.5 	0.000261401 	2.53278e-05 	1
14.625 	0.000188323 	1.65766e-05 	1
14.6875 	0.000374224 	2.88923e-05 	1
14.75 	0.000270172 	2.42047e-05 	1
14.8125 	0.000174949 	1.53541e-05 	1
14.9375 	0.000376533 	2.69318e-05 	1
15.0 	0.000277067 	2.01757e-05 	1
15.1875 	0.000168842 	1.45978e-05 	1
15.25 	0.000413103 	2.93396e-05 	1
15.3125 	0.000408453 	2.88986e-05 	1
15.375 	0.000142428 	1.25011e-05 	1
15.4375 	0.000361011 	2.67488e-05 	1
15.5 	0.00010723 	3.18563e-06 	2
15.8125 	0.000307389 	2.37596e-05 	1
15.9375 	0.000197204 	1.49706e-05 	1
16.0 	8.95942e-05 	9.90993e-06 	1
16.0625 	0.000269276 	1.97965e-05 	1
16.125 	0.000389255 	2.79072e-05 	1
16.1875 	0.000238925 	1.78253e-05 	1
16.25 	0.000452052 	3.21563e-05 	1
16.3125 	0.000126438 	9.26709e-06 	1
16.375 	0.000287116 	2.10244e-05 	1
16.5 	0.000452977 	3.26468e-05 	1
16.625 	0.000300818 	2.21888e-05 	1
16.8125 	0.000135829 	3.43588e-06 	2
16.9375 	0.000338176 	2.49182e-05 	1
17.25 	0.000295434 	2.19891e-05 	1
17.3125 	0.000315346 	2.84525e-05 	1
17.375 	0.000503555 	4.2457e-05 	1
17.4375 	0.00015625 	1.28589e-05 	1
17.5625 	0.000243882 	1.83909e-05 	1
17.6875 	0.000238928 	1.86501e-05 	1
18.0 	0.00039297 	2.82e-05 	1
18.0625 	0.000425748 	3.61598e-05 	1
18.1875 	0.000466204 	3.35633e-05 	1
18.25 	0.000171091 	1.47869e-05 	1
18.375 	0.000399934 	2.81022e-05 	1
18.4375 	0.000204683 	1.76092e-05 	1
18.5625 	0.000183575 	1.66767e-05 	1
18.625 	0.000203414 	1.49592e-05 	1
18.8125 	0.000289291 	2.15335e-05 	1
18.875 	0.000260042 	1.84865e-05 	1
18.9375 	0.000135269 	3.15047e-06 	2
19.125 	0.000402597 	3.65132e-05 	1
19.4375 	0.000145078 	1.16271e-05 	1
19.5 	0.00015318 	1.18872e-05 	1
19.625 	9.96012e-05 	3.0874e-06 	2
19.6875 	0.000440544 	3.15958e-05 	1
19.75 	0.000241865 	1.74618e-05 	1
19.9375 	0.000315733 	2.26732e-05 	1
20.125 	0.000168624 	1.25844e-05 	1
20.1875 	9.51327e-05 	4.42834e-06 	2
20.375 	0.000120284 	9.97885e-06 	1
20.4375 	9.54148e-05 	9.49953e-06 	1
20.5 	0.000184988 	1.61681e-05 	1
20.625 	0.000249229 	1.77316e-05 	1
20.6875 	0.000126164 	3.10489e-06 	2
20.75 	0.000320128 	2.9617e-05 	1
21.0 	0.000126385 	1.19689e-05 	1
21.0625 	0.000165413 	1.62681e-05 	1
21.1875 	0.000151186 	1.40946e-05 	1
21.3125 	0.000268487 	2.01509e-05 	1
21.5625 	0.000199907 	1.48789e-05 	1
21.75 	0.00030466 	2.20226e-05 	1
21.8125 	0.000171785 	1.27696e-05 	1
21.875 	0.000441955 	3.1199e-05 	1
21.9375 	0.000435849 	3.17163e-05 	1
22.1875 	0.000452784 	3.21389e-05 	1
22.25 	0.000187844 	1.38327e-05 	1
22.3125 	0.000345413 	2.47172e-05 	1
22.9375 	0.000129268 	1.29029e-05 	1
23.0 	0.000233539 	2.0179e-05 	1
23.125 	0.000190126 	1.60161e-05 	1
23.1875 	0.000133939 	1.07557e-05 	1
23.3125 	0.000426268 	3.03864e-05 	1
23.375 	0.000359281 	2.64526e-05 	1
23.4375 	0.00023695 	1.72599e-05 	1
23.6875 	0.000186794 	1.51412e-05 	1
23.8125 	0.000238676 	2.24071e-05 	1
24.0 	9.66151e-05 	2.12357e-06 	2
24.0625 	0.000213787 	1.54995e-05 	1
24.3125 	0.000394631 	2.80844e-05 	1
24.375 	0.000294387 	2.54861e-05 	1
24.4375 	0.000182232 	1.53802e-05 	1
24.5625 	0.000211086 	1.8193e-05 	1
24.6875 	0.000198024 	5.12627e-06 	2
24.75 	0.000441545 	3.11332e-05 	1
24.8125 	0.000265404 	2.01974e-05 	1
25.0 	0.000163993 	1.28281e-05 	1
25.0625 	0.000414979 	2.90779e-05 	1
25.125 	0.000386505 	2.82565e-05 	1
25.25 	0.000164103 	1.33591e-05 	1
25.3125 	0.000160442 	1.27209e-05 	1
25.625 	0.000420253 	2.97574e-05 	1
25.6875 	0.000321841 	2.31304e-05 	1
25.75 	0.000276327 	2.39709e-05 	1
25.8125 	0.000101112 	8.36488e-06 	1
26.0 	0.00024793 	1.78807e-05 	1
26.125 	0.000249466 	1.86522e-05 	1
26.25 	0.000222386 	1.62408e-05 	1
26.375 	0.000329915 	2.39332e-05 	1
26.5 	0.000164296 	1.6391e-05 	1
26.5625 	0.000234354 	6.02341e-06 	2
26.625 	0.000244654 	1.82607e-05 	1
26.6875 	0.000410926 	2.93831e-05 	1
26.875 	0.000152223 	4.08015e-06 	2
26.9375 	0.000190973 	1.64827e-05 	1
27.0 	0.000236869 	1.78457e-05 	1
27.25 	0.000237655 	1.85387e-05 	1
27.3125 	0.000279428 	2.55274e-05 	1
27.625 	0.000402322 	2.83276e-05 	1
27.75 	0.000221455 	1.6777e-05 	1
28.0 	0.000404485 	2.89446e-05 	1
28.0625 	0.000452706 	3.25609e-05 	1
28.125 	0.000341343 	2.50062e-05 	1
28.3125 	0.000266975 	1.95749e-05 	1
28.5 	0.000324803 	2.41708e-05 	1
28.625 	7.50088e-05 	8.93307e-06 	1
28.6875 	0.000168318 	1.49064e-05 	1
28.8125 	0.000267579 	2.08773e-05 	1
28.875 	0.000149947 	1.12671e-05 	1
29.0 	0.000221795 	1.9859e-05 	1
29.0625 	0.000107172 	9.22857e-06 	1
29.125 	0.000154661 	1.52606e-05 	1
29.1875 	0.00017023 	1.32692e-05 	1
29.25 	0.000213112 	1.57532e-05 	1
29.375 	0.000393918 	2.89981e-05 	1
29.4375 	0.000233144 	2.26348e-05 	1
29.625 	0.000361871 	2.57584e-05 	1
29.6875 	0.000237375 	1.78571e-05 	1
29.75 	0.000214268 	1.872e-05 	1
29.9375 	0.000370982 	2.70895e-05 	1
30.125 	0.000210357 	1.60452e-05 	1
30.25 	0.000259858 	1.88736e-05 	1
30.3125 	0.000184643 	1.63596e-05 	1
30.375 	0.000358815 	2.55319e-05 	1
30.4375 	0.000407142 	2.87166e-05 	1
30.5 	0.000271898 	1.97744e-05 	1
30.5625 	0.000241671 	2.06922e-05 	1
30.8125 	0.000303546 	2.21971e-05 	1
30.9375 	0.000411319 	2.94706e-05 	1
31.1875 	0.00013062 	3.51179e-06 	2
31.25 	0.000212264 	1.57779e-05 	1
31.375 	0.000369334 	3.34349e-05 	1
31.625 	0.000229624 	1.83849e-05 	1
31.75 	0.000259962 	1.98111e-05 	1
31.8125 	0.000282826 	2.10212e-05 	1
31.875 	0.00017872 	1.31552e-05 	1
32.0 	0.000386381 	2.78755e-05 	1
32.125 	0.000193261 	1.63793e-05 	1
32.1875 	0.000356763 	3.12986e-05 	1
32.25 	0.000261895 	1.87037e-05 	1
32.3125 	0.000282124 	2.05097e-05 	1
32.4375 	0.00028006 	2.00505e-05 	1
32.5 	0.000137912 	3.4987e-06 	2
32.625 	0.000126638 	1.04997e-05 	1
32.6875 	0.000164443 	1.34174e-05 	1
32.75 	0.000344727 	2.51305e-05 	1
32.8125 	0.00024947 	1.91477e-05 	1
32.875 	0.000276851 	2.11855e-05 	1
33.0 	0.00021518 	1.77718e-05 	1
33.0625 	0.000363219 	2.66466e-05 	1
33.125 	0.00017911 	1.51996e-05 	1
33.1875 	6.96917e-05 	6.90657e-06 	1
33.3125 	0.000248784 	1.88634e-05 	1
33.375 	0.000175882 	4.49564e-06 	2
33.4375 	0.000189901 	1.71922e-05 	1
33.625 	0.000355881 	2.59627e-05 	1
33.6875 	0.000193937 	1.42662e-05 	1
33.875 	0.000171693 	4.14955e-06 	2
33.9375 	0.000255813 	1.90433e-05 	1
34.125 	0.000143237 	1.20848e-05 	1
34.1875 	0.000166621 	1.61352e-05 	1
34.25 	0.000365643 	2.64173e-05 	1
34.3125 	0.000156777 	1.34552e-05 	1
34.375 	0.000324599 	2.99373e-05 	1
34.5 	0.000366785 	2.69135e-05 	1
34.5625 	0.000270914 	1.95965e-05 	1
34.625 	0.000432651 	3.08279e-05 	1
34.6875 	0.000387326 	2.77167e-05 	1
34.875 	0.000202138 	1.64596e-05 	1
34.9375 	0.000112059 	3.07707e-06 	2
35.0625 	0.000231654 	1.68956e-05 	1
35.125 	0.000196998 	1.7424e-05 	1
35.25 	0.000214979 	1.63924e-05 	1
35.3125 	0.000136394 	3.61634e-06 	2
35.375 	0.000407106 	2.90077e-05 	1
35.625 	0.000331954 	2.36726e-05 	1
35.6875 	0.000174333 	1.53926e-05 	1
35.75 	0.000464259 	3.30546e-05 	1
35.8125 	0.000376027 	2.73342e-05 	1
35.875 	0.00028327 	2.43771e-05 	1
35.9375 	0.000219131 	1.64766e-05 	1
36.0 	0.00025627 	1.97087e-05 	1
36.125 	0.000337339 	2.48138e-05 	1
36.25 	0.000104649 	1.01958e-05 	1
36.4375 	0.000189747 	1.44933e-05 	1
36.5 	0.000188085 	1.82155e-05 	1
36.8125 	0.000119672 	3.13385e-06 	2
36.875 	0.000221136 	2.17603e-05 	1
37.125 	8.8472e-05 	7.30689e-06 	1
37.1875 	0.000278956 	2.39662e-05 	1
37.3125 	0.000263975 	1.94768e-05 	1
37.4375 	0.000473459 	3.37007e-05 	1
37.5 	0.000352413 	2.54844e-05 	1
37.5625 	0.000239566 	1.77464e-05 	1
37.75 	0.00017038 	1.3216e-05 	1
37.9375 	0.000428227 	3.04685e-05 	1
38.0 	0.00026554 	1.94593e-05 	1
38.0625 	7.43813e-05 	7.39027e-06 	1
38.125 	0.00040799 	2.9639e-05 	1
38.25 	0.000107896 	2.57966e-06 	2
38.3125 	8.14688e-05 	7.18786e-06 	1
38.4375 	0.00013206 	9.84813e-06 	1
38.5625 	0.00016155 	1.2408e-05 	1
38.6875 	0.000179534 	4.75386e-06 	2
38.8125 	0.000404444 	2.89738e-05 	1
38.875 	9.41279e-05 	2.7834e-06 	2
38.9375 	0.000155765 	4.21738e-06 	2
39.0 	0.000173028 	1.41704e-05 	1
39.0625 	0.000415998 	3.01514e-05 	1
39.1875 	0.000164873 	1.39915e-05 	1
39.25 	0.000182586 	1.35378e-05 	1
39.3125 	0.000249347 	1.82971e-05 	1
39.5625 	0.000108822 	1.07139e-05 	1
39.625 	0.000286021 	2.5501e-05 	1
39.6875 	0.000337103 	2.48864e-05 	1
39.75 	0.000171575 	1.55771e-05 	1
39.875 	0.000238477 	2.1982e-05 	1
39.9375 	0.000212385 	1.74155e-05 	1
40.0 	0.000256538 	2.12351e-05 	1
40.125 	0.000248275 	1.90828e-05 	1
40.25 	0.000241607 	1.77057e-05 	1
40.3125 	0.000131549 	3.66473e-06 	2
40.4375 	0.000384573 	2.79584e-05 	1
40.5 	0.000105019 	3.05878e-06 	2
40.5625 	0.000121101 	1.03614e-05 	1
40.625 	0.000250413 	1.99302e-05 	1
40.8125 	0.000181293 	1.51375e-05 	1
40.9375 	0.000218013 	1.60449e-05 	1
41.125 	0.000650867 	4.65739e-05 	1
41.1875 	0.000147237 	1.41388e-05 	1
41.25 	0.000297782 	2.17691e-05 	1
41.3125 	0.000319608 	2.34013e-05 	1
41.4375 	0.000416584 	3.01587e-05 	1
41.5 	0.000113753 	1.05727e-05 	1
41.6875 	0.000248974 	1.90453e-05 	1
41.8125 	0.000317748 	2.36351e-05 	1
41.9375 	0.000153416 	1.22804e-05 	1
42.0 	0.000144972 	1.35798e-05 	1
42.25 	0.000294871 	2.21364e-05 	1
42.5 	0.000418301 	3.54274e-05 	1
42.6875 	0.000143393 	1.34394e-05 	1
42.8125 	0.000373468 	2.64338e-05 	1
42.875 	0.000167868 	1.22933e-05 	1
42.9375 	0.000182028 	1.68536e-05 	1
43.0 	0.000173717 	1.45815e-05 	1
43.0625 	0.000272017 	1.91971e-05 	1
43.1875 	0.000337813 	2.36538e-05 	1
43.3125 	0.000144284 	1.24099e-05 	1
43.375 	0.000334721 	2.95158e-05 	1
43.6875 	0.000372881 	3.12317e-05 	1
43.9375 	0.000340627 	2.44816e-05 	1
44.0 	0.000382946 	2.74464e-05 	1
44.125 	0.000326133 	2.34567e-05 	1
44.1875 	0.000122121 	9.40503e-06 	1
44.25 	0.000355941 	2.61578e-05 	1
44.3125 	9.44163e-05 	2.07832e-06 	2
44.4375 	9.71386e-05 	7.93902e-06 	1
44.5625 	0.000202164 	1.54538e-05 	1
44.6875 	0.000200954 	1.53534e-05 	1
44.8125 	0.000168067 	1.29426e-05 	1
44.875 	0.000285628 	2.08502e-05 	1
44.9375 	0.000222581 	1.60587e-05 	1
45.0 	0.000182949 	1.39506e-05 	1
45.1875 	0.000130492 	3.08821e-06 	2
45.3125 	0.000327431 	2.38545e-05 	1
45.5 	0.000241257 	1.7397e-05 	1
45.625 	8.35386e-05 	8.45509e-06 	1
45.6875 	0.000342123 	2.61653e-05 	1
45.75 	0.000145893 	3.57746e-06 	2
46.0 	0.000170565 	1.58067e-05 	1
46.0625 	0.000261184 	1.85977e-05 	1
46.3125 	0.000141564 	1.30457e-05 	1
46.5625 	0.000102057 	9.55506e-06 	1
46.625 	0.000107909 	9.81672e-06 	1
46.6875 	0.000251181 	1.86102e-05 	1
46.75 	0.000232059 	1.72359e-05 	1
46.875 	0.000257894 	1.91992e-05 	1
47.0 	0.000263544 	1.91503e-05 	1
47.0625 	0.000270985 	2.11705e-05 	1
47.125 	0.000386927 	2.7547e-05 	1
47.1875 	0.00013255 	4.07493e-06 	2
47.25 	0.000260411 	2.32842e-05 	1
47.375 	0.000454687 	3.20145e-05 	1
47.5 	0.000236372 	1.77833e-05 	1
47.5625 	9.22989e-05 	2.33098e-06 	2
47.625 	0.000125303 	1.03724e-05 	1
47.8125 	0.000404888 	2.86536e-05 	1
48.0625 	0.000108735 	1.02655e-05 	1
48.1875 	0.000158048 	1.54095e-05 	1
48.25 	0.000294794 	2.15953e-05 	1
48.3125 	0.000320433 	2.33219e-05 	1
48.4375 	0.000378007 	2.72992e-05 	1
48.5625 	0.00038562 	2.76193e-05 	1
48.75 	0.00037536 	2.65566e-05 	1
48.8125 	0.000218838 	1.65918e-05 	1
48.9375 	0.000170899 	1.5041e-05 	1
49.0 	0.000293127 	2.72671e-05 	1
49.3125 	0.000422957 	3.00583e-05 	1
49.375 	0.000120188 	3.14189e-06 	2
49.4375 	0.000156155 	1.1985e-05 	1
49.5625 	0.000149491 	1.19708e-05 	1
49.6875 	0.000379338 	2.73737e-05 	1
49.75 	0.000220396 	1.77124e-05 	1
50.0625 	0.000368982 	2.66033e-05 	1
50.25 	0.000250406 	1.82581e-05 	1
50.3125 	0.00036961 	3.15267e-05 	1
50.375 	0.000190873 	1.72138e-05 	1
50.4375 	0.000278335 	2.04854e-05 	1
50.5625 	0.000299386 	2.66374e-05 	1
50.625 	0.000323669 	2.41189e-05 	1
50.75 	0.000114083 	1.11617e-05 	1
50.8125 	0.000425091 	3.70634e-05 	1
50.875 	0.00020681 	1.99627e-05 	1
50.9375 	0.000396277 	2.91414e-05 	1
51.0 	0.000198911 	1.49821e-05 	1
51.125 	0.000160701 	1.35558e-05 	1
51.1875 	0.00036852 	2.64957e-05 	1
51.25 	0.000325306 	2.33538e-05 	1
51.375 	0.000148236 	1.11897e-05 	1
51.4375 	0.000163378 	1.2749e-05 	1
51.5 	0.00040991 	2.95259e-05 	1
51.625 	0.000366065 	2.63943e-05 	1
51.8125 	0.000113399 	3.0548e-06 	2
52.0625 	0.000279334 	2.05053e-05 	1
52.1875 	0.000311097 	2.31367e-05 	1
52.3125 	0.000140605 	3.54008e-06 	2
52.5 	0.000105809 	7.97339e-06 	1
52.625 	4.91805e-05 	5.21987e-06 	1
52.75 	0.000184272 	1.35961e-05 	1
52.8125 	0.000175679 	1.36826e-05 	1
52.9375 	0.000282066 	2.05104e-05 	1
53.1875 	0.000180626 	1.619e-05 	1
53.25 	0.000350551 	2.53232e-05 	1
53.3125 	0.00039141 	2.82437e-05 	1
53.5 	0.000178596 	1.61149e-05 	1
53.5625 	0.000274623 	1.99584e-05 	1
53.625 	0.00018773 	1.41311e-05 	1
53.6875 	0.000194608 	5.02949e-06 	2
53.75 	0.000228962 	2.01048e-05 	1
53.875 	0.000239023 	1.89388e-05 	1
54.0 	0.000169985 	1.41656e-05 	1
54.0625 	0.000180765 	1.56734e-05 	1
54.1875 	0.000153933 	3.77574e-06 	2
54.25 	0.000286317 	2.18471e-05 	1
54.3125 	0.000476412 	3.39677e-05 	1
54.375 	0.000168552 	1.23756e-05 	1
54.4375 	0.000285778 	2.06998e-05 	1
54.6875 	0.000370564 	2.64075e-05 	1
54.8125 	0.000542902 	4.53346e-05 	1
54.875 	0.000481973 	3.40824e-05 	1
54.9375 	0.000303762 	2.1819e-05 	1
55.0 	0.000192158 	1.48131e-05 	1
55.125 	0.000251903 	1.85086e-05 	1
55.3125 	0.000302667 	2.22846e-05 	1
55.4375 	0.000192071 	1.45819e-05 	1
55.5 	0.00035571 	2.50334e-05 	1
55.6875 	0.000304405 	2.18767e-05 	1
55.75 	0.000259431 	2.32458e-05 	1
55.875 	0.000312597 	2.27246e-05 	1
55.9375 	0.000349038 	2.544e-05 	1
56.0 	0.000133249 	3.20463e-06 	2
56.0625 	0.000164657 	1.281e-05 	1
56.3125 	0.000293835 	2.5608e-05 	1
56.375 	0.00019512 	1.91208e-05 	1
56.4375 	0.000434477 	3.12681e-05 	1
56.5625 	0.000189238 	1.61173e-05 	1
56.6875 	8.61644e-05 	7.59318e-06 	1
56.75 	0.000354783 	2.56336e-05 	1
56.8125 	0.000187079 	1.46568e-05 	1
57.0 	0.000115533 	1.01507e-05 	1
57.0625 	0.000162272 	1.46351e-05 	1
57.1875 	0.000185603 	1.8132e-05 	1
57.25 	0.000249725 	1.90446e-05 	1
57.3125 	0.000321817 	2.8543e-05 	1
57.4375 	0.00013 	1.20325e-05 	1
57.6875 	0.000380984 	3.35827e-05 	1
57.8125 	0.000331566 	2.38576e-05 	1
58.0 	0.000241809 	1.8429e-05 	1
58.125 	0.000466065 	3.35681e-05 	1
58.1875 	0.00015699 	3.81624e-06 	2
58.25 	0.000184138 	1.65823e-05 	1
58.3125 	0.000204336 	1.87034e-05 	1
58.4375 	0.000137082 	3.23367e-06 	2
58.5625 	0.00042407 	3.73176e-05 	1
58.6875 	0.000159076 	1.16294e-05 	1
58.8125 	0.000250714 	1.88577e-05 	1
58.875 	0.00016963 	1.34993e-05 	1
58.9375 	0.00022013 	2.00627e-05 	1
59.0 	0.000122973 	3.93963e-06 	2
59.125 	0.000183495 	1.64448e-05 	1
59.25 	0.000275261 	1.97181e-05 	1
59.3125 	0.000157153 	4.17674e-06 	2
59.375 	0.000119426 	2.61194e-06 	2
59.5 	0.000144124 	1.27232e-05 	1
59.6875 	0.000299214 	2.58936e-05 	1
59.8125 	0.000246216 	1.93887e-05 	1
59.875 	0.000284212 	2.10696e-05 	1
59.9375 	0.000163807 	1.56899e-05 	1
60.375 	0.00013431 	1.25797e-05 	1
60.4375 	0.000328822 	2.39694e-05 	1
60.5625 	0.000291199 	2.07056e-05 	1
60.625 	0.000241758 	2.33633e-05 	1
60.875 	0.000158665 	4.0247e-06 	2
61.0 	0.000365414 	2.67347e-05 	1
61.125 	0.000144423 	1.08115e-05 	1
61.25 	0.000109106 	9.52801e-06 	1
61.4375 	0.000252989 	1.8345e-05 	1
61.5 	7.75432e-05 	7.84824e-06 	1
61.625 	0.000137653 	1.13713e-05 	1
61.6875 	0.00017204 	1.64585e-05 	1
61.8125 	0.000389161 	3.30963e-05 	1
61.9375 	0.000143123 	1.08378e-05 	1
62.1875 	0.000170126 	1.37837e-05 	1
62.25 	0.000191369 	1.7895e-05 	1
62.375 	0.000179897 	1.57608e-05 	1
62.5 	0.000173478 	1.37265e-05 	1
62.5625 	0.000442157 	3.20491e-05 	1
62.875 	0.000358027 	3.07154e-05 	1
62.9375 	0.000277793 	2.21158e-05 	1
63.0 	0.000410877 	2.9004e-05 	1
63.25 	0.000148129 	3.78343e-06 	2
63.4375 	0.00020471 	1.51927e-05 	1
63.5625 	0.000188982 	1.58361e-05 	1
63.8125 	8.40746e-05 	6.60713e-06 	1
63.9375 	0.000189183 	1.54168e-05 	1
64.0 	0.000297761 	2.24572e-05 	1
64.25 	0.000255821 	1.85944e-05 	1
64.4375 	0.000147055 	1.38664e-05 	1
64.5625 	0.000194833 	1.70909e-05 	1
64.6875 	7.42705e-05 	7.67349e-06 	1
64.75 	0.00028331 	2.0583e-05 	1
64.8125 	0.000154358 	1.50025e-05 	1
64.875 	0.000356077 	2.5386e-05 	1
64.9375 	0.000206983 	1.5825e-05 	1
65.0 	0.000245537 	1.87987e-05 	1
65.0625 	0.000146023 	3.97118e-06 	2
65.125 	0.000276465 	2.11398e-05 	1
65.625 	0.000169023 	1.27737e-05 	1
65.8125 	0.000144439 	3.91922e-06 	2
65.9375 	0.000273341 	2.06215e-05 	1
66.0 	0.000215372 	1.5901e-05 	1
66.0625 	0.000355061 	2.55179e-05 	1
66.3125 	0.000382715 	2.87195e-05 	1
66.5 	0.000447058 	3.1915e-05 	1
66.75 	0.0001132 	1.01279e-05 	1
66.8125 	0.000387885 	2.9089e-05 	1
66.875 	0.000236993 	1.6751e-05 	1
66.9375 	0.000251413 	1.96526e-05 	1
67.25 	0.000417792 	3.01827e-05 	1
67.375 	6.20531e-05 	7.20745e-06 	1
67.4375 	0.000230053 	1.67038e-05 	1
67.5 	0.00018209 	1.3992e-05 	1
67.8125 	0.00033138 	2.38682e-05 	1
67.875 	0.000210481 	1.67499e-05 	1
67.9375 	0.000389893 	2.82369e-05 	1
68.0 	0.000198802 	1.48525e-05 	1
68.125 	9.48864e-05 	7.93758e-06 	1
68.1875 	0.000167111 	1.37612e-05 	1
68.3125 	0.000420668 	2.97527e-05 	1
68.375 	0.000218051 	1.7493e-05 	1
68.4375 	0.000329256 	2.38392e-05 	1
68.5625 	0.000191261 	1.43535e-05 	1
68.6875 	0.000365248 	2.62689e-05 	1
68.75 	0.00016665 	1.4587e-05 	1
68.8125 	0.000220975 	1.80299e-05 	1
68.9375 	0.000254051 	1.83677e-05 	1
69.125 	0.000171861 	1.49758e-05 	1
69.1875 	0.000122939 	9.42439e-06 	1
69.25 	0.000116523 	2.84291e-06 	2
69.3125 	0.000228666 	2.11591e-05 	1
69.4375 	0.000376824 	2.76735e-05 	1
69.5 	0.00039588 	2.78978e-05 	1
69.75 	0.0001767 	1.35437e-05 	1
69.8125 	0.00015377 	3.67148e-06 	2
69.875 	0.000183443 	1.37985e-05 	1
69.9375 	0.000606216 	5.04541e-05 	1
