# time 	Initial 	Final 	Iterations
0.642226 	0.000115811 	3.22104e-05 	1
0.766734 	6.77498e-05 	6.77498e-05 	0
0.828988 	0.000108217 	4.47341e-05 	1
1.26477 	6.39627e-05 	6.39627e-05 	0
1.38927 	7.19766e-05 	7.19766e-05 	0
1.45153 	0.000137161 	6.04592e-05 	1
1.51378 	6.56813e-05 	6.56813e-05 	0
1.7628 	0.000136218 	5.81928e-05 	1
1.94956 	0.000166149 	8.0461e-05 	1
2.19857 	6.33048e-05 	6.33048e-05 	0
2.26083 	0.000100261 	4.17819e-05 	1
2.32308 	4.87875e-05 	4.87875e-05 	0
2.38534 	7.95248e-05 	7.95248e-05 	0
2.44759 	3.6557e-05 	3.6557e-05 	0
2.63435 	0.000112251 	6.13154e-05 	1
2.69661 	6.2909e-05 	6.2909e-05 	0
2.88337 	0.000134134 	5.38023e-05 	1
2.94562 	5.1126e-05 	5.1126e-05 	0
3.07013 	0.000124156 	5.15219e-05 	1
3.31914 	6.97981e-05 	6.97981e-05 	0
3.3814 	5.16703e-05 	5.16703e-05 	0
3.44365 	0.000135703 	5.71016e-05 	1
3.69267 	5.19053e-05 	5.19053e-05 	0
3.75492 	9.97827e-05 	9.97827e-05 	0
3.87943 	0.000101416 	5.09502e-05 	1
4.06619 	7.93131e-05 	7.93131e-05 	0
4.12845 	9.16105e-05 	9.16105e-05 	0
4.1907 	0.000115718 	5.87058e-05 	1
4.25295 	0.000115274 	4.45027e-05 	1
4.31521 	5.82627e-05 	5.82627e-05 	0
4.50197 	8.08229e-05 	8.08229e-05 	0
4.56422 	7.39022e-05 	7.39022e-05 	0
4.62648 	0.000118912 	6.23137e-05 	1
4.68873 	0.000171804 	6.25382e-05 	1
4.93775 	7.48854e-05 	7.48854e-05 	0
5.0 	5.37561e-05 	5.37561e-05 	0
5.0625 	0.000123961 	5.22955e-05 	1
5.125 	4.82863e-05 	4.82863e-05 	0
5.25 	0.000110447 	4.05102e-05 	1
5.375 	8.1645e-05 	8.1645e-05 	0
5.5 	9.11704e-05 	9.11704e-05 	0
5.5625 	0.000112317 	4.88979e-05 	1
5.625 	0.000134183 	6.26425e-05 	1
5.6875 	9.00315e-05 	9.00315e-05 	0
5.875 	0.000100561 	7.16184e-05 	1
5.9375 	9.38965e-05 	9.38965e-05 	0
6.0 	0.000119328 	5.18033e-05 	1
6.1875 	0.00011357 	5.38485e-05 	1
6.25 	9.73901e-05 	9.73901e-05 	0
6.4375 	0.000118356 	5.5001e-05 	1
6.75 	8.90546e-05 	8.90546e-05 	0
6.8125 	9.12244e-05 	9.12244e-05 	0
6.9375 	0.000115428 	5.91013e-05 	1
7.1875 	8.09017e-05 	8.09017e-05 	0
7.5625 	7.81538e-05 	7.81538e-05 	0
7.6875 	0.000105811 	4.99207e-05 	1
7.8125 	9.82446e-05 	9.82446e-05 	0
7.9375 	0.000123379 	6.2846e-05 	2
8.0 	8.87155e-05 	8.87155e-05 	0
8.0625 	4.44284e-05 	4.44284e-05 	0
8.125 	9.63956e-05 	9.63956e-05 	0
8.4375 	0.000104307 	4.64583e-05 	1
8.5 	0.000126082 	6.19467e-05 	2
8.5625 	9.249e-05 	9.249e-05 	0
8.8125 	9.55032e-05 	9.55032e-05 	0
8.9375 	0.000180917 	6.33601e-05 	1
9.0 	7.3473e-05 	7.3473e-05 	0
9.1875 	7.01398e-05 	7.01398e-05 	0
9.25 	5.16098e-05 	5.16098e-05 	0
9.3125 	5.15267e-05 	5.15267e-05 	0
9.375 	0.000101764 	4.12699e-05 	1
9.4375 	7.36198e-05 	7.36198e-05 	0
9.5625 	6.55339e-05 	6.55339e-05 	0
9.625 	0.000146916 	4.33734e-05 	1
9.6875 	8.67475e-05 	8.67475e-05 	0
9.8125 	8.42513e-05 	8.42513e-05 	0
9.9375 	5.823e-05 	5.823e-05 	0
10.0 	6.86309e-05 	6.86309e-05 	0
10.3125 	0.000123172 	3.65224e-05 	1
10.625 	4.85287e-05 	4.85287e-05 	0
10.6875 	6.67584e-05 	6.67584e-05 	0
10.75 	0.00011075 	6.59931e-05 	1
10.8125 	7.57046e-05 	7.57046e-05 	0
10.875 	8.69513e-05 	8.69513e-05 	0
11.0 	8.54948e-05 	8.54948e-05 	0
11.0625 	0.000108589 	4.56603e-05 	1
11.1875 	6.28983e-05 	6.28983e-05 	0
11.6875 	3.3662e-05 	3.3662e-05 	0
11.75 	3.74491e-05 	3.74491e-05 	0
11.8125 	0.000121917 	5.07452e-05 	1
11.9375 	0.000119448 	5.08766e-05 	1
12.0 	5.57461e-05 	5.57461e-05 	0
12.1875 	0.000121206 	6.419e-05 	1
12.3125 	8.2289e-05 	8.2289e-05 	0
12.375 	9.48851e-05 	9.48851e-05 	0
12.625 	9.9181e-05 	9.9181e-05 	0
12.6875 	9.08522e-05 	9.08522e-05 	0
12.8125 	9.13647e-05 	9.13647e-05 	0
12.875 	0.000101888 	4.45083e-05 	1
13.0 	7.4328e-05 	7.4328e-05 	0
13.0625 	6.90849e-05 	6.90849e-05 	0
13.1875 	9.56024e-05 	9.56024e-05 	0
13.25 	7.34299e-05 	7.34299e-05 	0
13.5625 	6.53699e-05 	6.53699e-05 	0
13.625 	9.18807e-05 	9.18807e-05 	0
13.6875 	8.58983e-05 	8.58983e-05 	0
14.0625 	6.57674e-05 	6.57674e-05 	0
14.125 	5.58508e-05 	5.58508e-05 	0
14.1875 	6.20139e-05 	6.20139e-05 	0
14.3125 	8.98852e-05 	8.98852e-05 	0
14.375 	0.000134843 	6.20917e-05 	1
14.4375 	0.000112371 	4.53677e-05 	1
14.5 	0.00012852 	5.0308e-05 	1
14.625 	7.59996e-05 	7.59996e-05 	0
14.6875 	7.67366e-05 	7.67366e-05 	0
14.75 	0.000143793 	6.12823e-05 	1
14.8125 	0.000102796 	5.05828e-05 	1
14.9375 	6.32284e-05 	6.32284e-05 	0
15.0 	7.50389e-05 	7.50389e-05 	0
15.1875 	6.66092e-05 	6.66092e-05 	0
15.25 	6.0596e-05 	6.0596e-05 	0
15.3125 	6.16283e-05 	6.16283e-05 	0
15.375 	6.51949e-05 	6.51949e-05 	0
15.4375 	0.000130423 	5.67899e-05 	1
15.5 	5.73623e-05 	5.73623e-05 	0
15.8125 	6.34442e-05 	6.34442e-05 	0
15.9375 	0.000127925 	6.87579e-05 	1
16.0 	7.03431e-05 	7.03431e-05 	0
16.0625 	7.22975e-05 	7.22975e-05 	0
16.125 	5.47363e-05 	5.47363e-05 	0
16.1875 	0.00011573 	4.35466e-05 	1
16.25 	0.000113758 	4.55598e-05 	1
16.375 	0.00012756 	6.13098e-05 	1
16.5 	6.1475e-05 	6.1475e-05 	0
16.625 	6.22019e-05 	6.22019e-05 	0
16.8125 	6.803e-05 	6.803e-05 	0
16.9375 	0.000153627 	6.2238e-05 	1
17.25 	8.94814e-05 	8.94814e-05 	0
17.3125 	3.61041e-05 	3.61041e-05 	0
17.375 	4.1833e-05 	4.1833e-05 	0
17.4375 	6.52646e-05 	6.52646e-05 	0
17.5625 	7.88786e-05 	7.88786e-05 	0
17.6875 	6.63193e-05 	6.63193e-05 	0
18.0 	8.46369e-05 	8.46369e-05 	0
18.0625 	6.75855e-05 	6.75855e-05 	0
18.1875 	5.70683e-05 	5.70683e-05 	0
18.25 	0.000130217 	5.92324e-05 	1
18.375 	7.39704e-05 	7.39704e-05 	0
18.4375 	0.000107224 	6.20164e-05 	1
18.5625 	7.84574e-05 	7.84574e-05 	0
18.625 	8.66869e-05 	8.66869e-05 	0
18.8125 	6.8299e-05 	6.8299e-05 	0
18.875 	7.88896e-05 	7.88896e-05 	0
18.9375 	9.25686e-05 	9.25686e-05 	0
19.125 	0.000113659 	7.31154e-05 	1
19.4375 	0.00011422 	5.28177e-05 	1
19.5 	0.00010785 	4.21358e-05 	1
19.625 	5.82151e-05 	5.82151e-05 	0
19.6875 	8.18901e-05 	8.18901e-05 	0
19.75 	6.51791e-05 	6.51791e-05 	0
19.9375 	5.75248e-05 	5.75248e-05 	0
20.125 	0.000105088 	4.41197e-05 	1
20.1875 	5.82484e-05 	5.82484e-05 	0
20.375 	4.91878e-05 	4.91878e-05 	0
20.4375 	7.08324e-05 	7.08324e-05 	0
20.5 	9.85799e-05 	9.85799e-05 	0
20.625 	8.29392e-05 	8.29392e-05 	0
20.6875 	0.000101094 	7.90044e-05 	1
20.75 	0.000120807 	5.99899e-05 	2
21.0 	8.9839e-05 	8.9839e-05 	0
21.0625 	0.000129605 	5.34503e-05 	1
21.1875 	8.56335e-05 	8.56335e-05 	0
21.3125 	9.06884e-05 	9.06884e-05 	0
21.5625 	6.72727e-05 	6.72727e-05 	0
21.8125 	8.02836e-05 	8.02836e-05 	0
21.875 	3.2938e-05 	3.2938e-05 	0
21.9375 	7.23746e-05 	7.23746e-05 	0
22.1875 	8.28259e-05 	8.28259e-05 	0
22.25 	0.000111664 	3.5309e-05 	1
22.3125 	9.60098e-05 	9.60098e-05 	0
22.9375 	6.51925e-05 	6.51925e-05 	0
23.0 	8.62655e-05 	8.62655e-05 	0
23.125 	5.70064e-05 	5.70064e-05 	0
23.1875 	9.83509e-05 	9.83509e-05 	0
23.3125 	5.25924e-05 	5.25924e-05 	0
23.375 	6.11116e-05 	6.11116e-05 	0
23.4375 	0.000135156 	4.04755e-05 	1
23.8125 	0.000111267 	5.2955e-05 	1
24.0 	0.000113601 	3.98779e-05 	1
24.0625 	7.4624e-05 	7.4624e-05 	0
24.3125 	5.22135e-05 	5.22135e-05 	0
24.375 	6.95535e-05 	6.95535e-05 	0
24.4375 	5.1379e-05 	5.1379e-05 	0
24.5625 	6.44168e-05 	6.44168e-05 	0
24.6875 	7.87816e-05 	7.87816e-05 	0
24.75 	9.06848e-05 	9.06848e-05 	0
24.8125 	0.000127763 	6.22195e-05 	1
25.0 	4.4818e-05 	4.4818e-05 	0
25.0625 	9.73378e-05 	9.73378e-05 	0
25.125 	5.88274e-05 	5.88274e-05 	0
25.25 	8.85565e-05 	8.85565e-05 	0
25.3125 	7.51777e-05 	7.51777e-05 	0
25.625 	8.61431e-05 	8.61431e-05 	0
25.6875 	0.000112037 	4.70047e-05 	1
25.75 	0.000120764 	5.03377e-05 	1
25.8125 	8.38794e-05 	8.38794e-05 	0
26.0 	7.67866e-05 	7.67866e-05 	0
26.125 	0.000101087 	8.92027e-05 	1
26.375 	6.06924e-05 	6.06924e-05 	0
26.5 	8.80803e-05 	8.80803e-05 	0
26.625 	7.45276e-05 	7.45276e-05 	0
26.6875 	9.92043e-05 	9.92043e-05 	0
26.875 	7.62985e-05 	7.62985e-05 	0
26.9375 	0.000121342 	4.36653e-05 	1
27.0 	8.74565e-05 	8.74565e-05 	0
27.25 	5.66414e-05 	5.66414e-05 	0
27.3125 	5.34559e-05 	5.34559e-05 	0
27.625 	9.86114e-05 	9.86114e-05 	0
27.75 	5.80357e-05 	5.80357e-05 	0
28.0 	8.90918e-05 	8.90918e-05 	0
28.0625 	6.2863e-05 	6.2863e-05 	0
28.125 	6.06501e-05 	6.06501e-05 	0
28.3125 	0.000108497 	3.49179e-05 	1
28.5 	7.45438e-05 	7.45438e-05 	0
28.6875 	7.3918e-05 	7.3918e-05 	0
28.8125 	0.000111375 	4.59403e-05 	1
28.875 	8.06148e-05 	8.06148e-05 	0
29.0 	0.000128851 	5.93771e-05 	1
29.0625 	9.68536e-05 	9.68536e-05 	0
29.125 	7.35072e-05 	7.35072e-05 	0
29.1875 	7.10063e-05 	7.10063e-05 	0
29.25 	8.39692e-05 	8.39692e-05 	0
29.375 	5.40135e-05 	5.40135e-05 	0
29.4375 	6.46925e-05 	6.46925e-05 	0
29.625 	5.02078e-05 	5.02078e-05 	0
29.6875 	9.90454e-05 	9.90454e-05 	0
29.75 	8.20165e-05 	8.20165e-05 	0
29.9375 	8.57504e-05 	8.57504e-05 	0
30.125 	9.95581e-05 	9.95581e-05 	0
30.25 	8.19094e-05 	8.19094e-05 	0
30.3125 	3.34639e-05 	3.34639e-05 	0
30.375 	4.94019e-05 	4.94019e-05 	0
30.4375 	6.76857e-05 	6.76857e-05 	0
30.5 	4.98298e-05 	4.98298e-05 	0
30.5625 	7.75786e-05 	7.75786e-05 	0
30.9375 	0.000103646 	6.26633e-05 	1
31.1875 	8.10249e-05 	8.10249e-05 	0
31.25 	0.000112107 	6.93923e-05 	1
31.375 	6.16615e-05 	6.16615e-05 	0
31.625 	0.000107084 	4.5192e-05 	1
31.75 	8.71416e-05 	8.71416e-05 	0
31.8125 	7.84447e-05 	7.84447e-05 	0
31.875 	6.87375e-05 	6.87375e-05 	0
32.0 	9.04017e-05 	9.04017e-05 	0
32.125 	0.000116926 	7.87065e-05 	1
32.1875 	5.9361e-05 	5.9361e-05 	0
32.25 	0.000108435 	5.45824e-05 	1
32.3125 	0.000154885 	7.22052e-05 	1
32.4375 	5.18165e-05 	5.18165e-05 	0
32.5 	8.61007e-05 	8.61007e-05 	0
32.625 	7.34643e-05 	7.34643e-05 	0
32.6875 	5.09188e-05 	5.09188e-05 	0
32.75 	0.00010381 	5.30398e-05 	1
32.8125 	9.59095e-05 	9.59095e-05 	0
32.875 	0.000100891 	5.20151e-05 	1
33.0 	0.000124881 	6.08445e-05 	1
33.0625 	5.97887e-05 	5.97887e-05 	0
33.125 	6.76789e-05 	6.76789e-05 	0
33.3125 	7.06088e-05 	7.06088e-05 	0
33.375 	4.91875e-05 	4.91875e-05 	0
33.4375 	0.00010001 	4.32332e-05 	1
33.625 	0.000109721 	5.17356e-05 	1
33.6875 	9.43773e-05 	9.43773e-05 	0
33.875 	9.58442e-05 	9.58442e-05 	0
33.9375 	9.12188e-05 	9.12188e-05 	0
34.125 	7.64692e-05 	7.64692e-05 	0
34.1875 	0.000121348 	5.08251e-05 	1
34.25 	7.57347e-05 	7.57347e-05 	0
34.3125 	9.16486e-05 	9.16486e-05 	0
34.375 	6.37637e-05 	6.37637e-05 	0
34.5 	0.000113685 	4.37588e-05 	1
34.5625 	6.99962e-05 	6.99962e-05 	0
34.625 	6.59784e-05 	6.59784e-05 	0
34.6875 	8.53709e-05 	8.53709e-05 	0
34.875 	8.84113e-05 	8.84113e-05 	0
34.9375 	4.1759e-05 	4.1759e-05 	0
35.0625 	4.66626e-05 	4.66626e-05 	0
35.125 	7.79883e-05 	7.79883e-05 	0
35.25 	8.38427e-05 	8.38427e-05 	0
35.3125 	6.22837e-05 	6.22837e-05 	0
35.375 	0.000100462 	3.937e-05 	1
35.625 	0.000109605 	6.42247e-05 	1
35.6875 	7.12728e-05 	7.12728e-05 	0
35.75 	8.93365e-05 	8.93365e-05 	0
35.8125 	6.78763e-05 	6.78763e-05 	0
35.875 	8.8615e-05 	8.8615e-05 	0
35.9375 	0.000115291 	6.44891e-05 	1
36.0 	7.3045e-05 	7.3045e-05 	0
36.125 	5.02371e-05 	5.02371e-05 	0
36.25 	6.72971e-05 	6.72971e-05 	0
36.4375 	8.52836e-05 	8.52836e-05 	0
36.5 	0.000101641 	4.85107e-05 	1
36.8125 	8.49231e-05 	8.49231e-05 	0
36.875 	0.000104124 	4.65438e-05 	1
37.125 	5.88569e-05 	5.88569e-05 	0
37.1875 	6.86465e-05 	6.86465e-05 	0
37.3125 	0.000102177 	5.74281e-05 	1
37.4375 	8.87765e-05 	8.87765e-05 	0
37.5 	4.36039e-05 	4.36039e-05 	0
37.5625 	6.35953e-05 	6.35953e-05 	0
37.75 	5.92568e-05 	5.92568e-05 	0
37.9375 	5.11504e-05 	5.11504e-05 	0
38.0 	9.65414e-05 	9.65414e-05 	0
38.0625 	0.000163825 	8.84924e-05 	1
38.125 	7.81823e-05 	7.81823e-05 	0
38.25 	7.63997e-05 	7.63997e-05 	0
38.3125 	5.44998e-05 	5.44998e-05 	0
38.4375 	5.54952e-05 	5.54952e-05 	0
38.5625 	9.2027e-05 	9.2027e-05 	0
38.6875 	0.000119027 	5.56692e-05 	1
38.875 	9.84672e-05 	9.84672e-05 	0
38.9375 	5.61973e-05 	5.61973e-05 	0
39.0 	6.75611e-05 	6.75611e-05 	0
39.0625 	7.67583e-05 	7.67583e-05 	0
39.1875 	6.77751e-05 	6.77751e-05 	0
39.25 	0.000118392 	3.94985e-05 	1
39.3125 	6.87085e-05 	6.87085e-05 	0
39.5625 	0.000106428 	4.45451e-05 	1
39.625 	7.55091e-05 	7.55091e-05 	0
39.6875 	9.90598e-05 	9.90598e-05 	0
39.75 	9.51699e-05 	9.51699e-05 	0
39.875 	0.000126482 	9.11895e-05 	1
39.9375 	7.39399e-05 	7.39399e-05 	0
40.0 	6.65012e-05 	6.65012e-05 	0
40.125 	0.000108306 	3.01042e-05 	1
40.25 	5.51645e-05 	5.51645e-05 	0
40.3125 	6.11364e-05 	6.11364e-05 	0
40.4375 	6.31693e-05 	6.31693e-05 	0
40.5 	6.24731e-05 	6.24731e-05 	0
40.5625 	0.000104411 	7.28791e-05 	1
40.625 	7.4158e-05 	7.4158e-05 	0
40.8125 	7.12478e-05 	7.12478e-05 	0
40.9375 	4.72092e-05 	4.72092e-05 	0
41.125 	0.00011717 	4.55793e-05 	1
41.1875 	8.5357e-05 	8.5357e-05 	0
41.25 	9.47456e-05 	9.47456e-05 	0
41.3125 	8.60629e-05 	8.60629e-05 	0
41.4375 	8.56344e-05 	8.56344e-05 	0
41.5 	9.91539e-05 	9.91539e-05 	0
41.6875 	9.6081e-05 	9.6081e-05 	0
41.8125 	0.000123006 	5.95945e-05 	1
41.9375 	7.3247e-05 	7.3247e-05 	0
42.0 	0.000106699 	5.71269e-05 	1
42.25 	9.15531e-05 	9.15531e-05 	0
42.5 	0.000105266 	4.17505e-05 	1
42.6875 	0.000103803 	5.48311e-05 	1
42.8125 	0.000144865 	6.06691e-05 	1
42.875 	7.07439e-05 	7.07439e-05 	0
42.9375 	0.000105438 	4.14382e-05 	1
43.0 	9.10218e-05 	9.10218e-05 	0
43.0625 	7.31412e-05 	7.31412e-05 	0
43.1875 	5.91089e-05 	5.91089e-05 	0
43.3125 	2.92746e-05 	2.92746e-05 	0
43.375 	6.79798e-05 	6.79798e-05 	0
43.9375 	3.801e-05 	3.801e-05 	0
44.0 	0.000100044 	5.2096e-05 	1
44.125 	0.000124696 	4.63304e-05 	1
44.25 	6.12088e-05 	6.12088e-05 	0
44.3125 	0.000101778 	6.24206e-05 	1
44.4375 	9.23971e-05 	9.23971e-05 	0
44.5625 	0.000113858 	6.41246e-05 	1
44.6875 	7.47797e-05 	7.47797e-05 	0
44.8125 	0.000130609 	5.22901e-05 	1
44.875 	8.80262e-05 	8.80262e-05 	0
44.9375 	5.93722e-05 	5.93722e-05 	0
45.0 	0.000124077 	6.13507e-05 	1
45.1875 	8.43709e-05 	8.43709e-05 	0
45.3125 	7.0572e-05 	7.0572e-05 	0
45.5 	4.48103e-05 	4.48103e-05 	0
45.625 	6.50015e-05 	6.50015e-05 	0
45.6875 	6.22163e-05 	6.22163e-05 	0
45.75 	9.73708e-05 	9.73708e-05 	0
46.0 	0.000113784 	5.17262e-05 	1
46.0625 	0.00014933 	6.66908e-05 	1
46.3125 	9.84381e-05 	9.84381e-05 	0
46.5625 	9.31594e-05 	9.31594e-05 	0
46.625 	5.66631e-05 	5.66631e-05 	0
46.6875 	6.69608e-05 	6.69608e-05 	0
46.75 	0.000147517 	8.20126e-05 	1
47.0 	6.6926e-05 	6.6926e-05 	0
47.0625 	0.000113988 	4.33527e-05 	1
47.125 	7.46155e-05 	7.46155e-05 	0
47.25 	7.17518e-05 	7.17518e-05 	0
47.375 	0.000101105 	5.97735e-05 	1
47.5 	8.76594e-05 	8.76594e-05 	0
47.5625 	6.59767e-05 	6.59767e-05 	0
47.625 	8.92821e-05 	8.92821e-05 	0
47.8125 	0.000122086 	6.75692e-05 	1
48.0625 	0.000123256 	6.56197e-05 	1
48.1875 	5.6434e-05 	5.6434e-05 	0
48.25 	8.84853e-05 	8.84853e-05 	0
48.3125 	4.39558e-05 	4.39558e-05 	0
48.4375 	5.73772e-05 	5.73772e-05 	0
48.5625 	7.18711e-05 	7.18711e-05 	0
48.75 	6.32975e-05 	6.32975e-05 	0
48.8125 	0.000118159 	5.59695e-05 	1
48.9375 	0.000102481 	5.75147e-05 	1
49.0 	8.87668e-05 	8.87668e-05 	0
49.3125 	4.94145e-05 	4.94145e-05 	0
49.375 	6.2029e-05 	6.2029e-05 	0
49.4375 	7.50231e-05 	7.50231e-05 	0
49.5625 	5.07333e-05 	5.07333e-05 	0
49.6875 	8.09601e-05 	8.09601e-05 	0
49.75 	5.67011e-05 	5.67011e-05 	0
50.0625 	6.32859e-05 	6.32859e-05 	0
50.25 	4.74747e-05 	4.74747e-05 	0
50.3125 	9.11973e-05 	9.11973e-05 	0
50.375 	4.43298e-05 	4.43298e-05 	0
50.4375 	8.68275e-05 	8.68275e-05 	0
50.5625 	9.33816e-05 	9.33816e-05 	0
50.625 	0.000101077 	3.63763e-05 	1
50.75 	0.000100022 	5.32413e-05 	1
50.8125 	6.14889e-05 	6.14889e-05 	0
50.875 	8.2494e-05 	8.2494e-05 	0
50.9375 	0.000102325 	6.34996e-05 	1
51.0 	9.12844e-05 	9.12844e-05 	0
51.125 	4.68663e-05 	4.68663e-05 	0
51.1875 	0.000102118 	3.89216e-05 	1
51.25 	7.27732e-05 	7.27732e-05 	0
51.375 	0.000142872 	6.01815e-05 	1
51.4375 	5.05415e-05 	5.05415e-05 	0
51.5 	0.000132712 	7.4594e-05 	1
51.625 	4.68796e-05 	4.68796e-05 	0
51.8125 	5.09655e-05 	5.09655e-05 	0
52.0625 	7.93498e-05 	7.93498e-05 	0
52.1875 	0.000113212 	5.68858e-05 	1
52.3125 	8.50362e-05 	8.50362e-05 	0
52.5 	0.000113886 	4.38693e-05 	1
52.75 	9.48391e-05 	9.48391e-05 	0
52.8125 	8.55476e-05 	8.55476e-05 	0
52.9375 	8.22698e-05 	8.22698e-05 	0
53.1875 	0.000105164 	4.33527e-05 	1
53.25 	0.000125957 	4.77686e-05 	1
53.5 	7.38004e-05 	7.38004e-05 	0
53.5625 	6.81404e-05 	6.81404e-05 	0
53.625 	0.000124322 	6.13043e-05 	1
53.6875 	6.16265e-05 	6.16265e-05 	0
53.75 	9.93762e-05 	9.93762e-05 	0
53.875 	8.5693e-05 	8.5693e-05 	0
54.0 	6.9071e-05 	6.9071e-05 	0
54.0625 	9.42233e-05 	9.42233e-05 	0
54.1875 	0.000119235 	4.75149e-05 	1
54.25 	0.000116331 	3.01384e-05 	1
54.3125 	0.000129408 	6.08841e-05 	1
54.375 	9.99211e-05 	9.99211e-05 	0
54.4375 	0.000109862 	6.97621e-05 	1
54.6875 	9.63103e-05 	9.63103e-05 	0
54.8125 	6.47764e-05 	6.47764e-05 	0
54.875 	6.46057e-05 	6.46057e-05 	0
54.9375 	9.22265e-05 	9.22265e-05 	0
55.0 	6.24142e-05 	6.24142e-05 	0
55.3125 	5.45613e-05 	5.45613e-05 	0
55.4375 	5.64779e-05 	5.64779e-05 	0
55.5 	0.000103326 	4.27921e-05 	1
55.75 	9.00457e-05 	9.00457e-05 	0
55.9375 	8.77865e-05 	8.77865e-05 	0
56.0 	9.58327e-05 	9.58327e-05 	0
56.0625 	6.09928e-05 	6.09928e-05 	0
56.3125 	9.44887e-05 	9.44887e-05 	0
56.375 	5.32934e-05 	5.32934e-05 	0
56.4375 	5.2103e-05 	5.2103e-05 	0
56.5625 	3.41379e-05 	3.41379e-05 	0
56.6875 	8.77444e-05 	8.77444e-05 	0
56.75 	7.30934e-05 	7.30934e-05 	0
57.0 	8.65801e-05 	8.65801e-05 	0
57.0625 	6.23742e-05 	6.23742e-05 	0
57.1875 	7.51266e-05 	7.51266e-05 	0
57.25 	0.000115094 	4.83061e-05 	1
57.3125 	8.56118e-05 	8.56118e-05 	0
57.4375 	7.61844e-05 	7.61844e-05 	0
57.6875 	9.86357e-05 	9.86357e-05 	0
57.8125 	8.30957e-05 	8.30957e-05 	0
58.125 	7.20888e-05 	7.20888e-05 	0
58.1875 	9.51624e-05 	9.51624e-05 	0
58.25 	6.93691e-05 	6.93691e-05 	0
58.3125 	6.2964e-05 	6.2964e-05 	0
58.4375 	0.000105951 	6.98622e-05 	1
58.5625 	9.06746e-05 	9.06746e-05 	0
58.8125 	0.000129323 	5.36027e-05 	1
58.875 	8.53229e-05 	8.53229e-05 	0
59.0 	4.7629e-05 	4.7629e-05 	0
59.125 	5.20603e-05 	5.20603e-05 	0
59.25 	0.00011161 	4.89464e-05 	1
59.3125 	9.84014e-05 	9.84014e-05 	0
59.375 	6.10451e-05 	6.10451e-05 	0
59.5 	8.94899e-05 	8.94899e-05 	0
59.6875 	0.000114767 	4.80293e-05 	1
59.8125 	6.30119e-05 	6.30119e-05 	0
60.4375 	6.79386e-05 	6.79386e-05 	0
60.5625 	7.53214e-05 	7.53214e-05 	0
60.625 	0.000100184 	6.87307e-05 	1
60.875 	7.88551e-05 	7.88551e-05 	0
61.0 	0.000105128 	5.66066e-05 	1
61.125 	6.07812e-05 	6.07812e-05 	0
61.4375 	7.58088e-05 	7.58088e-05 	0
61.625 	0.000113729 	4.99304e-05 	1
61.6875 	6.96194e-05 	6.96194e-05 	0
61.8125 	6.27391e-05 	6.27391e-05 	0
61.9375 	9.43311e-05 	9.43311e-05 	0
62.1875 	5.20021e-05 	5.20021e-05 	0
62.25 	8.10266e-05 	8.10266e-05 	0
62.375 	9.47985e-05 	9.47985e-05 	0
62.5 	7.4921e-05 	7.4921e-05 	0
62.5625 	4.85854e-05 	4.85854e-05 	0
62.875 	0.000124825 	5.20136e-05 	1
62.9375 	5.20684e-05 	5.20684e-05 	0
63.0 	0.000108672 	4.88423e-05 	1
63.25 	5.35249e-05 	5.35249e-05 	0
63.4375 	7.3911e-05 	7.3911e-05 	0
63.5625 	6.37701e-05 	6.37701e-05 	0
63.8125 	0.000106773 	5.26613e-05 	1
63.9375 	5.4859e-05 	5.4859e-05 	0
64.0 	0.00012615 	6.07116e-05 	1
64.25 	7.17916e-05 	7.17916e-05 	0
64.4375 	0.000185583 	9.21088e-05 	1
64.5625 	8.28871e-05 	8.28871e-05 	0
64.6875 	7.17124e-05 	7.17124e-05 	0
64.75 	7.75755e-05 	7.75755e-05 	0
64.8125 	7.2265e-05 	7.2265e-05 	0
64.875 	4.93872e-05 	4.93872e-05 	0
64.9375 	8.88995e-05 	8.88995e-05 	0
65.0 	8.55218e-05 	8.55218e-05 	0
65.0625 	8.87946e-05 	8.87946e-05 	0
65.125 	8.54245e-05 	8.54245e-05 	0
65.625 	8.25988e-05 	8.25988e-05 	0
65.8125 	0.000133863 	3.78618e-05 	1
65.9375 	5.4695e-05 	5.4695e-05 	0
66.0 	7.53302e-05 	7.53302e-05 	0
66.0625 	7.23544e-05 	7.23544e-05 	0
66.3125 	6.82819e-05 	6.82819e-05 	0
66.5 	0.000121212 	6.53877e-05 	1
66.75 	5.45649e-05 	5.45649e-05 	0
66.8125 	5.81332e-05 	5.81332e-05 	0
66.9375 	5.55359e-05 	5.55359e-05 	0
67.25 	0.000105037 	3.89076e-05 	1
67.4375 	5.58662e-05 	5.58662e-05 	0
67.5 	9.91524e-05 	9.91524e-05 	0
67.8125 	7.44423e-05 	7.44423e-05 	0
67.875 	9.21744e-05 	9.21744e-05 	0
67.9375 	0.000115188 	4.69381e-05 	1
68.0 	9.33575e-05 	9.33575e-05 	0
68.125 	6.66649e-05 	6.66649e-05 	0
68.1875 	5.00781e-05 	5.00781e-05 	0
68.3125 	9.23569e-05 	9.23569e-05 	0
68.4375 	0.000120176 	5.88684e-05 	1
68.5625 	6.48826e-05 	6.48826e-05 	0
68.6875 	0.00013091 	6.02051e-05 	1
68.75 	6.59794e-05 	6.59794e-05 	0
68.8125 	0.000103607 	4.81984e-05 	1
68.9375 	6.1241e-05 	6.1241e-05 	0
69.125 	5.78302e-05 	5.78302e-05 	0
69.1875 	8.15988e-05 	8.15988e-05 	0
69.25 	0.000103025 	4.76016e-05 	1
69.3125 	5.54336e-05 	5.54336e-05 	0
69.4375 	0.000125901 	5.78883e-05 	1
69.5 	0.000114044 	5.44466e-05 	1
69.75 	6.20774e-05 	6.20774e-05 	0
69.8125 	6.01193e-05 	6.01193e-05 	0
69.875 	0.000104409 	4.65631e-05 	1
69.9375 	9.42048e-05 	9.42048e-05 	0
