# time 	Initial 	Final 	Iterations
0.333274 	8.47382e-05 	8.47382e-05 	0
0.579973 	0.000111616 	4.68131e-05 	1
0.642226 	8.88551e-05 	8.88551e-05 	0
0.70448 	0.000147264 	4.07956e-05 	1
0.766734 	0.000131803 	4.06079e-05 	1
0.828988 	0.000120921 	5.80041e-05 	1
1.01575 	0.00010914 	6.72741e-05 	1
1.078 	0.000124157 	5.30771e-05 	1
1.20251 	0.000115735 	5.26961e-05 	1
1.26477 	0.000136303 	3.83367e-05 	1
1.38927 	0.000119078 	3.11123e-05 	1
1.45153 	9.53998e-05 	9.53998e-05 	0
1.51378 	0.000105589 	8.63313e-05 	1
1.57604 	0.000110583 	2.86337e-05 	1
1.7628 	9.10145e-05 	9.10145e-05 	0
1.8873 	8.2654e-05 	8.2654e-05 	0
1.94956 	4.02911e-05 	4.02911e-05 	0
2.07407 	7.06508e-05 	7.06508e-05 	0
2.19857 	0.000124106 	3.72563e-05 	1
2.26083 	0.000124641 	7.30072e-05 	1
2.32308 	0.000112868 	6.51609e-05 	1
2.38534 	0.000119612 	3.39581e-05 	1
2.44759 	6.57828e-05 	6.57828e-05 	0
2.63435 	0.000106267 	6.57341e-05 	1
2.69661 	9.44427e-05 	9.44427e-05 	0
2.88337 	0.00010937 	9.42309e-05 	1
2.94562 	7.03727e-05 	7.03727e-05 	0
3.07013 	6.9676e-05 	6.9676e-05 	0
3.13238 	7.72881e-05 	7.72881e-05 	0
3.19464 	0.000134434 	9.54049e-05 	1
3.25689 	0.000110164 	8.02529e-05 	1
3.31914 	0.000106547 	7.73261e-05 	1
3.3814 	0.000104818 	2.94692e-05 	1
3.44365 	7.59178e-05 	7.59178e-05 	0
3.50591 	0.000110563 	7.60386e-05 	1
3.56816 	0.000107308 	7.52677e-05 	1
3.69267 	0.000102538 	6.52248e-05 	1
3.75492 	6.51853e-05 	6.51853e-05 	0
3.81718 	9.20865e-05 	9.20865e-05 	0
3.87943 	9.66371e-05 	9.66371e-05 	0
4.00394 	5.96739e-05 	5.96739e-05 	0
4.06619 	5.51132e-05 	5.51132e-05 	0
4.12845 	8.23859e-05 	8.23859e-05 	0
4.1907 	0.000106312 	7.96249e-05 	1
4.25295 	7.43679e-05 	7.43679e-05 	0
4.31521 	7.84489e-05 	7.84489e-05 	0
4.37746 	8.02409e-05 	8.02409e-05 	0
4.50197 	8.0739e-05 	8.0739e-05 	0
4.56422 	6.3687e-05 	6.3687e-05 	0
4.62648 	7.36928e-05 	7.36928e-05 	0
4.68873 	0.000104981 	6.20889e-05 	2
4.75098 	8.24667e-05 	8.24667e-05 	0
4.81324 	0.000112772 	8.55922e-05 	1
4.87549 	0.000108474 	8.87246e-05 	1
4.93775 	8.21308e-05 	8.21308e-05 	0
5.0 	0.000105871 	6.7875e-05 	1
5.0625 	0.000111918 	7.23082e-05 	1
5.125 	8.66107e-05 	8.66107e-05 	0
5.25 	0.000120656 	2.98604e-05 	1
5.3125 	0.000113128 	3.17568e-05 	1
5.375 	0.000103148 	3.71003e-05 	1
5.5 	0.000103364 	7.35921e-05 	1
5.5625 	6.72189e-05 	6.72189e-05 	0
5.625 	5.48588e-05 	5.48588e-05 	0
5.6875 	0.000142809 	2.85964e-05 	1
5.75 	0.000151178 	4.40131e-05 	1
5.8125 	0.00011609 	7.51219e-05 	1
5.875 	0.00014741 	4.2338e-05 	1
5.9375 	9.33394e-05 	9.33394e-05 	0
6.0 	0.000126486 	3.11511e-05 	1
6.125 	0.000108297 	6.07722e-05 	1
6.1875 	0.000124016 	4.78248e-05 	1
6.25 	9.53288e-05 	9.53288e-05 	0
6.3125 	6.15005e-05 	6.15005e-05 	0
6.4375 	6.03864e-05 	6.03864e-05 	0
6.6875 	0.000103115 	3.20375e-05 	1
6.75 	8.29907e-05 	8.29907e-05 	0
6.8125 	8.74535e-05 	8.74535e-05 	0
6.9375 	0.000114438 	4.01383e-05 	1
7.0 	0.00011425 	7.16638e-05 	1
7.0625 	9.90894e-05 	9.90894e-05 	0
7.125 	0.000112799 	5.8728e-05 	1
7.1875 	7.69641e-05 	7.69641e-05 	0
7.25 	0.00012787 	7.84695e-05 	2
7.4375 	8.92611e-05 	8.92611e-05 	0
7.5625 	0.000112001 	7.6036e-05 	1
7.625 	0.000109711 	7.63513e-05 	1
7.6875 	0.000103388 	5.93333e-05 	1
7.8125 	0.000102356 	6.32918e-05 	1
7.9375 	0.00010636 	8.25876e-05 	1
8.0 	0.000123979 	7.36263e-05 	1
8.0625 	9.90252e-05 	9.90252e-05 	0
8.125 	0.000102517 	9.73037e-05 	1
8.25 	6.53693e-05 	6.53693e-05 	0
8.3125 	7.28002e-05 	7.28002e-05 	0
8.375 	7.45512e-05 	7.45512e-05 	0
8.4375 	8.53604e-05 	8.53604e-05 	0
8.5 	9.95002e-05 	9.95002e-05 	0
8.5625 	0.000109939 	9.80289e-05 	1
8.8125 	7.90531e-05 	7.90531e-05 	0
8.9375 	0.000117134 	7.18349e-05 	2
9.0 	6.48014e-05 	6.48014e-05 	0
9.0625 	0.000127369 	9.28833e-05 	1
9.125 	0.000116098 	3.01979e-05 	1
9.1875 	9.70578e-05 	9.70578e-05 	0
9.25 	8.4538e-05 	8.4538e-05 	0
9.3125 	9.04151e-05 	9.04151e-05 	0
9.375 	9.11163e-05 	9.11163e-05 	0
9.4375 	7.89451e-05 	7.89451e-05 	0
9.5625 	0.000105245 	8.47625e-05 	1
9.625 	6.82619e-05 	6.82619e-05 	0
9.6875 	0.000109578 	9.51668e-05 	1
9.8125 	7.75006e-05 	7.75006e-05 	0
9.875 	0.000118102 	9.56898e-05 	1
9.9375 	0.000116499 	9.16169e-05 	1
10.0 	5.56516e-05 	5.56516e-05 	0
10.0625 	9.93147e-05 	9.93147e-05 	0
10.1875 	0.000106163 	7.03926e-05 	2
10.3125 	0.000117075 	7.54419e-05 	1
10.375 	0.000101295 	5.31533e-05 	1
10.5625 	6.05787e-05 	6.05787e-05 	0
10.625 	9.88772e-05 	9.88772e-05 	0
10.6875 	0.000119468 	2.72468e-05 	1
10.75 	9.24042e-05 	9.24042e-05 	0
10.8125 	0.000102626 	7.62787e-05 	1
10.875 	7.29148e-05 	7.29148e-05 	0
11.0 	9.8063e-05 	9.8063e-05 	0
11.0625 	9.81245e-05 	9.81245e-05 	0
11.1875 	8.89175e-05 	8.89175e-05 	0
11.375 	0.00010453 	5.4757e-05 	1
11.4375 	9.38988e-05 	9.38988e-05 	0
11.5625 	0.000113685 	9.5881e-05 	1
11.625 	0.000153977 	4.10007e-05 	1
11.6875 	0.000105265 	8.14984e-05 	1
11.75 	0.000109211 	6.66099e-05 	1
11.8125 	0.00010567 	5.83981e-05 	1
11.875 	9.0063e-05 	9.0063e-05 	0
11.9375 	6.44344e-05 	6.44344e-05 	0
12.0 	0.000143866 	4.31765e-05 	1
12.0625 	0.000131343 	4.61826e-05 	1
12.125 	0.000122302 	7.53645e-05 	1
12.1875 	9.01541e-05 	9.01541e-05 	0
12.25 	0.000104302 	8.55565e-05 	1
12.3125 	0.000100061 	7.3496e-05 	1
12.375 	0.000118078 	3.59126e-05 	1
12.5625 	9.76736e-05 	9.76736e-05 	0
12.625 	0.000116581 	7.60813e-05 	1
12.6875 	0.000117344 	8.37201e-05 	1
12.75 	4.34344e-05 	4.34344e-05 	0
12.8125 	8.95225e-05 	8.95225e-05 	0
12.875 	0.000119816 	8.23295e-05 	1
13.0 	7.52235e-05 	7.52235e-05 	0
13.0625 	0.000126114 	7.7142e-05 	1
13.125 	0.00010448 	2.9656e-05 	1
13.1875 	8.88775e-05 	8.88775e-05 	0
13.25 	0.000121072 	4.45936e-05 	1
13.375 	5.22098e-05 	5.22098e-05 	0
13.4375 	7.41859e-05 	7.41859e-05 	0
13.5 	0.000116104 	7.95504e-05 	1
13.5625 	0.000119687 	8.40988e-05 	1
13.625 	6.25264e-05 	6.25264e-05 	0
13.6875 	8.87063e-05 	8.87063e-05 	0
14.0 	8.53861e-05 	8.53861e-05 	0
14.0625 	8.70921e-05 	8.70921e-05 	0
14.125 	0.000122753 	3.64491e-05 	1
14.1875 	0.000103393 	6.42328e-05 	1
14.3125 	9.363e-05 	9.363e-05 	0
14.375 	6.37903e-05 	6.37903e-05 	0
14.4375 	0.000100114 	2.5706e-05 	1
14.5 	9.92428e-05 	9.92428e-05 	0
14.625 	0.000117398 	8.1223e-05 	1
14.6875 	0.000139109 	3.86297e-05 	1
14.75 	0.000121107 	8.45415e-05 	1
14.8125 	7.24794e-05 	7.24794e-05 	0
14.875 	4.52944e-05 	4.52944e-05 	0
14.9375 	0.000124786 	4.07956e-05 	1
15.0 	8.61326e-05 	8.61326e-05 	0
15.1875 	0.000123224 	3.89176e-05 	1
15.25 	0.00010448 	7.87696e-05 	1
15.3125 	0.000104205 	6.45346e-05 	1
15.375 	0.000112126 	7.55673e-05 	1
15.4375 	0.000105041 	7.49336e-05 	1
15.5 	5.80134e-05 	5.80134e-05 	0
15.5625 	9.71464e-05 	9.71464e-05 	0
15.75 	9.0769e-05 	9.0769e-05 	0
15.8125 	0.000105909 	7.27041e-05 	1
15.875 	0.000105944 	4.01091e-05 	1
15.9375 	0.000101468 	4.46969e-05 	1
16.0 	0.000104543 	7.99922e-05 	1
16.0625 	0.000133271 	7.97907e-05 	1
16.125 	9.33835e-05 	9.33835e-05 	0
16.1875 	8.05531e-05 	8.05531e-05 	0
16.25 	0.000123673 	3.77413e-05 	1
16.3125 	7.78131e-05 	7.78131e-05 	0
16.375 	0.000114785 	4.27882e-05 	1
16.4375 	8.97215e-05 	8.97215e-05 	0
16.5 	0.000102999 	5.12131e-05 	1
16.625 	0.000114816 	9.74017e-05 	1
16.6875 	0.000126788 	3.6432e-05 	1
16.75 	0.00010269 	6.19876e-05 	1
16.8125 	8.63443e-05 	8.63443e-05 	0
16.875 	8.67144e-05 	8.67144e-05 	0
16.9375 	4.94267e-05 	4.94267e-05 	0
17.25 	0.000105755 	6.1093e-05 	2
17.3125 	0.000101873 	8.51552e-05 	1
17.375 	9.64412e-05 	9.64412e-05 	0
17.4375 	9.78571e-05 	9.78571e-05 	0
17.5 	0.000114717 	9.27215e-05 	1
17.5625 	8.71836e-05 	8.71836e-05 	0
17.625 	0.000159874 	4.33437e-05 	1
17.6875 	7.00804e-05 	7.00804e-05 	0
17.75 	7.21854e-05 	7.21854e-05 	0
17.8125 	0.000111714 	6.76725e-05 	1
18.0 	9.26275e-05 	9.26275e-05 	0
18.0625 	0.000100607 	4.52105e-05 	1
18.125 	6.09265e-05 	6.09265e-05 	0
18.1875 	0.000105015 	8.22103e-05 	1
18.25 	0.000120515 	9.79721e-05 	1
18.3125 	7.91816e-05 	7.91816e-05 	0
18.375 	7.09625e-05 	7.09625e-05 	0
18.4375 	9.66398e-05 	9.66398e-05 	0
18.5 	0.00011352 	5.57808e-05 	1
18.5625 	0.000101807 	5.76312e-05 	1
18.625 	9.49273e-05 	9.49273e-05 	0
18.75 	0.000112243 	4.97095e-05 	1
18.8125 	8.9111e-05 	8.9111e-05 	0
18.875 	0.000115743 	7.29529e-05 	2
18.9375 	5.72026e-05 	5.72026e-05 	0
19.125 	9.74609e-05 	9.74609e-05 	0
19.25 	0.000111728 	3.2788e-05 	1
19.3125 	6.01687e-05 	6.01687e-05 	0
19.375 	0.00013105 	3.57509e-05 	1
19.4375 	0.00011743 	6.7475e-05 	1
19.5 	9.80646e-05 	9.80646e-05 	0
19.625 	8.58762e-05 	8.58762e-05 	0
19.6875 	7.07934e-05 	7.07934e-05 	0
19.75 	8.12805e-05 	8.12805e-05 	0
19.9375 	0.000114951 	7.0492e-05 	2
20.0 	7.44671e-05 	7.44671e-05 	0
20.0625 	0.000168832 	4.54635e-05 	1
20.125 	0.000101262 	6.43746e-05 	2
20.1875 	0.000101579 	3.03196e-05 	1
20.25 	0.000108479 	6.64758e-05 	1
20.3125 	0.000102622 	7.11571e-05 	1
20.375 	6.67635e-05 	6.67635e-05 	0
20.4375 	9.48653e-05 	9.48653e-05 	0
20.5 	6.70595e-05 	6.70595e-05 	0
20.5625 	0.000122816 	8.84704e-05 	1
20.625 	9.37851e-05 	9.37851e-05 	0
20.6875 	9.09681e-05 	9.09681e-05 	0
20.75 	0.000122972 	8.60736e-05 	1
20.8125 	0.000118374 	9.16216e-05 	1
20.875 	8.91128e-05 	8.91128e-05 	0
21.0 	8.03529e-05 	8.03529e-05 	0
21.0625 	0.000136201 	3.5011e-05 	1
21.1875 	0.000115455 	8.56626e-05 	1
21.3125 	9.74167e-05 	9.74167e-05 	0
21.375 	7.54386e-05 	7.54386e-05 	0
21.4375 	0.000107825 	8.15774e-05 	1
21.5625 	0.000119433 	6.91423e-05 	1
21.625 	0.000111039 	8.01552e-05 	1
21.6875 	0.000117538 	8.74832e-05 	1
21.75 	8.3744e-05 	8.3744e-05 	0
21.8125 	9.03558e-05 	9.03558e-05 	0
21.875 	5.83369e-05 	5.83369e-05 	0
21.9375 	0.000120092 	3.15663e-05 	1
22.0 	9.69535e-05 	9.69535e-05 	0
22.125 	0.000100837 	5.10886e-05 	1
22.1875 	0.00012834 	4.1433e-05 	1
22.25 	8.61993e-05 	8.61993e-05 	0
22.3125 	0.000120909 	3.41031e-05 	1
22.375 	0.000130865 	7.09554e-05 	1
22.625 	9.4491e-05 	9.4491e-05 	0
22.6875 	6.77621e-05 	6.77621e-05 	0
22.75 	0.000101256 	3.17022e-05 	1
22.8125 	6.79085e-05 	6.79085e-05 	0
22.9375 	0.000132767 	9.5261e-05 	1
23.0 	0.000144885 	3.20635e-05 	1
23.0625 	0.000117366 	7.01979e-05 	1
23.125 	0.000123637 	5.1674e-05 	1
23.1875 	9.51612e-05 	9.51612e-05 	0
23.3125 	0.000107535 	6.97759e-05 	2
23.375 	0.000112527 	6.63185e-05 	1
23.4375 	4.83811e-05 	4.83811e-05 	0
23.5625 	0.000115477 	2.75103e-05 	1
23.6875 	0.000117531 	7.37862e-05 	1
23.75 	8.23597e-05 	8.23597e-05 	0
23.8125 	0.000107052 	7.18404e-05 	1
23.875 	0.00014531 	4.4524e-05 	1
23.9375 	8.18209e-05 	8.18209e-05 	0
24.0 	0.000117651 	8.64284e-05 	1
24.0625 	0.000113482 	9.84669e-05 	1
24.125 	0.00011102 	8.39396e-05 	1
24.1875 	7.77583e-05 	7.77583e-05 	0
24.3125 	8.98558e-05 	8.98558e-05 	0
24.375 	0.000110581 	6.24558e-05 	1
24.4375 	8.53387e-05 	8.53387e-05 	0
24.5 	0.0001277 	2.62118e-05 	1
24.5625 	8.96057e-05 	8.96057e-05 	0
24.625 	8.10268e-05 	8.10268e-05 	0
24.6875 	6.52127e-05 	6.52127e-05 	0
24.75 	0.00011514 	8.59117e-05 	1
24.8125 	6.99631e-05 	6.99631e-05 	0
25.0 	8.30118e-05 	8.30118e-05 	0
25.0625 	0.000114561 	7.03949e-05 	1
25.125 	0.000114081 	6.63608e-05 	2
25.25 	9.29415e-05 	9.29415e-05 	0
25.3125 	5.84176e-05 	5.84176e-05 	0
25.5 	7.33576e-05 	7.33576e-05 	0
25.5625 	6.74649e-05 	6.74649e-05 	0
25.625 	0.000130321 	8.57733e-05 	1
25.6875 	0.000101907 	5.35699e-05 	1
25.75 	0.000106557 	6.66969e-05 	1
25.8125 	7.65228e-05 	7.65228e-05 	0
25.875 	9.21917e-05 	9.21917e-05 	0
25.9375 	7.20028e-05 	7.20028e-05 	0
26.0 	0.000115716 	6.34373e-05 	2
26.0625 	5.41466e-05 	5.41466e-05 	0
26.125 	0.000124244 	9.63146e-05 	1
26.25 	0.000100674 	8.95091e-05 	1
26.3125 	7.47162e-05 	7.47162e-05 	0
26.375 	6.7143e-05 	6.7143e-05 	0
26.4375 	0.000137989 	4.57308e-05 	1
26.5 	5.66888e-05 	5.66888e-05 	0
26.5625 	9.8833e-05 	9.8833e-05 	0
26.625 	9.3648e-05 	9.3648e-05 	0
26.6875 	0.000114371 	6.38798e-05 	1
26.875 	9.29127e-05 	9.29127e-05 	0
26.9375 	0.000113126 	6.73215e-05 	2
27.0 	0.000118708 	4.0442e-05 	1
27.0625 	7.83394e-05 	7.83394e-05 	0
27.25 	9.73945e-05 	9.73945e-05 	0
27.3125 	6.40984e-05 	6.40984e-05 	0
27.375 	0.000101522 	6.55933e-05 	1
27.5 	7.09624e-05 	7.09624e-05 	0
27.5625 	0.000102071 	7.77267e-05 	1
27.625 	0.000105244 	8.36203e-05 	1
27.6875 	0.000111487 	9.3573e-05 	1
27.75 	8.40152e-05 	8.40152e-05 	0
27.8125 	7.20336e-05 	7.20336e-05 	0
27.875 	0.00012473 	9.48992e-05 	1
28.0 	6.95229e-05 	6.95229e-05 	0
28.0625 	7.07555e-05 	7.07555e-05 	0
28.125 	8.68659e-05 	8.68659e-05 	0
28.3125 	0.000139271 	7.88333e-05 	1
28.375 	0.000106943 	7.47785e-05 	1
28.4375 	0.000100717 	5.43087e-05 	1
28.5 	0.000111343 	7.04327e-05 	1
28.625 	0.000106911 	6.82832e-05 	1
28.6875 	9.57145e-05 	9.57145e-05 	0
28.8125 	9.3112e-05 	9.3112e-05 	0
28.875 	9.54843e-05 	9.54843e-05 	0
28.9375 	0.00010863 	7.24408e-05 	1
29.0 	7.45142e-05 	7.45142e-05 	0
29.0625 	0.000131857 	8.23309e-05 	1
29.125 	7.84097e-05 	7.84097e-05 	0
29.1875 	0.000121366 	7.40432e-05 	1
29.25 	0.000134078 	4.18464e-05 	1
29.3125 	9.36119e-05 	9.36119e-05 	0
29.375 	0.000106479 	7.09024e-05 	1
29.4375 	9.90008e-05 	9.90008e-05 	0
29.5 	9.69016e-05 	9.69016e-05 	0
29.5625 	8.47373e-05 	8.47373e-05 	0
29.625 	5.31849e-05 	5.31849e-05 	0
29.6875 	0.000112357 	6.35972e-05 	1
29.75 	0.000127618 	9.01472e-05 	1
29.875 	6.40943e-05 	6.40943e-05 	0
29.9375 	0.000134635 	4.21377e-05 	1
30.0 	0.000112435 	7.78092e-05 	1
30.125 	0.000108191 	6.90464e-05 	1
30.1875 	5.3163e-05 	5.3163e-05 	0
30.25 	0.000114149 	4.62979e-05 	1
30.3125 	0.000106384 	8.43773e-05 	1
30.375 	0.000113253 	9.11224e-05 	1
30.4375 	0.000120495 	8.86781e-05 	1
30.5 	0.000139429 	4.27432e-05 	1
30.5625 	0.000116118 	3.16032e-05 	1
30.6875 	0.000116173 	8.58432e-05 	1
30.75 	0.000121339 	7.4523e-05 	1
30.8125 	0.000158269 	4.81999e-05 	1
30.9375 	8.8096e-05 	8.8096e-05 	0
31.0 	0.000105108 	6.75899e-05 	2
31.125 	8.28519e-05 	8.28519e-05 	0
31.1875 	6.47882e-05 	6.47882e-05 	0
31.25 	0.000120839 	8.65428e-05 	1
31.3125 	0.000129955 	7.05086e-05 	1
31.375 	6.76974e-05 	6.76974e-05 	0
31.5 	9.76695e-05 	9.76695e-05 	0
31.5625 	0.00011581 	3.02502e-05 	1
31.625 	7.25948e-05 	7.25948e-05 	0
31.6875 	0.000112225 	5.41345e-05 	1
31.75 	7.31248e-05 	7.31248e-05 	0
31.8125 	0.000116551 	9.28664e-05 	1
31.875 	7.68312e-05 	7.68312e-05 	0
31.9375 	7.97498e-05 	7.97498e-05 	0
32.0 	9.23491e-05 	9.23491e-05 	0
32.0625 	4.71999e-05 	4.71999e-05 	0
32.125 	9.55332e-05 	9.55332e-05 	0
32.1875 	0.000103261 	6.82554e-05 	1
32.25 	9.9549e-05 	9.9549e-05 	0
32.3125 	0.000107391 	7.19001e-05 	1
32.4375 	0.000117499 	7.62249e-05 	1
32.5 	9.45448e-05 	9.45448e-05 	0
32.625 	9.51038e-05 	9.51038e-05 	0
32.6875 	5.65686e-05 	5.65686e-05 	0
32.75 	9.1052e-05 	9.1052e-05 	0
32.8125 	9.93612e-05 	9.93612e-05 	0
32.875 	0.000110792 	7.63784e-05 	1
32.9375 	0.000152791 	9.33391e-05 	1
33.0 	0.000142769 	3.09836e-05 	1
33.0625 	9.66755e-05 	9.66755e-05 	0
33.125 	5.71024e-05 	5.71024e-05 	0
33.1875 	9.19545e-05 	9.19545e-05 	0
33.25 	8.51466e-05 	8.51466e-05 	0
33.3125 	7.5038e-05 	7.5038e-05 	0
33.375 	0.000118303 	7.9521e-05 	1
33.4375 	7.47864e-05 	7.47864e-05 	0
33.5 	8.55386e-05 	8.55386e-05 	0
33.625 	0.000119641 	7.40661e-05 	2
33.6875 	9.82963e-05 	9.82963e-05 	0
33.75 	7.49083e-05 	7.49083e-05 	0
33.875 	9.86121e-05 	9.86121e-05 	0
33.9375 	0.000105383 	8.79072e-05 	2
34.0625 	9.3438e-05 	9.3438e-05 	0
34.125 	0.000105567 	6.06536e-05 	1
34.1875 	8.27819e-05 	8.27819e-05 	0
34.25 	0.000121372 	3.53117e-05 	1
34.3125 	7.68223e-05 	7.68223e-05 	0
34.375 	9.70322e-05 	9.70322e-05 	0
34.4375 	0.000146773 	8.85741e-05 	1
34.5 	8.60882e-05 	8.60882e-05 	0
34.5625 	0.000107879 	6.54343e-05 	1
34.625 	8.78156e-05 	8.78156e-05 	0
34.6875 	0.000100235 	7.04187e-05 	1
34.75 	6.84476e-05 	6.84476e-05 	0
34.875 	9.04265e-05 	9.04265e-05 	0
34.9375 	0.000114582 	9.89296e-05 	1
35.0625 	7.1698e-05 	7.1698e-05 	0
35.125 	0.000105192 	9.91075e-05 	1
35.25 	9.34725e-05 	9.34725e-05 	0
35.3125 	0.000104979 	7.37821e-05 	1
35.375 	9.74307e-05 	9.74307e-05 	0
35.5625 	0.00010143 	5.798e-05 	1
35.625 	0.000111292 	6.4983e-05 	1
35.6875 	0.000140944 	8.23921e-05 	1
35.75 	0.000109818 	7.48737e-05 	1
35.8125 	8.89361e-05 	8.89361e-05 	0
35.875 	0.000110234 	7.28376e-05 	1
35.9375 	9.35473e-05 	9.35473e-05 	0
36.0 	0.000151125 	8.11615e-05 	1
36.125 	0.000111594 	4.59801e-05 	1
36.25 	9.24156e-05 	9.24156e-05 	0
36.4375 	9.36386e-05 	9.36386e-05 	0
36.5 	5.35864e-05 	5.35864e-05 	0
36.5625 	0.00011144 	6.29844e-05 	1
36.625 	5.49347e-05 	5.49347e-05 	0
36.6875 	0.000117859 	3.81486e-05 	1
36.8125 	0.000125682 	8.41654e-05 	1
36.875 	0.000104245 	6.77424e-05 	2
36.9375 	8.05103e-05 	8.05103e-05 	0
37.0625 	0.000114157 	4.96386e-05 	1
37.125 	0.000118339 	8.99442e-05 	1
37.1875 	9.25829e-05 	9.25829e-05 	0
37.25 	0.000108378 	9.79102e-05 	1
37.3125 	0.000115746 	7.45345e-05 	1
37.375 	5.54761e-05 	5.54761e-05 	0
37.4375 	0.000116405 	9.30129e-05 	1
37.5 	7.33683e-05 	7.33683e-05 	0
37.5625 	9.77973e-05 	9.77973e-05 	0
37.625 	0.000113762 	7.46186e-05 	2
37.75 	0.000124845 	8.33246e-05 	1
37.8125 	8.51063e-05 	8.51063e-05 	0
37.875 	0.000137581 	4.40223e-05 	1
37.9375 	0.000105433 	7.23223e-05 	1
38.0 	0.000126076 	9.41229e-05 	1
38.0625 	6.55517e-05 	6.55517e-05 	0
38.125 	0.000110285 	5.28857e-05 	1
38.1875 	0.000127375 	2.99462e-05 	1
38.25 	6.23547e-05 	6.23547e-05 	0
38.3125 	9.68318e-05 	9.68318e-05 	0
38.375 	0.000112642 	7.96411e-05 	1
38.4375 	6.65745e-05 	6.65745e-05 	0
38.5625 	0.000104112 	7.79095e-05 	1
38.6875 	0.00013508 	4.21979e-05 	1
38.8125 	0.000105054 	9.80508e-05 	1
38.875 	7.65546e-05 	7.65546e-05 	0
38.9375 	0.000123672 	4.38541e-05 	1
39.0 	9.35898e-05 	9.35898e-05 	0
39.0625 	9.44073e-05 	9.44073e-05 	0
39.125 	8.47585e-05 	8.47585e-05 	0
39.1875 	9.56204e-05 	9.56204e-05 	0
39.25 	0.000120229 	2.41627e-05 	1
39.3125 	7.6443e-05 	7.6443e-05 	0
39.5 	0.000113784 	3.31975e-05 	1
39.5625 	9.35928e-05 	9.35928e-05 	0
39.625 	8.86027e-05 	8.86027e-05 	0
39.6875 	6.41504e-05 	6.41504e-05 	0
39.75 	0.00010349 	5.91811e-05 	1
39.8125 	0.000118238 	7.61739e-05 	1
39.875 	0.000101775 	6.38009e-05 	1
39.9375 	0.00010686 	6.51562e-05 	1
40.0 	9.10181e-05 	9.10181e-05 	0
40.125 	8.1623e-05 	8.1623e-05 	0
40.25 	0.000124529 	9.43553e-05 	1
40.3125 	0.000120552 	5.40169e-05 	1
40.4375 	9.03923e-05 	9.03923e-05 	0
40.5 	5.19965e-05 	5.19965e-05 	0
40.5625 	0.000111304 	4.966e-05 	1
40.625 	0.000105107 	2.55347e-05 	1
40.8125 	9.12349e-05 	9.12349e-05 	0
40.9375 	0.000122574 	7.28147e-05 	1
41.0 	8.6297e-05 	8.6297e-05 	0
41.125 	0.000109764 	8.08241e-05 	1
41.1875 	0.000138645 	3.30054e-05 	1
41.25 	9.51686e-05 	9.51686e-05 	0
41.3125 	0.000114855 	5.20576e-05 	1
41.4375 	8.90371e-05 	8.90371e-05 	0
41.5 	7.61779e-05 	7.61779e-05 	0
41.5625 	9.39468e-05 	9.39468e-05 	0
41.625 	0.000110406 	6.24983e-05 	1
41.6875 	8.74848e-05 	8.74848e-05 	0
41.8125 	5.94731e-05 	5.94731e-05 	0
41.875 	0.000103605 	6.20938e-05 	1
41.9375 	8.98421e-05 	8.98421e-05 	0
42.0 	0.00013389 	4.11473e-05 	1
42.125 	9.6183e-05 	9.6183e-05 	0
42.25 	0.000121724 	9.57189e-05 	1
42.375 	0.00012517 	9.12325e-05 	1
42.5 	0.000104831 	9.71322e-05 	1
42.6875 	0.000116247 	7.24688e-05 	1
42.8125 	0.000111681 	7.7627e-05 	1
42.875 	0.00013927 	3.91762e-05 	1
42.9375 	7.62781e-05 	7.62781e-05 	0
43.0 	0.000107685 	5.05795e-05 	1
43.0625 	9.9177e-05 	9.9177e-05 	0
43.125 	0.000107273 	6.76388e-05 	1
43.1875 	8.04853e-05 	8.04853e-05 	0
43.3125 	8.41846e-05 	8.41846e-05 	0
43.375 	5.41858e-05 	5.41858e-05 	0
43.4375 	4.86414e-05 	4.86414e-05 	0
43.5625 	0.000115469 	2.63803e-05 	1
43.6875 	0.000113676 	5.02243e-05 	1
43.75 	0.000121792 	9.15386e-05 	1
43.8125 	0.000114172 	9.71828e-05 	1
43.875 	4.53429e-05 	4.53429e-05 	0
43.9375 	0.000112885 	6.78505e-05 	1
44.0 	7.08317e-05 	7.08317e-05 	0
44.0625 	6.6678e-05 	6.6678e-05 	0
44.125 	8.97366e-05 	8.97366e-05 	0
44.1875 	0.000116421 	7.40138e-05 	2
44.25 	8.0832e-05 	8.0832e-05 	0
44.3125 	0.000106387 	7.61802e-05 	1
44.375 	9.71964e-05 	9.71964e-05 	0
44.4375 	8.72829e-05 	8.72829e-05 	0
44.5 	8.84746e-05 	8.84746e-05 	0
44.5625 	0.000137222 	4.22837e-05 	1
44.625 	8.21678e-05 	8.21678e-05 	0
44.6875 	5.51112e-05 	5.51112e-05 	0
44.75 	0.000150774 	8.64217e-05 	1
44.8125 	0.000146305 	4.32555e-05 	1
44.875 	0.000110327 	8.13568e-05 	1
44.9375 	0.000105586 	9.19807e-05 	1
45.0 	6.70299e-05 	6.70299e-05 	0
45.0625 	0.00010134 	7.71897e-05 	1
45.1875 	8.60733e-05 	8.60733e-05 	0
45.3125 	0.000108046 	5.82694e-05 	1
45.375 	0.000120221 	9.47839e-05 	1
45.5 	0.000128042 	3.5008e-05 	1
45.5625 	0.000142049 	8.57335e-05 	1
45.625 	7.50463e-05 	7.50463e-05 	0
45.6875 	0.000104359 	5.23897e-05 	1
45.75 	8.28291e-05 	8.28291e-05 	0
45.875 	0.000138257 	7.67001e-05 	1
45.9375 	8.81216e-05 	8.81216e-05 	0
46.0 	5.76617e-05 	5.76617e-05 	0
46.0625 	0.000108785 	4.10622e-05 	1
46.125 	0.000105417 	8.80318e-05 	1
46.3125 	8.87996e-05 	8.87996e-05 	0
46.375 	8.58284e-05 	8.58284e-05 	0
46.5625 	0.000100588 	4.65518e-05 	1
46.625 	9.96156e-05 	9.96156e-05 	0
46.6875 	9.19174e-05 	9.19174e-05 	0
46.75 	5.69139e-05 	5.69139e-05 	0
46.8125 	9.06283e-05 	9.06283e-05 	0
46.875 	0.000134843 	6.3426e-05 	1
47.0 	0.000112782 	9.0357e-05 	1
47.0625 	9.3825e-05 	9.3825e-05 	0
47.125 	0.000134783 	2.83942e-05 	1
47.1875 	9.47675e-05 	9.47675e-05 	0
47.25 	7.88624e-05 	7.88624e-05 	0
47.3125 	0.000113647 	8.81187e-05 	1
47.375 	9.80491e-05 	9.80491e-05 	0
47.5 	8.52823e-05 	8.52823e-05 	0
47.5625 	0.000114801 	7.50393e-05 	1
47.625 	8.81684e-05 	8.81684e-05 	0
47.6875 	5.09023e-05 	5.09023e-05 	0
47.8125 	0.000119319 	6.7733e-05 	2
47.875 	0.000107985 	7.02867e-05 	2
48.0 	0.000110613 	5.69666e-05 	1
48.0625 	7.5296e-05 	7.5296e-05 	0
48.1875 	0.000111756 	3.20716e-05 	1
48.25 	9.56521e-05 	9.56521e-05 	0
48.3125 	6.62591e-05 	6.62591e-05 	0
48.375 	5.19836e-05 	5.19836e-05 	0
48.4375 	9.55135e-05 	9.55135e-05 	0
48.5 	9.33391e-05 	9.33391e-05 	0
48.5625 	0.000104743 	6.46091e-05 	1
48.75 	7.45547e-05 	7.45547e-05 	0
48.8125 	0.00015035 	9.48551e-05 	1
48.9375 	6.68089e-05 	6.68089e-05 	0
49.0 	7.66293e-05 	7.66293e-05 	0
49.125 	8.06616e-05 	8.06616e-05 	0
49.1875 	8.79224e-05 	8.79224e-05 	0
49.25 	9.916e-05 	9.916e-05 	0
49.3125 	0.000108794 	3.82589e-05 	1
49.375 	9.87372e-05 	9.87372e-05 	0
49.4375 	7.8902e-05 	7.8902e-05 	0
49.5 	0.000131218 	4.0599e-05 	1
49.5625 	8.75039e-05 	8.75039e-05 	0
49.625 	8.35806e-05 	8.35806e-05 	0
49.6875 	0.000108217 	7.95837e-05 	1
49.75 	8.7248e-05 	8.7248e-05 	0
50.0625 	8.14921e-05 	8.14921e-05 	0
50.125 	9.26236e-05 	9.26236e-05 	0
50.25 	8.69044e-05 	8.69044e-05 	0
50.3125 	0.000115302 	8.12093e-05 	1
50.375 	0.000110179 	5.76123e-05 	1
50.4375 	9.56012e-05 	9.56012e-05 	0
50.5 	0.000112542 	3.23886e-05 	1
50.5625 	9.30288e-05 	9.30288e-05 	0
50.625 	6.78299e-05 	6.78299e-05 	0
50.75 	0.000155363 	4.33348e-05 	1
50.8125 	0.000126984 	7.12508e-05 	1
50.875 	0.000101912 	7.57384e-05 	1
50.9375 	8.84406e-05 	8.84406e-05 	0
51.0 	8.74781e-05 	8.74781e-05 	0
51.0625 	0.000109519 	9.83877e-05 	1
51.125 	5.33148e-05 	5.33148e-05 	0
51.1875 	0.000104494 	6.66088e-05 	1
51.25 	7.46051e-05 	7.46051e-05 	0
51.3125 	0.0001214 	8.64155e-05 	1
51.375 	9.68349e-05 	9.68349e-05 	0
51.4375 	9.30921e-05 	9.30921e-05 	0
51.5 	8.81717e-05 	8.81717e-05 	0
51.5625 	0.000111922 	6.75501e-05 	1
51.625 	0.000117207 	7.03304e-05 	1
51.6875 	0.000112296 	5.94612e-05 	1
51.8125 	0.000114373 	5.53408e-05 	1
51.875 	9.62313e-05 	9.62313e-05 	0
52.0 	0.000105024 	9.05608e-05 	1
52.0625 	9.02451e-05 	9.02451e-05 	0
52.1875 	9.57448e-05 	9.57448e-05 	0
52.3125 	0.000116406 	7.44023e-05 	1
52.375 	7.30655e-05 	7.30655e-05 	0
52.4375 	0.000108476 	9.05361e-05 	1
52.5 	9.95667e-05 	9.95667e-05 	0
52.5625 	4.80637e-05 	4.80637e-05 	0
52.625 	9.91908e-05 	9.91908e-05 	0
52.6875 	8.52885e-05 	8.52885e-05 	0
52.75 	9.75698e-05 	9.75698e-05 	0
52.8125 	0.000130435 	2.86789e-05 	1
52.875 	0.000140498 	4.04682e-05 	1
52.9375 	7.98313e-05 	7.98313e-05 	0
53.0 	0.000142407 	6.03972e-05 	1
53.125 	0.000106096 	7.14495e-05 	1
53.1875 	0.000101129 	9.23492e-05 	1
53.25 	6.1435e-05 	6.1435e-05 	0
53.3125 	6.8457e-05 	6.8457e-05 	0
53.375 	9.08084e-05 	9.08084e-05 	0
53.5 	0.000136474 	4.55551e-05 	1
53.5625 	0.000119285 	7.39545e-05 	1
53.625 	9.99935e-05 	9.99935e-05 	0
53.6875 	0.000114189 	5.75018e-05 	1
53.75 	6.43037e-05 	6.43037e-05 	0
53.8125 	0.000108109 	6.28506e-05 	1
53.875 	7.34745e-05 	7.34745e-05 	0
53.9375 	5.90272e-05 	5.90272e-05 	0
54.0 	0.000116923 	9.08538e-05 	1
54.0625 	9.08528e-05 	9.08528e-05 	0
54.1875 	0.000100148 	6.16753e-05 	2
54.25 	5.37735e-05 	5.37735e-05 	0
54.3125 	6.83501e-05 	6.83501e-05 	0
54.375 	0.000102849 	2.91615e-05 	1
54.4375 	0.000108969 	6.28791e-05 	1
54.6875 	0.000110331 	6.03884e-05 	2
54.8125 	0.000124486 	8.64157e-05 	1
54.875 	9.12275e-05 	9.12275e-05 	0
54.9375 	8.90466e-05 	8.90466e-05 	0
55.0 	9.56618e-05 	9.56618e-05 	0
55.0625 	0.000102985 	6.50305e-05 	2
55.125 	0.000112777 	8.03169e-05 	1
55.1875 	6.21986e-05 	6.21986e-05 	0
55.3125 	0.000138411 	4.38555e-05 	1
55.4375 	0.000107492 	6.97218e-05 	1
55.5 	0.000104257 	4.45592e-05 	1
55.625 	0.00011991 	3.10741e-05 	1
55.6875 	0.000108789 	6.64483e-05 	1
55.75 	8.68693e-05 	8.68693e-05 	0
55.8125 	0.000109965 	7.90455e-05 	1
55.875 	0.00015697 	4.25984e-05 	1
55.9375 	7.963e-05 	7.963e-05 	0
56.0 	5.79429e-05 	5.79429e-05 	0
56.0625 	0.000113951 	8.1703e-05 	1
56.1875 	9.08102e-05 	9.08102e-05 	0
56.3125 	8.28188e-05 	8.28188e-05 	0
56.375 	8.7842e-05 	8.7842e-05 	0
56.4375 	0.000106547 	6.03133e-05 	2
56.5625 	0.000107449 	7.09145e-05 	2
56.6875 	8.34794e-05 	8.34794e-05 	0
56.75 	8.96905e-05 	8.96905e-05 	0
56.8125 	6.00834e-05 	6.00834e-05 	0
56.9375 	9.92786e-05 	9.92786e-05 	0
57.0 	0.000103661 	6.13173e-05 	1
57.0625 	5.86233e-05 	5.86233e-05 	0
57.1875 	0.000120794 	8.79434e-05 	1
57.25 	0.000107243 	3.7354e-05 	1
57.3125 	8.60102e-05 	8.60102e-05 	0
57.375 	0.000109407 	5.75801e-05 	1
57.4375 	0.000105472 	4.51501e-05 	1
57.5 	9.12278e-05 	9.12278e-05 	0
57.5625 	0.000113083 	7.31704e-05 	1
57.625 	0.00013159 	9.57032e-05 	1
57.6875 	0.000102846 	7.08338e-05 	1
57.75 	6.21265e-05 	6.21265e-05 	0
57.8125 	7.06853e-05 	7.06853e-05 	0
58.0 	0.000103741 	4.10916e-05 	1
58.0625 	0.000110704 	6.7294e-05 	2
58.125 	0.00011043 	7.93505e-05 	1
58.1875 	0.000108282 	9.48496e-05 	1
58.25 	0.000112642 	7.96558e-05 	1
58.3125 	6.82698e-05 	6.82698e-05 	0
58.4375 	9.19352e-05 	9.19352e-05 	0
58.5625 	0.000109169 	6.88742e-05 	1
58.625 	0.000111684 	9.47627e-05 	1
58.6875 	0.000102592 	9.55093e-05 	1
58.8125 	8.97855e-05 	8.97855e-05 	0
58.875 	9.1635e-05 	9.1635e-05 	0
58.9375 	7.8001e-05 	7.8001e-05 	0
59.0 	0.00010909 	9.69239e-05 	1
59.125 	0.000116463 	3.25783e-05 	1
59.25 	0.000112662 	8.80774e-05 	1
59.3125 	0.000114176 	8.73352e-05 	1
59.375 	5.87406e-05 	5.87406e-05 	0
59.4375 	6.65212e-05 	6.65212e-05 	0
59.5 	9.5392e-05 	9.5392e-05 	0
59.5625 	0.000119968 	6.95069e-05 	2
59.6875 	0.000126785 	8.9913e-05 	1
59.8125 	0.000111604 	7.22458e-05 	1
59.875 	0.000102988 	9.77778e-05 	1
59.9375 	0.000105278 	7.02087e-05 	1
60.0 	0.000103785 	6.93408e-05 	1
60.0625 	0.000107367 	7.37781e-05 	1
60.125 	0.000129538 	6.28244e-05 	1
60.375 	0.000122859 	9.99195e-05 	1
60.4375 	0.000106035 	8.70674e-05 	1
60.5 	0.000108247 	4.52541e-05 	1
60.5625 	9.94331e-05 	9.94331e-05 	0
60.625 	8.82425e-05 	8.82425e-05 	0
60.6875 	8.57866e-05 	8.57866e-05 	0
60.75 	0.000116874 	6.9503e-05 	1
60.8125 	0.000126866 	6.93948e-05 	1
60.875 	0.000111088 	6.93358e-05 	1
60.9375 	0.000115511 	2.473e-05 	1
61.0 	5.70067e-05 	5.70067e-05 	0
61.125 	4.44493e-05 	4.44493e-05 	0
61.1875 	0.000131684 	4.2436e-05 	1
61.25 	9.55687e-05 	9.55687e-05 	0
61.3125 	9.5387e-05 	9.5387e-05 	0
61.375 	0.000121844 	8.59782e-05 	1
61.4375 	0.000100907 	4.29125e-05 	1
61.5 	9.9824e-05 	9.9824e-05 	0
61.625 	0.000113739 	9.54574e-05 	1
61.6875 	0.000123434 	9.19574e-05 	1
61.8125 	8.99591e-05 	8.99591e-05 	0
61.875 	6.74412e-05 	6.74412e-05 	0
61.9375 	0.000138085 	4.23815e-05 	1
62.0 	0.000171461 	9.17974e-05 	1
62.125 	0.000130167 	4.0957e-05 	1
62.1875 	0.000107833 	8.81315e-05 	1
62.25 	0.000110665 	6.02374e-05 	1
62.3125 	8.23295e-05 	8.23295e-05 	0
62.375 	8.11355e-05 	8.11355e-05 	0
62.5 	0.000128438 	6.83428e-05 	1
62.5625 	0.000127255 	5.90822e-05 	1
62.6875 	6.1853e-05 	6.1853e-05 	0
62.75 	8.84719e-05 	8.84719e-05 	0
62.875 	0.000110322 	3.52091e-05 	1
62.9375 	8.39015e-05 	8.39015e-05 	0
63.0 	0.000137394 	8.74341e-05 	1
63.125 	0.000106637 	3.33873e-05 	1
63.25 	0.000108314 	7.0646e-05 	1
63.375 	8.03242e-05 	8.03242e-05 	0
63.4375 	0.000104965 	2.74893e-05 	1
63.5625 	9.80063e-05 	9.80063e-05 	0
63.625 	9.80602e-05 	9.80602e-05 	0
63.8125 	9.00349e-05 	9.00349e-05 	0
63.9375 	8.99417e-05 	8.99417e-05 	0
64.0 	0.000120837 	6.13457e-05 	1
64.0625 	0.000119877 	7.69448e-05 	2
64.25 	9.69263e-05 	9.69263e-05 	0
64.3125 	9.51333e-05 	9.51333e-05 	0
64.4375 	9.83889e-05 	9.83889e-05 	0
64.5625 	0.000129126 	3.95218e-05 	1
64.6875 	0.000114147 	7.49516e-05 	2
64.75 	7.26333e-05 	7.26333e-05 	0
64.8125 	0.000103911 	8.91649e-05 	1
64.875 	8.91801e-05 	8.91801e-05 	0
64.9375 	7.75656e-05 	7.75656e-05 	0
65.0 	0.0001295 	5.14289e-05 	1
65.0625 	6.25541e-05 	6.25541e-05 	0
65.125 	0.000112476 	9.74511e-05 	1
65.25 	0.000105648 	7.06591e-05 	1
65.5 	0.000102626 	5.44172e-05 	1
65.625 	0.000113471 	6.90521e-05 	1
65.6875 	8.82203e-05 	8.82203e-05 	0
65.75 	9.70053e-05 	9.70053e-05 	0
65.8125 	6.6431e-05 	6.6431e-05 	0
65.9375 	8.57767e-05 	8.57767e-05 	0
66.0 	0.000104116 	9.04435e-05 	1
66.0625 	0.000112196 	9.21693e-05 	1
66.1875 	6.24316e-05 	6.24316e-05 	0
66.25 	6.59892e-05 	6.59892e-05 	0
66.3125 	0.000123338 	3.16553e-05 	1
66.375 	8.81875e-05 	8.81875e-05 	0
66.4375 	0.000105884 	7.44729e-05 	1
66.5 	5.954e-05 	5.954e-05 	0
66.625 	0.000117736 	5.91493e-05 	1
66.75 	0.000110056 	5.61261e-05 	1
66.8125 	9.37452e-05 	9.37452e-05 	0
66.875 	0.00011723 	9.19483e-05 	1
66.9375 	0.000131451 	7.37339e-05 	1
67.0 	0.000110845 	5.53733e-05 	1
67.125 	0.000100283 	5.96198e-05 	1
67.1875 	8.88155e-05 	8.88155e-05 	0
67.25 	0.000117189 	3.70486e-05 	1
67.3125 	0.000146665 	4.48942e-05 	1
67.375 	0.000116136 	7.6088e-05 	1
67.4375 	0.000106293 	7.88894e-05 	1
67.5 	6.73834e-05 	6.73834e-05 	0
67.5625 	0.000129386 	7.28709e-05 	1
67.8125 	7.28795e-05 	7.28795e-05 	0
67.875 	0.000112864 	8.55934e-05 	1
67.9375 	0.000130067 	8.48871e-05 	2
68.0 	0.000138288 	3.57315e-05 	1
68.0625 	0.000101851 	8.04746e-05 	1
68.125 	8.32342e-05 	8.32342e-05 	0
68.1875 	0.000109872 	5.7211e-05 	1
68.25 	0.000123983 	6.7229e-05 	1
68.3125 	6.60856e-05 	6.60856e-05 	0
68.375 	0.000108651 	3.19008e-05 	1
68.4375 	9.01463e-05 	9.01463e-05 	0
68.5 	7.67488e-05 	7.67488e-05 	0
68.5625 	8.07406e-05 	8.07406e-05 	0
68.625 	8.8004e-05 	8.8004e-05 	0
68.6875 	4.92438e-05 	4.92438e-05 	0
68.75 	0.000112919 	5.51403e-05 	1
68.8125 	8.39186e-05 	8.39186e-05 	0
68.875 	0.000134306 	6.62689e-05 	2
68.9375 	9.37373e-05 	9.37373e-05 	0
69.0625 	8.41168e-05 	8.41168e-05 	0
69.125 	0.000113453 	8.78534e-05 	1
69.1875 	7.13598e-05 	7.13598e-05 	0
69.25 	0.000109623 	7.46607e-05 	1
69.3125 	0.00013058 	3.43366e-05 	1
69.4375 	0.000143636 	6.63968e-05 	1
69.5 	9.75836e-05 	9.75836e-05 	0
69.625 	0.000107569 	3.47111e-05 	1
69.75 	9.57838e-05 	9.57838e-05 	0
69.8125 	9.87823e-05 	9.87823e-05 	0
69.875 	8.51202e-05 	8.51202e-05 	0
69.9375 	6.13502e-05 	6.13502e-05 	0
