# time 	Initial 	Final 	Iterations
0.333274 	0.000171853 	1.05093e-05 	1
0.579973 	0.000193561 	1.88059e-05 	1
0.642226 	0.00019352 	1.66928e-05 	1
0.70448 	0.000381926 	2.81622e-05 	1
0.766734 	0.00042827 	3.2486e-05 	1
0.828988 	0.000420972 	3.22586e-05 	1
1.01575 	0.000339241 	2.52766e-05 	1
1.078 	0.000336024 	2.87835e-05 	1
1.20251 	0.000245633 	2.2112e-05 	1
1.26477 	0.000310766 	2.36439e-05 	1
1.38927 	0.000281065 	2.13253e-05 	1
1.45153 	0.000168286 	1.40131e-05 	1
1.51378 	0.000351402 	2.7578e-05 	1
1.57604 	0.000134724 	4.82362e-06 	2
1.7628 	0.000236862 	2.34443e-05 	1
1.8873 	0.000317514 	2.30474e-05 	1
1.94956 	0.000219638 	1.90926e-05 	1
2.07407 	0.000309707 	2.52074e-05 	1
2.19857 	0.000373593 	2.71531e-05 	1
2.26083 	0.000390643 	2.98081e-05 	1
2.32308 	0.000173619 	1.64508e-05 	1
2.38534 	0.000334405 	3.16197e-05 	1
2.44759 	0.000145026 	1.42142e-05 	1
2.63435 	0.000449754 	3.35755e-05 	1
2.69661 	0.000204948 	1.60951e-05 	1
2.88337 	0.000344767 	2.66437e-05 	1
2.94562 	0.000127714 	1.23415e-05 	1
3.07013 	0.000181996 	1.56862e-05 	1
3.13238 	0.000180282 	1.74497e-05 	1
3.19464 	0.00052611 	4.03541e-05 	1
3.25689 	0.000398731 	2.95677e-05 	1
3.31914 	0.000184595 	1.48036e-05 	1
3.3814 	0.0001637 	1.50596e-05 	1
3.44365 	0.000311323 	2.53039e-05 	1
3.50591 	0.000219323 	1.77898e-05 	1
3.56816 	0.000274438 	2.31766e-05 	1
3.69267 	0.00039704 	2.99994e-05 	1
3.75492 	0.000131797 	1.0989e-05 	1
3.81718 	0.000251498 	2.50637e-05 	1
3.87943 	0.000262718 	2.05937e-05 	1
4.00394 	0.000144731 	1.27107e-05 	1
4.06619 	0.000223769 	1.935e-05 	1
4.12845 	0.00020892 	1.8759e-05 	1
4.1907 	0.00044828 	3.42467e-05 	1
4.25295 	0.000228674 	2.1986e-05 	1
4.31521 	0.000172405 	1.39529e-05 	1
4.37746 	0.000103607 	3.31739e-06 	2
4.50197 	0.000204084 	1.77512e-05 	1
4.56422 	0.000202242 	1.78031e-05 	1
4.62648 	0.000273248 	2.28518e-05 	1
4.68873 	0.000173529 	1.31363e-05 	1
4.75098 	0.000395524 	3.19995e-05 	1
4.81324 	0.00046865 	3.30263e-05 	1
4.87549 	0.000322356 	2.68573e-05 	1
4.93775 	0.000274668 	2.27346e-05 	1
5.0 	0.00037216 	3.48613e-05 	1
5.0625 	0.000388824 	2.88333e-05 	1
5.125 	0.00031867 	2.45286e-05 	1
5.25 	0.000384369 	2.86814e-05 	1
5.3125 	0.000253478 	2.04904e-05 	1
5.375 	0.000329772 	2.72396e-05 	1
5.5 	0.000395405 	3.03128e-05 	1
5.5625 	0.000119784 	1.19547e-05 	1
5.625 	0.000319906 	2.58576e-05 	1
5.6875 	0.000277006 	2.57232e-05 	1
5.75 	0.000287163 	2.26592e-05 	1
5.8125 	0.000398765 	2.97932e-05 	1
5.875 	0.000407705 	3.05438e-05 	1
5.9375 	0.000160309 	1.49086e-05 	1
6.0 	0.000236431 	2.27978e-05 	1
6.125 	0.000339687 	2.68896e-05 	1
6.1875 	0.000253254 	2.05492e-05 	1
6.25 	0.00027857 	2.24031e-05 	1
6.3125 	9.7047e-05 	3.86705e-06 	2
6.4375 	0.000133552 	1.10882e-05 	1
6.6875 	0.000264299 	2.09158e-05 	1
6.75 	0.000161196 	1.49207e-05 	1
6.8125 	0.000125545 	3.52297e-06 	2
6.9375 	0.000328247 	2.68507e-05 	1
7.0 	0.00021678 	1.71923e-05 	1
7.0625 	0.000220563 	2.07786e-05 	1
7.125 	0.000255932 	2.38709e-05 	1
7.1875 	0.000245881 	2.10712e-05 	1
7.25 	0.00027865 	2.28489e-05 	1
7.4375 	0.000294531 	2.21473e-05 	1
7.5625 	0.000369425 	2.67373e-05 	1
7.625 	0.000241397 	2.17265e-05 	1
7.6875 	0.000297963 	2.392e-05 	1
7.8125 	0.000183499 	1.6499e-05 	1
7.9375 	0.000610989 	4.47939e-05 	1
8.0 	0.000349938 	2.55286e-05 	1
8.0625 	0.00016449 	1.54775e-05 	1
8.125 	0.000537906 	4.65596e-05 	1
8.25 	0.000230135 	2.15019e-05 	1
8.3125 	0.000334703 	2.90362e-05 	1
8.375 	0.000166931 	4.49905e-06 	2
8.4375 	0.000314852 	2.4156e-05 	1
8.5 	0.000314936 	2.60809e-05 	1
8.5625 	0.000412701 	3.10597e-05 	1
8.8125 	0.000286071 	2.14949e-05 	1
8.9375 	0.000252342 	2.11358e-05 	1
9.0 	0.000229034 	1.92133e-05 	1
9.0625 	0.000467396 	3.35742e-05 	1
9.125 	0.000221758 	2.02466e-05 	1
9.1875 	0.000182055 	1.6801e-05 	1
9.25 	0.00022803 	1.90544e-05 	1
9.3125 	0.000284675 	2.37107e-05 	1
9.375 	0.00029618 	2.20374e-05 	1
9.4375 	0.000214755 	7.6398e-06 	2
9.5625 	0.0004709 	3.55695e-05 	1
9.625 	0.000191481 	1.70555e-05 	1
9.6875 	0.000237019 	1.88389e-05 	1
9.8125 	0.000184143 	1.71141e-05 	1
9.875 	0.000354553 	2.70358e-05 	1
9.9375 	0.000336581 	2.53462e-05 	1
10.0 	0.000244796 	2.18428e-05 	1
10.0625 	0.000312406 	2.59238e-05 	1
10.1875 	0.000217638 	1.98893e-05 	1
10.3125 	0.000322537 	2.71975e-05 	1
10.375 	0.000271842 	2.09567e-05 	1
10.5625 	7.18811e-05 	7.18903e-06 	1
10.625 	0.000234191 	2.0631e-05 	1
10.6875 	0.000339315 	2.66036e-05 	1
10.75 	0.000183261 	1.60493e-05 	1
10.8125 	0.000232718 	2.09261e-05 	1
10.875 	0.000484499 	4.07356e-05 	1
11.0 	0.00021895 	1.96247e-05 	1
11.0625 	0.000173983 	1.57477e-05 	1
11.1875 	0.000259352 	8.31128e-06 	2
11.375 	0.000220163 	1.98569e-05 	1
11.4375 	0.000268944 	2.65449e-05 	1
11.5625 	0.000287154 	2.23276e-05 	1
11.625 	0.00032892 	2.93989e-05 	1
11.6875 	0.00042495 	3.23233e-05 	1
11.75 	0.000247995 	2.31044e-05 	1
11.8125 	0.000476713 	3.4369e-05 	1
11.875 	0.000174312 	1.69628e-05 	1
11.9375 	0.000261948 	2.28733e-05 	1
12.0 	0.00041195 	3.20456e-05 	1
12.0625 	0.000366744 	2.80227e-05 	1
12.125 	0.000299114 	2.40952e-05 	1
12.1875 	0.000150603 	4.17557e-06 	2
12.25 	0.000422117 	3.1664e-05 	1
12.3125 	0.000147123 	1.37435e-05 	1
12.375 	0.000346042 	2.61143e-05 	1
12.5625 	0.000241647 	1.93392e-05 	1
12.625 	0.000424798 	3.11136e-05 	1
12.6875 	0.000350978 	2.54871e-05 	1
12.75 	0.000189679 	6.51152e-06 	2
12.8125 	0.000168118 	1.67719e-05 	1
12.875 	0.000342462 	2.64139e-05 	1
13.0 	0.000162301 	1.60104e-05 	1
13.0625 	0.000369329 	3.09777e-05 	1
13.125 	0.000347178 	2.89439e-05 	1
13.1875 	0.000202724 	1.84795e-05 	1
13.25 	0.000413511 	3.0779e-05 	1
13.375 	0.000203706 	1.93734e-05 	1
13.4375 	0.000171263 	1.3871e-05 	1
13.5 	0.000490189 	3.54615e-05 	1
13.5625 	0.000403785 	3.023e-05 	1
13.625 	0.000201523 	1.6626e-05 	1
13.6875 	0.000278505 	2.47263e-05 	1
14.0 	0.000182625 	1.75313e-05 	1
14.0625 	0.000172603 	1.44515e-05 	1
14.125 	0.000218591 	1.85537e-05 	1
14.1875 	0.000327472 	2.48243e-05 	1
14.3125 	0.000181486 	1.62469e-05 	1
14.375 	0.000136767 	1.13089e-05 	1
14.4375 	0.000235475 	2.07515e-05 	1
14.5 	0.000330065 	2.67444e-05 	1
14.625 	0.000400307 	3.01339e-05 	1
14.6875 	0.000249578 	1.93336e-05 	1
14.75 	0.000350014 	2.68957e-05 	1
14.8125 	0.00025483 	2.12408e-05 	1
14.875 	9.69875e-05 	3.93539e-06 	2
14.9375 	0.00041579 	2.98633e-05 	1
15.0 	0.000164668 	1.33211e-05 	1
15.1875 	0.000440894 	3.20164e-05 	1
15.25 	0.000243267 	2.23412e-05 	1
15.3125 	0.000265885 	2.0501e-05 	1
15.375 	0.000250733 	2.19747e-05 	1
15.4375 	0.000418943 	3.12594e-05 	1
15.5 	0.000264523 	2.58513e-05 	1
15.5625 	0.000296774 	2.47786e-05 	1
15.75 	0.000391927 	2.82249e-05 	1
15.8125 	0.00034322 	2.69731e-05 	1
15.875 	0.000283028 	2.09233e-05 	1
15.9375 	0.000451765 	3.50747e-05 	1
16.0 	0.000218334 	1.68181e-05 	1
16.0625 	0.000270264 	2.2936e-05 	1
16.125 	0.000251448 	2.36894e-05 	1
16.1875 	0.000241293 	2.21381e-05 	1
16.25 	0.000630448 	4.68907e-05 	1
16.3125 	0.000307851 	2.92357e-05 	1
16.375 	0.000243577 	1.97071e-05 	1
16.4375 	0.000348322 	2.83404e-05 	1
16.5 	0.000157871 	5.55781e-06 	2
16.625 	0.000376788 	2.84284e-05 	1
16.6875 	0.00026298 	2.25517e-05 	1
16.75 	0.000242428 	2.16145e-05 	1
16.8125 	0.000271034 	2.68738e-05 	1
16.875 	0.000262897 	2.3647e-05 	1
16.9375 	0.000121295 	1.052e-05 	1
17.25 	0.000292523 	2.38182e-05 	1
17.3125 	0.000348261 	2.82662e-05 	1
17.375 	0.00016665 	5.53087e-06 	2
17.4375 	0.000427764 	3.12293e-05 	1
17.5 	0.000327943 	2.40676e-05 	1
17.5625 	0.000255337 	2.03403e-05 	1
17.625 	0.000456292 	3.609e-05 	1
17.6875 	0.000331802 	2.62487e-05 	1
17.75 	0.000168352 	5.5204e-06 	2
17.8125 	0.000409832 	3.21598e-05 	1
18.0 	0.000406207 	3.02767e-05 	1
18.0625 	0.000329113 	2.61265e-05 	1
18.125 	0.000220949 	1.93435e-05 	1
18.1875 	0.000253891 	2.05505e-05 	1
18.25 	0.000369552 	2.80876e-05 	1
18.3125 	0.000262654 	1.90375e-05 	1
18.375 	0.000198608 	1.72976e-05 	1
18.4375 	0.000335538 	2.65081e-05 	1
18.5 	0.000334397 	2.61351e-05 	1
18.5625 	0.000356009 	2.88045e-05 	1
18.625 	0.000267503 	2.19462e-05 	1
18.75 	0.000381912 	3.01199e-05 	1
18.8125 	0.000256801 	2.16381e-05 	1
18.875 	0.000501152 	3.68904e-05 	1
18.9375 	0.000298853 	2.59203e-05 	1
19.125 	0.000174051 	1.6083e-05 	1
19.25 	0.000325233 	3.14628e-05 	1
19.3125 	0.000138991 	4.14594e-06 	2
19.375 	0.000313406 	2.57603e-05 	1
19.4375 	0.00026745 	2.13959e-05 	1
19.5 	0.000241372 	2.1947e-05 	1
19.625 	0.000213302 	2.03062e-05 	1
19.6875 	0.000264313 	2.47258e-05 	1
19.75 	0.000232701 	2.20303e-05 	1
19.9375 	0.00039213 	2.8433e-05 	1
20.0 	0.000235695 	2.10865e-05 	1
20.0625 	0.000367687 	2.84388e-05 	1
20.125 	0.000432642 	3.24565e-05 	1
20.1875 	0.000207732 	2.05761e-05 	1
20.25 	0.000391479 	3.01086e-05 	1
20.3125 	0.000239552 	2.00144e-05 	1
20.375 	0.000126752 	5.20472e-06 	2
20.4375 	0.000216716 	2.04883e-05 	1
20.5 	0.000183761 	1.64533e-05 	1
20.5625 	0.000399478 	2.96831e-05 	1
20.625 	0.000440192 	3.97221e-05 	1
20.6875 	0.000203064 	1.82332e-05 	1
20.75 	0.000349946 	2.56772e-05 	1
20.8125 	0.000421584 	3.28357e-05 	1
20.875 	0.000176318 	1.58168e-05 	1
21.0 	0.000174803 	1.60611e-05 	1
21.0625 	0.00025936 	2.09137e-05 	1
21.1875 	0.000421985 	3.08983e-05 	1
21.3125 	0.000342471 	2.62721e-05 	1
21.375 	0.000399372 	3.71147e-05 	1
21.4375 	0.000487907 	3.52145e-05 	1
21.5625 	0.000367409 	2.66999e-05 	1
21.625 	0.000159017 	1.44138e-05 	1
21.6875 	0.000425813 	3.09615e-05 	1
21.75 	0.000394196 	3.24786e-05 	1
21.8125 	0.000323816 	2.41647e-05 	1
21.875 	0.000112855 	2.90917e-06 	2
21.9375 	0.000234638 	2.24198e-05 	1
22.0 	0.000337138 	2.54475e-05 	1
22.125 	0.000222755 	2.12588e-05 	1
22.1875 	0.000217033 	1.95333e-05 	1
22.25 	0.000235819 	1.86022e-05 	1
22.3125 	0.000353249 	2.5775e-05 	1
22.375 	0.000359746 	2.79818e-05 	1
22.625 	0.000194265 	1.7652e-05 	1
22.6875 	9.64452e-05 	8.39037e-06 	1
22.75 	0.000137049 	4.74432e-06 	2
22.8125 	0.000379416 	3.10926e-05 	1
22.9375 	0.000413781 	3.02692e-05 	1
23.0 	0.000241116 	2.20662e-05 	1
23.0625 	0.000339537 	2.53196e-05 	1
23.125 	0.000220294 	1.87826e-05 	1
23.1875 	0.000123448 	4.59859e-06 	2
23.3125 	0.000430727 	3.43001e-05 	1
23.375 	0.000315256 	2.48863e-05 	1
23.4375 	0.000297837 	2.57704e-05 	1
23.5625 	0.000137596 	1.32565e-05 	1
23.6875 	0.000501542 	3.78955e-05 	1
23.75 	0.000244541 	2.1211e-05 	1
23.8125 	0.000316585 	2.30077e-05 	1
23.875 	0.000238991 	2.00322e-05 	1
23.9375 	0.000290021 	2.27375e-05 	1
24.0 	0.000426171 	3.12451e-05 	1
24.0625 	0.000385654 	2.81015e-05 	1
24.125 	0.000492055 	3.5392e-05 	1
24.1875 	0.000106859 	1.06305e-06 	3
24.3125 	0.000229989 	2.02156e-05 	1
24.375 	0.000252892 	1.96428e-05 	1
24.4375 	0.00024776 	2.02469e-05 	1
24.5 	0.000344958 	2.7395e-05 	1
24.5625 	0.000115109 	1.10056e-05 	1
24.625 	0.000198356 	1.53012e-05 	1
24.6875 	0.000212262 	1.73542e-05 	1
24.75 	0.00039513 	3.06808e-05 	1
24.8125 	0.000267279 	2.08495e-05 	1
25.0 	0.000117589 	2.99531e-06 	2
25.0625 	0.000385452 	2.98353e-05 	1
25.125 	0.000227256 	1.7911e-05 	1
25.25 	0.000312177 	2.411e-05 	1
25.3125 	0.000179887 	7.91589e-06 	2
25.5 	0.000164098 	5.46244e-06 	2
25.5625 	0.000106374 	3.43271e-06 	2
25.625 	0.000351475 	2.82398e-05 	1
25.6875 	0.000363437 	2.89929e-05 	1
25.75 	0.000351056 	2.84328e-05 	1
25.8125 	0.000170445 	5.94072e-06 	2
25.875 	0.000229438 	2.20621e-05 	1
25.9375 	0.000290197 	2.13582e-05 	1
26.0 	0.000278848 	2.33885e-05 	1
26.0625 	0.000195647 	8.32328e-06 	2
26.125 	0.000410333 	3.0054e-05 	1
26.25 	0.000189999 	1.67056e-05 	1
26.3125 	0.000212137 	1.99101e-05 	1
26.375 	0.000275817 	2.17431e-05 	1
26.4375 	0.0003187 	2.44195e-05 	1
26.5 	0.000123035 	1.125e-05 	1
26.5625 	0.000363496 	2.94816e-05 	1
26.625 	0.00026702 	2.03852e-05 	1
26.6875 	0.000339988 	2.6464e-05 	1
26.875 	0.000292858 	2.3299e-05 	1
26.9375 	0.00029373 	2.1927e-05 	1
27.0 	0.000365992 	2.74491e-05 	1
27.0625 	0.000148298 	3.61351e-06 	2
27.25 	0.000166426 	1.4537e-05 	1
27.3125 	0.000129692 	3.867e-06 	2
27.375 	0.000194572 	1.73057e-05 	1
27.5 	0.000158624 	1.31442e-05 	1
27.5625 	0.00034836 	2.67671e-05 	1
27.625 	0.000284794 	2.26839e-05 	1
27.6875 	0.000205784 	1.6966e-05 	1
27.75 	0.000285364 	2.63287e-05 	1
27.8125 	0.000223918 	2.09919e-05 	1
27.875 	0.000338818 	2.58268e-05 	1
28.0 	0.000207321 	2.01262e-05 	1
28.0625 	0.000139517 	1.33648e-05 	1
28.125 	0.000177792 	1.73005e-05 	1
28.3125 	0.000406807 	3.17549e-05 	1
28.375 	0.000381371 	3.10522e-05 	1
28.4375 	0.000256689 	2.0179e-05 	1
28.5 	0.000385925 	2.85178e-05 	1
28.625 	0.000365213 	2.73351e-05 	1
28.6875 	0.000287538 	2.8355e-05 	1
28.8125 	0.000247332 	2.21645e-05 	1
28.875 	0.000176485 	1.69704e-05 	1
28.9375 	0.000231593 	2.05146e-05 	1
29.0 	0.000224162 	1.90428e-05 	1
29.0625 	0.000307125 	2.34212e-05 	1
29.125 	0.000255466 	2.23923e-05 	1
29.1875 	0.000426948 	3.04207e-05 	1
29.25 	0.000437931 	3.17437e-05 	1
29.3125 	4.9556e-05 	5.36291e-06 	1
29.375 	0.000201224 	1.79104e-05 	1
29.4375 	0.000288841 	2.77054e-05 	1
29.5 	0.000319693 	2.59064e-05 	1
29.5625 	0.00020706 	1.85758e-05 	1
29.625 	0.00025404 	1.92475e-05 	1
29.6875 	0.000288722 	2.23321e-05 	1
29.75 	0.000310119 	2.29677e-05 	1
29.875 	0.000182281 	1.4834e-05 	1
29.9375 	0.000477346 	3.42376e-05 	1
30.0 	0.000260915 	2.15559e-05 	1
30.125 	0.00041988 	3.07545e-05 	1
30.1875 	0.00017417 	1.69942e-05 	1
30.25 	0.000313301 	2.44827e-05 	1
30.3125 	0.000215723 	1.66007e-05 	1
30.375 	0.000266385 	2.19716e-05 	1
30.4375 	0.000458248 	3.39198e-05 	1
30.5 	0.000269475 	2.44778e-05 	1
30.5625 	0.000334292 	3.20116e-05 	1
30.6875 	0.000428444 	3.22404e-05 	1
30.75 	0.00031093 	2.48507e-05 	1
30.8125 	0.000280584 	2.11803e-05 	1
30.9375 	0.000230147 	1.92315e-05 	1
31.0 	0.000376355 	2.84426e-05 	1
31.125 	0.000159009 	1.35508e-05 	1
31.1875 	0.000141309 	5.58307e-06 	2
31.25 	0.000460125 	3.41453e-05 	1
31.3125 	0.00042665 	3.2241e-05 	1
31.375 	0.000100961 	9.50053e-06 	1
31.5 	0.000171832 	1.69002e-05 	1
31.5625 	0.000219628 	2.136e-05 	1
31.625 	0.000125615 	1.14933e-05 	1
31.6875 	0.000355068 	2.53158e-05 	1
31.75 	0.000171211 	1.62996e-05 	1
31.8125 	0.000478254 	3.86203e-05 	1
31.875 	0.000199722 	1.85937e-05 	1
31.9375 	0.000118801 	8.6156e-06 	2
32.0 	0.000198842 	1.63918e-05 	1
32.0625 	8.82418e-05 	9.93171e-06 	1
32.125 	0.00016508 	1.45405e-05 	1
32.1875 	0.000399581 	3.45422e-05 	1
32.25 	0.000190081 	1.84558e-05 	1
32.3125 	0.000389393 	3.0095e-05 	1
32.4375 	0.000404999 	3.06663e-05 	1
32.5 	0.000652642 	4.77184e-05 	1
32.625 	0.000216506 	1.62641e-05 	1
32.6875 	0.000111111 	3.59243e-06 	2
32.75 	0.000264743 	1.95767e-05 	1
32.8125 	0.000306348 	2.2605e-05 	1
32.875 	0.000329712 	2.53765e-05 	1
32.9375 	0.000456087 	4.07477e-05 	1
33.0 	0.000324776 	2.44949e-05 	1
33.0625 	0.000239223 	2.28985e-05 	1
33.125 	0.000183552 	1.67206e-05 	1
33.1875 	0.000526526 	3.87019e-05 	1
33.25 	0.000205199 	1.63341e-05 	1
33.3125 	0.000155057 	1.22989e-05 	1
33.375 	0.000374061 	2.88513e-05 	1
33.4375 	0.000177571 	1.53781e-05 	1
33.5 	0.000336699 	8.18297e-06 	2
33.625 	0.000288797 	2.46558e-05 	1
33.6875 	0.000380402 	3.41325e-05 	1
33.75 	0.000196597 	1.63174e-05 	1
33.875 	0.000294697 	2.89165e-05 	1
33.9375 	0.000213397 	1.58615e-05 	1
34.0625 	0.000336083 	2.75759e-05 	1
34.125 	0.00021164 	1.85433e-05 	1
34.1875 	0.000196251 	1.63768e-05 	1
34.25 	0.000357817 	2.65058e-05 	1
34.3125 	0.000170349 	5.24198e-06 	2
34.375 	0.000341156 	2.59283e-05 	1
34.4375 	0.000314155 	2.61849e-05 	1
34.5 	0.000128317 	1.08713e-05 	1
34.5625 	0.000412416 	3.2621e-05 	1
34.625 	0.000110512 	3.2976e-06 	2
34.6875 	0.000273581 	2.12525e-05 	1
34.75 	0.000168718 	5.32695e-06 	2
34.875 	0.000219517 	2.03497e-05 	1
34.9375 	0.000286034 	2.11592e-05 	1
35.0625 	0.000307673 	2.36735e-05 	1
35.125 	0.000422459 	3.033e-05 	1
35.25 	0.000167187 	1.64189e-05 	1
35.3125 	0.000264765 	2.13544e-05 	1
35.375 	0.000364163 	2.85102e-05 	1
35.5625 	0.000226475 	2.10364e-05 	1
35.625 	0.000384056 	2.91483e-05 	1
35.6875 	0.000288104 	2.45705e-05 	1
35.75 	0.000379202 	2.89256e-05 	1
35.8125 	0.000177726 	9.53049e-06 	2
35.875 	0.000477262 	3.89917e-05 	1
35.9375 	0.000151985 	5.21974e-06 	2
36.0 	0.000294115 	2.65009e-05 	1
36.125 	0.000230578 	1.83909e-05 	1
36.25 	0.00016164 	1.35078e-05 	1
36.4375 	0.000362188 	3.0654e-05 	1
36.5 	0.000155771 	5.44056e-06 	2
36.5625 	0.000241628 	1.98231e-05 	1
36.625 	0.00014139 	1.05299e-05 	2
36.6875 	0.000356822 	2.65735e-05 	1
36.8125 	0.000216352 	1.8564e-05 	1
36.875 	0.000222165 	1.8138e-05 	1
36.9375 	0.000332336 	2.83543e-05 	1
37.0625 	0.000189958 	1.79298e-05 	1
37.125 	0.000344295 	2.63047e-05 	1
37.1875 	0.00016605 	6.58773e-06 	2
37.25 	0.000386139 	2.88295e-05 	1
37.3125 	0.000318106 	2.46456e-05 	1
37.375 	0.000257943 	2.52671e-05 	1
37.4375 	0.00050283 	3.76998e-05 	1
37.5 	0.000235203 	2.04486e-05 	1
37.5625 	0.000232014 	2.07396e-05 	1
37.625 	0.000441343 	3.2607e-05 	1
37.75 	0.000322077 	2.39551e-05 	1
37.8125 	0.000265717 	2.13947e-05 	1
37.875 	0.000485671 	3.54357e-05 	1
37.9375 	0.00026452 	2.24247e-05 	1
38.0 	0.000398406 	3.16365e-05 	1
38.0625 	0.000200016 	1.75053e-05 	1
38.125 	0.000245408 	2.0695e-05 	1
38.1875 	0.000280895 	2.52663e-05 	1
38.25 	0.000156883 	1.56558e-05 	1
38.3125 	0.000211566 	1.9077e-05 	1
38.375 	0.000444133 	3.26367e-05 	1
38.4375 	0.000160269 	1.43392e-05 	1
38.5625 	0.00038056 	3.03272e-05 	1
38.6875 	0.000460514 	3.43368e-05 	1
38.8125 	0.000217057 	1.70558e-05 	1
38.875 	0.000224434 	2.0952e-05 	1
38.9375 	0.000190856 	1.65196e-05 	1
39.0 	0.000161369 	1.42747e-05 	1
39.0625 	0.000416439 	3.12132e-05 	1
39.125 	0.000133123 	1.3243e-05 	1
39.1875 	0.00017768 	1.75915e-05 	1
39.25 	0.000373502 	2.92126e-05 	1
39.3125 	0.000120977 	1.11476e-05 	1
39.5 	0.000323461 	3.07905e-05 	1
39.5625 	0.000183256 	1.789e-05 	1
39.625 	0.000287425 	2.53805e-05 	1
39.6875 	0.000134768 	1.16319e-05 	1
39.75 	0.000233402 	2.16641e-05 	1
39.8125 	0.000450146 	3.20811e-05 	1
39.875 	0.00032762 	2.40558e-05 	1
39.9375 	0.000326455 	2.71847e-05 	1
40.0 	0.000144452 	4.08698e-06 	2
40.125 	0.000146861 	1.3377e-05 	1
40.25 	0.000321086 	2.627e-05 	1
40.3125 	0.000178456 	1.60241e-05 	1
40.4375 	0.000302653 	2.42481e-05 	1
40.5 	0.000159528 	5.69529e-06 	2
40.5625 	0.000351838 	2.62491e-05 	1
40.625 	0.000221685 	9.86817e-06 	2
40.8125 	0.000154899 	1.3681e-05 	1
40.9375 	0.000333827 	2.48942e-05 	1
41.0 	8.67632e-05 	7.92749e-06 	1
41.125 	0.000409812 	3.0855e-05 	1
41.1875 	0.000288076 	2.55833e-05 	1
41.25 	0.000243158 	2.14246e-05 	1
41.3125 	0.000253724 	2.09347e-05 	1
41.4375 	0.00010154 	3.08654e-06 	2
41.5 	0.000358293 	2.78509e-05 	1
41.5625 	0.000215433 	1.77339e-05 	1
41.625 	0.000520877 	3.82976e-05 	1
41.6875 	0.000277988 	2.51836e-05 	1
41.8125 	0.000199583 	1.85158e-05 	1
41.875 	0.000437243 	3.24811e-05 	1
41.9375 	0.000183165 	1.69596e-05 	1
42.0 	0.000492621 	3.61795e-05 	1
42.125 	0.000317533 	2.62444e-05 	1
42.25 	0.000348364 	2.84966e-05 	1
42.375 	0.000474066 	3.50348e-05 	1
42.5 	0.00033662 	2.69352e-05 	1
42.6875 	0.000360882 	2.85621e-05 	1
42.8125 	0.00036471 	2.76762e-05 	1
42.875 	0.000421468 	3.16114e-05 	1
42.9375 	0.000179879 	1.72761e-05 	1
43.0 	0.000142942 	1.16044e-05 	1
43.0625 	0.000253392 	2.3005e-05 	1
43.125 	0.000360762 	2.92616e-05 	1
43.1875 	0.000187224 	1.51508e-05 	1
43.3125 	0.000384279 	3.10868e-05 	1
43.375 	0.000268073 	2.29078e-05 	1
43.4375 	6.40671e-05 	7.33385e-06 	1
43.5625 	0.000357721 	3.37229e-05 	1
43.6875 	0.000281339 	2.34855e-05 	1
43.75 	0.00035413 	2.63127e-05 	1
43.8125 	0.000389789 	2.92909e-05 	1
43.875 	9.44789e-05 	2.48526e-06 	2
43.9375 	0.000288931 	2.20617e-05 	1
44.0 	0.000311837 	2.68293e-05 	1
44.0625 	0.000125868 	1.03851e-05 	1
44.125 	0.00032094 	2.75115e-05 	1
44.1875 	0.000257269 	2.15941e-05 	1
44.25 	0.000219264 	1.90152e-05 	1
44.3125 	0.000242487 	2.04401e-05 	1
44.375 	0.00017385 	1.405e-05 	1
44.4375 	0.000293785 	2.31178e-05 	1
44.5 	9.69056e-05 	5.19281e-06 	2
44.5625 	0.000360132 	2.77013e-05 	1
44.625 	0.000307286 	2.72328e-05 	1
44.6875 	0.000341734 	2.95993e-05 	1
44.75 	0.000302764 	2.73964e-05 	1
44.8125 	0.000297714 	2.3139e-05 	1
44.875 	0.000226935 	1.97064e-05 	1
44.9375 	0.00033169 	2.72718e-05 	1
45.0 	0.000282274 	2.23997e-05 	1
45.0625 	0.000374163 	3.09481e-05 	1
45.1875 	0.000208029 	1.93897e-05 	1
45.3125 	0.000195396 	1.77044e-05 	1
45.375 	0.000508657 	3.93445e-05 	1
45.5 	0.000273765 	2.33611e-05 	1
45.5625 	0.000305584 	2.54283e-05 	1
45.625 	0.000222955 	2.10383e-05 	1
45.6875 	0.000261206 	2.21201e-05 	1
45.75 	0.000321907 	2.68214e-05 	1
45.875 	0.000280676 	2.60986e-05 	1
45.9375 	0.000154712 	1.49925e-05 	1
46.0 	0.000139114 	1.20622e-05 	1
46.0625 	0.000309054 	2.31359e-05 	1
46.125 	0.000383462 	3.29098e-05 	1
46.3125 	0.000234697 	2.18893e-05 	1
46.375 	0.000220522 	1.94196e-05 	1
46.5625 	0.000380758 	3.04366e-05 	1
46.625 	0.000342706 	2.57031e-05 	1
46.6875 	0.000183498 	1.57834e-05 	1
46.75 	0.000201496 	1.6019e-05 	1
46.8125 	0.000191829 	1.8011e-05 	1
46.875 	0.000262895 	2.08479e-05 	1
47.0 	0.000268484 	2.22145e-05 	1
47.0625 	0.000133648 	1.31132e-05 	1
47.125 	0.000282695 	2.39678e-05 	1
47.1875 	0.000164427 	1.54909e-05 	1
47.25 	0.000255725 	2.21812e-05 	1
47.3125 	0.000305322 	2.56002e-05 	1
47.375 	0.000126461 	1.11992e-05 	1
47.5 	0.000163685 	1.59322e-05 	1
47.5625 	0.000222987 	1.83596e-05 	1
47.625 	0.000188463 	1.62476e-05 	1
47.6875 	0.000173062 	1.66899e-05 	1
47.8125 	0.000338195 	2.79506e-05 	1
47.875 	0.000428113 	3.16763e-05 	1
48.0 	0.000274602 	2.3275e-05 	1
48.0625 	0.000191326 	1.67068e-05 	1
48.1875 	0.000197257 	1.59096e-05 	1
48.25 	0.000182785 	1.6799e-05 	1
48.3125 	0.00028239 	2.31382e-05 	1
48.375 	0.000292627 	2.62718e-05 	1
48.4375 	0.000466554 	3.43342e-05 	1
48.5 	0.00020598 	1.99581e-05 	1
48.5625 	0.00033543 	2.75627e-05 	1
48.75 	0.000203635 	1.754e-05 	1
48.8125 	0.000312372 	2.35938e-05 	1
48.9375 	0.000214907 	1.76999e-05 	1
49.0 	0.000224312 	1.98921e-05 	1
49.125 	0.000290027 	2.60004e-05 	1
49.1875 	0.000191667 	5.53509e-06 	2
49.25 	0.000404653 	3.29021e-05 	1
49.3125 	0.000288238 	2.18285e-05 	1
49.375 	0.000326075 	2.38052e-05 	1
49.4375 	0.000217388 	1.83466e-05 	1
49.5 	0.000385881 	2.83091e-05 	1
49.5625 	0.00014959 	5.12327e-06 	2
49.625 	0.000311498 	2.7437e-05 	1
49.6875 	0.000367713 	2.94774e-05 	1
49.75 	0.000243344 	2.17772e-05 	1
50.0625 	0.000104981 	3.86013e-06 	2
50.125 	0.000222832 	2.13432e-05 	1
50.25 	0.000299928 	2.58521e-05 	1
50.3125 	0.000408662 	3.0967e-05 	1
50.375 	0.000149938 	1.39304e-05 	1
50.4375 	0.000223767 	1.63869e-05 	1
50.5 	0.000318611 	3.04819e-05 	1
50.5625 	0.000217237 	1.63496e-05 	1
50.625 	0.000182889 	1.67625e-05 	1
50.75 	0.000235677 	1.91393e-05 	1
50.8125 	0.000314969 	2.40617e-05 	1
50.875 	0.000385924 	2.92478e-05 	1
50.9375 	0.000267498 	2.02454e-05 	1
51.0 	0.00020671 	1.75365e-05 	1
51.0625 	0.000427986 	3.1414e-05 	1
51.125 	0.000143178 	1.33131e-05 	1
51.1875 	0.000249103 	2.23976e-05 	1
51.25 	0.000276706 	2.1437e-05 	1
51.3125 	0.000398881 	2.96063e-05 	1
51.375 	0.000289881 	2.34097e-05 	1
51.4375 	0.000144485 	1.28745e-05 	1
51.5 	0.000106689 	1.03894e-05 	1
51.5625 	0.000428651 	3.26666e-05 	1
51.625 	0.000396397 	3.02646e-05 	1
51.6875 	0.000305802 	2.29601e-05 	1
51.8125 	0.000222285 	2.13616e-05 	1
51.875 	0.000207751 	1.8191e-05 	1
52.0 	0.000287878 	2.42324e-05 	1
52.0625 	0.000322332 	2.69172e-05 	1
52.1875 	0.000286746 	2.84573e-05 	1
52.3125 	0.000387031 	2.91975e-05 	1
52.375 	0.000386503 	2.8586e-05 	1
52.4375 	0.00043485 	3.7584e-05 	1
52.5 	0.000132086 	1.28154e-05 	1
52.5625 	9.89145e-05 	9.49486e-06 	1
52.625 	0.000271389 	2.68988e-05 	1
52.6875 	0.000160537 	1.41136e-05 	1
52.75 	0.000171838 	1.54688e-05 	1
52.8125 	0.000344412 	2.69697e-05 	1
52.875 	0.000395604 	3.69489e-05 	1
52.9375 	0.000178379 	5.461e-06 	2
53.0 	0.000313084 	2.65326e-05 	1
53.125 	0.000354041 	2.74393e-05 	1
53.1875 	0.000328949 	2.77349e-05 	1
53.25 	0.000147045 	1.45226e-05 	1
53.3125 	0.000281674 	2.00248e-05 	1
53.375 	0.000355295 	3.37029e-05 	1
53.5 	0.000276626 	2.08335e-05 	1
53.5625 	0.000390591 	2.93502e-05 	1
53.625 	0.000320448 	2.66071e-05 	1
53.6875 	0.000239513 	1.9441e-05 	1
53.75 	0.000347315 	2.82534e-05 	1
53.8125 	0.000340726 	2.67997e-05 	1
53.875 	0.000172328 	6.68364e-06 	2
53.9375 	0.000431985 	3.67503e-05 	1
54.0 	0.000240544 	1.84157e-05 	1
54.0625 	0.000377456 	3.02179e-05 	1
54.1875 	0.000226479 	2.11726e-05 	1
54.25 	0.000197214 	1.76596e-05 	1
54.3125 	0.0002502 	2.49499e-05 	1
54.375 	0.000251604 	8.51306e-06 	2
54.4375 	0.00022983 	2.02844e-05 	1
54.6875 	0.000185496 	1.45682e-05 	1
54.8125 	0.000361482 	2.77028e-05 	1
54.875 	0.00016245 	1.38637e-05 	1
54.9375 	0.000183377 	1.63193e-05 	1
55.0 	0.000284845 	2.35605e-05 	1
55.0625 	0.000260832 	2.10025e-05 	1
55.125 	0.000426571 	3.1617e-05 	1
55.1875 	0.000259121 	2.5142e-05 	1
55.3125 	0.000506101 	3.70334e-05 	1
55.4375 	0.000248051 	1.88435e-05 	1
55.5 	0.000264257 	2.36064e-05 	1
55.625 	0.00026873 	2.28872e-05 	1
55.6875 	0.000234488 	1.86324e-05 	1
55.75 	0.000211215 	1.89236e-05 	1
55.8125 	0.000341373 	2.59835e-05 	1
55.875 	0.000350007 	3.05601e-05 	1
55.9375 	0.000210985 	1.95813e-05 	1
56.0 	0.000339776 	2.78231e-05 	1
56.0625 	0.000443988 	3.19935e-05 	1
56.1875 	0.00021138 	1.83603e-05 	1
56.3125 	0.000199361 	1.58082e-05 	1
56.375 	0.000221057 	1.75548e-05 	1
56.4375 	0.000312359 	2.35164e-05 	1
56.5625 	0.000203053 	1.79668e-05 	1
56.6875 	0.000301611 	2.5056e-05 	1
56.75 	0.00034882 	2.68534e-05 	1
56.8125 	0.000282555 	2.24818e-05 	1
56.9375 	0.000162685 	1.47365e-05 	1
57.0 	0.000252195 	2.11682e-05 	1
57.0625 	0.000232778 	2.30926e-05 	1
57.1875 	0.000435962 	3.17743e-05 	1
57.25 	0.000277502 	2.0512e-05 	1
57.3125 	0.000183363 	1.44721e-05 	1
57.375 	0.000206335 	1.94649e-05 	1
57.4375 	0.000232347 	1.82936e-05 	1
57.5 	0.000231026 	1.76977e-05 	1
57.5625 	0.00025234 	2.00044e-05 	1
57.625 	0.000490037 	3.70091e-05 	1
57.6875 	0.00039027 	2.87619e-05 	1
57.75 	0.0002338 	2.1061e-05 	1
57.8125 	0.000118055 	1.16539e-05 	1
58.0 	0.000253877 	2.07321e-05 	1
58.0625 	0.000436445 	3.25326e-05 	1
58.125 	0.000509056 	3.72326e-05 	1
58.1875 	0.000391219 	2.98485e-05 	1
58.25 	0.000241112 	2.05554e-05 	1
58.3125 	0.000162043 	1.51067e-05 	1
58.4375 	0.000208491 	1.82564e-05 	1
58.5625 	0.000295749 	2.16535e-05 	1
58.625 	0.000137471 	3.4716e-06 	2
58.6875 	0.000307194 	2.92425e-05 	1
58.8125 	0.000220774 	1.76397e-05 	1
58.875 	0.000214551 	2.12107e-05 	1
58.9375 	0.000304028 	2.5255e-05 	1
59.0 	0.00040814 	3.15584e-05 	1
59.125 	0.000330986 	3.17355e-05 	1
59.25 	0.000421038 	3.13216e-05 	1
59.3125 	0.00022707 	1.64674e-05 	1
59.375 	0.000201001 	1.77547e-05 	1
59.4375 	0.000171763 	1.39188e-05 	1
59.5 	0.000334763 	2.64961e-05 	1
59.5625 	0.000208808 	1.79036e-05 	1
59.6875 	0.000339791 	2.94343e-05 	1
59.8125 	0.000468539 	3.45918e-05 	1
59.875 	0.000173179 	1.65562e-05 	1
59.9375 	0.000405722 	3.04298e-05 	1
60.0 	0.000170872 	1.59806e-05 	1
60.0625 	0.0003784 	3.03816e-05 	1
60.125 	0.000272882 	2.14367e-05 	1
60.375 	0.000316458 	2.4131e-05 	1
60.4375 	0.000560412 	4.77852e-05 	1
60.5 	0.000168462 	1.43431e-05 	1
60.5625 	0.00024596 	1.8941e-05 	1
60.625 	0.00031236 	2.78038e-05 	1
60.6875 	9.71259e-05 	8.80774e-06 	1
60.75 	0.000331748 	2.57355e-05 	1
60.8125 	0.000320486 	2.39501e-05 	1
60.875 	0.000455212 	3.37629e-05 	1
60.9375 	7.38129e-05 	8.44969e-06 	1
61.0 	0.000277811 	2.25223e-05 	1
61.125 	0.000232647 	2.03466e-05 	1
61.1875 	0.000504121 	3.74479e-05 	1
61.25 	0.000201919 	1.7788e-05 	1
61.3125 	0.000197081 	1.72929e-05 	1
61.375 	0.000411627 	3.10521e-05 	1
61.4375 	0.000265878 	2.40963e-05 	1
61.5 	0.000284386 	2.21189e-05 	1
61.625 	0.000380398 	3.56873e-05 	1
61.6875 	0.000490215 	3.97074e-05 	1
61.8125 	0.000354864 	3.03601e-05 	1
61.875 	0.000177222 	1.60056e-05 	1
61.9375 	0.000337119 	2.44527e-05 	1
62.0 	0.000317557 	2.64286e-05 	1
62.125 	0.000459989 	3.3888e-05 	1
62.1875 	0.000328035 	2.48049e-05 	1
62.25 	0.000162998 	1.38018e-05 	1
62.3125 	8.40621e-05 	8.68216e-06 	1
62.375 	0.000271119 	2.23015e-05 	1
62.5 	0.000325639 	2.50176e-05 	1
62.5625 	0.00041733 	2.96331e-05 	1
62.6875 	0.000141383 	1.14135e-05 	1
62.75 	0.000156954 	1.39014e-05 	1
62.875 	0.000317661 	2.65487e-05 	1
62.9375 	0.000169617 	1.33597e-05 	1
63.0 	0.000228247 	1.80766e-05 	1
63.125 	0.00012468 	1.17877e-05 	1
63.25 	0.000205333 	1.77611e-05 	1
63.375 	8.15751e-05 	8.44298e-06 	1
63.4375 	0.000132036 	1.2098e-05 	1
63.5625 	0.00040066 	3.4902e-05 	1
63.625 	0.000344945 	2.75492e-05 	1
63.8125 	0.000268379 	2.25921e-05 	1
63.9375 	0.000488337 	4.12324e-05 	1
64.0 	0.000320916 	2.46776e-05 	1
64.0625 	0.000298466 	2.42356e-05 	1
64.25 	0.000336758 	2.48306e-05 	1
64.3125 	0.000467057 	3.94318e-05 	1
64.4375 	0.000210896 	2.02076e-05 	1
64.5625 	0.00050781 	3.97693e-05 	1
64.6875 	0.000444464 	3.28914e-05 	1
64.75 	0.000200208 	1.68325e-05 	1
64.8125 	0.000384679 	2.911e-05 	1
64.875 	0.000203887 	1.67791e-05 	1
64.9375 	0.000194601 	5.67788e-06 	2
65.0 	0.000239616 	2.12391e-05 	1
65.0625 	0.000158592 	1.48083e-05 	1
65.125 	0.000379454 	2.79066e-05 	1
65.25 	0.000266071 	2.2648e-05 	1
65.5 	0.000420094 	3.3832e-05 	1
65.625 	0.00039931 	3.06215e-05 	1
65.6875 	0.000216497 	2.05174e-05 	1
65.75 	0.00020487 	1.84143e-05 	1
65.8125 	0.000114984 	2.82317e-06 	2
65.9375 	0.000176423 	1.49897e-05 	1
66.0 	0.000298409 	2.60809e-05 	1
66.0625 	0.000487382 	3.5262e-05 	1
66.1875 	0.000179897 	1.62535e-05 	1
66.25 	0.000191553 	1.66787e-05 	1
66.3125 	0.00027758 	2.38972e-05 	1
66.375 	0.000208643 	1.5821e-05 	1
66.4375 	0.000365176 	2.81463e-05 	1
66.5 	0.000199438 	1.98711e-05 	1
66.625 	0.00037391 	2.72227e-05 	1
66.75 	0.00030873 	2.45988e-05 	1
66.8125 	0.00025246 	1.94345e-05 	1
66.875 	0.000438697 	3.21574e-05 	1
66.9375 	0.000330608 	2.74417e-05 	1
67.0 	0.000212599 	1.8728e-05 	1
67.125 	0.000229777 	2.11898e-05 	1
67.1875 	0.000268372 	2.29169e-05 	1
67.25 	0.000224794 	1.79834e-05 	1
67.3125 	0.000327117 	2.39156e-05 	1
67.375 	0.000416977 	3.06219e-05 	1
67.4375 	0.000178055 	1.52924e-05 	1
67.5 	0.000120001 	1.03118e-05 	1
67.5625 	0.000407205 	3.0636e-05 	1
67.8125 	0.000237894 	2.03903e-05 	1
67.875 	0.000246732 	2.1593e-05 	1
67.9375 	0.00051991 	3.7878e-05 	1
68.0 	0.000396235 	2.89287e-05 	1
68.0625 	0.000156241 	1.33831e-05 	1
68.125 	0.000254476 	1.86258e-05 	1
68.1875 	0.000251825 	2.06488e-05 	1
68.25 	0.000276748 	2.19045e-05 	1
68.3125 	0.000146434 	5.21594e-06 	2
68.375 	0.000387687 	2.9319e-05 	1
68.4375 	0.000220688 	2.05343e-05 	1
68.5 	0.000187463 	1.84287e-05 	1
68.5625 	0.000235464 	1.84443e-05 	1
68.625 	0.000233899 	2.06232e-05 	1
68.6875 	0.000209507 	1.63016e-05 	1
68.75 	0.000193605 	1.76505e-05 	1
68.8125 	0.000131083 	1.22517e-05 	1
68.875 	0.000294863 	2.50201e-05 	1
68.9375 	0.00032168 	2.55719e-05 	1
69.0625 	0.000126953 	4.58798e-06 	2
69.125 	0.000360388 	2.79127e-05 	1
69.1875 	0.000164986 	1.32857e-05 	1
69.25 	0.000323916 	2.43648e-05 	1
69.3125 	0.000271459 	2.36899e-05 	1
69.4375 	0.000352456 	2.66167e-05 	1
69.5 	0.000272942 	2.33487e-05 	1
69.625 	0.00022315 	2.06388e-05 	1
69.75 	0.000288125 	2.4409e-05 	1
69.8125 	0.000102599 	9.2849e-06 	1
69.875 	0.000100768 	9.75892e-06 	1
69.9375 	0.000121468 	4.78548e-06 	2
