# time 	Initial 	Final 	Iterations
0.135784 	8.14362e-05 	8.14362e-05 	0
0.333274 	0.000136787 	5.37514e-05 	1
0.392346 	0.000162217 	5.31727e-05 	1
0.579973 	9.99159e-05 	9.99159e-05 	0
0.642226 	0.000214078 	4.82571e-05 	1
0.70448 	0.000253277 	5.54206e-05 	1
0.766734 	0.000229289 	8.58331e-05 	1
0.828988 	0.000464196 	8.18881e-05 	1
0.891242 	7.68768e-05 	7.68768e-05 	0
0.953496 	0.000118352 	2.68922e-05 	1
1.01575 	0.000239271 	8.93388e-05 	1
1.078 	0.000210444 	4.72594e-05 	1
1.20251 	0.000355917 	7.04905e-05 	2
1.26477 	0.000191689 	8.16467e-05 	1
1.38927 	0.000118936 	4.3659e-05 	1
1.45153 	0.000244621 	5.56948e-05 	1
1.51378 	0.000230051 	7.91211e-05 	1
1.57604 	0.000108627 	5.04636e-05 	1
1.63829 	0.000367781 	5.30181e-05 	1
1.70054 	0.000316033 	6.88526e-05 	2
1.7628 	0.000203398 	6.42604e-05 	1
1.8873 	0.000296816 	5.03652e-05 	1
1.94956 	0.000173499 	6.24155e-05 	2
2.01181 	0.000262047 	6.8782e-05 	1
2.07407 	0.00019115 	3.75224e-05 	1
2.13632 	0.000347632 	5.98397e-05 	1
2.19857 	0.000115851 	3.23039e-05 	1
2.26083 	0.000160965 	7.47394e-05 	1
2.32308 	0.000235173 	3.70586e-05 	1
2.38534 	0.000181098 	3.04384e-05 	1
2.44759 	9.8188e-05 	9.8188e-05 	0
2.50984 	0.000180995 	5.22391e-05 	1
2.63435 	0.00022122 	6.94127e-05 	1
2.69661 	0.000118417 	3.84251e-05 	1
2.75886 	0.000210703 	6.54762e-05 	1
2.82111 	0.00022761 	3.90562e-05 	1
2.88337 	0.000243999 	9.7942e-05 	2
2.94562 	0.00040674 	9.91245e-05 	1
3.00787 	0.000197252 	6.85989e-05 	1
3.07013 	9.31381e-05 	9.31381e-05 	0
3.13238 	0.000170632 	3.89342e-05 	1
3.19464 	0.000204619 	8.38021e-05 	1
3.25689 	0.000248601 	5.12139e-05 	1
3.31914 	0.000244463 	9.01455e-05 	1
3.3814 	0.000317115 	7.0125e-05 	1
3.44365 	0.000156968 	3.66058e-05 	1
3.50591 	0.000166431 	5.85352e-05 	1
3.56816 	0.000130138 	6.51881e-05 	1
3.63041 	0.000283776 	4.52676e-05 	1
3.69267 	0.000172484 	2.22192e-05 	1
3.75492 	0.000325822 	7.42747e-05 	1
3.81718 	0.000230072 	9.18165e-05 	1
3.87943 	0.000253499 	9.55709e-05 	1
4.00394 	0.000147195 	5.55939e-05 	1
4.06619 	0.000290537 	4.9882e-05 	1
4.12845 	0.000246669 	4.55135e-05 	1
4.1907 	0.000100927 	3.77792e-05 	1
4.25295 	0.000100731 	3.63841e-05 	1
4.31521 	0.00012346 	5.62578e-05 	1
4.37746 	0.000160628 	4.90284e-05 	1
4.50197 	0.000408481 	7.16087e-05 	1
4.56422 	0.00017143 	4.12011e-05 	1
4.62648 	0.000151971 	3.65455e-05 	1
4.68873 	0.000141394 	6.06907e-05 	1
4.75098 	0.000278967 	8.86306e-05 	1
4.81324 	0.000119978 	5.75087e-05 	1
4.87549 	0.000154801 	4.89634e-05 	1
4.93775 	9.87581e-05 	9.87581e-05 	0
5.0 	9.96294e-05 	9.96294e-05 	0
5.0625 	0.000302155 	6.07516e-05 	1
5.125 	0.000272135 	7.79918e-05 	1
5.25 	0.000143022 	4.35196e-05 	1
5.3125 	0.000116584 	5.89396e-05 	1
5.375 	0.000234095 	3.9412e-05 	1
5.4375 	0.00013312 	2.66198e-05 	1
5.5 	0.000257624 	6.91308e-05 	1
5.5625 	0.000157042 	8.33093e-05 	1
5.625 	0.000164401 	6.8131e-05 	1
5.6875 	0.00016779 	5.35979e-05 	1
5.75 	0.00023378 	6.73843e-05 	1
5.8125 	0.000138761 	4.94648e-05 	1
5.875 	0.000143291 	9.86701e-05 	1
5.9375 	0.000148204 	6.26367e-05 	2
6.0 	0.000135066 	5.76742e-05 	1
6.125 	0.000138741 	3.50639e-05 	1
6.1875 	0.000126786 	7.01698e-05 	1
6.25 	0.000294354 	7.24849e-05 	1
6.3125 	0.000169953 	6.19559e-05 	1
6.375 	0.000166377 	4.02657e-05 	1
6.4375 	0.000158224 	3.82311e-05 	1
6.625 	0.000147272 	6.22219e-05 	1
6.6875 	0.000238679 	4.5964e-05 	1
6.75 	0.000228398 	7.97617e-05 	1
6.8125 	0.000220441 	3.72835e-05 	1
6.875 	8.07606e-05 	8.07606e-05 	0
6.9375 	0.000157355 	7.68204e-05 	1
7.0 	0.000141959 	5.91505e-05 	1
7.0625 	0.00016972 	5.62551e-05 	1
7.125 	0.000118536 	4.76176e-05 	1
7.1875 	0.000332445 	6.89618e-05 	2
7.25 	0.000323482 	6.57469e-05 	1
7.4375 	0.000169258 	4.76782e-05 	1
7.5625 	0.000125437 	6.00815e-05 	1
7.625 	0.000140536 	5.06774e-05 	1
7.6875 	0.00027212 	5.50772e-05 	1
7.75 	0.000297615 	6.43955e-05 	1
7.8125 	0.000400379 	6.57014e-05 	1
7.875 	0.000122886 	5.7003e-05 	1
7.9375 	0.000133262 	5.3157e-05 	1
8.0 	0.00011133 	5.99279e-05 	1
8.0625 	0.000184399 	5.89689e-05 	1
8.125 	0.00045794 	7.86246e-05 	1
8.1875 	0.000152548 	6.28958e-05 	1
8.25 	0.000221906 	8.63164e-05 	1
8.3125 	0.000141045 	5.17238e-05 	1
8.375 	0.000114766 	4.85629e-05 	1
8.4375 	0.000211863 	5.2809e-05 	1
8.5 	0.000333419 	9.47246e-05 	2
8.5625 	0.000134654 	3.74426e-05 	1
8.625 	0.000182733 	5.96338e-05 	1
8.8125 	0.00029454 	7.32778e-05 	1
8.875 	0.000205992 	9.28432e-05 	2
8.9375 	0.000165278 	5.12277e-05 	1
9.0 	0.000198831 	5.20531e-05 	1
9.0625 	0.000145569 	3.92335e-05 	1
9.125 	0.000182202 	5.6543e-05 	1
9.1875 	0.000211299 	6.22138e-05 	1
9.25 	0.000203555 	4.60335e-05 	1
9.3125 	0.000265189 	7.19825e-05 	1
9.375 	0.000121382 	3.83701e-05 	1
9.4375 	0.000295902 	5.98162e-05 	1
9.5 	0.000278071 	5.14343e-05 	1
9.5625 	0.00019593 	5.60419e-05 	1
9.625 	0.000189416 	5.09493e-05 	1
9.6875 	0.000109686 	2.77859e-05 	1
9.75 	0.000168622 	6.2747e-05 	2
9.8125 	0.000244315 	5.36014e-05 	1
9.875 	0.00023929 	8.16397e-05 	1
9.9375 	0.000220703 	9.76553e-05 	2
10.0 	0.00016984 	4.57513e-05 	2
10.0625 	0.000233735 	6.19739e-05 	1
10.125 	0.000260916 	3.24364e-05 	1
10.1875 	9.88503e-05 	9.88503e-05 	0
10.25 	0.000342544 	8.09568e-05 	1
10.3125 	0.000329259 	7.75263e-05 	1
10.375 	0.00020334 	7.65484e-05 	1
10.5 	0.000114694 	3.49007e-05 	1
10.5625 	0.000362066 	8.35645e-05 	1
10.625 	0.000191606 	4.27176e-05 	1
10.6875 	0.000263077 	9.27726e-05 	3
10.75 	0.000189448 	4.5958e-05 	1
10.8125 	0.000129641 	3.19202e-05 	1
10.875 	0.000321975 	9.00299e-05 	2
10.9375 	0.000298618 	7.87137e-05 	1
11.0 	0.000226892 	6.26521e-05 	1
11.0625 	0.000142913 	4.90991e-05 	1
11.125 	0.000200815 	5.79564e-05 	1
11.1875 	0.000201453 	5.99028e-05 	1
11.25 	0.000331476 	4.44987e-05 	1
11.3125 	0.000448191 	5.91866e-05 	1
11.375 	0.000152812 	6.7778e-05 	2
11.4375 	0.000261417 	5.58831e-05 	1
11.5 	0.000142703 	6.36151e-05 	1
11.5625 	0.000280351 	7.61504e-05 	1
11.625 	0.000259412 	5.35301e-05 	1
11.6875 	0.000148067 	4.34682e-05 	1
11.75 	0.000178827 	8.49266e-05 	1
11.8125 	0.000160554 	7.21529e-05 	1
11.875 	0.000169993 	6.12789e-05 	1
11.9375 	0.000118662 	7.12927e-05 	1
12.0 	0.000218179 	5.68951e-05 	1
12.0625 	9.44258e-05 	9.44258e-05 	0
12.125 	0.000323478 	7.39818e-05 	1
12.1875 	0.000266318 	6.74592e-05 	1
12.25 	0.000203329 	5.55781e-05 	2
12.3125 	0.000151036 	2.81971e-05 	1
12.375 	0.000125977 	3.66308e-05 	1
12.4375 	0.000357332 	7.92936e-05 	1
12.5625 	0.000127086 	5.77295e-05 	1
12.625 	0.000308662 	8.25598e-05 	1
12.6875 	0.000112279 	3.63356e-05 	1
12.75 	0.00020277 	4.40475e-05 	2
12.8125 	0.000150598 	4.70199e-05 	1
12.875 	0.000331352 	9.47572e-05 	1
12.9375 	0.000279626 	5.43379e-05 	2
13.0 	0.000182357 	4.78884e-05 	1
13.0625 	0.000172603 	4.78899e-05 	1
13.125 	0.00010534 	4.09778e-05 	1
13.1875 	0.000360702 	5.76584e-05 	1
13.25 	0.000177462 	3.24011e-05 	1
13.3125 	0.000151164 	5.11342e-05 	1
13.375 	0.000256934 	5.72924e-05 	1
13.4375 	0.000180787 	6.79867e-05 	1
13.5 	0.000191983 	6.68935e-05 	1
13.5625 	0.000263438 	5.77721e-05 	1
13.625 	0.000250207 	3.36211e-05 	1
13.6875 	0.000126419 	5.01844e-05 	1
13.75 	0.000143524 	3.43969e-05 	1
13.8125 	0.000227208 	8.06711e-05 	3
14.0 	9.84448e-05 	9.84448e-05 	0
14.0625 	0.000115116 	4.47445e-05 	1
14.125 	0.000175684 	4.43951e-05 	1
14.1875 	0.000272869 	7.57531e-05 	1
14.25 	0.000160966 	5.97427e-05 	1
14.3125 	0.0001973 	5.87545e-05 	1
14.375 	0.000273872 	4.0466e-05 	1
14.4375 	0.000258507 	8.52115e-05 	1
14.5 	0.000179533 	7.23654e-05 	1
14.5625 	0.000373307 	6.79181e-05 	1
14.625 	0.000253091 	4.30996e-05 	1
14.6875 	0.000190859 	6.19262e-05 	1
14.75 	0.000184974 	3.42352e-05 	1
14.8125 	0.000251606 	6.17427e-05 	2
14.875 	0.000384533 	8.76948e-05 	1
14.9375 	0.000203882 	9.50743e-05 	1
15.0 	0.000241978 	9.33227e-05 	1
15.0625 	0.00021097 	9.94075e-05 	1
15.1875 	0.000124909 	3.38695e-05 	1
15.25 	0.000319619 	7.81112e-05 	1
15.3125 	0.000351927 	8.23723e-05 	1
15.375 	0.00010046 	5.959e-05 	1
15.4375 	0.000223045 	6.63008e-05 	2
15.5 	0.000135093 	8.21547e-05 	1
15.5625 	0.000208418 	4.25805e-05 	1
15.625 	0.000172002 	5.68457e-05 	1
15.6875 	0.000124384 	4.15334e-05 	1
15.75 	0.000238717 	4.61646e-05 	2
15.8125 	0.000189532 	6.3398e-05 	1
15.875 	0.00015145 	8.33288e-05 	1
15.9375 	0.000159195 	3.92404e-05 	1
16.0 	0.000261725 	8.85118e-05 	1
16.0625 	0.000119007 	5.673e-05 	1
16.125 	0.00020579 	9.89614e-05 	1
16.1875 	0.000251712 	5.12032e-05 	1
16.25 	0.000375216 	8.00549e-05 	1
16.3125 	0.000234648 	4.26477e-05 	1
16.375 	0.00022897 	3.58898e-05 	1
16.4375 	0.000311509 	8.44903e-05 	1
16.5 	0.000134478 	4.04741e-05 	1
16.5625 	7.45264e-05 	7.45264e-05 	0
16.625 	0.000162408 	6.35203e-05 	1
16.6875 	0.000194328 	5.1605e-05 	1
16.75 	0.000141543 	8.14095e-05 	1
16.8125 	0.00022523 	7.90149e-05 	1
16.875 	0.000149712 	7.1939e-05 	1
16.9375 	0.00014987 	4.81058e-05 	1
17.0 	0.000253411 	8.5933e-05 	1
17.125 	0.000125485 	4.04107e-05 	1
17.1875 	0.00010066 	4.81036e-05 	1
17.25 	0.000110969 	4.88449e-05 	1
17.3125 	0.000191967 	6.10426e-05 	2
17.375 	9.54228e-05 	9.54228e-05 	0
17.4375 	0.000245352 	7.85071e-05 	2
17.5 	0.000322174 	9.12352e-05 	2
17.5625 	0.000160863 	7.88669e-05 	1
17.625 	0.000119234 	3.45496e-05 	1
17.6875 	0.000256793 	6.53104e-05 	2
17.75 	0.000276581 	4.90469e-05 	1
17.8125 	0.000130584 	4.49123e-05 	1
17.875 	0.000128056 	5.50202e-05 	1
17.9375 	0.000185747 	7.83849e-05 	1
18.0 	0.000139808 	2.07689e-05 	1
18.0625 	0.000145727 	4.68199e-05 	1
18.125 	0.000167245 	5.82835e-05 	2
18.1875 	0.000122093 	7.25746e-05 	1
18.25 	0.00025382 	8.22073e-05 	1
18.3125 	0.000236617 	7.37915e-05 	1
18.375 	0.000192526 	5.78199e-05 	1
18.4375 	0.000161699 	7.4149e-05 	1
18.5 	0.00023999 	6.81618e-05 	1
18.5625 	0.000112837 	5.99685e-05 	1
18.625 	0.000149588 	4.30764e-05 	1
18.75 	0.000303297 	9.21639e-05 	3
18.8125 	0.000341108 	9.17655e-05 	1
18.875 	0.00019192 	5.57411e-05 	2
18.9375 	0.000185866 	3.4741e-05 	1
19.125 	0.000338375 	2.35972e-05 	1
19.25 	0.000193862 	6.50002e-05 	2
19.3125 	0.000148175 	9.59728e-05 	1
19.375 	0.000129972 	4.11417e-05 	1
19.4375 	0.000186949 	5.24031e-05 	1
19.5 	0.000234408 	4.91245e-05 	1
19.5625 	0.000142284 	5.4537e-05 	1
19.625 	0.000391592 	7.06669e-05 	1
19.6875 	0.000259673 	5.71468e-05 	1
19.75 	0.000173011 	7.23974e-05 	1
19.8125 	0.00017775 	5.04096e-05 	1
19.875 	0.000209868 	4.44539e-05 	1
19.9375 	0.000334663 	7.32199e-05 	1
20.0 	0.000185201 	3.16628e-05 	1
20.0625 	9.8602e-05 	9.8602e-05 	0
20.125 	0.000195353 	3.79507e-05 	1
20.1875 	0.00015989 	4.20182e-05 	1
20.25 	0.000260065 	7.83313e-05 	1
20.3125 	0.000137763 	6.69045e-05 	1
20.375 	0.000203185 	4.62753e-05 	1
20.4375 	0.000164173 	6.54234e-05 	2
20.5 	0.000637715 	6.9773e-05 	1
20.5625 	0.000203685 	6.54725e-05 	2
20.625 	0.000153118 	7.72942e-05 	1
20.6875 	0.000218988 	7.59336e-05 	1
20.75 	0.000197057 	6.35867e-05 	2
20.8125 	0.000315736 	7.56494e-05 	1
20.875 	0.000278306 	7.29027e-05 	1
20.9375 	0.000227987 	4.72364e-05 	1
21.0 	0.000148775 	6.2704e-05 	2
21.0625 	0.00017678 	6.29733e-05 	1
21.125 	0.00011831 	3.89477e-05 	1
21.1875 	8.96364e-05 	8.96364e-05 	0
21.25 	0.000377749 	6.36763e-05 	1
21.3125 	0.000104411 	4.34962e-05 	1
21.375 	0.000128075 	6.42554e-05 	1
21.4375 	0.000148207 	4.76455e-05 	1
21.5 	0.000202955 	6.40869e-05 	1
21.5625 	0.000259175 	7.1538e-05 	2
21.625 	0.000113476 	4.51853e-05 	1
21.6875 	0.000194102 	2.91423e-05 	1
21.75 	0.000317777 	8.28262e-05 	1
21.8125 	0.000258655 	6.6847e-05 	1
21.875 	0.000122555 	5.57023e-05 	1
21.9375 	0.000232746 	3.31727e-05 	1
22.0 	0.000147161 	4.7044e-05 	1
22.0625 	0.000174033 	5.57305e-05 	1
22.125 	0.000124086 	6.56761e-05 	1
22.1875 	0.000193119 	8.33453e-05 	1
22.25 	0.000194365 	5.1586e-05 	1
22.3125 	0.000203521 	5.0288e-05 	1
22.375 	0.000259685 	6.9308e-05 	1
22.4375 	0.000146561 	4.72648e-05 	1
22.5 	0.000149305 	7.41267e-05 	1
22.625 	0.000292348 	6.32493e-05 	1
22.6875 	0.000188305 	4.02953e-05 	1
22.75 	0.000279253 	9.20199e-05 	3
22.8125 	0.000231282 	7.83635e-05 	1
22.9375 	0.000146482 	4.59544e-05 	1
23.0 	0.00033315 	7.84367e-05 	1
23.0625 	0.000195522 	3.55333e-05 	1
23.125 	0.000228212 	7.03812e-05 	1
23.1875 	0.000169556 	7.2893e-05 	1
23.3125 	0.000132955 	2.68097e-05 	1
23.375 	0.000242223 	9.8279e-05 	1
23.4375 	0.000226524 	3.82009e-05 	1
23.5 	0.000121278 	3.27082e-05 	1
23.5625 	0.000185934 	5.63511e-05 	1
23.625 	0.000265095 	4.06555e-05 	1
23.6875 	0.000170137 	1.68524e-05 	1
23.75 	0.000157156 	5.80306e-05 	1
23.8125 	0.000385299 	9.27767e-05 	1
23.875 	0.000111695 	3.67805e-05 	1
23.9375 	0.000339041 	8.18011e-05 	1
24.0 	0.000145406 	8.1968e-05 	1
24.0625 	0.000158713 	9.91619e-05 	1
24.125 	0.000255556 	3.92903e-05 	1
24.1875 	0.000122017 	9.79427e-05 	1
24.25 	0.000147731 	4.17477e-05 	1
24.3125 	0.000153335 	6.27091e-05 	1
24.375 	0.000386449 	8.45035e-05 	1
24.4375 	0.00037273 	8.87994e-05 	1
24.5 	0.000299963 	6.24535e-05 	1
24.5625 	0.000457497 	7.75134e-05 	1
24.625 	0.000263833 	5.41935e-05 	1
24.6875 	0.000172714 	6.33782e-05 	1
24.75 	0.000218899 	6.74405e-05 	1
24.8125 	0.0001298 	4.71762e-05 	1
24.875 	0.000231887 	9.67857e-05 	1
24.9375 	0.000111847 	7.52684e-05 	1
25.0 	0.000121416 	4.18967e-05 	1
25.0625 	0.000310619 	6.29837e-05 	1
25.125 	0.000188865 	3.86982e-05 	1
25.25 	0.0001951 	4.31501e-05 	1
25.3125 	0.000184464 	6.70339e-05 	1
25.375 	0.000241292 	6.34832e-05 	1
25.4375 	0.000116201 	6.29304e-05 	1
25.5 	0.000129778 	6.44841e-05 	1
25.5625 	0.000421289 	6.96638e-05 	1
25.625 	0.000142454 	4.40525e-05 	1
25.6875 	0.000161569 	3.82098e-05 	2
25.75 	0.000184893 	4.37505e-05 	1
25.8125 	0.000211057 	4.7269e-05 	2
25.875 	0.000174175 	5.0289e-05 	1
25.9375 	0.000101013 	4.53102e-05 	1
26.0 	0.000249251 	3.62116e-05 	1
26.0625 	0.000176016 	5.00492e-05 	1
26.125 	0.000146108 	8.06697e-05 	1
26.1875 	0.000138701 	4.86606e-05 	1
26.25 	0.000203275 	8.92624e-05 	1
26.3125 	0.000242721 	5.67424e-05 	1
26.375 	0.00018409 	5.52712e-05 	1
26.4375 	0.000327821 	8.93395e-05 	1
26.5 	0.000351897 	6.42697e-05 	1
26.5625 	0.000175026 	5.35665e-05 	1
26.625 	0.00034133 	6.98375e-05 	1
26.6875 	0.000286025 	6.42443e-05 	2
26.875 	8.95641e-05 	8.95641e-05 	0
26.9375 	0.000100228 	2.77831e-05 	1
27.0 	0.000139719 	4.6541e-05 	1
27.0625 	0.000138941 	5.88793e-05 	1
27.125 	0.000140508 	4.28006e-05 	1
27.25 	0.00021635 	7.36539e-05 	1
27.3125 	0.000112916 	6.35959e-05 	1
27.375 	9.52678e-05 	9.52678e-05 	0
27.5 	0.000235634 	3.501e-05 	1
27.5625 	0.000114949 	6.97222e-05 	1
27.625 	0.00030461 	5.56416e-05 	1
27.6875 	0.000317161 	6.08335e-05 	1
27.75 	0.000263208 	1.79387e-05 	1
27.8125 	0.000364797 	8.56496e-05 	1
27.875 	0.000118492 	5.36847e-05 	1
27.9375 	0.000119223 	4.65363e-05 	1
28.0 	0.000122999 	5.00681e-05 	1
28.0625 	0.000124653 	5.15232e-05 	1
28.125 	0.000196907 	5.53876e-05 	1
28.25 	0.000259188 	9.51781e-05 	1
28.3125 	0.000104476 	3.51072e-05 	1
28.375 	0.000204117 	4.65804e-05 	1
28.4375 	0.000119089 	5.64645e-05 	1
28.5 	0.000149792 	3.82815e-05 	1
28.5625 	8.09267e-05 	8.09267e-05 	0
28.625 	0.000170977 	5.13347e-05 	1
28.6875 	0.000240972 	4.21243e-05 	1
28.8125 	0.000236536 	5.96881e-05 	1
28.875 	0.0002157 	7.95186e-05 	1
28.9375 	0.000257634 	8.67635e-05 	1
29.0 	0.000216108 	5.75378e-05 	1
29.0625 	0.000347792 	6.66114e-05 	1
29.125 	0.000314529 	6.62547e-05 	1
29.1875 	0.000234756 	8.91854e-05 	1
29.25 	0.000154828 	6.13474e-05 	1
29.3125 	0.000255942 	9.24705e-05 	1
29.375 	0.000172737 	8.02951e-05 	1
29.4375 	0.000169048 	8.81547e-05 	1
29.5 	0.000193447 	7.94802e-05 	1
29.5625 	0.000232741 	6.29782e-05 	1
29.625 	0.000236719 	6.48144e-05 	1
29.6875 	0.00015505 	8.23251e-05 	1
29.75 	0.000240493 	7.0196e-05 	2
29.875 	0.00011687 	4.05249e-05 	1
29.9375 	0.000184245 	8.27619e-05 	1
30.0 	0.000211274 	8.08558e-05 	1
30.125 	0.000198892 	4.65365e-05 	1
30.1875 	0.000142338 	7.25645e-05 	1
30.25 	0.000121938 	4.47249e-05 	1
30.3125 	0.000189311 	3.03195e-05 	1
30.375 	0.000212794 	8.37565e-05 	1
30.4375 	0.000256929 	3.99707e-05 	1
30.5 	0.000384745 	9.89197e-05 	2
30.5625 	9.42994e-05 	9.42994e-05 	0
30.625 	0.000369599 	8.28611e-05 	3
30.6875 	0.000142901 	2.20281e-05 	1
30.75 	0.000221125 	7.46189e-05 	1
30.8125 	0.000196118 	4.13636e-05 	1
30.875 	0.000149017 	3.4956e-05 	1
30.9375 	0.000145641 	8.73528e-05 	1
31.0 	0.00044492 	6.544e-05 	1
31.125 	0.000160987 	6.32242e-05 	1
31.1875 	0.000129781 	3.40844e-05 	1
31.25 	0.000189569 	4.15625e-05 	1
31.3125 	0.000205882 	3.92877e-05 	1
31.375 	0.000129959 	6.64967e-05 	1
31.5 	0.000359079 	7.9219e-05 	1
31.5625 	0.000139012 	2.11039e-05 	1
31.625 	0.000229556 	6.48634e-05 	1
31.6875 	0.000140302 	8.99203e-05 	1
31.75 	0.000114014 	5.21889e-05 	1
31.8125 	0.000148011 	5.73798e-05 	1
31.875 	0.000240256 	6.37434e-05 	1
31.9375 	0.00026485 	4.13643e-05 	1
32.0 	0.000298888 	7.89115e-05 	1
32.0625 	0.000235044 	4.83698e-05 	1
32.125 	0.000215817 	6.4589e-05 	1
32.1875 	0.000119909 	6.04689e-05 	1
32.25 	0.000345256 	8.78745e-05 	1
32.3125 	0.000191151 	4.59441e-05 	1
32.375 	0.000197937 	5.17597e-05 	2
32.4375 	0.000360019 	8.43955e-05 	3
32.5 	9.17917e-05 	9.17917e-05 	0
32.625 	0.000241847 	8.36316e-05 	1
32.6875 	0.000341088 	6.78236e-05 	4
32.75 	0.000108493 	5.1299e-05 	1
32.8125 	0.000264363 	5.77485e-05 	1
32.875 	0.000147443 	3.49896e-05 	1
32.9375 	0.000160264 	6.61144e-05 	1
33.0 	0.000118849 	5.66712e-05 	1
33.0625 	0.000369189 	8.41202e-05 	1
33.125 	0.000223455 	9.54107e-05 	1
33.1875 	0.000136297 	4.54467e-05 	1
33.25 	0.000109221 	4.97121e-05 	1
33.3125 	0.000196622 	5.24192e-05 	1
33.375 	0.000178598 	6.43695e-05 	1
33.4375 	0.00039749 	7.13527e-05 	1
33.5 	0.00018783 	6.75116e-05 	1
33.625 	0.000151492 	4.9083e-05 	1
33.6875 	0.000312003 	8.78226e-05 	1
33.75 	0.00034833 	7.34493e-05 	1
33.8125 	0.000211383 	4.40933e-05 	1
33.875 	0.000118742 	5.97143e-05 	1
33.9375 	0.000153812 	7.59102e-05 	1
34.0 	0.000293296 	9.70528e-05 	2
34.0625 	0.000261576 	3.59001e-05 	1
34.125 	0.000429559 	6.44369e-05 	1
34.1875 	0.000147348 	7.36654e-05 	1
34.25 	0.000354369 	6.82186e-05 	1
34.3125 	0.000316264 	7.80623e-05 	1
34.375 	0.000208762 	6.00877e-05 	1
34.4375 	0.000118204 	5.75032e-05 	1
34.5 	0.000160498 	6.54706e-05 	1
34.5625 	0.000313165 	7.71518e-05 	1
34.625 	0.000137734 	6.7501e-05 	1
34.6875 	0.000109836 	4.51944e-05 	1
34.75 	0.000205319 	5.94915e-05 	2
34.8125 	8.24057e-05 	8.24057e-05 	0
34.875 	0.000276101 	6.25988e-05 	2
34.9375 	0.00012674 	5.20767e-05 	1
35.0 	9.20335e-05 	9.20335e-05 	0
35.0625 	0.000282685 	8.5829e-05 	2
35.125 	0.000310265 	8.56227e-05 	1
35.1875 	0.000140161 	5.65669e-05 	1
35.25 	0.000235947 	4.70257e-05 	1
35.3125 	0.000161887 	8.24117e-05 	1
35.375 	0.000211754 	6.64088e-05 	1
35.4375 	0.000128394 	3.48658e-05 	1
35.5625 	0.000231267 	8.33979e-05 	1
35.625 	0.000162726 	9.52589e-05 	1
35.6875 	0.000336296 	6.85656e-05 	1
35.75 	0.000115324 	5.2495e-05 	1
35.8125 	0.000119976 	4.8965e-05 	1
35.875 	0.000298723 	7.50197e-05 	1
35.9375 	0.000230983 	7.90364e-05 	1
36.0 	0.000114263 	6.05009e-05 	1
36.125 	0.000143252 	5.53265e-05 	1
36.1875 	0.000243814 	7.45663e-05 	1
36.25 	0.000227015 	5.24595e-05 	1
36.3125 	0.00013898 	6.23797e-05 	1
36.375 	0.000348101 	7.79619e-05 	1
36.4375 	0.000129393 	5.77775e-05 	1
36.5 	0.0002465 	4.58402e-05 	1
36.5625 	0.00012657 	6.20224e-05 	1
36.625 	9.91563e-05 	9.91563e-05 	0
36.6875 	0.000228043 	4.79904e-05 	1
36.75 	0.000228773 	6.86976e-05 	2
36.8125 	0.00016925 	7.85528e-05 	1
36.875 	0.000218425 	6.02287e-05 	1
36.9375 	0.000120842 	6.47529e-05 	1
37.0 	0.000241299 	7.04162e-05 	1
37.0625 	0.000134649 	4.07364e-05 	1
37.125 	0.000137913 	7.08791e-05 	1
37.1875 	0.000296112 	7.4307e-05 	1
37.25 	0.00033666 	8.10908e-05 	1
37.3125 	0.000183423 	9.9877e-05 	1
37.375 	0.000198428 	7.04701e-05 	1
37.4375 	0.000178295 	8.34913e-05 	1
37.5 	0.000401377 	7.67844e-05 	1
37.5625 	0.000181543 	5.9157e-05 	2
37.625 	0.000359337 	8.21004e-05 	1
37.75 	0.000164024 	4.31105e-05 	1
37.8125 	0.000177719 	5.92622e-05 	1
37.875 	0.000255717 	4.33394e-05 	1
37.9375 	0.000150747 	4.30262e-05 	1
38.0 	8.8169e-05 	8.8169e-05 	0
38.0625 	0.000307773 	6.95209e-05 	1
38.125 	0.000277751 	5.98183e-05 	1
38.1875 	0.000109875 	5.79865e-05 	1
38.25 	0.000134688 	4.89421e-05 	1
38.3125 	0.000222774 	9.33398e-05 	2
38.375 	0.000140277 	8.37103e-05 	1
38.4375 	0.00032118 	9.56553e-05 	3
38.5 	5.45825e-05 	5.45825e-05 	0
38.5625 	0.000216466 	6.90281e-05 	1
38.6875 	0.000242023 	9.25603e-05 	1
38.75 	9.9724e-05 	9.9724e-05 	0
38.8125 	0.000142815 	7.72979e-05 	1
38.875 	0.000136479 	2.13218e-05 	1
38.9375 	0.000277517 	7.26528e-05 	1
39.0 	0.000204235 	6.44004e-05 	2
39.0625 	0.000236003 	6.21842e-05 	2
39.125 	0.000134544 	6.38396e-05 	1
39.1875 	0.000395615 	6.93364e-05 	1
39.25 	0.000264708 	4.87025e-05 	1
39.3125 	0.00023512 	6.97055e-05 	1
39.375 	0.000279168 	5.18433e-05 	1
39.5 	0.000183696 	4.77846e-05 	1
39.5625 	0.000229146 	8.70045e-05 	2
39.625 	0.000386651 	6.42374e-05 	1
39.6875 	0.000170497 	7.42334e-05 	1
39.75 	0.00028309 	7.08208e-05 	1
39.8125 	0.00013994 	8.11362e-05 	1
39.875 	0.000351973 	8.47169e-05 	1
39.9375 	0.000181423 	9.85842e-05 	1
40.0 	0.000358902 	9.17187e-05 	1
40.0625 	0.000175226 	4.86376e-05 	1
40.125 	0.000130677 	4.21055e-05 	1
40.1875 	0.000255325 	4.33538e-05 	1
40.25 	0.000185869 	4.33454e-05 	1
40.3125 	0.000216427 	6.30334e-05 	1
40.4375 	0.000162493 	5.63605e-05 	1
40.5 	0.000109459 	4.12259e-05 	1
40.5625 	0.000132211 	6.14893e-05 	1
40.625 	0.00025587 	5.72876e-05 	1
40.8125 	0.000175444 	5.24167e-05 	1
40.875 	0.000196942 	6.18649e-05 	1
40.9375 	0.000182843 	4.98802e-05 	1
41.0 	0.000321551 	5.95586e-05 	1
41.0625 	0.000238789 	7.53967e-05 	1
41.125 	0.000113952 	2.41516e-05 	1
41.1875 	0.000146775 	5.59906e-05 	1
41.25 	0.000177258 	4.95114e-05 	2
41.3125 	0.000153101 	7.67877e-05 	1
41.375 	0.000278645 	8.56043e-05 	1
41.4375 	0.000149606 	5.73482e-05 	1
41.5 	0.000104074 	4.44888e-05 	1
41.5625 	0.00014911 	6.30195e-05 	1
41.625 	9.94078e-05 	9.94078e-05 	0
41.6875 	0.000150317 	5.16188e-05 	1
41.8125 	0.000133245 	6.7067e-05 	1
41.875 	0.000170289 	2.84921e-05 	1
41.9375 	0.000369323 	8.64585e-05 	1
42.0 	0.000259819 	7.75663e-05 	1
42.125 	0.0001892 	6.0332e-05 	1
42.25 	9.74955e-05 	9.74955e-05 	0
42.375 	0.000285224 	9.55742e-05 	1
42.4375 	0.00022595 	6.92016e-05 	1
42.5 	0.000369462 	7.98601e-05 	1
42.5625 	0.000200943 	8.83434e-05 	1
42.625 	0.000132927 	2.88598e-05 	1
42.6875 	0.00020573 	6.98627e-05 	1
42.75 	0.000201961 	5.55748e-05 	1
42.8125 	0.000211111 	8.15219e-05 	1
42.875 	0.000119662 	4.96732e-05 	1
42.9375 	0.000340178 	7.22849e-05 	1
43.0 	0.000183378 	3.78938e-05 	1
43.0625 	0.000183304 	7.06841e-05 	2
43.125 	0.000113114 	4.86127e-05 	1
43.1875 	0.000184921 	5.16201e-05 	1
43.25 	7.6645e-05 	7.6645e-05 	0
43.3125 	0.000372894 	6.42515e-05 	1
43.375 	0.000185557 	4.5468e-05 	1
43.4375 	0.000283394 	7.22392e-05 	1
43.5 	0.000125568 	7.00107e-05 	1
43.5625 	0.000168578 	4.89749e-05 	1
43.6875 	0.000123016 	6.2677e-05 	1
43.75 	0.000129024 	6.04572e-05 	1
43.8125 	0.000197354 	4.02077e-05 	1
43.875 	0.000101209 	5.11214e-05 	1
43.9375 	0.000328942 	9.52392e-05 	3
44.0 	0.000223449 	7.02028e-05 	1
44.0625 	0.000233265 	6.99535e-05 	1
44.125 	0.000165006 	5.9747e-05 	1
44.1875 	0.000178172 	5.51482e-05 	1
44.25 	0.000291175 	8.76813e-05 	1
44.3125 	0.000236312 	7.97041e-05 	1
44.375 	0.000202165 	3.26338e-05 	1
44.4375 	0.000312862 	5.87031e-05 	1
44.5 	0.000138088 	4.87651e-05 	1
44.5625 	0.000145514 	9.40936e-05 	1
44.625 	0.000263499 	4.61628e-05 	1
44.6875 	0.000202559 	6.68232e-05 	1
44.75 	0.000285666 	6.56547e-05 	1
44.8125 	0.000306475 	7.05481e-05 	1
44.875 	0.000176638 	5.54885e-05 	1
44.9375 	0.000170591 	9.69227e-05 	1
45.0 	0.00015873 	4.99863e-05 	2
45.0625 	0.000220536 	7.81948e-05 	1
45.125 	0.000245654 	3.77143e-05 	1
45.1875 	0.000324198 	6.63517e-05 	1
45.25 	0.000152159 	6.81978e-05 	1
45.3125 	0.000411645 	9.82767e-05 	1
45.375 	0.00040644 	8.30494e-05 	1
45.5 	0.000257665 	6.10879e-05 	2
45.5625 	0.00028631 	4.44901e-05 	1
45.625 	0.00014325 	4.60223e-05 	1
45.6875 	0.000155288 	4.3627e-05 	1
45.75 	0.000194707 	5.78379e-05 	1
45.8125 	0.000363469 	7.71763e-05 	1
45.875 	0.00014747 	7.57327e-05 	1
45.9375 	0.000331174 	8.85411e-05 	1
46.0 	0.000115211 	4.5236e-05 	1
46.0625 	0.000148613 	2.20678e-05 	1
46.125 	0.000188576 	8.0125e-05 	1
46.25 	8.52584e-05 	8.52584e-05 	0
46.3125 	0.000175255 	6.11308e-05 	1
46.375 	0.000361153 	6.09529e-05 	1
46.4375 	0.000212693 	5.33002e-05 	1
46.5 	0.000238876 	7.03764e-05 	1
46.5625 	0.000100191 	3.98294e-05 	1
46.625 	9.92113e-05 	9.92113e-05 	0
46.6875 	0.000201898 	8.75018e-05 	1
46.75 	0.000146954 	5.68238e-05 	1
46.8125 	0.00017677 	7.94979e-05 	1
46.875 	0.000252303 	9.81909e-05 	1
46.9375 	0.000155505 	4.28652e-05 	1
47.0 	0.000133375 	4.0221e-05 	1
47.0625 	0.000241798 	7.38845e-05 	2
47.125 	0.000398225 	6.41281e-05 	1
47.1875 	0.00035688 	9.25877e-05 	1
47.25 	0.000168911 	5.40347e-05 	1
47.3125 	0.000295587 	7.02051e-05 	1
47.375 	0.000120054 	4.80964e-05 	1
47.4375 	0.000155278 	4.4125e-05 	1
47.5 	0.000120219 	6.02278e-05 	1
47.5625 	0.000200128 	6.43399e-05 	1
47.625 	0.000165367 	3.14846e-05 	1
47.6875 	0.000201725 	3.45417e-05 	1
47.75 	0.00016198 	6.08193e-05 	1
47.8125 	0.000318084 	7.66134e-05 	3
47.875 	0.000179037 	7.98201e-05 	1
48.0 	0.000247898 	4.83617e-05 	1
48.0625 	0.000312868 	7.00918e-05 	4
48.125 	0.000199997 	5.68264e-05 	2
48.1875 	0.000200586 	7.27388e-05 	2
48.25 	0.000198072 	6.59737e-05 	1
48.3125 	0.000194738 	6.03568e-05 	1
48.375 	0.000156494 	4.47922e-05 	1
48.4375 	0.000157249 	7.5612e-05 	1
48.5 	0.000191613 	3.57882e-05 	1
48.5625 	0.000111128 	4.95736e-05 	1
48.625 	0.000163246 	3.69205e-05 	1
48.75 	0.000168634 	7.17434e-05 	1
48.8125 	0.000199188 	4.56979e-05 	1
48.875 	0.000135264 	4.59214e-05 	1
48.9375 	0.000121924 	4.17719e-05 	1
49.0 	0.000165438 	2.59905e-05 	1
49.125 	0.000139149 	7.397e-05 	1
49.1875 	0.000186624 	2.75497e-05 	1
49.25 	0.000239355 	3.91181e-05 	1
49.3125 	0.000214199 	7.35399e-05 	1
49.375 	0.00025673 	5.50737e-05 	1
49.4375 	0.00020566 	8.48185e-05 	1
49.5 	0.000275261 	2.58283e-05 	1
49.5625 	0.000252719 	7.48375e-05 	2
49.625 	0.000135926 	4.65041e-05 	1
49.6875 	0.000313371 	4.29101e-05 	1
49.75 	0.000337205 	7.88804e-05 	1
50.0625 	0.000131579 	5.04281e-05 	1
50.125 	0.000102367 	3.64017e-05 	1
50.1875 	0.000104293 	5.0921e-05 	1
50.25 	0.000245423 	7.17587e-05 	2
50.3125 	0.000162129 	3.80375e-05 	1
50.375 	0.000169655 	9.11674e-05 	1
50.4375 	0.000207735 	7.33793e-05 	1
50.5 	0.000237557 	6.81495e-05 	2
50.5625 	0.00012111 	4.24473e-05 	1
50.625 	0.000179636 	6.45849e-05 	1
50.75 	0.000180317 	6.07081e-05 	2
50.8125 	0.000420959 	7.01366e-05 	1
50.875 	0.000180838 	5.99423e-05 	1
50.9375 	0.000372261 	7.50478e-05 	1
51.0 	0.000164202 	7.89102e-05 	1
51.0625 	0.000168603 	4.68397e-05 	1
51.125 	0.000172045 	7.88163e-05 	1
51.1875 	0.000211414 	3.60462e-05 	1
51.25 	0.000205285 	6.1596e-05 	2
51.3125 	0.000197499 	4.64825e-05 	1
51.375 	0.000135093 	6.55332e-05 	1
51.4375 	0.000381458 	9.3687e-05 	1
51.5 	0.000164866 	9.15564e-05 	1
51.5625 	0.00026397 	6.62242e-05 	4
51.625 	0.000237425 	7.09095e-05 	2
51.6875 	0.000143864 	6.84362e-05 	1
51.75 	0.000256404 	7.04426e-05 	1
51.8125 	0.000173691 	6.84769e-05 	1
51.875 	0.000237189 	6.49313e-05 	1
52.0 	0.000392503 	6.74001e-05 	2
52.0625 	0.000202166 	4.99319e-05 	1
52.125 	0.000185838 	8.91588e-05 	1
52.1875 	0.000315982 	7.0837e-05 	1
52.25 	9.39068e-05 	9.39068e-05 	0
52.3125 	0.00024194 	6.14186e-05 	2
52.375 	0.000435759 	7.1871e-05 	1
52.4375 	0.000113076 	5.04615e-05 	1
52.5 	0.000340397 	6.60161e-05 	1
52.5625 	0.000185672 	6.5199e-05 	1
52.625 	0.000238957 	4.34957e-05 	1
52.6875 	0.000248257 	8.06493e-05 	3
52.75 	0.000208426 	5.56037e-05 	1
52.8125 	0.000266547 	6.86584e-05 	2
52.875 	0.000154469 	6.75869e-05 	1
52.9375 	0.00018473 	5.90012e-05 	1
53.0 	0.000242844 	2.67542e-05 	1
53.0625 	0.000208495 	9.5505e-05 	1
53.125 	0.000144994 	5.78178e-05 	1
53.1875 	0.000171442 	8.31244e-05 	1
53.25 	0.000185669 	4.98911e-05 	1
53.3125 	0.000122477 	4.97214e-05 	1
53.375 	0.000112711 	7.75521e-05 	1
53.5 	0.000153565 	6.15174e-05 	2
53.5625 	0.000274303 	8.0228e-05 	1
53.625 	0.000210402 	4.95365e-05 	1
53.6875 	0.000233329 	9.30214e-05 	1
53.75 	0.000170937 	5.43314e-05 	1
53.8125 	0.000179098 	5.42987e-05 	1
53.875 	0.000283094 	5.76257e-05 	1
53.9375 	0.00019553 	4.78306e-05 	1
54.0 	0.000140106 	5.6525e-05 	1
54.0625 	0.000340617 	7.59163e-05 	1
54.125 	0.000305199 	8.36954e-05 	3
54.1875 	0.000306392 	6.30625e-05 	1
54.25 	0.00014332 	4.45524e-05 	1
54.3125 	0.000133207 	4.73202e-05 	1
54.375 	0.000141316 	5.60241e-05 	1
54.4375 	0.000236383 	4.5872e-05 	1
54.5 	0.000145191 	5.07015e-05 	1
54.625 	0.000247771 	5.57389e-05 	2
54.6875 	0.000217468 	7.53306e-05 	1
54.8125 	0.00019218 	5.10265e-05 	1
54.875 	0.000116897 	3.72379e-05 	1
54.9375 	0.000175555 	6.94249e-05 	1
55.0 	0.000233732 	5.53627e-05 	1
55.0625 	0.000292088 	4.35978e-05 	1
55.125 	0.000202958 	5.60662e-05 	1
55.1875 	0.000293491 	7.75815e-05 	1
55.3125 	8.79742e-05 	8.79742e-05 	0
55.4375 	0.00019235 	7.58662e-05 	1
55.5 	0.000185445 	4.32019e-05 	1
55.5625 	0.000402782 	9.78908e-05 	1
55.625 	0.000257761 	6.64782e-05 	1
55.6875 	0.000393208 	9.0434e-05 	1
55.75 	0.000150181 	7.52687e-05 	1
55.8125 	0.000166167 	4.57568e-05 	1
55.875 	0.000212224 	5.43846e-05 	1
55.9375 	0.000188075 	6.76414e-05 	2
56.0 	0.000277322 	4.80904e-05 	1
56.0625 	0.000130519 	7.22074e-05 	1
56.125 	0.000157847 	5.86172e-05 	1
56.1875 	9.77697e-05 	9.77697e-05 	0
56.25 	0.000203824 	9.8032e-05 	2
56.3125 	0.000143774 	4.65623e-05 	1
56.375 	0.000240126 	8.93632e-05 	1
56.4375 	0.000239899 	6.80128e-05 	1
56.5 	0.00015386 	5.05496e-05 	1
56.5625 	0.000114766 	5.33013e-05 	1
56.625 	0.000304997 	6.34763e-05 	1
56.6875 	0.000271181 	6.59221e-05 	1
56.75 	0.000139447 	4.10306e-05 	1
56.8125 	0.000256237 	4.56997e-05 	1
56.875 	0.000267603 	7.94787e-05 	2
56.9375 	0.000129046 	5.9647e-05 	1
57.0 	0.00017301 	5.82503e-05 	1
57.0625 	0.000157477 	5.06581e-05 	1
57.125 	0.000167417 	3.05493e-05 	1
57.1875 	0.000107447 	3.34045e-05 	1
57.25 	0.000235985 	7.84989e-05 	2
57.3125 	0.000237438 	6.91831e-05 	1
57.375 	0.000198497 	3.9279e-05 	1
57.4375 	0.000187249 	5.57525e-05 	2
57.5 	0.000138677 	5.79211e-05 	1
57.5625 	0.000422238 	9.94833e-05 	1
57.625 	0.000156012 	9.50515e-05 	1
57.6875 	0.000125867 	9.6725e-05 	1
57.75 	0.000278605 	6.70476e-05 	2
57.8125 	0.00026216 	9.33778e-05 	1
57.9375 	0.000310992 	9.65782e-05 	3
58.0 	0.000238471 	5.74925e-05 	1
58.0625 	0.000155046 	5.79229e-05 	2
58.125 	0.000154157 	4.85142e-05 	1
58.1875 	0.000115978 	7.67579e-05 	1
58.25 	0.000172568 	3.26047e-05 	1
58.3125 	0.000122742 	2.95658e-05 	1
58.375 	0.000125904 	6.74094e-05 	1
58.4375 	8.84155e-05 	8.84155e-05 	0
58.5 	0.000122867 	8.28998e-05 	1
58.5625 	0.000130077 	4.8327e-05 	1
58.625 	0.000139754 	8.31775e-05 	1
58.6875 	0.000259034 	7.01166e-05 	2
58.75 	0.000262019 	8.32147e-05 	1
58.8125 	0.000283559 	6.94902e-05 	1
58.875 	0.000263601 	6.0519e-05 	2
58.9375 	0.000140676 	6.29129e-05 	1
59.0 	0.000320536 	7.02808e-05 	2
59.0625 	0.000135602 	6.33823e-05 	1
59.125 	0.00017524 	7.03078e-05 	1
59.1875 	0.000264626 	6.51847e-05 	1
59.25 	0.000154012 	5.48079e-05 	1
59.3125 	0.000181794 	6.51133e-05 	1
59.375 	0.000269341 	7.98885e-05 	3
59.4375 	0.000204882 	7.10296e-05 	1
59.5 	0.000109084 	2.54194e-05 	1
59.5625 	0.000232184 	3.08035e-05 	1
59.6875 	0.000157356 	6.45168e-05 	1
59.75 	6.89107e-05 	6.89107e-05 	0
59.8125 	0.000209665 	6.18046e-05 	1
59.875 	0.000335053 	8.63731e-05 	1
59.9375 	0.00013896 	5.95021e-05 	1
60.0 	0.000197008 	5.44142e-05 	1
60.0625 	0.000235731 	4.95431e-05 	1
60.125 	0.0002551 	6.16206e-05 	1
60.25 	0.00017467 	4.6618e-05 	1
60.3125 	0.000158908 	4.91276e-05 	2
60.375 	0.000113944 	4.05581e-05 	1
60.4375 	0.000102065 	2.83106e-05 	1
60.5 	0.000191035 	4.33062e-05 	1
60.5625 	0.000210483 	5.59502e-05 	1
60.625 	0.000228599 	6.27952e-05 	1
60.6875 	0.000256522 	9.75601e-05 	1
60.75 	0.000198926 	7.52922e-05 	1
60.8125 	0.000291473 	6.67374e-05 	1
60.875 	0.000225996 	8.86808e-05 	1
60.9375 	0.000109831 	3.10638e-05 	1
61.0 	0.000159882 	5.40192e-05 	1
61.0625 	0.000145434 	3.38483e-05 	1
61.125 	0.000218099 	7.01853e-05 	1
61.1875 	0.000229808 	4.31081e-05 	1
61.25 	0.000189928 	6.93522e-05 	1
61.3125 	0.000147012 	8.45391e-05 	1
61.375 	0.000114676 	4.22776e-05 	1
61.4375 	0.00027992 	9.0292e-05 	1
61.5 	0.00020205 	5.63649e-05 	1
61.625 	0.000182345 	4.7279e-05 	1
61.6875 	0.000173896 	5.6017e-05 	1
61.75 	0.000300241 	4.07235e-05 	1
61.8125 	0.000213564 	9.31954e-05 	1
61.875 	0.000294427 	5.76536e-05 	1
61.9375 	0.000122252 	5.08322e-05 	1
62.0 	0.000182459 	8.02473e-05 	1
62.0625 	0.000199255 	7.88835e-05 	1
62.125 	0.000186036 	5.4453e-05 	1
62.1875 	0.000256539 	9.70631e-05 	1
62.25 	0.000178429 	5.34652e-05 	1
62.3125 	0.000165543 	3.83132e-05 	1
62.375 	0.000145968 	5.4545e-05 	1
62.4375 	0.000176016 	4.96427e-05 	2
62.5 	0.000198754 	5.23165e-05 	2
62.5625 	0.000223597 	9.33499e-05 	1
62.6875 	0.000252215 	7.77589e-05 	2
62.75 	0.000104112 	3.91375e-05 	1
62.875 	0.000255435 	9.62234e-05 	1
62.9375 	0.000388262 	7.19972e-05 	1
63.0 	0.000192068 	6.95204e-05 	2
63.0625 	0.000200467 	4.93889e-05 	2
63.125 	0.000200044 	9.72305e-05 	1
63.1875 	0.000101286 	5.56772e-05 	1
63.25 	0.000371101 	7.81496e-05 	1
63.375 	0.000217731 	7.59385e-05 	1
63.4375 	9.77207e-05 	9.77207e-05 	0
63.5 	0.000108851 	4.24196e-05 	1
63.5625 	0.000208574 	8.36071e-05 	1
63.625 	0.0001835 	2.35329e-05 	1
63.8125 	0.000138384 	7.43996e-05 	1
63.875 	0.000336979 	5.88102e-05 	1
63.9375 	0.000119667 	2.6621e-05 	1
64.0 	0.000188291 	7.12205e-05 	1
64.0625 	0.000156246 	6.25089e-05 	1
64.125 	0.000129349 	6.50106e-05 	1
64.1875 	9.382e-05 	9.382e-05 	0
64.25 	0.000326407 	5.58852e-05 	1
64.3125 	0.000155322 	6.85409e-05 	1
64.4375 	0.000203695 	8.26522e-05 	2
64.5 	0.000134224 	6.2678e-05 	1
64.5625 	0.000363484 	5.47335e-05 	1
64.6875 	0.000267582 	7.07683e-05 	1
64.75 	0.000140402 	9.71383e-05 	1
64.8125 	0.000178866 	6.72522e-05 	2
64.875 	0.000374 	9.86425e-05 	1
64.9375 	0.000186286 	6.25262e-05 	1
65.0 	0.000122943 	5.99296e-05 	2
65.0625 	0.00011676 	5.5853e-05 	1
65.125 	0.000240735 	4.82132e-05 	1
65.1875 	0.000140827 	5.8513e-05 	1
65.25 	0.000330522 	5.62017e-05 	1
65.4375 	0.000114011 	4.37956e-05 	1
65.5 	0.000167078 	8.45927e-05 	1
65.625 	0.000454028 	7.09703e-05 	1
65.6875 	0.000147471 	5.7758e-05 	1
65.75 	0.000126493 	4.08512e-05 	1
65.8125 	0.000200447 	9.27592e-05 	1
65.875 	0.000213369 	3.87305e-05 	1
65.9375 	0.00026922 	9.9254e-05 	1
66.0 	0.000288437 	6.52026e-05 	1
66.0625 	0.000104643 	5.71027e-05 	1
66.125 	0.000274577 	4.96485e-05 	2
66.1875 	0.000181477 	5.46335e-05 	1
66.25 	0.000206376 	4.46381e-05 	1
66.3125 	0.000113102 	5.25338e-05 	1
66.375 	0.000280775 	9.46819e-05 	3
66.4375 	0.000138254 	4.77106e-05 	1
66.5 	0.000134077 	6.00324e-05 	1
66.5625 	0.000102075 	4.77226e-05 	1
66.625 	0.00023025 	8.57766e-05 	1
66.75 	0.00017309 	3.93278e-05 	1
66.8125 	0.000166096 	5.21531e-05 	2
66.875 	0.000307929 	9.11142e-05 	3
66.9375 	0.000164278 	4.12793e-05 	1
67.0 	0.00031215 	6.55038e-05 	2
67.125 	0.000137823 	8.00126e-05 	1
67.1875 	0.000157024 	4.54174e-05 	1
67.25 	0.000371794 	7.21067e-05 	1
67.3125 	0.000159327 	5.10038e-05 	1
67.375 	8.95553e-05 	8.95553e-05 	0
67.4375 	0.000349574 	8.05175e-05 	1
67.5 	0.000197872 	4.48392e-05 	1
67.5625 	0.000253515 	6.84349e-05 	1
67.625 	0.000225733 	5.13155e-05 	1
67.6875 	7.89187e-05 	7.89187e-05 	0
67.8125 	0.000169217 	3.61284e-05 	1
67.875 	0.000224097 	2.64633e-05 	1
67.9375 	0.000276044 	4.40232e-05 	1
68.0 	0.000308273 	4.13341e-05 	1
68.0625 	0.00036213 	8.6201e-05 	1
68.125 	0.000304483 	6.08641e-05 	1
68.1875 	0.000194938 	6.42192e-05 	1
68.25 	0.000115626 	5.64784e-05 	1
68.3125 	0.000276251 	5.98719e-05 	1
68.375 	0.00012823 	6.23919e-05 	1
68.4375 	0.000154638 	6.82489e-05 	2
68.5 	0.000227721 	8.98867e-05 	1
68.5625 	0.000154225 	3.97786e-05 	1
68.625 	0.000320144 	6.59266e-05 	1
68.6875 	0.000324529 	6.46521e-05 	1
68.75 	0.000299523 	8.32374e-05 	1
68.8125 	0.000145711 	4.47367e-05 	1
68.875 	0.000297319 	7.2392e-05 	1
68.9375 	0.000231891 	5.43496e-05 	1
69.0 	0.000155413 	4.64817e-05 	1
69.0625 	0.000179558 	5.33958e-05 	1
69.125 	0.000244297 	6.99385e-05 	1
69.1875 	0.000166863 	3.85993e-05 	1
69.25 	0.000115668 	3.63404e-05 	1
69.3125 	0.000338267 	7.07704e-05 	1
69.375 	9.81812e-05 	9.81812e-05 	0
69.4375 	0.000470489 	8.10056e-05 	1
69.5 	0.000176036 	5.13891e-05 	1
69.5625 	0.000107976 	2.81859e-05 	1
69.625 	0.000147485 	5.01517e-05 	1
69.75 	0.000121967 	4.42176e-05 	1
69.8125 	0.00014446 	3.75982e-05 	1
69.875 	0.000193793 	6.94394e-05 	1
69.9375 	0.00021575 	3.80302e-05 	1
70.0 	0.000143668 	2.91821e-05 	1
