# time 	Initial 	Final 	Iterations
0.333274 	0.000103154 	5.52757e-05 	1
0.392346 	0.000117215 	7.2189e-05 	1
0.579973 	0.000129421 	7.46061e-05 	1
0.642226 	7.01698e-05 	7.01698e-05 	0
0.70448 	8.03039e-05 	8.03039e-05 	0
0.766734 	0.000122819 	6.74669e-05 	1
0.828988 	9.58625e-05 	9.58625e-05 	0
0.953496 	0.000112087 	5.03402e-05 	1
1.01575 	8.8084e-05 	8.8084e-05 	0
1.078 	0.00011561 	6.87034e-05 	1
1.20251 	0.000120142 	6.1515e-05 	1
1.26477 	9.80131e-05 	9.80131e-05 	0
1.38927 	0.000104845 	5.72563e-05 	1
1.45153 	8.46794e-05 	8.46794e-05 	0
1.51378 	9.14212e-05 	9.14212e-05 	0
1.57604 	0.000105052 	5.82459e-05 	1
1.70054 	9.39777e-05 	9.39777e-05 	0
1.7628 	9.17956e-05 	9.17956e-05 	0
1.8873 	7.41772e-05 	7.41772e-05 	0
1.94956 	9.88726e-05 	9.88726e-05 	0
2.01181 	9.56399e-05 	9.56399e-05 	0
2.07407 	8.78027e-05 	8.78027e-05 	0
2.13632 	8.91157e-05 	8.91157e-05 	0
2.19857 	5.01856e-05 	5.01856e-05 	0
2.26083 	5.92249e-05 	5.92249e-05 	0
2.32308 	9.05104e-05 	9.05104e-05 	0
2.38534 	8.03455e-05 	8.03455e-05 	0
2.44759 	4.39682e-05 	4.39682e-05 	0
2.50984 	7.6531e-05 	7.6531e-05 	0
2.63435 	0.000112713 	5.56971e-05 	1
2.69661 	0.000113216 	5.16365e-05 	1
2.75886 	6.61563e-05 	6.61563e-05 	0
2.82111 	0.000113332 	6.70384e-05 	1
2.88337 	9.17788e-05 	9.17788e-05 	0
2.94562 	0.000116382 	7.0006e-05 	1
3.00787 	6.64088e-05 	6.64088e-05 	0
3.07013 	0.000100843 	5.13647e-05 	1
3.13238 	0.000107031 	5.54259e-05 	1
3.19464 	0.000146178 	7.22745e-05 	1
3.25689 	0.000122138 	6.21283e-05 	1
3.31914 	0.000131769 	7.42936e-05 	1
3.3814 	8.43591e-05 	8.43591e-05 	0
3.44365 	0.000107026 	6.07011e-05 	1
3.50591 	8.7797e-05 	8.7797e-05 	0
3.56816 	9.50702e-05 	9.50702e-05 	0
3.69267 	6.12508e-05 	6.12508e-05 	0
3.75492 	0.000101203 	6.29792e-05 	1
3.81718 	9.6996e-05 	9.6996e-05 	0
3.87943 	0.000115088 	5.57803e-05 	1
4.00394 	0.000117628 	5.41059e-05 	1
4.06619 	0.000109317 	6.32623e-05 	1
4.12845 	8.70291e-05 	8.70291e-05 	0
4.1907 	0.000117956 	6.71938e-05 	1
4.25295 	9.44424e-05 	9.44424e-05 	0
4.31521 	7.15705e-05 	7.15705e-05 	0
4.37746 	9.59541e-05 	9.59541e-05 	0
4.50197 	6.62874e-05 	6.62874e-05 	0
4.56422 	9.32704e-05 	9.32704e-05 	0
4.62648 	0.000140856 	7.31728e-05 	1
4.68873 	9.6133e-05 	9.6133e-05 	0
4.75098 	0.000120113 	6.32995e-05 	1
4.81324 	0.000160022 	6.41e-05 	1
4.87549 	9.61524e-05 	9.61524e-05 	0
4.93775 	0.000113939 	7.13926e-05 	1
5.0 	9.5993e-05 	9.5993e-05 	0
5.0625 	0.000110509 	4.59031e-05 	1
5.125 	6.12679e-05 	6.12679e-05 	0
5.25 	3.45367e-05 	3.45367e-05 	0
5.3125 	8.26329e-05 	8.26329e-05 	0
5.375 	0.000101204 	4.00445e-05 	1
5.4375 	0.000123443 	6.48466e-05 	1
5.5 	0.000141037 	6.44871e-05 	1
5.5625 	0.000125603 	6.28645e-05 	1
5.625 	8.64394e-05 	8.64394e-05 	0
5.6875 	9.56436e-05 	9.56436e-05 	0
5.75 	7.00883e-05 	7.00883e-05 	0
5.8125 	8.25765e-05 	8.25765e-05 	0
5.875 	0.000117468 	6.89544e-05 	1
5.9375 	0.000122155 	5.63996e-05 	1
6.0 	0.000105514 	6.30946e-05 	1
6.125 	0.000107835 	5.25199e-05 	1
6.1875 	7.61392e-05 	7.61392e-05 	0
6.25 	0.000122704 	5.8912e-05 	1
6.3125 	9.52471e-05 	9.52471e-05 	0
6.4375 	0.000116365 	6.47064e-05 	1
6.625 	0.000113145 	4.30252e-05 	1
6.6875 	4.30716e-05 	4.30716e-05 	0
6.75 	0.000119471 	6.07631e-05 	1
6.8125 	0.000105088 	5.77191e-05 	1
6.9375 	0.000103222 	5.19321e-05 	1
7.0 	9.35765e-05 	9.35765e-05 	0
7.0625 	0.000121073 	8.12318e-05 	1
7.125 	5.73336e-05 	5.73336e-05 	0
7.1875 	8.72665e-05 	8.72665e-05 	0
7.25 	0.000115336 	4.0136e-05 	1
7.4375 	0.00014097 	6.7581e-05 	1
7.5625 	9.78499e-05 	9.78499e-05 	0
7.625 	0.000108821 	5.3263e-05 	1
7.6875 	0.000123156 	8.27655e-05 	1
7.75 	8.25431e-05 	8.25431e-05 	0
7.8125 	0.000133069 	5.74368e-05 	1
7.9375 	8.50122e-05 	8.50122e-05 	0
8.0 	4.65877e-05 	4.65877e-05 	0
8.0625 	0.000105104 	6.63076e-05 	1
8.125 	7.55977e-05 	7.55977e-05 	0
8.25 	6.46513e-05 	6.46513e-05 	0
8.3125 	0.000138734 	6.86913e-05 	1
8.375 	9.96627e-05 	9.96627e-05 	0
8.4375 	0.000102554 	3.84469e-05 	1
8.5 	0.000103278 	4.97426e-05 	1
8.5625 	9.72805e-05 	9.72805e-05 	0
8.625 	0.000115198 	3.55289e-05 	1
8.8125 	0.000103641 	5.91941e-05 	1
8.875 	6.8746e-05 	6.8746e-05 	0
8.9375 	0.000118495 	5.50613e-05 	1
9.0 	0.000108021 	6.38841e-05 	1
9.0625 	9.94552e-05 	9.94552e-05 	0
9.125 	9.52554e-05 	9.52554e-05 	0
9.1875 	9.62256e-05 	9.62256e-05 	0
9.25 	0.000131441 	5.79243e-05 	1
9.3125 	9.43253e-05 	9.43253e-05 	0
9.375 	0.000106954 	5.84681e-05 	1
9.4375 	6.71229e-05 	6.71229e-05 	0
9.5625 	0.000124013 	7.03486e-05 	1
9.625 	8.86262e-05 	8.86262e-05 	0
9.6875 	0.000128022 	5.66338e-05 	1
9.75 	0.000106531 	5.57943e-05 	1
9.8125 	0.000131016 	4.71446e-05 	1
9.875 	6.53982e-05 	6.53982e-05 	0
9.9375 	9.21743e-05 	9.21743e-05 	0
10.0 	0.000116915 	6.01053e-05 	1
10.0625 	9.92918e-05 	9.92918e-05 	0
10.125 	0.000104098 	3.57344e-05 	1
10.1875 	0.000100001 	5.63365e-05 	1
10.25 	9.37848e-05 	9.37848e-05 	0
10.3125 	8.47232e-05 	8.47232e-05 	0
10.375 	0.000118586 	4.72785e-05 	1
10.5 	9.53865e-05 	9.53865e-05 	0
10.5625 	9.87792e-05 	9.87792e-05 	0
10.625 	6.88919e-05 	6.88919e-05 	0
10.6875 	0.000124254 	6.29687e-05 	1
10.75 	7.87757e-05 	7.87757e-05 	0
10.8125 	0.000102425 	5.48213e-05 	1
10.875 	7.41345e-05 	7.41345e-05 	0
10.9375 	4.96302e-05 	4.96302e-05 	0
11.0 	9.40899e-05 	9.40899e-05 	0
11.0625 	0.000103631 	5.39478e-05 	1
11.125 	4.15082e-05 	4.15082e-05 	0
11.1875 	0.000169982 	7.28449e-05 	1
11.25 	9.84252e-05 	9.84252e-05 	0
11.375 	0.000115064 	6.59525e-05 	1
11.4375 	7.97968e-05 	7.97968e-05 	0
11.5 	0.000122617 	6.22098e-05 	1
11.5625 	0.000118345 	6.01958e-05 	1
11.625 	9.13694e-05 	9.13694e-05 	0
11.6875 	8.15073e-05 	8.15073e-05 	0
11.75 	0.000109274 	5.78686e-05 	1
11.8125 	0.000117407 	6.11951e-05 	1
11.875 	0.000107717 	2.16386e-05 	1
11.9375 	0.000114587 	2.09262e-05 	1
12.0 	9.96486e-05 	9.96486e-05 	0
12.0625 	5.0838e-05 	5.0838e-05 	0
12.125 	8.14233e-05 	8.14233e-05 	0
12.1875 	0.000113974 	5.30951e-05 	1
12.25 	6.90884e-05 	6.90884e-05 	0
12.3125 	9.60678e-05 	9.60678e-05 	0
12.375 	8.53264e-05 	8.53264e-05 	0
12.4375 	5.35292e-05 	5.35292e-05 	0
12.5625 	0.000128832 	6.7031e-05 	1
12.625 	9.18315e-05 	9.18315e-05 	0
12.6875 	9.78804e-05 	9.78804e-05 	0
12.75 	0.000124312 	5.78853e-05 	1
12.8125 	7.00846e-05 	7.00846e-05 	0
12.875 	0.000122722 	6.67505e-05 	1
13.0 	0.000118603 	6.88037e-05 	1
13.0625 	0.000107145 	5.69127e-05 	1
13.125 	7.90096e-05 	7.90096e-05 	0
13.1875 	0.000117612 	4.20798e-05 	1
13.25 	8.68592e-05 	8.68592e-05 	0
13.3125 	7.5298e-05 	7.5298e-05 	0
13.375 	8.84702e-05 	8.84702e-05 	0
13.4375 	0.000117208 	5.87161e-05 	1
13.5 	0.000113346 	5.39799e-05 	1
13.5625 	0.000131682 	7.37776e-05 	1
13.625 	8.78881e-05 	8.78881e-05 	0
13.6875 	0.000122213 	6.85757e-05 	1
13.8125 	6.19796e-05 	6.19796e-05 	0
14.0 	9.96617e-05 	9.96617e-05 	0
14.0625 	5.65802e-05 	5.65802e-05 	0
14.125 	6.45083e-05 	6.45083e-05 	0
14.1875 	0.00011251 	5.06176e-05 	1
14.3125 	6.62491e-05 	6.62491e-05 	0
14.375 	0.000107215 	5.57782e-05 	1
14.4375 	0.00011364 	4.67431e-05 	1
14.5 	8.43907e-05 	8.43907e-05 	0
14.5625 	9.26398e-05 	9.26398e-05 	0
14.625 	5.77737e-05 	5.77737e-05 	0
14.6875 	0.000120328 	6.2856e-05 	1
14.75 	0.000139459 	5.38508e-05 	1
14.8125 	0.000112123 	6.89804e-05 	1
14.875 	7.7651e-05 	7.7651e-05 	0
14.9375 	6.6665e-05 	6.6665e-05 	0
15.0 	9.34089e-05 	9.34089e-05 	0
15.1875 	0.000135895 	5.53024e-05 	1
15.25 	0.000128526 	7.22265e-05 	1
15.3125 	0.000102049 	6.39237e-05 	1
15.375 	9.85989e-05 	9.85989e-05 	0
15.4375 	9.79934e-05 	9.79934e-05 	0
15.5 	0.000109094 	8.07359e-05 	1
15.5625 	0.0001117 	5.54725e-05 	1
15.625 	0.000101396 	3.0743e-05 	1
15.75 	6.14917e-05 	6.14917e-05 	0
15.8125 	8.5068e-05 	8.5068e-05 	0
15.875 	0.000126536 	5.53671e-05 	1
15.9375 	0.00010375 	5.32989e-05 	1
16.0 	3.88958e-05 	3.88958e-05 	0
16.0625 	6.10964e-05 	6.10964e-05 	0
16.125 	0.000112943 	6.77886e-05 	1
16.1875 	7.18082e-05 	7.18082e-05 	0
16.25 	0.000111051 	6.58677e-05 	1
16.3125 	0.000106997 	5.06651e-05 	1
16.375 	0.000116239 	4.94168e-05 	1
16.4375 	0.000100884 	4.95113e-05 	1
16.5 	8.90272e-05 	8.90272e-05 	0
16.5625 	0.000106525 	6.69892e-05 	1
16.625 	0.000116028 	6.28628e-05 	1
16.6875 	0.00014742 	6.98254e-05 	1
16.75 	4.83502e-05 	4.83502e-05 	0
16.8125 	0.000126868 	9.61877e-05 	1
16.875 	0.000114442 	5.87281e-05 	1
16.9375 	6.05529e-05 	6.05529e-05 	0
17.1875 	0.000124286 	5.82446e-05 	1
17.25 	0.000131408 	6.0819e-05 	1
17.3125 	7.99964e-05 	7.99964e-05 	0
17.375 	8.57244e-05 	8.57244e-05 	0
17.4375 	7.47033e-05 	7.47033e-05 	0
17.5 	6.93785e-05 	6.93785e-05 	0
17.5625 	8.8508e-05 	8.8508e-05 	0
17.625 	9.27045e-05 	9.27045e-05 	0
17.6875 	0.000116908 	6.332e-05 	1
17.75 	0.000108327 	5.53729e-05 	1
17.8125 	9.38425e-05 	9.38425e-05 	0
17.875 	5.74724e-05 	5.74724e-05 	0
17.9375 	0.000128863 	6.01257e-05 	1
18.0 	7.34965e-05 	7.34965e-05 	0
18.0625 	0.000176679 	4.57988e-05 	1
18.125 	6.74158e-05 	6.74158e-05 	0
18.1875 	0.000149954 	7.48092e-05 	1
18.25 	7.81678e-05 	7.81678e-05 	0
18.3125 	3.73419e-05 	3.73419e-05 	0
18.375 	8.37552e-05 	8.37552e-05 	0
18.4375 	0.000136689 	7.10701e-05 	1
18.5 	7.21478e-05 	7.21478e-05 	0
18.5625 	7.34157e-05 	7.34157e-05 	0
18.625 	0.000103376 	6.57599e-05 	1
18.75 	4.10769e-05 	4.10769e-05 	0
18.8125 	9.46219e-05 	9.46219e-05 	0
18.875 	7.90503e-05 	7.90503e-05 	0
18.9375 	0.000115923 	5.1261e-05 	1
19.125 	6.6493e-05 	6.6493e-05 	0
19.25 	0.000100822 	6.46052e-05 	1
19.3125 	0.000121665 	6.44074e-05 	1
19.375 	8.19256e-05 	8.19256e-05 	0
19.4375 	0.00010908 	3.9219e-05 	1
19.5 	9.32798e-05 	9.32798e-05 	0
19.625 	9.19078e-05 	9.19078e-05 	0
19.6875 	9.21017e-05 	9.21017e-05 	0
19.75 	0.000117959 	6.68664e-05 	1
19.8125 	8.89354e-05 	8.89354e-05 	0
19.875 	0.000102868 	8.33162e-05 	1
19.9375 	0.000108929 	6.35631e-05 	1
20.0 	6.63919e-05 	6.63919e-05 	0
20.0625 	7.58578e-05 	7.58578e-05 	0
20.125 	0.000106382 	7.13561e-05 	1
20.1875 	0.000107515 	7.80716e-05 	1
20.25 	9.10556e-05 	9.10556e-05 	0
20.3125 	6.30274e-05 	6.30274e-05 	0
20.375 	7.77761e-05 	7.77761e-05 	0
20.4375 	6.43886e-05 	6.43886e-05 	0
20.5 	0.000105645 	6.48405e-05 	1
20.5625 	0.000106025 	6.43271e-05 	1
20.625 	8.76609e-05 	8.76609e-05 	0
20.6875 	0.000126478 	6.8567e-05 	1
20.75 	0.000122328 	5.83612e-05 	1
20.8125 	9.20759e-05 	9.20759e-05 	0
20.875 	8.16002e-05 	8.16002e-05 	0
20.9375 	7.27338e-05 	7.27338e-05 	0
21.0 	9.32419e-05 	9.32419e-05 	0
21.0625 	0.000121165 	6.34629e-05 	1
21.1875 	0.000139019 	7.06117e-05 	1
21.3125 	8.5816e-05 	8.5816e-05 	0
21.375 	8.63928e-05 	8.63928e-05 	0
21.4375 	0.000109113 	6.8276e-05 	1
21.5 	0.000115376 	6.80965e-05 	1
21.5625 	0.000118904 	5.90835e-05 	1
21.625 	5.94888e-05 	5.94888e-05 	0
21.6875 	8.52351e-05 	8.52351e-05 	0
21.75 	0.000153577 	6.0014e-05 	1
21.8125 	0.000108381 	4.90314e-05 	1
21.875 	8.3402e-05 	8.3402e-05 	0
21.9375 	9.47846e-05 	9.47846e-05 	0
22.0 	9.01555e-05 	9.01555e-05 	0
22.0625 	9.68047e-05 	9.68047e-05 	0
22.125 	6.42437e-05 	6.42437e-05 	0
22.1875 	0.000113475 	4.86881e-05 	1
22.25 	0.000108608 	6.1872e-05 	1
22.3125 	0.000109713 	7.54412e-05 	1
22.375 	4.72249e-05 	4.72249e-05 	0
22.4375 	8.1222e-05 	8.1222e-05 	0
22.625 	9.88814e-05 	9.88814e-05 	0
22.6875 	8.34136e-05 	8.34136e-05 	0
22.75 	0.000107363 	4.921e-05 	1
22.8125 	0.000135848 	4.90926e-05 	1
22.9375 	0.000118466 	5.53611e-05 	1
23.0 	0.000122218 	6.61752e-05 	1
23.0625 	5.99497e-05 	5.99497e-05 	0
23.125 	5.01292e-05 	5.01292e-05 	0
23.1875 	0.00011032 	7.71719e-05 	1
23.3125 	4.76971e-05 	4.76971e-05 	0
23.375 	8.47972e-05 	8.47972e-05 	0
23.4375 	0.000100474 	4.13855e-05 	1
23.5625 	5.80524e-05 	5.80524e-05 	0
23.6875 	0.00010742 	6.42065e-05 	1
23.75 	0.000103458 	5.39392e-05 	1
23.8125 	7.07434e-05 	7.07434e-05 	0
23.875 	9.86884e-05 	9.86884e-05 	0
23.9375 	9.46153e-05 	9.46153e-05 	0
24.0 	0.000106944 	5.66803e-05 	1
24.0625 	9.11785e-05 	9.11785e-05 	0
24.125 	6.39161e-05 	6.39161e-05 	0
24.1875 	7.57693e-05 	7.57693e-05 	0
24.3125 	8.66215e-05 	8.66215e-05 	0
24.375 	6.48577e-05 	6.48577e-05 	0
24.4375 	0.000106182 	4.79793e-05 	1
24.5 	0.000115753 	7.25252e-05 	1
24.5625 	0.000112188 	5.1669e-05 	1
24.625 	0.000107759 	5.42427e-05 	1
24.6875 	0.000137013 	8.31999e-05 	1
24.75 	9.0801e-05 	9.0801e-05 	0
24.8125 	8.45226e-05 	8.45226e-05 	0
24.875 	6.3308e-05 	6.3308e-05 	0
24.9375 	6.86681e-05 	6.86681e-05 	0
25.0 	9.78966e-05 	9.78966e-05 	0
25.0625 	0.000127706 	6.6923e-05 	1
25.125 	0.000125223 	8.59457e-05 	1
25.25 	3.04821e-05 	3.04821e-05 	0
25.3125 	9.81467e-05 	9.81467e-05 	0
25.375 	0.000109269 	5.66579e-05 	1
25.4375 	0.00011876 	6.67921e-05 	1
25.5 	9.10504e-05 	9.10504e-05 	0
25.5625 	0.000106631 	5.0453e-05 	1
25.625 	0.000113831 	5.24636e-05 	1
25.6875 	0.00011084 	7.78497e-05 	1
25.75 	6.23567e-05 	6.23567e-05 	0
25.8125 	0.000114497 	7.43603e-05 	1
25.875 	0.000123811 	8.27918e-05 	1
25.9375 	0.000113861 	6.35465e-05 	1
26.0 	0.000106791 	4.49467e-05 	1
26.0625 	0.000154859 	3.99055e-05 	1
26.125 	6.96412e-05 	6.96412e-05 	0
26.1875 	6.95111e-05 	6.95111e-05 	0
26.25 	9.54956e-05 	9.54956e-05 	0
26.3125 	9.997e-05 	9.997e-05 	0
26.375 	0.00010467 	6.23708e-05 	1
26.4375 	8.84174e-05 	8.84174e-05 	0
26.5 	0.000117344 	6.25109e-05 	1
26.5625 	8.19068e-05 	8.19068e-05 	0
26.625 	0.000104896 	4.85384e-05 	1
26.6875 	0.000100319 	2.16662e-05 	1
26.875 	0.000114457 	5.22604e-05 	1
26.9375 	0.000104731 	5.12602e-05 	1
27.0 	0.000110054 	4.09157e-05 	1
27.0625 	0.000153634 	7.36134e-05 	1
27.125 	6.54383e-05 	6.54383e-05 	0
27.25 	0.000128657 	6.71071e-05 	1
27.3125 	9.74596e-05 	9.74596e-05 	0
27.375 	0.000109272 	7.73086e-05 	1
27.5 	5.81706e-05 	5.81706e-05 	0
27.5625 	9.84783e-05 	9.84783e-05 	0
27.625 	7.84159e-05 	7.84159e-05 	0
27.6875 	9.93528e-05 	9.93528e-05 	0
27.75 	8.7569e-05 	8.7569e-05 	0
27.8125 	0.000101438 	6.7184e-05 	1
27.875 	0.000143031 	5.17932e-05 	1
28.0 	0.000107205 	5.36243e-05 	1
28.0625 	6.79762e-05 	6.79762e-05 	0
28.125 	0.000103154 	7.06799e-05 	1
28.25 	9.8848e-05 	9.8848e-05 	0
28.3125 	4.79759e-05 	4.79759e-05 	0
28.375 	0.000103713 	4.6506e-05 	1
28.4375 	0.000101911 	4.21535e-05 	1
28.5 	9.82073e-05 	9.82073e-05 	0
28.625 	0.000101307 	7.78066e-05 	1
28.6875 	9.4898e-05 	9.4898e-05 	0
28.8125 	0.00012793 	6.06883e-05 	1
28.875 	0.000131074 	6.80531e-05 	1
28.9375 	0.000106207 	6.7944e-05 	1
29.0 	7.79863e-05 	7.79863e-05 	0
29.0625 	0.000107509 	6.52589e-05 	1
29.125 	0.000112774 	6.28777e-05 	1
29.1875 	9.75959e-05 	9.75959e-05 	0
29.25 	8.55335e-05 	8.55335e-05 	0
29.3125 	6.42429e-05 	6.42429e-05 	0
29.375 	5.96689e-05 	5.96689e-05 	0
29.4375 	8.20492e-05 	8.20492e-05 	0
29.5 	0.000124047 	8.90771e-05 	1
29.5625 	9.37135e-05 	9.37135e-05 	0
29.625 	0.000112692 	5.54381e-05 	1
29.6875 	0.000113459 	6.25996e-05 	1
29.75 	0.000106929 	7.39448e-05 	1
29.875 	0.000106546 	6.60716e-05 	1
29.9375 	6.00872e-05 	6.00872e-05 	0
30.0 	0.000114664 	4.7412e-05 	1
30.125 	0.000111194 	5.93229e-05 	1
30.1875 	0.000114474 	6.03385e-05 	1
30.25 	8.38032e-05 	8.38032e-05 	0
30.3125 	9.864e-05 	9.864e-05 	0
30.375 	8.14875e-05 	8.14875e-05 	0
30.4375 	0.000129042 	6.09324e-05 	1
30.5 	6.87267e-05 	6.87267e-05 	0
30.5625 	0.00013801 	5.30674e-05 	1
30.625 	7.26055e-05 	7.26055e-05 	0
30.6875 	7.69475e-05 	7.69475e-05 	0
30.75 	9.19541e-05 	9.19541e-05 	0
30.8125 	6.69862e-05 	6.69862e-05 	0
30.9375 	0.00012495 	6.66442e-05 	1
31.0 	0.000125264 	6.56169e-05 	1
31.125 	9.50116e-05 	9.50116e-05 	0
31.1875 	6.42282e-05 	6.42282e-05 	0
31.25 	5.34411e-05 	5.34411e-05 	0
31.3125 	9.50917e-05 	9.50917e-05 	0
31.375 	0.000100519 	6.85375e-05 	1
31.5 	0.000114381 	4.47528e-05 	1
31.5625 	0.000111049 	5.5073e-05 	1
31.625 	0.000102345 	7.20477e-05 	1
31.6875 	6.9846e-05 	6.9846e-05 	0
31.75 	0.000136043 	6.83116e-05 	1
31.8125 	7.12795e-05 	7.12795e-05 	0
31.875 	8.53515e-05 	8.53515e-05 	0
31.9375 	6.45194e-05 	6.45194e-05 	0
32.0 	0.000117659 	5.77502e-05 	1
32.0625 	0.000100119 	4.50706e-05 	1
32.125 	8.34076e-05 	8.34076e-05 	0
32.1875 	0.000109864 	7.19627e-05 	1
32.25 	0.000115385 	5.82337e-05 	1
32.3125 	0.000105643 	6.48062e-05 	1
32.375 	8.28126e-05 	8.28126e-05 	0
32.4375 	7.51784e-05 	7.51784e-05 	0
32.5 	0.000102588 	4.97077e-05 	1
32.625 	9.16393e-05 	9.16393e-05 	0
32.6875 	6.29312e-05 	6.29312e-05 	0
32.75 	8.89638e-05 	8.89638e-05 	0
32.8125 	0.000109992 	5.65476e-05 	1
32.875 	0.000110676 	6.0887e-05 	1
32.9375 	9.77909e-05 	9.77909e-05 	0
33.0 	0.000107177 	7.7361e-05 	1
33.0625 	0.000111059 	2.99188e-05 	1
33.125 	0.000103517 	5.36282e-05 	1
33.1875 	9.98109e-05 	9.98109e-05 	0
33.25 	9.30262e-05 	9.30262e-05 	0
33.3125 	0.000120626 	7.2674e-05 	1
33.375 	0.000115659 	6.48721e-05 	1
33.4375 	0.000117915 	5.78726e-05 	1
33.5 	0.00011116 	6.71461e-05 	1
33.625 	7.22534e-05 	7.22534e-05 	0
33.6875 	9.30782e-05 	9.30782e-05 	0
33.75 	0.000105451 	5.43974e-05 	1
33.8125 	0.000125285 	6.48549e-05 	1
33.875 	8.90559e-05 	8.90559e-05 	0
33.9375 	7.31105e-05 	7.31105e-05 	0
34.0 	0.000114085 	3.73789e-05 	1
34.0625 	0.000106912 	4.55675e-05 	1
34.125 	5.4894e-05 	5.4894e-05 	0
34.1875 	0.000105324 	8.44628e-05 	1
34.25 	0.000109368 	5.21506e-05 	1
34.3125 	0.000109703 	6.23476e-05 	1
34.375 	4.93254e-05 	4.93254e-05 	0
34.4375 	0.000119898 	6.36382e-05 	1
34.5 	0.000112431 	6.05521e-05 	1
34.5625 	5.79419e-05 	5.79419e-05 	0
34.625 	9.81816e-05 	9.81816e-05 	0
34.6875 	0.000109067 	5.40831e-05 	1
34.75 	9.91761e-05 	9.91761e-05 	0
34.875 	0.000102702 	5.87279e-05 	1
34.9375 	7.8059e-05 	7.8059e-05 	0
35.0 	4.56174e-05 	4.56174e-05 	0
35.0625 	4.87525e-05 	4.87525e-05 	0
35.125 	9.80403e-05 	9.80403e-05 	0
35.25 	0.000100407 	5.18806e-05 	1
35.3125 	9.32491e-05 	9.32491e-05 	0
35.375 	0.00015162 	9.6317e-05 	1
35.5625 	0.000149554 	8.49186e-05 	1
35.625 	0.000106843 	5.96713e-05 	1
35.6875 	9.59603e-05 	9.59603e-05 	0
35.75 	9.29487e-05 	9.29487e-05 	0
35.8125 	0.000116916 	7.21572e-05 	1
35.875 	0.000154901 	7.39957e-05 	1
35.9375 	0.00011241 	7.03365e-05 	1
36.0 	0.000121063 	5.65305e-05 	1
36.125 	0.000114355 	3.95854e-05 	1
36.25 	0.000105495 	7.15553e-05 	1
36.3125 	7.12385e-05 	7.12385e-05 	0
36.4375 	8.85934e-05 	8.85934e-05 	0
36.5 	0.000109544 	5.57185e-05 	1
36.5625 	9.31882e-05 	9.31882e-05 	0
36.625 	6.29784e-05 	6.29784e-05 	0
36.6875 	8.45528e-05 	8.45528e-05 	0
36.75 	9.00433e-05 	9.00433e-05 	0
36.8125 	9.349e-05 	9.349e-05 	0
36.875 	0.000146683 	7.54146e-05 	1
36.9375 	0.000128348 	6.71382e-05 	1
37.0625 	7.3265e-05 	7.3265e-05 	0
37.125 	0.000125659 	6.54852e-05 	1
37.1875 	0.0001121 	4.56969e-05 	1
37.25 	6.38163e-05 	6.38163e-05 	0
37.3125 	0.000118731 	5.97118e-05 	1
37.375 	0.000121032 	5.47499e-05 	1
37.4375 	9.66881e-05 	9.66881e-05 	0
37.5 	0.000118489 	5.98181e-05 	1
37.5625 	0.000133847 	7.05111e-05 	1
37.625 	6.50773e-05 	6.50773e-05 	0
37.75 	4.84043e-05 	4.84043e-05 	0
37.8125 	4.40109e-05 	4.40109e-05 	0
37.875 	0.000107618 	5.82831e-05 	1
37.9375 	7.97138e-05 	7.97138e-05 	0
38.0 	0.000106132 	6.15476e-05 	1
38.0625 	8.3641e-05 	8.3641e-05 	0
38.125 	0.000103667 	5.40111e-05 	1
38.1875 	0.000115367 	5.21236e-05 	1
38.25 	0.000139256 	6.82915e-05 	1
38.3125 	0.000114996 	5.07623e-05 	1
38.375 	9.86009e-05 	9.86009e-05 	0
38.4375 	0.000136592 	6.32653e-05 	1
38.5625 	4.95633e-05 	4.95633e-05 	0
38.6875 	0.000118809 	5.88421e-05 	1
38.8125 	9.66418e-05 	9.66418e-05 	0
38.875 	7.93787e-05 	7.93787e-05 	0
38.9375 	0.000106861 	5.4578e-05 	1
39.0 	0.0001071 	5.66818e-05 	1
39.0625 	0.000112108 	6.95278e-05 	1
39.125 	7.0995e-05 	7.0995e-05 	0
39.1875 	9.22917e-05 	9.22917e-05 	0
39.25 	8.9239e-05 	8.9239e-05 	0
39.3125 	7.31763e-05 	7.31763e-05 	0
39.375 	8.50011e-05 	8.50011e-05 	0
39.5 	9.63606e-05 	9.63606e-05 	0
39.5625 	0.00011254 	6.77821e-05 	1
39.625 	5.58137e-05 	5.58137e-05 	0
39.6875 	0.000120948 	4.86386e-05 	1
39.75 	8.081e-05 	8.081e-05 	0
39.8125 	0.000126693 	5.67021e-05 	1
39.875 	0.00011588 	5.5477e-05 	1
39.9375 	0.000114064 	7.31329e-05 	1
40.0 	0.000125762 	6.6864e-05 	1
40.0625 	0.000120909 	6.49001e-05 	1
40.125 	0.000109234 	8.4632e-05 	1
40.1875 	7.91325e-05 	7.91325e-05 	0
40.25 	4.74461e-05 	4.74461e-05 	0
40.3125 	6.66246e-05 	6.66246e-05 	0
40.4375 	0.000111641 	6.40785e-05 	1
40.5 	8.96692e-05 	8.96692e-05 	0
40.5625 	9.76774e-05 	9.76774e-05 	0
40.625 	9.97251e-05 	9.97251e-05 	0
40.8125 	5.80358e-05 	5.80358e-05 	0
40.875 	8.09736e-05 	8.09736e-05 	0
40.9375 	7.87935e-05 	7.87935e-05 	0
41.0 	8.5778e-05 	8.5778e-05 	0
41.125 	0.000114055 	4.78854e-05 	1
41.1875 	7.77748e-05 	7.77748e-05 	0
41.25 	0.000110751 	4.98028e-05 	1
41.3125 	0.000119334 	5.84446e-05 	1
41.375 	0.000113525 	6.15541e-05 	1
41.4375 	7.45019e-05 	7.45019e-05 	0
41.5 	0.000107128 	5.47397e-05 	1
41.5625 	0.000118342 	6.27445e-05 	1
41.625 	8.16503e-05 	8.16503e-05 	0
41.6875 	0.000180093 	6.67904e-05 	1
41.8125 	8.91659e-05 	8.91659e-05 	0
41.875 	8.24906e-05 	8.24906e-05 	0
41.9375 	8.04029e-05 	8.04029e-05 	0
42.0 	9.27598e-05 	9.27598e-05 	0
42.125 	8.71297e-05 	8.71297e-05 	0
42.25 	0.000104713 	7.12484e-05 	1
42.375 	0.000108634 	5.96449e-05 	1
42.4375 	0.000102571 	6.10857e-05 	1
42.5 	0.000125303 	6.42965e-05 	1
42.5625 	0.000100956 	5.35534e-05 	1
42.625 	8.60111e-05 	8.60111e-05 	0
42.6875 	5.86765e-05 	5.86765e-05 	0
42.75 	0.000109826 	6.32771e-05 	1
42.8125 	9.28592e-05 	9.28592e-05 	0
42.875 	8.43618e-05 	8.43618e-05 	0
42.9375 	0.000122705 	5.98069e-05 	1
43.0 	9.29452e-05 	9.29452e-05 	0
43.0625 	5.4132e-05 	5.4132e-05 	0
43.125 	9.6872e-05 	9.6872e-05 	0
43.1875 	9.50965e-05 	9.50965e-05 	0
43.3125 	8.34427e-05 	8.34427e-05 	0
43.375 	6.49266e-05 	6.49266e-05 	0
43.4375 	0.000131041 	5.02476e-05 	1
43.5625 	0.000104313 	4.25946e-05 	1
43.6875 	0.000109212 	5.03536e-05 	1
43.75 	0.000121442 	6.21049e-05 	1
43.8125 	0.00012216 	6.59779e-05 	1
43.875 	0.000113278 	5.61473e-05 	1
43.9375 	0.000108413 	6.97816e-05 	1
44.0 	7.65082e-05 	7.65082e-05 	0
44.0625 	8.03929e-05 	8.03929e-05 	0
44.125 	7.4129e-05 	7.4129e-05 	0
44.1875 	0.000110148 	7.56728e-05 	1
44.25 	0.000104164 	4.29176e-05 	1
44.3125 	3.86406e-05 	3.86406e-05 	0
44.375 	0.000118287 	5.93621e-05 	1
44.4375 	6.92501e-05 	6.92501e-05 	0
44.5 	0.00010184 	7.38387e-05 	1
44.5625 	8.74317e-05 	8.74317e-05 	0
44.625 	0.000121477 	6.46288e-05 	1
44.6875 	0.000108119 	6.13462e-05 	1
44.75 	0.000126995 	7.02113e-05 	1
44.8125 	7.1401e-05 	7.1401e-05 	0
44.875 	7.34944e-05 	7.34944e-05 	0
44.9375 	0.000100963 	5.21456e-05 	1
45.0 	0.000110242 	5.04105e-05 	1
45.0625 	0.000116363 	6.63708e-05 	1
45.125 	7.01349e-05 	7.01349e-05 	0
45.1875 	7.31836e-05 	7.31836e-05 	0
45.25 	8.04073e-05 	8.04073e-05 	0
45.3125 	0.000114731 	6.24277e-05 	1
45.375 	9.74758e-05 	9.74758e-05 	0
45.5 	8.82785e-05 	8.82785e-05 	0
45.5625 	6.90612e-05 	6.90612e-05 	0
45.625 	0.000136411 	7.31501e-05 	1
45.6875 	0.000119476 	6.71225e-05 	1
45.75 	8.11361e-05 	8.11361e-05 	0
45.875 	8.15039e-05 	8.15039e-05 	0
45.9375 	7.84084e-05 	7.84084e-05 	0
46.0 	0.000115517 	5.52815e-05 	1
46.0625 	9.93662e-05 	9.93662e-05 	0
46.125 	0.000100943 	3.62185e-05 	1
46.3125 	0.00010902 	5.08953e-05 	1
46.375 	0.000103914 	7.23235e-05 	1
46.4375 	0.000122819 	5.88546e-05 	1
46.5 	0.000148025 	5.71231e-05 	1
46.5625 	7.1182e-05 	7.1182e-05 	0
46.625 	9.47786e-05 	9.47786e-05 	0
46.6875 	0.00011677 	5.48765e-05 	1
46.75 	0.000128348 	7.44331e-05 	1
46.8125 	8.66485e-05 	8.66485e-05 	0
46.875 	0.0001025 	6.1398e-05 	1
47.0 	8.7832e-05 	8.7832e-05 	0
47.0625 	9.02229e-05 	9.02229e-05 	0
47.125 	9.19135e-05 	9.19135e-05 	0
47.1875 	0.000124176 	7.12967e-05 	1
47.25 	6.66822e-05 	6.66822e-05 	0
47.3125 	8.60563e-05 	8.60563e-05 	0
47.375 	0.000103302 	6.82318e-05 	1
47.4375 	0.000112965 	4.97012e-05 	1
47.5 	9.00654e-05 	9.00654e-05 	0
47.5625 	8.8769e-05 	8.8769e-05 	0
47.625 	0.000127707 	5.80034e-05 	1
47.6875 	0.00011072 	8.1887e-05 	1
47.8125 	0.000105281 	6.2501e-05 	1
47.875 	0.000108293 	7.68309e-05 	1
48.0 	7.98701e-05 	7.98701e-05 	0
48.0625 	6.16828e-05 	6.16828e-05 	0
48.125 	5.8956e-05 	5.8956e-05 	0
48.1875 	7.49514e-05 	7.49514e-05 	0
48.25 	9.3221e-05 	9.3221e-05 	0
48.3125 	0.000101219 	8.31902e-05 	1
48.375 	0.000151053 	6.90842e-05 	1
48.4375 	0.000105829 	5.47667e-05 	1
48.5 	9.39403e-05 	9.39403e-05 	0
48.5625 	0.000153241 	5.88411e-05 	1
48.75 	5.53785e-05 	5.53785e-05 	0
48.8125 	8.17741e-05 	8.17741e-05 	0
48.9375 	0.000102758 	6.55026e-05 	1
49.0 	9.76023e-05 	9.76023e-05 	0
49.125 	7.77521e-05 	7.77521e-05 	0
49.1875 	0.000124388 	6.17661e-05 	1
49.25 	9.83227e-05 	9.83227e-05 	0
49.3125 	9.87433e-05 	9.87433e-05 	0
49.375 	0.000114573 	6.86759e-05 	1
49.4375 	6.77384e-05 	6.77384e-05 	0
49.5 	0.000111044 	4.13408e-05 	1
49.5625 	0.00011562 	5.37596e-05 	1
49.625 	0.000139274 	7.48725e-05 	1
49.6875 	0.000145379 	5.92066e-05 	1
49.75 	0.000114922 	5.59473e-05 	1
50.0625 	0.000131414 	5.04471e-05 	1
50.125 	9.01823e-05 	9.01823e-05 	0
50.25 	7.36002e-05 	7.36002e-05 	0
50.3125 	9.59507e-05 	9.59507e-05 	0
50.375 	9.10392e-05 	9.10392e-05 	0
50.4375 	8.86886e-05 	8.86886e-05 	0
50.5 	0.000135431 	5.24216e-05 	1
50.5625 	0.000127934 	5.59472e-05 	1
50.625 	0.000114928 	7.40825e-05 	1
50.75 	0.000136378 	6.44884e-05 	1
50.8125 	4.87293e-05 	4.87293e-05 	0
50.875 	0.000139435 	7.04876e-05 	1
50.9375 	0.000113856 	6.74861e-05 	1
51.0 	9.34164e-05 	9.34164e-05 	0
51.0625 	9.6536e-05 	9.6536e-05 	0
51.125 	7.07745e-05 	7.07745e-05 	0
51.1875 	0.00011069 	5.65403e-05 	1
51.25 	0.000100628 	5.45771e-05 	1
51.3125 	0.000111713 	6.37127e-05 	1
51.375 	6.58343e-05 	6.58343e-05 	0
51.4375 	8.48969e-05 	8.48969e-05 	0
51.5 	0.000107464 	6.58064e-05 	1
51.5625 	6.09208e-05 	6.09208e-05 	0
51.625 	6.79391e-05 	6.79391e-05 	0
51.6875 	0.000149056 	6.98629e-05 	1
51.8125 	0.000149224 	6.80932e-05 	1
51.875 	0.000110521 	6.21009e-05 	1
52.0 	0.000100768 	8.04828e-05 	1
52.0625 	6.88726e-05 	6.88726e-05 	0
52.1875 	0.000113079 	3.29966e-05 	1
52.25 	0.000121254 	6.90556e-05 	1
52.3125 	7.67913e-05 	7.67913e-05 	0
52.375 	9.60028e-05 	9.60028e-05 	0
52.4375 	9.8268e-05 	9.8268e-05 	0
52.5 	0.000107063 	6.21542e-05 	1
52.5625 	8.77673e-05 	8.77673e-05 	0
52.625 	9.55428e-05 	9.55428e-05 	0
52.6875 	7.04646e-05 	7.04646e-05 	0
52.75 	8.83912e-05 	8.83912e-05 	0
52.8125 	9.69189e-05 	9.69189e-05 	0
52.875 	0.000111063 	5.20117e-05 	1
52.9375 	9.289e-05 	9.289e-05 	0
53.0 	9.36644e-05 	9.36644e-05 	0
53.125 	9.94162e-05 	9.94162e-05 	0
53.1875 	7.35877e-05 	7.35877e-05 	0
53.25 	0.000101561 	7.15516e-05 	1
53.3125 	9.07335e-05 	9.07335e-05 	0
53.375 	9.24734e-05 	9.24734e-05 	0
53.5 	0.000118836 	5.20064e-05 	1
53.5625 	0.000126541 	6.52103e-05 	1
53.625 	8.76481e-05 	8.76481e-05 	0
53.6875 	0.000124246 	7.3238e-05 	1
53.75 	8.98469e-05 	8.98469e-05 	0
53.8125 	0.000114953 	6.09352e-05 	1
53.875 	9.21552e-05 	9.21552e-05 	0
53.9375 	0.000152801 	7.94388e-05 	1
54.0 	6.45853e-05 	6.45853e-05 	0
54.0625 	0.000101838 	7.4348e-05 	1
54.125 	6.46026e-05 	6.46026e-05 	0
54.1875 	9.33169e-05 	9.33169e-05 	0
54.25 	8.95744e-05 	8.95744e-05 	0
54.3125 	9.33595e-05 	9.33595e-05 	0
54.375 	0.000110502 	9.65584e-05 	1
54.4375 	9.32393e-05 	9.32393e-05 	0
54.5 	0.000139732 	6.70989e-05 	1
54.625 	0.000114852 	6.49751e-05 	1
54.6875 	6.697e-05 	6.697e-05 	0
54.8125 	6.82528e-05 	6.82528e-05 	0
54.875 	9.03907e-05 	9.03907e-05 	0
54.9375 	6.95263e-05 	6.95263e-05 	0
55.0 	8.0562e-05 	8.0562e-05 	0
55.0625 	9.77975e-05 	9.77975e-05 	0
55.125 	0.00010138 	4.75555e-05 	1
55.1875 	0.000105858 	4.72208e-05 	1
55.3125 	0.000107614 	5.70314e-05 	1
55.4375 	0.000122633 	6.67943e-05 	1
55.5 	7.78476e-05 	7.78476e-05 	0
55.5625 	9.42515e-05 	9.42515e-05 	0
55.625 	0.000101404 	6.88608e-05 	1
55.6875 	9.77493e-05 	9.77493e-05 	0
55.75 	0.0001009 	5.28273e-05 	1
55.8125 	0.000120433 	6.12991e-05 	1
55.875 	0.000102876 	4.47764e-05 	1
55.9375 	8.11634e-05 	8.11634e-05 	0
56.0 	7.67605e-05 	7.67605e-05 	0
56.0625 	0.000106694 	6.84392e-05 	1
56.125 	0.000101998 	6.81863e-05 	1
56.1875 	0.000105769 	7.50232e-05 	1
56.25 	0.000117746 	5.67886e-05 	1
56.3125 	0.000128778 	5.75443e-05 	1
56.375 	8.68692e-05 	8.68692e-05 	0
56.4375 	0.000101949 	7.16268e-05 	1
56.5625 	0.000110667 	6.11299e-05 	1
56.625 	6.7253e-05 	6.7253e-05 	0
56.6875 	5.06879e-05 	5.06879e-05 	0
56.75 	6.25092e-05 	6.25092e-05 	0
56.8125 	0.000108531 	5.41932e-05 	1
56.875 	9.76683e-05 	9.76683e-05 	0
56.9375 	0.00011986 	5.164e-05 	1
57.0 	0.000108138 	4.98098e-05 	1
57.0625 	0.000128732 	5.88564e-05 	1
57.125 	6.87979e-05 	6.87979e-05 	0
57.1875 	9.66359e-05 	9.66359e-05 	0
57.25 	0.000102741 	4.54293e-05 	1
57.3125 	9.40919e-05 	9.40919e-05 	0
57.375 	0.00011621 	6.36453e-05 	1
57.4375 	0.000114542 	6.58919e-05 	1
57.5 	9.59676e-05 	9.59676e-05 	0
57.5625 	9.4783e-05 	9.4783e-05 	0
57.625 	8.59706e-05 	8.59706e-05 	0
57.6875 	6.98382e-05 	6.98382e-05 	0
57.75 	9.88441e-05 	9.88441e-05 	0
57.8125 	0.000109205 	4.88874e-05 	1
57.9375 	0.000117009 	5.75048e-05 	1
58.0 	8.6448e-05 	8.6448e-05 	0
58.0625 	9.3859e-05 	9.3859e-05 	0
58.125 	0.000107092 	6.1233e-05 	1
58.1875 	0.000120571 	6.38131e-05 	1
58.25 	0.000114911 	5.2752e-05 	1
58.3125 	9.7116e-05 	9.7116e-05 	0
58.375 	0.00010091 	5.50974e-05 	1
58.4375 	9.48165e-05 	9.48165e-05 	0
58.5 	6.0794e-05 	6.0794e-05 	0
58.5625 	0.000139254 	5.89645e-05 	1
58.625 	5.87932e-05 	5.87932e-05 	0
58.6875 	0.000115049 	5.2777e-05 	1
58.8125 	0.0001055 	4.77683e-05 	1
58.875 	0.000146129 	6.32207e-05 	1
58.9375 	9.5685e-05 	9.5685e-05 	0
59.0 	9.39116e-05 	9.39116e-05 	0
59.0625 	6.53083e-05 	6.53083e-05 	0
59.125 	0.000103346 	6.49395e-05 	1
59.1875 	6.5678e-05 	6.5678e-05 	0
59.25 	8.16017e-05 	8.16017e-05 	0
59.3125 	9.72735e-05 	9.72735e-05 	0
59.375 	9.67333e-05 	9.67333e-05 	0
59.4375 	7.70874e-05 	7.70874e-05 	0
59.5 	7.23933e-05 	7.23933e-05 	0
59.5625 	9.59462e-05 	9.59462e-05 	0
59.6875 	0.000102599 	2.53125e-05 	1
59.8125 	0.00010041 	5.23054e-05 	1
59.875 	0.000132608 	6.28463e-05 	1
59.9375 	8.07496e-05 	8.07496e-05 	0
60.0 	0.000110667 	6.40374e-05 	1
60.0625 	0.000117197 	5.81696e-05 	1
60.125 	7.47316e-05 	7.47316e-05 	0
60.25 	9.0129e-05 	9.0129e-05 	0
60.375 	0.000101053 	5.34175e-05 	1
60.4375 	0.00012269 	6.67932e-05 	1
60.5 	7.71544e-05 	7.71544e-05 	0
60.5625 	0.000110509 	5.89697e-05 	1
60.625 	0.000123058 	6.64382e-05 	1
60.6875 	3.7701e-05 	3.7701e-05 	0
60.75 	9.23727e-05 	9.23727e-05 	0
60.8125 	0.000110994 	6.45874e-05 	1
60.875 	0.000126027 	6.31915e-05 	1
60.9375 	0.000102342 	5.48693e-05 	1
61.0 	0.000108402 	5.62051e-05 	1
61.0625 	0.00012717 	6.15869e-05 	1
61.125 	8.28041e-05 	8.28041e-05 	0
61.1875 	9.41921e-05 	9.41921e-05 	0
61.25 	6.75781e-05 	6.75781e-05 	0
61.3125 	9.44052e-05 	9.44052e-05 	0
61.375 	0.000138963 	6.95922e-05 	1
61.4375 	0.000111098 	5.09768e-05 	1
61.5 	0.00010302 	4.48126e-05 	1
61.625 	9.84676e-05 	9.84676e-05 	0
61.6875 	0.00012497 	5.86888e-05 	1
61.75 	0.000110587 	6.06614e-05 	1
61.8125 	0.000103549 	5.43437e-05 	1
61.875 	0.000123705 	4.75524e-05 	1
61.9375 	7.6217e-05 	7.6217e-05 	0
62.0 	7.86219e-05 	7.86219e-05 	0
62.125 	0.000120461 	4.87448e-05 	1
62.1875 	6.38802e-05 	6.38802e-05 	0
62.25 	9.84232e-05 	9.84232e-05 	0
62.3125 	8.1238e-05 	8.1238e-05 	0
62.375 	7.69371e-05 	7.69371e-05 	0
62.4375 	0.000108549 	6.2319e-05 	1
62.5 	6.40738e-05 	6.40738e-05 	0
62.5625 	0.000104696 	6.73517e-05 	1
62.6875 	0.000105063 	7.14216e-05 	1
62.75 	0.000102947 	6.99922e-05 	1
62.875 	0.00014471 	6.86059e-05 	1
62.9375 	0.000105014 	5.71158e-05 	1
63.0 	9.79057e-05 	9.79057e-05 	0
63.0625 	4.43635e-05 	4.43635e-05 	0
63.125 	0.000108439 	4.77165e-05 	1
63.25 	0.000100661 	5.29603e-05 	1
63.375 	0.00011158 	4.20921e-05 	1
63.4375 	5.62012e-05 	5.62012e-05 	0
63.5 	0.000138608 	5.25811e-05 	1
63.5625 	0.000104315 	5.26587e-05 	1
63.625 	9.78879e-05 	9.78879e-05 	0
63.8125 	0.000105909 	6.43487e-05 	1
63.875 	0.000116726 	6.92042e-05 	1
63.9375 	0.000122259 	6.34597e-05 	1
64.0 	0.000101198 	7.46429e-05 	1
64.0625 	8.52916e-05 	8.52916e-05 	0
64.125 	9.90125e-05 	9.90125e-05 	0
64.25 	7.44369e-05 	7.44369e-05 	0
64.3125 	8.14955e-05 	8.14955e-05 	0
64.4375 	3.32335e-05 	3.32335e-05 	0
64.5 	9.47268e-05 	9.47268e-05 	0
64.5625 	0.000132196 	5.05194e-05 	1
64.6875 	0.000123922 	7.24427e-05 	1
64.75 	8.80162e-05 	8.80162e-05 	0
64.8125 	0.000138411 	5.89567e-05 	1
64.875 	0.00010505 	8.01803e-05 	1
64.9375 	7.46123e-05 	7.46123e-05 	0
65.0 	7.46045e-05 	7.46045e-05 	0
65.0625 	0.000111959 	6.67933e-05 	1
65.125 	0.000110176 	5.36337e-05 	1
65.1875 	6.83701e-05 	6.83701e-05 	0
65.25 	9.22736e-05 	9.22736e-05 	0
65.5 	9.35576e-05 	9.35576e-05 	0
65.625 	6.35472e-05 	6.35472e-05 	0
65.6875 	0.000115364 	6.26678e-05 	1
65.75 	0.000119992 	6.58085e-05 	1
65.8125 	6.49667e-05 	6.49667e-05 	0
65.875 	0.000141791 	7.69804e-05 	1
65.9375 	0.000129052 	6.22058e-05 	1
66.0 	0.000109985 	6.85788e-05 	1
66.0625 	0.000128819 	6.86776e-05 	1
66.125 	5.99868e-05 	5.99868e-05 	0
66.1875 	7.95193e-05 	7.95193e-05 	0
66.25 	8.87437e-05 	8.87437e-05 	0
66.3125 	0.000101421 	5.23552e-05 	1
66.375 	4.95309e-05 	4.95309e-05 	0
66.4375 	0.00013357 	9.88189e-05 	1
66.5 	9.72982e-05 	9.72982e-05 	0
66.5625 	0.000115314 	5.97989e-05 	1
66.625 	8.03063e-05 	8.03063e-05 	0
66.75 	0.000121134 	6.59659e-05 	1
66.8125 	0.00011484 	5.51428e-05 	1
66.875 	0.00011432 	6.67605e-05 	1
66.9375 	9.9571e-05 	9.9571e-05 	0
67.0 	0.00012075 	5.27015e-05 	1
67.125 	7.9946e-05 	7.9946e-05 	0
67.1875 	0.000106286 	6.73253e-05 	1
67.25 	9.97932e-05 	9.97932e-05 	0
67.3125 	9.44891e-05 	9.44891e-05 	0
67.375 	7.25666e-05 	7.25666e-05 	0
67.4375 	0.000102431 	5.18471e-05 	1
67.5 	0.000124792 	6.34e-05 	1
67.5625 	9.00302e-05 	9.00302e-05 	0
67.8125 	0.000104332 	6.71001e-05 	1
67.875 	0.000130986 	4.69477e-05 	1
67.9375 	7.46417e-05 	7.46417e-05 	0
68.0 	8.95511e-05 	8.95511e-05 	0
68.0625 	0.000114589 	6.32751e-05 	1
68.125 	0.000111042 	4.95193e-05 	1
68.1875 	6.49444e-05 	6.49444e-05 	0
68.25 	6.06034e-05 	6.06034e-05 	0
68.3125 	7.77179e-05 	7.77179e-05 	0
68.375 	8.66742e-05 	8.66742e-05 	0
68.4375 	0.000147149 	6.45658e-05 	1
68.5 	7.38165e-05 	7.38165e-05 	0
68.5625 	8.30789e-05 	8.30789e-05 	0
68.625 	6.54406e-05 	6.54406e-05 	0
68.6875 	9.73813e-05 	9.73813e-05 	0
68.75 	8.5962e-05 	8.5962e-05 	0
68.8125 	9.34963e-05 	9.34963e-05 	0
68.875 	0.000129447 	6.94987e-05 	1
68.9375 	0.00010883 	7.49633e-05 	1
69.0 	9.07018e-05 	9.07018e-05 	0
69.0625 	0.000113342 	6.71116e-05 	1
69.125 	0.000119104 	7.66684e-05 	1
69.1875 	7.73228e-05 	7.73228e-05 	0
69.25 	7.79475e-05 	7.79475e-05 	0
69.3125 	0.000121213 	5.81989e-05 	1
69.4375 	0.000115398 	4.60368e-05 	1
69.5 	6.7662e-05 	6.7662e-05 	0
69.5625 	0.000119737 	7.42031e-05 	1
69.625 	0.000113626 	7.12136e-05 	1
69.75 	0.000107795 	5.13551e-05 	1
69.8125 	0.000104187 	5.18705e-05 	1
69.875 	7.14927e-05 	7.14927e-05 	0
69.9375 	0.000116737 	5.71267e-05 	1
