# time 	Initial 	Final 	Iterations
0.333274 	0.000214989 	4.59637e-05 	1
0.579973 	0.000326834 	8.5803e-05 	2
0.642226 	0.000161023 	8.12635e-05 	1
0.70448 	0.000366753 	7.40902e-05 	1
0.766734 	0.000296323 	7.12189e-05 	1
0.828988 	0.000316996 	7.3864e-05 	1
1.01575 	0.000188699 	6.97699e-05 	1
1.26477 	0.000148228 	7.81442e-05 	1
1.38927 	0.000215291 	4.60355e-05 	1
1.45153 	0.00019274 	5.32413e-05 	1
1.51378 	0.00029522 	9.21332e-05 	1
1.57604 	0.000440235 	9.02048e-05 	1
1.7628 	0.000332636 	7.41404e-05 	1
1.8873 	0.000230755 	7.18676e-05 	1
1.94956 	0.000365417 	7.97088e-05 	3
2.07407 	0.000404674 	7.55028e-05 	1
2.19857 	0.000135288 	9.10585e-05 	1
2.26083 	0.000229551 	7.0492e-05 	1
2.32308 	0.000209964 	5.6024e-05 	1
2.38534 	0.000254101 	7.74856e-05 	1
2.44759 	0.000408329 	9.96673e-05 	1
2.63435 	0.000522927 	7.68334e-05 	1
2.69661 	0.000145971 	3.87757e-05 	1
2.88337 	0.00028031 	9.14261e-05 	1
2.94562 	0.000166525 	4.93069e-05 	1
3.07013 	0.000122746 	6.26669e-05 	1
3.13238 	0.000278915 	7.09558e-05 	1
3.19464 	0.000197097 	9.31536e-05 	1
3.25689 	0.000247996 	6.51327e-05 	2
3.31914 	0.000249837 	6.52786e-05 	1
3.3814 	0.000192052 	9.9222e-05 	1
3.44365 	0.00027092 	7.77471e-05 	1
3.50591 	0.000135505 	6.11013e-05 	1
3.56816 	0.00023751 	7.63891e-05 	2
3.69267 	0.000156287 	5.57146e-05 	1
3.75492 	0.00014514 	7.87031e-05 	1
3.81718 	0.000222393 	4.26622e-05 	1
3.87943 	0.00022176 	8.35751e-05 	1
4.00394 	0.000344952 	6.79041e-05 	1
4.06619 	0.000157067 	6.54346e-05 	1
4.12845 	0.00017544 	9.05807e-05 	1
4.1907 	0.000380836 	7.93262e-05 	1
4.25295 	0.000274385 	6.4689e-05 	1
4.31521 	0.00031497 	6.91351e-05 	1
4.37746 	0.000571143 	9.30613e-05 	1
4.50197 	0.000282148 	7.01158e-05 	2
4.56422 	0.00021057 	4.96646e-05 	1
4.62648 	0.000273543 	9.37697e-05 	1
4.68873 	0.000227403 	6.87578e-05 	1
4.81324 	0.000269492 	9.15964e-05 	1
4.87549 	0.000217441 	4.48866e-05 	2
4.93775 	0.000226099 	7.40325e-05 	1
5.0 	0.00013217 	7.74364e-05 	1
5.0625 	0.000312358 	6.96136e-05 	1
5.125 	0.000303244 	7.65983e-05 	1
5.25 	0.000234979 	5.32278e-05 	1
5.3125 	0.000267934 	5.65481e-05 	1
5.375 	0.00024477 	6.56854e-05 	1
5.5 	0.000428274 	9.23344e-05 	1
5.5625 	0.000177762 	7.41624e-05 	1
5.625 	0.000405172 	8.46362e-05 	1
5.6875 	0.000235137 	7.5083e-05 	1
5.75 	0.000228696 	5.68052e-05 	2
5.8125 	0.000155248 	7.5683e-05 	1
5.875 	0.000267221 	5.4488e-05 	1
5.9375 	0.00033366 	7.75785e-05 	1
6.0 	0.000103181 	3.02699e-05 	1
6.125 	0.000127044 	5.78658e-05 	1
6.1875 	0.000251611 	7.27191e-05 	2
6.25 	0.000254102 	5.84807e-05 	1
6.4375 	0.000197319 	9.55001e-05 	3
6.75 	0.000244401 	7.12737e-05 	1
6.8125 	0.000192248 	6.78887e-05 	1
6.9375 	0.000120597 	3.12709e-05 	1
7.125 	0.000254659 	5.86954e-05 	1
7.1875 	0.000251045 	6.29491e-05 	1
7.25 	0.00042683 	9.01515e-05 	1
7.4375 	0.000140313 	6.80798e-05 	1
7.5625 	0.000224558 	5.65606e-05 	1
7.625 	0.000224419 	4.88988e-05 	1
7.6875 	0.00012848 	6.03488e-05 	1
7.8125 	0.000372926 	8.39659e-05 	1
7.9375 	0.000123325 	6.30457e-05 	1
8.0 	0.00026075 	9.53463e-05 	1
8.0625 	0.000172233 	5.33478e-05 	1
8.125 	0.000348208 	6.40313e-05 	1
8.25 	0.000227572 	9.21323e-05 	1
8.3125 	0.000367875 	8.63817e-05 	1
8.375 	0.00021605 	7.72636e-05 	1
8.4375 	0.000461487 	6.82941e-05 	1
8.5 	0.000466424 	8.78849e-05 	1
8.5625 	0.000296935 	7.65102e-05 	1
8.8125 	0.000224916 	6.69317e-05 	1
8.9375 	0.000352342 	8.55216e-05 	1
9.0 	0.000197658 	3.572e-05 	1
9.0625 	0.000244134 	6.52879e-05 	1
9.1875 	0.000375801 	7.86793e-05 	1
9.25 	0.000412516 	4.80978e-05 	1
9.3125 	0.000247062 	8.16797e-05 	3
9.375 	0.00037536 	8.2553e-05 	1
9.4375 	0.000324065 	8.37029e-05 	1
9.5625 	0.000199652 	5.26187e-05 	1
9.625 	0.000167929 	7.44808e-05 	1
9.6875 	0.000226658 	8.72415e-05 	1
9.8125 	0.000172108 	8.40752e-05 	1
9.9375 	0.000224341 	5.61991e-05 	1
10.0 	0.000453765 	7.00223e-05 	1
10.0625 	0.000140602 	5.13824e-05 	1
10.1875 	0.000290662 	7.6076e-05 	3
10.3125 	0.000226302 	9.11672e-05 	1
10.375 	0.000179472 	8.75049e-05 	1
10.625 	0.000317557 	8.53492e-05 	1
10.6875 	0.000176887 	4.46783e-05 	2
10.75 	0.000285176 	9.74894e-05 	1
10.8125 	0.000230815 	8.81692e-05 	1
10.875 	0.000447008 	7.6034e-05 	1
11.0 	0.000167135 	8.26888e-05 	1
11.0625 	0.000189091 	7.24067e-05 	1
11.1875 	0.000246715 	6.87337e-05 	1
11.4375 	0.000228867 	8.14334e-05 	1
11.5625 	0.000207737 	8.36006e-05 	2
11.625 	0.000283977 	9.14539e-05 	1
11.6875 	0.000162454 	7.7833e-05 	2
11.75 	0.00047059 	7.79449e-05 	1
11.8125 	0.000233359 	7.70132e-05 	2
11.875 	0.000443387 	9.21485e-05 	1
11.9375 	0.000277631 	6.64509e-05 	1
12.0 	0.00039782 	6.07261e-05 	1
12.0625 	0.000307814 	8.02902e-05 	1
12.1875 	0.000300586 	7.38027e-05 	1
12.25 	0.000200597 	7.43675e-05 	2
12.3125 	0.000271557 	6.84128e-05 	1
12.375 	0.000201633 	5.92049e-05 	1
12.5625 	0.00013929 	3.7435e-05 	1
12.625 	0.000364167 	3.87801e-05 	1
12.6875 	0.00020046 	7.23697e-05 	1
12.8125 	0.000275851 	7.55333e-05 	1
12.875 	0.000206197 	6.80251e-05 	2
13.0 	0.000123822 	6.65884e-05 	1
13.0625 	0.000345689 	5.17435e-05 	1
13.1875 	0.000442919 	4.84271e-05 	1
13.25 	0.000226456 	9.76923e-05 	1
13.375 	0.000311624 	6.76822e-05 	1
13.4375 	0.000377364 	8.32389e-05 	1
13.5 	0.000367311 	7.78498e-05 	1
13.5625 	0.000436319 	8.26473e-05 	1
13.625 	0.000344779 	6.81246e-05 	1
13.6875 	0.000251342 	8.86906e-05 	1
14.0 	0.000164302 	7.55774e-05 	1
14.0625 	0.000252436 	4.03859e-05 	1
14.125 	0.0002724 	9.18276e-05 	1
14.1875 	0.000359505 	5.6584e-05 	1
14.3125 	0.000128834 	4.72085e-05 	1
14.375 	0.000230608 	5.87116e-05 	1
14.4375 	0.000173588 	8.00919e-05 	1
14.5 	0.000270931 	7.5799e-05 	2
14.625 	0.000338936 	6.51847e-05 	1
14.6875 	0.000449491 	9.12005e-05 	1
14.75 	0.000338107 	9.77593e-05 	1
14.8125 	0.000172711 	5.34984e-05 	1
14.9375 	0.000159085 	5.21185e-05 	1
15.0 	0.000167541 	7.99531e-05 	1
15.1875 	0.000214429 	7.97204e-05 	1
15.25 	0.000251042 	7.17132e-05 	1
15.3125 	0.000634329 	9.99058e-05 	1
15.375 	0.000179263 	5.72251e-05 	1
15.4375 	0.000159111 	9.76876e-05 	1
15.5 	0.000405281 	8.47154e-05 	1
15.5625 	0.000165906 	6.60507e-05 	1
15.75 	0.00045838 	7.02857e-05 	1
15.8125 	0.000272848 	7.36408e-05 	1
15.875 	0.000365138 	7.89853e-05 	1
15.9375 	0.000264822 	8.59567e-05 	1
16.0 	0.000260975 	9.09824e-05 	1
16.0625 	0.000194739 	7.53858e-05 	1
16.125 	0.000232159 	6.02321e-05 	1
16.1875 	0.000186419 	7.02317e-05 	2
16.25 	0.000257679 	5.95912e-05 	1
16.3125 	0.000395513 	7.90103e-05 	1
16.375 	0.000199041 	6.93692e-05 	2
16.4375 	0.000261087 	7.92475e-05 	1
16.5 	0.00040416 	9.74196e-05 	1
16.625 	0.000143649 	6.3122e-05 	1
16.6875 	0.000241402 	6.66246e-05 	1
16.75 	0.000375914 	6.42406e-05 	1
16.8125 	0.000268213 	5.59724e-05 	1
16.875 	0.000141409 	4.03665e-05 	1
16.9375 	0.000274769 	7.28378e-05 	1
17.25 	0.000314966 	5.55193e-05 	1
17.3125 	0.000157921 	6.85937e-05 	1
17.375 	0.000157944 	4.80198e-05 	1
17.4375 	0.000344466 	7.26601e-05 	1
17.5 	0.000478509 	7.14671e-05 	1
17.5625 	0.000169427 	7.58435e-05 	1
17.625 	0.0002415 	7.47462e-05 	1
17.6875 	0.000116632 	3.98637e-05 	1
17.75 	0.000150326 	5.7356e-05 	1
18.0 	0.00024739 	8.68101e-05 	1
18.0625 	0.000338483 	7.64313e-05 	2
18.125 	0.000295259 	6.72299e-05 	1
18.1875 	0.000463631 	7.51316e-05 	1
18.25 	0.000227201 	9.83035e-05 	1
18.3125 	0.000142172 	5.13146e-05 	1
18.375 	0.000267638 	9.37822e-05 	1
18.4375 	0.000157714 	7.55536e-05 	1
18.5 	0.000117982 	3.63795e-05 	1
18.5625 	0.00017581 	8.08373e-05 	1
18.625 	0.000105189 	3.8061e-05 	1
18.75 	0.000225353 	4.15447e-05 	1
18.8125 	0.000228295 	7.61431e-05 	1
18.875 	0.000210708 	6.53551e-05 	1
18.9375 	0.000367431 	7.55994e-05 	1
19.125 	0.000138541 	5.60359e-05 	2
19.25 	0.000401166 	7.63257e-05 	1
19.375 	0.000115985 	5.67114e-05 	1
19.4375 	0.000138872 	9.94543e-05 	1
19.5 	0.000192516 	8.11126e-05 	1
19.625 	0.000428896 	8.66241e-05 	1
19.6875 	0.00027266 	6.52183e-05 	1
19.75 	0.000395118 	8.68159e-05 	1
19.9375 	0.000119969 	2.59641e-05 	1
20.0 	0.000518184 	7.19331e-05 	1
20.0625 	0.000331939 	8.19228e-05 	1
20.125 	0.000441596 	7.4974e-05 	2
20.1875 	0.000323974 	7.6575e-05 	1
20.25 	0.000248955 	9.99725e-05 	2
20.375 	0.000626069 	7.64804e-05 	1
20.4375 	0.00018652 	7.85854e-05 	1
20.5 	0.000268775 	8.9552e-05 	1
20.5625 	0.000172098 	8.53352e-05 	1
20.625 	0.00049258 	9.53364e-05 	1
20.6875 	0.00018009 	7.26999e-05 	1
20.75 	0.000378808 	8.3594e-05 	1
21.0 	0.000183969 	7.79118e-05 	1
21.0625 	0.000252183 	8.13054e-05 	1
21.1875 	0.000435859 	8.67399e-05 	1
21.3125 	0.000221964 	7.44378e-05 	1
21.375 	0.000251561 	9.01393e-05 	2
21.5625 	0.000396959 	7.53558e-05 	1
21.625 	0.000510104 	8.51231e-05 	1
21.6875 	0.000162139 	4.32197e-05 	1
21.75 	0.000245938 	5.74711e-05 	1
21.8125 	0.000270178 	6.41498e-05 	1
21.875 	0.000343357 	7.15069e-05 	1
21.9375 	0.000312917 	6.65392e-05 	2
22.125 	0.000177074 	7.07971e-05 	1
22.1875 	0.00019344 	3.66738e-05 	1
22.25 	0.000398301 	9.22852e-05 	1
22.3125 	0.000243473 	8.79949e-05 	1
22.375 	0.000546683 	7.87378e-05 	1
22.8125 	0.000200688 	9.95106e-05 	1
22.9375 	0.000334201 	6.18046e-05 	1
23.0 	0.000262228 	6.23061e-05 	1
23.125 	0.000143001 	5.67595e-05 	1
23.1875 	0.00031665 	7.53818e-05 	1
23.3125 	0.000191103 	6.849e-05 	2
23.375 	0.000361191 	8.53615e-05 	1
23.4375 	0.000313692 	7.25877e-05 	1
23.6875 	0.00020891 	5.25947e-05 	1
23.75 	0.000209727 	7.17666e-05 	2
23.8125 	0.000351038 	7.94679e-05 	1
23.875 	0.000157895 	3.56152e-05 	1
23.9375 	0.000204971 	5.36041e-05 	1
24.0 	0.000408648 	9.29875e-05 	1
24.0625 	0.000349465 	6.20966e-05 	1
24.125 	0.000190818 	5.41419e-05 	1
24.3125 	0.000283536 	7.33438e-05 	1
24.375 	0.000242416 	4.59257e-05 	1
24.4375 	0.000175773 	8.10604e-05 	1
24.5625 	0.000172244 	9.57236e-05 	1
24.625 	0.000178169 	7.69198e-05 	1
24.6875 	0.000187738 	7.4446e-05 	1
24.75 	0.000258352 	6.59277e-05 	2
24.8125 	0.000179995 	8.05169e-05 	1
25.0 	0.000329548 	7.00343e-05 	2
25.0625 	0.000208961 	7.35076e-05 	1
25.125 	0.000163975 	7.98232e-05 	1
25.25 	0.00030695 	6.93745e-05 	1
25.3125 	0.00036499 	8.14318e-05 	1
25.625 	9.6394e-05 	9.6394e-05 	0
25.6875 	0.000328503 	7.82877e-05 	1
25.75 	0.000161895 	5.3723e-05 	1
25.8125 	0.000163359 	5.43636e-05 	2
25.875 	0.000191698 	4.69698e-05 	1
25.9375 	0.000259508 	9.18404e-05 	1
26.0 	0.000325949 	9.95432e-05 	1
26.0625 	0.00015451 	8.21969e-05 	1
26.125 	0.000409911 	8.0574e-05 	1
26.25 	0.000407433 	6.46312e-05 	1
26.3125 	0.000241268 	7.45072e-05 	2
26.375 	0.000348497 	6.6829e-05 	1
26.4375 	0.000229624 	6.97961e-05 	2
26.5 	0.000185736 	9.35327e-05 	1
26.5625 	0.000171771 	5.28257e-05 	1
26.625 	0.00021958 	4.86499e-05 	1
26.6875 	0.000241441 	7.42779e-05 	2
26.875 	0.000234308 	4.74446e-05 	1
26.9375 	0.000561375 	7.11804e-05 	1
27.0 	0.000259911 	8.28535e-05 	1
27.25 	0.000241213 	5.27746e-05 	1
27.3125 	0.000171036 	8.25753e-05 	1
27.375 	0.000333754 	7.55595e-05 	1
27.5 	0.000262222 	5.45825e-05 	1
27.5625 	0.00036416 	6.10945e-05 	1
27.625 	0.000225119 	7.1941e-05 	1
27.6875 	0.000150113 	7.47843e-05 	1
27.75 	0.000223084 	9.83919e-05 	2
27.8125 	0.000380022 	9.27827e-05 	1
27.875 	0.000141135 	7.32442e-05 	1
28.0 	0.000385663 	7.88688e-05 	1
28.0625 	0.000238153 	5.38002e-05 	1
28.125 	0.000290502 	7.199e-05 	2
28.3125 	0.000162252 	5.03843e-05 	2
28.375 	0.000103618 	6.2647e-05 	1
28.4375 	0.000202935 	9.85654e-05 	1
28.5 	0.000172658 	5.46577e-05 	1
28.625 	0.000203077 	5.52004e-05 	1
28.6875 	0.000256656 	6.07522e-05 	1
28.8125 	0.000157993 	4.18434e-05 	1
28.875 	0.000398932 	7.76874e-05 	1
28.9375 	0.000504326 	9.81279e-05 	1
29.0 	0.000182778 	4.77259e-05 	2
29.0625 	0.00020125 	3.68364e-05 	1
29.125 	0.000402116 	8.50741e-05 	1
29.1875 	0.000201327 	6.73688e-05 	1
29.25 	0.000136331 	5.34071e-05 	1
29.375 	0.000333407 	9.38742e-05 	1
29.4375 	0.000214794 	5.83782e-05 	1
29.5 	0.000390146 	9.49588e-05 	1
29.625 	0.000230316 	5.89063e-05 	1
29.6875 	0.000406188 	7.56134e-05 	1
29.75 	0.000203315 	8.134e-05 	1
29.875 	0.000120924 	3.70637e-05 	1
29.9375 	0.000411172 	9.60978e-05 	1
30.125 	0.000322951 	6.53227e-05 	1
30.1875 	0.00044199 	9.29315e-05 	1
30.25 	0.00013402 	6.20045e-05 	1
30.3125 	0.000308344 	9.45725e-05 	1
30.375 	0.000114223 	6.62192e-05 	1
30.4375 	0.000142625 	7.56658e-05 	1
30.5 	0.000107005 	4.62885e-05 	1
30.5625 	0.000184441 	7.38478e-05 	1
30.6875 	0.000245417 	4.19723e-05 	1
30.8125 	0.000447912 	9.42098e-05 	1
30.9375 	0.000174803 	7.88312e-05 	1
31.125 	0.000188408 	5.96381e-05 	1
31.1875 	0.000323378 	7.70295e-05 	1
31.25 	0.00023533 	6.26447e-05 	1
31.375 	0.000271302 	8.73451e-05 	2
31.5 	0.000615277 	8.92078e-05 	1
31.625 	0.000224638 	6.62935e-05 	1
31.6875 	0.000175432 	9.86861e-05 	1
31.75 	0.000443228 	9.22115e-05 	1
31.8125 	0.000310221 	9.78296e-05 	1
31.875 	0.000404859 	7.02435e-05 	2
32.0 	0.000138641 	7.98188e-05 	1
32.125 	0.000324015 	6.93357e-05 	1
32.1875 	0.00011744 	5.20475e-05 	1
32.25 	0.00020163 	9.94741e-05 	1
32.3125 	0.000259801 	8.09379e-05 	1
32.4375 	0.000309823 	7.85043e-05 	1
32.5 	0.000185945 	6.86219e-05 	1
32.625 	0.000299973 	7.45329e-05 	1
32.6875 	0.000221285 	7.38305e-05 	1
32.75 	0.000291193 	5.93153e-05 	1
32.8125 	0.000206998 	7.22586e-05 	2
32.875 	0.000368516 	7.05644e-05 	1
33.0 	0.000194823 	7.89415e-05 	1
33.0625 	0.000183688 	9.46854e-05 	1
33.125 	0.000130676 	2.91774e-05 	1
33.1875 	0.000246171 	6.35552e-05 	1
33.25 	0.000111465 	6.40458e-05 	1
33.3125 	0.000319062 	9.76453e-05 	3
33.375 	0.000152109 	9.53418e-05 	1
33.4375 	0.00023323 	8.13313e-05 	1
33.625 	0.000172545 	6.32681e-05 	2
33.6875 	0.000269905 	9.09011e-05 	1
33.75 	0.000184502 	7.79266e-05 	1
33.875 	0.0001715 	7.57361e-05 	2
33.9375 	0.000234414 	6.92556e-05 	1
34.0625 	0.00041452 	8.02801e-05 	2
34.125 	0.000454566 	6.67321e-05 	1
34.1875 	0.000249084 	5.35801e-05 	1
34.25 	0.000106163 	5.52852e-05 	1
34.3125 	0.000125338 	9.5637e-05 	1
34.375 	0.00043919 	7.78043e-05 	1
34.4375 	0.000196531 	8.72669e-05 	1
34.5 	0.000222058 	6.31094e-05 	1
34.5625 	0.000176451 	6.93605e-05 	2
34.625 	0.000269311 	8.07727e-05 	1
34.6875 	0.000254666 	8.44482e-05 	1
34.875 	0.000199647 	6.49801e-05 	2
34.9375 	0.00020807 	7.17977e-05 	1
35.0625 	0.000293342 	9.43856e-05 	2
35.125 	0.000116656 	2.79722e-05 	1
35.25 	0.000129202 	8.11754e-05 	1
35.3125 	0.000224955 	8.41429e-05 	1
35.375 	0.000215887 	6.96702e-05 	1
35.5625 	0.000372969 	7.85413e-05 	1
35.625 	0.000167041 	8.66791e-05 	1
35.6875 	0.00018182 	8.03354e-05 	1
35.75 	0.000230134 	6.29347e-05 	1
35.8125 	0.000205934 	9.4537e-05 	1
35.875 	0.000324539 	6.70521e-05 	2
35.9375 	0.000418413 	8.58181e-05 	1
36.0 	0.000199406 	7.44383e-05 	1
36.125 	0.000271826 	8.48384e-05 	1
36.25 	0.000269855 	8.3145e-05 	1
36.4375 	0.000189689 	9.31507e-05 	1
36.5 	0.000159453 	7.84039e-05 	1
36.5625 	0.000152765 	5.16115e-05 	1
36.625 	0.000255385 	3.07894e-05 	1
36.8125 	0.000141311 	5.82876e-05 	1
36.875 	0.00034083 	6.03553e-05 	1
37.0625 	0.000359964 	8.06689e-05 	1
37.125 	0.000165109 	8.16569e-05 	2
37.1875 	0.000349595 	6.91957e-05 	2
37.25 	0.00012842 	4.25463e-05 	1
37.3125 	0.00027379 	6.40755e-05 	1
37.375 	0.000275081 	9.55851e-05 	2
37.4375 	0.000253796 	7.19736e-05 	2
37.5 	0.000146366 	4.88571e-05 	1
37.5625 	0.000348149 	7.35274e-05 	1
37.75 	0.00019346 	9.00168e-05 	1
37.8125 	0.000120802 	7.4775e-05 	1
37.9375 	0.000313146 	7.48379e-05 	2
38.0 	0.000230713 	6.86769e-05 	1
38.0625 	0.000152922 	6.80409e-05 	1
38.125 	0.00016295 	5.33429e-05 	2
38.1875 	0.000260534 	8.7848e-05 	1
38.25 	0.000167003 	6.57569e-05 	2
38.3125 	0.000339003 	7.66006e-05 	1
38.375 	7.48831e-05 	7.48831e-05 	0
38.4375 	0.000197962 	9.70217e-05 	1
38.5625 	0.00027433 	6.88469e-05 	1
38.6875 	0.000113479 	2.09171e-05 	1
38.8125 	0.000205235 	4.47411e-05 	1
38.875 	0.000343291 	8.4396e-05 	1
38.9375 	0.000209789 	6.94778e-05 	1
39.0 	0.000314317 	6.67034e-05 	1
39.0625 	0.000119866 	8.03557e-05 	1
39.125 	0.000305822 	7.60719e-05 	2
39.1875 	0.00019268 	7.57565e-05 	1
39.25 	0.000479353 	9.47372e-05 	1
39.3125 	0.00035445 	7.26967e-05 	1
39.5 	0.000271924 	8.22002e-05 	2
39.5625 	0.000105206 	4.45315e-05 	1
39.625 	0.000343415 	5.84764e-05 	1
39.6875 	0.000198912 	6.72592e-05 	1
39.75 	0.000238373 	9.76423e-05 	1
39.8125 	0.000327911 	8.72381e-05 	1
39.875 	0.000291276 	6.89394e-05 	1
39.9375 	0.000345981 	7.79043e-05 	1
40.0 	0.000188989 	8.59455e-05 	1
40.125 	0.000435666 	8.0038e-05 	1
40.25 	0.00047093 	8.20472e-05 	1
40.3125 	0.000141718 	5.05606e-05 	1
40.4375 	0.000181982 	2.2601e-05 	1
40.5 	0.000202664 	7.83023e-05 	1
40.5625 	0.000439616 	6.57978e-05 	1
40.625 	0.000197105 	8.96591e-05 	1
40.8125 	0.000450834 	8.32931e-05 	1
40.9375 	0.000393583 	7.763e-05 	1
41.125 	0.000248754 	4.22759e-05 	1
41.1875 	0.000354252 	7.66499e-05 	1
41.25 	0.000227518 	9.36367e-05 	1
41.3125 	0.000265137 	8.9808e-05 	1
41.4375 	0.000300687 	8.91802e-05 	1
41.5 	0.000198173 	7.1885e-05 	1
41.5625 	0.000247063 	8.06047e-05 	1
41.6875 	0.00041031 	7.82495e-05 	1
41.8125 	0.000403031 	8.09478e-05 	1
41.875 	0.000403715 	9.25431e-05 	1
41.9375 	0.000328912 	6.27003e-05 	1
42.0 	0.000408314 	7.18561e-05 	1
42.125 	0.000133674 	3.95734e-05 	1
42.25 	0.000261858 	8.82155e-05 	2
42.5 	0.00014805 	8.48069e-05 	1
42.6875 	0.000192292 	9.04105e-05 	1
42.8125 	0.000204529 	6.74298e-05 	2
42.875 	0.000266157 	9.64211e-05 	2
42.9375 	0.000501978 	7.51842e-05 	1
43.0 	0.00028142 	9.42734e-05 	1
43.0625 	0.000527998 	7.68157e-05 	2
43.125 	0.00010781 	4.82597e-05 	1
43.1875 	0.00045531 	6.97698e-05 	1
43.3125 	0.000428259 	6.89622e-05 	1
43.375 	0.000113462 	3.23765e-05 	1
43.6875 	0.000310331 	8.65978e-05 	1
43.75 	0.000341442 	4.4835e-05 	1
43.8125 	0.000219171 	9.05764e-05 	1
43.9375 	0.00028332 	7.73873e-05 	1
44.0 	0.000188212 	8.22955e-05 	1
44.0625 	0.000321923 	7.5177e-05 	1
44.125 	0.000509593 	7.52646e-05 	1
44.1875 	0.00025776 	4.22469e-05 	1
44.25 	0.000177409 	8.62756e-05 	1
44.3125 	0.00022745 	5.85678e-05 	1
44.375 	0.000320063 	6.72569e-05 	1
44.4375 	0.00022283 	7.48298e-05 	1
44.5625 	0.000357357 	7.19028e-05 	1
44.625 	0.000185799 	3.4997e-05 	1
44.6875 	0.000127467 	7.18503e-05 	1
44.75 	0.000157563 	7.41067e-05 	1
44.8125 	0.000413632 	9.29617e-05 	1
44.875 	0.000341153 	7.31982e-05 	1
44.9375 	0.000276181 	7.73279e-05 	1
45.0 	0.00018997 	7.95504e-05 	1
45.0625 	0.000452928 	7.67112e-05 	1
45.1875 	0.000165712 	6.48918e-05 	2
45.3125 	0.000328607 	7.52406e-05 	1
45.5 	0.000199458 	9.33265e-05 	1
45.625 	0.000262496 	8.5263e-05 	1
45.6875 	0.00012864 	4.82894e-05 	1
45.75 	0.000163932 	7.64099e-05 	1
45.9375 	0.00026305 	7.859e-05 	1
46.0 	0.000352639 	8.52149e-05 	1
46.0625 	0.000182835 	5.65642e-05 	1
46.3125 	0.000188679 	7.4882e-05 	1
46.375 	0.000494919 	7.57047e-05 	1
46.5625 	0.000189392 	9.30989e-05 	1
46.625 	0.000412766 	6.65076e-05 	1
46.6875 	0.000335906 	6.34129e-05 	1
46.75 	0.000399471 	9.4461e-05 	1
46.8125 	0.000212725 	7.33177e-05 	1
46.875 	0.000344585 	6.63059e-05 	1
47.0 	0.00021337 	8.17764e-05 	1
47.0625 	0.000330995 	6.73691e-05 	1
47.125 	0.000190563 	6.97506e-05 	1
47.1875 	0.000469158 	9.09266e-05 	1
47.25 	0.000236542 	9.00577e-05 	1
47.3125 	0.00020706 	5.52302e-05 	1
47.375 	0.000202469 	5.81563e-05 	1
47.5 	0.000387945 	9.07553e-05 	1
47.5625 	0.000166868 	8.72452e-05 	1
47.625 	0.000138742 	6.0335e-05 	1
47.6875 	0.000117307 	7.13236e-05 	1
47.8125 	0.000296389 	6.62829e-05 	1
48.0 	0.000459032 	7.75539e-05 	1
48.0625 	0.000281813 	7.86372e-05 	1
48.1875 	0.000258695 	5.01852e-05 	1
48.25 	0.000319188 	8.06247e-05 	1
48.3125 	0.00026336 	7.94639e-05 	1
48.4375 	0.000358824 	9.66491e-05 	1
48.5 	0.000184043 	8.05736e-05 	1
48.5625 	0.000173289 	6.52871e-05 	1
48.75 	0.000174032 	6.79254e-05 	2
48.8125 	0.000392439 	7.18341e-05 	2
48.9375 	0.00021323 	4.57924e-05 	1
49.0 	0.000291388 	7.97983e-05 	1
49.125 	0.000201546 	6.15156e-05 	1
49.1875 	0.000105028 	4.28421e-05 	1
49.25 	0.000107143 	5.93407e-05 	1
49.3125 	0.000272023 	6.72097e-05 	1
49.375 	0.000412435 	7.92965e-05 	2
49.4375 	0.00050778 	7.695e-05 	1
49.5 	0.000407456 	8.38026e-05 	1
49.5625 	0.000295803 	4.06642e-05 	1
49.625 	0.000216897 	6.35162e-05 	1
49.6875 	0.000378647 	8.91119e-05 	1
49.75 	0.00011042 	4.32594e-05 	1
50.0625 	0.000167084 	2.62723e-05 	1
50.125 	0.000263449 	7.19177e-05 	1
50.25 	0.00015987 	7.70024e-05 	1
50.3125 	0.000154535 	9.74135e-05 	1
50.375 	0.000185772 	8.9247e-05 	1
50.4375 	0.000205757 	6.76781e-05 	1
50.5625 	0.000222549 	9.79453e-05 	1
50.625 	0.000367783 	7.51972e-05 	1
50.75 	0.000320095 	7.23035e-05 	1
50.8125 	0.000181166 	9.30631e-05 	1
50.875 	0.000139638 	6.19858e-05 	1
50.9375 	0.000348357 	7.88199e-05 	1
51.0 	0.000285194 	7.95401e-05 	1
51.0625 	0.000231823 	9.41245e-05 	2
51.125 	0.000266814 	7.15183e-05 	1
51.1875 	0.000153171 	6.04621e-05 	2
51.25 	0.00035076 	8.68458e-05 	1
51.3125 	0.000162803 	8.85055e-05 	1
51.375 	0.000300334 	6.80379e-05 	1
51.4375 	0.000155139 	8.61595e-05 	1
51.5 	0.000287211 	7.23752e-05 	1
51.5625 	0.000165387 	9.96953e-05 	1
51.625 	0.000162482 	7.13191e-05 	1
51.6875 	0.000156571 	4.193e-05 	1
51.8125 	0.000171434 	6.03085e-05 	1
51.875 	0.000368208 	7.22956e-05 	1
52.0 	0.000341235 	6.78972e-05 	2
52.0625 	0.000127151 	2.97669e-05 	1
52.1875 	0.00026891 	3.77536e-05 	1
52.3125 	0.000224435 	7.76972e-05 	1
52.375 	0.000232084 	8.77976e-05 	1
52.5 	0.000448756 	8.71821e-05 	1
52.625 	0.000129318 	2.91854e-05 	1
52.6875 	0.000266389 	9.62573e-05 	1
52.75 	0.000176105 	8.91125e-05 	1
52.8125 	0.000250884 	8.84024e-05 	1
52.875 	0.000268243 	8.0461e-05 	1
52.9375 	0.000393476 	7.31214e-05 	1
53.125 	0.000405172 	9.35012e-05 	1
53.1875 	0.00013744 	7.34486e-05 	1
53.25 	0.000264461 	6.87032e-05 	1
53.3125 	0.000263469 	7.47439e-05 	1
53.375 	0.000139739 	3.20679e-05 	1
53.5 	0.000266105 	8.91836e-05 	1
53.5625 	0.00014666 	4.53908e-05 	1
53.625 	0.000245314 	7.64841e-05 	1
53.6875 	0.000267782 	9.9753e-05 	1
53.75 	0.000160176 	7.14072e-05 	1
53.8125 	0.000165459 	9.76737e-05 	1
53.875 	0.000240471 	7.05844e-05 	1
54.0 	0.00024077 	9.46644e-05 	1
54.0625 	0.000200381 	7.24544e-05 	2
54.1875 	0.000144433 	8.77693e-05 	1
54.25 	0.00033328 	8.15333e-05 	1
54.3125 	0.000246456 	3.59913e-05 	1
54.375 	0.000314828 	8.37056e-05 	3
54.4375 	0.000160376 	3.68196e-05 	1
54.6875 	0.000213058 	6.65279e-05 	2
54.8125 	0.000145051 	5.94155e-05 	1
54.875 	0.00031731 	7.98571e-05 	1
54.9375 	0.00016632 	4.62236e-05 	1
55.0 	0.000493732 	7.51017e-05 	1
55.0625 	0.000131477 	5.71204e-05 	1
55.125 	0.000167572 	9.64905e-05 	1
55.1875 	0.000406395 	5.45887e-05 	1
55.3125 	0.000395494 	7.09108e-05 	1
55.4375 	0.000353598 	7.62776e-05 	1
55.5 	0.000141275 	4.75288e-05 	1
55.625 	0.000276796 	8.51705e-05 	1
55.6875 	0.00012536 	3.91125e-05 	1
55.75 	0.000257304 	8.28062e-05 	1
55.875 	0.000309279 	6.82677e-05 	1
55.9375 	0.000387837 	7.57386e-05 	1
56.0 	0.000367368 	8.15867e-05 	1
56.0625 	0.000297146 	9.98186e-05 	2
56.3125 	0.000324594 	6.47262e-05 	1
56.375 	0.000231535 	7.23729e-05 	1
56.4375 	0.000246313 	6.08555e-05 	1
56.5625 	0.000330445 	6.64978e-05 	1
56.6875 	0.000327338 	8.92685e-05 	1
56.75 	0.000313152 	7.73467e-05 	1
56.8125 	0.000228734 	5.33502e-05 	1
56.9375 	0.000313641 	5.86687e-05 	1
57.0 	0.000290852 	9.24545e-05 	2
57.0625 	0.000364691 	7.20467e-05 	1
57.1875 	0.000257163 	8.98056e-05 	1
57.25 	0.000255524 	5.77731e-05 	1
57.3125 	0.000206418 	7.85069e-05 	2
57.375 	0.000203397 	5.77232e-05 	1
57.4375 	0.000205171 	4.99608e-05 	1
57.5 	0.000431805 	7.48951e-05 	1
57.5625 	0.000339692 	6.97952e-05 	1
57.625 	0.000395441 	8.55354e-05 	1
57.6875 	0.00020165 	8.61124e-05 	1
57.75 	0.000262937 	8.4237e-05 	1
57.8125 	0.000513555 	7.88595e-05 	1
58.0 	0.000188517 	7.65355e-05 	1
58.0625 	0.000160845 	9.98515e-05 	1
58.125 	0.000315312 	6.73985e-05 	1
58.1875 	0.000185609 	5.20302e-05 	1
58.25 	0.000109925 	5.15741e-05 	1
58.3125 	0.000225123 	5.02115e-05 	2
58.4375 	0.000559404 	3.76222e-05 	1
58.5625 	0.000245726 	7.97499e-05 	1
58.625 	0.000327716 	8.60206e-05 	1
58.6875 	0.000239624 	6.53771e-05 	1
58.8125 	0.000206515 	9.01284e-05 	1
58.875 	0.000176888 	6.31735e-05 	1
58.9375 	0.000158134 	6.63868e-05 	1
59.0 	0.000333444 	6.62963e-05 	1
59.125 	0.000303003 	7.08462e-05 	1
59.25 	0.000209538 	7.08249e-05 	1
59.3125 	0.000193661 	7.81197e-05 	1
59.375 	0.000194358 	8.42079e-05 	1
59.4375 	0.000164209 	6.41744e-05 	2
59.5 	0.00035022 	7.7119e-05 	1
59.6875 	0.000153622 	8.46864e-05 	1
59.8125 	0.00042448 	5.03658e-05 	1
59.875 	0.000156742 	5.58296e-05 	1
59.9375 	0.000401098 	6.8985e-05 	1
60.0625 	0.000249982 	8.53254e-05 	1
60.125 	0.000322001 	7.33674e-05 	1
60.375 	0.000324322 	7.08046e-05 	1
60.4375 	0.000191486 	3.04122e-05 	1
60.5625 	0.000464427 	9.99187e-05 	1
60.625 	0.000158705 	7.66008e-05 	1
60.75 	0.000404681 	7.21655e-05 	1
60.8125 	0.000339909 	7.21558e-05 	1
60.875 	0.0001998 	7.5125e-05 	2
61.0 	0.000145768 	5.72684e-05 	1
61.125 	0.000251001 	9.64226e-05 	1
61.1875 	0.000258147 	7.7083e-05 	1
61.25 	0.000260302 	6.56707e-05 	2
61.3125 	0.000117524 	4.2289e-05 	1
61.375 	0.000434932 	8.47525e-05 	1
61.4375 	0.000436722 	7.54828e-05 	1
61.5 	0.000311518 	6.3126e-05 	1
61.625 	0.000338002 	6.89179e-05 	2
61.6875 	0.00019641 	8.44473e-05 	1
61.8125 	0.000247158 	8.21586e-05 	1
61.875 	0.000176036 	8.76216e-05 	1
61.9375 	0.000144421 	4.38477e-05 	1
62.0 	0.000156297 	9.48219e-05 	1
62.125 	0.000154183 	4.77344e-05 	1
62.1875 	0.0003072 	9.27205e-05 	1
62.25 	0.000120417 	8.44576e-05 	1
62.375 	0.000136506 	9.1565e-05 	1
62.5 	0.000179238 	6.54393e-05 	1
62.5625 	0.000267143 	5.03021e-05 	1
62.6875 	0.000129837 	4.40547e-05 	1
62.75 	0.000276007 	8.02621e-05 	1
62.875 	0.000291597 	6.67483e-05 	1
62.9375 	0.000257685 	6.74188e-05 	1
63.0 	0.000414913 	9.02186e-05 	1
63.125 	0.000295772 	6.85537e-05 	1
63.25 	0.000235137 	3.97748e-05 	1
63.4375 	0.00020758 	4.65728e-05 	1
63.5625 	0.000288379 	6.731e-05 	1
63.8125 	0.000319799 	9.19673e-05 	1
63.9375 	0.000216918 	9.78929e-05 	1
64.0 	0.000223018 	9.86567e-05 	1
64.0625 	0.000198011 	5.99606e-05 	1
64.25 	0.000286975 	7.17392e-05 	1
64.4375 	0.000395072 	6.77811e-05 	1
64.5625 	0.000454235 	6.52055e-05 	1
64.6875 	0.000212247 	7.65153e-05 	2
64.75 	0.000320173 	8.29898e-05 	1
64.8125 	0.000260169 	7.44769e-05 	1
64.875 	0.000258899 	5.03812e-05 	1
64.9375 	0.000434477 	7.24735e-05 	1
65.0 	0.000147517 	7.69924e-05 	1
65.0625 	0.000293667 	7.42754e-05 	1
65.125 	0.0003194 	9.40634e-05 	1
65.25 	0.000207559 	6.87338e-05 	1
65.5 	0.000331125 	6.93812e-05 	1
65.625 	0.000476491 	9.07822e-05 	1
65.8125 	0.000151906 	5.32199e-05 	2
65.9375 	0.000426478 	8.55808e-05 	1
66.0 	0.000175615 	7.02984e-05 	1
66.0625 	0.000240733 	7.07475e-05 	1
66.1875 	0.000266084 	8.25064e-05 	1
66.25 	0.000235371 	6.118e-05 	1
66.3125 	0.000502981 	7.49358e-05 	1
66.375 	0.000140517 	9.07363e-05 	1
66.5 	0.00036028 	6.61442e-05 	1
66.75 	0.00020272 	7.60037e-05 	1
66.8125 	0.00019137 	8.57596e-05 	1
66.875 	0.000272628 	8.10468e-05 	1
66.9375 	0.000159068 	4.3863e-05 	1
67.0 	0.000369021 	7.21421e-05 	2
67.125 	0.000182466 	5.07926e-05 	1
67.1875 	0.000128842 	3.52513e-05 	1
67.25 	0.000177375 	7.56825e-05 	1
67.375 	0.000149805 	5.96909e-05 	1
67.4375 	0.000358711 	7.40781e-05 	1
67.5 	0.000265835 	6.23154e-05 	1
67.8125 	0.00011812 	5.36037e-05 	1
67.875 	0.000138552 	4.89821e-05 	1
67.9375 	0.000179337 	5.20991e-05 	2
68.0 	0.000235369 	9.13772e-05 	1
68.0625 	0.000468793 	8.87343e-05 	1
68.125 	0.000150979 	4.44393e-05 	1
68.1875 	0.000445135 	9.00544e-05 	1
68.25 	0.000131873 	5.13898e-05 	1
68.3125 	0.000242744 	6.50562e-05 	1
68.375 	0.000164186 	4.95787e-05 	1
68.4375 	0.000221231 	9.71879e-05 	1
68.5625 	0.000413268 	7.41739e-05 	1
68.625 	0.000319682 	5.467e-05 	1
68.6875 	0.000477502 	7.6942e-05 	1
68.75 	0.000159863 	9.8639e-05 	1
68.8125 	0.000392181 	5.61149e-05 	1
68.9375 	0.000530909 	7.58819e-05 	1
69.0625 	0.000522367 	8.07514e-05 	1
69.125 	0.000275597 	6.8118e-05 	1
69.1875 	0.000275339 	7.02373e-05 	1
69.25 	0.000201358 	7.74716e-05 	1
69.3125 	0.000224696 	9.87166e-05 	1
69.4375 	0.0004352 	7.28201e-05 	1
69.5 	0.000398938 	7.24276e-05 	1
69.625 	0.000211216 	5.17298e-05 	1
69.75 	0.000159279 	9.8668e-05 	1
69.8125 	0.000236732 	7.70341e-05 	1
69.875 	0.000138047 	5.30489e-05 	1
69.9375 	0.000522718 	7.57848e-05 	2
