# time 	Initial 	Final 	Iterations
0.333274 	0.000316042 	7.95586e-05 	1
0.579973 	0.000227571 	5.79987e-05 	1
0.642226 	0.00018893 	2.73466e-05 	1
0.70448 	0.000249851 	5.25316e-05 	1
0.766734 	0.000263444 	6.06041e-05 	1
0.828988 	0.000299215 	7.9239e-05 	1
1.01575 	0.000137924 	7.7437e-05 	1
1.26477 	0.000220704 	4.37965e-05 	1
1.38927 	0.00028588 	6.38963e-05 	1
1.45153 	0.000167265 	4.57147e-05 	1
1.51378 	0.000268752 	6.01991e-05 	1
1.57604 	0.000160421 	6.07157e-05 	1
1.7628 	0.00019184 	4.06399e-05 	1
1.8873 	0.000226086 	4.12841e-05 	1
1.94956 	0.000131438 	4.32549e-05 	1
2.07407 	0.000257358 	4.46863e-05 	1
2.19857 	0.000138617 	5.00119e-05 	2
2.26083 	0.000268018 	7.31953e-05 	2
2.32308 	9.43639e-05 	9.43639e-05 	0
2.38534 	0.000197551 	4.99608e-05 	1
2.44759 	0.000141935 	3.28361e-05 	1
2.63435 	0.000129614 	7.28662e-05 	1
2.69661 	0.000393335 	7.99015e-05 	1
2.88337 	0.000332025 	6.56072e-05 	1
2.94562 	0.000158701 	5.20752e-05 	1
3.07013 	0.000395706 	9.26648e-05 	1
3.13238 	0.000398334 	9.60428e-05 	1
3.19464 	0.000358035 	6.83197e-05 	3
3.25689 	0.000332342 	8.42728e-05 	1
3.31914 	0.000118852 	6.08416e-05 	1
3.3814 	0.000283125 	6.46921e-05 	1
3.44365 	0.000414709 	8.28292e-05 	1
3.50591 	0.000323526 	9.47056e-05 	1
3.56816 	0.000253139 	7.15354e-05 	2
3.69267 	0.000125876 	7.42809e-05 	1
3.75492 	0.000254174 	6.04368e-05 	1
3.81718 	0.00026025 	9.51252e-05 	1
3.87943 	0.000311844 	6.92183e-05 	1
4.00394 	0.000153174 	4.60128e-05 	1
4.06619 	0.000125749 	5.65968e-05 	1
4.12845 	0.000110406 	4.49401e-05 	1
4.1907 	0.000201722 	4.4329e-05 	1
4.25295 	0.000195176 	5.22916e-05 	1
4.31521 	0.000252568 	3.53027e-05 	1
4.37746 	0.000218335 	7.38498e-05 	2
4.50197 	0.000158987 	6.69033e-05 	1
4.56422 	0.000220764 	7.28672e-05 	1
4.62648 	0.000253762 	9.52541e-05 	2
4.68873 	0.000306029 	9.1811e-05 	3
4.81324 	0.000224998 	4.5775e-05 	1
4.87549 	0.000243317 	9.31855e-05 	1
4.93775 	0.000170181 	4.50532e-05 	1
5.0 	0.000129718 	7.44587e-05 	1
5.0625 	0.000119334 	7.43399e-05 	1
5.125 	0.000388833 	9.58721e-05 	1
5.25 	0.000269966 	4.15554e-05 	1
5.3125 	0.000133033 	8.77474e-05 	1
5.375 	0.00012735 	5.16232e-05 	1
5.5 	0.00016077 	9.22293e-05 	1
5.5625 	0.000117602 	3.58191e-05 	1
5.625 	0.00026813 	9.27814e-05 	2
5.6875 	0.000363494 	8.08255e-05 	1
5.75 	0.000218772 	7.2253e-05 	1
5.8125 	0.000207943 	4.40307e-05 	1
5.875 	0.00022382 	6.54938e-05 	1
5.9375 	0.000301754 	7.33442e-05 	1
6.0 	0.000135679 	3.43902e-05 	1
6.125 	0.000143842 	3.40199e-05 	1
6.1875 	0.000260555 	4.90773e-05 	1
6.25 	0.00025619 	7.2439e-05 	2
6.4375 	0.000310722 	9.99676e-05 	2
6.6875 	0.000176374 	4.41603e-05 	1
6.75 	0.000274089 	6.7192e-05 	1
6.8125 	0.000210525 	3.77981e-05 	1
6.9375 	0.000209951 	7.03185e-05 	1
7.0 	7.18558e-05 	7.18558e-05 	0
7.125 	0.000231788 	7.25456e-05 	1
7.1875 	0.000291731 	7.14086e-05 	1
7.25 	0.00026434 	7.55004e-05 	2
7.4375 	0.000165416 	6.52864e-05 	2
7.5625 	0.000196822 	7.34923e-05 	1
7.625 	0.000432977 	6.73964e-05 	1
7.6875 	9.51484e-05 	9.51484e-05 	0
7.8125 	0.000199457 	7.83974e-05 	1
7.9375 	0.000146053 	5.61735e-05 	1
8.0 	0.000203155 	4.06979e-05 	1
8.0625 	0.000183635 	7.44479e-05 	1
8.125 	0.000121972 	6.14069e-05 	1
8.25 	0.000193081 	4.82726e-05 	1
8.3125 	0.000164007 	4.28684e-05 	2
8.375 	0.000188615 	4.92652e-05 	1
8.4375 	0.000356629 	7.88025e-05 	2
8.5 	0.000176263 	8.56969e-05 	1
8.5625 	0.000121244 	6.661e-05 	1
8.8125 	0.000119621 	2.47298e-05 	1
8.9375 	0.000226184 	5.2445e-05 	2
9.0 	0.000169922 	5.71427e-05 	1
9.0625 	0.000294227 	8.01376e-05 	1
9.1875 	0.000104832 	4.27983e-05 	1
9.25 	0.000227912 	7.95071e-05 	1
9.3125 	0.000107936 	4.86712e-05 	1
9.375 	0.000287274 	6.85085e-05 	1
9.4375 	0.000196468 	8.76769e-05 	1
9.5625 	0.000322324 	9.17439e-05 	2
9.625 	0.000135861 	4.56292e-05 	1
9.6875 	0.000194555 	5.51559e-05 	1
9.8125 	0.000284045 	4.15915e-05 	1
9.9375 	0.000404006 	7.73384e-05 	1
10.0 	0.000127139 	5.37e-05 	2
10.0625 	9.02574e-05 	9.02574e-05 	0
10.1875 	0.000169104 	5.0139e-05 	1
10.3125 	0.000225833 	4.62839e-05 	1
10.375 	0.000149423 	5.99175e-05 	1
10.625 	0.00016566 	4.08069e-05 	1
10.6875 	0.000257608 	6.9669e-05 	2
10.75 	0.00026563 	4.13084e-05 	1
10.8125 	0.000288458 	5.20404e-05 	1
10.875 	0.000189205 	6.94685e-05 	2
11.0 	0.000277582 	7.39416e-05 	1
11.0625 	0.00032355 	6.58174e-05 	1
11.1875 	0.000152765 	5.73429e-05 	1
11.375 	7.57882e-05 	7.57882e-05 	0
11.4375 	0.00011446 	3.56091e-05 	1
11.5625 	0.000184383 	5.56558e-05 	2
11.625 	0.000125651 	5.25367e-05 	1
11.6875 	0.000254357 	5.58004e-05 	1
11.75 	0.000143177 	5.70857e-05 	1
11.8125 	0.000356378 	6.84272e-05 	2
11.875 	0.000227394 	3.1043e-05 	1
11.9375 	0.000149266 	7.08599e-05 	1
12.0 	0.000209882 	9.16067e-05 	1
12.0625 	0.000149355 	5.33388e-05 	1
12.125 	0.000160985 	8.20934e-05 	1
12.1875 	0.000136176 	7.04105e-05 	1
12.25 	0.00028291 	7.94728e-05 	1
12.3125 	0.000392326 	9.40393e-05 	1
12.375 	0.000127349 	6.05745e-05 	1
12.5625 	0.000145437 	6.4328e-05 	1
12.625 	9.55321e-05 	9.55321e-05 	0
12.6875 	0.000173723 	6.5272e-05 	1
12.75 	0.000211445 	7.64794e-05 	1
12.8125 	0.000265433 	3.01965e-05 	1
12.875 	0.000180453 	3.53818e-05 	1
13.0 	9.12585e-05 	9.12585e-05 	0
13.0625 	0.000244301 	6.76317e-05 	1
13.1875 	0.0004832 	7.26497e-05 	1
13.25 	0.00020613 	9.22622e-05 	1
13.375 	0.000179424 	8.31161e-05 	1
13.4375 	0.000346053 	5.93624e-05 	1
13.5 	0.00023262 	7.87722e-05 	2
13.5625 	0.000416107 	7.90868e-05 	1
13.625 	0.000372577 	9.2954e-05 	1
13.6875 	0.000107314 	6.26463e-05 	1
14.0 	0.000172904 	9.31694e-05 	1
14.0625 	0.000206331 	9.22168e-05 	1
14.125 	0.000194645 	5.88413e-05 	1
14.1875 	0.000153407 	4.72757e-05 	1
14.3125 	0.0001653 	6.58405e-05 	1
14.375 	0.000236816 	8.90273e-05 	2
14.4375 	0.000112525 	5.39786e-05 	1
14.5 	0.000242527 	4.91375e-05 	1
14.625 	0.000231856 	5.94668e-05 	1
14.6875 	0.000272222 	7.65576e-05 	1
14.75 	0.000223239 	7.32456e-05 	1
14.8125 	0.000190637 	5.60369e-05 	1
14.9375 	0.000164681 	3.51523e-05 	1
15.0 	0.000131855 	3.46403e-05 	1
15.1875 	0.00029332 	6.37828e-05 	1
15.25 	0.000113899 	6.93968e-05 	1
15.3125 	0.000306124 	6.7831e-05 	2
15.375 	5.53996e-05 	5.53996e-05 	0
15.4375 	0.000288432 	5.03201e-05 	1
15.5 	0.000230995 	7.08517e-05 	1
15.5625 	0.000392603 	9.5937e-05 	1
15.75 	0.00010796 	6.88373e-05 	1
15.8125 	9.39218e-05 	9.39218e-05 	0
15.875 	0.000162254 	7.66455e-05 	1
15.9375 	0.00010239 	4.18473e-05 	1
16.0 	0.000141889 	6.07439e-05 	1
16.0625 	0.000179337 	9.17949e-05 	1
16.125 	0.000116452 	5.53115e-05 	1
16.1875 	0.000137536 	5.80761e-05 	1
16.25 	0.000139449 	5.27146e-05 	1
16.3125 	0.000190456 	6.91072e-05 	2
16.375 	0.000199808 	7.35048e-05 	2
16.4375 	0.000165552 	8.68137e-05 	1
16.5 	0.00012726 	4.2292e-05 	1
16.625 	0.000162304 	5.32919e-05 	1
16.6875 	0.000225382 	4.98164e-05 	1
16.75 	0.000183295 	9.35899e-05 	1
16.8125 	0.00025434 	7.49323e-05 	1
16.875 	0.000354389 	7.89254e-05 	1
16.9375 	0.000124786 	5.35117e-05 	1
17.25 	0.000140551 	4.50998e-05 	1
17.3125 	0.00010739 	3.93189e-05 	1
17.375 	0.000221198 	4.33133e-05 	2
17.4375 	0.000232694 	8.31942e-05 	1
17.5 	0.00024811 	5.68216e-05 	1
17.5625 	0.000170329 	4.59573e-05 	1
17.625 	0.000158137 	7.96184e-05 	2
17.6875 	0.000120596 	4.62316e-05 	1
17.75 	0.000280781 	5.10343e-05 	2
18.0 	0.00015557 	5.3084e-05 	1
18.0625 	0.000218187 	5.41058e-05 	1
18.125 	0.000149277 	5.40965e-05 	2
18.1875 	0.000116123 	3.75402e-05 	1
18.25 	0.000179968 	6.09106e-05 	2
18.3125 	0.000148386 	5.4006e-05 	1
18.375 	0.000149474 	7.40436e-05 	1
18.4375 	0.00024024 	5.67664e-05 	1
18.5 	0.000221772 	3.05445e-05 	1
18.5625 	0.000276622 	7.30329e-05 	3
18.625 	0.000205281 	3.81041e-05 	1
18.75 	0.000116529 	2.99506e-05 	1
18.8125 	0.000161947 	6.58153e-05 	2
18.875 	0.00042655 	6.63174e-05 	1
18.9375 	0.000136474 	5.73874e-05 	1
19.125 	0.00013942 	3.22518e-05 	1
19.25 	0.000170655 	8.12527e-05 	1
19.375 	0.000222024 	9.45781e-05 	1
19.4375 	0.000218077 	6.84329e-05 	1
19.5 	0.000176032 	5.18238e-05 	1
19.625 	0.000114296 	4.25255e-05 	1
19.6875 	0.000162385 	3.66875e-05 	1
19.75 	0.000180707 	6.01974e-05 	1
19.9375 	0.000178376 	3.576e-05 	1
20.0 	0.000118054 	6.00936e-05 	1
20.0625 	0.000184317 	6.06021e-05 	1
20.125 	0.000557195 	8.1265e-05 	1
20.1875 	0.0002313 	6.80966e-05 	2
20.25 	0.000365378 	8.74248e-05 	1
20.3125 	9.7216e-05 	9.7216e-05 	0
20.375 	0.000249439 	9.13443e-05 	2
20.4375 	0.000206809 	5.52398e-05 	1
20.5 	0.000192826 	2.55926e-05 	1
20.5625 	0.000324754 	9.41428e-05 	3
20.625 	0.00027183 	6.12334e-05 	1
20.6875 	0.000403835 	7.2083e-05 	1
20.75 	0.000175344 	5.80666e-05 	2
20.8125 	0.000115917 	3.77228e-05 	1
21.0 	0.000105921 	3.52294e-05 	1
21.0625 	0.000184078 	7.74173e-05 	1
21.1875 	0.00015997 	5.34645e-05 	1
21.3125 	0.00019933 	4.81184e-05 	2
21.375 	0.000109304 	6.04081e-05 	1
21.4375 	9.03476e-05 	9.03476e-05 	0
21.5625 	0.000154115 	3.86709e-05 	1
21.625 	0.000181954 	5.19537e-05 	1
21.6875 	0.000260599 	5.2909e-05 	1
21.75 	0.000196415 	3.32489e-05 	1
21.8125 	0.000184705 	9.11737e-05 	1
21.875 	0.00015879 	7.47422e-05 	1
21.9375 	0.000133295 	5.32802e-05 	1
22.0 	9.10946e-05 	9.10946e-05 	0
22.125 	0.000261049 	9.38765e-05 	1
22.1875 	0.00014023 	5.20638e-05 	1
22.25 	0.000157778 	5.81923e-05 	1
22.3125 	0.000108059 	4.17501e-05 	1
22.375 	0.000190745 	5.07736e-05 	1
22.75 	0.000113683 	3.26807e-05 	1
22.8125 	0.000240609 	9.37684e-05 	1
22.9375 	0.000267422 	8.69642e-05 	1
23.0 	0.00031212 	9.23096e-05 	1
23.0625 	0.000158149 	3.44606e-05 	1
23.125 	0.000108991 	2.63688e-05 	1
23.1875 	0.000118935 	4.75148e-05 	1
23.3125 	0.000245004 	3.88281e-05 	1
23.375 	0.000236905 	6.51425e-05 	1
23.4375 	0.000295405 	7.78799e-05 	1
23.6875 	0.000116589 	5.04226e-05 	1
23.75 	0.000266523 	6.56669e-05 	1
23.8125 	0.000248123 	7.73991e-05 	1
23.875 	0.000127564 	3.99217e-05 	1
23.9375 	0.000272001 	7.50523e-05 	3
24.0 	0.000136544 	8.12007e-05 	1
24.0625 	0.000182799 	2.62396e-05 	1
24.125 	0.000113656 	4.91573e-05 	1
24.3125 	0.000123988 	5.44417e-05 	1
24.375 	0.00026769 	7.84344e-05 	2
24.4375 	0.000214457 	4.6998e-05 	1
24.5625 	0.000158646 	5.60705e-05 	2
24.625 	0.000248177 	6.8978e-05 	4
24.6875 	0.000380519 	8.75616e-05 	1
24.75 	0.00021763 	7.23986e-05 	2
24.8125 	0.000235142 	6.93645e-05 	1
25.0 	0.000200764 	3.53068e-05 	1
25.0625 	0.000266492 	5.34835e-05 	1
25.125 	0.000333836 	7.22444e-05 	1
25.25 	0.000124532 	2.03452e-05 	1
25.3125 	0.000110044 	5.08571e-05 	1
25.5 	0.000142554 	2.96477e-05 	1
25.625 	0.000334809 	6.98237e-05 	1
25.6875 	0.000282712 	7.1751e-05 	1
25.75 	0.000350542 	9.89057e-05 	2
25.8125 	0.0001693 	5.10166e-05 	1
25.875 	0.000210551 	5.15187e-05 	2
25.9375 	0.000226278 	5.39202e-05 	1
26.0 	0.000143266 	7.96888e-05 	1
26.0625 	0.000168129 	7.46878e-05 	2
26.125 	0.000123618 	5.80563e-05 	1
26.25 	0.000254606 	8.50584e-05 	2
26.3125 	0.000338507 	2.39912e-05 	1
26.375 	0.000136451 	3.12519e-05 	1
26.4375 	0.000316493 	7.59709e-05 	1
26.5 	0.000139228 	3.22511e-05 	1
26.5625 	0.00011752 	4.70482e-05 	1
26.625 	0.000123084 	5.22055e-05 	1
26.6875 	0.000263042 	6.76174e-05 	2
26.875 	0.000138393 	5.59036e-05 	1
26.9375 	0.000126965 	6.68061e-05 	1
27.0 	0.00010051 	3.76132e-05 	1
27.25 	0.000272484 	6.07544e-05 	1
27.3125 	0.0002038 	5.26952e-05 	1
27.375 	0.000249115 	8.33486e-05 	2
27.5 	0.000164971 	2.97761e-05 	1
27.5625 	0.000213755 	6.51417e-05 	2
27.625 	0.000156728 	5.36592e-05 	1
27.6875 	0.000327439 	8.90521e-05 	1
27.75 	0.000388842 	7.94156e-05 	1
27.8125 	0.000148588 	5.38494e-05 	2
27.875 	0.000118548 	4.54001e-05 	1
28.0 	0.000224413 	7.05634e-05 	1
28.0625 	0.000151504 	7.38575e-05 	1
28.125 	0.000151096 	5.4939e-05 	2
28.3125 	0.000252431 	7.35388e-05 	2
28.375 	0.000125342 	3.67082e-05 	1
28.4375 	0.000410943 	8.78823e-05 	1
28.5 	0.000199179 	6.59882e-05 	1
28.625 	0.000182264 	3.76923e-05 	1
28.6875 	0.000147867 	2.57729e-05 	1
28.8125 	0.000220113 	6.25459e-05 	1
28.875 	0.000154136 	2.71703e-05 	1
28.9375 	0.000382202 	6.92298e-05 	1
29.0 	0.000125973 	3.4345e-05 	1
29.0625 	0.000137546 	6.48648e-05 	1
29.125 	0.000244489 	9.60332e-05 	2
29.1875 	0.000246454 	6.65544e-05 	1
29.25 	0.000167321 	3.75385e-05 	1
29.375 	0.000242529 	8.93193e-05 	1
29.4375 	8.22253e-05 	8.22253e-05 	0
29.5 	0.000365518 	7.12508e-05 	1
29.5625 	0.000234078 	7.14376e-05 	1
29.625 	0.000171375 	9.06037e-05 	1
29.6875 	0.000188981 	5.9782e-05 	1
29.75 	0.000397789 	7.70338e-05 	1
29.875 	0.000381893 	6.59011e-05 	1
29.9375 	0.000181062 	7.59845e-05 	1
30.0 	0.000138494 	4.17201e-05 	1
30.125 	0.000266194 	5.70553e-05 	1
30.1875 	0.000159668 	5.14774e-05 	1
30.25 	0.000197179 	8.54887e-05 	1
30.3125 	0.0002098 	8.3895e-05 	1
30.375 	0.000207679 	6.93361e-05 	1
30.4375 	0.000138043 	5.22058e-05 	2
30.5 	0.000104624 	3.94583e-05 	1
30.5625 	0.000316343 	8.32022e-05 	2
30.6875 	7.04958e-05 	7.04958e-05 	0
30.8125 	0.000144791 	8.58256e-05 	1
30.9375 	0.000180872 	6.56862e-05 	1
31.125 	0.000298133 	7.76469e-05 	3
31.1875 	0.00016039 	8.64864e-05 	1
31.25 	0.000253572 	7.19685e-05 	2
31.375 	0.000112781 	4.51669e-05 	1
31.5 	0.00016117 	3.33178e-05 	1
31.625 	0.000193614 	5.67164e-05 	1
31.6875 	0.000150132 	9.24842e-05 	1
31.75 	0.000305158 	8.59762e-05 	1
31.8125 	0.000189226 	3.33392e-05 	1
31.875 	0.000226471 	3.36044e-05 	1
32.0 	0.000260708 	5.449e-05 	1
32.125 	0.000291828 	6.34853e-05 	2
32.1875 	0.000190864 	8.73296e-05 	1
32.25 	0.000285284 	8.84434e-05 	1
32.3125 	8.95786e-05 	8.95786e-05 	0
32.4375 	0.000209684 	3.68821e-05 	1
32.5 	0.000357105 	6.37889e-05 	1
32.625 	0.000317002 	8.72484e-05 	3
32.6875 	0.00017938 	6.94961e-05 	1
32.75 	0.000158635 	8.61441e-05 	1
32.8125 	0.000382235 	9.64516e-05 	1
32.875 	0.00027865 	7.10133e-05 	1
32.9375 	0.000159427 	8.94137e-05 	1
33.0 	0.000226237 	4.14532e-05 	1
33.0625 	0.0002546 	6.67807e-05 	2
33.125 	0.000194925 	5.70711e-05 	1
33.1875 	0.000178282 	9.59345e-05 	1
33.25 	0.000211506 	2.87786e-05 	1
33.3125 	0.000193387 	8.33449e-05 	1
33.375 	0.000233873 	6.68744e-05 	1
33.4375 	0.000109424 	1.86514e-05 	1
33.625 	0.000271078 	4.62263e-05 	1
33.6875 	0.000313029 	9.10409e-05 	3
33.75 	0.00013155 	6.01017e-05 	1
33.875 	0.000236014 	8.72377e-05 	2
33.9375 	0.00019699 	7.11306e-05 	1
34.0625 	0.000190487 	6.01965e-05 	1
34.125 	0.000282386 	8.68343e-05 	1
34.1875 	0.000223928 	5.74678e-05 	1
34.25 	0.000152849 	6.26566e-05 	1
34.3125 	0.000345787 	9.20372e-05 	1
34.375 	0.000168061 	7.67421e-05 	1
34.4375 	0.000296776 	8.87932e-05 	1
34.5 	0.000248777 	7.13176e-05 	2
34.5625 	0.000402889 	7.04618e-05 	1
34.625 	0.000301434 	6.88096e-05 	2
34.6875 	0.00018353 	4.66512e-05 	2
34.75 	0.000165196 	4.0681e-05 	1
34.875 	0.000259241 	6.35173e-05 	1
34.9375 	0.000247217 	5.45331e-05 	1
35.0625 	0.000299532 	8.19032e-05 	1
35.125 	0.000294719 	7.33255e-05 	1
35.25 	0.000244724 	3.85951e-05 	2
35.3125 	9.51459e-05 	9.51459e-05 	0
35.375 	0.000158121 	8.97268e-05 	1
35.5625 	0.000184131 	5.41655e-05 	2
35.625 	0.000144964 	4.87537e-05 	1
35.6875 	0.000144194 	5.92449e-05 	1
35.75 	9.34638e-05 	9.34638e-05 	0
35.8125 	0.000160397 	4.92568e-05 	1
35.875 	0.000231549 	8.12351e-05 	1
35.9375 	0.000353762 	9.31829e-05 	4
36.0 	0.000139076 	5.72186e-05 	1
36.125 	0.000158538 	6.65801e-05 	2
36.25 	0.000112946 	4.02189e-05 	1
36.4375 	0.000123104 	3.89657e-05 	1
36.5 	0.000248739 	9.5602e-05 	1
36.5625 	0.000152554 	4.77685e-05 	1
36.625 	0.000111021 	4.41943e-05 	1
36.6875 	0.000164829 	7.40957e-05 	1
36.8125 	0.000225191 	6.08335e-05 	1
36.875 	0.000199063 	8.15233e-05 	1
37.0625 	0.00018035 	7.6863e-05 	1
37.125 	0.000183294 	3.00658e-05 	1
37.1875 	0.000138785 	3.36619e-05 	1
37.25 	0.000191904 	6.92204e-05 	1
37.3125 	0.000148585 	5.84786e-05 	1
37.375 	0.000170916 	6.40748e-05 	1
37.4375 	0.000155058 	7.73557e-05 	1
37.5 	0.0002192 	7.7881e-05 	1
37.5625 	0.00016525 	6.06019e-05 	1
37.625 	0.000297085 	6.28561e-05 	1
37.75 	9.04599e-05 	9.04599e-05 	0
37.8125 	0.000167228 	7.3394e-05 	2
37.9375 	0.000270815 	6.40528e-05 	1
38.0 	0.000216912 	6.23588e-05 	1
38.0625 	0.000272703 	8.63011e-05 	2
38.125 	0.000225654 	6.03482e-05 	1
38.1875 	0.00018775 	9.70115e-05 	1
38.25 	0.000163474 	6.77795e-05 	1
38.3125 	0.000199036 	3.21258e-05 	1
38.375 	0.000325455 	6.61558e-05 	1
38.4375 	0.000250126 	4.9364e-05 	1
38.5625 	0.000139903 	5.1461e-05 	1
38.6875 	0.00023693 	5.51555e-05 	2
38.8125 	0.000123808 	6.24631e-05 	1
38.875 	0.000354086 	8.71923e-05 	1
38.9375 	0.000140113 	9.45172e-05 	1
39.0 	0.000232209 	3.74321e-05 	1
39.0625 	0.000113451 	2.77049e-05 	1
39.125 	0.000213699 	7.93753e-05 	1
39.1875 	0.000169231 	7.31762e-05 	1
39.25 	0.000216627 	6.91335e-05 	1
39.3125 	0.000252889 	4.94773e-05 	1
39.5 	0.000296727 	8.53643e-05 	1
39.5625 	0.000118172 	5.40534e-05 	1
39.625 	0.000143181 	3.59066e-05 	1
39.6875 	0.000158078 	5.18363e-05 	1
39.75 	0.000323624 	4.64514e-05 	1
39.8125 	0.000227922 	6.55863e-05 	1
39.875 	0.000165587 	7.21037e-05 	1
39.9375 	0.000187256 	3.5322e-05 	1
40.0 	0.000103476 	2.80531e-05 	1
40.125 	0.000217963 	8.94281e-05 	1
40.25 	0.000301963 	7.00891e-05 	1
40.3125 	0.00025539 	8.37937e-05 	1
40.4375 	0.000239889 	6.56688e-05 	1
40.5 	0.000387818 	9.39951e-05 	1
40.5625 	0.000136951 	4.887e-05 	1
40.625 	0.000201205 	6.31465e-05 	1
40.8125 	9.94843e-05 	9.94843e-05 	0
40.9375 	0.000121145 	6.01967e-05 	1
41.125 	0.000270229 	7.13297e-05 	1
41.1875 	0.000230239 	5.90873e-05 	1
41.25 	0.000144182 	9.65624e-05 	1
41.3125 	0.000108169 	3.07162e-05 	1
41.4375 	0.000303829 	9.22024e-05 	1
41.5 	0.000260084 	4.22271e-05 	1
41.5625 	0.000445981 	8.10683e-05 	1
41.625 	6.98138e-05 	6.98138e-05 	0
41.6875 	0.000293752 	4.58922e-05 	1
41.8125 	0.000168389 	3.22795e-05 	1
41.875 	0.00025977 	7.57955e-05 	1
41.9375 	0.000185603 	7.63428e-05 	1
42.0 	0.000354902 	7.38466e-05 	1
42.125 	0.000265063 	5.43474e-05 	1
42.25 	0.000138777 	3.16122e-05 	1
42.5 	0.000271658 	5.71774e-05 	1
42.6875 	0.000233658 	2.82016e-05 	1
42.8125 	6.62588e-05 	6.62588e-05 	0
42.875 	0.000142732 	5.13896e-05 	1
42.9375 	0.000113302 	4.48227e-05 	1
43.0 	0.000251511 	6.49978e-05 	1
43.0625 	0.00020395 	4.025e-05 	1
43.125 	0.000160441 	6.19875e-05 	1
43.1875 	0.000308905 	7.19804e-05 	1
43.3125 	0.00033678 	8.48924e-05 	1
43.375 	0.000329646 	7.0819e-05 	1
43.6875 	0.000118331 	5.77685e-05 	1
43.75 	0.000355886 	6.24571e-05 	1
43.8125 	0.000256325 	4.7818e-05 	1
43.9375 	0.000167672 	4.08263e-05 	1
44.0 	0.000204702 	2.33014e-05 	1
44.0625 	0.000138486 	4.22571e-05 	1
44.125 	0.000142056 	5.32214e-05 	1
44.1875 	0.000108312 	5.3849e-05 	1
44.25 	0.000175682 	5.77134e-05 	2
44.3125 	0.000213493 	7.21002e-05 	1
44.375 	0.000201807 	7.7238e-05 	1
44.4375 	0.000243849 	7.1994e-05 	2
44.5625 	0.000200963 	5.80979e-05 	1
44.625 	0.000198828 	5.78668e-05 	1
44.6875 	0.000163255 	2.45108e-05 	1
44.75 	0.000301755 	9.56011e-05 	1
44.8125 	0.000158261 	5.36003e-05 	1
44.875 	0.000132414 	2.94868e-05 	1
44.9375 	0.0003532 	5.43128e-05 	1
45.0 	0.000233155 	6.58091e-05 	2
45.0625 	0.000196064 	4.27369e-05 	1
45.1875 	0.000137546 	7.54796e-05 	1
45.3125 	9.27675e-05 	9.27675e-05 	0
45.375 	0.000139696 	4.67677e-05 	2
45.5 	0.000194139 	7.13783e-05 	1
45.5625 	0.000186927 	4.67339e-05 	1
45.625 	0.000179529 	4.33306e-05 	1
45.6875 	0.000111894 	4.16399e-05 	1
45.75 	0.000205613 	7.95514e-05 	1
45.875 	7.48811e-05 	7.48811e-05 	0
45.9375 	0.000170339 	5.31159e-05 	1
46.0 	0.000142397 	5.42962e-05 	1
46.0625 	0.000177326 	4.97643e-05 	1
46.125 	0.00024026 	7.66068e-05 	1
46.3125 	0.000207598 	5.58754e-05 	1
46.375 	0.000238636 	6.87255e-05 	1
46.5625 	0.00019889 	7.5111e-05 	1
46.625 	0.000210333 	6.62152e-05 	2
46.6875 	0.00013384 	8.34736e-05 	1
46.75 	0.000390459 	9.03678e-05 	1
46.8125 	0.000168125 	7.13583e-05 	1
46.875 	0.000155008 	3.9095e-05 	1
47.0 	0.000181314 	7.37724e-05 	1
47.0625 	0.000118919 	2.9022e-05 	1
47.125 	0.000222865 	6.78879e-05 	1
47.1875 	0.000178462 	5.86453e-05 	2
47.25 	9.806e-05 	9.806e-05 	0
47.3125 	0.000262459 	4.91248e-05 	1
47.375 	0.000208593 	5.29092e-05 	1
47.5 	9.48134e-05 	9.48134e-05 	0
47.5625 	0.000150083 	3.51991e-05 	1
47.625 	0.000165059 	7.49978e-05 	1
47.6875 	0.000120889 	4.90446e-05 	1
47.8125 	0.000164622 	5.46599e-05 	1
47.875 	0.000127966 	2.80456e-05 	1
48.0 	0.00018125 	5.78556e-05 	1
48.0625 	0.000236301 	5.98814e-05 	1
48.1875 	0.000172927 	4.46532e-05 	1
48.25 	0.000146087 	4.58952e-05 	2
48.3125 	0.000208006 	3.55683e-05 	1
48.4375 	0.000247535 	6.11224e-05 	2
48.5 	0.000344405 	6.81178e-05 	4
48.5625 	0.000241088 	2.76272e-05 	1
48.75 	0.000357991 	7.55638e-05 	1
48.8125 	0.000117084 	8.27345e-05 	1
48.9375 	0.000129164 	7.27507e-05 	1
49.0 	0.000142038 	3.47413e-05 	1
49.125 	0.000224109 	5.79607e-05 	1
49.1875 	0.000444832 	8.44676e-05 	1
49.25 	0.000336033 	8.88216e-05 	3
49.3125 	0.000112729 	4.73207e-05 	1
49.375 	0.000206688 	6.53083e-05 	1
49.4375 	0.000164665 	5.60163e-05 	1
49.5 	0.000157683 	5.97604e-05 	1
49.5625 	0.000140607 	7.78327e-05 	2
49.625 	0.000146243 	9.18909e-05 	1
49.6875 	0.000149096 	6.04651e-05 	1
49.75 	0.000116811 	4.18975e-05 	1
50.0625 	0.000148442 	5.16544e-05 	1
50.125 	0.000170711 	8.97563e-05 	1
50.25 	0.000319332 	9.59418e-05 	2
50.3125 	0.00017409 	5.68154e-05 	1
50.375 	8.55797e-05 	8.55797e-05 	0
50.4375 	0.000179252 	3.3956e-05 	1
50.5 	0.000112707 	3.53695e-05 	1
50.5625 	0.000188296 	6.10923e-05 	1
50.625 	0.000416541 	6.96848e-05 	1
50.75 	0.000181016 	3.32726e-05 	1
50.8125 	0.000129747 	3.3975e-05 	1
50.875 	0.00013795 	6.59442e-05 	1
50.9375 	0.000249602 	8.51558e-05 	1
51.0 	0.000105086 	5.14654e-05 	1
51.0625 	0.000190547 	5.58403e-05 	1
51.125 	0.000237636 	6.41415e-05 	1
51.1875 	0.000110065 	3.45979e-05 	1
51.25 	0.000165053 	9.28896e-05 	1
51.3125 	0.000318187 	8.58818e-05 	3
51.375 	0.000167745 	7.6348e-05 	1
51.4375 	0.00015215 	7.52295e-05 	1
51.5 	0.000152126 	5.06081e-05 	1
51.5625 	0.000222142 	6.39456e-05 	1
51.625 	0.000274674 	7.25011e-05 	2
51.6875 	0.000319734 	8.15215e-05 	2
51.8125 	0.000100187 	3.00541e-05 	1
51.875 	0.000116712 	4.05155e-05 	1
52.0 	0.000164082 	2.85416e-05 	2
52.0625 	9.18734e-05 	9.18734e-05 	0
52.1875 	0.000114629 	4.25226e-05 	1
52.3125 	0.000316018 	6.0239e-05 	4
52.375 	0.000169452 	4.63515e-05 	1
52.4375 	0.000222764 	3.58828e-05 	1
52.5 	0.000218956 	6.78059e-05 	1
52.625 	0.000337122 	8.88096e-05 	1
52.6875 	0.000255314 	4.95945e-05 	1
52.75 	0.000268164 	6.4556e-05 	1
52.8125 	0.000405812 	6.54617e-05 	1
52.875 	0.000164318 	4.35153e-05 	1
52.9375 	0.000216847 	6.36e-05 	1
53.0 	0.0001029 	2.51833e-05 	1
53.125 	0.000273319 	5.77533e-05 	1
53.1875 	0.000207218 	7.12593e-05 	1
53.25 	0.000300162 	5.24628e-05 	1
53.3125 	0.00032205 	8.03812e-05 	3
53.375 	0.000258898 	6.13286e-05 	1
53.5 	0.00015569 	4.68299e-05 	1
53.5625 	8.78468e-05 	8.78468e-05 	0
53.625 	0.000132025 	6.93055e-05 	1
53.6875 	0.000282738 	5.4042e-05 	1
53.75 	0.000117329 	4.49793e-05 	1
53.8125 	0.000206773 	7.4305e-05 	1
53.875 	0.000183924 	3.22076e-05 	1
54.0 	0.000209486 	4.17317e-05 	1
54.0625 	0.000388308 	8.38987e-05 	1
54.1875 	0.00014484 	5.24614e-05 	1
54.25 	0.000143149 	5.51988e-05 	1
54.3125 	0.000107607 	6.37761e-05 	1
54.375 	0.000290598 	5.69884e-05 	1
54.4375 	0.000227962 	6.61979e-05 	1
54.6875 	0.000201307 	7.46435e-05 	1
54.8125 	0.000122423 	6.10374e-05 	1
54.875 	0.000309845 	6.11814e-05 	2
54.9375 	0.000222966 	8.82811e-05 	1
55.0 	0.00011068 	4.10781e-05 	1
55.0625 	0.0001545 	5.3315e-05 	1
55.125 	0.000243274 	8.92161e-05 	1
55.1875 	0.000119803 	2.6559e-05 	1
55.3125 	0.000402466 	6.03195e-05 	1
55.4375 	0.000127887 	2.85237e-05 	1
55.5 	0.000278733 	4.24715e-05 	1
55.625 	0.000199146 	4.1294e-05 	1
55.6875 	0.000131471 	4.21083e-05 	1
55.75 	0.000116996 	3.36582e-05 	1
55.8125 	7.63572e-05 	7.63572e-05 	0
55.875 	0.000153755 	7.80265e-05 	1
55.9375 	0.000213804 	6.96876e-05 	2
56.0 	0.00023553 	6.10762e-05 	1
56.0625 	0.000140168 	5.39262e-05 	1
56.1875 	0.000138413 	5.63494e-05 	1
56.3125 	0.000428053 	6.17569e-05 	1
56.375 	0.000244597 	8.10208e-05 	1
56.4375 	0.000155183 	4.31987e-05 	1
56.5625 	0.000205872 	6.24223e-05 	1
56.6875 	0.000128999 	6.3918e-05 	1
56.75 	0.000132055 	6.32132e-05 	1
56.8125 	0.000372759 	6.7103e-05 	1
56.9375 	0.000126151 	6.07949e-05 	1
57.0 	0.0002955 	8.24223e-05 	2
57.0625 	0.000103728 	3.85937e-05 	1
57.1875 	0.00014556 	5.06501e-05 	1
57.25 	0.000191989 	4.50353e-05 	1
57.3125 	0.000137005 	6.80559e-05 	1
57.375 	0.000473759 	8.42301e-05 	1
57.4375 	0.000127678 	5.50032e-05 	1
57.5 	0.000264441 	9.6764e-05 	1
57.5625 	0.000412766 	7.31133e-05 	1
57.625 	0.000171179 	4.37847e-05 	1
57.6875 	0.000398002 	9.28222e-05 	1
57.75 	0.000248671 	8.18765e-05 	1
57.8125 	0.000209577 	7.66213e-05 	2
58.0 	0.000172141 	4.40217e-05 	1
58.0625 	0.000360788 	6.02028e-05 	1
58.125 	0.000119408 	5.66303e-05 	1
58.1875 	0.000201622 	4.25525e-05 	1
58.25 	0.000221777 	7.11872e-05 	1
58.3125 	0.000205117 	5.91151e-05 	1
58.4375 	0.000153562 	5.39288e-05 	1
58.5625 	0.000348097 	7.80384e-05 	1
58.625 	0.000173097 	5.50031e-05 	1
58.6875 	0.000233148 	4.14875e-05 	1
58.8125 	0.000171788 	6.05292e-05 	1
58.875 	0.00012408 	4.37125e-05 	1
58.9375 	0.000310183 	8.30827e-05 	2
59.0 	0.000109366 	2.84138e-05 	1
59.125 	0.000162468 	5.06467e-05 	2
59.25 	0.000204572 	3.51438e-05 	1
59.3125 	0.000281063 	7.66529e-05 	1
59.375 	0.000101689 	2.53335e-05 	1
59.4375 	0.000147748 	9.78654e-05 	1
59.5 	0.000126879 	3.76487e-05 	1
59.5625 	5.98633e-05 	5.98633e-05 	0
59.6875 	0.000183571 	5.19483e-05 	1
59.8125 	0.000338413 	6.01289e-05 	1
59.875 	0.000260048 	8.95137e-05 	1
59.9375 	0.000283447 	7.373e-05 	1
60.0625 	0.000217512 	5.25758e-05 	1
60.125 	0.000130709 	8.2562e-05 	1
60.375 	0.000106592 	4.72988e-05 	1
60.4375 	0.00022478 	5.91337e-05 	2
60.5625 	0.000171545 	7.28344e-05 	1
60.625 	0.000111936 	3.38694e-05 	1
60.75 	0.000226621 	5.31571e-05 	2
60.8125 	0.000227381 	5.58556e-05 	1
60.875 	0.00016564 	5.97786e-05 	1
61.0 	0.000162397 	5.73834e-05 	1
61.125 	0.000153737 	7.18992e-05 	1
61.1875 	0.000157919 	7.03082e-05 	1
61.25 	0.000383962 	9.38861e-05 	1
61.3125 	0.000271989 	9.87305e-05 	1
61.375 	0.000164775 	9.09944e-05 	1
61.4375 	0.000184356 	6.32785e-05 	1
61.5 	0.000365416 	7.60618e-05 	1
61.625 	0.000169633 	4.77793e-05 	1
61.6875 	0.00014713 	5.55888e-05 	1
61.8125 	0.000109536 	2.59115e-05 	1
61.875 	0.000300998 	8.09831e-05 	1
61.9375 	0.000230703 	6.52516e-05 	1
62.0 	0.000230959 	7.68439e-05 	1
62.125 	0.000319539 	6.99334e-05 	1
62.1875 	0.000285081 	7.73101e-05 	1
62.25 	0.000274165 	9.87306e-05 	1
62.375 	0.000270141 	5.35066e-05 	1
62.5 	0.000179682 	2.96767e-05 	1
62.5625 	0.000110427 	5.7968e-05 	1
62.6875 	0.000192814 	8.1276e-05 	1
62.75 	0.00012957 	4.20776e-05 	1
62.875 	0.000316784 	5.4439e-05 	1
62.9375 	0.000131098 	7.61926e-05 	1
63.0 	0.000284674 	2.90619e-05 	1
63.125 	0.000230492 	5.53443e-05 	1
63.25 	0.000266133 	7.68074e-05 	1
63.4375 	0.00015253 	6.27612e-05 	1
63.5625 	0.000123322 	4.56865e-05 	1
63.625 	7.54632e-05 	7.54632e-05 	0
63.8125 	0.000287769 	7.69855e-05 	1
63.9375 	0.000223746 	3.01824e-05 	1
64.0 	0.000221161 	7.85628e-05 	1
64.0625 	0.000155689 	2.15548e-05 	1
64.25 	0.000116406 	9.42935e-05 	1
64.3125 	5.37383e-05 	5.37383e-05 	0
64.4375 	0.000203982 	5.10618e-05 	1
64.5625 	0.000104162 	3.70661e-05 	1
64.6875 	0.000146935 	5.30725e-05 	1
64.75 	0.000221756 	6.05227e-05 	1
64.8125 	0.000108409 	5.07667e-05 	1
64.875 	0.00016661 	8.92128e-05 	1
64.9375 	0.00016376 	5.12652e-05 	2
65.0 	8.18251e-05 	8.18251e-05 	0
65.0625 	0.000164188 	8.59901e-05 	1
65.125 	0.000162408 	8.56496e-05 	1
65.25 	0.000232301 	4.63088e-05 	1
65.5 	0.000343672 	7.72488e-05 	2
65.625 	0.00010444 	5.12443e-05 	1
65.75 	0.000275179 	7.46219e-05 	1
65.8125 	0.000105843 	5.16482e-05 	1
65.9375 	0.00019941 	5.98186e-05 	1
66.0 	0.000125042 	3.62477e-05 	1
66.0625 	0.000185318 	4.21884e-05 	1
66.1875 	0.000214205 	4.86982e-05 	1
66.25 	0.000244458 	4.16492e-05 	1
66.3125 	0.000216012 	7.01397e-05 	1
66.375 	0.000274369 	6.3879e-05 	1
66.4375 	0.00021017 	7.56058e-05 	1
66.5 	0.000320137 	9.24244e-05 	2
66.75 	0.000103795 	4.51016e-05 	1
66.8125 	0.000230559 	6.63871e-05 	1
66.875 	0.000179538 	6.36544e-05 	1
66.9375 	0.000201292 	5.62185e-05 	1
67.0 	0.000166365 	5.11776e-05 	1
67.125 	0.000306935 	8.12816e-05 	3
67.1875 	0.000202401 	6.64696e-05 	1
67.25 	0.000120973 	5.21547e-05 	1
67.3125 	0.000212239 	5.09253e-05 	1
67.375 	0.000201096 	5.72623e-05 	1
67.4375 	0.000104515 	6.07992e-05 	1
67.5 	0.000286673 	7.87674e-05 	1
67.8125 	0.000284209 	6.10102e-05 	2
67.875 	0.000178214 	8.98036e-05 	1
67.9375 	0.000403097 	6.2382e-05 	2
68.0 	0.000124293 	7.12755e-05 	1
68.0625 	9.87648e-05 	9.87648e-05 	0
68.125 	0.000165203 	4.57274e-05 	1
68.1875 	0.000118331 	4.14985e-05 	1
68.25 	0.000331046 	6.72406e-05 	1
68.3125 	0.000174711 	8.45813e-05 	1
68.375 	0.000118883 	4.29203e-05 	1
68.4375 	0.000130685 	6.5032e-05 	1
68.5625 	0.000239004 	8.07229e-05 	1
68.625 	0.000114133 	3.24428e-05 	1
68.6875 	0.000159879 	3.88517e-05 	1
68.75 	0.000204514 	4.55947e-05 	2
68.8125 	0.00023454 	8.23263e-05 	1
68.9375 	0.000167137 	7.72003e-05 	1
69.0625 	0.000279844 	7.27481e-05 	1
69.125 	0.000156124 	8.43262e-05 	1
69.1875 	0.000164135 	3.42611e-05 	1
69.25 	0.000161336 	6.10568e-05 	2
69.3125 	0.000214724 	8.76259e-05 	1
69.4375 	0.000127978 	6.47893e-05 	1
69.5 	0.000171125 	4.08252e-05 	1
69.625 	0.000260381 	9.96084e-05 	1
69.75 	0.000227439 	5.98892e-05 	2
69.8125 	0.000146808 	7.38461e-05 	1
69.875 	0.000167762 	5.93797e-05 	2
69.9375 	0.000524169 	7.19685e-05 	1
