# time 	Initial 	Final 	Iterations
0.333274 	0.000313431 	1.96222e-05 	1
0.579973 	0.000140091 	1.30632e-05 	1
0.642226 	0.000133252 	1.28806e-05 	1
0.70448 	0.000313061 	2.99591e-05 	1
0.766734 	0.0002784 	2.59191e-05 	1
0.828988 	0.000187109 	6.69825e-06 	2
1.01575 	0.000212873 	1.71723e-05 	1
1.078 	0.000160434 	1.5991e-05 	1
1.20251 	9.13261e-05 	9.52474e-06 	1
1.26477 	0.000212894 	6.65826e-06 	2
1.38927 	0.000342613 	2.78482e-05 	1
1.45153 	0.000370479 	2.87505e-05 	1
1.51378 	0.000389184 	2.87389e-05 	1
1.57604 	0.000107007 	9.56273e-06 	1
1.7628 	0.000287446 	2.27413e-05 	1
1.8873 	0.000269791 	2.226e-05 	1
1.94956 	0.000112176 	1.03652e-05 	1
2.07407 	0.000261026 	2.14346e-05 	1
2.19857 	0.000199398 	1.77579e-05 	1
2.26083 	0.000171988 	1.5088e-05 	1
2.32308 	0.000268441 	2.006e-05 	1
2.38534 	0.000263141 	2.19411e-05 	1
2.44759 	0.000126256 	1.19333e-05 	1
2.63435 	0.00044029 	3.22791e-05 	1
2.69661 	0.000356186 	2.7365e-05 	1
2.88337 	0.000334025 	2.52212e-05 	1
2.94562 	0.000289825 	2.15807e-05 	1
3.07013 	0.000353125 	2.65854e-05 	1
3.13238 	0.000208535 	1.67053e-05 	1
3.19464 	0.000251839 	2.13413e-05 	1
3.25689 	0.000548608 	3.94014e-05 	1
3.31914 	0.000287537 	2.20234e-05 	1
3.3814 	0.00038789 	3.15593e-05 	1
3.44365 	0.000471013 	3.58634e-05 	1
3.50591 	0.000313869 	2.29405e-05 	1
3.56816 	0.000316176 	2.51722e-05 	1
3.69267 	0.000415749 	3.02801e-05 	1
3.75492 	0.000203966 	1.73958e-05 	1
3.81718 	0.000274892 	2.22214e-05 	1
3.87943 	0.000357059 	2.75311e-05 	1
4.00394 	0.000258833 	2.08132e-05 	1
4.06619 	0.000196867 	1.48102e-05 	1
4.12845 	0.000309848 	2.28687e-05 	1
4.1907 	0.00026804 	2.20769e-05 	1
4.25295 	0.00050671 	3.72224e-05 	1
4.31521 	0.00023863 	2.00361e-05 	1
4.37746 	0.000160293 	1.54826e-05 	1
4.50197 	0.000134142 	1.19475e-05 	1
4.56422 	0.000297631 	2.22877e-05 	1
4.62648 	0.000300706 	2.57748e-05 	1
4.68873 	0.000256771 	2.17706e-05 	1
4.75098 	0.000194966 	1.57626e-05 	1
4.81324 	0.000216049 	1.82978e-05 	1
4.87549 	0.000267442 	2.17377e-05 	1
4.93775 	0.000358758 	2.69733e-05 	1
5.0 	0.000486688 	3.54051e-05 	1
5.0625 	0.000336384 	2.73384e-05 	1
5.125 	0.000272796 	2.1204e-05 	1
5.25 	0.000301911 	2.82953e-05 	1
5.3125 	0.000224076 	2.17979e-05 	1
5.375 	0.000113649 	1.02684e-05 	1
5.5 	0.000176527 	1.51853e-05 	1
5.5625 	0.00027335 	1.98136e-05 	1
5.625 	0.000209198 	1.79371e-05 	1
5.6875 	0.000444259 	3.7838e-05 	1
5.75 	0.000186682 	5.06238e-06 	2
5.8125 	0.000135 	3.45469e-06 	2
5.875 	0.00034553 	2.98865e-05 	1
5.9375 	0.000229129 	1.75263e-05 	1
6.0 	0.000340583 	2.92921e-05 	1
6.125 	0.000150977 	7.14717e-06 	2
6.1875 	0.000317819 	2.55237e-05 	1
6.25 	0.000502552 	3.87764e-05 	1
6.3125 	0.000191748 	6.29609e-06 	2
6.4375 	0.000136474 	1.23289e-05 	1
6.6875 	0.000285325 	2.27521e-05 	1
6.75 	0.000442632 	3.51305e-05 	1
6.8125 	0.000206249 	1.6048e-05 	1
6.9375 	0.000118043 	1.00344e-05 	1
7.0 	0.000252042 	2.05364e-05 	1
7.0625 	0.000354537 	3.04845e-05 	1
7.125 	0.000221319 	1.89424e-05 	1
7.1875 	0.000316235 	2.61216e-05 	1
7.25 	0.000222628 	8.80683e-06 	2
7.4375 	0.000191765 	1.88124e-05 	1
7.5625 	0.000145344 	1.45204e-05 	1
7.625 	0.000337085 	2.47161e-05 	1
7.6875 	0.00022868 	2.1398e-05 	1
7.8125 	0.000321883 	2.38682e-05 	1
7.9375 	0.000281475 	2.5174e-05 	1
8.0 	0.000451837 	3.35277e-05 	1
8.0625 	0.00028751 	2.32064e-05 	1
8.125 	0.000263136 	2.07418e-05 	1
8.25 	0.000303631 	2.20552e-05 	1
8.3125 	0.000167289 	6.75239e-06 	2
8.375 	0.000172497 	1.45016e-05 	1
8.4375 	0.000527039 	3.94708e-05 	1
8.5 	0.000289616 	2.51731e-05 	1
8.5625 	0.00025346 	2.21362e-05 	1
8.8125 	0.000193412 	1.70656e-05 	1
8.9375 	0.000216762 	8.55002e-06 	2
9.0 	0.000288192 	2.34184e-05 	1
9.0625 	0.000259887 	2.25874e-05 	1
9.125 	0.000359681 	3.04319e-05 	1
9.1875 	0.000306606 	2.4559e-05 	1
9.25 	0.000171513 	1.59138e-05 	1
9.3125 	0.000353114 	3.03074e-05 	1
9.375 	0.000309277 	2.30205e-05 	1
9.4375 	0.000349702 	2.83305e-05 	1
9.5625 	0.00030254 	2.39058e-05 	1
9.625 	0.000323721 	2.55172e-05 	1
9.6875 	0.000438795 	3.4076e-05 	1
9.8125 	0.000189709 	1.5433e-05 	1
9.875 	0.000286515 	2.22366e-05 	1
9.9375 	0.000279199 	2.17009e-05 	1
10.0 	0.00017053 	1.6751e-05 	1
10.0625 	0.000175838 	1.70146e-05 	1
10.1875 	0.000206145 	7.02175e-06 	2
10.3125 	0.00018436 	1.52593e-05 	1
10.375 	0.000403121 	2.99487e-05 	1
10.5625 	0.000216666 	7.28309e-06 	2
10.625 	0.000194847 	1.56978e-05 	1
10.6875 	0.000223307 	2.18131e-05 	1
10.75 	0.000459762 	3.39014e-05 	1
10.8125 	0.00029781 	2.20657e-05 	1
10.875 	0.000339603 	2.52245e-05 	1
11.0 	0.000423316 	3.20328e-05 	1
11.0625 	0.000438087 	3.37321e-05 	1
11.1875 	0.000292468 	2.36931e-05 	1
11.375 	0.00025014 	1.92569e-05 	1
11.4375 	0.000531732 	3.77426e-05 	1
11.5625 	0.000222096 	2.00538e-05 	1
11.625 	0.000323973 	2.92859e-05 	1
11.6875 	0.000326251 	2.59905e-05 	1
11.75 	0.000331121 	2.822e-05 	1
11.8125 	0.000435273 	3.21025e-05 	1
11.875 	0.000226131 	1.77929e-05 	1
11.9375 	0.000401613 	2.85078e-05 	1
12.0 	0.000354843 	3.27292e-05 	1
12.0625 	0.00035607 	2.94957e-05 	1
12.125 	0.00037748 	2.78753e-05 	1
12.1875 	0.000445299 	3.74795e-05 	1
12.25 	0.000200876 	5.5984e-06 	2
12.3125 	0.000113147 	1.04172e-05 	1
12.375 	0.000202573 	6.20699e-06 	2
12.5625 	0.000222896 	1.70832e-05 	1
12.625 	0.000310643 	2.33769e-05 	1
12.6875 	0.000315276 	2.49656e-05 	1
12.75 	0.000105256 	3.99924e-06 	2
12.8125 	0.000162969 	1.59345e-05 	1
12.875 	0.00020188 	1.57511e-05 	1
13.0 	0.000254599 	1.94164e-05 	1
13.0625 	0.000340331 	2.62355e-05 	1
13.125 	8.26754e-05 	8.63189e-06 	1
13.1875 	0.000321722 	2.51076e-05 	1
13.25 	0.000287763 	2.46604e-05 	1
13.375 	0.000169327 	1.47914e-05 	1
13.4375 	0.000280181 	2.0765e-05 	1
13.5 	0.000149903 	3.92163e-06 	2
13.5625 	0.00021169 	1.99449e-05 	1
13.625 	0.000188951 	1.53808e-05 	1
13.6875 	0.000518379 	3.91139e-05 	1
14.0 	0.000486015 	3.90484e-05 	1
14.0625 	0.000350512 	3.02467e-05 	1
14.125 	0.000269311 	2.14415e-05 	1
14.1875 	0.000382167 	2.8251e-05 	1
14.3125 	0.000241647 	2.32315e-05 	1
14.375 	0.000206877 	1.71384e-05 	1
14.4375 	0.000261155 	2.31243e-05 	1
14.5 	0.000174588 	1.70674e-05 	1
14.625 	0.000220857 	1.87675e-05 	1
14.6875 	0.000351904 	2.97808e-05 	1
14.75 	0.000188045 	1.53687e-05 	1
14.8125 	0.000270694 	2.38857e-05 	1
14.875 	0.000115806 	9.20427e-06 	1
14.9375 	0.000265062 	2.32814e-05 	1
15.0 	0.000259267 	2.24336e-05 	1
15.1875 	0.000302466 	2.91692e-05 	1
15.25 	0.000217774 	1.71931e-05 	1
15.3125 	0.000389381 	3.13782e-05 	1
15.375 	0.000228351 	1.92059e-05 	1
15.4375 	0.000336222 	2.64102e-05 	1
15.5 	0.00031744 	2.39726e-05 	1
15.5625 	0.000351576 	2.68199e-05 	1
15.75 	0.000416561 	3.15896e-05 	1
15.8125 	0.000404287 	3.04222e-05 	1
15.875 	0.000276137 	2.21644e-05 	1
15.9375 	0.000224714 	5.97646e-06 	2
16.0 	0.00020238 	1.63571e-05 	1
16.0625 	0.000262017 	2.06677e-05 	1
16.125 	0.000500963 	3.58669e-05 	1
16.1875 	0.00018152 	1.73887e-05 	1
16.25 	0.000290141 	2.88517e-05 	1
16.3125 	0.00044281 	3.08445e-05 	1
16.375 	0.000140996 	1.24727e-05 	1
16.4375 	0.000315929 	2.52235e-05 	1
16.5 	0.000301128 	2.38038e-05 	1
16.625 	0.000329697 	2.88198e-05 	1
16.6875 	0.000290677 	2.62269e-05 	1
16.75 	0.000250661 	1.92564e-05 	1
16.8125 	0.000443862 	3.2527e-05 	1
16.875 	0.000595379 	4.44021e-05 	1
16.9375 	0.000107693 	1.0752e-05 	1
17.25 	0.00022502 	2.13385e-05 	1
17.3125 	0.000326348 	2.60344e-05 	1
17.375 	0.000252193 	1.86389e-05 	1
17.4375 	0.000429581 	3.27972e-05 	1
17.5 	0.000340141 	2.63966e-05 	1
17.5625 	0.000470338 	3.48573e-05 	1
17.625 	0.000267176 	2.63597e-05 	1
17.6875 	0.00020938 	1.94695e-05 	1
17.75 	0.000311045 	2.26073e-05 	1
17.8125 	0.000462136 	3.43558e-05 	1
18.0 	0.000199011 	1.75488e-05 	1
18.0625 	0.000186154 	6.06883e-06 	2
18.125 	0.000243238 	1.88935e-05 	1
18.1875 	0.000327959 	2.4667e-05 	1
18.25 	0.000188252 	7.15225e-06 	2
18.3125 	0.000136005 	1.29199e-05 	1
18.375 	0.000164522 	1.3565e-05 	1
18.4375 	0.000385329 	2.89583e-05 	1
18.5 	0.000193593 	4.92538e-06 	2
18.5625 	0.000401309 	2.97867e-05 	1
18.625 	0.000497213 	3.53344e-05 	1
18.75 	0.000146707 	5.16221e-06 	2
18.8125 	0.000258497 	2.31096e-05 	1
18.875 	0.000292345 	2.69633e-05 	1
18.9375 	0.000224336 	1.87029e-05 	1
19.125 	0.00028462 	2.54215e-05 	1
19.25 	0.000219335 	1.83725e-05 	1
19.375 	0.000174795 	5.72258e-06 	2
19.4375 	0.000210962 	1.73864e-05 	1
19.5 	0.000150169 	1.44986e-05 	1
19.625 	0.000457116 	3.36857e-05 	1
19.6875 	0.000322797 	2.48587e-05 	1
19.75 	0.000322613 	2.74395e-05 	1
19.9375 	0.000284032 	2.40226e-05 	1
20.0 	0.000377705 	2.76872e-05 	1
20.0625 	0.000318773 	2.97576e-05 	1
20.125 	0.000189194 	8.27053e-06 	2
20.1875 	0.00035076 	2.88081e-05 	1
20.25 	0.00019916 	1.94723e-05 	1
20.3125 	0.00035328 	2.69536e-05 	1
20.375 	0.000124237 	9.64573e-06 	1
20.4375 	0.000371233 	2.86905e-05 	1
20.5 	0.000457734 	3.27637e-05 	1
20.5625 	0.00024594 	2.08228e-05 	1
20.625 	0.000461468 	3.60336e-05 	1
20.6875 	0.000138729 	1.28027e-05 	1
20.75 	0.000257113 	2.13447e-05 	1
20.8125 	0.000440746 	3.45064e-05 	1
20.875 	0.000228875 	2.21327e-05 	1
21.0 	0.000233777 	1.98064e-05 	1
21.0625 	0.000426172 	3.50557e-05 	1
21.1875 	0.000265848 	2.20807e-05 	1
21.3125 	0.000409798 	3.03763e-05 	1
21.375 	0.000164541 	1.57432e-05 	1
21.4375 	0.000226137 	2.1065e-05 	1
21.5625 	0.000493099 	3.6533e-05 	1
21.625 	0.000291144 	2.28595e-05 	1
21.6875 	0.000236588 	2.06837e-05 	1
21.75 	0.000274834 	2.26967e-05 	1
21.8125 	0.000396861 	3.23835e-05 	1
21.875 	0.000292179 	2.50824e-05 	1
21.9375 	0.00038569 	3.2184e-05 	1
22.0 	0.000406017 	3.09923e-05 	1
22.125 	0.000210181 	1.84601e-05 	1
22.1875 	0.000318464 	2.95937e-05 	1
22.25 	0.00021265 	2.08663e-05 	1
22.3125 	0.000183983 	1.59958e-05 	1
22.375 	0.00017635 	1.53353e-05 	1
22.625 	0.000430241 	3.18075e-05 	1
22.6875 	0.00015124 	4.56805e-06 	2
22.75 	0.000255943 	2.06005e-05 	1
22.8125 	0.000195672 	1.91245e-05 	1
22.9375 	0.000149376 	1.26868e-05 	1
23.0 	0.000441693 	3.74514e-05 	1
23.0625 	0.000178893 	1.51375e-05 	1
23.125 	0.000178702 	1.53629e-05 	1
23.1875 	0.000188528 	1.64918e-05 	1
23.3125 	0.00020294 	8.19866e-06 	2
23.375 	0.000440064 	3.23582e-05 	1
23.4375 	0.000151017 	1.38285e-05 	1
23.5625 	0.000201108 	1.75028e-05 	1
23.6875 	0.000302185 	2.4156e-05 	1
23.75 	0.000337644 	2.94868e-05 	1
23.8125 	0.000229865 	1.83525e-05 	1
23.875 	0.000356268 	3.22523e-05 	1
23.9375 	0.000163721 	1.48691e-05 	1
24.0 	0.000212148 	1.85559e-05 	1
24.0625 	0.000291436 	2.45407e-05 	1
24.125 	0.000232721 	2.14539e-05 	1
24.1875 	0.000141166 	1.249e-05 	1
24.3125 	0.000119809 	1.19664e-05 	1
24.375 	0.000195934 	1.57551e-05 	1
24.4375 	0.000228837 	2.02538e-05 	1
24.5 	0.000227458 	2.20158e-05 	1
24.5625 	0.000261439 	2.13271e-05 	1
24.625 	0.000244928 	1.98103e-05 	1
24.6875 	0.00015819 	1.44314e-05 	1
24.75 	0.000238302 	2.00451e-05 	1
24.8125 	0.000217664 	1.9275e-05 	1
25.0 	0.000136954 	1.02274e-05 	1
25.0625 	0.000372943 	2.85253e-05 	1
25.125 	0.000223808 	1.84947e-05 	1
25.25 	0.00014215 	4.51452e-06 	2
25.3125 	0.000340585 	2.64919e-05 	1
25.5 	0.000225939 	1.87917e-05 	1
25.625 	0.000241935 	2.05649e-05 	1
25.6875 	0.000389242 	2.91576e-05 	1
25.75 	0.000313183 	2.61904e-05 	1
25.8125 	0.000217032 	1.72463e-05 	1
25.875 	0.00032289 	2.5326e-05 	1
25.9375 	0.000339222 	2.69942e-05 	1
26.0 	0.000166495 	1.56246e-05 	1
26.0625 	0.000208902 	1.6234e-05 	1
26.125 	0.000185253 	1.76845e-05 	1
26.25 	0.000424754 	3.15686e-05 	1
26.3125 	0.000308588 	2.27989e-05 	1
26.375 	0.000210978 	1.88657e-05 	1
26.4375 	0.000326603 	2.84247e-05 	1
26.5 	0.000152107 	1.44185e-05 	1
26.5625 	0.000344852 	2.84424e-05 	1
26.625 	0.000249931 	2.30645e-05 	1
26.6875 	0.000474168 	3.47556e-05 	1
26.875 	0.00047619 	3.55228e-05 	1
26.9375 	0.000209871 	1.72335e-05 	1
27.0 	0.00025483 	2.40184e-05 	1
27.25 	0.000409341 	3.31205e-05 	1
27.3125 	0.000247561 	1.79643e-05 	1
27.375 	0.000295758 	2.34595e-05 	1
27.5 	0.000270959 	2.1463e-05 	1
27.5625 	0.000281978 	2.23334e-05 	1
27.625 	0.000222546 	1.81318e-05 	1
27.6875 	0.000200345 	1.72445e-05 	1
27.75 	0.000364214 	2.83335e-05 	1
27.8125 	0.000481889 	3.49872e-05 	1
27.875 	0.000231136 	2.07524e-05 	1
28.0 	0.000408318 	2.93113e-05 	1
28.0625 	0.000122314 	1.07636e-05 	1
28.125 	0.000316446 	2.36818e-05 	1
28.3125 	0.000296324 	2.43471e-05 	1
28.375 	0.000188585 	1.74904e-05 	1
28.4375 	0.000290074 	2.28641e-05 	1
28.5 	0.00016341 	1.5382e-05 	1
28.625 	0.000379669 	2.88755e-05 	1
28.6875 	0.0003261 	2.39758e-05 	1
28.8125 	0.000390603 	2.97815e-05 	1
28.875 	0.000334141 	2.51593e-05 	1
28.9375 	0.000469682 	3.41866e-05 	1
29.0 	0.000533268 	3.84044e-05 	1
29.0625 	0.000127603 	3.14427e-06 	2
29.125 	0.000140699 	1.35222e-05 	1
29.1875 	0.000303389 	2.51108e-05 	1
29.25 	0.000328506 	3.06324e-05 	1
29.3125 	3.9504e-05 	4.33707e-06 	1
29.375 	0.000323696 	2.50502e-05 	1
29.4375 	0.000598544 	4.61065e-05 	1
29.5 	0.000410706 	3.05689e-05 	1
29.5625 	0.0004725 	3.53516e-05 	1
29.625 	0.000154377 	5.31723e-06 	2
29.6875 	0.000201921 	1.90915e-05 	1
29.75 	0.000168768 	1.59443e-05 	1
29.875 	0.000209782 	1.84206e-05 	1
29.9375 	0.00033771 	3.24412e-05 	1
30.0 	0.000297834 	2.25332e-05 	1
30.125 	0.000487523 	3.53525e-05 	1
30.1875 	0.00033023 	2.49309e-05 	1
30.25 	0.000175932 	1.68954e-05 	1
30.3125 	0.000279934 	2.06167e-05 	1
30.375 	0.000457364 	3.36433e-05 	1
30.4375 	0.000217378 	1.89368e-05 	1
30.5 	0.000292711 	2.77604e-05 	1
30.5625 	0.000223262 	1.94306e-05 	1
30.6875 	0.000236054 	2.08893e-05 	1
30.75 	0.000399082 	3.08318e-05 	1
30.8125 	0.000457492 	4.08184e-05 	1
30.9375 	0.000237513 	8.89065e-06 	2
31.0 	0.000222393 	2.01348e-05 	1
31.125 	0.000163474 	1.48876e-05 	1
31.1875 	0.000176507 	1.50537e-05 	1
31.25 	0.000206731 	1.81956e-05 	1
31.3125 	9.42176e-05 	2.25885e-06 	2
31.375 	0.000153909 	1.25841e-05 	1
31.5 	0.000361912 	2.80139e-05 	1
31.5625 	0.000323836 	2.75747e-05 	1
31.625 	0.000226169 	1.74938e-05 	1
31.6875 	0.000226251 	7.14826e-06 	2
31.75 	0.00023086 	1.87714e-05 	1
31.8125 	0.000315438 	2.61596e-05 	1
31.875 	0.0003345 	2.4589e-05 	1
31.9375 	0.000266239 	2.22391e-05 	1
32.0 	0.000543757 	3.93632e-05 	1
32.0625 	0.000137916 	4.02812e-06 	2
32.125 	0.000298312 	2.41424e-05 	1
32.1875 	0.000315253 	2.50275e-05 	1
32.25 	0.000314502 	2.4158e-05 	1
32.3125 	0.000448246 	3.27866e-05 	1
32.4375 	0.000200658 	1.87151e-05 	1
32.5 	0.000460019 	3.65802e-05 	1
32.625 	0.000337543 	2.46971e-05 	1
32.6875 	0.000202996 	1.59925e-05 	1
32.75 	0.000269153 	2.32699e-05 	1
32.8125 	0.000473225 	3.66271e-05 	1
32.875 	0.0003117 	2.41731e-05 	1
32.9375 	0.00029423 	2.31549e-05 	1
33.0 	0.000534999 	4.56456e-05 	1
33.0625 	0.000363849 	2.73137e-05 	1
33.125 	0.000140201 	1.33448e-05 	1
33.1875 	0.00043904 	3.41582e-05 	1
33.25 	0.000373352 	3.25933e-05 	1
33.3125 	0.000210364 	1.97743e-05 	1
33.375 	0.000383156 	2.92158e-05 	1
33.4375 	0.000277429 	2.14956e-05 	1
33.625 	0.000325489 	2.55558e-05 	1
33.6875 	0.000461116 	3.51309e-05 	1
33.75 	0.0003734 	2.87846e-05 	1
33.875 	0.000292267 	2.50201e-05 	1
33.9375 	0.000182633 	7.08455e-06 	2
34.0625 	0.00035994 	3.02863e-05 	1
34.125 	0.000323664 	2.38925e-05 	1
34.1875 	0.000359511 	2.91821e-05 	1
34.25 	0.000289002 	2.60185e-05 	1
34.3125 	0.000283143 	2.00109e-05 	1
34.375 	0.000364501 	2.89432e-05 	1
34.4375 	0.000266172 	2.06515e-05 	1
34.5 	0.000206087 	1.78659e-05 	1
34.5625 	0.000457131 	3.3644e-05 	1
34.625 	0.000193037 	1.65593e-05 	1
34.6875 	0.000368671 	2.64162e-05 	1
34.75 	0.000236321 	1.78334e-05 	1
34.875 	0.00027894 	2.48973e-05 	1
34.9375 	0.000349346 	2.60105e-05 	1
35.0625 	0.000367306 	2.80886e-05 	1
35.125 	0.000154403 	1.40309e-05 	1
35.25 	0.000362202 	2.69599e-05 	1
35.3125 	0.000151882 	1.30242e-05 	1
35.375 	0.000344587 	2.74622e-05 	1
35.5625 	0.000298666 	2.20842e-05 	1
35.625 	0.000453161 	3.3595e-05 	1
35.6875 	0.000307986 	2.4689e-05 	1
35.75 	0.000456816 	3.37227e-05 	1
35.8125 	0.000145685 	5.52304e-06 	2
35.875 	0.000382096 	3.05568e-05 	1
35.9375 	0.000244216 	1.94408e-05 	1
36.0 	0.000340026 	2.72239e-05 	1
36.125 	0.000376844 	2.7836e-05 	1
36.25 	0.000160917 	1.60606e-05 	1
36.4375 	0.000148757 	4.34655e-06 	2
36.5 	0.000296759 	2.45538e-05 	1
36.5625 	0.000283459 	2.22562e-05 	1
36.625 	0.000130013 	8.33181e-06 	2
36.6875 	0.000360524 	3.18447e-05 	1
36.8125 	0.0005265 	3.81021e-05 	1
36.875 	0.000226935 	1.96552e-05 	1
36.9375 	0.000138233 	1.17942e-05 	1
37.0625 	0.000207117 	1.76247e-05 	1
37.125 	0.000172943 	1.6362e-05 	1
37.1875 	0.00035679 	2.71282e-05 	1
37.25 	0.000210871 	1.88518e-05 	1
37.3125 	0.000429582 	3.12973e-05 	1
37.375 	0.000402206 	3.09065e-05 	1
37.4375 	0.000280082 	2.24206e-05 	1
37.5 	0.000263306 	2.12639e-05 	1
37.5625 	0.000514313 	3.73191e-05 	1
37.625 	0.000219513 	1.0252e-05 	2
37.75 	0.000177696 	1.7167e-05 	1
37.8125 	0.000320682 	2.4867e-05 	1
37.875 	0.000361419 	3.44676e-05 	1
37.9375 	0.000367988 	2.80876e-05 	1
38.0 	0.000291857 	2.32462e-05 	1
38.0625 	0.000236246 	2.12953e-05 	1
38.125 	0.000192831 	1.63771e-05 	1
38.1875 	0.000384948 	3.20331e-05 	1
38.25 	0.000217424 	1.74863e-05 	1
38.3125 	0.000379969 	2.84271e-05 	1
38.375 	0.000228995 	2.0423e-05 	1
38.4375 	0.000311133 	2.39561e-05 	1
38.5625 	0.000197007 	1.81091e-05 	1
38.6875 	0.000330959 	3.14871e-05 	1
38.8125 	0.000453492 	3.51812e-05 	1
38.875 	0.000317114 	2.34514e-05 	1
38.9375 	0.000116468 	1.13308e-05 	1
39.0 	0.000274571 	2.15148e-05 	1
39.0625 	0.000341385 	2.79633e-05 	1
39.125 	0.000112272 	1.00362e-05 	1
39.1875 	0.000426355 	3.14141e-05 	1
39.25 	0.00016343 	1.53969e-05 	1
39.3125 	0.000183499 	1.53053e-05 	1
39.5 	0.0002186 	1.83985e-05 	1
39.5625 	0.000281413 	2.47663e-05 	1
39.625 	0.000514229 	4.01859e-05 	1
39.6875 	0.000168432 	1.37719e-05 	1
39.75 	0.000308567 	2.28166e-05 	1
39.8125 	0.000204323 	1.84856e-05 	1
39.875 	0.000271507 	2.1937e-05 	1
39.9375 	0.000291237 	2.36974e-05 	1
40.0 	0.000291998 	2.21036e-05 	1
40.125 	0.000189502 	1.49551e-05 	1
40.25 	0.000134448 	3.63698e-06 	2
40.3125 	0.000276265 	2.29706e-05 	1
40.4375 	0.000194166 	1.87282e-05 	1
40.5 	0.000160286 	1.33902e-05 	1
40.5625 	0.000125625 	3.55977e-06 	2
40.625 	0.000340309 	2.90586e-05 	1
40.8125 	0.000244734 	1.84953e-05 	1
40.9375 	0.000152027 	1.28956e-05 	1
41.125 	0.000198398 	1.73047e-05 	1
41.1875 	0.000398204 	3.31506e-05 	1
41.25 	0.000359538 	2.62777e-05 	1
41.3125 	0.000172196 	1.46084e-05 	1
41.4375 	0.000160898 	1.26672e-05 	1
41.5 	0.000117645 	1.08916e-05 	1
41.5625 	0.00032481 	2.41285e-05 	1
41.625 	0.000466985 	3.48403e-05 	1
41.6875 	0.000116298 	1.13303e-05 	1
41.8125 	0.000212595 	1.93165e-05 	1
41.875 	0.000428153 	3.14344e-05 	1
41.9375 	0.000369459 	2.63269e-05 	1
42.0 	0.000255004 	2.25306e-05 	1
42.125 	0.000297466 	2.23679e-05 	1
42.25 	0.000271429 	2.3684e-05 	1
42.375 	0.000221828 	1.93857e-05 	1
42.5 	0.000225651 	2.0047e-05 	1
42.6875 	0.000352985 	2.67893e-05 	1
42.8125 	0.000406406 	3.08379e-05 	1
42.875 	0.000254927 	7.04138e-06 	2
42.9375 	0.000257529 	2.06902e-05 	1
43.0 	0.000119021 	1.11817e-05 	1
43.0625 	0.000310051 	2.68952e-05 	1
43.125 	0.000335878 	2.62595e-05 	1
43.1875 	0.000458888 	3.30354e-05 	1
43.3125 	0.000284771 	2.26384e-05 	1
43.375 	0.000188831 	1.80606e-05 	1
43.5625 	0.000223841 	1.96719e-05 	1
43.6875 	0.000168647 	1.63139e-05 	1
43.75 	0.000297513 	2.34092e-05 	1
43.8125 	0.0002558 	2.2098e-05 	1
43.875 	0.000148636 	4.06423e-06 	2
43.9375 	0.000377454 	2.86416e-05 	1
44.0 	0.000159003 	1.46663e-05 	1
44.0625 	0.000156856 	1.41746e-05 	1
44.125 	0.000157019 	5.44371e-06 	2
44.1875 	0.000204373 	7.90846e-06 	2
44.25 	0.000125203 	1.20418e-05 	1
44.3125 	0.000371784 	2.82483e-05 	1
44.375 	0.000310748 	2.49283e-05 	1
44.4375 	0.000304796 	2.56233e-05 	1
44.5 	0.000254454 	7.14774e-06 	2
44.5625 	0.000354149 	3.23944e-05 	1
44.625 	0.000418357 	3.0667e-05 	1
44.6875 	0.00019196 	1.87053e-05 	1
44.75 	0.000304687 	2.35973e-05 	1
44.8125 	0.000373972 	3.13273e-05 	1
44.875 	0.000344613 	2.53184e-05 	1
44.9375 	0.000345647 	2.56083e-05 	1
45.0 	0.000221114 	1.97302e-05 	1
45.0625 	0.000369072 	2.73956e-05 	1
45.1875 	0.000314949 	2.49608e-05 	1
45.3125 	0.000373446 	2.86552e-05 	1
45.375 	0.000201744 	5.64673e-06 	2
45.5 	0.000499637 	4.2065e-05 	1
45.5625 	0.000256757 	1.99026e-05 	1
45.625 	0.000356909 	2.75218e-05 	1
45.6875 	0.000387738 	2.90945e-05 	1
45.75 	0.000362514 	2.80759e-05 	1
45.875 	0.000288096 	2.28091e-05 	1
45.9375 	0.000358798 	2.67097e-05 	1
46.0 	0.000180279 	1.68136e-05 	1
46.0625 	0.000317975 	2.54355e-05 	1
46.125 	0.000386733 	2.87257e-05 	1
46.3125 	0.000156613 	1.454e-05 	1
46.375 	0.000553152 	3.96825e-05 	1
46.5625 	0.000353623 	2.71688e-05 	1
46.625 	0.00042947 	3.16868e-05 	1
46.6875 	0.000352888 	2.58995e-05 	1
46.75 	0.000155642 	1.43056e-05 	1
46.8125 	0.000388035 	2.98781e-05 	1
46.875 	0.000171265 	5.96633e-06 	2
47.0 	0.000335108 	2.5083e-05 	1
47.0625 	0.000188342 	1.68311e-05 	1
47.125 	0.000414483 	3.4655e-05 	1
47.1875 	0.000261924 	1.90336e-05 	1
47.25 	0.000406556 	3.10262e-05 	1
47.3125 	0.000275747 	2.2133e-05 	1
47.375 	0.000259944 	2.13551e-05 	1
47.5 	0.000393962 	3.22872e-05 	1
47.5625 	0.000485456 	3.54782e-05 	1
47.625 	0.000193674 	1.72323e-05 	1
47.6875 	0.000182973 	1.69192e-05 	1
47.8125 	0.00018318 	1.82209e-05 	1
47.875 	0.000207331 	9.60416e-06 	2
48.0 	0.000118713 	3.25254e-06 	2
48.0625 	0.000488185 	3.67215e-05 	1
48.1875 	0.000419613 	3.5065e-05 	1
48.25 	0.000289704 	2.15122e-05 	1
48.3125 	0.000355411 	2.68876e-05 	1
48.375 	8.24034e-05 	9.46018e-06 	1
48.4375 	0.000265318 	2.34471e-05 	1
48.5 	0.000243272 	2.25675e-05 	1
48.5625 	0.000315808 	2.66682e-05 	1
48.75 	0.000276085 	2.49593e-05 	1
48.8125 	0.000247024 	1.83808e-05 	1
48.9375 	0.000272151 	2.29326e-05 	1
49.0 	0.000300584 	2.4469e-05 	1
49.125 	0.000502343 	3.58256e-05 	1
49.1875 	0.000234503 	1.93982e-05 	1
49.25 	0.000247314 	2.07744e-05 	1
49.3125 	0.000179997 	1.63979e-05 	1
49.375 	0.000159162 	4.31545e-06 	2
49.4375 	0.000153347 	1.44667e-05 	1
49.5 	0.000296782 	2.79535e-05 	1
49.5625 	0.000174359 	1.40966e-05 	1
49.625 	0.000208968 	1.6572e-05 	1
49.6875 	0.000415706 	3.0874e-05 	1
49.75 	0.000195952 	6.62714e-06 	2
50.0625 	0.000244838 	1.96572e-05 	1
50.125 	0.000404945 	2.96476e-05 	1
50.25 	0.000226402 	2.08996e-05 	1
50.3125 	0.000231223 	1.96254e-05 	1
50.375 	0.000144949 	1.30645e-05 	1
50.4375 	0.000210114 	2.03608e-05 	1
50.5 	0.000214975 	1.81646e-05 	1
50.5625 	0.0003579 	2.63832e-05 	1
50.625 	0.000246799 	2.14314e-05 	1
50.75 	0.000224689 	6.45487e-06 	2
50.8125 	0.000215816 	1.81516e-05 	1
50.875 	0.00029157 	2.28869e-05 	1
50.9375 	0.000182925 	1.63866e-05 	1
51.0 	0.00035855 	2.65109e-05 	1
51.0625 	0.000176809 	1.72378e-05 	1
51.125 	0.000199763 	1.60267e-05 	1
51.1875 	0.000321097 	2.46982e-05 	1
51.25 	0.000288454 	2.38447e-05 	1
51.3125 	0.000215139 	1.86414e-05 	1
51.375 	0.000246532 	2.36239e-05 	1
51.4375 	0.000249213 	2.08907e-05 	1
51.5 	0.000217539 	1.69456e-05 	1
51.5625 	0.000144597 	1.16795e-05 	1
51.625 	0.000272134 	2.12672e-05 	1
51.6875 	0.000436989 	3.26819e-05 	1
51.8125 	0.000247521 	2.09863e-05 	1
51.875 	0.000166969 	1.47204e-05 	1
52.0 	0.000221069 	1.79018e-05 	1
52.0625 	0.000133132 	4.68344e-06 	2
52.1875 	0.000288627 	2.19263e-05 	1
52.3125 	0.0004992 	3.62926e-05 	1
52.375 	0.000402337 	2.95157e-05 	1
52.4375 	0.000268854 	2.14241e-05 	1
52.5 	0.000124512 	1.05459e-05 	1
52.5625 	0.000108355 	8.82617e-06 	1
52.625 	0.000162151 	1.31823e-05 	1
52.6875 	0.000248759 	1.902e-05 	1
52.75 	0.000380248 	2.96226e-05 	1
52.8125 	0.000403614 	3.44693e-05 	1
52.875 	0.000279125 	2.35995e-05 	1
52.9375 	0.000218074 	1.72514e-05 	1
53.0 	0.000256749 	2.42501e-05 	1
53.125 	0.000388985 	2.95226e-05 	1
53.1875 	0.000233126 	2.10864e-05 	1
53.25 	0.00014644 	1.16746e-05 	1
53.3125 	0.000165867 	1.62232e-05 	1
53.375 	0.000511351 	4.01815e-05 	1
53.5 	0.000181862 	1.61023e-05 	1
53.5625 	0.00025353 	1.99824e-05 	1
53.625 	0.000516544 	3.85872e-05 	1
53.6875 	0.000372901 	3.27406e-05 	1
53.75 	0.000285432 	2.43059e-05 	1
53.8125 	0.000434801 	3.19197e-05 	1
53.875 	0.000234982 	1.98324e-05 	1
53.9375 	7.4308e-05 	8.12192e-06 	1
54.0 	0.000249417 	2.10803e-05 	1
54.0625 	0.000207747 	2.03057e-05 	1
54.1875 	0.000238903 	2.19015e-05 	1
54.25 	0.000182798 	1.73039e-05 	1
54.3125 	0.000261675 	2.12857e-05 	1
54.375 	0.000207447 	1.96413e-05 	1
54.4375 	0.000212817 	1.75913e-05 	1
54.6875 	0.000259565 	2.17637e-05 	1
54.8125 	0.000195237 	1.58335e-05 	1
54.875 	0.000185885 	1.70159e-05 	1
54.9375 	0.000284818 	2.16562e-05 	1
55.0 	0.000364809 	3.06112e-05 	1
55.0625 	0.000179839 	1.76939e-05 	1
55.125 	0.000191497 	1.6822e-05 	1
55.1875 	0.000239771 	1.84751e-05 	1
55.3125 	0.000354049 	3.39816e-05 	1
55.4375 	0.000270543 	2.04654e-05 	1
55.5 	0.000120292 	4.51137e-06 	2
55.625 	0.000213285 	6.64574e-06 	2
55.6875 	0.000156563 	1.42474e-05 	1
55.75 	0.00034802 	2.64816e-05 	1
55.8125 	0.000172428 	1.60311e-05 	1
55.875 	0.000284917 	2.72993e-05 	1
55.9375 	0.00034485 	2.54128e-05 	1
56.0 	0.0002099 	1.83594e-05 	1
56.0625 	0.000243468 	2.14463e-05 	1
56.1875 	0.000498868 	3.81472e-05 	1
56.3125 	0.000402374 	3.0027e-05 	1
56.375 	0.000363061 	2.77755e-05 	1
56.4375 	0.000232137 	2.20081e-05 	1
56.5625 	0.000217463 	1.87581e-05 	1
56.6875 	0.000243634 	2.36419e-05 	1
56.75 	0.000321614 	2.50575e-05 	1
56.8125 	0.000181967 	1.64077e-05 	1
56.9375 	0.000318342 	2.46464e-05 	1
57.0 	0.000407064 	3.12807e-05 	1
57.0625 	0.000317958 	2.34081e-05 	1
57.1875 	0.000217682 	1.90871e-05 	1
57.25 	0.00025875 	2.42546e-05 	1
57.3125 	0.000342851 	2.96707e-05 	1
57.375 	0.000270002 	2.12663e-05 	1
57.4375 	0.000174716 	1.51406e-05 	1
57.5 	0.00032629 	2.70193e-05 	1
57.5625 	0.000240904 	1.89907e-05 	1
57.625 	0.000260099 	2.26757e-05 	1
57.6875 	0.000427066 	3.15458e-05 	1
57.75 	0.000339049 	2.42855e-05 	1
57.8125 	0.000216556 	1.89422e-05 	1
58.0 	0.000278932 	2.17778e-05 	1
58.0625 	0.000247512 	2.25177e-05 	1
58.125 	0.000214313 	2.05056e-05 	1
58.1875 	0.000264973 	2.2622e-05 	1
58.25 	0.00037953 	2.73809e-05 	1
58.3125 	0.000241987 	1.99692e-05 	1
58.4375 	0.000100032 	3.084e-06 	2
58.5625 	0.000456757 	3.34457e-05 	1
58.625 	0.000294278 	2.45762e-05 	1
58.6875 	0.000298078 	2.51144e-05 	1
58.8125 	0.00035872 	2.87363e-05 	1
58.875 	0.000168494 	1.53128e-05 	1
58.9375 	0.000367816 	2.90973e-05 	1
59.0 	0.000257975 	2.25159e-05 	1
59.125 	0.00021687 	1.85994e-05 	1
59.25 	0.000277786 	2.313e-05 	1
59.3125 	0.000235703 	1.8674e-05 	1
59.375 	0.000272509 	2.28932e-05 	1
59.4375 	0.000210132 	1.97102e-05 	1
59.5 	0.000390219 	2.96471e-05 	1
59.5625 	0.000186477 	8.54542e-06 	2
59.6875 	0.000488801 	3.66113e-05 	1
59.8125 	0.000491366 	3.57075e-05 	1
59.875 	0.000122282 	1.20642e-05 	1
59.9375 	0.000349686 	2.71612e-05 	1
60.0 	0.000390011 	2.89871e-05 	1
60.0625 	0.000411725 	3.12033e-05 	1
60.125 	0.000183127 	6.32735e-06 	2
60.375 	0.000301731 	2.48485e-05 	1
60.4375 	0.000359776 	2.77697e-05 	1
60.5 	0.000187035 	1.57743e-05 	1
60.5625 	0.000424077 	3.49512e-05 	1
60.625 	0.000210121 	2.07392e-05 	1
60.6875 	0.000114734 	9.04669e-06 	1
60.75 	0.000182931 	1.6838e-05 	1
60.8125 	0.000425403 	3.25602e-05 	1
60.875 	0.000493917 	3.59743e-05 	1
60.9375 	0.000315455 	7.69213e-06 	2
61.0 	0.000276575 	2.12569e-05 	1
61.125 	0.000137973 	1.30893e-05 	1
61.1875 	0.000341532 	3.29596e-05 	1
61.25 	0.000180123 	1.51884e-05 	1
61.3125 	0.000121601 	1.19975e-05 	1
61.375 	0.000212751 	2.01514e-05 	1
61.4375 	0.000127466 	1.20492e-05 	1
61.5 	0.000464426 	3.49728e-05 	1
61.625 	0.000368861 	2.72104e-05 	1
61.6875 	0.000252423 	2.11638e-05 	1
61.8125 	0.000154732 	1.48802e-05 	1
61.875 	0.000214047 	1.69396e-05 	1
61.9375 	0.000296304 	2.52689e-05 	1
62.0 	0.000415161 	3.35311e-05 	1
62.125 	0.000321967 	3.09777e-05 	1
62.1875 	0.000394521 	2.91445e-05 	1
62.25 	0.000197479 	1.75104e-05 	1
62.3125 	0.000223875 	5.63404e-06 	2
62.375 	0.000166244 	1.59658e-05 	1
62.5 	0.000110312 	2.78273e-06 	2
62.5625 	0.000450176 	3.37025e-05 	1
62.6875 	0.000195668 	1.53888e-05 	1
62.75 	0.000260634 	1.99705e-05 	1
62.875 	0.000169851 	1.49535e-05 	1
62.9375 	0.000255221 	2.19237e-05 	1
63.0 	0.000341002 	2.94429e-05 	1
63.125 	0.000142684 	1.28601e-05 	1
63.25 	0.000336418 	2.71123e-05 	1
63.375 	0.000194101 	8.64751e-06 	2
63.4375 	0.000162992 	1.36625e-05 	1
63.5625 	0.000376047 	3.11209e-05 	1
63.625 	0.000491052 	3.81293e-05 	1
63.8125 	0.00032251 	2.74673e-05 	1
63.9375 	0.000487702 	3.54378e-05 	1
64.0 	0.000152309 	5.34847e-06 	2
64.0625 	0.000247173 	2.36051e-05 	1
64.25 	0.000209057 	1.89811e-05 	1
64.3125 	0.000353822 	2.74926e-05 	1
64.4375 	0.000234564 	2.236e-05 	1
64.5625 	0.000190968 	5.91341e-06 	2
64.6875 	0.000225351 	1.03674e-05 	2
64.75 	0.00025798 	1.92754e-05 	1
64.8125 	0.000251882 	2.01148e-05 	1
64.875 	0.00012424 	1.18712e-05 	1
64.9375 	0.000192485 	1.76455e-05 	1
65.0 	0.000333453 	3.14785e-05 	1
65.0625 	0.000376331 	2.65306e-05 	1
65.125 	0.000327035 	2.86336e-05 	1
65.25 	0.000430925 	3.13196e-05 	1
65.5 	0.00039348 	2.99655e-05 	1
65.625 	0.000126804 	3.28036e-06 	2
65.6875 	0.000676506 	4.99159e-05 	1
65.75 	0.000193484 	1.84927e-05 	1
65.8125 	0.000287324 	2.33591e-05 	1
65.9375 	0.00022862 	2.00328e-05 	1
66.0 	0.000211124 	1.78196e-05 	1
66.0625 	0.000295658 	2.42871e-05 	1
66.1875 	0.000295827 	2.34509e-05 	1
66.25 	0.00023844 	2.18261e-05 	1
66.3125 	0.000230791 	7.12302e-06 	2
66.375 	0.000302038 	2.42191e-05 	1
66.4375 	0.000184301 	1.53667e-05 	1
66.5 	0.000469725 	3.38401e-05 	1
66.625 	0.000241399 	7.39492e-06 	2
66.75 	0.000143132 	1.43084e-05 	1
66.8125 	0.000210188 	1.87867e-05 	1
66.875 	0.000241645 	1.99152e-05 	1
66.9375 	0.000303363 	2.49224e-05 	1
67.0 	0.000170071 	1.4209e-05 	1
67.125 	0.000313563 	2.31369e-05 	1
67.1875 	0.000175633 	1.47012e-05 	1
67.25 	0.000306048 	2.66583e-05 	1
67.3125 	0.000343442 	2.85817e-05 	1
67.375 	0.000313095 	2.34556e-05 	1
67.4375 	0.000349139 	2.631e-05 	1
67.5 	0.000243557 	1.96378e-05 	1
67.5625 	0.000268124 	2.14528e-05 	1
67.8125 	0.000182805 	1.6734e-05 	1
67.875 	0.000346357 	2.53275e-05 	1
67.9375 	0.000230256 	2.18662e-05 	1
68.0 	0.000243735 	2.2617e-05 	1
68.0625 	0.000379002 	2.85086e-05 	1
68.125 	0.000118009 	2.9683e-06 	2
68.1875 	0.000204954 	1.71312e-05 	1
68.25 	0.000145087 	4.18172e-06 	2
68.3125 	0.000248197 	2.09652e-05 	1
68.375 	0.000178079 	5.35889e-06 	2
68.4375 	0.000272135 	2.44451e-05 	1
68.5 	0.000161206 	1.34044e-05 	1
68.5625 	0.000143985 	1.29719e-05 	1
68.625 	0.000159621 	1.35838e-05 	1
68.6875 	0.000221725 	2.01954e-05 	1
68.75 	0.000279882 	2.29412e-05 	1
68.8125 	0.000228106 	1.88822e-05 	1
68.875 	0.000203694 	8.07725e-06 	2
68.9375 	0.000217791 	1.85382e-05 	1
69.0625 	0.00022235 	1.68149e-05 	1
69.125 	0.000366333 	2.97089e-05 	1
69.1875 	0.000105759 	9.59819e-06 	1
69.25 	0.000357265 	2.79521e-05 	1
69.3125 	0.000549632 	4.60125e-05 	1
69.4375 	0.00024022 	2.27121e-05 	1
69.5 	0.000338884 	2.71205e-05 	1
69.625 	0.000284447 	2.34739e-05 	1
69.75 	0.000614072 	4.47304e-05 	1
69.8125 	0.000233709 	2.00934e-05 	1
69.875 	0.000155185 	1.23773e-05 	1
69.9375 	0.000241002 	1.8397e-05 	1
