# time 	Initial 	Final 	Iterations
0.333274 	0.000253476 	1.29374e-05 	1
0.579973 	0.000336126 	2.28728e-05 	1
0.642226 	0.000167281 	1.23093e-05 	1
0.70448 	0.000141424 	1.13321e-05 	1
0.766734 	0.000182643 	1.47884e-05 	1
0.828988 	0.000393368 	2.6604e-05 	1
1.01575 	0.000376695 	2.61625e-05 	1
1.078 	0.000278829 	1.89963e-05 	1
1.20251 	0.00012576 	1.1973e-05 	1
1.26477 	0.000184762 	1.76568e-05 	1
1.38927 	5.99232e-05 	6.24715e-06 	1
1.45153 	6.72331e-05 	7.56953e-06 	1
1.51378 	0.000170033 	1.31282e-05 	1
1.57604 	0.00018369 	1.49728e-05 	1
1.70054 	0.000106914 	9.45947e-06 	1
1.7628 	0.000411544 	2.68494e-05 	1
1.8873 	0.000151531 	1.31401e-05 	1
1.94956 	9.88221e-05 	2.1189e-06 	2
2.01181 	0.000119438 	8.95872e-06 	1
2.07407 	0.000253761 	1.89516e-05 	1
2.13632 	0.000202354 	1.60191e-05 	1
2.19857 	0.000180481 	1.51782e-05 	1
2.26083 	0.000165226 	1.45721e-05 	1
2.32308 	0.000210611 	1.45449e-05 	1
2.38534 	0.000119229 	1.12051e-05 	1
2.44759 	0.000116285 	9.40516e-06 	1
2.50984 	0.000290106 	1.977e-05 	1
2.63435 	0.000172121 	1.33019e-05 	1
2.69661 	0.00016681 	1.17294e-05 	1
2.82111 	0.000246807 	1.72358e-05 	1
2.88337 	0.000291502 	1.97039e-05 	1
2.94562 	0.000250288 	1.71316e-05 	1
3.00787 	7.59025e-05 	6.5612e-06 	1
3.07013 	0.000208334 	1.63417e-05 	1
3.13238 	0.000202698 	1.4134e-05 	1
3.19464 	0.000182447 	1.4992e-05 	1
3.25689 	7.47687e-05 	7.90639e-06 	1
3.31914 	7.70835e-05 	7.33424e-06 	1
3.3814 	0.000133958 	2.67923e-06 	2
3.44365 	0.000157005 	1.21702e-05 	1
3.50591 	0.000308995 	2.14753e-05 	1
3.56816 	0.000198345 	1.57995e-05 	1
3.69267 	0.000195985 	1.45045e-05 	1
3.75492 	0.000138699 	1.20825e-05 	1
3.81718 	0.000267586 	1.84422e-05 	1
3.87943 	0.000144171 	1.20902e-05 	1
4.00394 	0.000156159 	1.55748e-05 	1
4.06619 	0.000254353 	2.1347e-05 	1
4.12845 	0.000263498 	1.73986e-05 	1
4.1907 	0.000220329 	1.62282e-05 	1
4.25295 	0.000350039 	2.4737e-05 	1
4.31521 	0.000265161 	1.7452e-05 	1
4.37746 	0.000221121 	1.5359e-05 	1
4.50197 	0.000208924 	1.45207e-05 	1
4.56422 	0.000121305 	1.10212e-05 	1
4.62648 	0.000284516 	2.01571e-05 	1
4.68873 	0.000244064 	1.65516e-05 	1
4.75098 	0.000169761 	1.24812e-05 	1
4.81324 	0.000152953 	1.14942e-05 	1
4.87549 	6.75627e-05 	6.59657e-06 	1
4.93775 	0.000293683 	2.03649e-05 	1
5.0 	0.000248127 	2.28971e-05 	1
5.0625 	0.000189623 	1.39061e-05 	1
5.125 	0.000212532 	1.43825e-05 	1
5.25 	0.000251923 	1.73173e-05 	1
5.3125 	0.000186064 	1.35812e-05 	1
5.375 	0.000173831 	1.57111e-05 	1
5.4375 	0.00013491 	3.27173e-06 	2
5.5 	0.000201431 	1.41246e-05 	1
5.5625 	0.000118314 	1.11448e-05 	1
5.625 	0.000124829 	3.16945e-06 	2
5.6875 	0.00030082 	2.13267e-05 	1
5.75 	0.000134435 	1.34207e-05 	1
5.8125 	9.02906e-05 	7.80287e-06 	1
5.875 	0.000280435 	1.90468e-05 	1
5.9375 	0.000333433 	2.30332e-05 	1
6.0 	0.000292595 	2.60832e-05 	1
6.125 	0.00028183 	1.98479e-05 	1
6.1875 	0.000107104 	8.03404e-06 	1
6.25 	0.000151882 	1.1576e-05 	1
6.3125 	8.23654e-05 	8.84715e-06 	1
6.4375 	0.000270056 	1.78071e-05 	1
6.6875 	0.00018442 	1.42796e-05 	1
6.75 	0.000170359 	1.39806e-05 	1
6.8125 	0.00012103 	1.02024e-05 	1
6.9375 	0.00023414 	1.74211e-05 	1
7.0 	0.000193474 	1.46131e-05 	1
7.0625 	8.84108e-05 	9.44364e-06 	1
7.125 	0.000159676 	1.17994e-05 	1
7.1875 	0.00011103 	2.26448e-06 	2
7.25 	0.000183647 	1.4413e-05 	1
7.4375 	0.000203326 	1.53575e-05 	1
7.5625 	0.000149408 	1.16749e-05 	1
7.625 	0.000131771 	3.31917e-06 	2
7.6875 	0.000314742 	2.12823e-05 	1
7.8125 	0.000132675 	1.1928e-05 	1
7.9375 	0.000322281 	2.19232e-05 	1
8.0 	0.000306037 	2.04741e-05 	1
8.0625 	0.000134931 	1.26157e-05 	1
8.125 	0.000136485 	1.32224e-05 	1
8.25 	9.01035e-05 	9.25825e-06 	1
8.3125 	0.000206025 	1.50367e-05 	1
8.375 	0.00012977 	3.44073e-06 	2
8.4375 	0.000290131 	1.98253e-05 	1
8.5 	0.000165607 	1.31353e-05 	1
8.5625 	0.000159162 	3.92198e-06 	2
8.8125 	0.000194204 	1.49266e-05 	1
8.9375 	0.000121648 	1.12152e-05 	1
9.0 	0.000199614 	1.57009e-05 	1
9.0625 	0.000190672 	1.44379e-05 	1
9.125 	8.41821e-05 	8.49201e-06 	1
9.1875 	0.000142525 	1.24191e-05 	1
9.25 	0.000180437 	1.37591e-05 	1
9.3125 	0.000178146 	1.33555e-05 	1
9.375 	0.000104925 	9.38209e-06 	1
9.4375 	0.000165105 	1.21486e-05 	1
9.5625 	0.000128863 	1.00915e-05 	1
9.625 	0.00028207 	1.91608e-05 	1
9.6875 	0.000260366 	1.75738e-05 	1
9.75 	0.000171519 	1.69656e-05 	1
9.8125 	8.319e-05 	9.52088e-06 	1
9.875 	0.000128173 	3.3876e-06 	2
9.9375 	0.00024912 	1.73666e-05 	1
10.0 	0.000483254 	3.24026e-05 	1
10.0625 	0.000112217 	9.23137e-06 	1
10.125 	0.000122835 	9.53395e-06 	1
10.1875 	0.000194287 	1.34604e-05 	1
10.3125 	0.000244489 	1.63353e-05 	1
10.375 	0.000239608 	1.71265e-05 	1
10.5 	0.000354294 	2.43828e-05 	1
10.5625 	0.00026929 	1.92228e-05 	1
10.625 	0.000281732 	1.93858e-05 	1
10.6875 	9.12789e-05 	7.54189e-06 	1
10.75 	0.000148819 	1.4026e-05 	1
10.8125 	0.000152043 	1.32127e-05 	1
10.875 	0.000110375 	9.42863e-06 	1
10.9375 	0.000141757 	1.23974e-05 	1
11.0 	9.06119e-05 	9.03925e-06 	1
11.0625 	0.000266294 	1.92992e-05 	1
11.125 	0.000205996 	1.47404e-05 	1
11.1875 	0.000140836 	1.05111e-05 	1
11.25 	0.000364337 	3.04861e-05 	1
11.375 	0.000102983 	9.01591e-06 	1
11.4375 	0.000247141 	1.641e-05 	1
11.5 	0.000276285 	1.93916e-05 	1
11.5625 	0.000307991 	2.09557e-05 	1
11.625 	0.000240909 	2.22391e-05 	1
11.6875 	0.000156791 	1.47323e-05 	1
11.75 	0.000220383 	1.5155e-05 	1
11.8125 	0.000213539 	1.64074e-05 	1
11.875 	0.000134892 	1.21709e-05 	1
11.9375 	0.000191802 	1.38597e-05 	1
12.0 	0.000125237 	3.1625e-06 	2
12.0625 	0.000261097 	1.84481e-05 	1
12.125 	0.00012675 	9.55766e-06 	1
12.1875 	0.000185591 	1.3207e-05 	1
12.25 	0.000176138 	1.442e-05 	1
12.3125 	0.000327508 	2.24495e-05 	1
12.375 	0.00019665 	1.43698e-05 	1
12.5625 	0.000341984 	2.32089e-05 	1
12.625 	8.47276e-05 	8.19379e-06 	1
12.6875 	8.33318e-05 	8.20078e-06 	1
12.75 	0.00045846 	3.04987e-05 	1
12.8125 	0.0001084 	1.04278e-05 	1
12.875 	0.000250325 	1.79527e-05 	1
13.0 	0.000213253 	1.44951e-05 	1
13.0625 	0.000179039 	1.25241e-05 	1
13.125 	0.000376124 	2.56207e-05 	1
13.1875 	0.000283324 	1.90312e-05 	1
13.25 	0.000287616 	2.02027e-05 	1
13.3125 	0.000193145 	1.45046e-05 	1
13.375 	0.000140022 	3.72618e-06 	2
13.4375 	0.000178786 	1.31958e-05 	1
13.5 	0.000269273 	1.82295e-05 	1
13.5625 	0.000195637 	1.37681e-05 	1
13.625 	9.16173e-05 	2.45839e-06 	2
13.6875 	0.000150256 	1.34221e-05 	1
13.8125 	0.000165401 	1.25863e-05 	1
14.0 	0.000516492 	3.42463e-05 	1
14.0625 	0.000220998 	2.05276e-05 	1
14.125 	0.000214705 	1.91846e-05 	1
14.1875 	0.000343925 	2.29602e-05 	1
14.3125 	0.000234379 	1.6973e-05 	1
14.375 	0.000213334 	1.47395e-05 	1
14.4375 	0.000380639 	2.56548e-05 	1
14.5 	0.000128096 	1.1831e-05 	1
14.625 	0.000134607 	1.11684e-05 	1
14.6875 	0.000274906 	1.84175e-05 	1
14.75 	8.90859e-05 	9.50498e-06 	1
14.8125 	0.000192751 	1.81891e-05 	1
14.875 	0.000169293 	1.31888e-05 	1
14.9375 	0.00013752 	1.20579e-05 	1
15.0 	0.000148414 	1.46418e-05 	1
15.1875 	0.000239068 	1.70636e-05 	1
15.25 	0.000136453 	1.15927e-05 	1
15.3125 	0.000129242 	9.93133e-06 	1
15.375 	0.00013867 	1.22321e-05 	1
15.4375 	0.000192573 	1.41348e-05 	1
15.5 	0.000300666 	2.08923e-05 	1
15.5625 	0.00019829 	1.76347e-05 	1
15.625 	0.000178209 	1.29658e-05 	1
15.75 	0.000294764 	2.53365e-05 	1
15.8125 	0.000241184 	1.76361e-05 	1
15.875 	9.17362e-05 	2.71705e-06 	2
15.9375 	0.00031395 	2.11457e-05 	1
16.0 	8.68032e-05 	9.6294e-06 	1
16.0625 	0.000119649 	9.70505e-06 	1
16.125 	0.000237708 	2.20933e-05 	1
16.1875 	0.000172272 	1.24496e-05 	1
16.25 	0.000338102 	2.21631e-05 	1
16.3125 	0.000187736 	1.30202e-05 	1
16.375 	0.000259122 	1.811e-05 	1
16.4375 	9.235e-05 	9.31742e-06 	1
16.5 	0.000344361 	2.88771e-05 	1
16.625 	0.000306607 	2.01999e-05 	1
16.6875 	0.0001397 	2.78173e-06 	2
16.75 	0.000130276 	1.17259e-05 	1
16.8125 	0.000276889 	1.94246e-05 	1
16.875 	0.000311304 	2.16431e-05 	1
16.9375 	0.000159654 	1.25566e-05 	1
17.1875 	0.000143099 	1.25444e-05 	1
17.25 	0.000115991 	3.08651e-06 	2
17.3125 	0.000378267 	2.57013e-05 	1
17.375 	0.000307653 	2.06535e-05 	1
17.4375 	0.000232428 	1.61889e-05 	1
17.5 	0.000140015 	3.52754e-06 	2
17.5625 	0.000126317 	1.07503e-05 	1
17.625 	0.000120163 	8.52467e-06 	1
17.6875 	0.000156792 	1.30713e-05 	1
17.75 	0.000280453 	1.95677e-05 	1
17.8125 	0.000205838 	1.43988e-05 	1
17.9375 	0.000156465 	1.24676e-05 	1
18.0 	0.00018675 	1.62552e-05 	1
18.0625 	0.000412349 	2.9653e-05 	1
18.125 	0.000263358 	1.82837e-05 	1
18.1875 	0.000178869 	1.71814e-05 	1
18.25 	0.000249684 	1.74647e-05 	1
18.3125 	0.0001243 	9.11801e-06 	1
18.375 	0.000135109 	1.25028e-05 	1
18.4375 	0.000139534 	1.33663e-05 	1
18.5 	8.42934e-05 	8.67777e-06 	1
18.5625 	0.000120857 	1.04649e-05 	1
18.625 	0.000184756 	4.51892e-06 	2
18.75 	0.000256043 	2.37817e-05 	1
18.8125 	0.000446006 	2.98217e-05 	1
18.875 	0.000140953 	1.07897e-05 	1
18.9375 	0.000212411 	1.84915e-05 	1
19.125 	0.000353407 	2.38414e-05 	1
19.25 	0.000188187 	1.36734e-05 	1
19.3125 	7.59571e-05 	7.46821e-06 	1
19.375 	0.000148597 	1.10862e-05 	1
19.4375 	0.000192671 	1.40629e-05 	1
19.5 	0.000147209 	1.09035e-05 	1
19.625 	8.85747e-05 	9.31697e-06 	1
19.6875 	7.76378e-05 	8.34812e-06 	1
19.75 	0.000170865 	1.26433e-05 	1
19.875 	0.00023835 	1.66457e-05 	1
19.9375 	9.55409e-05 	2.37975e-06 	2
20.0 	0.000353613 	2.43119e-05 	1
20.0625 	0.000149146 	1.30632e-05 	1
20.125 	0.000167885 	1.3147e-05 	1
20.1875 	0.000264312 	1.81721e-05 	1
20.25 	0.000297548 	2.43941e-05 	1
20.3125 	0.000268051 	1.86904e-05 	1
20.375 	0.000160757 	1.1849e-05 	1
20.4375 	0.000409226 	2.78752e-05 	1
20.5 	0.000250315 	1.71327e-05 	1
20.5625 	0.000304602 	2.13877e-05 	1
20.625 	0.000117571 	3.08883e-06 	2
20.6875 	0.000238742 	1.77253e-05 	1
20.75 	0.000242686 	1.64953e-05 	1
20.8125 	7.33294e-05 	7.80932e-06 	1
20.875 	0.000179336 	1.53764e-05 	1
20.9375 	5.70885e-05 	5.1915e-06 	1
21.0 	0.000110686 	1.00194e-05 	1
21.0625 	0.000287386 	2.59222e-05 	1
21.1875 	0.000318378 	2.19851e-05 	1
21.3125 	0.000145218 	1.16166e-05 	1
21.375 	0.00019018 	1.58779e-05 	1
21.4375 	0.00036122 	2.4656e-05 	1
21.5 	0.000214638 	1.98211e-05 	1
21.5625 	9.21786e-05 	8.58566e-06 	1
21.625 	0.000217496 	1.63933e-05 	1
21.6875 	7.03489e-05 	6.06451e-06 	1
21.75 	9.33383e-05 	3.22815e-06 	2
21.8125 	0.000221418 	1.87634e-05 	1
21.875 	0.000118706 	1.04201e-05 	1
21.9375 	0.000101392 	3.21996e-06 	2
22.0 	0.000190042 	1.31304e-05 	1
22.125 	0.000149333 	1.06555e-05 	1
22.1875 	0.000159683 	1.40586e-05 	1
22.25 	0.000195242 	1.34646e-05 	1
22.3125 	0.000321099 	2.16255e-05 	1
22.375 	0.000122652 	3.24774e-06 	2
22.625 	0.000261957 	1.72731e-05 	1
22.6875 	0.00011328 	1.06636e-05 	1
22.75 	0.000243338 	2.2696e-05 	1
22.8125 	0.000147655 	1.29373e-05 	1
22.9375 	0.000133812 	9.31505e-06 	1
23.0 	0.000280877 	1.96023e-05 	1
23.0625 	0.00010239 	9.94371e-06 	1
23.125 	0.000289915 	1.95946e-05 	1
23.1875 	0.000133435 	1.24983e-05 	1
23.3125 	0.000290682 	1.99261e-05 	1
23.375 	0.000219348 	1.57685e-05 	1
23.4375 	0.000172099 	1.25083e-05 	1
23.5625 	0.000340416 	2.28983e-05 	1
23.6875 	0.000190271 	1.47428e-05 	1
23.75 	0.000134756 	1.14662e-05 	1
23.8125 	0.000131128 	3.30889e-06 	2
23.875 	0.000272309 	1.88316e-05 	1
23.9375 	0.000112168 	2.74432e-06 	2
24.0 	0.000112816 	9.65446e-06 	1
24.0625 	0.000232991 	1.71067e-05 	1
24.125 	0.000289248 	2.00278e-05 	1
24.1875 	0.000246652 	1.74557e-05 	1
24.3125 	8.99549e-05 	8.64355e-06 	1
24.375 	0.000114801 	9.5506e-06 	1
24.4375 	0.000122072 	3.1874e-06 	2
24.5 	0.000305466 	2.16174e-05 	1
24.5625 	0.000191848 	1.41096e-05 	1
24.625 	0.000128661 	1.23471e-05 	1
24.6875 	8.82724e-05 	2.25374e-06 	2
24.75 	0.000161641 	1.24111e-05 	1
24.8125 	0.000300891 	2.0435e-05 	1
25.0 	0.000168726 	1.29198e-05 	1
25.0625 	0.000252433 	1.7267e-05 	1
25.125 	0.000326364 	2.21505e-05 	1
25.25 	0.000267754 	1.78552e-05 	1
25.3125 	0.000148014 	1.07229e-05 	1
25.4375 	4.89576e-05 	4.16508e-06 	1
25.5 	0.000424038 	2.90497e-05 	1
25.5625 	0.000130579 	1.06081e-05 	1
25.625 	0.000123945 	3.55849e-06 	2
25.6875 	0.000271523 	1.82753e-05 	1
25.75 	0.000126285 	9.38464e-06 	1
25.8125 	0.000224126 	1.92692e-05 	1
25.875 	0.000173502 	4.57931e-06 	2
25.9375 	0.000395404 	3.23402e-05 	1
26.0 	0.000116211 	3.12041e-06 	2
26.0625 	0.000157499 	1.29974e-05 	1
26.125 	0.000108212 	9.63193e-06 	1
26.25 	7.89419e-05 	7.93304e-06 	1
26.3125 	0.000396615 	2.65462e-05 	1
26.375 	0.000186645 	1.34802e-05 	1
26.4375 	8.99759e-05 	9.3923e-06 	1
26.5 	0.000100553 	9.09143e-06 	1
26.5625 	0.000313802 	2.07891e-05 	1
26.625 	0.000365226 	2.45421e-05 	1
26.6875 	0.00024148 	1.71556e-05 	1
26.875 	9.37833e-05 	9.31774e-06 	1
26.9375 	0.000291609 	1.99356e-05 	1
27.0 	0.000248527 	1.89475e-05 	1
27.0625 	5.45775e-05 	4.76836e-06 	1
27.125 	0.000212821 	1.55101e-05 	1
27.25 	0.00020666 	1.57655e-05 	1
27.3125 	0.000114215 	9.22969e-06 	1
27.375 	0.000173345 	1.28612e-05 	1
27.5 	0.000234815 	1.65807e-05 	1
27.5625 	0.000110967 	2.69321e-06 	2
27.625 	9.68796e-05 	9.35772e-06 	1
27.6875 	0.000162005 	1.15542e-05 	1
27.75 	0.000100304 	3.24933e-06 	2
27.8125 	0.000174943 	1.23678e-05 	1
27.875 	0.000135662 	1.18794e-05 	1
28.0 	0.000103566 	1.01355e-05 	1
28.0625 	0.000149245 	1.30956e-05 	1
28.125 	0.000198229 	1.55922e-05 	1
28.3125 	0.000128497 	1.18639e-05 	1
28.375 	0.000128161 	3.28058e-06 	2
28.4375 	0.000156468 	1.27984e-05 	1
28.5 	0.00015197 	1.10688e-05 	1
28.625 	8.21507e-05 	8.58265e-06 	1
28.6875 	0.000229967 	1.98677e-05 	1
28.8125 	0.000128733 	1.09987e-05 	1
28.875 	0.000201111 	4.82757e-06 	2
28.9375 	9.37741e-05 	7.71196e-06 	1
29.0 	0.000137591 	1.055e-05 	1
29.0625 	0.000255322 	1.73413e-05 	1
29.125 	0.000113147 	8.36943e-06 	1
29.1875 	0.000321023 	2.64913e-05 	1
29.25 	0.000258149 	1.73771e-05 	1
29.3125 	0.000115777 	9.89912e-06 	1
29.375 	8.05048e-05 	8.37099e-06 	1
29.4375 	0.000116508 	2.99558e-06 	2
29.5 	0.000225879 	1.56266e-05 	1
29.5625 	0.000157524 	1.23841e-05 	1
29.625 	0.000152526 	1.49825e-05 	1
29.6875 	0.000136991 	1.09616e-05 	1
29.75 	0.000222698 	1.56309e-05 	1
29.875 	0.000139627 	1.37571e-05 	1
29.9375 	0.000136601 	1.30506e-05 	1
30.0 	0.000263869 	1.80157e-05 	1
30.125 	0.000177988 	1.33874e-05 	1
30.1875 	0.000139696 	1.03115e-05 	1
30.25 	0.000167002 	1.51258e-05 	1
30.3125 	0.000210075 	1.89331e-05 	1
30.375 	0.000118422 	1.04275e-05 	1
30.4375 	0.000486011 	3.2236e-05 	1
30.5 	0.000206772 	1.65483e-05 	1
30.5625 	0.000119962 	3.14054e-06 	2
30.625 	0.000149521 	1.33697e-05 	1
30.6875 	0.000298554 	2.03617e-05 	1
30.75 	0.000302989 	2.01841e-05 	1
30.8125 	0.000282275 	2.0981e-05 	1
30.9375 	0.000151827 	1.23317e-05 	1
31.0 	0.000108802 	2.38902e-06 	2
31.125 	8.76589e-05 	9.34997e-06 	1
31.1875 	0.000257927 	1.74965e-05 	1
31.25 	0.000258013 	2.15879e-05 	1
31.3125 	0.000116639 	8.55007e-06 	1
31.375 	0.000333625 	2.27559e-05 	1
31.5 	0.000113831 	1.09033e-05 	1
31.5625 	8.20208e-05 	8.71864e-06 	1
31.625 	0.000241788 	1.68466e-05 	1
31.6875 	7.59887e-05 	8.09661e-06 	1
31.75 	0.000297767 	1.98203e-05 	1
31.8125 	0.000419639 	2.82366e-05 	1
31.875 	0.000106469 	8.46658e-06 	1
31.9375 	0.000261049 	1.77847e-05 	1
32.0 	0.000146906 	3.72378e-06 	2
32.0625 	0.000107049 	9.03373e-06 	1
32.125 	0.000278106 	1.87212e-05 	1
32.1875 	9.84213e-05 	1.96304e-06 	2
32.25 	0.000187356 	1.4302e-05 	1
32.3125 	0.000499356 	3.34157e-05 	1
32.4375 	0.000248566 	1.8339e-05 	1
32.5 	0.000120688 	3.16267e-06 	2
32.625 	0.000138453 	2.96685e-06 	2
32.6875 	0.000235834 	1.59807e-05 	1
32.75 	0.000371014 	2.58932e-05 	1
32.8125 	0.000254918 	1.7302e-05 	1
32.875 	0.000145452 	1.04643e-05 	1
32.9375 	0.000247098 	1.80061e-05 	1
33.0 	0.000320747 	2.79101e-05 	1
33.0625 	0.000167536 	1.39758e-05 	1
33.125 	0.000189138 	1.3317e-05 	1
33.1875 	0.000100015 	8.48294e-06 	1
33.25 	0.000180708 	1.33759e-05 	1
33.3125 	0.000108128 	3.18e-06 	2
33.375 	0.00011167 	2.44042e-06 	2
33.4375 	0.000168225 	1.24309e-05 	1
33.5 	0.000215187 	1.9287e-05 	1
33.625 	0.000170521 	1.30723e-05 	1
33.6875 	0.000212618 	1.51865e-05 	1
33.75 	0.000174201 	1.4858e-05 	1
33.8125 	0.000110414 	8.29053e-06 	1
33.875 	0.00031612 	2.06838e-05 	1
33.9375 	0.000103113 	2.94353e-06 	2
34.0625 	0.000163665 	1.27613e-05 	1
34.125 	0.000233394 	1.64347e-05 	1
34.1875 	0.000201472 	1.48005e-05 	1
34.25 	0.000121095 	9.60544e-06 	1
34.3125 	0.000299526 	2.01206e-05 	1
34.375 	0.00016769 	1.1814e-05 	1
34.4375 	0.000287676 	1.97919e-05 	1
34.5 	0.000106179 	2.16873e-06 	2
34.5625 	0.000148205 	1.14605e-05 	1
34.625 	0.000219004 	1.51663e-05 	1
34.6875 	0.000279731 	1.91169e-05 	1
34.75 	0.000116356 	1.11717e-05 	1
34.875 	0.000182193 	1.30516e-05 	1
34.9375 	0.000122272 	2.92173e-06 	2
35.0 	7.08114e-05 	8.34133e-06 	1
35.0625 	0.000320194 	2.09801e-05 	1
35.125 	0.000237086 	1.61551e-05 	1
35.25 	0.000115238 	9.61394e-06 	1
35.3125 	0.000159248 	1.17126e-05 	1
35.375 	0.000182209 	1.46226e-05 	1
35.5625 	0.000214046 	1.5013e-05 	1
35.625 	0.000292051 	2.02401e-05 	1
35.6875 	0.000140521 	1.33337e-05 	1
35.75 	0.000119759 	3.19079e-06 	2
35.8125 	0.000197565 	1.34756e-05 	1
35.875 	0.000367815 	2.44514e-05 	1
35.9375 	0.000184607 	1.33847e-05 	1
36.0 	0.000170835 	1.31254e-05 	1
36.125 	0.00024598 	2.27936e-05 	1
36.25 	0.000220289 	1.58053e-05 	1
36.4375 	9.31406e-05 	9.31446e-06 	1
36.5 	0.000162118 	1.44969e-05 	1
36.5625 	0.000146817 	1.10406e-05 	1
36.625 	0.000253458 	1.78943e-05 	1
36.6875 	0.00034623 	2.34138e-05 	1
36.8125 	0.000163872 	1.53703e-05 	1
36.875 	0.000454419 	3.05856e-05 	1
36.9375 	0.000281994 	1.97501e-05 	1
37.0625 	0.00028472 	1.96125e-05 	1
37.125 	0.000214286 	1.52422e-05 	1
37.1875 	8.14872e-05 	8.11809e-06 	1
37.25 	0.000323695 	2.14901e-05 	1
37.3125 	0.000334861 	2.27361e-05 	1
37.375 	0.000194912 	1.41213e-05 	1
37.4375 	9.49091e-05 	8.06969e-06 	1
37.5 	0.000268726 	1.89751e-05 	1
37.5625 	0.000151682 	1.21658e-05 	1
37.625 	0.000109884 	1.05551e-05 	1
37.75 	0.000138859 	1.05179e-05 	1
37.8125 	0.000198112 	1.81222e-05 	1
37.875 	0.00019607 	1.5166e-05 	1
37.9375 	0.00011161 	1.07493e-05 	1
38.0 	0.000264551 	1.86492e-05 	1
38.0625 	0.000164001 	1.27607e-05 	1
38.125 	0.000143752 	1.27034e-05 	1
38.1875 	0.000260193 	1.82918e-05 	1
38.25 	0.000163515 	1.46974e-05 	1
38.3125 	7.49803e-05 	7.0393e-06 	1
38.375 	7.9964e-05 	7.89591e-06 	1
38.4375 	0.000270526 	2.02181e-05 	1
38.5625 	0.00011811 	9.67193e-06 	1
38.6875 	0.000173669 	1.2664e-05 	1
38.8125 	0.000164387 	1.1826e-05 	1
38.875 	0.000123322 	1.09127e-05 	1
38.9375 	0.000107633 	9.68049e-06 	1
39.0 	0.000131734 	1.06307e-05 	1
39.0625 	0.000376341 	2.51204e-05 	1
39.125 	0.000124981 	3.36194e-06 	2
39.1875 	0.000275526 	1.90803e-05 	1
39.25 	0.000289859 	1.9582e-05 	1
39.3125 	0.000237393 	1.84148e-05 	1
39.375 	6.36124e-05 	6.82535e-06 	1
39.5 	0.000310256 	2.11151e-05 	1
39.5625 	0.000103311 	9.69361e-06 	1
39.625 	0.000129078 	1.02972e-05 	1
39.6875 	0.000153783 	1.51148e-05 	1
39.75 	0.000125258 	1.17637e-05 	1
39.8125 	0.000111117 	2.2545e-06 	2
39.875 	0.00028726 	1.98691e-05 	1
39.9375 	0.000167209 	1.26218e-05 	1
40.0 	0.00023951 	2.04623e-05 	1
40.125 	0.000243345 	1.81919e-05 	1
40.25 	7.36408e-05 	6.8609e-06 	1
40.3125 	0.000118611 	1.01293e-05 	1
40.4375 	0.000381919 	2.54268e-05 	1
40.5 	0.000313633 	2.11061e-05 	1
40.5625 	0.000107476 	3.36286e-06 	2
40.625 	0.000196569 	1.49855e-05 	1
40.8125 	0.000141171 	1.2948e-05 	1
40.875 	0.000118624 	3.04997e-06 	2
40.9375 	0.000183227 	1.54626e-05 	1
41.0 	0.000248832 	1.69509e-05 	1
41.125 	0.000111137 	2.76388e-06 	2
41.1875 	8.25181e-05 	8.35927e-06 	1
41.25 	0.000437208 	2.98137e-05 	1
41.3125 	0.000193594 	1.5312e-05 	1
41.375 	8.27074e-05 	6.73926e-06 	1
41.4375 	0.000194454 	1.40373e-05 	1
41.5 	0.000208253 	1.53594e-05 	1
41.5625 	0.000137497 	1.20199e-05 	1
41.625 	0.000224692 	1.63424e-05 	1
41.6875 	9.85852e-05 	9.46132e-06 	1
41.8125 	0.000229986 	1.63029e-05 	1
41.875 	0.000302283 	2.03735e-05 	1
41.9375 	0.000217501 	1.60149e-05 	1
42.0 	0.000184845 	1.30363e-05 	1
42.125 	0.000209751 	1.4705e-05 	1
42.25 	0.000135245 	1.25582e-05 	1
42.375 	0.000411366 	2.76175e-05 	1
42.4375 	0.000165216 	1.22106e-05 	1
42.5 	0.0001314 	3.44623e-06 	2
42.625 	0.000189896 	1.66349e-05 	1
42.6875 	0.000250534 	1.73299e-05 	1
42.75 	0.000103125 	8.03729e-06 	1
42.8125 	0.000133341 	1.1235e-05 	1
42.875 	0.000239518 	2.09237e-05 	1
42.9375 	0.000189458 	1.33759e-05 	1
43.0 	0.00014592 	3.91635e-06 	2
43.0625 	0.000219724 	1.51649e-05 	1
43.125 	0.000249256 	1.75134e-05 	1
43.1875 	0.000142428 	1.24199e-05 	1
43.3125 	0.000240393 	1.6968e-05 	1
43.375 	0.000227343 	1.54568e-05 	1
43.4375 	0.000144223 	1.26677e-05 	1
43.5625 	0.00021448 	1.53742e-05 	1
43.6875 	0.000170742 	1.24266e-05 	1
43.75 	0.000149679 	1.3762e-05 	1
43.8125 	0.000155106 	1.13668e-05 	1
43.875 	0.000246076 	2.06744e-05 	1
43.9375 	0.00018271 	1.29017e-05 	1
44.0 	0.000250192 	1.70402e-05 	1
44.0625 	0.000345831 	2.89843e-05 	1
44.125 	0.000214792 	1.80855e-05 	1
44.1875 	0.000288188 	1.97894e-05 	1
44.25 	0.000204742 	1.46355e-05 	1
44.3125 	0.000158067 	1.23375e-05 	1
44.375 	0.000346127 	2.85954e-05 	1
44.4375 	9.27948e-05 	8.87515e-06 	1
44.5 	0.000218158 	1.5818e-05 	1
44.5625 	0.000185255 	1.3975e-05 	1
44.625 	0.000197643 	1.37603e-05 	1
44.6875 	0.000203948 	1.56733e-05 	1
44.75 	0.000223791 	1.62562e-05 	1
44.8125 	8.11499e-05 	7.97751e-06 	1
44.875 	0.000198625 	1.406e-05 	1
44.9375 	0.000269208 	1.93448e-05 	1
45.0 	0.000113915 	1.09276e-05 	1
45.0625 	0.000116854 	3.5034e-06 	2
45.125 	0.000175888 	1.19822e-05 	1
45.1875 	0.000213734 	1.4763e-05 	1
45.3125 	0.000124582 	3.30564e-06 	2
45.375 	8.6511e-05 	6.61779e-06 	1
45.5 	0.000298814 	2.10705e-05 	1
45.5625 	0.00016693 	1.48055e-05 	1
45.625 	0.000315949 	2.2801e-05 	1
45.6875 	8.66822e-05 	8.19162e-06 	1
45.75 	0.000128374 	9.54177e-06 	1
45.875 	0.000181192 	1.30199e-05 	1
45.9375 	0.000270543 	1.90583e-05 	1
46.0 	0.000197104 	1.47496e-05 	1
46.0625 	0.000259645 	1.89412e-05 	1
46.125 	0.00026708 	2.30576e-05 	1
46.3125 	0.000252698 	1.81246e-05 	1
46.375 	0.000115858 	9.48796e-06 	1
46.5 	0.000161151 	1.53624e-05 	1
46.5625 	0.000116166 	9.06698e-06 	1
46.625 	7.83744e-05 	6.63355e-06 	1
46.6875 	0.000221628 	1.79778e-05 	1
46.75 	0.000237529 	1.70678e-05 	1
46.8125 	0.000131771 	1.11511e-05 	1
46.875 	9.13551e-05 	9.6014e-06 	1
47.0 	0.000219964 	1.56969e-05 	1
47.0625 	0.000426895 	2.90819e-05 	1
47.125 	0.000226163 	1.68235e-05 	1
47.1875 	8.7836e-05 	8.93689e-06 	1
47.25 	0.000237302 	2.08598e-05 	1
47.3125 	8.60577e-05 	9.26877e-06 	1
47.375 	0.000139586 	1.35305e-05 	1
47.5 	0.000111099 	2.99228e-06 	2
47.5625 	0.00013143 	1.30948e-05 	1
47.625 	9.81615e-05 	9.83744e-06 	1
47.6875 	0.000109028 	2.95102e-06 	2
47.8125 	0.000142729 	1.25863e-05 	1
47.875 	0.000264949 	1.83295e-05 	1
48.0 	0.000109403 	1.08439e-05 	1
48.0625 	0.000121406 	1.03215e-05 	1
48.1875 	0.000216451 	1.83375e-05 	1
48.25 	0.000346026 	2.38621e-05 	1
48.3125 	0.000163158 	1.15136e-05 	1
48.375 	0.000340405 	2.3787e-05 	1
48.4375 	0.000161567 	1.34714e-05 	1
48.5 	0.00019733 	1.51331e-05 	1
48.5625 	0.000103321 	8.80625e-06 	1
48.75 	0.000185016 	1.33116e-05 	1
48.8125 	0.000118196 	9.79974e-06 	1
48.9375 	0.000103193 	1.0147e-05 	1
49.0 	0.000122648 	1.11172e-05 	1
49.125 	0.000118165 	3.03002e-06 	2
49.1875 	5.29885e-05 	5.63983e-06 	1
49.25 	0.000223598 	1.58326e-05 	1
49.3125 	0.000144497 	1.40596e-05 	1
49.375 	0.00016318 	1.51795e-05 	1
49.4375 	0.000120969 	1.08928e-05 	1
49.5 	0.000151674 	1.31771e-05 	1
49.5625 	0.000313786 	2.10097e-05 	1
49.625 	0.000136422 	1.15899e-05 	1
49.6875 	0.000341544 	2.43944e-05 	1
49.75 	0.000180716 	1.71457e-05 	1
50.0625 	0.000263725 	2.2371e-05 	1
50.125 	0.000242911 	1.68507e-05 	1
50.25 	0.000224182 	1.5609e-05 	1
50.3125 	0.000135596 	1.35381e-05 	1
50.375 	0.000128547 	4.17082e-06 	2
50.4375 	0.000124198 	8.72743e-06 	1
50.5 	0.000188095 	1.38588e-05 	1
50.5625 	0.000212069 	1.57058e-05 	1
50.625 	0.000293501 	1.96656e-05 	1
50.75 	0.00017317 	1.26374e-05 	1
50.8125 	0.000152386 	1.14784e-05 	1
50.875 	9.69334e-05 	7.42122e-06 	1
50.9375 	0.000190183 	1.54743e-05 	1
51.0 	0.000154419 	1.11798e-05 	1
51.0625 	9.96923e-05 	3.03232e-06 	2
51.125 	0.000100012 	9.96013e-06 	1
51.1875 	0.000169428 	1.22638e-05 	1
51.25 	0.000168835 	1.18666e-05 	1
51.3125 	9.6585e-05 	1.96635e-06 	2
51.375 	0.000248692 	2.20074e-05 	1
51.4375 	0.000120242 	1.01766e-05 	1
51.5 	0.000163511 	1.31682e-05 	1
51.5625 	0.00031992 	2.19746e-05 	1
51.625 	0.000185442 	1.41715e-05 	1
51.6875 	0.00011816 	1.09822e-05 	1
51.8125 	0.000283644 	1.96518e-05 	1
51.875 	0.000112762 	1.0808e-05 	1
52.0 	0.000232996 	1.59407e-05 	1
52.0625 	0.000176752 	1.5504e-05 	1
52.1875 	0.000197134 	1.87299e-05 	1
52.25 	0.000164255 	1.50411e-05 	1
52.3125 	8.03479e-05 	7.11235e-06 	1
52.375 	9.10134e-05 	7.68465e-06 	1
52.4375 	0.000121102 	3.22193e-06 	2
52.5 	0.000135551 	3.48511e-06 	2
52.5625 	0.000277331 	1.86232e-05 	1
52.625 	0.000129034 	1.0402e-05 	1
52.6875 	0.000346123 	2.34555e-05 	1
52.75 	0.000354126 	2.41703e-05 	1
52.8125 	0.00023674 	1.57542e-05 	1
52.875 	0.000317421 	2.20494e-05 	1
52.9375 	0.000196236 	1.47619e-05 	1
53.0 	0.000138742 	1.12759e-05 	1
53.125 	7.08422e-05 	7.15601e-06 	1
53.1875 	0.00019514 	1.46892e-05 	1
53.25 	0.000111314 	2.92947e-06 	2
53.3125 	0.000237229 	1.58636e-05 	1
53.375 	0.000330374 	2.28782e-05 	1
53.5 	0.000124258 	1.09308e-05 	1
53.5625 	0.000119007 	2.72867e-06 	2
53.625 	0.000243143 	1.74735e-05 	1
53.6875 	0.000151845 	1.16982e-05 	1
53.75 	0.000158036 	1.19341e-05 	1
53.8125 	0.00019136 	1.68133e-05 	1
53.875 	0.000180224 	1.29588e-05 	1
53.9375 	0.000140509 	1.02688e-05 	1
54.0 	0.000205875 	1.46829e-05 	1
54.0625 	0.000341263 	2.33108e-05 	1
54.125 	5.86306e-05 	6.17704e-06 	1
54.1875 	0.000361697 	2.38405e-05 	1
54.25 	0.000162066 	1.48242e-05 	1
54.3125 	0.000402911 	2.68964e-05 	1
54.375 	0.000302032 	2.04095e-05 	1
54.4375 	0.000186955 	1.43493e-05 	1
54.5 	0.000176979 	1.6547e-05 	1
54.625 	8.01819e-05 	6.14246e-06 	1
54.6875 	0.000149366 	1.27203e-05 	1
54.8125 	0.000171001 	1.28563e-05 	1
54.875 	0.000254383 	1.83173e-05 	1
54.9375 	0.000138756 	1.2274e-05 	1
55.0 	0.000231045 	1.74578e-05 	1
55.0625 	0.000142867 	1.24465e-05 	1
55.125 	9.82407e-05 	8.49098e-06 	1
55.1875 	0.000131446 	1.07259e-05 	1
55.3125 	0.000137326 	1.30148e-05 	1
55.4375 	0.000160716 	1.12448e-05 	1
55.5 	0.000170978 	1.2183e-05 	1
55.625 	0.00033167 	2.76339e-05 	1
55.6875 	0.00029794 	1.98514e-05 	1
55.75 	0.000238364 	1.66766e-05 	1
55.8125 	0.000209256 	1.48952e-05 	1
55.875 	0.000107811 	2.88258e-06 	2
55.9375 	0.000167718 	1.19316e-05 	1
56.0 	0.000151009 	1.30186e-05 	1
56.0625 	0.000172613 	1.21018e-05 	1
56.125 	0.000172722 	4.10229e-06 	2
56.1875 	0.000247655 	1.76083e-05 	1
56.25 	5.0647e-05 	5.2125e-06 	1
56.3125 	0.000132146 	3.48922e-06 	2
56.375 	0.000152468 	1.21587e-05 	1
56.4375 	0.000181592 	1.40696e-05 	1
56.5625 	0.000133128 	1.02245e-05 	1
56.625 	5.89684e-05 	5.52463e-06 	1
56.6875 	0.000128131 	3.40959e-06 	2
56.75 	0.000249369 	1.94524e-05 	1
56.8125 	0.000138812 	1.27178e-05 	1
56.875 	5.23663e-05 	5.14298e-06 	1
56.9375 	0.000180001 	1.34394e-05 	1
57.0 	0.000317316 	2.7086e-05 	1
57.0625 	0.000202265 	1.52087e-05 	1
57.125 	0.000107915 	9.53263e-06 	1
57.1875 	0.000109087 	9.50625e-06 	1
57.25 	0.000297644 	2.03079e-05 	1
57.3125 	0.000102425 	7.98841e-06 	1
57.375 	0.000235465 	1.64707e-05 	1
57.4375 	0.000204477 	1.90218e-05 	1
57.5 	0.000160821 	1.43133e-05 	1
57.5625 	0.000152466 	1.23898e-05 	1
57.625 	0.000122276 	1.18523e-05 	1
57.6875 	0.000140502 	1.1318e-05 	1
57.75 	0.000251319 	1.77032e-05 	1
57.8125 	0.000135326 	1.3344e-05 	1
57.9375 	0.000264944 	1.86039e-05 	1
58.0 	0.000209392 	1.58749e-05 	1
58.0625 	0.0003817 	2.64606e-05 	1
58.125 	0.000111862 	2.15703e-06 	2
58.1875 	0.000119992 	2.88775e-06 	2
58.25 	0.000128422 	1.25213e-05 	1
58.3125 	0.000264589 	1.78811e-05 	1
58.375 	9.1224e-05 	6.75066e-06 	1
58.4375 	0.000283156 	2.04472e-05 	1
58.5 	0.000105585 	8.98651e-06 	1
58.5625 	0.000195311 	1.76297e-05 	1
58.625 	0.000242887 	1.69431e-05 	1
58.6875 	0.000211965 	1.51391e-05 	1
58.8125 	9.61582e-05 	9.80529e-06 	1
58.875 	0.000103956 	9.01697e-06 	1
58.9375 	0.000245301 	1.67642e-05 	1
59.0 	0.000211947 	1.53773e-05 	1
59.125 	0.000135338 	1.10564e-05 	1
59.1875 	6.71746e-05 	7.3144e-06 	1
59.25 	0.000130969 	2.73502e-06 	2
59.3125 	0.000126262 	3.33464e-06 	2
59.375 	0.00015829 	1.25677e-05 	1
59.4375 	0.000278517 	1.94559e-05 	1
59.5 	0.000300195 	2.01276e-05 	1
59.5625 	0.000130024 	1.10221e-05 	1
59.6875 	0.000288589 	2.19912e-05 	1
59.8125 	0.000276852 	1.94105e-05 	1
59.875 	0.000140707 	3.68465e-06 	2
59.9375 	0.000277482 	1.95155e-05 	1
60.0 	0.000267147 	1.86193e-05 	1
60.0625 	0.000173149 	1.55758e-05 	1
60.125 	0.000190901 	1.39884e-05 	1
60.375 	0.000149919 	1.07225e-05 	1
60.4375 	0.000134835 	1.30265e-05 	1
60.5 	0.000156629 	1.37114e-05 	1
60.5625 	0.000302192 	2.15185e-05 	1
60.625 	0.000215441 	1.46714e-05 	1
60.6875 	0.000154698 	1.24314e-05 	1
60.75 	0.000200737 	1.47507e-05 	1
60.8125 	0.000149299 	1.31568e-05 	1
60.875 	0.000104958 	9.19004e-06 	1
60.9375 	0.000123441 	9.88948e-06 	1
61.0 	0.000379206 	2.54483e-05 	1
61.0625 	0.00011073 	1.01335e-05 	1
61.125 	0.000178829 	1.25267e-05 	1
61.1875 	0.000147236 	1.42104e-05 	1
61.25 	0.000235641 	2.12184e-05 	1
61.3125 	0.000100082 	2.61867e-06 	2
61.375 	0.000243987 	1.64612e-05 	1
61.4375 	0.000304189 	2.16908e-05 	1
61.5 	0.000193275 	1.47168e-05 	1
61.625 	0.000261782 	1.76787e-05 	1
61.6875 	0.000247485 	1.82104e-05 	1
61.75 	0.00035254 	2.39374e-05 	1
61.8125 	0.000292308 	1.92363e-05 	1
61.875 	0.000235059 	1.67858e-05 	1
61.9375 	0.000168129 	1.31423e-05 	1
62.0 	0.000113378 	1.02374e-05 	1
62.125 	0.0003357 	2.24779e-05 	1
62.1875 	0.00010345 	3.11498e-06 	2
62.25 	0.000133944 	1.02446e-05 	1
62.3125 	0.000250695 	1.72986e-05 	1
62.375 	0.000115537 	9.64217e-06 	1
62.5 	0.000128977 	3.42456e-06 	2
62.5625 	0.000181378 	1.45219e-05 	1
62.6875 	0.000332064 	2.23015e-05 	1
62.75 	6.76581e-05 	6.99077e-06 	1
62.875 	0.000194799 	1.36143e-05 	1
62.9375 	0.0001814 	1.75418e-05 	1
63.0 	0.000174853 	1.31216e-05 	1
63.125 	0.000179753 	1.36545e-05 	1
63.25 	9.57442e-05 	8.32964e-06 	1
63.375 	8.27236e-05 	7.35318e-06 	1
63.4375 	9.53177e-05 	2.82755e-06 	2
63.5625 	9.84632e-05 	8.51971e-06 	1
63.625 	0.000132224 	9.37353e-06 	1
63.8125 	0.000130011 	9.65121e-06 	1
63.875 	0.000149296 	3.62031e-06 	2
63.9375 	0.000265905 	2.4187e-05 	1
64.0 	0.000288029 	1.98267e-05 	1
64.0625 	0.000108653 	9.29244e-06 	1
64.25 	0.000297489 	1.99095e-05 	1
64.3125 	0.00011722 	3.12951e-06 	2
64.4375 	0.000323141 	2.26086e-05 	1
64.5625 	8.74248e-05 	7.47407e-06 	1
64.6875 	0.000171428 	1.41048e-05 	1
64.75 	0.000163123 	1.23259e-05 	1
64.8125 	0.000102642 	2.5184e-06 	2
64.875 	0.000157451 	1.18824e-05 	1
64.9375 	0.000213901 	1.55105e-05 	1
65.0 	0.000205761 	1.62511e-05 	1
65.0625 	0.00018399 	1.38099e-05 	1
65.125 	0.000365137 	2.39139e-05 	1
65.25 	0.000328071 	2.22791e-05 	1
65.5 	0.000305782 	2.06514e-05 	1
65.625 	0.000113605 	1.03445e-05 	1
65.6875 	0.000143721 	1.18732e-05 	1
65.75 	6.91448e-05 	5.56716e-06 	1
65.8125 	0.000304546 	2.12962e-05 	1
65.9375 	9.15622e-05 	2.42314e-06 	2
66.0 	0.000312549 	2.12987e-05 	1
66.0625 	0.000201166 	1.43402e-05 	1
66.1875 	0.000134609 	1.18577e-05 	1
66.25 	0.000117732 	1.15502e-05 	1
66.3125 	0.000495809 	3.28231e-05 	1
66.375 	0.000134954 	3.40432e-06 	2
66.4375 	0.000129779 	1.1902e-05 	1
66.5 	0.000157682 	1.33801e-05 	1
66.5625 	0.000224309 	1.57145e-05 	1
66.625 	0.00026733 	1.82166e-05 	1
66.75 	7.43885e-05 	5.78282e-06 	1
66.8125 	0.000217101 	1.55156e-05 	1
66.875 	0.000132582 	9.86481e-06 	1
66.9375 	9.32947e-05 	8.61802e-06 	1
67.0 	0.000207659 	1.50443e-05 	1
67.125 	0.000170367 	1.21977e-05 	1
67.1875 	0.00020275 	1.46681e-05 	1
67.25 	0.000493833 	3.31081e-05 	1
67.3125 	0.000376184 	2.52376e-05 	1
67.375 	0.000246878 	2.28869e-05 	1
67.4375 	0.000247601 	1.7058e-05 	1
67.5 	0.000182494 	1.24496e-05 	1
67.5625 	0.000231575 	1.61162e-05 	1
67.8125 	0.000178216 	1.36464e-05 	1
67.875 	0.000109229 	1.05649e-05 	1
67.9375 	0.000187145 	1.67458e-05 	1
68.0 	0.000143981 	1.18168e-05 	1
68.0625 	6.04532e-05 	5.74888e-06 	1
68.125 	9.02973e-05 	7.31905e-06 	1
68.1875 	0.000103023 	2.06727e-06 	2
68.25 	0.000268753 	1.89007e-05 	1
68.3125 	0.000231792 	1.6682e-05 	1
68.375 	0.00030822 	2.09698e-05 	1
68.4375 	0.000203759 	1.49334e-05 	1
68.5 	0.000159298 	1.2264e-05 	1
68.5625 	0.000310107 	2.14161e-05 	1
68.625 	0.000117541 	1.14756e-05 	1
68.6875 	0.000135141 	1.14416e-05 	1
68.75 	0.00040666 	2.77868e-05 	1
68.8125 	0.00012294 	1.17963e-05 	1
68.875 	0.000124738 	1.21387e-05 	1
68.9375 	0.000232048 	1.67746e-05 	1
69.0 	0.000140854 	9.79983e-06 	1
69.0625 	0.000159556 	1.22634e-05 	1
69.125 	0.00012176 	1.15743e-05 	1
69.1875 	0.000211285 	1.46492e-05 	1
69.25 	0.000225575 	1.90728e-05 	1
69.3125 	0.000121293 	3.57474e-06 	2
69.4375 	8.61237e-05 	8.02544e-06 	1
69.5 	0.000122536 	1.00291e-05 	1
69.5625 	0.000190774 	1.42033e-05 	1
69.625 	0.000281444 	2.03987e-05 	1
69.75 	0.00030011 	2.06685e-05 	1
69.8125 	0.000118491 	2.95661e-06 	2
69.875 	0.000136101 	1.13206e-05 	1
69.9375 	8.24066e-05 	7.19846e-06 	1
