# time 	Initial 	Final 	Iterations
0.333274 	0.000206547 	1.20314e-05 	1
0.579973 	0.000193818 	1.42945e-05 	1
0.642226 	0.000240452 	1.77841e-05 	1
0.766734 	0.00020133 	1.87218e-05 	1
0.828988 	0.000289257 	2.12137e-05 	1
1.26477 	0.000342898 	2.45521e-05 	1
1.38927 	0.000237445 	2.12989e-05 	1
1.45153 	0.00015648 	1.18298e-05 	1
1.51378 	0.000151575 	1.3669e-05 	1
1.7628 	0.000313691 	2.30798e-05 	1
1.8873 	0.000325006 	2.79094e-05 	1
1.94956 	0.000245977 	1.77526e-05 	1
2.19857 	0.000296808 	2.15176e-05 	1
2.26083 	0.00017845 	1.34181e-05 	1
2.32308 	0.000174528 	1.54415e-05 	1
2.38534 	0.000342141 	2.53805e-05 	1
2.44759 	0.000154187 	3.70958e-06 	2
2.63435 	0.000388244 	2.77958e-05 	1
2.69661 	0.000328727 	2.35305e-05 	1
2.88337 	8.68316e-05 	7.26771e-06 	1
2.94562 	0.000166305 	1.43669e-05 	1
3.07013 	0.000121446 	1.07662e-05 	1
3.25689 	7.74518e-05 	8.85431e-06 	1
3.31914 	0.000406559 	2.89337e-05 	1
3.3814 	0.00037806 	3.24743e-05 	1
3.44365 	0.000112394 	8.68683e-06 	1
3.69267 	0.000105694 	9.31772e-06 	1
3.75492 	0.000252304 	1.86176e-05 	1
3.87943 	0.000224015 	1.62984e-05 	1
4.06619 	0.000298205 	2.15316e-05 	1
4.12845 	0.000346334 	2.492e-05 	1
4.1907 	0.000250618 	2.05559e-05 	1
4.25295 	0.000139329 	1.36076e-05 	1
4.31521 	0.000183204 	1.61438e-05 	1
4.37746 	8.12427e-05 	9.22704e-06 	1
4.50197 	0.000428702 	3.01843e-05 	1
4.56422 	9.85016e-05 	2.66027e-06 	2
4.62648 	0.000368011 	2.60401e-05 	1
4.68873 	0.000143018 	1.097e-05 	1
4.93775 	0.000222719 	1.74994e-05 	1
5.0 	0.000330109 	2.331e-05 	1
5.0625 	0.000300905 	2.88874e-05 	1
5.125 	0.000197638 	1.89555e-05 	1
5.25 	0.000252609 	1.8267e-05 	1
5.375 	0.000377516 	2.72665e-05 	1
5.5 	0.000160329 	1.37276e-05 	1
5.5625 	0.000216864 	1.70661e-05 	1
5.625 	0.000177499 	1.35225e-05 	1
5.6875 	0.000106158 	2.83207e-06 	2
5.8125 	0.000282122 	2.04827e-05 	1
5.875 	0.000173932 	1.54472e-05 	1
5.9375 	0.000335338 	2.47724e-05 	1
6.0 	0.000364582 	2.60095e-05 	1
6.1875 	0.000111889 	9.71444e-06 	1
6.25 	0.000178621 	1.60589e-05 	1
6.4375 	0.000294077 	2.26938e-05 	1
6.75 	8.24055e-05 	8.82404e-06 	1
6.8125 	0.00040468 	2.98147e-05 	1
6.9375 	0.000371079 	2.67242e-05 	1
7.1875 	0.00030409 	2.20568e-05 	1
7.5625 	0.000456773 	3.2853e-05 	1
7.6875 	0.000253974 	1.89895e-05 	1
7.8125 	0.000421145 	2.97295e-05 	1
7.9375 	0.000315005 	2.32606e-05 	1
8.0 	0.000379367 	2.68555e-05 	1
8.0625 	0.000107041 	8.21797e-06 	1
8.125 	0.000290404 	2.12489e-05 	1
8.4375 	0.000227477 	1.71389e-05 	1
8.5 	0.00034361 	2.45851e-05 	1
8.5625 	0.000342771 	2.40394e-05 	1
8.8125 	0.000221413 	1.73385e-05 	1
8.9375 	0.00022542 	1.94098e-05 	1
9.0 	0.000273219 	2.07258e-05 	1
9.1875 	0.000162571 	1.20161e-05 	1
9.25 	0.000375033 	2.68542e-05 	1
9.3125 	0.000316395 	2.36562e-05 	1
9.375 	0.000138605 	1.07869e-05 	1
9.4375 	0.000607778 	5.09744e-05 	1
9.5625 	0.000182539 	1.58352e-05 	1
9.625 	0.000233224 	1.95515e-05 	1
9.6875 	0.000110586 	8.7283e-06 	1
9.8125 	7.59066e-05 	8.62835e-06 	1
9.9375 	0.000314609 	2.31558e-05 	1
10.0 	0.000267937 	1.95811e-05 	1
10.1875 	9.83268e-05 	7.23377e-06 	1
10.3125 	0.000219258 	1.57957e-05 	1
10.625 	0.000147034 	3.95562e-06 	2
10.6875 	0.000179812 	1.60637e-05 	1
10.75 	0.0003513 	2.5714e-05 	1
10.8125 	0.000183084 	1.78996e-05 	1
10.875 	0.000325793 	3.01704e-05 	1
11.0 	0.000387451 	2.78828e-05 	1
11.0625 	0.000334514 	2.38354e-05 	1
11.1875 	0.000165644 	4.22808e-06 	2
11.6875 	0.000148807 	1.11114e-05 	1
11.75 	0.000389196 	2.80138e-05 	1
11.8125 	0.000309304 	2.8706e-05 	1
11.9375 	0.000223545 	2.04764e-05 	1
12.0 	0.000141181 	1.40836e-05 	1
12.0625 	5.81265e-05 	6.71565e-06 	1
12.1875 	8.65382e-05 	8.25653e-06 	1
12.3125 	0.000138505 	1.31478e-05 	1
12.375 	0.00016301 	3.76067e-06 	2
12.625 	0.000398338 	2.79847e-05 	1
12.6875 	0.000202184 	1.63445e-05 	1
12.8125 	0.000179229 	1.5579e-05 	1
12.875 	0.000265282 	2.04198e-05 	1
13.0 	0.00022341 	1.68013e-05 	1
13.0625 	0.000268284 	1.98707e-05 	1
13.1875 	0.000135519 	1.31644e-05 	1
13.25 	0.000139729 	1.35833e-05 	1
13.375 	6.17486e-05 	6.84289e-06 	1
13.5625 	0.00018429 	1.4668e-05 	1
13.625 	0.000324501 	2.42275e-05 	1
13.6875 	0.000372884 	2.67806e-05 	1
14.0625 	0.000207962 	1.64052e-05 	1
14.125 	0.000210444 	1.52421e-05 	1
14.1875 	0.000109889 	8.00185e-06 	1
14.3125 	0.000196421 	1.56014e-05 	1
14.375 	0.000386958 	2.82323e-05 	1
14.4375 	0.000130181 	9.98616e-06 	1
14.5 	0.000433845 	3.09483e-05 	1
14.625 	0.000259945 	1.84082e-05 	1
14.6875 	0.00013331 	3.61946e-06 	2
14.75 	0.000367171 	2.67002e-05 	1
14.8125 	0.000372695 	2.64911e-05 	1
14.9375 	0.000131658 	1.21662e-05 	1
15.0 	0.000304051 	2.54843e-05 	1
15.1875 	0.000349375 	2.4677e-05 	1
15.25 	0.000240879 	1.92814e-05 	1
15.3125 	0.000406284 	2.97899e-05 	1
15.375 	0.000185449 	1.57263e-05 	1
15.4375 	0.000154508 	4.20965e-06 	2
15.5 	0.000168492 	1.57389e-05 	1
15.8125 	0.000545474 	3.90804e-05 	1
15.9375 	0.000170441 	1.66038e-05 	1
16.0 	0.000334994 	2.45006e-05 	1
16.0625 	0.000125052 	1.09671e-05 	1
16.125 	0.000263812 	1.96309e-05 	1
16.1875 	0.000167059 	1.42173e-05 	1
16.25 	0.000375254 	2.68293e-05 	1
16.3125 	4.3207e-05 	4.68407e-06 	1
16.375 	0.000285826 	2.07487e-05 	1
16.5 	0.000343664 	2.4626e-05 	1
16.625 	9.78087e-05 	8.04144e-06 	1
16.8125 	0.000354717 	2.61393e-05 	1
16.9375 	0.000130724 	3.49877e-06 	2
17.25 	0.000162583 	1.1926e-05 	1
17.3125 	0.000247399 	1.88001e-05 	1
17.375 	0.000124332 	1.23393e-05 	1
17.4375 	0.000240179 	2.03411e-05 	1
17.5625 	0.000108451 	7.92759e-06 	1
17.6875 	0.000218741 	5.70346e-06 	2
18.0 	0.000129406 	1.22411e-05 	1
18.0625 	0.000415367 	2.979e-05 	1
18.1875 	0.000173077 	1.26648e-05 	1
18.25 	0.00013167 	3.00039e-06 	2
18.375 	0.000386078 	2.74977e-05 	1
18.4375 	0.000309812 	2.26864e-05 	1
18.5625 	0.000190293 	1.41659e-05 	1
18.625 	0.000157681 	1.54577e-05 	1
18.8125 	0.000257202 	1.87864e-05 	1
18.875 	0.000142051 	1.16655e-05 	1
18.9375 	0.000177616 	1.46011e-05 	1
19.125 	0.000162342 	1.59046e-05 	1
19.4375 	0.000282163 	2.13396e-05 	1
19.5 	0.000235115 	1.82343e-05 	1
19.625 	0.000171461 	1.58329e-05 	1
19.6875 	0.000333436 	2.40646e-05 	1
19.75 	0.000171849 	1.6209e-05 	1
19.9375 	0.000181214 	1.37075e-05 	1
20.125 	0.000284366 	2.40791e-05 	1
20.1875 	0.000198816 	1.54122e-05 	1
20.375 	0.000187757 	1.67333e-05 	1
20.4375 	0.000411039 	2.97902e-05 	1
20.5 	0.000237164 	1.80325e-05 	1
20.625 	0.000114489 	9.42136e-06 	1
20.6875 	0.000349142 	2.54428e-05 	1
20.75 	0.000223349 	1.68801e-05 	1
21.0 	0.000143451 	1.21158e-05 	1
21.0625 	0.000364797 	2.6273e-05 	1
21.1875 	0.000423686 	3.0751e-05 	1
21.3125 	0.000194917 	1.42978e-05 	1
21.5625 	0.000260997 	2.35679e-05 	1
21.75 	0.000131131 	1.26563e-05 	1
21.8125 	0.000219423 	1.78574e-05 	1
21.875 	0.000294014 	2.65344e-05 	1
21.9375 	0.0001778 	1.59012e-05 	1
22.1875 	0.000272009 	1.94523e-05 	1
22.25 	0.000207748 	1.51004e-05 	1
22.3125 	0.000355585 	2.55297e-05 	1
22.9375 	0.000198628 	1.62616e-05 	1
23.0 	0.00018656 	1.35613e-05 	1
23.125 	0.000303363 	2.23785e-05 	1
23.1875 	0.000319212 	2.28169e-05 	1
23.3125 	0.000132651 	3.01502e-06 	2
23.375 	0.000107588 	9.76349e-06 	1
23.4375 	0.000250522 	1.97426e-05 	1
23.6875 	0.000136708 	3.17078e-06 	2
23.8125 	0.000148873 	1.31767e-05 	1
24.0 	0.000136131 	3.68379e-06 	2
24.0625 	0.000300583 	2.13876e-05 	1
24.3125 	0.000645659 	4.62281e-05 	1
24.375 	0.000281295 	2.61127e-05 	1
24.4375 	0.000358476 	2.60651e-05 	1
24.5625 	0.00024986 	2.16652e-05 	1
24.6875 	0.000305688 	2.3562e-05 	1
24.75 	0.000332227 	2.37556e-05 	1
24.8125 	0.000368359 	2.63488e-05 	1
25.0 	0.000174934 	1.43655e-05 	1
25.0625 	0.000449171 	3.94769e-05 	1
25.125 	0.000182202 	1.57673e-05 	1
25.25 	0.000497196 	3.57051e-05 	1
25.3125 	0.000263636 	1.96396e-05 	1
25.625 	0.000342736 	2.46194e-05 	1
25.6875 	0.000277841 	2.42527e-05 	1
25.75 	0.000141645 	1.04004e-05 	1
25.8125 	0.000220927 	1.85071e-05 	1
26.0 	0.000401019 	3.57286e-05 	1
26.125 	0.000375163 	2.66104e-05 	1
26.25 	0.000282807 	2.02502e-05 	1
26.375 	0.000377292 	2.67255e-05 	1
26.5 	0.000261831 	1.9257e-05 	1
26.625 	0.000488887 	3.48602e-05 	1
26.6875 	9.21514e-05 	7.56734e-06 	1
26.875 	0.000400341 	2.82614e-05 	1
26.9375 	0.000210255 	2.0359e-05 	1
27.0 	0.000226146 	1.83903e-05 	1
27.25 	0.000225545 	1.67934e-05 	1
27.3125 	0.000140689 	3.41405e-06 	2
27.625 	0.000193987 	1.7479e-05 	1
27.75 	0.000362119 	2.63037e-05 	1
28.0 	0.000274206 	2.43055e-05 	1
28.0625 	0.000340547 	2.4494e-05 	1
28.125 	0.000149762 	1.4635e-05 	1
28.3125 	0.000301408 	2.15056e-05 	1
28.5 	0.000279004 	2.14234e-05 	1
28.6875 	0.000440647 	3.88365e-05 	1
28.8125 	7.60731e-05 	9.10051e-06 	1
28.875 	0.000162412 	1.20275e-05 	1
29.0 	0.000274497 	2.37774e-05 	1
29.0625 	0.000193677 	1.9156e-05 	1
29.125 	8.85097e-05 	8.19936e-06 	1
29.1875 	0.000214111 	1.62368e-05 	1
29.25 	0.000178144 	1.56948e-05 	1
29.375 	0.000418265 	3.01134e-05 	1
29.4375 	0.000251301 	2.01292e-05 	1
29.625 	0.000356084 	3.27825e-05 	1
29.6875 	0.000168123 	1.54827e-05 	1
29.75 	0.000149891 	1.26768e-05 	1
29.9375 	0.000479326 	3.47275e-05 	1
30.125 	0.000152044 	1.26539e-05 	1
30.25 	0.000168589 	1.39813e-05 	1
30.3125 	0.000204577 	1.87685e-05 	1
30.375 	0.000208373 	1.70933e-05 	1
30.4375 	0.000252662 	1.79586e-05 	1
30.5 	0.000323138 	2.32394e-05 	1
30.5625 	0.000153301 	1.45655e-05 	1
30.8125 	0.000461407 	3.24939e-05 	1
30.9375 	0.000408961 	2.90809e-05 	1
31.1875 	0.000205019 	1.49831e-05 	1
31.25 	0.000215345 	1.73119e-05 	1
31.375 	0.000546524 	3.9308e-05 	1
31.625 	0.000453775 	3.18979e-05 	1
31.75 	0.000396084 	2.80026e-05 	1
31.8125 	0.000228224 	1.65443e-05 	1
31.875 	0.000300075 	2.13999e-05 	1
32.0 	0.000362425 	2.59565e-05 	1
32.125 	0.000127857 	1.12698e-05 	1
32.1875 	0.000237526 	1.86031e-05 	1
32.25 	0.000364165 	2.61181e-05 	1
32.3125 	0.000163582 	1.30419e-05 	1
32.4375 	9.76394e-05 	2.60087e-06 	2
32.5 	0.000221505 	1.61818e-05 	1
32.625 	0.000134529 	1.2819e-05 	1
32.6875 	0.000200906 	1.58398e-05 	1
32.75 	9.92621e-05 	2.78713e-06 	2
32.8125 	0.00024946 	1.83611e-05 	1
32.875 	0.000172912 	1.46365e-05 	1
33.0 	0.000232666 	1.78145e-05 	1
33.0625 	0.000596015 	4.22473e-05 	1
33.125 	0.000220522 	2.12431e-05 	1
33.3125 	0.000201369 	1.46393e-05 	1
33.375 	0.000225399 	2.20604e-05 	1
33.4375 	0.000340003 	2.4338e-05 	1
33.625 	0.000253659 	1.96912e-05 	1
33.6875 	0.000191017 	1.50552e-05 	1
33.875 	0.000123072 	1.0044e-05 	1
33.9375 	0.000208093 	1.70974e-05 	1
34.125 	0.000169841 	1.57994e-05 	1
34.1875 	0.000216039 	1.94264e-05 	1
34.25 	0.000636902 	4.55428e-05 	1
34.3125 	0.00037436 	2.66782e-05 	1
34.375 	0.000302168 	2.22527e-05 	1
34.5 	0.00015914 	1.22756e-05 	1
34.5625 	0.000250752 	1.83547e-05 	1
34.625 	0.000236913 	2.07372e-05 	1
34.6875 	0.000316613 	2.24497e-05 	1
34.875 	0.00030766 	2.26779e-05 	1
34.9375 	0.000465961 	3.93473e-05 	1
35.0625 	0.00013329 	9.92124e-06 	1
35.125 	0.000172158 	1.36652e-05 	1
35.25 	0.00019061 	1.89317e-05 	1
35.3125 	0.000246865 	1.81645e-05 	1
35.375 	0.000141774 	3.62785e-06 	2
35.625 	0.000101519 	2.73888e-06 	2
35.6875 	0.000448219 	3.16122e-05 	1
35.75 	7.67205e-05 	7.32286e-06 	1
35.8125 	0.000403574 	2.87301e-05 	1
35.875 	0.000215229 	1.75484e-05 	1
35.9375 	0.000159889 	1.32169e-05 	1
36.0 	0.000317558 	2.25375e-05 	1
36.125 	9.53272e-05 	9.68133e-06 	1
36.25 	0.000281142 	2.08309e-05 	1
36.4375 	0.000400783 	2.7963e-05 	1
36.5 	0.000199805 	1.52924e-05 	1
36.8125 	0.000145884 	1.05548e-05 	1
36.875 	0.000116986 	4.25898e-06 	2
37.125 	0.000108108 	9.03452e-06 	1
37.1875 	0.000546583 	3.93129e-05 	1
37.3125 	0.000100086 	7.50298e-06 	1
37.4375 	0.000224579 	1.80804e-05 	1
37.5 	0.000138636 	1.29101e-05 	1
37.5625 	0.000106978 	9.24544e-06 	1
37.75 	0.000388643 	2.81675e-05 	1
37.9375 	0.000357422 	2.55538e-05 	1
38.0 	0.000190093 	1.48839e-05 	1
38.0625 	0.000171682 	1.37285e-05 	1
38.125 	0.000284373 	2.13317e-05 	1
38.25 	0.000271163 	2.15659e-05 	1
38.3125 	0.000214552 	1.56876e-05 	1
38.4375 	0.000298098 	2.21919e-05 	1
38.5625 	8.52035e-05 	2.18425e-06 	2
38.6875 	0.000161564 	1.27177e-05 	1
38.8125 	0.000185426 	1.64056e-05 	1
38.875 	0.000247969 	1.83091e-05 	1
38.9375 	0.000259126 	1.88093e-05 	1
39.0 	0.000266286 	1.95196e-05 	1
39.0625 	0.000357602 	2.61783e-05 	1
39.1875 	0.000255194 	1.81521e-05 	1
39.25 	0.000178863 	1.59532e-05 	1
39.3125 	0.000132233 	3.37996e-06 	2
39.5625 	0.000151787 	1.25522e-05 	1
39.625 	0.000184725 	1.41629e-05 	1
39.6875 	0.000232004 	1.73825e-05 	1
39.75 	0.000148491 	3.98628e-06 	2
39.875 	0.00042252 	3.08015e-05 	1
39.9375 	0.00015702 	1.45041e-05 	1
40.0 	0.000277276 	2.02823e-05 	1
40.125 	0.000284587 	2.60729e-05 	1
40.25 	0.000277404 	2.07209e-05 	1
40.3125 	0.000355743 	2.61413e-05 	1
40.4375 	0.000314508 	2.30357e-05 	1
40.5 	0.000352341 	2.60134e-05 	1
40.5625 	0.00048309 	3.49352e-05 	1
40.625 	0.000174347 	1.2867e-05 	1
40.8125 	0.000303007 	2.77785e-05 	1
40.9375 	0.000253716 	1.84684e-05 	1
41.125 	0.000145232 	1.0835e-05 	1
41.1875 	0.000105699 	2.81888e-06 	2
41.25 	0.000409135 	2.98564e-05 	1
41.3125 	0.000163541 	1.63186e-05 	1
41.4375 	0.000299824 	2.19935e-05 	1
41.5 	0.000113298 	1.06639e-05 	1
41.6875 	0.000359113 	3.11244e-05 	1
41.8125 	0.000206017 	1.68846e-05 	1
41.9375 	0.000220573 	1.99687e-05 	1
42.0 	0.000217704 	1.69708e-05 	1
42.25 	0.000385368 	2.78428e-05 	1
42.5 	0.000351798 	3.06081e-05 	1
42.6875 	0.000156812 	1.56768e-05 	1
42.8125 	0.000188193 	1.81771e-05 	1
42.875 	0.000115246 	2.99403e-06 	2
42.9375 	0.000171858 	1.59831e-05 	1
43.0 	0.000141839 	3.7815e-06 	2
43.0625 	0.000389716 	2.80859e-05 	1
43.1875 	0.000306607 	2.20575e-05 	1
43.3125 	0.000272049 	1.97733e-05 	1
43.375 	0.000162424 	1.36151e-05 	1
43.6875 	0.00012732 	9.71099e-06 	1
43.9375 	0.000203524 	1.99126e-05 	1
44.0 	0.000176287 	1.60393e-05 	1
44.125 	0.00028984 	2.20456e-05 	1
44.25 	0.000142338 	1.13e-05 	1
44.3125 	0.00038113 	2.82904e-05 	1
44.4375 	0.000214357 	1.55856e-05 	1
44.5625 	0.000355498 	2.5668e-05 	1
44.6875 	0.000181623 	1.35687e-05 	1
44.8125 	0.000359164 	2.6033e-05 	1
44.875 	6.68148e-05 	7.37391e-06 	1
44.9375 	0.000396727 	2.87534e-05 	1
45.0 	0.000368482 	2.62948e-05 	1
45.1875 	0.000333839 	2.94275e-05 	1
45.3125 	0.000167446 	1.26496e-05 	1
45.5 	0.000105544 	9.07759e-06 	1
45.625 	0.000276476 	2.04418e-05 	1
45.6875 	0.000291626 	2.0965e-05 	1
45.75 	0.000187479 	1.45077e-05 	1
46.0 	0.000299689 	2.30278e-05 	1
46.0625 	0.000137395 	1.17743e-05 	1
46.3125 	0.000270621 	1.97785e-05 	1
46.5625 	0.000293677 	2.10951e-05 	1
46.625 	0.000200007 	1.61267e-05 	1
46.6875 	0.000171625 	1.47444e-05 	1
46.75 	0.000234438 	1.87928e-05 	1
46.875 	7.34061e-05 	9.08171e-06 	1
47.0 	0.000211306 	1.68713e-05 	1
47.0625 	0.000504425 	3.63667e-05 	1
47.125 	0.000415968 	2.98345e-05 	1
47.25 	0.000311078 	2.41016e-05 	1
47.375 	0.000183433 	1.71563e-05 	1
47.5 	0.000349359 	2.54075e-05 	1
47.5625 	0.000373152 	2.71752e-05 	1
47.625 	0.000100219 	2.51188e-06 	2
47.8125 	0.000120577 	2.84698e-06 	2
48.0625 	0.00021075 	1.92921e-05 	1
48.1875 	0.000277649 	2.00464e-05 	1
48.25 	0.000158793 	1.38649e-05 	1
48.3125 	0.00032044 	2.31418e-05 	1
48.4375 	0.000544397 	3.81771e-05 	1
48.5625 	0.00019336 	1.39853e-05 	1
48.75 	0.000133547 	1.11604e-05 	1
48.8125 	0.000183752 	1.6347e-05 	1
48.9375 	0.000233594 	1.86256e-05 	1
49.0 	0.000156251 	1.34782e-05 	1
49.3125 	0.000203714 	1.81866e-05 	1
49.375 	0.000357225 	3.23732e-05 	1
49.4375 	0.000238725 	2.25456e-05 	1
49.5625 	0.000234054 	1.77208e-05 	1
49.6875 	0.000218218 	1.78697e-05 	1
49.75 	0.000165589 	1.41931e-05 	1
50.0625 	0.000176044 	1.58732e-05 	1
50.25 	0.000306455 	2.22551e-05 	1
50.3125 	0.000445801 	3.17374e-05 	1
50.375 	8.97219e-05 	7.03076e-06 	1
50.4375 	0.000332746 	2.40524e-05 	1
50.5625 	0.000108866 	3.83358e-06 	2
50.625 	0.000171402 	1.68666e-05 	1
50.75 	0.000395594 	2.82131e-05 	1
50.8125 	0.000491854 	3.54635e-05 	1
50.875 	0.000206257 	1.78942e-05 	1
50.9375 	0.000342261 	2.45881e-05 	1
51.0 	0.00017 	1.2696e-05 	1
51.125 	0.000209321 	1.98499e-05 	1
51.1875 	0.000556854 	4.01041e-05 	1
51.25 	0.000185104 	1.56416e-05 	1
51.375 	0.000354973 	2.57163e-05 	1
51.4375 	6.98469e-05 	7.49677e-06 	1
51.5 	0.000312626 	2.24645e-05 	1
51.625 	0.000278301 	2.03675e-05 	1
51.8125 	0.000249405 	1.85632e-05 	1
52.0625 	0.000326131 	2.7158e-05 	1
52.1875 	0.000314449 	2.33627e-05 	1
52.3125 	0.000385378 	2.84682e-05 	1
52.5 	0.000136778 	1.17607e-05 	1
52.75 	0.000107154 	8.37099e-06 	1
52.8125 	0.000364277 	3.07805e-05 	1
52.9375 	0.000157506 	1.22502e-05 	1
53.1875 	0.000157637 	1.2465e-05 	1
53.25 	0.000310132 	2.72452e-05 	1
53.3125 	0.000249508 	1.79674e-05 	1
53.5 	0.000271906 	2.02832e-05 	1
53.5625 	0.000239837 	1.84089e-05 	1
53.625 	0.000135034 	1.17664e-05 	1
53.6875 	9.89499e-05 	3.5679e-06 	2
53.75 	0.000257539 	1.9212e-05 	1
53.875 	0.000140997 	1.10228e-05 	1
54.0 	0.000137501 	1.30176e-05 	1
54.0625 	0.000143097 	1.09968e-05 	1
54.1875 	0.00028299 	2.23947e-05 	1
54.25 	0.00016963 	1.40348e-05 	1
54.3125 	0.000369872 	2.62348e-05 	1
54.375 	0.000184829 	1.36679e-05 	1
54.4375 	0.000247457 	2.05126e-05 	1
54.6875 	0.000247194 	1.94171e-05 	1
54.8125 	8.24487e-05 	8.6085e-06 	1
54.875 	0.000428293 	3.1084e-05 	1
54.9375 	0.00016671 	1.22322e-05 	1
55.0 	0.000119994 	1.05441e-05 	1
55.125 	0.000384715 	3.28981e-05 	1
55.3125 	0.00019328 	1.8419e-05 	1
55.4375 	0.000466769 	3.33428e-05 	1
55.5 	0.000318452 	2.35524e-05 	1
55.6875 	0.000205916 	5.12762e-06 	2
55.75 	0.000193396 	1.45658e-05 	1
55.875 	8.55865e-05 	8.93313e-06 	1
55.9375 	0.000159876 	1.18006e-05 	1
56.0 	0.000180691 	1.46419e-05 	1
56.0625 	0.000102879 	7.84842e-06 	1
56.3125 	0.000215054 	2.02648e-05 	1
56.375 	0.000263899 	1.92723e-05 	1
56.4375 	0.000389903 	2.78364e-05 	1
56.5625 	0.000111818 	1.10885e-05 	1
56.6875 	0.000170269 	1.32894e-05 	1
56.75 	0.000296011 	2.16985e-05 	1
56.8125 	0.000357602 	2.5859e-05 	1
57.0 	0.000162329 	1.33748e-05 	1
57.0625 	0.000271083 	2.16234e-05 	1
57.1875 	0.000258147 	1.98491e-05 	1
57.25 	9.33693e-05 	2.52685e-06 	2
57.3125 	0.000200673 	1.53458e-05 	1
57.4375 	0.000230479 	2.11219e-05 	1
57.6875 	0.000173676 	1.39875e-05 	1
57.8125 	6.06389e-05 	5.39436e-06 	1
58.0 	0.000358084 	3.07104e-05 	1
58.125 	0.000287961 	2.06951e-05 	1
58.1875 	0.000208688 	1.54274e-05 	1
58.25 	9.5637e-05 	9.85334e-06 	1
58.3125 	0.000120868 	3.19918e-06 	2
58.4375 	0.000349622 	2.95564e-05 	1
58.5625 	0.000563528 	4.04809e-05 	1
58.6875 	0.000254097 	1.90984e-05 	1
58.8125 	0.000249907 	1.93424e-05 	1
58.875 	0.000302952 	2.28044e-05 	1
58.9375 	0.000150707 	4.25069e-06 	2
59.0 	0.000163155 	1.23502e-05 	1
59.125 	0.000235719 	1.88979e-05 	1
59.25 	0.000324411 	2.34979e-05 	1
59.3125 	0.000234206 	1.69513e-05 	1
59.375 	0.000121067 	1.10343e-05 	1
59.5 	0.000398271 	2.8864e-05 	1
59.6875 	0.000123638 	1.07874e-05 	1
59.8125 	0.000202572 	1.48849e-05 	1
59.875 	6.81113e-05 	7.8008e-06 	1
59.9375 	0.000336536 	3.11199e-05 	1
60.375 	0.000182406 	1.45325e-05 	1
60.4375 	0.000435045 	3.12523e-05 	1
60.5625 	0.000353012 	2.51398e-05 	1
60.625 	0.000271294 	1.95158e-05 	1
60.875 	0.000179069 	4.83807e-06 	2
61.0 	0.000154059 	4.15818e-06 	2
61.125 	0.000436193 	3.11582e-05 	1
61.4375 	0.00035389 	2.66858e-05 	1
61.625 	0.000179319 	1.77736e-05 	1
61.6875 	0.000116208 	2.86226e-06 	2
61.8125 	0.000146558 	1.39218e-05 	1
61.9375 	0.000299314 	2.15997e-05 	1
62.1875 	0.000201407 	1.55011e-05 	1
62.25 	0.000307018 	2.22598e-05 	1
62.375 	0.000275204 	2.47333e-05 	1
62.5 	0.000342912 	2.57507e-05 	1
62.5625 	0.000318972 	2.29656e-05 	1
62.875 	0.00025227 	1.91176e-05 	1
62.9375 	0.000171311 	1.46904e-05 	1
63.0 	0.000151329 	1.12435e-05 	1
63.25 	0.000250085 	2.16416e-05 	1
63.4375 	0.000453451 	3.23447e-05 	1
63.5625 	0.000242574 	2.03358e-05 	1
63.8125 	0.000198505 	1.46252e-05 	1
63.9375 	0.000351577 	3.23706e-05 	1
64.0 	0.000298309 	2.17243e-05 	1
64.25 	0.00014803 	1.43696e-05 	1
64.4375 	0.000196767 	1.41792e-05 	1
64.5625 	0.000344841 	3.42052e-05 	1
64.6875 	0.000167051 	1.3513e-05 	1
64.75 	0.00019457 	1.49361e-05 	1
64.8125 	0.000202073 	1.68843e-05 	1
64.875 	0.000315956 	2.92005e-05 	1
64.9375 	0.000173086 	1.60981e-05 	1
65.0 	0.000263836 	2.47241e-05 	1
65.0625 	0.000155734 	1.20407e-05 	1
65.125 	0.00020024 	1.48421e-05 	1
65.625 	0.000211472 	1.70748e-05 	1
65.8125 	0.000143187 	1.17173e-05 	1
65.9375 	0.000417792 	2.96841e-05 	1
66.0 	0.000219527 	1.83136e-05 	1
66.0625 	0.000544845 	3.95422e-05 	1
66.3125 	0.000152515 	4.13799e-06 	2
66.5 	0.000172979 	1.4681e-05 	1
66.75 	0.000153726 	1.23481e-05 	1
66.8125 	0.000126087 	1.23415e-05 	1
66.875 	8.97668e-05 	6.97759e-06 	1
66.9375 	9.09384e-05 	2.65564e-06 	2
67.25 	0.00041216 	2.9561e-05 	1
67.4375 	0.000321605 	2.72077e-05 	1
67.5 	0.000330482 	2.37048e-05 	1
67.8125 	0.000363035 	2.62548e-05 	1
67.875 	0.000274533 	7.06402e-06 	2
67.9375 	0.000498497 	3.53419e-05 	1
68.0 	0.000262341 	2.02763e-05 	1
68.125 	0.000293977 	2.12865e-05 	1
68.1875 	0.000180916 	4.65425e-06 	2
68.3125 	0.000210161 	1.85844e-05 	1
68.375 	0.000161549 	1.40371e-05 	1
68.4375 	0.000296235 	2.20202e-05 	1
68.5625 	0.000299603 	2.16375e-05 	1
68.6875 	0.000132723 	1.03897e-05 	1
68.75 	0.000194538 	1.65414e-05 	1
68.8125 	0.000398304 	2.90847e-05 	1
68.9375 	0.000482508 	3.49733e-05 	1
69.125 	0.00012049 	1.09699e-05 	1
69.1875 	0.000271351 	2.23869e-05 	1
69.25 	8.88838e-05 	7.39094e-06 	1
69.3125 	0.000295762 	2.17632e-05 	1
69.4375 	0.000147108 	4.01643e-06 	2
69.5 	0.000457962 	3.25898e-05 	1
69.75 	0.000313658 	2.93388e-05 	1
69.8125 	0.000150775 	1.11393e-05 	1
69.875 	8.55309e-05 	9.22957e-06 	1
69.9375 	0.000322609 	2.40157e-05 	1
