# time 	Initial 	Final 	Iterations
0.642226 	0.000260159 	2.24921e-05 	1
0.766734 	0.000174185 	1.51443e-05 	1
0.828988 	0.00035488 	3.16142e-05 	1
1.38927 	0.00045535 	3.39892e-05 	1
1.45153 	0.000408374 	2.86608e-05 	1
1.51378 	0.000316207 	2.98983e-05 	1
1.7628 	0.000154306 	1.46751e-05 	1
1.94956 	0.000595919 	4.31134e-05 	1
2.19857 	0.000462634 	3.37339e-05 	1
2.26083 	0.0001438 	7.96777e-06 	2
2.32308 	0.000179199 	1.70848e-05 	1
2.38534 	0.00010039 	3.98669e-06 	2
2.63435 	0.000134606 	1.2873e-05 	1
2.69661 	0.000496113 	3.85409e-05 	1
2.88337 	0.00016381 	1.46304e-05 	1
2.94562 	0.000298942 	2.51856e-05 	1
3.07013 	0.000295927 	2.31261e-05 	1
3.31914 	0.000439515 	3.18179e-05 	1
3.3814 	0.000243572 	2.15347e-05 	1
3.44365 	0.000173209 	1.38331e-05 	1
3.69267 	0.00015837 	1.23646e-05 	1
3.75492 	0.000181939 	1.47457e-05 	1
3.87943 	0.000231801 	1.70455e-05 	1
4.06619 	0.000370933 	3.42348e-05 	1
4.12845 	0.000403925 	2.96685e-05 	1
4.1907 	0.000168984 	4.53757e-06 	2
4.25295 	0.000191362 	1.67802e-05 	1
4.31521 	0.000170237 	7.18986e-06 	2
4.50197 	0.000493287 	4.13165e-05 	1
4.56422 	0.000257833 	2.1116e-05 	1
4.62648 	0.000345126 	2.69003e-05 	1
4.68873 	0.000336339 	2.90988e-05 	1
4.93775 	0.000489928 	3.89225e-05 	1
5.0 	0.000123068 	9.65095e-06 	1
5.0625 	0.000214828 	1.96649e-05 	1
5.25 	0.000244122 	2.25924e-05 	1
5.375 	0.000230851 	1.77853e-05 	1
5.5 	0.000606786 	5.04777e-05 	1
5.5625 	0.000435202 	3.25736e-05 	1
5.625 	0.000354049 	2.65579e-05 	1
5.6875 	0.000180008 	1.65218e-05 	1
5.875 	0.000133737 	5.47954e-06 	2
6.0 	0.000201318 	1.92052e-05 	1
6.1875 	0.000335014 	2.41241e-05 	1
6.25 	0.000292065 	2.37801e-05 	1
6.4375 	0.000218735 	2.01008e-05 	1
6.75 	0.000404131 	3.07846e-05 	1
6.8125 	0.000247333 	2.04233e-05 	1
6.9375 	0.000283194 	2.38654e-05 	1
7.1875 	8.28401e-05 	9.39727e-06 	1
7.6875 	0.000466863 	3.53894e-05 	1
7.8125 	0.0001781 	1.46019e-05 	1
7.9375 	0.000195589 	1.80829e-05 	1
8.0 	0.000442314 	3.44951e-05 	1
8.0625 	0.000142176 	1.37276e-05 	1
8.125 	0.000432981 	3.19945e-05 	1
8.4375 	0.000238281 	1.94083e-05 	1
8.5 	0.000330093 	2.51857e-05 	1
8.5625 	0.000439266 	3.58836e-05 	1
8.8125 	0.000329595 	2.50119e-05 	1
8.9375 	0.000344294 	2.64224e-05 	1
9.0 	0.00039864 	3.51543e-05 	1
9.1875 	0.000403972 	3.43085e-05 	1
9.25 	0.000128565 	3.75207e-06 	2
9.3125 	0.000160891 	1.46933e-05 	1
9.375 	0.000174863 	9.21041e-06 	2
9.4375 	0.000298928 	2.65248e-05 	1
9.5625 	0.000116046 	9.81252e-06 	1
9.625 	0.000186201 	1.50526e-05 	1
9.6875 	0.000320485 	2.47281e-05 	1
9.8125 	0.000355661 	2.72382e-05 	1
9.9375 	0.000304753 	2.45172e-05 	1
10.3125 	0.000221907 	1.83822e-05 	1
10.75 	0.000386426 	2.85038e-05 	1
10.8125 	0.000232179 	2.003e-05 	1
10.875 	0.000292545 	2.51405e-05 	1
11.0 	0.000128629 	3.93816e-06 	2
11.0625 	0.0002073 	2.05779e-05 	1
11.1875 	0.000393171 	2.91025e-05 	1
11.6875 	0.000231225 	1.99845e-05 	1
11.75 	0.00023839 	2.12935e-05 	1
11.8125 	0.000279646 	2.10777e-05 	1
11.9375 	0.000329202 	3.14996e-05 	1
12.0 	0.000353376 	2.69623e-05 	1
12.1875 	0.000232049 	1.91281e-05 	1
12.3125 	0.00037619 	2.75571e-05 	1
12.375 	0.000323531 	2.37007e-05 	1
12.625 	0.000184253 	1.60473e-05 	1
12.6875 	0.000259684 	2.49064e-05 	1
12.8125 	0.000350715 	2.63735e-05 	1
12.875 	0.000180101 	1.69865e-05 	1
13.0 	0.000298568 	2.37795e-05 	1
13.0625 	0.000285904 	2.38142e-05 	1
13.1875 	0.000371607 	3.04474e-05 	1
13.25 	0.000161495 	1.30886e-05 	1
13.5625 	0.000152081 	5.93295e-06 	2
13.625 	0.000161655 	1.4327e-05 	1
13.6875 	0.000554436 	4.21208e-05 	1
14.0625 	0.000315695 	2.30224e-05 	1
14.125 	0.000310317 	2.43932e-05 	1
14.1875 	0.000150766 	7.03391e-06 	2
14.3125 	0.000470527 	4.16079e-05 	1
14.375 	0.000292811 	7.97133e-06 	2
14.4375 	0.000275519 	2.49979e-05 	1
14.5 	0.000472435 	3.43259e-05 	1
14.625 	0.000201236 	1.64288e-05 	1
14.6875 	0.000195111 	1.5966e-05 	1
14.75 	8.24544e-05 	8.4895e-06 	1
14.8125 	0.000436388 	3.21457e-05 	1
14.9375 	0.000398796 	3.35746e-05 	1
15.0 	0.000229579 	2.00775e-05 	1
15.1875 	0.000296504 	2.77464e-05 	1
15.25 	0.000359345 	3.04735e-05 	1
15.3125 	0.000354744 	2.9928e-05 	1
15.375 	0.000382399 	2.756e-05 	1
15.4375 	0.000451675 	3.24652e-05 	1
15.5 	0.00044429 	4.05249e-05 	1
15.8125 	0.000358783 	2.63715e-05 	1
15.9375 	0.000321157 	2.6164e-05 	1
16.0 	0.000294436 	2.34596e-05 	1
16.0625 	0.000551128 	4.55774e-05 	1
16.125 	0.000376139 	2.99866e-05 	1
16.1875 	0.000320757 	2.52335e-05 	1
16.25 	0.000219693 	1.76498e-05 	1
16.375 	0.000344283 	2.72434e-05 	1
16.625 	0.000268697 	1.98374e-05 	1
16.8125 	0.000296378 	2.28925e-05 	1
16.9375 	0.000243875 	1.97555e-05 	1
17.25 	0.00014167 	1.14297e-05 	1
17.375 	0.000246102 	2.10865e-05 	1
17.4375 	0.0001162 	1.12666e-05 	1
17.6875 	0.000264114 	2.13838e-05 	1
18.0 	0.000261488 	2.52649e-05 	1
18.0625 	0.000232157 	1.94057e-05 	1
18.1875 	0.000319691 	2.59786e-05 	1
18.25 	0.000176855 	1.41617e-05 	1
18.375 	0.000251514 	2.23578e-05 	1
18.4375 	0.000406818 	2.97889e-05 	1
18.5625 	0.000499439 	4.19222e-05 	1
18.625 	0.000179809 	1.68435e-05 	1
18.8125 	0.000245566 	1.96505e-05 	1
18.875 	0.000154143 	1.39503e-05 	1
18.9375 	0.00027393 	2.2686e-05 	1
19.125 	0.000437879 	3.23335e-05 	1
19.4375 	0.0001518 	1.39186e-05 	1
19.5 	0.000210401 	1.82105e-05 	1
19.625 	0.000167794 	1.29346e-05 	1
19.6875 	0.000198967 	1.74248e-05 	1
19.75 	0.000413662 	3.32908e-05 	1
19.9375 	0.000236432 	2.27609e-05 	1
20.125 	0.00029406 	2.91631e-05 	1
20.1875 	0.00032655 	2.40485e-05 	1
20.375 	0.000273526 	2.29883e-05 	1
20.4375 	0.000262547 	2.21958e-05 	1
20.5 	0.000162455 	1.45809e-05 	1
20.6875 	0.000330181 	2.62239e-05 	1
20.75 	0.000407386 	2.9666e-05 	1
21.0 	0.000251857 	2.25726e-05 	1
21.0625 	0.000315835 	2.59979e-05 	1
21.1875 	0.000320807 	2.44615e-05 	1
21.3125 	0.000258801 	1.93406e-05 	1
21.5625 	0.000571769 	4.30809e-05 	1
21.8125 	0.000526966 	3.83076e-05 	1
21.875 	0.00041706 	3.07498e-05 	1
21.9375 	0.000201132 	1.72577e-05 	1
22.1875 	0.000346393 	2.79881e-05 	1
22.25 	0.000235297 	1.96207e-05 	1
22.3125 	0.000197582 	1.68761e-05 	1
22.9375 	9.23703e-05 	3.60311e-06 	2
23.0 	0.000382318 	2.93623e-05 	1
23.125 	0.000412595 	3.08959e-05 	1
23.1875 	0.000225312 	1.93959e-05 	1
23.3125 	0.000441494 	3.42393e-05 	1
23.375 	0.000528472 	4.42716e-05 	1
23.4375 	0.000295934 	2.64109e-05 	1
23.8125 	0.000330133 	3.17625e-05 	1
24.0 	0.00028569 	2.2653e-05 	1
24.0625 	0.000190581 	5.93214e-06 	2
24.3125 	0.000308313 	2.55799e-05 	1
24.375 	0.000413647 	3.0605e-05 	1
24.4375 	0.000312298 	2.87504e-05 	1
24.5625 	0.000158748 	1.32935e-05 	1
24.6875 	0.000479659 	3.48494e-05 	1
24.75 	0.000299953 	2.40123e-05 	1
24.8125 	0.000106604 	2.78511e-06 	2
25.0 	0.000197817 	1.82446e-05 	1
25.0625 	0.000247463 	2.00117e-05 	1
25.125 	0.000152459 	4.11542e-06 	2
25.25 	0.000192214 	1.62271e-05 	1
25.625 	0.000156197 	1.43651e-05 	1
25.6875 	0.000347739 	3.29723e-05 	1
25.75 	0.000178815 	1.68318e-05 	1
25.8125 	0.000190122 	1.77463e-05 	1
26.0 	0.000226184 	1.90299e-05 	1
26.125 	0.000146469 	1.31101e-05 	1
26.375 	0.000399967 	3.12514e-05 	1
26.5 	0.000383922 	3.08228e-05 	1
26.625 	0.000137918 	1.35803e-05 	1
26.6875 	0.000544016 	3.99356e-05 	1
26.875 	0.000279333 	2.24194e-05 	1
26.9375 	0.000212631 	1.7685e-05 	1
27.0 	0.00031637 	2.56575e-05 	1
27.25 	8.69654e-05 	9.03991e-06 	1
27.3125 	0.000227618 	1.96835e-05 	1
27.625 	0.000162932 	1.30711e-05 	1
27.75 	0.000335961 	2.44338e-05 	1
28.0 	0.000214034 	1.75318e-05 	1
28.0625 	0.000131771 	3.84798e-06 	2
28.125 	0.000452058 	3.58265e-05 	1
28.3125 	0.000435334 	3.51336e-05 	1
28.5 	0.000281995 	2.26232e-05 	1
28.6875 	0.000208414 	2.00776e-05 	1
28.8125 	0.000147524 	3.98086e-06 	2
28.875 	0.000353585 	2.65904e-05 	1
29.0 	0.000302399 	2.84854e-05 	1
29.0625 	0.000439831 	3.21396e-05 	1
29.125 	0.000186298 	1.54479e-05 	1
29.1875 	0.000114124 	9.05923e-06 	1
29.25 	0.000246106 	2.17729e-05 	1
29.375 	0.000158396 	1.43856e-05 	1
29.625 	0.000444433 	3.49084e-05 	1
29.6875 	0.000372565 	2.88308e-05 	1
29.75 	0.000134738 	4.75757e-06 	2
29.9375 	0.000181694 	4.83698e-06 	2
30.25 	0.000220234 	1.83763e-05 	1
30.3125 	0.000300466 	2.6834e-05 	1
30.375 	0.000413641 	3.0919e-05 	1
30.4375 	0.000268489 	2.26121e-05 	1
30.5 	0.000449181 	3.29834e-05 	1
30.5625 	0.000352414 	2.71793e-05 	1
30.9375 	0.000235729 	2.01587e-05 	1
31.1875 	0.000542203 	3.91001e-05 	1
31.25 	0.000274866 	2.23567e-05 	1
31.625 	0.000404453 	2.99497e-05 	1
31.8125 	0.000291217 	2.41539e-05 	1
31.875 	0.000200014 	1.81237e-05 	1
32.0 	8.72775e-05 	7.90415e-06 	1
32.125 	0.000174405 	1.73135e-05 	1
32.1875 	0.000217912 	1.64585e-05 	1
32.25 	0.000189406 	1.65195e-05 	1
32.3125 	0.000159712 	5.12989e-06 	2
32.4375 	0.000278236 	2.26429e-05 	1
32.625 	0.000491148 	3.56835e-05 	1
32.6875 	0.000136718 	1.26454e-05 	1
32.75 	0.000426623 	3.5496e-05 	1
32.8125 	0.000222229 	2.02121e-05 	1
32.875 	0.00022603 	1.9811e-05 	1
33.0 	0.000423762 	3.13048e-05 	1
33.0625 	0.000396882 	3.20426e-05 	1
33.125 	0.000214168 	2.01458e-05 	1
33.3125 	0.000120537 	3.95787e-06 	2
33.375 	0.000149117 	1.38975e-05 	1
33.4375 	0.000426286 	3.14502e-05 	1
33.625 	0.000128597 	9.2058e-06 	2
33.6875 	0.000139621 	4.98835e-06 	2
33.875 	0.000340244 	2.83005e-05 	1
33.9375 	0.000286612 	2.4064e-05 	1
34.125 	0.00019627 	6.78421e-06 	2
34.1875 	0.000243603 	2.00651e-05 	1
34.25 	0.000271934 	2.10324e-05 	1
34.3125 	0.000294297 	2.27971e-05 	1
34.375 	0.000332811 	3.17055e-05 	1
34.5 	0.000298383 	2.28957e-05 	1
34.5625 	0.000187356 	1.44568e-05 	1
34.625 	0.000413516 	3.05868e-05 	1
34.6875 	0.000284776 	2.24787e-05 	1
34.875 	0.000395542 	2.92968e-05 	1
34.9375 	0.000405917 	3.11353e-05 	1
35.0625 	0.000307079 	2.41737e-05 	1
35.25 	0.000103273 	8.16335e-06 	1
35.3125 	0.000178023 	1.54498e-05 	1
35.375 	0.000314981 	2.38391e-05 	1
35.625 	0.000446847 	3.65976e-05 	1
35.6875 	0.000496259 	3.68828e-05 	1
35.75 	0.000147349 	1.4244e-05 	1
35.875 	0.000265373 	2.25036e-05 	1
35.9375 	0.000245456 	2.3573e-05 	1
36.0 	0.000477566 	3.70415e-05 	1
36.125 	0.00032362 	2.57918e-05 	1
36.25 	0.000282588 	2.47262e-05 	1
36.4375 	0.000183995 	1.66694e-05 	1
36.5 	0.000211945 	1.71206e-05 	1
36.8125 	0.000387092 	2.88392e-05 	1
36.875 	0.000116009 	1.00973e-05 	1
37.125 	0.000289051 	2.20776e-05 	1
37.1875 	0.000257789 	2.49097e-05 	1
37.3125 	0.000213464 	1.87141e-05 	1
37.4375 	0.000302472 	2.56384e-05 	1
37.5625 	0.000127584 	4.18085e-06 	2
37.75 	9.61581e-05 	9.6277e-06 	1
37.9375 	0.000319974 	2.49351e-05 	1
38.0 	0.000314971 	2.34058e-05 	1
38.0625 	0.000173165 	1.68749e-05 	1
38.125 	0.000226533 	1.83616e-05 	1
38.3125 	0.000263854 	2.11761e-05 	1
38.4375 	0.000275903 	2.23513e-05 	1
38.5625 	0.000280365 	2.35624e-05 	1
38.6875 	0.000225243 	1.89292e-05 	1
38.875 	0.00027564 	2.17944e-05 	1
38.9375 	0.000326751 	2.77447e-05 	1
39.0 	5.69706e-05 	6.47408e-06 	1
39.0625 	0.000221482 	2.00196e-05 	1
39.1875 	0.000399688 	3.54503e-05 	1
39.25 	0.000241311 	2.17043e-05 	1
39.3125 	0.000416232 	3.20897e-05 	1
39.5625 	0.000239075 	1.88047e-05 	1
39.625 	0.00029555 	2.4311e-05 	1
39.875 	0.000220294 	1.96948e-05 	1
39.9375 	0.00021954 	1.91482e-05 	1
40.0 	0.000424501 	3.0944e-05 	1
40.125 	0.000421123 	3.7711e-05 	1
40.25 	0.000226256 	2.11028e-05 	1
40.3125 	0.000379946 	2.88234e-05 	1
40.5 	0.000184481 	1.52171e-05 	1
40.5625 	0.000331778 	2.78976e-05 	1
40.625 	0.000154442 	1.45472e-05 	1
40.8125 	0.000215439 	1.87857e-05 	1
40.9375 	0.000290629 	2.57951e-05 	1
41.125 	0.000498113 	3.70857e-05 	1
41.1875 	0.000163263 	1.46693e-05 	1
41.25 	0.000239577 	1.99768e-05 	1
41.3125 	0.000330429 	2.54026e-05 	1
41.5 	0.000445197 	3.36701e-05 	1
41.6875 	0.000173574 	1.58103e-05 	1
41.8125 	0.000112886 	5.01135e-06 	2
41.9375 	0.000308283 	2.32447e-05 	1
42.0 	0.0003008 	2.30804e-05 	1
42.25 	0.000275956 	2.17758e-05 	1
42.5 	0.000307453 	2.38699e-05 	1
42.6875 	0.000178595 	1.46958e-05 	1
42.8125 	0.000207904 	1.71188e-05 	1
42.875 	0.000168368 	5.81197e-06 	2
42.9375 	0.000453677 	3.52658e-05 	1
43.0 	0.000422978 	3.18728e-05 	1
43.0625 	0.000293839 	2.54801e-05 	1
43.1875 	0.000130439 	1.08132e-05 	1
43.3125 	0.000323653 	2.46841e-05 	1
43.375 	0.000342894 	2.67107e-05 	1
43.9375 	0.000228995 	1.89366e-05 	1
44.0 	0.000205857 	1.85687e-05 	1
44.125 	0.00054125 	3.95172e-05 	1
44.25 	0.000299064 	2.49596e-05 	1
44.3125 	0.000179667 	1.75854e-05 	1
44.4375 	0.000154621 	5.20261e-06 	2
44.5625 	0.000239214 	1.96194e-05 	1
44.6875 	0.000203811 	2.0281e-05 	1
44.8125 	0.000173586 	1.55161e-05 	1
44.875 	0.000168501 	1.44419e-05 	1
45.0 	0.000409683 	3.04549e-05 	1
45.1875 	0.000223081 	2.17337e-05 	1
45.3125 	0.000294846 	2.13924e-05 	1
45.5 	0.000209075 	1.80917e-05 	1
45.625 	0.000151699 	1.40784e-05 	1
45.6875 	0.000180717 	1.60886e-05 	1
45.75 	0.00041015 	3.1087e-05 	1
46.0 	0.000329956 	2.61424e-05 	1
46.0625 	0.000257774 	2.30209e-05 	1
46.3125 	0.000180914 	1.6625e-05 	1
46.5625 	0.000278132 	2.30602e-05 	1
46.625 	0.00022677 	2.0578e-05 	1
46.6875 	0.000295974 	2.19862e-05 	1
46.75 	0.000430113 	3.21335e-05 	1
47.0 	0.000458633 	3.39243e-05 	1
47.0625 	0.000190685 	1.76226e-05 	1
47.25 	0.000209483 	1.95728e-05 	1
47.375 	0.000340358 	2.83891e-05 	1
47.5 	0.000208536 	1.82048e-05 	1
47.5625 	0.000250197 	1.93151e-05 	1
47.8125 	0.000338915 	2.67661e-05 	1
48.1875 	0.000314119 	2.34202e-05 	1
48.25 	0.000167147 	4.66267e-06 	2
48.3125 	0.000282821 	2.12406e-05 	1
48.4375 	0.000131592 	4.29653e-06 	2
48.5625 	0.000393273 	3.11046e-05 	1
48.75 	0.000342826 	2.61285e-05 	1
48.8125 	0.000170301 	1.46365e-05 	1
48.9375 	0.000181192 	9.44054e-06 	2
49.0 	0.000343616 	2.86049e-05 	1
49.3125 	0.000457355 	3.48353e-05 	1
49.375 	0.000267317 	2.21416e-05 	1
49.4375 	0.000184553 	1.75479e-05 	1
49.5625 	0.000215632 	2.04328e-05 	1
49.6875 	0.000646397 	4.72163e-05 	1
49.75 	0.000283077 	2.38828e-05 	1
50.3125 	0.00022103 	2.08518e-05 	1
50.375 	0.000330597 	2.48597e-05 	1
50.4375 	0.000339916 	2.63305e-05 	1
50.5625 	0.000103736 	9.64211e-06 	1
50.625 	0.000209879 	1.66885e-05 	1
50.75 	0.000384154 	3.16727e-05 	1
50.8125 	9.14023e-05 	9.29809e-06 	1
50.875 	0.000264184 	2.12382e-05 	1
50.9375 	0.000315341 	2.83173e-05 	1
51.0 	0.000324814 	2.49457e-05 	1
51.125 	0.000239403 	2.11245e-05 	1
51.1875 	0.000188982 	1.57361e-05 	1
51.25 	0.000358349 	2.94413e-05 	1
51.375 	0.000305157 	2.21756e-05 	1
51.4375 	0.000242378 	2.01042e-05 	1
51.5 	0.000243305 	2.07157e-05 	1
51.8125 	0.000227083 	2.04743e-05 	1
52.0625 	0.000409052 	2.9427e-05 	1
52.1875 	0.000205983 	1.72432e-05 	1
52.3125 	0.000318815 	2.99413e-05 	1
52.5 	0.000494452 	3.56937e-05 	1
52.8125 	0.000228998 	1.93341e-05 	1
52.9375 	0.000205747 	1.79758e-05 	1
53.1875 	0.000440604 	3.19219e-05 	1
53.5 	0.000341234 	2.78605e-05 	1
53.5625 	0.000234886 	1.86373e-05 	1
53.625 	0.000167202 	1.38472e-05 	1
53.6875 	0.000386202 	3.03795e-05 	1
53.75 	0.000235547 	2.00136e-05 	1
53.875 	0.00023745 	2.01101e-05 	1
54.0 	0.000129729 	3.42115e-06 	2
54.0625 	0.000309621 	2.66976e-05 	1
54.1875 	0.000494245 	3.72575e-05 	1
54.25 	0.00029894 	2.456e-05 	1
54.3125 	0.00017609 	1.52693e-05 	1
54.375 	0.000237932 	2.24334e-05 	1
54.4375 	0.000175214 	1.44623e-05 	1
54.6875 	0.000361714 	3.09688e-05 	1
54.8125 	0.000175944 	6.24627e-06 	2
54.875 	0.000223547 	2.00574e-05 	1
54.9375 	0.000223642 	1.8158e-05 	1
55.0 	0.000313387 	2.52092e-05 	1
55.3125 	0.000334102 	2.6099e-05 	1
55.4375 	0.000203817 	9.31124e-06 	2
55.5 	0.000219108 	2.02141e-05 	1
55.75 	0.000264306 	2.21556e-05 	1
55.9375 	0.00018924 	1.53866e-05 	1
56.0 	0.000347658 	2.5676e-05 	1
56.0625 	0.000193921 	1.87959e-05 	1
56.3125 	0.000123063 	1.17639e-05 	1
56.375 	0.000381728 	3.01965e-05 	1
56.4375 	0.000218164 	1.8764e-05 	1
56.5625 	0.000205882 	1.81327e-05 	1
56.6875 	0.000293686 	2.38198e-05 	1
56.75 	0.000426382 	3.13792e-05 	1
57.0 	0.0002637 	1.97498e-05 	1
57.0625 	0.000382473 	2.91139e-05 	1
57.1875 	0.000271344 	2.32807e-05 	1
57.25 	0.00040541 	3.32943e-05 	1
57.3125 	0.000215257 	1.99022e-05 	1
57.4375 	0.000246562 	2.02146e-05 	1
57.6875 	0.000430956 	3.20468e-05 	1
58.125 	0.000156272 	5.44731e-06 	2
58.1875 	0.000356953 	2.79097e-05 	1
58.25 	0.00030665 	2.60457e-05 	1
58.3125 	0.000218372 	1.68844e-05 	1
58.4375 	0.000255397 	2.03389e-05 	1
58.5625 	0.000256382 	2.25095e-05 	1
58.8125 	0.00030738 	2.28362e-05 	1
58.875 	0.000418616 	3.43607e-05 	1
59.0 	0.000455058 	3.33479e-05 	1
59.125 	0.000286518 	2.20992e-05 	1
59.25 	0.000399915 	3.24973e-05 	1
59.3125 	0.000283122 	2.10443e-05 	1
59.375 	0.000201192 	1.93342e-05 	1
59.5 	0.000342461 	2.52776e-05 	1
59.6875 	0.000144949 	1.43258e-05 	1
59.8125 	0.000161166 	1.50863e-05 	1
60.4375 	0.000158978 	1.4315e-05 	1
60.5625 	0.000433659 	3.29519e-05 	1
60.625 	0.000303917 	2.73985e-05 	1
61.0 	0.000228547 	1.78894e-05 	1
61.125 	0.000244901 	2.14019e-05 	1
61.4375 	0.000360437 	2.85197e-05 	1
61.625 	0.000199068 	1.73725e-05 	1
61.6875 	0.000165544 	4.66392e-06 	2
61.8125 	0.000156966 	1.45916e-05 	1
61.9375 	0.000220371 	2.09186e-05 	1
62.1875 	0.000254779 	2.50131e-05 	1
62.25 	0.000214072 	6.15327e-06 	2
62.375 	0.000327815 	2.57202e-05 	1
62.5 	0.000158461 	1.51131e-05 	1
62.5625 	0.000359728 	2.81865e-05 	1
62.875 	0.000178261 	4.63556e-06 	2
62.9375 	0.000209748 	1.72299e-05 	1
63.0 	0.000365272 	2.99155e-05 	1
63.25 	0.000318308 	2.59519e-05 	1
63.4375 	0.000154209 	5.42374e-06 	2
63.5625 	0.000226359 	2.0898e-05 	1
63.8125 	0.000249689 	2.02605e-05 	1
63.9375 	0.000216208 	1.6491e-05 	1
64.0 	0.000410223 	3.04906e-05 	1
64.4375 	0.000168082 	1.61579e-05 	1
64.5625 	0.000104601 	4.35643e-06 	2
64.6875 	0.000145781 	1.33572e-05 	1
64.75 	0.000514605 	4.29903e-05 	1
64.8125 	0.000434338 	3.17087e-05 	1
64.875 	0.000188331 	1.76047e-05 	1
64.9375 	0.000314482 	2.53772e-05 	1
65.0 	0.000417344 	3.074e-05 	1
65.0625 	0.000349993 	2.70952e-05 	1
65.125 	0.000467371 	3.55361e-05 	1
65.625 	0.000231995 	1.83225e-05 	1
65.8125 	0.000235372 	2.12176e-05 	1
65.9375 	0.000325558 	2.51816e-05 	1
66.0 	0.000269908 	2.29232e-05 	1
66.0625 	0.000217475 	1.82498e-05 	1
66.3125 	0.000334396 	2.8093e-05 	1
66.5 	0.000113704 	1.02959e-05 	2
66.75 	0.000322239 	2.62802e-05 	1
66.8125 	0.00024822 	2.26747e-05 	1
66.9375 	0.000309178 	2.31597e-05 	1
67.25 	0.000426946 	3.22094e-05 	1
67.5 	0.000119934 	1.15615e-05 	1
67.8125 	0.000142927 	1.36553e-05 	1
67.875 	0.000249744 	8.00594e-06 	2
67.9375 	0.000332872 	2.50826e-05 	1
68.0 	0.000303732 	2.2843e-05 	1
68.125 	0.000178435 	1.67136e-05 	1
68.1875 	0.000395949 	2.99564e-05 	1
68.3125 	0.000159695 	1.38592e-05 	1
68.4375 	0.000293426 	2.37281e-05 	1
68.5625 	0.000303843 	2.30265e-05 	1
68.6875 	0.000325494 	2.56564e-05 	1
68.75 	0.000517812 	4.35566e-05 	1
68.8125 	0.000246384 	2.16221e-05 	1
68.9375 	0.000131805 	1.10146e-05 	1
69.125 	0.000108738 	8.95164e-06 	1
69.1875 	0.00033093 	2.80096e-05 	1
69.25 	0.000153195 	7.39705e-06 	2
69.3125 	0.000214224 	1.87507e-05 	1
69.4375 	0.000230987 	1.88282e-05 	1
69.5 	0.000129417 	3.61311e-06 	2
69.75 	0.000407079 	3.12619e-05 	1
69.8125 	0.000343315 	2.69649e-05 	1
69.875 	0.000207103 	1.9745e-05 	1
69.9375 	0.000220639 	1.89726e-05 	1
