# time 	Initial 	Final 	Iterations
0.333274 	0.000123224 	5.35357e-05 	1
0.579973 	9.60226e-05 	9.60226e-05 	0
0.642226 	0.000150853 	6.89433e-05 	1
0.70448 	0.000107538 	5.7311e-05 	1
0.766734 	0.000104101 	3.55492e-05 	1
0.828988 	0.000105741 	6.54397e-05 	1
1.01575 	0.000147348 	7.1441e-05 	1
1.078 	5.27679e-05 	5.27679e-05 	0
1.20251 	6.24064e-05 	6.24064e-05 	0
1.26477 	7.86193e-05 	7.86193e-05 	0
1.38927 	0.000100073 	6.0021e-05 	1
1.45153 	0.000141236 	6.2164e-05 	1
1.51378 	0.000140652 	6.29428e-05 	1
1.57604 	6.98722e-05 	6.98722e-05 	0
1.70054 	7.73952e-05 	7.73952e-05 	0
1.7628 	0.000157508 	7.10819e-05 	1
1.8873 	0.000109219 	6.40003e-05 	1
1.94956 	7.88027e-05 	7.88027e-05 	0
2.07407 	7.81688e-05 	7.81688e-05 	0
2.13632 	3.57609e-05 	3.57609e-05 	0
2.19857 	0.000115245 	5.11425e-05 	1
2.26083 	0.000107094 	4.82696e-05 	1
2.32308 	0.000120884 	6.37195e-05 	1
2.38534 	9.57381e-05 	9.57381e-05 	0
2.44759 	9.7468e-05 	9.7468e-05 	0
2.50984 	7.60744e-05 	7.60744e-05 	0
2.63435 	5.71517e-05 	5.71517e-05 	0
2.69661 	0.000109468 	5.65312e-05 	1
2.82111 	5.20107e-05 	5.20107e-05 	0
2.88337 	8.79413e-05 	8.79413e-05 	0
2.94562 	8.79018e-05 	8.79018e-05 	0
3.07013 	9.4652e-05 	9.4652e-05 	0
3.13238 	8.66904e-05 	8.66904e-05 	0
3.19464 	9.4891e-05 	9.4891e-05 	0
3.25689 	9.34906e-05 	9.34906e-05 	0
3.31914 	0.000108302 	4.59132e-05 	1
3.3814 	8.52143e-05 	8.52143e-05 	0
3.44365 	9.84011e-05 	9.84011e-05 	0
3.50591 	9.33172e-05 	9.33172e-05 	0
3.56816 	0.000100588 	4.81572e-05 	1
3.69267 	0.000120822 	6.42618e-05 	1
3.75492 	9.53365e-05 	9.53365e-05 	0
3.81718 	0.000142338 	6.58593e-05 	1
3.87943 	9.63211e-05 	9.63211e-05 	0
4.00394 	8.43878e-05 	8.43878e-05 	0
4.06619 	0.000119811 	6.47191e-05 	1
4.12845 	9.75511e-05 	9.75511e-05 	0
4.1907 	9.79481e-05 	9.79481e-05 	0
4.25295 	0.000103032 	3.67867e-05 	1
4.31521 	6.3201e-05 	6.3201e-05 	0
4.37746 	0.000107188 	5.90087e-05 	1
4.50197 	0.00012713 	5.6337e-05 	1
4.56422 	7.83689e-05 	7.83689e-05 	0
4.62648 	0.000138507 	4.52541e-05 	1
4.68873 	8.33471e-05 	8.33471e-05 	0
4.75098 	8.71063e-05 	8.71063e-05 	0
4.81324 	9.50266e-05 	9.50266e-05 	0
4.87549 	7.18892e-05 	7.18892e-05 	0
4.93775 	5.9044e-05 	5.9044e-05 	0
5.0 	9.66237e-05 	9.66237e-05 	0
5.0625 	0.000123248 	5.98865e-05 	1
5.125 	9.71248e-05 	9.71248e-05 	0
5.25 	9.80592e-05 	9.80592e-05 	0
5.3125 	0.000106948 	6.71926e-05 	1
5.375 	9.12018e-05 	9.12018e-05 	0
5.5 	6.81465e-05 	6.81465e-05 	0
5.5625 	0.000121058 	5.64064e-05 	1
5.625 	0.000113248 	6.60531e-05 	1
5.6875 	0.000110516 	5.42795e-05 	1
5.75 	0.000111332 	6.4547e-05 	1
5.8125 	9.39175e-05 	9.39175e-05 	0
5.875 	0.000109466 	6.77753e-05 	1
5.9375 	0.000108347 	5.55943e-05 	1
6.0 	0.000109596 	4.6525e-05 	1
6.125 	0.000138373 	6.5257e-05 	1
6.1875 	5.30457e-05 	5.30457e-05 	0
6.25 	0.000105998 	4.41574e-05 	1
6.3125 	9.32703e-05 	9.32703e-05 	0
6.4375 	0.000122307 	6.49464e-05 	1
6.6875 	0.000107469 	6.51615e-05 	1
6.75 	7.84587e-05 	7.84587e-05 	0
6.8125 	8.90699e-05 	8.90699e-05 	0
6.9375 	5.47957e-05 	5.47957e-05 	0
7.0 	7.68437e-05 	7.68437e-05 	0
7.0625 	9.00876e-05 	9.00876e-05 	0
7.125 	0.000127524 	6.62203e-05 	1
7.1875 	8.97638e-05 	8.97638e-05 	0
7.25 	0.00012698 	6.38603e-05 	1
7.4375 	7.01294e-05 	7.01294e-05 	0
7.5625 	9.80647e-05 	9.80647e-05 	0
7.625 	0.000146306 	6.84642e-05 	1
7.6875 	0.000105591 	5.37707e-05 	1
7.8125 	0.000158513 	6.40785e-05 	1
7.9375 	6.37269e-05 	6.37269e-05 	0
8.0 	0.000101409 	5.10144e-05 	1
8.0625 	0.000112408 	5.54373e-05 	1
8.125 	8.92726e-05 	8.92726e-05 	0
8.25 	0.000101695 	5.23077e-05 	1
8.3125 	0.000101847 	5.41896e-05 	1
8.375 	0.000126479 	6.93767e-05 	1
8.4375 	9.6894e-05 	9.6894e-05 	0
8.5 	0.000107829 	7.24134e-05 	1
8.5625 	0.000131326 	6.312e-05 	1
8.8125 	7.19025e-05 	7.19025e-05 	0
8.9375 	8.3643e-05 	8.3643e-05 	0
9.0 	0.000120042 	6.44682e-05 	1
9.0625 	5.29409e-05 	5.29409e-05 	0
9.125 	4.30647e-05 	4.30647e-05 	0
9.1875 	8.6015e-05 	8.6015e-05 	0
9.25 	0.000100947 	5.24142e-05 	1
9.3125 	7.57565e-05 	7.57565e-05 	0
9.375 	0.000143323 	7.11045e-05 	1
9.4375 	0.000115692 	7.43155e-05 	1
9.5625 	7.1487e-05 	7.1487e-05 	0
9.625 	0.000114675 	6.06634e-05 	1
9.6875 	0.000122937 	4.65303e-05 	1
9.75 	9.53804e-05 	9.53804e-05 	0
9.8125 	6.79446e-05 	6.79446e-05 	0
9.875 	0.000113616 	6.67016e-05 	1
9.9375 	9.7813e-05 	9.7813e-05 	0
10.0 	0.000116576 	3.02247e-05 	1
10.0625 	7.49163e-05 	7.49163e-05 	0
10.1875 	5.698e-05 	5.698e-05 	0
10.3125 	0.000104781 	4.95232e-05 	1
10.375 	8.4651e-05 	8.4651e-05 	0
10.5 	8.32797e-05 	8.32797e-05 	0
10.5625 	9.07375e-05 	9.07375e-05 	0
10.625 	0.00012712 	4.99313e-05 	1
10.6875 	0.000113301 	7.20832e-05 	1
10.75 	6.1233e-05 	6.1233e-05 	0
10.8125 	0.000129042 	6.52628e-05 	1
10.875 	9.76777e-05 	9.76777e-05 	0
10.9375 	5.41687e-05 	5.41687e-05 	0
11.0 	8.42487e-05 	8.42487e-05 	0
11.0625 	0.000117101 	7.91553e-05 	1
11.125 	9.11104e-05 	9.11104e-05 	0
11.1875 	8.14225e-05 	8.14225e-05 	0
11.25 	3.38524e-05 	3.38524e-05 	0
11.375 	8.95449e-05 	8.95449e-05 	0
11.4375 	4.53785e-05 	4.53785e-05 	0
11.5 	0.000111133 	5.13976e-05 	1
11.5625 	0.000124348 	7.06858e-05 	1
11.625 	0.000113679 	4.88944e-05 	1
11.6875 	0.00010415 	9.37857e-05 	1
11.75 	0.000136779 	6.38615e-05 	1
11.8125 	9.86327e-05 	9.86327e-05 	0
11.875 	0.000117434 	7.42495e-05 	1
11.9375 	0.000111035 	5.73963e-05 	1
12.0 	6.70082e-05 	6.70082e-05 	0
12.0625 	5.99165e-05 	5.99165e-05 	0
12.125 	8.89949e-05 	8.89949e-05 	0
12.1875 	0.00013172 	7.08787e-05 	1
12.25 	7.05329e-05 	7.05329e-05 	0
12.3125 	0.000120869 	5.64577e-05 	1
12.375 	0.000112908 	6.63352e-05 	1
12.5625 	6.38363e-05 	6.38363e-05 	0
12.625 	0.000118516 	7.09091e-05 	1
12.6875 	5.76205e-05 	5.76205e-05 	0
12.75 	0.000108771 	7.20493e-05 	1
12.8125 	5.78801e-05 	5.78801e-05 	0
12.875 	6.17117e-05 	6.17117e-05 	0
13.0 	0.000102087 	5.90719e-05 	1
13.0625 	0.000106622 	7.53858e-05 	1
13.125 	4.1895e-05 	4.1895e-05 	0
13.1875 	0.000100692 	5.12908e-05 	1
13.25 	0.000126237 	8.36735e-05 	1
13.3125 	9.52379e-05 	9.52379e-05 	0
13.375 	9.57148e-05 	9.57148e-05 	0
13.4375 	0.000107003 	6.56656e-05 	1
13.5 	9.64552e-05 	9.64552e-05 	0
13.5625 	9.04826e-05 	9.04826e-05 	0
13.625 	3.41121e-05 	3.41121e-05 	0
13.6875 	7.96145e-05 	7.96145e-05 	0
13.8125 	5.55111e-05 	5.55111e-05 	0
14.0 	0.000107181 	5.38485e-05 	1
14.0625 	7.93219e-05 	7.93219e-05 	0
14.125 	0.000105058 	5.42223e-05 	1
14.1875 	8.78372e-05 	8.78372e-05 	0
14.3125 	0.000114313 	6.67338e-05 	1
14.375 	0.000113489 	5.62174e-05 	1
14.4375 	8.17406e-05 	8.17406e-05 	0
14.5 	0.000136767 	6.91658e-05 	1
14.625 	9.10159e-05 	9.10159e-05 	0
14.6875 	5.58241e-05 	5.58241e-05 	0
14.75 	0.000107643 	7.05415e-05 	1
14.8125 	0.000112654 	5.63939e-05 	1
14.875 	5.71637e-05 	5.71637e-05 	0
14.9375 	9.72366e-05 	9.72366e-05 	0
15.0 	0.000112219 	5.34156e-05 	1
15.1875 	0.000113815 	5.46125e-05 	1
15.25 	8.75839e-05 	8.75839e-05 	0
15.3125 	9.19432e-05 	9.19432e-05 	0
15.375 	6.94692e-05 	6.94692e-05 	0
15.4375 	0.00011306 	6.21065e-05 	1
15.5 	0.000123949 	6.14257e-05 	1
15.5625 	0.000129454 	6.77518e-05 	1
15.625 	7.93847e-05 	7.93847e-05 	0
15.75 	6.60804e-05 	6.60804e-05 	0
15.8125 	9.10204e-05 	9.10204e-05 	0
15.875 	5.39957e-05 	5.39957e-05 	0
15.9375 	0.000131751 	6.59299e-05 	1
16.0 	7.10173e-05 	7.10173e-05 	0
16.0625 	8.20333e-05 	8.20333e-05 	0
16.125 	0.000100926 	6.41286e-05 	1
16.1875 	0.000101477 	6.1137e-05 	1
16.25 	0.000109289 	7.53087e-05 	1
16.3125 	6.96326e-05 	6.96326e-05 	0
16.375 	8.56218e-05 	8.56218e-05 	0
16.4375 	3.63846e-05 	3.63846e-05 	0
16.5 	0.000108544 	3.38664e-05 	1
16.625 	8.08573e-05 	8.08573e-05 	0
16.6875 	9.86644e-05 	9.86644e-05 	0
16.75 	6.68215e-05 	6.68215e-05 	0
16.8125 	6.65986e-05 	6.65986e-05 	0
16.875 	0.000175028 	5.61095e-05 	1
16.9375 	6.54008e-05 	6.54008e-05 	0
17.1875 	4.8967e-05 	4.8967e-05 	0
17.25 	9.09405e-05 	9.09405e-05 	0
17.3125 	0.000103302 	5.08788e-05 	1
17.375 	9.78121e-05 	9.78121e-05 	0
17.4375 	0.000112871 	5.27852e-05 	1
17.5 	8.76543e-05 	8.76543e-05 	0
17.5625 	0.000106412 	4.6976e-05 	1
17.625 	7.78423e-05 	7.78423e-05 	0
17.6875 	0.000119532 	5.9996e-05 	1
17.75 	8.40077e-05 	8.40077e-05 	0
17.8125 	8.71632e-05 	8.71632e-05 	0
17.9375 	5.43599e-05 	5.43599e-05 	0
18.0 	0.000114421 	5.88398e-05 	1
18.0625 	8.16824e-05 	8.16824e-05 	0
18.125 	0.000133205 	5.81185e-05 	1
18.1875 	0.000100089 	4.62044e-05 	1
18.25 	9.99997e-05 	9.99997e-05 	0
18.3125 	9.3652e-05 	9.3652e-05 	0
18.375 	9.73502e-05 	9.73502e-05 	0
18.4375 	0.000120909 	5.51829e-05 	1
18.5 	5.82734e-05 	5.82734e-05 	0
18.5625 	0.000114936 	7.00199e-05 	1
18.625 	7.22853e-05 	7.22853e-05 	0
18.75 	0.000104401 	5.43557e-05 	1
18.8125 	0.000131645 	6.96135e-05 	1
18.875 	0.000107223 	7.49761e-05 	1
18.9375 	7.87498e-05 	7.87498e-05 	0
19.125 	0.000116366 	9.58307e-05 	1
19.25 	0.000100403 	6.93579e-05 	1
19.3125 	5.54996e-05 	5.54996e-05 	0
19.375 	5.58925e-05 	5.58925e-05 	0
19.4375 	8.94817e-05 	8.94817e-05 	0
19.5 	4.87982e-05 	4.87982e-05 	0
19.625 	0.000100274 	4.72403e-05 	1
19.6875 	8.01762e-05 	8.01762e-05 	0
19.75 	0.000117659 	5.3787e-05 	1
19.875 	0.000149814 	7.80901e-05 	1
19.9375 	0.000130188 	8.08976e-05 	1
20.0 	0.000125339 	7.06984e-05 	1
20.0625 	7.56685e-05 	7.56685e-05 	0
20.125 	8.86607e-05 	8.86607e-05 	0
20.1875 	0.000117979 	6.79362e-05 	1
20.25 	8.75635e-05 	8.75635e-05 	0
20.3125 	0.000101375 	4.58421e-05 	1
20.375 	0.000117296 	8.4799e-05 	1
20.4375 	6.74313e-05 	6.74313e-05 	0
20.5 	9.28943e-05 	9.28943e-05 	0
20.5625 	0.000155492 	8.57123e-05 	1
20.625 	0.0001004 	4.63905e-05 	1
20.6875 	6.34507e-05 	6.34507e-05 	0
20.75 	6.79561e-05 	6.79561e-05 	0
20.8125 	8.83454e-05 	8.83454e-05 	0
20.875 	0.000113565 	6.57851e-05 	1
21.0 	0.000103477 	7.61094e-05 	1
21.0625 	6.50364e-05 	6.50364e-05 	0
21.1875 	0.000106256 	5.42916e-05 	1
21.3125 	0.000103629 	5.19291e-05 	1
21.375 	9.43155e-05 	9.43155e-05 	0
21.4375 	0.000107473 	5.6603e-05 	1
21.5 	8.58019e-05 	8.58019e-05 	0
21.5625 	6.72096e-05 	6.72096e-05 	0
21.625 	9.31787e-05 	9.31787e-05 	0
21.6875 	8.52075e-05 	8.52075e-05 	0
21.75 	8.63455e-05 	8.63455e-05 	0
21.8125 	7.51205e-05 	7.51205e-05 	0
21.875 	0.000109713 	6.1673e-05 	1
21.9375 	0.000110203 	3.78083e-05 	1
22.0 	8.72703e-05 	8.72703e-05 	0
22.125 	9.21958e-05 	9.21958e-05 	0
22.1875 	0.000105518 	6.78358e-05 	1
22.25 	0.000113042 	5.7164e-05 	1
22.3125 	8.61057e-05 	8.61057e-05 	0
22.375 	7.89924e-05 	7.89924e-05 	0
22.625 	6.36843e-05 	6.36843e-05 	0
22.6875 	7.16996e-05 	7.16996e-05 	0
22.75 	0.000125864 	3.88511e-05 	1
22.8125 	5.08784e-05 	5.08784e-05 	0
22.9375 	0.00010751 	6.49396e-05 	1
23.0 	8.77108e-05 	8.77108e-05 	0
23.0625 	9.21807e-05 	9.21807e-05 	0
23.125 	6.04181e-05 	6.04181e-05 	0
23.1875 	0.000153905 	9.12697e-05 	1
23.3125 	9.31482e-05 	9.31482e-05 	0
23.375 	8.986e-05 	8.986e-05 	0
23.4375 	9.20755e-05 	9.20755e-05 	0
23.5625 	0.000101893 	5.12871e-05 	1
23.6875 	0.000117796 	6.85044e-05 	1
23.75 	6.56639e-05 	6.56639e-05 	0
23.8125 	7.95375e-05 	7.95375e-05 	0
23.875 	0.000102092 	4.95952e-05 	1
23.9375 	0.000130735 	6.91277e-05 	1
24.0 	5.58846e-05 	5.58846e-05 	0
24.0625 	6.12553e-05 	6.12553e-05 	0
24.125 	0.000113289 	6.32695e-05 	1
24.1875 	4.06488e-05 	4.06488e-05 	0
24.3125 	0.000102907 	7.09534e-05 	1
24.375 	0.000124375 	5.86183e-05 	1
24.4375 	0.000103612 	8.72106e-05 	1
24.5 	5.23197e-05 	5.23197e-05 	0
24.5625 	0.000104401 	6.55085e-05 	1
24.625 	7.85003e-05 	7.85003e-05 	0
24.6875 	6.94402e-05 	6.94402e-05 	0
24.75 	5.20882e-05 	5.20882e-05 	0
24.8125 	0.000104445 	5.69475e-05 	1
25.0 	0.000114105 	6.32774e-05 	1
25.0625 	0.000101194 	5.04594e-05 	1
25.125 	0.000136705 	6.34598e-05 	1
25.25 	0.000101534 	5.99161e-05 	1
25.3125 	0.000106004 	6.36947e-05 	1
25.5 	6.52069e-05 	6.52069e-05 	0
25.5625 	8.76761e-05 	8.76761e-05 	0
25.625 	0.000124649 	5.5786e-05 	1
25.6875 	0.00011307 	6.42653e-05 	1
25.75 	0.00011544 	6.43436e-05 	1
25.8125 	9.19879e-05 	9.19879e-05 	0
25.875 	7.0255e-05 	7.0255e-05 	0
25.9375 	7.08386e-05 	7.08386e-05 	0
26.0 	7.28509e-05 	7.28509e-05 	0
26.0625 	0.000122674 	6.75437e-05 	1
26.125 	0.000139697 	6.88737e-05 	1
26.25 	0.000114848 	8.54828e-05 	1
26.3125 	0.000114799 	3.16186e-05 	1
26.375 	6.16694e-05 	6.16694e-05 	0
26.4375 	0.000104364 	5.58286e-05 	1
26.5 	0.000147041 	6.0772e-05 	1
26.5625 	0.000107611 	5.52823e-05 	1
26.625 	6.20086e-05 	6.20086e-05 	0
26.6875 	0.000101839 	4.33665e-05 	1
26.875 	0.000105835 	5.84741e-05 	1
26.9375 	0.000105404 	7.39013e-05 	1
27.0 	8.73975e-05 	8.73975e-05 	0
27.0625 	7.62722e-05 	7.62722e-05 	0
27.125 	7.55846e-05 	7.55846e-05 	0
27.25 	9.12394e-05 	9.12394e-05 	0
27.3125 	0.000106195 	4.5621e-05 	1
27.375 	7.77086e-05 	7.77086e-05 	0
27.5 	8.17485e-05 	8.17485e-05 	0
27.5625 	4.58086e-05 	4.58086e-05 	0
27.625 	0.000121285 	7.14058e-05 	1
27.6875 	0.000148324 	6.50427e-05 	1
27.75 	0.000139754 	7.9868e-05 	1
27.8125 	7.19079e-05 	7.19079e-05 	0
27.875 	0.000116793 	6.1632e-05 	1
28.0 	0.000108195 	5.63898e-05 	1
28.0625 	0.000109563 	5.2755e-05 	1
28.125 	3.42302e-05 	3.42302e-05 	0
28.3125 	7.87266e-05 	7.87266e-05 	0
28.375 	6.02995e-05 	6.02995e-05 	0
28.4375 	0.00010181 	5.74718e-05 	1
28.5 	0.000118258 	6.21218e-05 	1
28.625 	0.000129101 	6.07478e-05 	1
28.6875 	0.000119437 	5.66288e-05 	1
28.8125 	8.96421e-05 	8.96421e-05 	0
28.875 	0.000114382 	3.168e-05 	1
28.9375 	4.11431e-05 	4.11431e-05 	0
29.0 	0.000127483 	6.14271e-05 	1
29.0625 	8.75532e-05 	8.75532e-05 	0
29.125 	8.32703e-05 	8.32703e-05 	0
29.1875 	8.19014e-05 	8.19014e-05 	0
29.25 	0.000113634 	4.39543e-05 	1
29.3125 	7.46377e-05 	7.46377e-05 	0
29.375 	6.75467e-05 	6.75467e-05 	0
29.4375 	0.000114993 	6.11227e-05 	1
29.5 	0.000110463 	5.86752e-05 	1
29.5625 	0.000100851 	4.3977e-05 	1
29.625 	9.10994e-05 	9.10994e-05 	0
29.6875 	0.000135984 	7.46957e-05 	1
29.75 	0.000129663 	6.46395e-05 	1
29.875 	0.000127532 	5.83525e-05 	1
29.9375 	8.01133e-05 	8.01133e-05 	0
30.0 	0.00011167 	5.84019e-05 	1
30.125 	7.85588e-05 	7.85588e-05 	0
30.1875 	7.70167e-05 	7.70167e-05 	0
30.25 	0.000110726 	3.95627e-05 	1
30.3125 	8.39281e-05 	8.39281e-05 	0
30.375 	8.32951e-05 	8.32951e-05 	0
30.4375 	0.000100401 	5.94581e-05 	1
30.5 	0.000110141 	6.4338e-05 	1
30.5625 	0.000105455 	4.71077e-05 	1
30.625 	0.000100555 	5.85928e-05 	1
30.6875 	6.77218e-05 	6.77218e-05 	0
30.75 	0.000119119 	6.27624e-05 	1
30.8125 	8.63971e-05 	8.63971e-05 	0
30.9375 	0.000110849 	5.35886e-05 	1
31.0 	6.85579e-05 	6.85579e-05 	0
31.125 	5.18348e-05 	5.18348e-05 	0
31.1875 	7.70923e-05 	7.70923e-05 	0
31.25 	8.161e-05 	8.161e-05 	0
31.3125 	0.000110234 	6.86058e-05 	1
31.375 	0.000117644 	5.07693e-05 	1
31.5 	7.1947e-05 	7.1947e-05 	0
31.5625 	9.81799e-05 	9.81799e-05 	0
31.625 	0.000107343 	3.90794e-05 	1
31.6875 	9.15866e-05 	9.15866e-05 	0
31.75 	0.000129974 	6.19728e-05 	1
31.8125 	0.000130535 	7.74585e-05 	1
31.875 	9.87229e-05 	9.87229e-05 	0
31.9375 	0.000116613 	7.06558e-05 	1
32.0 	0.000138674 	6.82625e-05 	1
32.0625 	0.000108494 	5.36275e-05 	1
32.125 	9.33472e-05 	9.33472e-05 	0
32.1875 	5.70651e-05 	5.70651e-05 	0
32.25 	6.07471e-05 	6.07471e-05 	0
32.3125 	9.21025e-05 	9.21025e-05 	0
32.4375 	0.000124493 	6.2457e-05 	1
32.5 	0.000142275 	6.99757e-05 	1
32.625 	0.00012629 	6.03286e-05 	1
32.6875 	0.000126046 	6.18806e-05 	1
32.75 	8.60273e-05 	8.60273e-05 	0
32.8125 	0.000130696 	5.62467e-05 	1
32.875 	6.80303e-05 	6.80303e-05 	0
32.9375 	6.12673e-05 	6.12673e-05 	0
33.0 	0.000108025 	6.67298e-05 	1
33.0625 	5.4868e-05 	5.4868e-05 	0
33.125 	7.85929e-05 	7.85929e-05 	0
33.1875 	7.29925e-05 	7.29925e-05 	0
33.25 	7.36842e-05 	7.36842e-05 	0
33.3125 	9.71853e-05 	9.71853e-05 	0
33.375 	6.6089e-05 	6.6089e-05 	0
33.4375 	6.70649e-05 	6.70649e-05 	0
33.5 	9.98189e-05 	9.98189e-05 	0
33.625 	9.54686e-05 	9.54686e-05 	0
33.6875 	8.52463e-05 	8.52463e-05 	0
33.75 	0.00013381 	6.67551e-05 	1
33.875 	6.64117e-05 	6.64117e-05 	0
33.9375 	0.000131856 	6.99589e-05 	1
34.0625 	9.72532e-05 	9.72532e-05 	0
34.125 	9.85824e-05 	9.85824e-05 	0
34.1875 	0.000109816 	7.69271e-05 	1
34.25 	5.65418e-05 	5.65418e-05 	0
34.3125 	7.54676e-05 	7.54676e-05 	0
34.375 	8.98371e-05 	8.98371e-05 	0
34.4375 	9.72543e-05 	9.72543e-05 	0
34.5 	8.67307e-05 	8.67307e-05 	0
34.5625 	0.000116442 	5.7823e-05 	1
34.625 	0.000107046 	6.96243e-05 	1
34.6875 	0.000126689 	5.8232e-05 	1
34.75 	7.62996e-05 	7.62996e-05 	0
34.875 	0.00011509 	6.03124e-05 	1
34.9375 	7.87879e-05 	7.87879e-05 	0
35.0625 	0.000139188 	6.95614e-05 	1
35.125 	0.00013532 	6.06049e-05 	1
35.25 	6.11641e-05 	6.11641e-05 	0
35.3125 	8.89167e-05 	8.89167e-05 	0
35.375 	0.000100572 	3.28302e-05 	1
35.5625 	0.00011288 	4.97788e-05 	1
35.625 	9.27329e-05 	9.27329e-05 	0
35.6875 	6.2804e-05 	6.2804e-05 	0
35.75 	0.000106426 	6.12622e-05 	1
35.8125 	7.01955e-05 	7.01955e-05 	0
35.875 	0.000108271 	5.58643e-05 	1
35.9375 	0.000124612 	4.42251e-05 	1
36.0 	0.000113035 	7.09231e-05 	1
36.125 	8.92634e-05 	8.92634e-05 	0
36.25 	0.000107838 	5.42014e-05 	1
36.4375 	0.000103238 	6.72869e-05 	1
36.5 	0.000120803 	7.35092e-05 	1
36.5625 	9.22586e-05 	9.22586e-05 	0
36.625 	8.53579e-05 	8.53579e-05 	0
36.6875 	0.000106834 	6.28993e-05 	1
36.8125 	0.000112424 	7.0226e-05 	1
36.875 	6.20354e-05 	6.20354e-05 	0
36.9375 	8.65882e-05 	8.65882e-05 	0
37.0625 	8.899e-05 	8.899e-05 	0
37.125 	0.000135848 	6.78688e-05 	1
37.1875 	8.90833e-05 	8.90833e-05 	0
37.25 	6.66811e-05 	6.66811e-05 	0
37.3125 	9.44405e-05 	9.44405e-05 	0
37.375 	6.67633e-05 	6.67633e-05 	0
37.4375 	8.25538e-05 	8.25538e-05 	0
37.5 	8.55413e-05 	8.55413e-05 	0
37.5625 	0.000120813 	4.2802e-05 	1
37.625 	0.000116233 	6.20182e-05 	1
37.75 	0.000111118 	5.3517e-05 	1
37.8125 	0.000132028 	5.41884e-05 	1
37.875 	0.000134581 	6.10408e-05 	1
37.9375 	0.000124129 	4.69635e-05 	1
38.0 	5.09995e-05 	5.09995e-05 	0
38.0625 	9.90876e-05 	9.90876e-05 	0
38.125 	0.000119462 	6.37467e-05 	1
38.1875 	7.51679e-05 	7.51679e-05 	0
38.25 	5.32191e-05 	5.32191e-05 	0
38.3125 	0.000107282 	8.25175e-05 	1
38.375 	9.59641e-05 	9.59641e-05 	0
38.4375 	0.000117264 	6.1228e-05 	1
38.5625 	0.000114652 	6.74381e-05 	1
38.6875 	0.000128996 	6.43732e-05 	1
38.8125 	0.000103962 	3.90006e-05 	1
38.875 	0.000121957 	4.80115e-05 	1
38.9375 	0.000105412 	7.73335e-05 	1
39.0 	0.000121668 	6.44833e-05 	1
39.0625 	0.000103528 	3.93826e-05 	1
39.125 	0.000106574 	6.22419e-05 	1
39.1875 	8.02627e-05 	8.02627e-05 	0
39.25 	0.000117934 	6.30729e-05 	1
39.3125 	9.09785e-05 	9.09785e-05 	0
39.375 	9.43205e-05 	9.43205e-05 	0
39.5 	9.90699e-05 	9.90699e-05 	0
39.5625 	7.77806e-05 	7.77806e-05 	0
39.625 	8.14937e-05 	8.14937e-05 	0
39.6875 	9.47375e-05 	9.47375e-05 	0
39.75 	0.000132437 	5.49532e-05 	1
39.8125 	7.82302e-05 	7.82302e-05 	0
39.875 	6.11285e-05 	6.11285e-05 	0
39.9375 	6.40008e-05 	6.40008e-05 	0
40.0 	8.73445e-05 	8.73445e-05 	0
40.125 	7.89246e-05 	7.89246e-05 	0
40.25 	0.000105941 	6.56038e-05 	1
40.3125 	0.000118903 	6.98294e-05 	1
40.4375 	8.23399e-05 	8.23399e-05 	0
40.5 	0.000146621 	5.73656e-05 	1
40.5625 	4.70819e-05 	4.70819e-05 	0
40.625 	6.53039e-05 	6.53039e-05 	0
40.8125 	0.00010858 	6.53921e-05 	1
40.875 	4.11501e-05 	4.11501e-05 	0
40.9375 	0.000122915 	6.64388e-05 	1
41.0 	9.37997e-05 	9.37997e-05 	0
41.125 	8.50948e-05 	8.50948e-05 	0
41.1875 	0.000107692 	6.13661e-05 	1
41.25 	0.000113478 	8.76133e-05 	1
41.3125 	0.000102166 	3.12535e-05 	1
41.4375 	8.07171e-05 	8.07171e-05 	0
41.5 	0.000113665 	6.30393e-05 	1
41.5625 	7.98409e-05 	7.98409e-05 	0
41.625 	5.30576e-05 	5.30576e-05 	0
41.6875 	0.000100269 	6.33486e-05 	1
41.8125 	8.15249e-05 	8.15249e-05 	0
41.875 	0.000101519 	7.20734e-05 	1
41.9375 	0.000105246 	3.58981e-05 	1
42.0 	0.00013281 	5.98711e-05 	1
42.125 	7.94786e-05 	7.94786e-05 	0
42.25 	0.000108157 	6.45169e-05 	1
42.375 	6.87617e-05 	6.87617e-05 	0
42.4375 	6.46419e-05 	6.46419e-05 	0
42.5 	0.000106461 	5.82114e-05 	1
42.625 	0.000106863 	3.38229e-05 	1
42.6875 	8.30429e-05 	8.30429e-05 	0
42.8125 	0.000124737 	6.91519e-05 	1
42.875 	9.32675e-05 	9.32675e-05 	0
42.9375 	0.000101251 	5.60201e-05 	1
43.0 	0.000106523 	5.29117e-05 	1
43.0625 	7.97714e-05 	7.97714e-05 	0
43.125 	0.000109131 	6.13998e-05 	1
43.1875 	9.32451e-05 	9.32451e-05 	0
43.3125 	9.81232e-05 	9.81232e-05 	0
43.375 	8.40238e-05 	8.40238e-05 	0
43.4375 	9.55477e-05 	9.55477e-05 	0
43.5625 	3.77279e-05 	3.77279e-05 	0
43.6875 	6.93422e-05 	6.93422e-05 	0
43.75 	0.000122709 	6.3561e-05 	1
43.8125 	9.16716e-05 	9.16716e-05 	0
43.875 	7.54916e-05 	7.54916e-05 	0
43.9375 	7.78585e-05 	7.78585e-05 	0
44.0 	0.000102957 	4.80168e-05 	1
44.0625 	5.26271e-05 	5.26271e-05 	0
44.125 	6.81544e-05 	6.81544e-05 	0
44.1875 	6.7406e-05 	6.7406e-05 	0
44.25 	6.56818e-05 	6.56818e-05 	0
44.3125 	9.20271e-05 	9.20271e-05 	0
44.375 	5.76838e-05 	5.76838e-05 	0
44.4375 	0.000112329 	5.35322e-05 	1
44.5 	0.000122341 	6.01828e-05 	1
44.5625 	0.000130874 	6.96229e-05 	1
44.625 	0.000100734 	4.83072e-05 	1
44.6875 	0.000110233 	7.93077e-05 	1
44.75 	6.59864e-05 	6.59864e-05 	0
44.8125 	0.000129216 	6.80698e-05 	1
44.875 	0.000110613 	5.08622e-05 	1
44.9375 	0.000104961 	4.42899e-05 	1
45.0 	6.36774e-05 	6.36774e-05 	0
45.0625 	0.000101126 	5.62596e-05 	1
45.125 	8.59564e-05 	8.59564e-05 	0
45.1875 	8.8789e-05 	8.8789e-05 	0
45.3125 	0.000106375 	6.13794e-05 	1
45.375 	9.36942e-05 	9.36942e-05 	0
45.5 	8.52149e-05 	8.52149e-05 	0
45.5625 	9.12575e-05 	9.12575e-05 	0
45.625 	4.82498e-05 	4.82498e-05 	0
45.6875 	9.98265e-05 	9.98265e-05 	0
45.75 	0.000107055 	5.40848e-05 	1
45.875 	8.28483e-05 	8.28483e-05 	0
45.9375 	0.000119892 	5.35602e-05 	1
46.0 	0.00011924 	7.52147e-05 	1
46.0625 	0.000124523 	6.61851e-05 	1
46.125 	8.27398e-05 	8.27398e-05 	0
46.3125 	4.60969e-05 	4.60969e-05 	0
46.375 	0.000129788 	7.31627e-05 	1
46.5 	8.45362e-05 	8.45362e-05 	0
46.5625 	0.000105041 	6.32594e-05 	1
46.625 	5.72919e-05 	5.72919e-05 	0
46.6875 	0.000138956 	6.80028e-05 	1
46.75 	0.000113227 	6.49925e-05 	1
46.8125 	5.33785e-05 	5.33785e-05 	0
46.875 	0.000116821 	5.55942e-05 	1
47.0 	0.000104476 	5.12062e-05 	1
47.0625 	0.00011464 	7.39298e-05 	1
47.125 	8.42638e-05 	8.42638e-05 	0
47.1875 	9.00678e-05 	9.00678e-05 	0
47.25 	0.000101505 	4.567e-05 	1
47.3125 	7.77654e-05 	7.77654e-05 	0
47.375 	8.7319e-05 	8.7319e-05 	0
47.5 	8.31354e-05 	8.31354e-05 	0
47.5625 	0.0001321 	7.2034e-05 	1
47.625 	0.000138007 	5.80897e-05 	1
47.6875 	7.38041e-05 	7.38041e-05 	0
47.8125 	0.000110851 	6.87459e-05 	1
47.875 	0.000105174 	5.97352e-05 	1
48.0 	0.000106299 	4.87747e-05 	1
48.0625 	0.00011787 	3.55305e-05 	1
48.1875 	7.84353e-05 	7.84353e-05 	0
48.25 	7.72858e-05 	7.72858e-05 	0
48.3125 	5.55481e-05 	5.55481e-05 	0
48.375 	8.54151e-05 	8.54151e-05 	0
48.4375 	9.52069e-05 	9.52069e-05 	0
48.5 	0.000109469 	4.87659e-05 	1
48.5625 	9.98878e-05 	9.98878e-05 	0
48.75 	0.000102596 	6.02963e-05 	1
48.8125 	9.16633e-05 	9.16633e-05 	0
48.9375 	9.7776e-05 	9.7776e-05 	0
49.0 	8.94088e-05 	8.94088e-05 	0
49.125 	3.99497e-05 	3.99497e-05 	0
49.1875 	9.7605e-05 	9.7605e-05 	0
49.25 	9.45541e-05 	9.45541e-05 	0
49.3125 	0.000100116 	5.20373e-05 	1
49.375 	0.000129638 	6.68744e-05 	1
49.4375 	0.000116834 	6.10128e-05 	1
49.5 	0.000105371 	5.57651e-05 	1
49.5625 	0.000105858 	8.07603e-05 	1
49.625 	0.000108481 	5.37181e-05 	1
49.6875 	0.000108677 	4.45847e-05 	1
49.75 	7.29712e-05 	7.29712e-05 	0
50.0625 	0.000116392 	6.75512e-05 	1
50.125 	8.6074e-05 	8.6074e-05 	0
50.25 	0.000114275 	6.28323e-05 	1
50.3125 	7.31332e-05 	7.31332e-05 	0
50.375 	0.00012942 	7.12063e-05 	1
50.4375 	0.000119085 	5.06894e-05 	1
50.5 	0.000120263 	6.84947e-05 	1
50.5625 	8.03506e-05 	8.03506e-05 	0
50.625 	7.61748e-05 	7.61748e-05 	0
50.75 	0.00011447 	6.76121e-05 	1
50.8125 	0.000123446 	5.15246e-05 	1
50.875 	8.69409e-05 	8.69409e-05 	0
50.9375 	7.47426e-05 	7.47426e-05 	0
51.0 	7.19392e-05 	7.19392e-05 	0
51.0625 	9.64095e-05 	9.64095e-05 	0
51.125 	0.000110087 	7.62726e-05 	1
51.1875 	5.04675e-05 	5.04675e-05 	0
51.25 	0.000110695 	6.24561e-05 	1
51.3125 	9.36868e-05 	9.36868e-05 	0
51.375 	0.000112664 	6.75483e-05 	1
51.4375 	0.000136945 	6.77058e-05 	1
51.5 	0.000127709 	5.94214e-05 	1
51.5625 	7.03212e-05 	7.03212e-05 	0
51.625 	0.000107148 	5.25025e-05 	1
51.6875 	8.62887e-05 	8.62887e-05 	0
51.8125 	0.000114789 	5.56492e-05 	1
51.875 	0.000106177 	3.39351e-05 	1
52.0 	0.000117442 	5.69077e-05 	1
52.0625 	0.000121409 	6.27035e-05 	1
52.1875 	8.63927e-05 	8.63927e-05 	0
52.25 	8.46736e-05 	8.46736e-05 	0
52.3125 	8.03979e-05 	8.03979e-05 	0
52.375 	6.39847e-05 	6.39847e-05 	0
52.4375 	7.61151e-05 	7.61151e-05 	0
52.5 	0.000111875 	5.13326e-05 	1
52.5625 	9.48584e-05 	9.48584e-05 	0
52.625 	0.000101377 	7.38213e-05 	1
52.6875 	0.000106003 	3.93801e-05 	1
52.75 	0.000118672 	5.33847e-05 	1
52.8125 	9.2321e-05 	9.2321e-05 	0
52.875 	0.00010411 	7.00204e-05 	1
52.9375 	0.000118686 	6.95537e-05 	1
53.0 	7.33249e-05 	7.33249e-05 	0
53.125 	5.84678e-05 	5.84678e-05 	0
53.1875 	9.04558e-05 	9.04558e-05 	0
53.25 	0.000136116 	6.60024e-05 	1
53.3125 	0.000116437 	5.96273e-05 	1
53.375 	0.000113792 	7.15473e-05 	1
53.5 	9.81839e-05 	9.81839e-05 	0
53.5625 	9.72327e-05 	9.72327e-05 	0
53.625 	0.00012327 	6.39757e-05 	1
53.6875 	0.000103789 	6.34147e-05 	1
53.75 	9.68108e-05 	9.68108e-05 	0
53.8125 	7.41634e-05 	7.41634e-05 	0
53.875 	0.00011939 	6.18544e-05 	1
53.9375 	8.42776e-05 	8.42776e-05 	0
54.0 	0.000127063 	5.71971e-05 	1
54.0625 	0.000117378 	8.19991e-05 	1
54.1875 	0.000125242 	6.49273e-05 	1
54.25 	9.96493e-05 	9.96493e-05 	0
54.3125 	3.90668e-05 	3.90668e-05 	0
54.375 	7.1503e-05 	7.1503e-05 	0
54.4375 	0.0001078 	5.16168e-05 	1
54.5 	6.95276e-05 	6.95276e-05 	0
54.625 	6.03051e-05 	6.03051e-05 	0
54.6875 	0.000100035 	6.73282e-05 	1
54.8125 	9.31432e-05 	9.31432e-05 	0
54.875 	9.72531e-05 	9.72531e-05 	0
54.9375 	7.63954e-05 	7.63954e-05 	0
55.0 	0.000102285 	4.84884e-05 	1
55.0625 	9.7638e-05 	9.7638e-05 	0
55.125 	0.000117543 	6.69565e-05 	1
55.1875 	9.55363e-05 	9.55363e-05 	0
55.3125 	8.37191e-05 	8.37191e-05 	0
55.4375 	6.84732e-05 	6.84732e-05 	0
55.5 	8.65813e-05 	8.65813e-05 	0
55.625 	0.000124393 	7.36693e-05 	1
55.6875 	0.000124143 	5.65314e-05 	1
55.75 	0.000101957 	5.09708e-05 	1
55.8125 	8.31848e-05 	8.31848e-05 	0
55.875 	9.69979e-05 	9.69979e-05 	0
55.9375 	7.99912e-05 	7.99912e-05 	0
56.0 	6.75994e-05 	6.75994e-05 	0
56.0625 	0.00013711 	5.72303e-05 	1
56.1875 	7.56064e-05 	7.56064e-05 	0
56.3125 	8.67079e-05 	8.67079e-05 	0
56.375 	0.000127352 	6.30024e-05 	1
56.4375 	0.000119437 	5.05161e-05 	1
56.5625 	9.74385e-05 	9.74385e-05 	0
56.6875 	5.20948e-05 	5.20948e-05 	0
56.75 	0.000119443 	6.90079e-05 	1
56.8125 	9.90675e-05 	9.90675e-05 	0
56.9375 	8.90823e-05 	8.90823e-05 	0
57.0 	0.000112136 	5.7883e-05 	1
57.0625 	0.000121442 	6.63566e-05 	1
57.125 	7.68651e-05 	7.68651e-05 	0
57.1875 	9.6442e-05 	9.6442e-05 	0
57.25 	0.000105835 	5.66663e-05 	1
57.3125 	0.00010113 	5.42964e-05 	1
57.375 	9.38278e-05 	9.38278e-05 	0
57.4375 	0.000101185 	5.36124e-05 	1
57.5 	6.93742e-05 	6.93742e-05 	0
57.5625 	9.35561e-05 	9.35561e-05 	0
57.625 	0.000110504 	5.98432e-05 	1
57.6875 	0.000115952 	6.7851e-05 	1
57.75 	9.78719e-05 	9.78719e-05 	0
57.8125 	7.27196e-05 	7.27196e-05 	0
57.9375 	6.20371e-05 	6.20371e-05 	0
58.0 	6.8684e-05 	6.8684e-05 	0
58.0625 	9.79248e-05 	9.79248e-05 	0
58.125 	0.000122501 	6.27882e-05 	1
58.1875 	0.000111922 	6.3947e-05 	1
58.25 	0.000106738 	5.95629e-05 	1
58.3125 	8.32587e-05 	8.32587e-05 	0
58.4375 	0.000113821 	6.53963e-05 	1
58.5 	5.00218e-05 	5.00218e-05 	0
58.5625 	8.71369e-05 	8.71369e-05 	0
58.625 	7.22042e-05 	7.22042e-05 	0
58.6875 	0.000124016 	5.95619e-05 	1
58.8125 	9.08034e-05 	9.08034e-05 	0
58.875 	9.97731e-05 	9.97731e-05 	0
58.9375 	0.000105529 	7.51375e-05 	1
59.0 	0.00010386 	6.54481e-05 	1
59.125 	5.16498e-05 	5.16498e-05 	0
59.25 	0.000107537 	5.33495e-05 	1
59.3125 	5.84195e-05 	5.84195e-05 	0
59.375 	0.000110521 	5.93498e-05 	1
59.4375 	0.000112164 	6.49125e-05 	1
59.5 	0.000106603 	4.88993e-05 	1
59.5625 	9.58619e-05 	9.58619e-05 	0
59.6875 	6.01404e-05 	6.01404e-05 	0
59.8125 	9.15824e-05 	9.15824e-05 	0
59.875 	0.000129063 	6.94294e-05 	1
59.9375 	7.4691e-05 	7.4691e-05 	0
60.0 	8.93017e-05 	8.93017e-05 	0
60.0625 	0.000126907 	7.15284e-05 	1
60.125 	9.57466e-05 	9.57466e-05 	0
60.375 	7.406e-05 	7.406e-05 	0
60.4375 	7.70566e-05 	7.70566e-05 	0
60.5 	0.000112183 	5.51245e-05 	1
60.5625 	9.89192e-05 	9.89192e-05 	0
60.625 	8.67303e-05 	8.67303e-05 	0
60.6875 	9.12841e-05 	9.12841e-05 	0
60.75 	0.000107494 	5.33052e-05 	1
60.8125 	9.08197e-05 	9.08197e-05 	0
60.875 	8.30678e-05 	8.30678e-05 	0
60.9375 	0.00010445 	6.30569e-05 	1
61.0 	0.000113273 	3.27806e-05 	1
61.0625 	6.1069e-05 	6.1069e-05 	0
61.125 	0.000117736 	6.00003e-05 	1
61.1875 	0.000117116 	7.39996e-05 	1
61.25 	5.34626e-05 	5.34626e-05 	0
61.3125 	7.02647e-05 	7.02647e-05 	0
61.375 	8.35557e-05 	8.35557e-05 	0
61.4375 	0.000147539 	8.2507e-05 	1
61.5 	0.000133262 	7.11078e-05 	1
61.625 	9.01266e-05 	9.01266e-05 	0
61.6875 	0.000104611 	4.75062e-05 	1
61.75 	4.05558e-05 	4.05558e-05 	0
61.8125 	9.622e-05 	9.622e-05 	0
61.875 	0.000107154 	5.36207e-05 	1
61.9375 	8.16645e-05 	8.16645e-05 	0
62.0 	7.97887e-05 	7.97887e-05 	0
62.125 	0.000102445 	4.35234e-05 	1
62.1875 	0.00010474 	4.97416e-05 	1
62.25 	0.000119806 	5.61709e-05 	1
62.3125 	0.000126154 	5.78146e-05 	1
62.375 	0.000116614 	7.95026e-05 	1
62.5 	8.56317e-05 	8.56317e-05 	0
62.5625 	9.78195e-05 	9.78195e-05 	0
62.6875 	7.45215e-05 	7.45215e-05 	0
62.75 	0.000104749 	6.68718e-05 	1
62.875 	0.000104737 	7.3757e-05 	1
62.9375 	8.9221e-05 	8.9221e-05 	0
63.0 	9.67388e-05 	9.67388e-05 	0
63.125 	0.000122195 	6.09112e-05 	1
63.25 	0.000102536 	4.8845e-05 	1
63.375 	0.000117652 	6.96209e-05 	1
63.4375 	7.0692e-05 	7.0692e-05 	0
63.5625 	7.86251e-05 	7.86251e-05 	0
63.625 	0.000122304 	6.139e-05 	1
63.8125 	9.17718e-05 	9.17718e-05 	0
63.9375 	6.41624e-05 	6.41624e-05 	0
64.0 	0.000111048 	6.62426e-05 	1
64.0625 	8.48034e-05 	8.48034e-05 	0
64.25 	7.02169e-05 	7.02169e-05 	0
64.3125 	0.000102015 	5.76913e-05 	1
64.4375 	7.82661e-05 	7.82661e-05 	0
64.5625 	9.85553e-05 	9.85553e-05 	0
64.6875 	0.000122183 	6.97733e-05 	1
64.75 	8.96883e-05 	8.96883e-05 	0
64.8125 	0.000151819 	5.65809e-05 	1
64.875 	5.84874e-05 	5.84874e-05 	0
64.9375 	8.73382e-05 	8.73382e-05 	0
65.0 	7.48507e-05 	7.48507e-05 	0
65.0625 	0.000120754 	6.31075e-05 	1
65.125 	6.69629e-05 	6.69629e-05 	0
65.25 	6.69902e-05 	6.69902e-05 	0
65.5 	5.44138e-05 	5.44138e-05 	0
65.625 	9.65043e-05 	9.65043e-05 	0
65.6875 	0.000113364 	4.93336e-05 	1
65.75 	0.000115958 	3.51928e-05 	1
65.8125 	9.91649e-05 	9.91649e-05 	0
65.9375 	0.000101357 	5.76457e-05 	1
66.0 	7.98701e-05 	7.98701e-05 	0
66.0625 	0.000116591 	6.94913e-05 	1
66.1875 	9.16967e-05 	9.16967e-05 	0
66.25 	7.43569e-05 	7.43569e-05 	0
66.3125 	9.85837e-05 	9.85837e-05 	0
66.375 	9.53934e-05 	9.53934e-05 	0
66.4375 	0.000118211 	6.12285e-05 	1
66.5 	0.000110506 	5.20329e-05 	1
66.5625 	5.75274e-05 	5.75274e-05 	0
66.625 	0.0001307 	7.37398e-05 	1
66.75 	0.000108984 	2.80687e-05 	1
66.8125 	4.94552e-05 	4.94552e-05 	0
66.875 	0.000133618 	6.33661e-05 	1
66.9375 	8.80287e-05 	8.80287e-05 	0
67.0 	0.000115016 	5.34763e-05 	1
67.125 	5.79983e-05 	5.79983e-05 	0
67.1875 	0.000100926 	4.7964e-05 	1
67.25 	9.79502e-05 	9.79502e-05 	0
67.3125 	7.8547e-05 	7.8547e-05 	0
67.375 	0.000107799 	6.63943e-05 	1
67.4375 	0.000127957 	5.68706e-05 	1
67.5 	9.05153e-05 	9.05153e-05 	0
67.5625 	0.000138459 	6.97415e-05 	1
67.8125 	0.000116588 	4.00002e-05 	1
67.875 	7.80862e-05 	7.80862e-05 	0
67.9375 	8.51573e-05 	8.51573e-05 	0
68.0 	0.000142992 	7.54583e-05 	1
68.0625 	7.50957e-05 	7.50957e-05 	0
68.125 	8.94408e-05 	8.94408e-05 	0
68.1875 	7.54248e-05 	7.54248e-05 	0
68.25 	9.64944e-05 	9.64944e-05 	0
68.3125 	0.000103206 	5.23832e-05 	1
68.375 	0.00010822 	6.12849e-05 	1
68.4375 	0.000113475 	5.96161e-05 	1
68.5 	0.000105209 	4.80407e-05 	1
68.5625 	0.000128809 	6.70487e-05 	1
68.625 	0.000100344 	7.37235e-05 	1
68.6875 	8.12596e-05 	8.12596e-05 	0
68.75 	9.48878e-05 	9.48878e-05 	0
68.8125 	7.44122e-05 	7.44122e-05 	0
68.875 	7.62004e-05 	7.62004e-05 	0
68.9375 	9.20512e-05 	9.20512e-05 	0
69.0625 	9.35047e-05 	9.35047e-05 	0
69.125 	0.000109625 	6.81096e-05 	1
69.1875 	8.51212e-05 	8.51212e-05 	0
69.25 	0.000111286 	6.70475e-05 	1
69.3125 	0.000131116 	7.65958e-05 	1
69.4375 	6.15333e-05 	6.15333e-05 	0
69.5 	8.80424e-05 	8.80424e-05 	0
69.5625 	8.83555e-05 	8.83555e-05 	0
69.625 	5.74379e-05 	5.74379e-05 	0
69.75 	0.000107867 	6.69567e-05 	1
69.8125 	0.000108453 	5.40842e-05 	1
69.875 	0.000132426 	5.90544e-05 	1
69.9375 	0.000123017 	6.90236e-05 	1
