# time 	Initial 	Final 	Iterations
0.333274 	0.000230368 	6.52674e-05 	1
0.579973 	0.000177575 	9.60469e-05 	1
0.642226 	0.000304876 	7.18959e-05 	1
0.70448 	0.000253124 	8.3954e-05 	1
0.766734 	0.000280056 	8.63056e-05 	1
0.828988 	0.000151562 	5.97544e-05 	1
1.01575 	0.000201621 	7.4081e-05 	1
1.26477 	0.000193211 	6.2265e-05 	1
1.38927 	0.000140654 	6.13195e-05 	1
1.45153 	0.000422239 	7.84821e-05 	1
1.51378 	0.000253826 	5.97525e-05 	2
1.7628 	0.000303593 	7.7433e-05 	1
1.8873 	0.000281412 	9.1136e-05 	1
1.94956 	0.000328658 	7.00414e-05 	1
2.07407 	0.000140091 	8.1835e-05 	1
2.19857 	0.000120672 	6.69996e-05 	1
2.26083 	0.000290469 	6.97856e-05 	2
2.32308 	0.00038019 	7.83082e-05 	1
2.38534 	0.000285312 	7.55096e-05 	1
2.44759 	0.000513031 	8.07727e-05 	1
2.63435 	0.000213752 	8.31883e-05 	2
2.69661 	0.000204664 	9.61255e-05 	1
2.88337 	0.000249579 	7.96535e-05 	1
2.94562 	0.000136585 	4.66255e-05 	2
3.07013 	0.000307342 	6.3615e-05 	1
3.19464 	0.000303127 	7.81789e-05 	1
3.25689 	0.000278316 	4.98086e-05 	1
3.31914 	0.000215273 	8.14839e-05 	1
3.3814 	0.000165427 	4.58678e-05 	1
3.44365 	0.000398699 	7.54767e-05 	1
3.50591 	0.000170328 	6.39876e-05 	1
3.69267 	0.000341789 	7.1418e-05 	1
3.75492 	0.000165848 	6.50991e-05 	2
3.87943 	0.00043967 	7.41829e-05 	1
4.00394 	0.000226258 	8.54942e-05 	1
4.06619 	0.000159703 	7.60403e-05 	1
4.12845 	0.000503855 	8.66528e-05 	1
4.1907 	0.000225349 	3.25324e-05 	1
4.25295 	0.000424001 	8.43311e-05 	1
4.31521 	0.000271096 	7.02001e-05 	1
4.37746 	0.000395218 	7.88623e-05 	1
4.50197 	0.000311598 	7.8463e-05 	1
4.56422 	0.000168293 	7.45197e-05 	1
4.62648 	0.000156763 	7.6056e-05 	2
4.68873 	0.000492916 	9.49273e-05 	1
4.93775 	0.00033417 	6.43903e-05 	1
5.0 	0.000185717 	7.30519e-05 	1
5.0625 	0.000442557 	7.41646e-05 	1
5.125 	0.000259222 	7.39147e-05 	1
5.25 	0.000431331 	6.41375e-05 	1
5.375 	0.000255574 	6.38412e-05 	1
5.5 	0.000216349 	4.40822e-05 	1
5.5625 	0.000159303 	7.73008e-05 	1
5.625 	0.000423068 	7.87661e-05 	1
5.6875 	0.000210556 	5.9679e-05 	1
5.8125 	0.000178206 	6.49777e-05 	1
5.875 	0.000363257 	8.3482e-05 	1
5.9375 	0.000183268 	7.139e-05 	1
6.0 	0.000203955 	7.08573e-05 	1
6.1875 	0.000247692 	7.03023e-05 	1
6.25 	0.000403839 	7.66844e-05 	2
6.4375 	0.00028021 	6.08728e-05 	1
6.75 	0.000169094 	7.08825e-05 	2
6.8125 	0.000455027 	8.25411e-05 	1
6.9375 	0.000226401 	7.31875e-05 	1
7.125 	0.000286754 	6.8363e-05 	1
7.1875 	0.000307188 	7.01255e-05 	1
7.25 	0.000344907 	7.02747e-05 	1
7.4375 	0.000260002 	8.57539e-05 	1
7.5625 	0.000149736 	5.23731e-05 	2
7.625 	0.000126762 	9.61059e-05 	1
7.6875 	0.000368978 	8.67684e-05 	1
7.8125 	0.000276325 	7.4199e-05 	2
7.9375 	0.000301595 	4.26032e-05 	1
8.0 	0.00036482 	7.95603e-05 	1
8.0625 	0.000307367 	7.5626e-05 	1
8.125 	0.000154164 	8.57464e-05 	1
8.25 	0.00039041 	7.00163e-05 	1
8.3125 	0.000233652 	8.40389e-05 	3
8.4375 	0.000315321 	5.21044e-05 	1
8.5 	0.000136293 	9.50829e-05 	1
8.5625 	0.000159301 	9.32011e-05 	1
8.8125 	0.000487039 	7.47561e-05 	1
8.9375 	0.000169222 	6.16491e-05 	1
9.0 	0.000241116 	6.88102e-05 	2
9.1875 	0.000286877 	6.16873e-05 	1
9.25 	0.000156986 	3.27232e-05 	1
9.3125 	0.000244616 	8.04384e-05 	1
9.375 	0.000284692 	6.48875e-05 	1
9.4375 	0.000164936 	3.96572e-05 	1
9.5625 	0.000130447 	4.39312e-05 	1
9.625 	0.000168443 	8.20131e-05 	1
9.6875 	0.000426985 	7.81203e-05 	1
9.8125 	0.000132741 	6.22708e-05 	1
9.9375 	0.000251435 	9.124e-05 	2
10.0 	0.000287984 	6.50854e-05 	1
10.1875 	0.00034824 	7.74e-05 	1
10.3125 	0.000147297 	7.8005e-05 	1
10.625 	0.000224053 	7.33931e-05 	2
10.6875 	0.000261409 	6.85797e-05 	2
10.75 	0.00020671 	5.4455e-05 	1
10.8125 	0.00047109 	6.28815e-05 	1
10.875 	0.000332845 	9.99137e-05 	1
11.0 	0.000336328 	7.68923e-05 	2
11.0625 	0.000126217 	4.42705e-05 	1
11.1875 	0.000207858 	8.2958e-05 	1
11.6875 	0.000187339 	4.8023e-05 	1
11.75 	0.000216664 	7.27573e-05 	1
11.8125 	0.000343978 	8.94034e-05 	1
11.875 	0.000210952 	5.83018e-05 	2
11.9375 	0.000166289 	3.93924e-05 	1
12.0 	9.99009e-05 	9.99009e-05 	0
12.0625 	0.000164122 	5.98563e-05 	1
12.1875 	0.000291095 	9.21735e-05 	1
12.3125 	0.000474535 	7.30582e-05 	1
12.375 	0.000188139 	8.65956e-05 	1
12.625 	0.000315342 	6.26913e-05 	1
12.6875 	0.000253722 	4.73564e-05 	1
12.8125 	0.000211808 	5.05106e-05 	1
12.875 	0.00028804 	7.2779e-05 	1
13.0 	0.000144002 	3.77265e-05 	1
13.0625 	0.000202275 	6.4523e-05 	1
13.1875 	0.000422677 	7.01299e-05 	1
13.25 	0.000298821 	6.91075e-05 	1
13.375 	0.00034081 	9.52129e-05 	1
13.4375 	0.000145516 	8.81457e-05 	1
13.5625 	0.000314138 	6.82481e-05 	1
13.625 	0.000290532 	9.37525e-05 	1
13.6875 	0.000194477 	5.5485e-05 	1
14.0 	0.000214063 	8.87273e-05 	1
14.0625 	0.0002964 	5.75556e-05 	1
14.125 	0.000188586 	7.65242e-05 	1
14.1875 	0.000288833 	9.58506e-05 	1
14.3125 	0.000424004 	8.70035e-05 	1
14.375 	0.000157705 	6.72288e-05 	1
14.4375 	0.000274656 	7.97743e-05 	1
14.5 	0.000353372 	6.19502e-05 	1
14.625 	0.000441768 	7.03647e-05 	1
14.6875 	0.000211453 	7.31719e-05 	1
14.75 	0.000400404 	7.84171e-05 	1
14.8125 	0.000387562 	7.92214e-05 	1
14.9375 	0.000194121 	7.23549e-05 	1
15.0 	0.00014886 	8.11655e-05 	1
15.1875 	0.000283872 	7.16258e-05 	1
15.25 	0.000230448 	5.05522e-05 	2
15.3125 	0.000281175 	5.10802e-05 	1
15.375 	0.000102918 	5.27464e-05 	1
15.4375 	0.000152746 	6.62578e-05 	2
15.5 	0.000250235 	6.889e-05 	2
15.75 	0.00022884 	6.85497e-05 	1
15.8125 	0.000261568 	3.57785e-05 	1
15.875 	0.000140249 	5.79706e-05 	2
15.9375 	0.000422924 	5.56817e-05 	1
16.0 	0.000149204 	7.20543e-05 	1
16.0625 	0.00025358 	7.29774e-05 	1
16.125 	0.000232394 	8.15833e-05 	2
16.1875 	0.00039747 	7.56194e-05 	1
16.25 	0.000247845 	8.5701e-05 	1
16.3125 	0.000255573 	3.92436e-05 	1
16.375 	0.000278118 	5.90425e-05 	1
16.5 	0.000174349 	9.83548e-05 	1
16.625 	0.000433338 	8.28523e-05 	1
16.8125 	0.000429757 	7.42379e-05 	1
16.9375 	0.000442571 	7.49456e-05 	1
17.25 	0.00028043 	6.64639e-05 	1
17.3125 	0.00026584 	5.90495e-05 	1
17.375 	0.000190633 	6.08324e-05 	1
17.4375 	0.000177389 	7.33015e-05 	1
17.5625 	0.000346193 	9.08516e-05 	1
17.625 	0.000231052 	8.9332e-05 	1
17.6875 	0.000130923 	5.02399e-05 	1
18.0 	0.000147808 	6.90327e-05 	1
18.0625 	0.000170696 	7.35391e-05 	1
18.1875 	0.000227595 	9.16768e-05 	2
18.25 	0.000365304 	7.10565e-05 	1
18.375 	0.000331562 	9.19045e-05 	1
18.4375 	0.000286986 	8.23986e-05 	1
18.5625 	0.000459322 	9.76866e-05 	1
18.625 	0.000187956 	8.77455e-05 	1
18.8125 	0.000198527 	8.60634e-05 	1
18.875 	0.000503214 	8.42402e-05 	1
18.9375 	0.000376832 	8.5186e-05 	1
19.125 	0.000148812 	7.10725e-05 	1
19.4375 	0.000140204 	7.17346e-05 	1
19.5 	0.000213583 	6.04304e-05 	1
19.625 	0.000200089 	3.93795e-05 	1
19.6875 	0.000210229 	7.74876e-05 	1
19.75 	0.000238419 	6.97041e-05 	2
19.9375 	0.000378776 	8.20856e-05 	1
20.0 	0.000168301 	5.76457e-05 	1
20.0625 	0.000284684 	7.91847e-05 	1
20.125 	0.000306652 	8.41112e-05 	1
20.1875 	0.000117035 	3.33646e-05 	1
20.375 	0.000236405 	9.56398e-05 	2
20.4375 	0.000296027 	6.14769e-05 	1
20.5 	0.00025629 	7.10411e-05 	2
20.5625 	0.000120208 	4.92838e-05 	1
20.625 	0.000172353 	5.74023e-05 	1
20.6875 	0.000152677 	4.40746e-05 	1
20.75 	0.000145617 	6.62532e-05 	1
21.0 	0.000230423 	5.26034e-05 	1
21.0625 	0.000223013 	6.47259e-05 	2
21.1875 	0.000317249 	7.94629e-05 	1
21.3125 	0.000321066 	6.55134e-05 	1
21.5625 	0.000172337 	7.54185e-05 	1
21.625 	0.000128344 	3.50895e-05 	1
21.75 	0.000137075 	3.92309e-05 	1
21.8125 	8.40815e-05 	8.40815e-05 	0
21.875 	0.00048063 	8.49825e-05 	1
21.9375 	0.000137444 	5.78851e-05 	2
22.125 	0.000239974 	5.46985e-05 	1
22.1875 	0.000139489 	6.91205e-05 	1
22.25 	0.000195091 	6.85414e-05 	1
22.3125 	0.000368031 	9.5216e-05 	1
22.375 	0.000153627 	6.66794e-05 	1
22.8125 	0.000263169 	5.59993e-05 	2
22.9375 	0.000236476 	7.25615e-05 	1
23.0 	0.000437697 	8.8775e-05 	1
23.125 	0.000276955 	6.59537e-05 	2
23.1875 	0.000388237 	4.74867e-05 	1
23.3125 	0.000251616 	6.826e-05 	1
23.375 	0.000555237 	8.09749e-05 	1
23.4375 	0.000133467 	7.80085e-05 	1
23.6875 	0.000189501 	6.38339e-05 	2
23.8125 	0.000244012 	7.92021e-05 	2
23.875 	0.000127313 	7.46576e-05 	1
24.0 	0.000398169 	8.56534e-05 	1
24.0625 	0.000323021 	6.73341e-05 	1
24.3125 	0.000135628 	8.1631e-05 	1
24.375 	0.000196145 	6.94195e-05 	1
24.4375 	0.000286647 	6.40586e-05 	1
24.5625 	0.000241167 	8.5261e-05 	1
24.625 	0.00012788 	7.23474e-05 	1
24.6875 	0.000292332 	9.07187e-05 	1
24.75 	0.000326264 	8.72646e-05 	3
24.8125 	0.000251651 	7.53412e-05 	1
25.0 	0.000116469 	2.79806e-05 	1
25.0625 	0.000201376 	9.40753e-05 	1
25.125 	0.00013665 	6.022e-05 	1
25.25 	0.000406901 	7.54505e-05 	1
25.3125 	0.000184606 	5.21698e-05 	1
25.625 	0.000372681 	8.77547e-05 	1
25.6875 	0.000102097 	4.81821e-05 	1
25.75 	0.000169174 	5.24286e-05 	1
25.8125 	0.000145763 	4.99908e-05 	1
26.0 	0.000136895 	6.36474e-05 	1
26.125 	0.000479846 	8.02621e-05 	1
26.25 	0.000163841 	9.40833e-05 	1
26.3125 	0.000209012 	6.90791e-05 	1
26.375 	0.000151053 	2.64155e-05 	1
26.5 	0.000209041 	8.23386e-05 	2
26.5625 	0.000431329 	7.88786e-05 	1
26.625 	0.000320597 	9.36586e-05 	1
26.6875 	0.000359726 	8.89129e-05 	1
26.875 	0.000367237 	8.97322e-05 	1
26.9375 	0.000341194 	8.01233e-05 	1
27.0 	0.000151908 	4.74109e-05 	1
27.25 	0.000238801 	8.23917e-05 	2
27.3125 	0.000251551 	8.38069e-05 	1
27.375 	0.000165447 	7.2636e-05 	1
27.5 	0.000151159 	5.86274e-05 	1
27.625 	0.000288028 	7.46654e-05 	1
27.6875 	0.000267358 	8.85168e-05 	2
27.75 	0.000200069 	5.21616e-05 	1
27.8125 	0.000242351 	5.00235e-05 	1
28.0 	0.000240268 	7.43563e-05 	2
28.0625 	0.000448712 	9.64794e-05 	1
28.125 	0.00016572 	7.41063e-05 	1
28.3125 	0.000237715 	8.39855e-05 	1
28.4375 	0.000421736 	8.48628e-05 	1
28.5 	0.0002314 	8.8878e-05 	1
28.625 	0.000296778 	6.70884e-05 	1
28.6875 	0.000144411 	6.63708e-05 	1
28.8125 	0.000403489 	9.59771e-05 	1
28.875 	0.000162532 	6.70037e-05 	2
28.9375 	0.000376266 	8.00908e-05 	1
29.0 	0.000261733 	6.05667e-05 	1
29.0625 	0.000269411 	5.56871e-05 	1
29.125 	0.000183839 	5.99966e-05 	2
29.1875 	0.000460412 	9.44104e-05 	1
29.25 	0.000224793 	6.83091e-05 	1
29.375 	0.000399969 	7.40158e-05 	1
29.4375 	0.00012847 	6.96988e-05 	1
29.5 	9.4e-05 	9.4e-05 	0
29.625 	0.000343838 	8.28112e-05 	1
29.6875 	0.000336678 	8.55902e-05 	1
29.75 	0.000189952 	7.54622e-05 	1
29.9375 	0.000195965 	8.23181e-05 	1
30.125 	0.000227818 	7.87389e-05 	1
30.1875 	0.000147048 	6.36606e-05 	1
30.25 	0.000189172 	4.85461e-05 	2
30.3125 	0.00026679 	7.89243e-05 	1
30.375 	0.000256894 	6.60082e-05 	2
30.4375 	0.000411293 	8.09206e-05 	1
30.5 	0.000223037 	4.75246e-05 	1
30.5625 	0.000266194 	7.10171e-05 	1
30.6875 	0.000225195 	5.46496e-05 	1
30.8125 	0.000169141 	8.22075e-05 	1
30.9375 	0.000146606 	6.66061e-05 	1
31.1875 	0.000126174 	4.17181e-05 	1
31.25 	0.000182493 	4.70246e-05 	1
31.375 	0.000187798 	5.51919e-05 	1
31.5 	0.000267022 	5.16213e-05 	1
31.625 	0.00034406 	8.56041e-05 	1
31.75 	0.000392867 	5.98674e-05 	1
31.8125 	0.0002018 	9.82566e-05 	1
31.875 	0.000161105 	8.97515e-05 	1
32.0 	0.00010169 	4.54901e-05 	1
32.125 	0.000130664 	7.83741e-05 	1
32.1875 	0.000141812 	4.49951e-05 	1
32.25 	0.000242539 	9.43539e-05 	2
32.3125 	0.000199333 	3.76995e-05 	1
32.4375 	0.000349694 	7.95153e-05 	1
32.5 	0.0001889 	7.45537e-05 	1
32.625 	0.000190471 	8.26199e-05 	2
32.6875 	0.000350955 	7.94457e-05 	1
32.75 	0.000309328 	8.54925e-05 	1
32.8125 	0.0002402 	9.13501e-05 	1
32.875 	0.000164797 	6.45839e-05 	2
33.0 	0.000128477 	6.69633e-05 	1
33.0625 	0.000148258 	7.35708e-05 	1
33.125 	0.00042615 	7.88405e-05 	1
33.1875 	0.000446212 	7.66252e-05 	1
33.25 	0.000145169 	5.40585e-05 	1
33.3125 	0.000407618 	8.69033e-05 	1
33.375 	0.000382619 	8.77784e-05 	1
33.4375 	0.000259414 	7.97577e-05 	1
33.625 	0.00035318 	7.95359e-05 	1
33.6875 	0.000193906 	7.95899e-05 	1
33.75 	0.000120472 	3.60371e-05 	1
33.875 	0.000378461 	7.00717e-05 	1
33.9375 	0.000362741 	7.73157e-05 	1
34.0625 	0.000345895 	9.276e-05 	1
34.125 	0.000317615 	9.00669e-05 	1
34.1875 	0.000192479 	9.07418e-05 	1
34.25 	0.00013601 	7.28055e-05 	1
34.3125 	0.000487438 	8.59013e-05 	1
34.375 	0.000161118 	5.84916e-05 	1
34.4375 	0.000263826 	5.87391e-05 	1
34.5 	0.000272205 	8.463e-05 	1
34.5625 	0.000348139 	8.87515e-05 	1
34.625 	0.000126181 	5.45389e-05 	1
34.6875 	0.000314684 	8.62507e-05 	1
34.875 	0.00021223 	2.60178e-05 	1
34.9375 	0.000299526 	6.96595e-05 	1
35.0625 	0.000259019 	7.99749e-05 	1
35.125 	9.87754e-05 	9.87754e-05 	0
35.25 	0.00030935 	6.15885e-05 	1
35.3125 	0.000366561 	7.42376e-05 	1
35.375 	0.000113803 	6.28277e-05 	1
35.625 	0.000489024 	9.39004e-05 	1
35.6875 	0.000480884 	6.7928e-05 	1
35.75 	0.000197568 	6.32155e-05 	1
35.8125 	0.000258088 	8.64846e-05 	1
35.875 	0.000145252 	5.93316e-05 	1
35.9375 	0.000202847 	5.18445e-05 	1
36.0 	0.00011878 	2.71278e-05 	1
36.125 	0.000231726 	6.03108e-05 	2
36.25 	0.000311996 	6.46764e-05 	1
36.4375 	0.000411994 	6.1055e-05 	1
36.5 	0.00034617 	4.42593e-05 	1
36.625 	0.000176922 	5.41436e-05 	1
36.8125 	0.000236795 	8.85468e-05 	2
36.875 	0.00047533 	8.73632e-05 	1
37.125 	0.000368972 	8.42505e-05 	1
37.1875 	0.00024358 	8.53637e-05 	2
37.3125 	0.00027161 	7.31845e-05 	1
37.375 	0.000303934 	4.76638e-05 	1
37.4375 	0.000184412 	6.47174e-05 	2
37.5 	0.0002349 	7.28742e-05 	1
37.5625 	0.000233279 	4.25739e-05 	1
37.75 	0.000258447 	7.15779e-05 	2
37.9375 	0.000206956 	8.85409e-05 	1
38.0 	0.000187075 	7.74475e-05 	1
38.0625 	0.000181181 	6.38315e-05 	2
38.125 	0.000368255 	5.75355e-05 	1
38.25 	0.000267715 	8.37004e-05 	1
38.3125 	0.000179565 	4.33214e-05 	1
38.4375 	0.000238332 	9.07844e-05 	1
38.5625 	0.000181606 	4.77821e-05 	2
38.6875 	0.000281654 	6.61934e-05 	1
38.8125 	0.000314725 	8.12565e-05 	1
38.875 	0.000256727 	6.48633e-05 	2
38.9375 	0.000255576 	9.97661e-05 	1
39.0 	0.000181084 	4.60042e-05 	1
39.0625 	0.000304888 	6.46642e-05 	1
39.125 	0.000313689 	6.63707e-05 	1
39.1875 	0.00031718 	7.57714e-05 	1
39.25 	0.000252043 	7.43369e-05 	1
39.3125 	0.00038579 	8.77039e-05 	1
39.5625 	0.000155797 	5.66815e-05 	2
39.625 	0.000442072 	7.85358e-05 	1
39.6875 	0.00015826 	6.77944e-05 	1
39.75 	0.000166463 	4.94967e-05 	1
39.875 	0.000153323 	3.29944e-05 	1
39.9375 	0.000232669 	5.53193e-05 	1
40.0 	0.00018874 	9.7644e-05 	1
40.125 	0.000102301 	5.42088e-05 	1
40.25 	0.000253257 	5.80314e-05 	1
40.3125 	0.000286003 	8.92443e-05 	1
40.4375 	0.000261373 	7.98209e-05 	1
40.5 	0.000467284 	8.43315e-05 	1
40.5625 	0.000261986 	7.94858e-05 	1
40.625 	0.000147654 	6.50955e-05 	1
40.8125 	0.000292334 	7.65138e-05 	3
40.9375 	0.000180788 	4.83073e-05 	1
41.125 	0.000320102 	5.54791e-05 	1
41.1875 	0.000313324 	8.11377e-05 	1
41.25 	0.000194918 	6.64983e-05 	1
41.3125 	0.000235031 	9.97809e-05 	1
41.4375 	0.000145994 	7.1352e-05 	2
41.5 	0.00021576 	5.22017e-05 	1
41.6875 	0.000283895 	8.08095e-05 	1
41.8125 	0.000173669 	7.22787e-05 	1
41.875 	0.000202862 	4.21117e-05 	2
41.9375 	0.000352716 	8.14007e-05 	1
42.0 	0.000264249 	7.98459e-05 	1
42.25 	0.000152638 	4.15868e-05 	1
42.5 	0.000154547 	5.59029e-05 	1
42.6875 	0.000457296 	6.40363e-05 	1
42.8125 	0.000392184 	8.03156e-05 	1
42.875 	0.000160689 	6.61489e-05 	2
42.9375 	0.000419149 	6.73516e-05 	1
43.0 	0.000380973 	9.73039e-05 	1
43.0625 	0.000476673 	8.73078e-05 	1
43.1875 	0.000351636 	6.89032e-05 	1
43.3125 	0.000209895 	6.18478e-05 	1
43.375 	0.000215865 	5.60621e-05 	1
43.6875 	0.000470497 	7.75443e-05 	1
43.8125 	0.000162994 	6.40923e-05 	2
43.9375 	0.000324626 	6.95554e-05 	1
44.0 	0.000295133 	5.55319e-05 	1
44.0625 	0.000301365 	4.54518e-05 	1
44.125 	0.000164044 	3.34004e-05 	1
44.1875 	0.00035525 	6.76552e-05 	1
44.25 	0.000127939 	3.9459e-05 	1
44.3125 	0.000364502 	8.97368e-05 	1
44.375 	0.000483879 	7.3366e-05 	1
44.4375 	0.000251044 	6.87213e-05 	2
44.5625 	0.000347706 	7.66206e-05 	1
44.6875 	0.000291035 	8.64767e-05 	1
44.75 	0.000130623 	5.13146e-05 	1
44.8125 	0.00030449 	8.70375e-05 	2
44.875 	0.000365789 	7.0386e-05 	1
44.9375 	0.000263723 	8.2277e-05 	1
45.0 	0.00034909 	8.89103e-05 	1
45.0625 	0.000140296 	3.12299e-05 	1
45.1875 	0.000402965 	8.46672e-05 	1
45.3125 	0.000182752 	5.89523e-05 	1
45.5 	0.000385885 	7.99301e-05 	1
45.625 	0.000249707 	6.29493e-05 	1
45.6875 	0.000169356 	8.38939e-05 	2
45.75 	0.000234082 	7.66795e-05 	1
45.9375 	0.000301287 	4.81468e-05 	1
46.0 	0.000380159 	7.77107e-05 	1
46.0625 	0.000397295 	7.68262e-05 	1
46.3125 	0.000221526 	8.82159e-05 	1
46.5625 	0.000402934 	7.00871e-05 	1
46.625 	0.000315044 	6.26337e-05 	1
46.6875 	0.000411659 	6.6997e-05 	1
46.75 	0.000307863 	6.44452e-05 	1
46.875 	0.000134747 	5.81866e-05 	2
47.0 	0.000189131 	7.14351e-05 	2
47.0625 	0.000383013 	8.93946e-05 	1
47.125 	0.000302165 	7.16583e-05 	1
47.1875 	0.000346045 	8.9089e-05 	1
47.25 	0.000222775 	6.53502e-05 	1
47.375 	0.00042778 	7.10423e-05 	1
47.5 	0.000279277 	9.15659e-05 	1
47.5625 	0.000268219 	5.65709e-05 	1
47.625 	0.000256962 	8.18315e-05 	1
47.6875 	0.000272146 	6.32214e-05 	1
47.8125 	0.000348097 	4.51128e-05 	1
48.0625 	0.000260124 	7.77568e-05 	1
48.1875 	0.000243629 	4.09158e-05 	1
48.25 	0.000139737 	4.11175e-05 	2
48.3125 	0.000296069 	6.65626e-05 	1
48.4375 	0.000116895 	4.94521e-05 	1
48.5625 	0.000286919 	9.02926e-05 	1
48.75 	0.000161728 	7.91526e-05 	1
48.8125 	0.000166075 	4.22179e-05 	1
48.9375 	0.000489585 	7.70619e-05 	1
49.0 	0.000136544 	7.04715e-05 	1
49.125 	0.000320126 	7.63094e-05 	1
49.25 	0.000446559 	6.97887e-05 	1
49.3125 	0.000422017 	8.73855e-05 	1
49.375 	0.000306015 	7.45933e-05 	2
49.4375 	0.000311615 	5.32114e-05 	1
49.5 	0.000289677 	5.99068e-05 	1
49.5625 	0.00020484 	6.26473e-05 	1
49.625 	0.000130193 	5.43044e-05 	1
49.6875 	0.000297938 	6.63659e-05 	1
49.75 	0.000265637 	8.67059e-05 	1
50.0625 	0.000325105 	7.17155e-05 	1
50.25 	0.000204361 	7.29308e-05 	2
50.3125 	0.000289888 	6.82635e-05 	2
50.375 	0.000320744 	9.7046e-05 	2
50.4375 	0.000115438 	6.34388e-05 	1
50.5625 	0.000333643 	9.48216e-05 	1
50.625 	0.000222899 	6.49623e-05 	1
50.75 	0.000301126 	7.11953e-05 	1
50.8125 	0.000142793 	3.83006e-05 	1
50.875 	0.000464833 	7.46739e-05 	1
50.9375 	0.000138213 	7.20803e-05 	1
51.0 	0.000157234 	9.70444e-05 	1
51.125 	0.00024472 	7.06607e-05 	1
51.1875 	0.000487089 	7.13568e-05 	1
51.25 	0.000172238 	7.52002e-05 	1
51.3125 	0.00020706 	6.31119e-05 	1
51.375 	0.000135417 	5.9984e-05 	1
51.4375 	0.000306508 	8.31212e-05 	1
51.5 	0.000264816 	7.91151e-05 	1
51.625 	0.000153286 	8.06422e-05 	2
51.6875 	0.000479232 	8.42167e-05 	1
51.8125 	0.000212023 	7.60336e-05 	1
51.875 	8.66651e-05 	8.66651e-05 	0
52.0 	0.000488972 	6.82005e-05 	1
52.0625 	0.000117025 	9.40046e-05 	1
52.1875 	0.00019055 	6.78621e-05 	1
52.3125 	0.000264113 	7.47415e-05 	2
52.375 	0.00026007 	5.80454e-05 	1
52.5 	0.000339393 	7.51384e-05 	1
52.625 	0.000144616 	4.62188e-05 	1
52.75 	0.000132919 	7.90786e-05 	1
52.8125 	0.000268241 	7.22067e-05 	1
52.875 	0.000475481 	7.06431e-05 	1
52.9375 	0.000183001 	6.96264e-05 	1
53.125 	0.000357194 	6.7667e-05 	1
53.1875 	0.000288159 	9.07905e-05 	1
53.25 	0.000143441 	6.05689e-05 	1
53.3125 	0.000179489 	8.07424e-05 	1
53.5 	0.000266032 	6.56953e-05 	1
53.5625 	0.000251673 	7.49254e-05 	1
53.625 	0.000318264 	7.33042e-05 	1
53.6875 	0.000473033 	7.64688e-05 	1
53.75 	0.000396202 	7.1534e-05 	1
53.8125 	0.000181254 	5.52924e-05 	1
53.875 	0.000310024 	9.95255e-05 	1
54.0 	0.000145318 	7.32491e-05 	1
54.0625 	0.000158386 	6.65951e-05 	1
54.1875 	0.000243156 	7.03226e-05 	1
54.25 	0.000125017 	5.61709e-05 	1
54.3125 	0.000285933 	6.94174e-05 	1
54.375 	0.000240257 	4.95509e-05 	1
54.4375 	0.000288691 	8.36e-05 	2
54.6875 	0.000186076 	5.76949e-05 	1
54.8125 	0.000403483 	7.76234e-05 	1
54.875 	0.00016517 	6.35891e-05 	2
54.9375 	0.000162164 	6.60718e-05 	1
55.0 	0.000154639 	7.57017e-05 	1
55.0625 	0.000195295 	7.85044e-05 	1
55.125 	0.000114044 	6.60606e-05 	1
55.3125 	0.000246102 	8.50519e-05 	1
55.4375 	0.000132118 	4.62374e-05 	1
55.5 	0.000327732 	6.92922e-05 	1
55.6875 	0.000195707 	6.44734e-05 	1
55.75 	0.000191009 	3.46361e-05 	1
55.875 	0.000166557 	9.57459e-05 	1
55.9375 	0.000380785 	7.82022e-05 	1
56.0 	0.000331628 	8.01589e-05 	1
56.0625 	0.000355571 	7.9443e-05 	1
56.3125 	0.000212619 	6.81549e-05 	1
56.375 	0.000145656 	6.2799e-05 	1
56.4375 	0.000367651 	8.49466e-05 	1
56.5625 	0.000159196 	9.55515e-05 	1
56.6875 	0.000330019 	8.08877e-05 	1
56.75 	0.000324596 	9.64304e-05 	1
56.8125 	0.000342448 	8.20037e-05 	1
56.9375 	0.000138159 	6.97329e-05 	1
57.0 	0.000228405 	9.00962e-05 	1
57.0625 	0.000222534 	8.45032e-05 	2
57.1875 	0.000262765 	7.87223e-05 	1
57.25 	0.000317031 	9.88582e-05 	2
57.3125 	0.000126885 	7.94391e-05 	1
57.375 	0.000369624 	8.14329e-05 	1
57.4375 	0.000187906 	8.65589e-05 	1
57.625 	0.00051565 	7.81959e-05 	1
57.6875 	0.000429236 	6.71379e-05 	1
57.75 	0.000227381 	9.87819e-05 	1
57.8125 	0.000119622 	3.84754e-05 	1
58.0 	0.000269118 	7.02048e-05 	1
58.0625 	0.000296819 	7.91064e-05 	1
58.125 	0.000339164 	4.45996e-05 	1
58.1875 	0.000275606 	6.63294e-05 	1
58.25 	0.000238938 	9.00751e-05 	1
58.3125 	0.000247805 	7.30447e-05 	1
58.4375 	0.000157976 	7.89089e-05 	1
58.5625 	0.000248229 	7.55215e-05 	1
58.6875 	0.000213912 	5.17288e-05 	1
58.8125 	0.000268698 	6.12643e-05 	1
58.875 	0.000278936 	9.29538e-05 	2
58.9375 	0.000273799 	9.11286e-05 	1
59.0 	0.0002354 	6.63689e-05 	1
59.125 	0.000202752 	8.61111e-05 	1
59.25 	0.000300283 	6.75446e-05 	1
59.3125 	0.000297771 	6.22799e-05 	1
59.375 	0.000261588 	6.56751e-05 	1
59.4375 	0.000104351 	4.39884e-05 	1
59.5 	0.000121452 	6.44307e-05 	1
59.6875 	0.000334473 	8.40273e-05 	1
59.8125 	0.000284682 	8.11983e-05 	1
59.875 	0.000185676 	8.29468e-05 	1
59.9375 	0.000504598 	9.30655e-05 	1
60.125 	0.000437855 	8.01442e-05 	1
60.375 	0.000411302 	9.54668e-05 	1
60.4375 	0.00020168 	7.69697e-05 	1
60.5625 	0.000335483 	7.96721e-05 	1
60.625 	0.000364644 	5.95362e-05 	1
60.75 	0.000140496 	6.28052e-05 	2
60.8125 	0.000273297 	8.19045e-05 	1
60.875 	0.000138144 	7.20231e-05 	1
61.0 	0.000338562 	7.76876e-05 	1
61.125 	0.000520156 	8.62452e-05 	1
61.1875 	0.00026891 	6.5422e-05 	2
61.25 	0.000258977 	9.62065e-05 	1
61.3125 	0.000271036 	9.10386e-05 	1
61.4375 	0.000236359 	4.97922e-05 	2
61.5 	0.000280726 	8.82372e-05 	1
61.625 	0.000360074 	8.2392e-05 	2
61.6875 	0.000379818 	7.36228e-05 	1
61.8125 	0.00021795 	6.91619e-05 	2
61.875 	0.000144681 	5.765e-05 	1
61.9375 	0.00014834 	7.19681e-05 	1
62.0 	0.000125787 	8.03388e-05 	1
62.125 	0.000184481 	6.97254e-05 	1
62.1875 	0.000299197 	9.79827e-05 	2
62.25 	0.000246553 	6.42234e-05 	2
62.375 	0.000304276 	8.04922e-05 	1
62.5 	0.000275448 	8.9127e-05 	1
62.5625 	0.000336354 	6.13441e-05 	1
62.75 	0.000443038 	9.7883e-05 	1
62.875 	0.000476539 	6.95557e-05 	1
62.9375 	0.000298825 	6.43422e-05 	1
63.0 	0.000363589 	5.31738e-05 	1
63.125 	0.000208997 	4.72177e-05 	1
63.25 	0.000258349 	6.05976e-05 	1
63.4375 	0.000186275 	3.68893e-05 	1
63.5625 	0.000429347 	7.57046e-05 	1
63.8125 	0.000191234 	7.71115e-05 	1
63.9375 	0.000318999 	9.84652e-05 	1
64.0 	0.000415076 	7.56909e-05 	1
64.0625 	0.000158608 	6.51596e-05 	1
64.25 	0.000598631 	8.29781e-05 	1
64.4375 	0.000327246 	9.24558e-05 	1
64.5625 	0.000196044 	7.89613e-05 	1
64.6875 	0.000234518 	8.93415e-05 	1
64.75 	0.0001797 	7.21218e-05 	1
64.8125 	0.000447243 	8.67027e-05 	1
64.875 	0.000170695 	8.34724e-05 	1
64.9375 	0.000458477 	7.53645e-05 	1
65.0 	0.000224952 	6.36407e-05 	2
65.0625 	0.00031904 	9.4909e-05 	1
65.125 	0.000135136 	6.26749e-05 	1
65.25 	9.30042e-05 	9.30042e-05 	0
65.5 	0.00039523 	8.70064e-05 	1
65.625 	0.000146116 	6.48504e-05 	1
65.8125 	0.000225752 	6.91447e-05 	1
65.9375 	0.000554016 	7.87767e-05 	1
66.0 	0.000376993 	7.88578e-05 	1
66.0625 	0.000193087 	7.41148e-05 	1
66.25 	0.000106838 	3.26748e-05 	1
66.3125 	0.000272652 	7.80047e-05 	2
66.5 	0.000258294 	5.74421e-05 	1
66.75 	0.000197087 	5.60358e-05 	1
66.8125 	0.000370844 	7.13191e-05 	1
66.875 	0.000160988 	4.48008e-05 	2
66.9375 	0.000222408 	4.05224e-05 	1
67.0 	0.000430878 	8.78492e-05 	1
67.25 	0.000133992 	6.94643e-05 	1
67.375 	0.000463401 	7.58329e-05 	1
67.4375 	0.000226202 	6.7981e-05 	1
67.5 	0.000240734 	6.62354e-05 	2
67.8125 	0.000299648 	6.86076e-05 	1
67.875 	0.000299583 	9.23065e-05 	1
67.9375 	0.000491375 	8.59092e-05 	1
68.0 	0.000370813 	6.80829e-05 	1
68.0625 	0.000433895 	7.0654e-05 	1
68.125 	0.000350248 	6.72389e-05 	1
68.1875 	0.000213032 	8.11718e-05 	1
68.3125 	0.000159635 	6.06238e-05 	1
68.375 	0.000178131 	3.15991e-05 	1
68.4375 	0.000513805 	9.30794e-05 	1
68.5625 	0.000228316 	9.71342e-05 	1
68.625 	0.000210946 	6.36258e-05 	1
68.6875 	0.000228302 	7.55818e-05 	1
68.75 	0.000284451 	9.58898e-05 	1
68.8125 	0.000216058 	7.52252e-05 	1
68.9375 	0.000286314 	7.57102e-05 	2
69.125 	0.000143277 	6.68491e-05 	1
69.1875 	0.000242804 	9.39845e-05 	1
69.25 	0.000304475 	9.24839e-05 	1
69.3125 	0.000290827 	6.60603e-05 	1
69.4375 	0.000207079 	6.09472e-05 	1
69.5 	0.000444468 	7.79683e-05 	1
69.75 	0.000150636 	7.88117e-05 	2
69.8125 	0.000333135 	9.3851e-05 	1
69.875 	0.000416383 	7.92061e-05 	1
69.9375 	0.000129815 	4.15969e-05 	1
