# time 	Initial 	Final 	Iterations
0.333274 	0.000129885 	7.29583e-06 	1
0.392346 	0.000185289 	1.1982e-05 	1
0.579973 	0.00034453 	2.34548e-05 	1
0.642226 	7.05e-05 	7.10123e-06 	1
0.70448 	0.000234073 	1.75459e-05 	1
0.766734 	0.000297518 	2.07632e-05 	1
0.828988 	0.000195161 	1.44377e-05 	1
0.953496 	0.000183168 	1.44558e-05 	1
1.01575 	0.000228362 	1.72115e-05 	1
1.078 	0.000196151 	1.48382e-05 	1
1.20251 	0.000227443 	1.59268e-05 	1
1.26477 	8.53077e-05 	9.07185e-06 	1
1.38927 	0.000208639 	1.4972e-05 	1
1.45153 	0.000269074 	1.89823e-05 	1
1.51378 	0.000158414 	1.12236e-05 	1
1.57604 	0.000136389 	1.14119e-05 	1
1.70054 	0.000244811 	1.74874e-05 	1
1.7628 	0.000270577 	2.45596e-05 	1
1.8873 	0.000143538 	1.33261e-05 	1
1.94956 	0.000319108 	2.175e-05 	1
2.01181 	0.000285792 	1.92483e-05 	1
2.07407 	0.000355485 	2.87887e-05 	1
2.13632 	0.000248461 	2.2052e-05 	1
2.19857 	8.60816e-05 	7.90634e-06 	1
2.26083 	9.54492e-05 	7.7945e-06 	1
2.32308 	0.000165389 	1.3215e-05 	1
2.38534 	0.000110103 	8.37465e-06 	1
2.44759 	0.000236328 	1.96169e-05 	1
2.50984 	0.000392285 	3.20882e-05 	1
2.63435 	0.000117627 	1.00216e-05 	1
2.69661 	0.000318378 	2.13659e-05 	1
2.75886 	6.04806e-05 	6.28056e-06 	1
2.82111 	0.000285719 	1.96085e-05 	1
2.88337 	9.6256e-05 	8.56987e-06 	1
2.94562 	0.000250142 	1.73202e-05 	1
3.00787 	0.000115174 	1.07835e-05 	1
3.07013 	0.00026512 	1.83122e-05 	1
3.13238 	0.000131073 	1.13303e-05 	1
3.19464 	0.000265196 	1.79459e-05 	1
3.25689 	0.000287856 	2.00254e-05 	1
3.31914 	0.000310053 	2.11664e-05 	1
3.3814 	0.000146598 	1.10437e-05 	1
3.44365 	0.000219906 	1.60449e-05 	1
3.50591 	0.000234306 	1.62763e-05 	1
3.56816 	0.000129191 	1.09082e-05 	1
3.69267 	0.00016488 	1.54647e-05 	1
3.75492 	0.000112368 	1.075e-05 	1
3.81718 	0.000124507 	1.08468e-05 	1
3.87943 	0.000269393 	2.05379e-05 	1
4.00394 	0.000342311 	2.29337e-05 	1
4.06619 	0.000149221 	1.16714e-05 	1
4.12845 	0.000129892 	1.18237e-05 	1
4.1907 	0.000225059 	1.53443e-05 	1
4.25295 	0.000162492 	1.25561e-05 	1
4.31521 	0.000106825 	1.06543e-05 	1
4.37746 	0.000216958 	1.82124e-05 	1
4.50197 	9.85915e-05 	2.92561e-06 	2
4.56422 	0.000121695 	9.16818e-06 	1
4.62648 	0.0003339 	2.24338e-05 	1
4.68873 	0.000195747 	1.39931e-05 	1
4.75098 	0.000216093 	1.66549e-05 	1
4.81324 	0.000203722 	1.37974e-05 	1
4.87549 	0.000135616 	9.82559e-06 	1
4.93775 	0.000211356 	1.49026e-05 	1
5.0 	0.000123964 	8.84016e-06 	1
5.0625 	0.000118448 	3.2773e-06 	2
5.125 	0.000110928 	8.87997e-06 	1
5.25 	0.000267899 	6.16555e-06 	2
5.3125 	0.000146088 	1.36741e-05 	1
5.375 	0.000107167 	2.65991e-06 	2
5.4375 	0.000383898 	2.6437e-05 	1
5.5 	0.000363354 	2.43917e-05 	1
5.5625 	0.000304927 	2.05226e-05 	1
5.625 	0.000144721 	1.3079e-05 	1
5.6875 	0.000115477 	9.34371e-06 	1
5.75 	0.00013583 	3.4637e-06 	2
5.8125 	0.000152679 	1.35721e-05 	1
5.875 	0.000249276 	1.72983e-05 	1
5.9375 	0.00024135 	1.6929e-05 	1
6.0 	0.000304854 	2.66571e-05 	1
6.125 	0.000133059 	1.10062e-05 	1
6.1875 	0.000195041 	1.34479e-05 	1
6.25 	0.000345822 	2.37358e-05 	1
6.3125 	7.94042e-05 	7.84556e-06 	1
6.4375 	0.000259172 	1.79564e-05 	1
6.625 	0.000290297 	1.90585e-05 	1
6.6875 	0.00011258 	1.06907e-05 	1
6.75 	0.000362471 	2.39822e-05 	1
6.8125 	0.000215449 	1.61181e-05 	1
6.9375 	0.00032968 	2.22149e-05 	1
7.0 	0.000305905 	2.17368e-05 	1
7.0625 	0.000296676 	2.06143e-05 	1
7.125 	0.000236727 	1.95454e-05 	1
7.1875 	0.000113774 	9.53148e-06 	1
7.25 	0.000145393 	3.81978e-06 	2
7.4375 	0.000316572 	2.11724e-05 	1
7.5625 	0.000131247 	1.14442e-05 	1
7.625 	0.000276037 	1.83263e-05 	1
7.6875 	0.000320102 	2.18743e-05 	1
7.75 	0.000140181 	3.58225e-06 	2
7.8125 	0.000336137 	2.24505e-05 	1
7.9375 	0.000139186 	1.20984e-05 	1
8.0 	9.45616e-05 	8.18412e-06 	1
8.0625 	0.00018137 	1.36132e-05 	1
8.125 	0.000166401 	1.49159e-05 	1
8.25 	0.000167529 	3.97917e-06 	2
8.3125 	0.000192216 	1.33808e-05 	1
8.375 	0.000124179 	1.11851e-05 	1
8.4375 	0.000172092 	1.64582e-05 	1
8.5 	0.000147722 	1.08457e-05 	1
8.5625 	0.000283264 	2.53665e-05 	1
8.625 	0.000226399 	1.90638e-05 	1
8.8125 	0.000156783 	1.25474e-05 	1
8.875 	7.49646e-05 	5.92985e-06 	1
8.9375 	0.000104718 	8.88674e-06 	1
9.0 	0.000270863 	1.85082e-05 	1
9.0625 	0.000247257 	1.67459e-05 	1
9.125 	0.000279648 	2.4036e-05 	1
9.1875 	0.000217197 	1.78017e-05 	1
9.25 	0.000279371 	1.9639e-05 	1
9.3125 	0.000150464 	1.37456e-05 	1
9.375 	0.000114517 	8.98779e-06 	1
9.4375 	0.000151253 	1.23197e-05 	1
9.5625 	0.000263555 	1.8828e-05 	1
9.625 	0.000199196 	1.41471e-05 	1
9.6875 	0.000335172 	2.25514e-05 	1
9.75 	0.000122343 	1.052e-05 	1
9.8125 	0.000165744 	1.63459e-05 	1
9.875 	0.000115496 	8.74408e-06 	1
9.9375 	0.000216732 	1.55405e-05 	1
10.0 	0.000128125 	3.39132e-06 	2
10.0625 	6.82261e-05 	8.402e-06 	1
10.125 	0.000206476 	1.74006e-05 	1
10.1875 	0.000205473 	1.37488e-05 	1
10.25 	0.000126769 	9.8004e-06 	1
10.3125 	0.000132908 	3.511e-06 	2
10.375 	0.000284447 	1.94905e-05 	1
10.5 	0.00017834 	1.27372e-05 	1
10.5625 	0.000154399 	1.42936e-05 	1
10.625 	0.000130946 	1.12649e-05 	1
10.6875 	0.000342805 	2.25168e-05 	1
10.75 	0.000214141 	1.47152e-05 	1
10.8125 	0.000339554 	2.30589e-05 	1
10.875 	0.000188978 	1.35768e-05 	1
10.9375 	0.000234801 	2.03703e-05 	1
11.0 	0.000116546 	3.11447e-06 	2
11.0625 	0.000109324 	2.95953e-06 	2
11.125 	7.14649e-05 	6.17868e-06 	1
11.1875 	0.000196726 	1.45662e-05 	1
11.25 	0.000157402 	1.33956e-05 	1
11.375 	0.000138567 	1.04489e-05 	1
11.4375 	0.000101049 	8.60682e-06 	1
11.5 	0.000348672 	2.68812e-05 	1
11.5625 	0.000286716 	1.98226e-05 	1
11.625 	0.000324069 	2.17417e-05 	1
11.6875 	0.000212195 	1.64286e-05 	1
11.75 	0.000124699 	1.07275e-05 	1
11.8125 	0.000332951 	2.32443e-05 	1
11.875 	0.000123248 	9.63957e-06 	1
11.9375 	0.000183816 	1.58987e-05 	1
12.0 	0.000280905 	1.99329e-05 	1
12.0625 	0.000146428 	1.31912e-05 	1
12.125 	0.000200009 	1.70585e-05 	1
12.1875 	0.000199991 	1.63466e-05 	1
12.25 	0.000193977 	1.39065e-05 	1
12.3125 	0.000142178 	1.23443e-05 	1
12.375 	0.000429738 	3.5588e-05 	1
12.4375 	0.000132081 	1.11717e-05 	1
12.5625 	0.000279578 	1.91664e-05 	1
12.625 	0.000156143 	1.25479e-05 	1
12.6875 	0.000133573 	1.18997e-05 	1
12.75 	0.000215237 	1.53448e-05 	1
12.8125 	9.3912e-05 	1.98137e-06 	2
12.875 	0.000370929 	2.50511e-05 	1
13.0 	0.000342416 	2.55729e-05 	1
13.0625 	0.000251387 	1.89148e-05 	1
13.125 	0.000139398 	1.38933e-05 	1
13.1875 	0.000198823 	1.34487e-05 	1
13.25 	0.000107004 	1.03267e-05 	1
13.3125 	7.38023e-05 	7.9289e-06 	1
13.375 	0.000198511 	1.55976e-05 	1
13.4375 	0.000370361 	2.58352e-05 	1
13.5 	0.000329491 	2.24671e-05 	1
13.5625 	0.000251863 	1.74648e-05 	1
13.625 	0.000261813 	2.42876e-05 	1
13.6875 	0.000195115 	1.4341e-05 	1
13.8125 	0.000134957 	9.94787e-06 	1
14.0 	0.000169923 	1.4444e-05 	1
14.0625 	0.000170001 	1.31228e-05 	1
14.125 	9.67746e-05 	2.40362e-06 	2
14.1875 	0.000192032 	1.37324e-05 	1
14.3125 	0.000107644 	7.74703e-06 	1
14.375 	0.000189865 	1.32433e-05 	1
14.4375 	0.000191366 	1.31195e-05 	1
14.5 	0.000154867 	1.23169e-05 	1
14.5625 	6.0419e-05 	6.69064e-06 	1
14.625 	0.00018328 	1.5195e-05 	1
14.6875 	0.000311342 	2.1131e-05 	1
14.75 	0.000321101 	2.14326e-05 	1
14.8125 	0.000250755 	1.7961e-05 	1
14.875 	9.33612e-05 	7.59818e-06 	1
14.9375 	0.000198391 	1.8182e-05 	1
15.0 	0.00014421 	1.32281e-05 	1
15.1875 	0.000326882 	2.19201e-05 	1
15.25 	0.000234473 	1.66738e-05 	1
15.3125 	0.00022661 	1.5123e-05 	1
15.375 	0.000146058 	1.34021e-05 	1
15.4375 	0.000191384 	1.36495e-05 	1
15.5 	0.000219575 	1.53839e-05 	1
15.5625 	0.000243859 	1.85248e-05 	1
15.625 	0.000125154 	1.10562e-05 	1
15.75 	0.000158828 	1.46065e-05 	1
15.8125 	0.000215573 	1.58936e-05 	1
15.875 	0.000127393 	9.64377e-06 	1
15.9375 	0.00014971 	1.37848e-05 	1
16.0 	8.3562e-05 	9.19186e-06 	1
16.0625 	0.000125252 	1.05791e-05 	1
16.125 	0.000354095 	2.46928e-05 	1
16.1875 	0.000292708 	2.41089e-05 	1
16.25 	0.000308935 	2.06104e-05 	1
16.3125 	0.000163643 	1.20788e-05 	1
16.375 	9.57929e-05 	3.27748e-06 	2
16.4375 	0.000101734 	2.68404e-06 	2
16.5 	0.00018551 	1.37984e-05 	1
16.5625 	0.000231475 	1.7549e-05 	1
16.625 	0.000256254 	1.82854e-05 	1
16.6875 	0.00017721 	1.48612e-05 	1
16.75 	0.000241625 	2.05189e-05 	1
16.8125 	0.000156885 	1.08399e-05 	1
16.875 	0.000312956 	2.15683e-05 	1
16.9375 	5.70103e-05 	5.22042e-06 	1
17.1875 	0.00035049 	2.40358e-05 	1
17.25 	0.000420759 	2.77757e-05 	1
17.3125 	0.000134739 	9.94468e-06 	1
17.375 	0.000176168 	1.27885e-05 	1
17.4375 	0.000227803 	1.60489e-05 	1
17.5 	8.24227e-05 	7.15527e-06 	1
17.5625 	0.000115718 	1.00133e-05 	1
17.625 	0.000204095 	1.55331e-05 	1
17.6875 	0.000245047 	1.72771e-05 	1
17.75 	0.000160611 	1.28434e-05 	1
17.8125 	0.000169616 	1.63998e-05 	1
17.875 	6.90089e-05 	7.05203e-06 	1
17.9375 	0.000333502 	2.23036e-05 	1
18.0 	8.86464e-05 	8.1705e-06 	1
18.0625 	0.000511754 	3.38968e-05 	1
18.125 	0.000277532 	2.4268e-05 	1
18.1875 	0.000208953 	1.55806e-05 	1
18.25 	0.000178325 	1.30388e-05 	1
18.3125 	9.20039e-05 	8.87498e-06 	1
18.375 	0.000177065 	1.62797e-05 	1
18.4375 	0.000318538 	2.23522e-05 	1
18.5 	0.000184477 	1.66764e-05 	1
18.5625 	0.000108395 	8.90547e-06 	1
18.625 	0.000345046 	2.36063e-05 	1
18.75 	8.52653e-05 	8.56406e-06 	1
18.8125 	0.000291927 	2.08683e-05 	1
18.875 	0.000357946 	2.92692e-05 	1
18.9375 	0.000103021 	3.10922e-06 	2
19.125 	0.000178059 	1.5488e-05 	1
19.25 	0.000197544 	1.76337e-05 	1
19.3125 	0.000378431 	2.63026e-05 	1
19.375 	0.000155157 	1.36503e-05 	1
19.4375 	0.000155054 	3.37769e-06 	2
19.5 	0.000344832 	2.83981e-05 	1
19.625 	0.000186421 	1.53399e-05 	1
19.6875 	0.000205581 	1.40205e-05 	1
19.75 	0.000106499 	2.64563e-06 	2
19.8125 	0.000113342 	9.01713e-06 	1
19.875 	0.000262619 	1.87576e-05 	1
19.9375 	0.000272977 	1.86423e-05 	1
20.0 	0.000175931 	1.57371e-05 	1
20.0625 	0.000110375 	2.79438e-06 	2
20.125 	0.000235968 	1.68276e-05 	1
20.1875 	0.000317559 	2.18838e-05 	1
20.25 	0.000142514 	1.03246e-05 	1
20.3125 	7.96191e-05 	7.42599e-06 	1
20.375 	0.000217696 	1.59905e-05 	1
20.4375 	8.78751e-05 	7.1281e-06 	1
20.5 	0.000116534 	1.09513e-05 	1
20.5625 	0.000178722 	1.37037e-05 	1
20.625 	0.000252819 	1.79193e-05 	1
20.6875 	0.00020833 	1.51161e-05 	1
20.75 	0.000382379 	2.50147e-05 	1
20.8125 	0.000126622 	8.75045e-06 	1
20.875 	9.67179e-05 	8.38161e-06 	1
20.9375 	0.000153442 	1.14407e-05 	1
21.0 	0.000207346 	1.46268e-05 	1
21.0625 	0.00032781 	2.25443e-05 	1
21.1875 	0.00029291 	2.01689e-05 	1
21.3125 	0.000131858 	3.40998e-06 	2
21.375 	0.000205472 	1.49053e-05 	1
21.4375 	0.000186119 	1.40693e-05 	1
21.5 	0.000220693 	1.53837e-05 	1
21.5625 	0.000157502 	1.40401e-05 	1
21.625 	0.000161387 	1.60763e-05 	1
21.6875 	0.000109628 	2.79361e-06 	2
21.75 	0.000197539 	1.64137e-05 	1
21.8125 	0.000152585 	1.29428e-05 	1
21.875 	0.000234211 	2.16874e-05 	1
21.9375 	0.000252328 	2.26961e-05 	1
22.0 	0.000105148 	9.4171e-06 	1
22.0625 	5.64777e-05 	5.85829e-06 	1
22.125 	0.000102517 	7.78836e-06 	1
22.1875 	0.000372945 	2.57668e-05 	1
22.25 	0.000279494 	1.95233e-05 	1
22.3125 	0.00026292 	1.84214e-05 	1
22.375 	0.000186997 	1.76474e-05 	1
22.4375 	0.000105502 	7.83087e-06 	1
22.625 	0.000238634 	1.66797e-05 	1
22.6875 	0.000143182 	1.28837e-05 	1
22.75 	0.000258815 	2.15361e-05 	1
22.8125 	0.00031389 	2.12989e-05 	1
22.9375 	0.00024982 	1.77538e-05 	1
23.0 	0.000320569 	2.19642e-05 	1
23.0625 	0.000123851 	1.08675e-05 	1
23.125 	0.000185665 	1.71833e-05 	1
23.1875 	0.000186432 	1.44152e-05 	1
23.3125 	9.39367e-05 	8.62558e-06 	1
23.375 	0.00020134 	1.56307e-05 	1
23.4375 	0.00030152 	2.61206e-05 	1
23.5625 	9.32523e-05 	9.59445e-06 	1
23.6875 	0.000188953 	1.35231e-05 	1
23.75 	0.000159856 	1.19053e-05 	1
23.8125 	0.000120438 	1.0433e-05 	1
23.875 	0.000108866 	2.75404e-06 	2
23.9375 	0.000188692 	4.71846e-06 	2
24.0 	0.000271333 	1.84061e-05 	1
24.0625 	8.45225e-05 	8.68679e-06 	1
24.125 	0.000182882 	1.30613e-05 	1
24.1875 	0.000206522 	1.48372e-05 	1
24.3125 	0.000113591 	8.81412e-06 	1
24.375 	0.000229005 	1.62625e-05 	1
24.4375 	0.000252779 	2.00583e-05 	1
24.5 	0.000306209 	2.13091e-05 	1
24.5625 	0.000276882 	1.9209e-05 	1
24.625 	0.000295519 	1.94635e-05 	1
24.6875 	0.000224671 	1.6693e-05 	1
24.75 	0.000110586 	9.84673e-06 	1
24.8125 	0.000284705 	2.36423e-05 	1
24.875 	7.73276e-05 	6.6097e-06 	1
24.9375 	0.000160312 	1.2197e-05 	1
25.0 	0.000261542 	1.83158e-05 	1
25.0625 	0.000368903 	2.508e-05 	1
25.125 	0.000373799 	2.52668e-05 	1
25.25 	7.14262e-05 	8.01677e-06 	1
25.3125 	0.00021523 	1.49303e-05 	1
25.375 	0.000119198 	3.13695e-06 	2
25.4375 	0.000149955 	1.26484e-05 	1
25.5 	0.000141126 	1.38249e-05 	1
25.5625 	0.000104298 	2.55468e-06 	2
25.625 	0.000202028 	1.50485e-05 	1
25.6875 	0.000305555 	2.06452e-05 	1
25.75 	0.000149041 	4.15327e-06 	2
25.8125 	0.000186523 	1.42945e-05 	1
25.875 	0.000332574 	2.21071e-05 	1
25.9375 	0.000277823 	1.99997e-05 	1
26.0 	0.000113387 	1.00436e-05 	1
26.0625 	0.000494031 	3.27084e-05 	1
26.125 	0.000154694 	1.13463e-05 	1
26.1875 	0.000179396 	1.46715e-05 	1
26.25 	0.000260175 	1.77344e-05 	1
26.3125 	0.000154016 	1.22169e-05 	1
26.375 	0.000277641 	1.95835e-05 	1
26.4375 	0.00020912 	1.40551e-05 	1
26.5 	0.000269895 	1.84908e-05 	1
26.5625 	0.000180642 	1.73759e-05 	1
26.625 	0.000335943 	2.23588e-05 	1
26.6875 	0.000233926 	1.99941e-05 	1
26.875 	0.00027785 	1.9439e-05 	1
26.9375 	0.000187958 	1.4086e-05 	1
27.0 	0.00024292 	1.95691e-05 	1
27.0625 	0.000479463 	3.22214e-05 	1
27.125 	0.000224843 	1.60654e-05 	1
27.25 	0.000265342 	1.89815e-05 	1
27.3125 	0.000214974 	1.5664e-05 	1
27.375 	0.000109074 	2.40808e-06 	2
27.5 	0.000144311 	1.10241e-05 	1
27.5625 	0.000141624 	1.2369e-05 	1
27.625 	0.000212629 	1.50212e-05 	1
27.6875 	0.000141658 	1.2284e-05 	1
27.75 	0.000186053 	1.29953e-05 	1
27.8125 	0.000196867 	1.55279e-05 	1
27.875 	0.000416888 	2.75292e-05 	1
28.0 	0.000142536 	1.33307e-05 	1
28.0625 	0.000127397 	1.1795e-05 	1
28.125 	0.000182808 	1.49575e-05 	1
28.25 	7.52237e-05 	8.44213e-06 	1
28.3125 	0.000129647 	9.49741e-06 	1
28.375 	0.000111293 	2.2649e-06 	2
28.4375 	0.000198813 	1.4256e-05 	1
28.5 	0.000129555 	1.2109e-05 	1
28.625 	0.000138599 	1.3856e-05 	1
28.6875 	0.000105308 	2.47326e-06 	2
28.8125 	0.000472228 	3.23779e-05 	1
28.875 	0.000409807 	2.71279e-05 	1
28.9375 	0.000237278 	1.63674e-05 	1
29.0 	9.42718e-05 	7.73537e-06 	1
29.0625 	0.000299102 	2.06613e-05 	1
29.125 	0.000209851 	1.43482e-05 	1
29.1875 	0.000118028 	9.51075e-06 	1
29.25 	0.000226281 	1.74492e-05 	1
29.3125 	0.000271206 	2.38186e-05 	1
29.375 	8.76917e-05 	9.00735e-06 	1
29.4375 	0.000148986 	1.26657e-05 	1
29.5 	0.000129744 	1.05657e-05 	1
29.5625 	0.00013063 	1.27026e-05 	1
29.625 	0.000302665 	2.04113e-05 	1
29.6875 	0.000301209 	2.09457e-05 	1
29.75 	0.000250145 	1.77314e-05 	1
29.875 	0.000281199 	1.91117e-05 	1
29.9375 	0.000158917 	1.45601e-05 	1
30.0 	0.000249202 	1.68491e-05 	1
30.125 	0.000186015 	1.42507e-05 	1
30.1875 	0.000228712 	1.63838e-05 	1
30.25 	0.00014049 	1.19909e-05 	1
30.3125 	0.000184026 	1.46565e-05 	1
30.375 	0.000142359 	1.25146e-05 	1
30.4375 	0.000428805 	3.51588e-05 	1
30.5 	8.95059e-05 	8.33619e-06 	1
30.5625 	0.000234415 	1.63607e-05 	1
30.625 	0.000179515 	1.3161e-05 	1
30.6875 	9.75249e-05 	9.13785e-06 	1
30.75 	0.000269274 	1.85349e-05 	1
30.8125 	0.000195068 	1.40073e-05 	1
30.9375 	0.000298074 	2.02207e-05 	1
31.0 	0.000350704 	2.3089e-05 	1
31.125 	0.00019764 	1.39978e-05 	1
31.1875 	0.000144816 	9.99564e-06 	1
31.25 	0.000198733 	1.84366e-05 	1
31.3125 	0.00013886 	1.06443e-05 	1
31.375 	0.000266311 	2.40738e-05 	1
31.5 	0.000173185 	1.39115e-05 	1
31.5625 	0.000265104 	1.892e-05 	1
31.625 	0.000241487 	1.69692e-05 	1
31.6875 	0.000222471 	1.58159e-05 	1
31.75 	0.000293423 	2.0379e-05 	1
31.8125 	9.83059e-05 	9.65667e-06 	1
31.875 	0.000137801 	1.11297e-05 	1
31.9375 	8.32504e-05 	7.32394e-06 	1
32.0 	0.000195132 	1.54229e-05 	1
32.0625 	0.000133238 	3.4367e-06 	2
32.125 	0.000122304 	9.96574e-06 	1
32.1875 	0.000205733 	1.45416e-05 	1
32.25 	0.000337968 	2.41622e-05 	1
32.3125 	0.000188132 	1.4793e-05 	1
32.375 	0.00016812 	4.24767e-06 	2
32.4375 	0.000118237 	8.81019e-06 	1
32.5 	0.000246329 	1.70056e-05 	1
32.625 	0.000267101 	1.91653e-05 	1
32.6875 	0.000137074 	1.31959e-05 	1
32.75 	0.000159222 	1.18993e-05 	1
32.8125 	0.00034469 	2.35732e-05 	1
32.875 	0.000334873 	2.30751e-05 	1
32.9375 	0.000186557 	1.39243e-05 	1
33.0 	0.000275502 	1.8554e-05 	1
33.0625 	0.000283603 	2.32169e-05 	1
33.125 	0.000110141 	2.95135e-06 	2
33.1875 	0.000175252 	1.52492e-05 	1
33.25 	0.000155949 	3.99467e-06 	2
33.3125 	0.000415903 	2.8113e-05 	1
33.375 	0.000326733 	2.2546e-05 	1
33.4375 	0.000136975 	1.29184e-05 	1
33.5 	0.000254565 	1.86393e-05 	1
33.625 	0.000111746 	9.86583e-06 	1
33.6875 	0.000128285 	1.24543e-05 	1
33.75 	0.00021692 	1.60369e-05 	1
33.8125 	0.000281718 	1.96107e-05 	1
33.875 	0.000175872 	1.39528e-05 	1
33.9375 	0.000123787 	1.04041e-05 	1
34.0 	0.000187044 	4.50134e-06 	2
34.0625 	0.000192285 	1.84688e-05 	1
34.125 	0.000112093 	9.41278e-06 	1
34.1875 	0.000268402 	1.88491e-05 	1
34.25 	0.000256893 	1.84546e-05 	1
34.3125 	0.000143275 	1.25692e-05 	1
34.375 	6.71797e-05 	5.66242e-06 	1
34.4375 	0.000168711 	1.35579e-05 	1
34.5 	0.000300104 	2.13767e-05 	1
34.5625 	0.000138555 	1.08882e-05 	1
34.625 	0.000137651 	1.25531e-05 	1
34.6875 	0.000136395 	1.2027e-05 	1
34.75 	0.000132669 	1.10728e-05 	1
34.875 	0.000207154 	1.49386e-05 	1
34.9375 	0.000214924 	1.60529e-05 	1
35.0 	8.7486e-05 	9.46066e-06 	1
35.0625 	0.000123013 	9.75044e-06 	1
35.125 	0.000200355 	1.44407e-05 	1
35.25 	0.000117362 	3.07961e-06 	2
35.3125 	0.000210426 	1.67352e-05 	1
35.375 	0.000178495 	1.42394e-05 	1
35.5625 	0.000173715 	1.47113e-05 	1
35.625 	0.000230392 	1.61339e-05 	1
35.6875 	0.000141558 	1.12064e-05 	1
35.75 	9.82014e-05 	7.99838e-06 	1
35.8125 	0.000265829 	1.902e-05 	1
35.875 	0.000205841 	1.57914e-05 	1
35.9375 	0.00025136 	1.69108e-05 	1
36.0 	0.000169437 	1.44783e-05 	1
36.125 	0.000309028 	2.0416e-05 	1
36.25 	0.000331297 	2.28469e-05 	1
36.3125 	0.000122753 	9.10763e-06 	1
36.4375 	0.000182038 	1.45249e-05 	1
36.5 	0.000270979 	1.90409e-05 	1
36.5625 	0.000215464 	1.62002e-05 	1
36.625 	9.2792e-05 	9.57908e-06 	1
36.6875 	0.000234515 	2.08719e-05 	1
36.75 	0.000144795 	3.30572e-06 	2
36.8125 	0.000120371 	9.62315e-06 	1
36.875 	0.000199843 	1.44133e-05 	1
36.9375 	0.000252927 	1.77967e-05 	1
37.0625 	0.000164517 	1.21828e-05 	1
37.125 	0.000281403 	1.87044e-05 	1
37.1875 	0.000138834 	1.36022e-05 	1
37.25 	8.18096e-05 	8.82346e-06 	1
37.3125 	0.000244952 	1.77877e-05 	1
37.375 	0.000253092 	1.82157e-05 	1
37.4375 	0.00014219 	1.03035e-05 	1
37.5 	0.000266418 	1.89703e-05 	1
37.5625 	0.000300496 	2.14858e-05 	1
37.625 	0.000121564 	1.07776e-05 	1
37.75 	9.0573e-05 	8.27612e-06 	1
37.8125 	7.7845e-05 	8.5973e-06 	1
37.875 	0.000361028 	2.42976e-05 	1
37.9375 	9.65263e-05 	2.77505e-06 	2
38.0 	0.000252796 	1.76189e-05 	1
38.0625 	9.23553e-05 	9.44107e-06 	1
38.125 	0.000116715 	3.05609e-06 	2
38.1875 	0.000246734 	1.70012e-05 	1
38.25 	0.00027849 	1.92527e-05 	1
38.3125 	0.00026846 	1.97338e-05 	1
38.375 	0.000128632 	1.11351e-05 	1
38.4375 	0.000282795 	1.96824e-05 	1
38.5625 	0.000151977 	1.17031e-05 	1
38.6875 	0.000272601 	1.89801e-05 	1
38.8125 	8.89199e-05 	9.54831e-06 	1
38.875 	0.000104742 	1.0184e-05 	1
38.9375 	0.000117127 	3.118e-06 	2
39.0 	0.000229133 	1.65769e-05 	1
39.0625 	0.000220273 	1.56262e-05 	1
39.125 	0.000271613 	2.34763e-05 	1
39.1875 	7.7e-05 	8.52827e-06 	1
39.25 	0.000150086 	1.27625e-05 	1
39.3125 	9.71985e-05 	9.78486e-06 	1
39.375 	0.000263219 	1.8471e-05 	1
39.5 	0.000164468 	1.10433e-05 	1
39.5625 	0.000188044 	1.473e-05 	1
39.625 	8.61211e-05 	2.24047e-06 	2
39.6875 	0.000192405 	1.30996e-05 	1
39.75 	0.000121908 	8.6827e-06 	1
39.8125 	0.000376448 	2.534e-05 	1
39.875 	0.000296488 	2.06757e-05 	1
39.9375 	0.000317042 	2.20217e-05 	1
40.0 	0.0002144 	1.512e-05 	1
40.0625 	0.000256003 	1.76253e-05 	1
40.125 	0.000292449 	2.026e-05 	1
40.1875 	0.000124414 	9.38761e-06 	1
40.25 	0.000147854 	1.42413e-05 	1
40.3125 	0.000123929 	9.50991e-06 	1
40.4375 	0.000269005 	1.94188e-05 	1
40.5 	0.00011091 	8.41404e-06 	1
40.5625 	0.000244768 	2.248e-05 	1
40.625 	0.00024482 	1.74943e-05 	1
40.8125 	0.000136433 	1.1113e-05 	1
40.875 	9.4692e-05 	7.97348e-06 	1
40.9375 	0.000201126 	1.55988e-05 	1
41.0 	0.000352516 	2.95396e-05 	1
41.125 	0.000184081 	1.39772e-05 	1
41.1875 	0.000137806 	1.06037e-05 	1
41.25 	0.000189699 	1.4593e-05 	1
41.3125 	0.000216731 	1.51661e-05 	1
41.375 	0.000125677 	1.02677e-05 	1
41.4375 	0.000237217 	1.75006e-05 	1
41.5 	0.000118072 	3.1327e-06 	2
41.5625 	0.000179464 	1.34623e-05 	1
41.625 	0.000154648 	1.25822e-05 	1
41.6875 	0.000577894 	3.83664e-05 	1
41.8125 	0.000160371 	1.14571e-05 	1
41.875 	0.000209 	1.5094e-05 	1
41.9375 	0.000226057 	1.58018e-05 	1
42.0 	0.000252729 	1.82258e-05 	1
42.125 	0.000161429 	1.19055e-05 	1
42.25 	0.000243905 	1.70476e-05 	1
42.375 	0.000294542 	2.04229e-05 	1
42.4375 	0.000138293 	1.21207e-05 	1
42.5 	0.000265313 	1.84843e-05 	1
42.5625 	0.00012309 	3.18024e-06 	2
42.625 	0.000245937 	1.63337e-05 	1
42.6875 	0.000174464 	1.48329e-05 	1
42.75 	0.000332029 	2.31023e-05 	1
42.8125 	0.000247436 	1.76471e-05 	1
42.875 	0.000139273 	1.16912e-05 	1
42.9375 	0.000132123 	1.24874e-05 	1
43.0 	0.000181899 	1.28494e-05 	1
43.0625 	0.000103466 	1.00348e-05 	1
43.125 	0.00011433 	2.98016e-06 	2
43.1875 	0.000200408 	1.49681e-05 	1
43.3125 	0.000180509 	1.35495e-05 	1
43.375 	8.89798e-05 	8.09555e-06 	1
43.4375 	0.000348124 	2.32456e-05 	1
43.5625 	8.55628e-05 	6.46778e-06 	1
43.6875 	0.000143447 	1.34926e-05 	1
43.75 	0.000339356 	2.29817e-05 	1
43.8125 	0.000297696 	2.04021e-05 	1
43.875 	0.00029679 	2.00677e-05 	1
43.9375 	0.000277199 	1.96817e-05 	1
44.0 	0.000129614 	3.27056e-06 	2
44.0625 	0.000153921 	1.11591e-05 	1
44.125 	0.000122001 	9.9628e-06 	1
44.1875 	0.000323695 	2.22207e-05 	1
44.25 	0.00010467 	1.03796e-05 	1
44.3125 	9.47426e-05 	9.33678e-06 	1
44.375 	0.000290945 	2.08244e-05 	1
44.4375 	0.000136087 	1.12889e-05 	1
44.5 	0.000260059 	1.86887e-05 	1
44.5625 	0.000118982 	9.79076e-06 	1
44.625 	0.0002408 	2.12591e-05 	1
44.6875 	0.000106873 	1.00719e-05 	1
44.75 	0.000171051 	1.2965e-05 	1
44.8125 	0.000132388 	9.69721e-06 	1
44.875 	0.000173098 	1.28192e-05 	1
44.9375 	0.000161388 	1.39556e-05 	1
45.0 	0.000182433 	1.37094e-05 	1
45.0625 	0.000228276 	1.67308e-05 	1
45.125 	0.00021637 	1.90008e-05 	1
45.1875 	0.000126959 	1.06391e-05 	1
45.25 	0.000249056 	2.31721e-05 	1
45.3125 	0.000185328 	1.44926e-05 	1
45.375 	0.000126879 	3.33889e-06 	2
45.5 	0.00021802 	1.51335e-05 	1
45.5625 	9.72782e-05 	2.39993e-06 	2
45.625 	0.000300163 	2.18227e-05 	1
45.6875 	0.000263145 	1.84004e-05 	1
45.75 	0.000162016 	1.21331e-05 	1
45.875 	0.000151125 	3.81793e-06 	2
45.9375 	0.000118891 	2.72907e-06 	2
46.0 	0.000139692 	1.29223e-05 	1
46.0625 	0.000188751 	1.56589e-05 	1
46.125 	0.000280728 	1.8756e-05 	1
46.3125 	0.00032669 	2.25187e-05 	1
46.375 	0.000223778 	1.62493e-05 	1
46.4375 	0.000260408 	1.86388e-05 	1
46.5 	0.000541856 	3.60259e-05 	1
46.5625 	8.91254e-05 	7.49233e-06 	1
46.625 	0.000139885 	1.22476e-05 	1
46.6875 	0.000399566 	2.68951e-05 	1
46.75 	0.000217033 	1.61565e-05 	1
46.8125 	0.00020545 	1.88463e-05 	1
46.875 	0.000189171 	1.40666e-05 	1
47.0 	9.95062e-05 	8.0153e-06 	1
47.0625 	0.000182665 	1.31075e-05 	1
47.125 	0.000311593 	2.65982e-05 	1
47.1875 	0.000208525 	1.52658e-05 	1
47.25 	0.000155453 	3.8858e-06 	2
47.3125 	0.000206154 	1.46036e-05 	1
47.375 	0.000138685 	1.3851e-05 	1
47.4375 	0.0003311 	2.28799e-05 	1
47.5 	0.000127351 	1.00068e-05 	1
47.5625 	0.000229351 	1.74376e-05 	1
47.625 	0.000329776 	2.26658e-05 	1
47.6875 	0.000200194 	1.38493e-05 	1
47.8125 	0.000119848 	1.1673e-05 	1
47.875 	0.000223702 	1.52952e-05 	1
48.0 	0.000125824 	3.56206e-06 	2
48.0625 	9.40295e-05 	9.19455e-06 	1
48.125 	0.000146032 	1.14175e-05 	1
48.1875 	0.000139709 	1.14533e-05 	1
48.25 	0.000208487 	1.5105e-05 	1
48.3125 	0.00020736 	1.51113e-05 	1
48.375 	0.000480489 	3.41931e-05 	1
48.4375 	0.000180627 	1.32118e-05 	1
48.5 	0.000211199 	1.58448e-05 	1
48.5625 	0.00023231 	1.7101e-05 	1
48.75 	0.000112463 	3.07692e-06 	2
48.8125 	0.000157705 	1.18651e-05 	1
48.9375 	0.000312058 	2.1786e-05 	1
49.0 	0.000267693 	1.86022e-05 	1
49.125 	0.000302987 	2.01419e-05 	1
49.1875 	0.000317404 	2.23103e-05 	1
49.25 	0.000333538 	2.80151e-05 	1
49.3125 	0.000197387 	1.66539e-05 	1
49.375 	0.000171786 	1.38589e-05 	1
49.4375 	0.000109434 	9.43293e-06 	1
49.5 	0.000140076 	1.25788e-05 	1
49.5625 	0.000134449 	1.0199e-05 	1
49.625 	0.00037238 	2.48905e-05 	1
49.6875 	0.000376302 	2.56012e-05 	1
49.75 	0.000179237 	4.26542e-06 	2
50.0625 	0.000315169 	2.0825e-05 	1
50.125 	0.00017436 	1.42371e-05 	1
50.25 	0.000158681 	1.21324e-05 	1
50.3125 	0.00011274 	9.60417e-06 	1
50.375 	8.29033e-05 	8.22947e-06 	1
50.4375 	0.000173409 	1.45935e-05 	1
50.5 	0.000167185 	1.59211e-05 	1
50.5625 	0.000309255 	2.20578e-05 	1
50.625 	0.000308734 	2.1625e-05 	1
50.75 	0.000417442 	2.83476e-05 	1
50.8125 	0.000130215 	1.16679e-05 	1
50.875 	0.000315833 	2.11747e-05 	1
50.9375 	0.000412656 	2.83037e-05 	1
51.0 	0.000211677 	1.70849e-05 	1
51.0625 	0.000291254 	2.1964e-05 	1
51.125 	0.000166715 	1.5722e-05 	1
51.1875 	0.000138858 	1.15541e-05 	1
51.25 	0.000194651 	1.42499e-05 	1
51.3125 	0.000189728 	1.41459e-05 	1
51.375 	0.000124394 	1.07841e-05 	1
51.4375 	0.000182277 	1.29408e-05 	1
51.5 	0.00015847 	1.19678e-05 	1
51.5625 	0.000200406 	1.39026e-05 	1
51.625 	0.000155157 	1.42217e-05 	1
51.6875 	0.000184665 	1.53233e-05 	1
51.8125 	0.000494615 	3.28071e-05 	1
51.875 	0.00016664 	1.31177e-05 	1
52.0 	0.00026025 	1.81933e-05 	1
52.0625 	0.000178273 	1.70289e-05 	1
52.1875 	0.00014166 	1.34952e-05 	1
52.25 	0.000310302 	2.16242e-05 	1
52.3125 	0.000143768 	1.32581e-05 	1
52.375 	0.000229188 	1.55633e-05 	1
52.4375 	0.000192986 	1.46876e-05 	1
52.5 	0.00015169 	1.11642e-05 	1
52.5625 	0.00013432 	1.14143e-05 	1
52.625 	0.000277169 	2.09932e-05 	1
52.6875 	0.00015348 	1.31033e-05 	1
52.75 	0.000165245 	1.20026e-05 	1
52.8125 	0.000148367 	1.19697e-05 	1
52.875 	0.000220753 	1.67038e-05 	1
52.9375 	0.000116543 	1.02286e-05 	1
53.0 	0.000314874 	2.12969e-05 	1
53.125 	0.000258959 	1.84195e-05 	1
53.1875 	9.31564e-05 	8.86167e-06 	1
53.25 	0.00022906 	1.66466e-05 	1
53.3125 	0.000249682 	1.70527e-05 	1
53.375 	0.000112054 	9.17722e-06 	1
53.5 	0.000212783 	1.46061e-05 	1
53.5625 	0.000214692 	1.62567e-05 	1
53.625 	0.000106986 	2.96668e-06 	2
53.6875 	0.000208386 	1.4671e-05 	1
53.75 	0.00016806 	1.36908e-05 	1
53.8125 	0.000263835 	1.88938e-05 	1
53.875 	0.000273193 	1.83051e-05 	1
53.9375 	0.000231597 	1.65226e-05 	1
54.0 	0.00018105 	1.38467e-05 	1
54.0625 	0.000157435 	1.27549e-05 	1
54.125 	0.000104129 	2.99858e-06 	2
54.1875 	0.000225519 	1.59699e-05 	1
54.25 	0.00013294 	1.05187e-05 	1
54.3125 	0.000128871 	1.24581e-05 	1
54.375 	0.000155062 	1.11058e-05 	1
54.4375 	0.000296637 	2.11472e-05 	1
54.5 	0.000316031 	2.12289e-05 	1
54.625 	0.000307906 	2.10815e-05 	1
54.6875 	0.000238221 	1.64908e-05 	1
54.8125 	8.39801e-05 	8.79322e-06 	1
54.875 	0.00015281 	1.06263e-05 	1
54.9375 	0.000105268 	9.45227e-06 	1
55.0 	0.000222441 	1.64726e-05 	1
55.0625 	0.000147773 	1.43337e-05 	1
55.125 	0.0001155 	2.85199e-06 	2
55.1875 	0.000141795 	1.23018e-05 	1
55.3125 	0.000243358 	1.75542e-05 	1
55.4375 	0.000343437 	2.39679e-05 	1
55.5 	0.000147479 	1.14388e-05 	1
55.5625 	0.000164579 	1.50207e-05 	1
55.625 	0.000148644 	1.09495e-05 	1
55.6875 	0.000302374 	2.16544e-05 	1
55.75 	0.000229055 	1.73817e-05 	1
55.8125 	0.000276644 	2.04794e-05 	1
55.875 	0.000111462 	2.94222e-06 	2
55.9375 	0.000166043 	1.27054e-05 	1
56.0 	0.000149275 	1.3117e-05 	1
56.0625 	0.000252384 	1.71863e-05 	1
56.125 	0.000135918 	1.09953e-05 	1
56.1875 	0.00032421 	2.25102e-05 	1
56.25 	0.000273159 	1.92665e-05 	1
56.3125 	0.000436579 	2.96869e-05 	1
56.375 	0.000188424 	1.32554e-05 	1
56.4375 	0.000129839 	1.17548e-05 	1
56.5625 	0.000248024 	1.73806e-05 	1
56.625 	0.000143471 	1.10989e-05 	1
56.6875 	9.45337e-05 	9.10629e-06 	1
56.75 	0.000112444 	1.06348e-05 	1
56.8125 	0.000234402 	1.6227e-05 	1
56.875 	0.000217173 	1.56286e-05 	1
56.9375 	0.000289897 	1.95637e-05 	1
57.0 	0.000131312 	3.9789e-06 	2
57.0625 	0.000182056 	1.51782e-05 	1
57.125 	0.000137052 	1.00893e-05 	1
57.1875 	0.000130228 	1.26673e-05 	1
57.25 	0.000152269 	1.32003e-05 	1
57.3125 	0.00027569 	2.49382e-05 	1
57.375 	0.00031576 	2.17085e-05 	1
57.4375 	0.000257483 	1.70903e-05 	1
57.5 	0.000200464 	1.46836e-05 	1
57.5625 	0.000190804 	1.5943e-05 	1
57.625 	0.000245337 	1.74026e-05 	1
57.6875 	0.000108083 	8.87569e-06 	1
57.75 	7.92755e-05 	7.89275e-06 	1
57.8125 	0.000177165 	1.44737e-05 	1
57.9375 	0.000270859 	1.85662e-05 	1
58.0 	0.00011907 	1.03251e-05 	1
58.0625 	0.000134078 	1.05926e-05 	1
58.125 	0.000244192 	2.26646e-05 	1
58.1875 	0.000141785 	1.20507e-05 	1
58.25 	0.000172065 	1.35601e-05 	1
58.3125 	0.000177933 	1.26644e-05 	1
58.375 	0.000209168 	1.54907e-05 	1
58.4375 	0.000347039 	2.37504e-05 	1
58.5 	0.000154942 	1.13039e-05 	1
58.5625 	0.000298884 	2.13881e-05 	1
58.625 	0.000198493 	1.88014e-05 	1
58.6875 	0.000298496 	2.01486e-05 	1
58.8125 	0.000250864 	1.78376e-05 	1
58.875 	0.000194937 	1.3933e-05 	1
58.9375 	0.000196877 	1.49679e-05 	1
59.0 	0.000171611 	1.29401e-05 	1
59.0625 	0.00023761 	2.01613e-05 	1
59.125 	0.000179501 	1.25732e-05 	1
59.1875 	8.31689e-05 	7.47889e-06 	1
59.25 	0.000140564 	1.02263e-05 	1
59.3125 	0.000118233 	8.80449e-06 	1
59.375 	0.00022658 	1.6843e-05 	1
59.4375 	8.57988e-05 	9.82427e-06 	1
59.5 	0.000250438 	2.25771e-05 	1
59.5625 	0.000177032 	1.28059e-05 	1
59.6875 	0.00027281 	2.25564e-05 	1
59.8125 	0.000225485 	1.66313e-05 	1
59.875 	0.000297124 	2.00735e-05 	1
59.9375 	0.000146054 	1.12715e-05 	1
60.0 	0.000154842 	1.11084e-05 	1
60.0625 	0.000339711 	2.26598e-05 	1
60.125 	0.000188338 	1.38174e-05 	1
60.25 	0.000204111 	1.43616e-05 	1
60.375 	0.000129961 	9.46853e-06 	1
60.4375 	0.000300785 	2.02359e-05 	1
60.5 	0.000182175 	1.35603e-05 	1
60.5625 	0.000201109 	1.44545e-05 	1
60.625 	0.000365872 	2.52681e-05 	1
60.6875 	8.09045e-05 	7.42258e-06 	1
60.75 	0.000141481 	3.9504e-06 	2
60.8125 	0.000290057 	2.03784e-05 	1
60.875 	0.000302918 	2.12833e-05 	1
60.9375 	0.00011099 	9.28387e-06 	1
61.0 	0.000271088 	1.94255e-05 	1
61.0625 	0.000276754 	1.93757e-05 	1
61.125 	0.000210005 	1.52762e-05 	1
61.1875 	0.0001488 	1.21842e-05 	1
61.25 	0.000109238 	1.08337e-05 	1
61.3125 	8.3523e-05 	8.89524e-06 	1
61.375 	0.00035918 	2.44283e-05 	1
61.4375 	0.000310793 	2.11989e-05 	1
61.5 	0.000195 	1.44564e-05 	1
61.625 	0.000207088 	1.41901e-05 	1
61.6875 	0.000150582 	1.30913e-05 	1
61.75 	0.000239717 	1.71745e-05 	1
61.8125 	0.000238377 	1.70837e-05 	1
61.875 	0.000206095 	1.4152e-05 	1
61.9375 	0.000159989 	1.15895e-05 	1
62.0 	0.000130329 	9.55011e-06 	1
62.125 	9.08654e-05 	9.68285e-06 	1
62.1875 	0.000124898 	3.38406e-06 	2
62.25 	0.000228925 	1.57204e-05 	1
62.3125 	0.000169903 	1.28157e-05 	1
62.375 	0.00036337 	2.99202e-05 	1
62.4375 	0.000241031 	2.23909e-05 	1
62.5 	0.000283595 	2.43646e-05 	1
62.5625 	0.00023923 	1.68793e-05 	1
62.6875 	0.000183349 	1.37217e-05 	1
62.75 	0.000396954 	3.36494e-05 	1
62.875 	0.00030406 	2.13383e-05 	1
62.9375 	0.000227444 	1.9711e-05 	1
63.0 	0.000253831 	1.77783e-05 	1
63.0625 	6.58372e-05 	5.84077e-06 	1
63.125 	0.000130856 	3.77518e-06 	2
63.25 	0.000220695 	1.63696e-05 	1
63.375 	8.93583e-05 	9.58439e-06 	1
63.4375 	0.000198198 	1.88503e-05 	1
63.5 	0.000182298 	1.65206e-05 	1
63.5625 	0.000267101 	1.78947e-05 	1
63.625 	0.00022593 	1.53426e-05 	1
63.8125 	0.000135162 	1.147e-05 	1
63.875 	0.000276687 	1.9113e-05 	1
63.9375 	0.000281089 	1.99933e-05 	1
64.0 	0.00029039 	2.06362e-05 	1
64.0625 	0.000161915 	1.21301e-05 	1
64.125 	9.52626e-05 	2.47391e-06 	2
64.25 	0.000131347 	3.24888e-06 	2
64.3125 	0.000252094 	2.34456e-05 	1
64.4375 	8.83925e-05 	8.8634e-06 	1
64.5 	0.000270103 	1.83822e-05 	1
64.5625 	0.000243858 	1.74738e-05 	1
64.6875 	0.000360806 	2.3839e-05 	1
64.75 	0.000107182 	7.84497e-06 	1
64.8125 	0.000202871 	1.57467e-05 	1
64.875 	0.00022523 	1.65259e-05 	1
64.9375 	0.000136846 	1.36671e-05 	1
65.0 	9.07223e-05 	8.82131e-06 	1
65.0625 	0.000294854 	1.99762e-05 	1
65.125 	0.000131675 	3.38493e-06 	2
65.1875 	9.37058e-05 	2.09638e-06 	2
65.25 	0.00034196 	2.98816e-05 	1
65.5 	9.19625e-05 	1.87652e-06 	2
65.625 	0.000118076 	9.05647e-06 	1
65.6875 	0.000103157 	2.59059e-06 	2
65.75 	0.000314478 	2.16e-05 	1
65.8125 	6.655e-05 	6.44955e-06 	1
65.875 	0.000260287 	1.77805e-05 	1
65.9375 	0.000315622 	2.14426e-05 	1
66.0 	0.000220528 	1.52224e-05 	1
66.0625 	0.000314604 	2.14386e-05 	1
66.125 	4.18085e-05 	4.23796e-06 	1
66.1875 	0.000141404 	1.2302e-05 	1
66.25 	0.000128949 	2.6136e-06 	2
66.3125 	0.000135978 	1.13691e-05 	1
66.375 	8.31952e-05 	8.78094e-06 	1
66.4375 	0.000185177 	1.36831e-05 	1
66.5 	0.000251647 	2.00773e-05 	1
66.5625 	0.000124625 	3.31828e-06 	2
66.625 	0.00017087 	1.49842e-05 	1
66.75 	0.000316902 	2.19197e-05 	1
66.8125 	0.000242652 	1.75882e-05 	1
66.875 	0.000230033 	1.61356e-05 	1
66.9375 	0.000123964 	3.25315e-06 	2
67.0 	0.000149156 	1.37954e-05 	1
67.125 	0.000170047 	1.28704e-05 	1
67.1875 	0.000255393 	1.74072e-05 	1
67.25 	0.0001753 	1.42069e-05 	1
67.3125 	0.000151855 	1.22244e-05 	1
67.375 	0.000131521 	1.1125e-05 	1
67.4375 	0.000112967 	3.02265e-06 	2
67.5 	0.000234395 	1.61117e-05 	1
67.5625 	0.000125774 	9.94688e-06 	1
67.8125 	0.000107084 	2.53337e-06 	2
67.875 	0.000305643 	2.03527e-05 	1
67.9375 	0.000161274 	1.1777e-05 	1
68.0 	0.000236416 	1.68992e-05 	1
68.0625 	0.000131055 	2.61653e-06 	2
68.125 	0.000237929 	1.61093e-05 	1
68.1875 	0.000138025 	1.17049e-05 	1
68.25 	0.000108058 	2.86859e-06 	2
68.3125 	0.000165808 	1.54812e-05 	1
68.375 	0.000133481 	1.32295e-05 	1
68.4375 	0.000334872 	2.39781e-05 	1
68.5 	7.91455e-05 	7.94091e-06 	1
68.5625 	0.000251832 	2.34041e-05 	1
68.625 	0.000134176 	1.07637e-05 	1
68.6875 	0.000274591 	2.01661e-05 	1
68.75 	0.00013742 	9.91794e-06 	1
68.8125 	0.000217776 	1.55241e-05 	1
68.875 	0.000251171 	1.69069e-05 	1
68.9375 	0.000117389 	1.11902e-05 	1
69.0 	0.000133263 	2.55869e-06 	2
69.0625 	0.000183962 	1.28285e-05 	1
69.125 	0.000174506 	1.3511e-05 	1
69.1875 	0.000105506 	2.9349e-06 	2
69.25 	0.000162744 	1.16762e-05 	1
69.3125 	0.000347577 	2.32325e-05 	1
69.4375 	0.000153127 	1.30882e-05 	1
69.5 	7.64253e-05 	7.32567e-06 	1
69.5625 	0.000180791 	1.44212e-05 	1
69.625 	0.000287334 	1.96803e-05 	1
69.75 	0.000167477 	1.31021e-05 	1
69.8125 	0.00028698 	1.90418e-05 	1
69.875 	0.000290533 	2.45781e-05 	1
69.9375 	0.000348255 	2.37124e-05 	1
