# time 	Initial 	Final 	Iterations
0.333274 	0.00016762 	1.00748e-05 	1
0.392346 	3.57076e-05 	3.12031e-06 	1
0.579973 	0.000144935 	1.38269e-05 	1
0.642226 	0.000158515 	1.38177e-05 	1
0.70448 	0.000127324 	1.08461e-05 	1
0.766734 	0.000362822 	2.64778e-05 	1
0.828988 	0.000149392 	4.06478e-06 	2
0.953496 	0.000136307 	3.46436e-06 	2
1.01575 	0.000196183 	1.50621e-05 	1
1.078 	0.00019917 	1.58555e-05 	1
1.20251 	0.000360625 	2.62148e-05 	1
1.26477 	0.000293426 	2.17023e-05 	1
1.38927 	0.000294963 	2.5858e-05 	1
1.45153 	8.95687e-05 	9.04337e-06 	1
1.51378 	0.000197264 	1.44063e-05 	1
1.57604 	0.000347403 	2.51104e-05 	1
1.70054 	0.000182821 	1.59258e-05 	1
1.7628 	0.000224692 	1.61856e-05 	1
1.8873 	0.000251984 	1.94998e-05 	1
1.94956 	0.000369453 	2.64207e-05 	1
2.01181 	8.16139e-05 	7.8398e-06 	1
2.07407 	0.00027997 	2.09718e-05 	1
2.13632 	0.000155586 	1.38273e-05 	1
2.19857 	0.000162666 	1.31883e-05 	1
2.26083 	0.000299146 	2.48102e-05 	1
2.32308 	0.000137685 	3.3382e-06 	2
2.38534 	0.000245542 	1.87956e-05 	1
2.44759 	9.41153e-05 	9.71291e-06 	1
2.50984 	0.000303666 	2.23342e-05 	1
2.63435 	0.000335769 	2.47767e-05 	1
2.69661 	0.000143747 	1.1058e-05 	1
2.82111 	0.000169009 	1.66583e-05 	1
2.88337 	0.000173404 	1.31818e-05 	1
2.94562 	0.000124981 	2.90559e-06 	2
3.00787 	0.000163006 	1.28323e-05 	1
3.07013 	0.000418885 	2.98285e-05 	1
3.13238 	0.000157588 	1.1663e-05 	1
3.19464 	0.000190187 	1.80315e-05 	1
3.25689 	0.000210334 	1.61321e-05 	1
3.31914 	0.000237777 	2.15243e-05 	1
3.3814 	0.000505976 	3.53465e-05 	1
3.44365 	0.000390179 	3.50854e-05 	1
3.50591 	0.000186504 	1.51442e-05 	1
3.56816 	0.00025969 	1.92749e-05 	1
3.69267 	0.000282481 	2.15883e-05 	1
3.75492 	0.000313361 	2.89046e-05 	1
3.81718 	0.000401265 	2.83943e-05 	1
3.87943 	0.000230541 	1.73237e-05 	1
4.00394 	0.000302336 	2.23423e-05 	1
4.06619 	0.000171059 	1.70569e-05 	1
4.12845 	0.000180827 	1.61921e-05 	1
4.1907 	0.000401318 	2.86233e-05 	1
4.25295 	0.000250267 	1.81173e-05 	1
4.31521 	0.000193879 	1.77584e-05 	1
4.37746 	0.000158475 	1.39781e-05 	1
4.50197 	0.00016147 	1.20822e-05 	1
4.56422 	0.000362951 	2.60599e-05 	1
4.62648 	0.000146972 	3.83426e-06 	2
4.68873 	0.000151799 	1.33215e-05 	1
4.75098 	0.00022213 	1.62464e-05 	1
4.81324 	0.0001302 	9.75825e-06 	1
4.87549 	5.74967e-05 	6.45353e-06 	1
4.93775 	0.000277092 	2.01056e-05 	1
5.0 	0.000402391 	2.87473e-05 	1
5.0625 	0.000103414 	2.88137e-06 	2
5.125 	0.000275562 	2.43244e-05 	1
5.25 	0.000143182 	3.88323e-06 	2
5.3125 	0.000191833 	1.40278e-05 	1
5.375 	0.000416017 	2.98654e-05 	1
5.4375 	7.8734e-05 	7.89233e-06 	1
5.5 	0.000160484 	1.55807e-05 	1
5.5625 	0.000254937 	1.98108e-05 	1
5.625 	0.000350976 	2.73896e-05 	1
5.6875 	0.000459884 	3.30495e-05 	1
5.75 	0.000371583 	2.72982e-05 	1
5.8125 	0.000113802 	1.1147e-05 	1
5.875 	0.000167462 	1.29351e-05 	1
5.9375 	0.000268807 	1.97686e-05 	1
6.0 	0.000339186 	2.64338e-05 	1
6.125 	0.0002601 	2.41634e-05 	1
6.1875 	0.000146898 	3.44324e-06 	2
6.25 	0.000149887 	3.75112e-06 	2
6.3125 	0.000305917 	2.28712e-05 	1
6.4375 	0.000181692 	1.58444e-05 	1
6.625 	0.000107148 	8.57406e-06 	1
6.6875 	9.14824e-05 	9.73612e-06 	1
6.75 	0.000278404 	2.01439e-05 	1
6.8125 	0.000174096 	1.28923e-05 	1
6.9375 	0.00032941 	2.35852e-05 	1
7.0 	0.000546232 	4.54639e-05 	1
7.0625 	0.000283062 	2.15402e-05 	1
7.125 	0.000133469 	1.08558e-05 	1
7.1875 	0.000425148 	3.01283e-05 	1
7.25 	0.000335516 	2.45057e-05 	1
7.4375 	0.000550922 	4.60552e-05 	1
7.5625 	0.000237871 	1.77153e-05 	1
7.625 	0.000442472 	3.11104e-05 	1
7.6875 	0.000386765 	2.72791e-05 	1
7.8125 	0.000273766 	1.95666e-05 	1
7.9375 	0.000140971 	1.38634e-05 	1
8.0 	0.000277918 	1.98828e-05 	1
8.0625 	0.000295487 	2.21422e-05 	1
8.125 	0.000245848 	1.81392e-05 	1
8.25 	0.000300609 	2.14123e-05 	1
8.3125 	0.000295821 	2.51155e-05 	1
8.375 	0.000637774 	5.32971e-05 	1
8.4375 	0.000169135 	1.33516e-05 	1
8.5 	0.000292261 	2.0942e-05 	1
8.5625 	0.000475544 	3.34702e-05 	1
8.8125 	0.000106815 	8.78988e-06 	1
8.9375 	0.000244245 	1.82499e-05 	1
9.0 	0.000243202 	1.98641e-05 	1
9.0625 	0.000236305 	1.71125e-05 	1
9.125 	0.000332931 	2.47202e-05 	1
9.1875 	0.000317632 	2.27747e-05 	1
9.25 	0.000349796 	2.5029e-05 	1
9.3125 	0.000113491 	1.11018e-05 	1
9.375 	0.000182693 	1.59802e-05 	1
9.4375 	0.000248159 	1.86992e-05 	1
9.5625 	4.79181e-05 	5.36e-06 	1
9.625 	0.000153446 	1.1445e-05 	1
9.6875 	0.000167334 	1.46294e-05 	1
9.75 	0.000324754 	2.31559e-05 	1
9.8125 	0.00032789 	2.78368e-05 	1
9.875 	0.000378841 	2.78228e-05 	1
9.9375 	0.00031527 	2.38739e-05 	1
10.0 	0.000196592 	1.76919e-05 	1
10.0625 	0.000114991 	8.50311e-06 	1
10.125 	7.45379e-05 	8.90499e-06 	1
10.1875 	0.000175231 	4.44783e-06 	2
10.3125 	0.000184627 	1.66619e-05 	1
10.375 	0.000311969 	2.31997e-05 	1
10.5 	0.000205875 	1.61193e-05 	1
10.5625 	0.000208071 	1.65888e-05 	1
10.625 	0.000267005 	2.2702e-05 	1
10.6875 	0.000128017 	3.39685e-06 	2
10.75 	0.000441244 	3.11348e-05 	1
10.8125 	0.000362822 	2.72456e-05 	1
10.875 	8.93994e-05 	8.81345e-06 	1
10.9375 	0.000314144 	2.91294e-05 	1
11.0 	0.000203469 	1.59335e-05 	1
11.0625 	0.000261507 	1.95063e-05 	1
11.125 	7.10704e-05 	8.27565e-06 	1
11.1875 	0.000130227 	3.38336e-06 	2
11.25 	0.000286234 	2.10094e-05 	1
11.375 	0.000192397 	1.48759e-05 	1
11.4375 	0.00017247 	1.46133e-05 	1
11.5 	0.000142032 	1.40136e-05 	1
11.5625 	0.000347615 	3.07804e-05 	1
11.625 	0.000388702 	2.78449e-05 	1
11.6875 	0.000235879 	1.82489e-05 	1
11.75 	0.000271506 	2.40869e-05 	1
11.8125 	0.000204338 	1.7929e-05 	1
11.875 	0.000202375 	1.5694e-05 	1
11.9375 	0.000340112 	2.44694e-05 	1
12.0 	0.000262386 	1.98142e-05 	1
12.0625 	0.000367739 	2.66911e-05 	1
12.125 	0.000108372 	8.59142e-06 	1
12.1875 	0.000122591 	1.00113e-05 	1
12.25 	0.000202467 	1.59209e-05 	1
12.3125 	0.000325303 	2.40259e-05 	1
12.375 	0.000158944 	1.20689e-05 	1
12.5625 	0.000128202 	3.44518e-06 	2
12.625 	0.000156484 	4.25292e-06 	2
12.6875 	0.00015016 	1.13374e-05 	1
12.75 	0.000279305 	2.46395e-05 	1
12.8125 	0.000216932 	1.55145e-05 	1
12.875 	0.000154963 	1.21526e-05 	1
13.0 	0.000204793 	5.18872e-06 	2
13.0625 	0.000196915 	5.08051e-06 	2
13.125 	0.00020864 	1.56127e-05 	1
13.1875 	0.000216928 	1.58939e-05 	1
13.25 	0.00014132 	1.28426e-05 	1
13.3125 	0.000228423 	1.82971e-05 	1
13.375 	0.000431449 	3.12932e-05 	1
13.4375 	0.000232252 	2.22354e-05 	1
13.5 	0.000123077 	3.43193e-06 	2
13.5625 	0.000277223 	2.00616e-05 	1
13.625 	0.000294938 	2.14126e-05 	1
13.6875 	0.000386971 	2.80089e-05 	1
13.8125 	0.000159716 	1.24759e-05 	1
14.0 	0.000305499 	2.62332e-05 	1
14.0625 	0.00026121 	1.97504e-05 	1
14.125 	0.000202895 	1.75394e-05 	1
14.1875 	0.000125681 	1.14296e-05 	1
14.3125 	0.000400849 	2.91794e-05 	1
14.375 	0.000161134 	1.40214e-05 	1
14.4375 	0.000180833 	1.46111e-05 	1
14.5 	0.000238041 	1.83828e-05 	1
14.625 	0.000259151 	1.87943e-05 	1
14.6875 	0.00014776 	1.15895e-05 	1
14.75 	0.00022401 	1.71093e-05 	1
14.8125 	0.000218684 	1.73733e-05 	1
14.875 	0.000167343 	1.25551e-05 	1
14.9375 	0.00016317 	4.20142e-06 	2
15.0 	0.000284393 	2.19174e-05 	1
15.1875 	0.000175532 	1.61139e-05 	1
15.25 	0.000109485 	3.27784e-06 	2
15.3125 	0.000122053 	3.29926e-06 	2
15.375 	0.000336427 	2.57595e-05 	1
15.4375 	0.000367549 	2.60706e-05 	1
15.5 	0.000158025 	1.44005e-05 	1
15.5625 	0.00039309 	2.85485e-05 	1
15.625 	0.000300484 	2.18757e-05 	1
15.75 	0.000263733 	1.94632e-05 	1
15.8125 	0.000263401 	1.94421e-05 	1
15.875 	0.000352021 	2.63458e-05 	1
15.9375 	0.000323347 	2.34464e-05 	1
16.0 	0.000229998 	1.69313e-05 	1
16.0625 	7.07048e-05 	7.83163e-06 	1
16.125 	0.000386152 	2.73749e-05 	1
16.1875 	0.000152774 	1.31427e-05 	1
16.25 	0.000356811 	2.50644e-05 	1
16.3125 	0.000167706 	4.45808e-06 	2
16.375 	0.000225793 	1.69986e-05 	1
16.4375 	0.000259875 	1.88736e-05 	1
16.5 	0.000221393 	1.83037e-05 	1
16.625 	0.000334267 	2.4149e-05 	1
16.6875 	0.000653051 	4.63412e-05 	1
16.75 	0.000129988 	1.24107e-05 	1
16.8125 	0.000163997 	1.399e-05 	1
16.875 	0.000427032 	3.07407e-05 	1
16.9375 	0.00027647 	2.00575e-05 	1
17.1875 	0.00031525 	2.92626e-05 	1
17.25 	0.000357581 	2.6135e-05 	1
17.3125 	0.000189408 	1.53152e-05 	1
17.375 	0.000156046 	1.23869e-05 	1
17.4375 	0.000103899 	2.81224e-06 	2
17.5 	0.000486192 	3.49029e-05 	1
17.5625 	0.000211548 	1.63459e-05 	1
17.625 	0.00012938 	1.19604e-05 	1
17.6875 	0.000213498 	1.55957e-05 	1
17.75 	0.000406791 	2.89738e-05 	1
17.8125 	0.000234057 	2.00728e-05 	1
17.9375 	0.000286505 	2.10618e-05 	1
18.0 	0.000348903 	2.4648e-05 	1
18.0625 	0.000168693 	1.31008e-05 	1
18.125 	0.000209345 	1.54151e-05 	1
18.1875 	0.000321997 	2.34684e-05 	1
18.25 	0.000210879 	1.55141e-05 	1
18.3125 	0.000103705 	3.01022e-06 	2
18.375 	0.000305263 	2.24968e-05 	1
18.4375 	0.00038354 	2.71509e-05 	1
18.5 	0.000182126 	1.50063e-05 	1
18.5625 	0.00024659 	2.23284e-05 	1
18.625 	0.00048753 	3.48225e-05 	1
18.75 	0.000407307 	2.86968e-05 	1
18.8125 	0.000181307 	4.54398e-06 	2
18.875 	9.44297e-05 	2.56917e-06 	2
18.9375 	0.000263289 	1.9268e-05 	1
19.125 	0.000178808 	1.4279e-05 	1
19.25 	0.000141009 	1.25212e-05 	1
19.3125 	0.00014283 	1.08897e-05 	1
19.375 	0.000160857 	1.50236e-05 	1
19.4375 	0.000117411 	1.00758e-05 	1
19.5 	0.000151844 	3.71837e-06 	2
19.625 	0.000246401 	1.79295e-05 	1
19.6875 	0.000299411 	2.65204e-05 	1
19.75 	0.000196556 	1.43755e-05 	1
19.875 	0.000119444 	1.01693e-05 	1
19.9375 	0.000374521 	2.71235e-05 	1
20.0 	0.000218273 	1.68032e-05 	1
20.0625 	0.00025304 	2.25033e-05 	1
20.125 	0.000269637 	1.94341e-05 	1
20.1875 	0.000162056 	1.24173e-05 	1
20.25 	0.00017286 	1.30932e-05 	1
20.3125 	0.000161497 	4.30891e-06 	2
20.375 	0.00013236 	1.25246e-05 	1
20.4375 	0.000214438 	1.68334e-05 	1
20.5 	0.000231343 	1.79276e-05 	1
20.5625 	0.000362939 	2.62293e-05 	1
20.625 	0.000354034 	2.52885e-05 	1
20.6875 	0.000279251 	2.58172e-05 	1
20.75 	0.000263573 	1.97535e-05 	1
20.8125 	0.000406503 	3.37122e-05 	1
20.875 	0.000485422 	3.50129e-05 	1
20.9375 	6.78036e-05 	7.38021e-06 	1
21.0 	0.000155745 	1.16153e-05 	1
21.0625 	0.000284301 	2.11966e-05 	1
21.1875 	0.000245937 	1.8485e-05 	1
21.3125 	0.000245421 	2.23505e-05 	1
21.375 	0.000148617 	1.18921e-05 	1
21.4375 	0.000130216 	1.10504e-05 	1
21.5 	0.00027851 	2.01111e-05 	1
21.5625 	0.000192676 	1.80175e-05 	1
21.625 	0.000221751 	1.67184e-05 	1
21.6875 	0.000108569 	9.83378e-06 	1
21.75 	0.0003434 	2.96738e-05 	1
21.8125 	0.000208424 	1.65734e-05 	1
21.875 	0.000377986 	3.41985e-05 	1
21.9375 	0.000297046 	2.16326e-05 	1
22.0 	0.000151944 	1.22637e-05 	1
22.125 	0.000142943 	1.22279e-05 	1
22.1875 	0.000160066 	1.2047e-05 	1
22.25 	0.000201408 	1.62408e-05 	1
22.3125 	0.000345165 	2.49973e-05 	1
22.375 	0.000358767 	2.57307e-05 	1
22.625 	0.00018107 	1.60576e-05 	1
22.6875 	0.000162152 	1.20237e-05 	1
22.75 	0.000378445 	2.68359e-05 	1
22.8125 	0.000322274 	2.98937e-05 	1
22.9375 	7.08999e-05 	7.73647e-06 	1
23.0 	0.000395831 	2.84365e-05 	1
23.0625 	0.000308539 	2.65355e-05 	1
23.125 	0.000324678 	2.39577e-05 	1
23.1875 	0.000336129 	2.47325e-05 	1
23.3125 	0.000343041 	2.42097e-05 	1
23.375 	0.000403466 	2.87282e-05 	1
23.4375 	0.000229266 	1.98045e-05 	1
23.5625 	0.000367765 	2.61715e-05 	1
23.6875 	0.000334766 	2.45287e-05 	1
23.75 	0.000220351 	1.61475e-05 	1
23.8125 	0.000221895 	1.81419e-05 	1
23.875 	0.000351876 	2.51558e-05 	1
23.9375 	0.000401121 	2.84179e-05 	1
24.0 	0.000147259 	1.39142e-05 	1
24.0625 	0.000167371 	1.42867e-05 	1
24.125 	0.000181805 	1.59499e-05 	1
24.1875 	0.000346455 	2.52903e-05 	1
24.3125 	0.00040053 	3.37654e-05 	1
24.375 	9.10198e-05 	8.4108e-06 	1
24.4375 	0.000357548 	2.56702e-05 	1
24.5 	0.000349025 	2.53321e-05 	1
24.5625 	0.000141615 	1.20985e-05 	1
24.625 	0.000325279 	2.35426e-05 	1
24.6875 	0.000343982 	2.44179e-05 	1
24.75 	0.000253487 	1.8361e-05 	1
24.8125 	0.000375463 	3.33378e-05 	1
25.0 	0.000340499 	2.37892e-05 	1
25.0625 	0.0001599 	1.28927e-05 	1
25.125 	0.000228967 	1.80514e-05 	1
25.25 	0.0002718 	1.99498e-05 	1
25.3125 	0.000188578 	1.39819e-05 	1
25.375 	0.000173587 	4.41622e-06 	2
25.4375 	4.20322e-05 	4.71632e-06 	1
25.5 	0.000129637 	1.02189e-05 	1
25.5625 	0.000138343 	1.15422e-05 	1
25.625 	0.000360075 	2.60665e-05 	1
25.6875 	0.000357866 	3.17213e-05 	1
25.75 	0.000154023 	3.87648e-06 	2
25.8125 	0.000250889 	1.8334e-05 	1
25.875 	0.000371232 	2.68322e-05 	1
25.9375 	0.000209224 	1.74906e-05 	1
26.0 	0.000398147 	2.79675e-05 	1
26.0625 	0.000318236 	2.9325e-05 	1
26.125 	0.000126474 	9.40593e-06 	1
26.1875 	9.28103e-05 	8.08757e-06 	1
26.25 	0.000307982 	2.18765e-05 	1
26.3125 	0.000161204 	1.57305e-05 	1
26.375 	9.88991e-05 	9.28693e-06 	1
26.4375 	0.000223944 	1.84486e-05 	1
26.5 	0.000193556 	1.46763e-05 	1
26.5625 	0.000316095 	2.26175e-05 	1
26.625 	0.000253456 	1.92843e-05 	1
26.6875 	0.00025109 	1.89746e-05 	1
26.875 	0.000320226 	2.7394e-05 	1
26.9375 	0.000246616 	1.84214e-05 	1
27.0 	0.000196449 	1.71748e-05 	1
27.0625 	7.84587e-05 	8.63101e-06 	1
27.125 	0.000195191 	5.044e-06 	2
27.25 	0.000500194 	3.5711e-05 	1
27.3125 	0.000245121 	1.76798e-05 	1
27.375 	0.00019178 	1.8194e-05 	1
27.5 	0.000253824 	1.86717e-05 	1
27.5625 	0.000570988 	4.06366e-05 	1
27.625 	0.000233102 	1.69047e-05 	1
27.6875 	0.000137248 	3.58252e-06 	2
27.75 	0.000292579 	2.10786e-05 	1
27.8125 	0.000160705 	3.89827e-06 	2
27.875 	0.000172996 	1.25997e-05 	1
28.0 	0.000267204 	2.15464e-05 	1
28.0625 	0.000303563 	2.15629e-05 	1
28.125 	0.000333216 	2.41769e-05 	1
28.3125 	0.000347829 	3.05704e-05 	1
28.375 	0.00044133 	3.24831e-05 	1
28.4375 	0.000227263 	1.86911e-05 	1
28.5 	0.000126539 	9.94603e-06 	1
28.625 	0.000144151 	1.17927e-05 	1
28.6875 	0.00019475 	1.43298e-05 	1
28.8125 	0.000263049 	2.03667e-05 	1
28.875 	0.000513746 	3.6747e-05 	1
28.9375 	0.000120543 	3.25362e-06 	2
29.0 	0.000148673 	1.21136e-05 	1
29.0625 	0.000198633 	1.5325e-05 	1
29.125 	8.80231e-05 	8.57234e-06 	1
29.1875 	0.000223673 	1.61867e-05 	1
29.25 	0.000195068 	1.74019e-05 	1
29.3125 	0.000177308 	1.52652e-05 	1
29.375 	0.000299529 	2.14858e-05 	1
29.4375 	0.000425752 	3.0796e-05 	1
29.5 	0.00022248 	2.07746e-05 	1
29.5625 	0.000115525 	3.41896e-06 	2
29.625 	0.000320092 	2.31664e-05 	1
29.6875 	9.47006e-05 	8.89758e-06 	1
29.75 	0.00028523 	2.71106e-05 	1
29.875 	0.000406816 	2.8828e-05 	1
29.9375 	0.00034924 	2.50997e-05 	1
30.0 	0.000317552 	2.93895e-05 	1
30.125 	0.000173604 	1.58435e-05 	1
30.1875 	0.000304015 	2.18757e-05 	1
30.25 	0.000224711 	1.69906e-05 	1
30.3125 	0.000343091 	2.46764e-05 	1
30.375 	0.000117691 	1.07124e-05 	1
30.4375 	0.000171272 	1.64058e-05 	1
30.5 	0.000145098 	1.27527e-05 	1
30.5625 	0.000349939 	2.51716e-05 	1
30.625 	0.000222256 	1.70239e-05 	1
30.6875 	0.00032731 	2.42089e-05 	1
30.75 	0.000299462 	2.15722e-05 	1
30.8125 	0.000333701 	2.5279e-05 	1
30.9375 	0.000180975 	1.68116e-05 	1
31.0 	0.000447091 	3.12777e-05 	1
31.125 	0.000363597 	2.64659e-05 	1
31.1875 	0.000311351 	2.20797e-05 	1
31.25 	0.00018309 	4.75391e-06 	2
31.3125 	0.000204894 	1.81972e-05 	1
31.375 	0.000126071 	3.40466e-06 	2
31.5 	0.000303252 	2.25175e-05 	1
31.5625 	0.00018828 	1.42228e-05 	1
31.625 	0.000299208 	2.82969e-05 	1
31.6875 	0.000264618 	1.9135e-05 	1
31.75 	0.000280556 	2.11638e-05 	1
31.8125 	0.000179351 	1.32337e-05 	1
31.875 	0.000195046 	1.42425e-05 	1
31.9375 	0.000298082 	2.26093e-05 	1
32.0 	0.000560122 	4.00619e-05 	1
32.0625 	0.000231611 	1.84692e-05 	1
32.125 	0.000252732 	1.85178e-05 	1
32.1875 	0.000429097 	3.05731e-05 	1
32.25 	0.000319366 	2.35726e-05 	1
32.3125 	0.000173802 	1.4395e-05 	1
32.375 	0.000175124 	4.83211e-06 	2
32.4375 	0.000225059 	1.72787e-05 	1
32.5 	0.000348507 	2.51623e-05 	1
32.625 	0.000631059 	4.51458e-05 	1
32.6875 	0.000236163 	1.93631e-05 	1
32.75 	0.000149035 	1.21532e-05 	1
32.8125 	0.000121674 	1.05434e-05 	1
32.875 	0.000313822 	2.28857e-05 	1
32.9375 	0.000397271 	2.87013e-05 	1
33.0 	0.000370582 	2.63676e-05 	1
33.0625 	0.000195555 	1.78579e-05 	1
33.125 	0.000159566 	3.92622e-06 	2
33.1875 	0.000156457 	1.5368e-05 	1
33.25 	0.000281986 	2.14142e-05 	1
33.3125 	0.000274152 	2.09543e-05 	1
33.375 	0.00044446 	3.12346e-05 	1
33.4375 	0.000174248 	1.67977e-05 	1
33.5 	0.000250447 	1.90823e-05 	1
33.625 	0.000206705 	1.83637e-05 	1
33.6875 	0.00033935 	2.52124e-05 	1
33.75 	0.000354811 	2.59246e-05 	1
33.8125 	9.02249e-05 	9.12645e-06 	1
33.875 	0.000203144 	1.59981e-05 	1
33.9375 	0.000206688 	1.60303e-05 	1
34.0625 	0.000229581 	1.68391e-05 	1
34.125 	0.000141182 	1.11591e-05 	1
34.1875 	0.000173335 	1.51483e-05 	1
34.25 	0.000217608 	2.04844e-05 	1
34.3125 	0.000246844 	1.90417e-05 	1
34.375 	0.000103788 	8.15611e-06 	1
34.4375 	0.000160472 	1.22656e-05 	1
34.5 	0.000412514 	3.00475e-05 	1
34.5625 	0.000182181 	1.54759e-05 	1
34.625 	0.000227924 	2.2143e-05 	1
34.6875 	0.000200356 	1.70477e-05 	1
34.75 	0.000142674 	3.84426e-06 	2
34.875 	0.000151641 	4.07786e-06 	2
34.9375 	0.000263193 	1.92938e-05 	1
35.0 	0.000337517 	2.42501e-05 	1
35.0625 	0.000240828 	1.76958e-05 	1
35.125 	0.000325717 	2.42809e-05 	1
35.25 	0.00022342 	1.63e-05 	1
35.3125 	0.000182186 	1.33831e-05 	1
35.375 	0.000370345 	2.62507e-05 	1
35.5625 	0.000108387 	9.50162e-06 	1
35.625 	0.000322399 	2.3715e-05 	1
35.6875 	0.000376316 	2.71466e-05 	1
35.75 	0.000364092 	2.67869e-05 	1
35.8125 	0.000128157 	1.13844e-05 	1
35.875 	0.000229331 	1.86973e-05 	1
35.9375 	0.000317602 	2.36153e-05 	1
36.0 	0.000130899 	3.46108e-06 	2
36.125 	0.000397099 	2.84879e-05 	1
36.25 	0.000236816 	2.11573e-05 	1
36.3125 	7.7981e-05 	6.41975e-06 	1
36.4375 	0.000206371 	1.50811e-05 	1
36.5 	0.000348199 	2.5034e-05 	1
36.5625 	0.000157536 	1.51846e-05 	1
36.625 	0.000105485 	9.05292e-06 	1
36.6875 	0.000130486 	3.47135e-06 	2
36.8125 	0.000490162 	3.48949e-05 	1
36.875 	0.000319385 	2.31648e-05 	1
36.9375 	0.000432515 	3.23084e-05 	1
37.0625 	0.000366355 	2.66841e-05 	1
37.125 	0.000237965 	1.75639e-05 	1
37.1875 	0.000239473 	2.27397e-05 	1
37.25 	0.000202809 	1.50946e-05 	1
37.3125 	0.000419272 	2.98924e-05 	1
37.375 	0.000212909 	1.81904e-05 	1
37.4375 	0.00010762 	7.79185e-06 	1
37.5 	0.000403039 	2.89647e-05 	1
37.5625 	0.000258071 	1.91703e-05 	1
37.625 	0.000259004 	1.99156e-05 	1
37.75 	0.00018327 	1.34128e-05 	1
37.8125 	0.000258178 	1.91716e-05 	1
37.875 	0.000209592 	1.57795e-05 	1
37.9375 	0.000297731 	2.1695e-05 	1
38.0 	0.000308212 	2.27338e-05 	1
38.0625 	0.000317308 	2.33353e-05 	1
38.125 	0.000198625 	1.52166e-05 	1
38.1875 	0.000255917 	1.96853e-05 	1
38.25 	0.000407587 	3.09621e-05 	1
38.3125 	0.000254826 	1.84623e-05 	1
38.375 	0.000151866 	4.16467e-06 	2
38.4375 	0.000483256 	3.46549e-05 	1
38.5625 	0.000197607 	1.4852e-05 	1
38.6875 	0.000212291 	1.54257e-05 	1
38.8125 	0.000105579 	8.1867e-06 	1
38.875 	0.000205227 	1.61579e-05 	1
38.9375 	0.000214879 	1.58842e-05 	1
39.0 	0.000171206 	1.56963e-05 	1
39.0625 	0.000216742 	1.77894e-05 	1
39.125 	0.000385064 	2.74351e-05 	1
39.1875 	0.00014847 	1.18262e-05 	1
39.25 	0.000339751 	2.48701e-05 	1
39.3125 	0.000190462 	1.5288e-05 	1
39.375 	0.000176757 	1.37807e-05 	1
39.5 	0.000302411 	2.22586e-05 	1
39.5625 	0.000115233 	1.12596e-05 	1
39.625 	0.000136274 	3.66808e-06 	2
39.6875 	0.000305912 	2.18335e-05 	1
39.75 	0.000257977 	1.99418e-05 	1
39.8125 	0.000409853 	2.95929e-05 	1
39.875 	0.000150974 	1.30729e-05 	1
39.9375 	0.000128195 	9.73715e-06 	1
40.0 	0.000213216 	1.74166e-05 	1
40.0625 	6.45707e-05 	4.84625e-06 	1
40.125 	0.000306509 	2.20658e-05 	1
40.25 	0.000127247 	3.44135e-06 	2
40.3125 	0.000122552 	1.11671e-05 	1
40.4375 	0.000240595 	1.79645e-05 	1
40.5 	0.000131873 	3.38694e-06 	2
40.5625 	0.000319576 	2.85297e-05 	1
40.625 	0.000172635 	1.3314e-05 	1
40.8125 	0.000225237 	1.78049e-05 	1
40.875 	0.000287923 	2.21942e-05 	1
40.9375 	0.000283187 	2.07229e-05 	1
41.0 	0.000142736 	1.08209e-05 	1
41.125 	0.000358695 	2.58497e-05 	1
41.1875 	0.000225129 	1.85294e-05 	1
41.25 	0.000154768 	1.17056e-05 	1
41.3125 	0.000413774 	2.96637e-05 	1
41.375 	5.06609e-05 	6.23664e-06 	1
41.4375 	0.000329518 	2.44969e-05 	1
41.5 	0.000198087 	1.54369e-05 	1
41.5625 	0.000110087 	8.97321e-06 	1
41.625 	0.000244382 	6.28968e-06 	2
41.6875 	0.000367384 	2.69651e-05 	1
41.8125 	0.000322647 	2.38722e-05 	1
41.875 	0.000351283 	2.5429e-05 	1
41.9375 	0.000338467 	2.49755e-05 	1
42.0 	0.000120111 	9.97031e-06 	1
42.125 	0.000188572 	1.4225e-05 	1
42.25 	0.000326441 	2.37917e-05 	1
42.375 	0.00020418 	1.55999e-05 	1
42.4375 	0.000215753 	1.64517e-05 	1
42.5 	0.000388859 	2.79264e-05 	1
42.625 	0.00019153 	1.45931e-05 	1
42.6875 	0.000370291 	3.16438e-05 	1
42.75 	7.44879e-05 	6.22306e-06 	1
42.8125 	0.000252909 	2.0295e-05 	1
42.875 	0.000210225 	1.90748e-05 	1
42.9375 	0.000159638 	1.1889e-05 	1
43.0 	0.000497027 	3.58957e-05 	1
43.0625 	0.000165703 	1.26119e-05 	1
43.125 	0.000142157 	1.32503e-05 	1
43.1875 	0.000129354 	1.29137e-05 	1
43.3125 	0.000154582 	1.33821e-05 	1
43.375 	0.000147708 	1.18538e-05 	1
43.4375 	0.000205335 	1.53301e-05 	1
43.5625 	0.000147597 	4.02334e-06 	2
43.6875 	0.000234654 	2.28273e-05 	1
43.75 	0.00041263 	2.923e-05 	1
43.8125 	0.000217113 	1.82282e-05 	1
43.875 	0.000194183 	1.45224e-05 	1
43.9375 	9.95784e-05 	2.95786e-06 	2
44.0 	0.000183909 	1.6275e-05 	1
44.0625 	0.00022644 	1.84667e-05 	1
44.125 	0.000232572 	1.76619e-05 	1
44.1875 	0.000157502 	1.36141e-05 	1
44.25 	0.000147923 	1.44909e-05 	1
44.3125 	0.000185382 	1.68143e-05 	1
44.375 	0.000198779 	1.66391e-05 	1
44.4375 	0.000111014 	9.40762e-06 	1
44.5 	0.000185915 	1.61383e-05 	1
44.5625 	0.000399935 	2.85232e-05 	1
44.625 	9.35357e-05 	3.21036e-06 	2
44.6875 	0.000171325 	1.5266e-05 	1
44.75 	0.000144759 	1.18636e-05 	1
44.8125 	0.000215495 	1.56795e-05 	1
44.875 	0.000145691 	1.14126e-05 	1
44.9375 	0.000365933 	2.63576e-05 	1
45.0 	0.000195683 	1.87844e-05 	1
45.0625 	0.000195111 	1.47694e-05 	1
45.125 	0.000186567 	1.47284e-05 	1
45.1875 	0.000103972 	8.69045e-06 	1
45.25 	9.16032e-05 	6.86433e-06 	1
45.3125 	0.00037406 	2.72868e-05 	1
45.375 	8.46631e-05 	7.01132e-06 	1
45.5 	0.00023419 	1.76804e-05 	1
45.5625 	0.000357761 	2.54831e-05 	1
45.625 	0.000200476 	1.82213e-05 	1
45.6875 	0.000264709 	2.48055e-05 	1
45.75 	0.000248108 	1.84655e-05 	1
45.875 	0.000184276 	1.32052e-05 	1
45.9375 	0.000175935 	1.31067e-05 	1
46.0 	0.000255239 	2.39367e-05 	1
46.0625 	0.000254788 	1.91021e-05 	1
46.125 	0.000185279 	1.58e-05 	1
46.3125 	0.000387323 	2.7845e-05 	1
46.375 	0.000306109 	2.28589e-05 	1
46.4375 	7.18512e-05 	6.68644e-06 	1
46.5 	0.000405593 	2.9037e-05 	1
46.5625 	9.18903e-05 	9.07145e-06 	1
46.625 	8.35928e-05 	8.83563e-06 	1
46.6875 	0.000278771 	2.04951e-05 	1
46.75 	0.000129047 	3.04294e-06 	2
46.8125 	0.00014725 	1.33316e-05 	1
46.875 	0.000285821 	2.0965e-05 	1
47.0 	0.000233617 	2.07623e-05 	1
47.0625 	0.000163728 	3.98828e-06 	2
47.125 	0.000182502 	1.61781e-05 	1
47.1875 	0.000206181 	1.50705e-05 	1
47.25 	0.000398385 	3.52671e-05 	1
47.3125 	0.000262822 	1.89977e-05 	1
47.375 	0.000273744 	1.98624e-05 	1
47.4375 	0.000113555 	8.78966e-06 	1
47.5 	0.000336205 	2.41583e-05 	1
47.5625 	0.00037912 	2.68206e-05 	1
47.625 	0.000296659 	2.11632e-05 	1
47.6875 	0.000336785 	2.50431e-05 	1
47.8125 	0.000313441 	2.89938e-05 	1
47.875 	0.000178038 	1.31113e-05 	1
48.0 	0.000286417 	2.11971e-05 	1
48.0625 	0.000184277 	1.59026e-05 	1
48.1875 	0.000193254 	1.4947e-05 	1
48.25 	0.000403022 	2.84787e-05 	1
48.3125 	0.000158653 	1.47681e-05 	1
48.375 	0.000163125 	1.49689e-05 	1
48.4375 	0.000217922 	1.61147e-05 	1
48.5 	0.00019147 	1.45497e-05 	1
48.5625 	0.000191297 	1.42306e-05 	1
48.75 	8.74114e-05 	8.11732e-06 	1
48.8125 	9.18683e-05 	9.44053e-06 	1
48.9375 	0.000222886 	1.63582e-05 	1
49.0 	0.000274476 	2.01765e-05 	1
49.125 	0.000314202 	2.29138e-05 	1
49.1875 	0.000117588 	3.28731e-06 	2
49.25 	0.000360817 	3.3432e-05 	1
49.3125 	0.000426525 	3.11687e-05 	1
49.375 	0.000448271 	3.16872e-05 	1
49.4375 	8.97125e-05 	8.65932e-06 	1
49.5 	0.000160116 	1.19888e-05 	1
49.5625 	0.000326348 	2.42911e-05 	1
49.625 	0.000273789 	2.1375e-05 	1
49.6875 	0.000595918 	4.2437e-05 	1
49.75 	0.000270744 	2.08886e-05 	1
50.0625 	0.00036814 	3.17344e-05 	1
50.125 	0.000223153 	2.12218e-05 	1
50.25 	0.000184847 	1.52327e-05 	1
50.3125 	0.000432583 	3.09073e-05 	1
50.375 	0.000321172 	2.32622e-05 	1
50.4375 	0.000147338 	1.4019e-05 	1
50.5 	0.000172371 	4.59062e-06 	2
50.5625 	0.000203689 	1.53075e-05 	1
50.625 	0.000296137 	2.20711e-05 	1
50.75 	0.000149494 	1.10565e-05 	1
50.8125 	9.33913e-05 	9.20397e-06 	1
50.875 	8.07412e-05 	9.05692e-06 	1
50.9375 	0.000377871 	2.66944e-05 	1
51.0 	0.000136747 	1.01998e-05 	1
51.0625 	0.000288633 	2.03927e-05 	1
51.125 	0.000303151 	2.2212e-05 	1
51.1875 	0.00039592 	3.29675e-05 	1
51.25 	0.000155863 	1.52621e-05 	1
51.3125 	0.00041352 	2.90687e-05 	1
51.375 	0.000302299 	2.26082e-05 	1
51.4375 	0.000226827 	1.78805e-05 	1
51.5 	0.000226447 	1.98199e-05 	1
51.5625 	0.000372813 	2.68198e-05 	1
51.625 	0.000266777 	2.38511e-05 	1
51.6875 	0.000267309 	1.9291e-05 	1
51.8125 	0.000266704 	1.98099e-05 	1
51.875 	0.000289228 	2.15905e-05 	1
52.0 	0.000167915 	1.33066e-05 	1
52.0625 	0.000179531 	1.46775e-05 	1
52.1875 	0.000299141 	2.29258e-05 	1
52.25 	0.000312427 	2.24107e-05 	1
52.3125 	9.82997e-05 	9.51532e-06 	1
52.375 	0.000168126 	1.5081e-05 	1
52.4375 	0.000359234 	2.62889e-05 	1
52.5 	0.000538692 	3.85674e-05 	1
52.5625 	0.000255617 	1.93459e-05 	1
52.625 	0.000161341 	1.20041e-05 	1
52.6875 	0.000133757 	3.349e-06 	2
52.75 	0.000168337 	1.58909e-05 	1
52.8125 	0.000155049 	1.16036e-05 	1
52.875 	0.000499731 	3.51596e-05 	1
52.9375 	0.000443284 	3.22797e-05 	1
53.0 	0.000245024 	1.9747e-05 	1
53.125 	0.000205416 	1.93044e-05 	1
53.1875 	0.000234001 	2.03156e-05 	1
53.25 	0.000360306 	2.56453e-05 	1
53.3125 	0.000182233 	1.63276e-05 	1
53.375 	0.000478901 	4.15776e-05 	1
53.5 	0.000128431 	3.5585e-06 	2
53.5625 	0.000394582 	2.85167e-05 	1
53.625 	0.000209172 	1.98668e-05 	1
53.6875 	9.29854e-05 	7.59806e-06 	1
53.75 	0.000115521 	3.08564e-06 	2
53.8125 	0.000165612 	1.43342e-05 	1
53.875 	0.000111733 	8.3942e-06 	1
53.9375 	0.000145909 	1.19282e-05 	1
54.0 	0.000116279 	1.15906e-05 	1
54.0625 	0.000133724 	3.37386e-06 	2
54.125 	0.000186422 	1.50655e-05 	1
54.1875 	0.000212759 	1.60745e-05 	1
54.25 	0.000381468 	2.74861e-05 	1
54.3125 	0.000351533 	3.09203e-05 	1
54.375 	0.000231622 	1.7918e-05 	1
54.4375 	0.000242674 	1.86093e-05 	1
54.5 	0.000278904 	2.05843e-05 	1
54.625 	0.000112375 	2.79518e-06 	2
54.6875 	0.000299947 	2.6935e-05 	1
54.8125 	0.000233586 	1.68297e-05 	1
54.875 	0.000118075 	1.12484e-05 	1
54.9375 	0.000176523 	1.51874e-05 	1
55.0 	0.000187223 	1.54456e-05 	1
55.0625 	0.000244213 	1.8324e-05 	1
55.125 	0.000252249 	2.22746e-05 	1
55.1875 	0.000136108 	1.32068e-05 	1
55.3125 	0.000154066 	1.43791e-05 	1
55.4375 	9.95599e-05 	7.7712e-06 	1
55.5 	9.48792e-05 	9.20545e-06 	1
55.625 	0.000206421 	1.64092e-05 	1
55.6875 	0.000158255 	1.23309e-05 	1
55.75 	0.000114475 	2.63696e-06 	2
55.8125 	6.59658e-05 	5.91572e-06 	1
55.875 	0.000334986 	2.47192e-05 	1
55.9375 	0.000192669 	1.75334e-05 	1
56.0 	0.00032121 	2.9749e-05 	1
56.0625 	0.000101297 	2.3875e-06 	2
56.125 	9.40919e-05 	9.63944e-06 	1
56.1875 	0.000309164 	2.23718e-05 	1
56.25 	0.00025955 	1.85272e-05 	1
56.3125 	0.000387141 	2.84241e-05 	1
56.375 	0.000246937 	1.8778e-05 	1
56.4375 	0.000437317 	3.09811e-05 	1
56.5625 	0.000125208 	9.58692e-06 	1
56.625 	8.36078e-05 	8.8168e-06 	1
56.6875 	0.00035952 	2.54432e-05 	1
56.75 	0.00021807 	1.59932e-05 	1
56.8125 	0.000219248 	1.72641e-05 	1
56.875 	6.73846e-05 	5.7451e-06 	1
56.9375 	0.000134907 	3.74062e-06 	2
57.0 	0.000281468 	2.08375e-05 	1
57.0625 	0.000103524 	2.86943e-06 	2
57.125 	0.00020348 	1.49773e-05 	1
57.1875 	0.000105869 	1.01736e-05 	1
57.25 	0.000274537 	1.99885e-05 	1
57.3125 	0.000150935 	3.82209e-06 	2
57.375 	0.000163848 	1.26445e-05 	1
57.4375 	0.000264778 	2.04038e-05 	1
57.5 	0.00033574 	3.10694e-05 	1
57.5625 	0.000138023 	1.12403e-05 	1
57.625 	0.000187578 	1.5433e-05 	1
57.6875 	0.000261677 	1.90476e-05 	1
57.75 	0.000293227 	2.16911e-05 	1
57.8125 	0.00048813 	3.46818e-05 	1
57.9375 	0.000335161 	2.5499e-05 	1
58.0 	0.000218364 	1.83952e-05 	1
58.0625 	0.000247114 	1.81243e-05 	1
58.125 	0.000454917 	3.17979e-05 	1
58.1875 	0.000395397 	2.89307e-05 	1
58.25 	0.00033768 	2.49629e-05 	1
58.3125 	0.000178595 	1.43725e-05 	1
58.375 	5.2945e-05 	4.17827e-06 	1
58.4375 	0.000229399 	1.68561e-05 	1
58.5 	0.000237539 	1.78694e-05 	1
58.5625 	0.000491078 	3.51914e-05 	1
58.625 	0.000186462 	1.35353e-05 	1
58.6875 	0.000201224 	1.53831e-05 	1
58.8125 	0.00019127 	1.84645e-05 	1
58.875 	0.000154224 	4.16312e-06 	2
58.9375 	0.000210717 	1.66289e-05 	1
59.0 	0.000294329 	2.12427e-05 	1
59.125 	0.000175889 	1.61483e-05 	1
59.1875 	0.000225361 	1.6555e-05 	1
59.25 	0.000542372 	3.88131e-05 	1
59.3125 	0.000208198 	1.53159e-05 	1
59.375 	0.000218401 	1.61864e-05 	1
59.4375 	0.000128272 	1.24203e-05 	1
59.5 	0.000135807 	1.1503e-05 	1
59.5625 	0.000269892 	2.06384e-05 	1
59.6875 	0.00011761 	1.08999e-05 	1
59.8125 	0.000210007 	1.63733e-05 	1
59.875 	0.000420097 	2.99896e-05 	1
59.9375 	0.000365537 	2.6681e-05 	1
60.0 	0.00017027 	1.37208e-05 	1
60.0625 	0.000537912 	3.86056e-05 	1
60.125 	0.000211023 	1.53074e-05 	1
60.375 	0.000137264 	1.30179e-05 	1
60.4375 	0.000234577 	1.75941e-05 	1
60.5 	0.000375738 	2.78859e-05 	1
60.5625 	0.00021599 	1.99031e-05 	1
60.625 	0.000185941 	1.40447e-05 	1
60.6875 	0.000321953 	2.86565e-05 	1
60.75 	0.000236793 	2.18623e-05 	1
60.8125 	0.000564463 	4.72448e-05 	1
60.875 	9.73818e-05 	2.96513e-06 	2
60.9375 	0.000202718 	1.77901e-05 	1
61.0 	0.000169671 	1.35448e-05 	1
61.0625 	0.000159992 	1.34619e-05 	1
61.125 	9.97797e-05 	2.31401e-06 	2
61.1875 	0.000399378 	2.8616e-05 	1
61.25 	0.000260072 	1.96295e-05 	1
61.3125 	0.00036409 	2.59155e-05 	1
61.375 	0.000146825 	1.44211e-05 	1
61.4375 	0.000238483 	1.73225e-05 	1
61.5 	0.000394269 	2.84705e-05 	1
61.625 	0.000290694 	2.1526e-05 	1
61.6875 	0.000207718 	1.75561e-05 	1
61.75 	0.000466691 	3.37853e-05 	1
61.8125 	0.000292554 	2.18806e-05 	1
61.875 	0.000174372 	1.42865e-05 	1
61.9375 	0.000285197 	2.51304e-05 	1
62.0 	0.000240999 	1.70366e-05 	1
62.125 	0.000266558 	2.00257e-05 	1
62.1875 	0.000347393 	2.64597e-05 	1
62.25 	0.000109209 	8.82698e-06 	1
62.3125 	0.000163736 	1.55911e-05 	1
62.375 	0.000161478 	4.36607e-06 	2
62.4375 	0.000163369 	4.03666e-06 	2
62.5 	0.000374568 	2.70807e-05 	1
62.5625 	0.000387328 	2.77586e-05 	1
62.6875 	0.00025104 	1.91856e-05 	1
62.75 	0.000240183 	1.7939e-05 	1
62.875 	9.93438e-05 	2.35976e-06 	2
62.9375 	0.000310185 	2.25595e-05 	1
63.0 	0.000178876 	1.58152e-05 	1
63.125 	9.01428e-05 	9.27647e-06 	1
63.25 	9.15682e-05 	7.47452e-06 	1
63.375 	0.000129228 	3.48708e-06 	2
63.4375 	0.000369237 	2.61022e-05 	1
63.5625 	0.000252486 	2.25462e-05 	1
63.625 	0.000107027 	3.85944e-06 	2
63.8125 	0.000144319 	3.43415e-06 	2
63.875 	7.9916e-05 	8.04232e-06 	1
63.9375 	0.000359634 	2.54802e-05 	1
64.0 	0.00021588 	1.61804e-05 	1
64.0625 	0.000240542 	2.15091e-05 	1
64.125 	0.000225204 	5.78474e-06 	2
64.25 	0.000193678 	1.42675e-05 	1
64.3125 	0.000357139 	2.61406e-05 	1
64.4375 	0.000190382 	1.41312e-05 	1
64.5625 	8.14006e-05 	6.88093e-06 	1
64.6875 	0.000259519 	2.28427e-05 	1
64.75 	8.37701e-05 	8.96228e-06 	1
64.8125 	0.000327384 	2.36714e-05 	1
64.875 	0.000182869 	1.6257e-05 	1
64.9375 	0.000179457 	1.30301e-05 	1
65.0 	0.000429776 	3.06369e-05 	1
65.0625 	0.000357123 	2.5773e-05 	1
65.125 	0.000319812 	2.30956e-05 	1
65.1875 	5.4793e-05 	5.02036e-06 	1
65.25 	0.00014425 	3.59735e-06 	2
65.5 	0.000362691 	2.62395e-05 	1
65.625 	0.00016386 	1.39674e-05 	1
65.6875 	0.000248894 	6.34264e-06 	2
65.75 	0.000100763 	2.44745e-06 	2
65.8125 	0.000165635 	1.44216e-05 	1
65.875 	0.000114847 	4.36031e-06 	2
65.9375 	0.000313591 	2.23402e-05 	1
66.0 	0.000174969 	4.28165e-06 	2
66.0625 	0.000135218 	1.31389e-05 	1
66.1875 	0.000310994 	2.25587e-05 	1
66.25 	0.000215144 	1.76759e-05 	1
66.3125 	0.000300339 	2.78753e-05 	1
66.375 	0.000368041 	2.63828e-05 	1
66.4375 	0.000319406 	2.46399e-05 	1
66.5 	0.000246556 	2.0371e-05 	1
66.5625 	0.000240105 	1.83909e-05 	1
66.625 	0.000178599 	1.26826e-05 	1
66.75 	0.000103298 	2.54772e-06 	2
66.8125 	0.000203347 	1.50038e-05 	1
66.875 	0.000154559 	1.37961e-05 	1
66.9375 	0.000107861 	8.93727e-06 	1
67.0 	0.000109068 	9.27662e-06 	1
67.125 	0.000132168 	1.1547e-05 	1
67.1875 	0.00012309 	1.21945e-05 	1
67.25 	0.000214073 	1.73969e-05 	1
67.3125 	0.000177121 	1.48701e-05 	1
67.375 	0.000393238 	2.79993e-05 	1
67.4375 	0.00024614 	2.40759e-05 	1
67.5 	0.000200219 	1.45582e-05 	1
67.5625 	0.00017774 	1.40187e-05 	1
67.8125 	0.000135948 	1.16226e-05 	1
67.875 	0.000259606 	1.89084e-05 	1
67.9375 	0.000533657 	3.81071e-05 	1
68.0 	0.000196929 	1.68528e-05 	1
68.0625 	9.19177e-05 	7.88728e-06 	1
68.125 	0.000116092 	1.03963e-05 	1
68.1875 	0.000403359 	2.84443e-05 	1
68.25 	0.000148391 	1.23598e-05 	1
68.3125 	0.000115219 	3.10127e-06 	2
68.375 	0.000197877 	1.5532e-05 	1
68.4375 	0.000139376 	1.09339e-05 	1
68.5 	0.000215549 	1.76797e-05 	1
68.5625 	0.000301988 	2.16843e-05 	1
68.625 	0.000211875 	1.65812e-05 	1
68.6875 	0.000127336 	3.3291e-06 	2
68.75 	0.000200472 	1.57656e-05 	1
68.8125 	0.000245888 	1.81723e-05 	1
68.875 	0.000161176 	4.34372e-06 	2
68.9375 	0.000155752 	1.29944e-05 	1
69.0 	5.96857e-05 	7.22741e-06 	1
69.0625 	0.000360996 	3.05893e-05 	1
69.125 	0.000181937 	1.37054e-05 	1
69.1875 	0.000188515 	1.39404e-05 	1
69.25 	0.000298796 	2.17273e-05 	1
69.3125 	0.000217951 	1.65137e-05 	1
69.4375 	0.000108588 	8.86633e-06 	1
69.5 	9.96271e-05 	2.8915e-06 	2
69.5625 	9.42177e-05 	8.77149e-06 	1
69.625 	0.00027833 	2.1098e-05 	1
69.75 	0.000407351 	2.90302e-05 	1
69.8125 	0.000428762 	3.0406e-05 	1
69.875 	0.00031498 	2.30869e-05 	1
69.9375 	8.64186e-05 	8.10819e-06 	1
