# time 	Initial 	Final 	Iterations
0.333274 	0.000109631 	5.84906e-05 	1
0.642226 	0.000120144 	5.11589e-05 	1
0.766734 	9.37734e-05 	9.37734e-05 	0
0.828988 	0.000112815 	5.36843e-05 	1
1.26477 	7.99479e-05 	7.99479e-05 	0
1.38927 	8.05142e-05 	8.05142e-05 	0
1.45153 	0.000115226 	6.5622e-05 	1
1.51378 	4.92887e-05 	4.92887e-05 	0
1.7628 	0.000134475 	6.85156e-05 	1
1.8873 	8.17152e-05 	8.17152e-05 	0
1.94956 	0.000105306 	6.10569e-05 	1
2.19857 	8.70988e-05 	8.70988e-05 	0
2.26083 	7.67359e-05 	7.67359e-05 	0
2.32308 	9.09171e-05 	9.09171e-05 	0
2.38534 	9.9718e-05 	9.9718e-05 	0
2.44759 	0.00011702 	6.29446e-05 	1
2.63435 	0.00010697 	5.44478e-05 	1
2.69661 	9.86519e-05 	9.86519e-05 	0
2.88337 	0.0001092 	5.26808e-05 	1
2.94562 	0.000103057 	5.37032e-05 	1
3.07013 	9.22656e-05 	9.22656e-05 	0
3.31914 	9.8279e-05 	9.8279e-05 	0
3.3814 	0.000130827 	5.60004e-05 	1
3.44365 	0.00010388 	6.14488e-05 	1
3.69267 	4.04069e-05 	4.04069e-05 	0
3.75492 	9.05609e-05 	9.05609e-05 	0
3.87943 	0.000111986 	6.16556e-05 	1
4.06619 	6.86949e-05 	6.86949e-05 	0
4.12845 	6.90978e-05 	6.90978e-05 	0
4.1907 	9.55171e-05 	9.55171e-05 	0
4.25295 	8.33585e-05 	8.33585e-05 	0
4.31521 	0.000109725 	6.43114e-05 	1
4.50197 	7.77728e-05 	7.77728e-05 	0
4.56422 	0.000177178 	7.07675e-05 	1
4.62648 	0.0001261 	6.07207e-05 	1
4.68873 	0.000124153 	6.53256e-05 	1
4.93775 	0.000113963 	4.31598e-05 	1
5.0 	0.000115511 	6.9383e-05 	1
5.0625 	0.000109976 	5.71578e-05 	1
5.125 	6.9408e-05 	6.9408e-05 	0
5.25 	0.000101662 	6.21341e-05 	1
5.375 	8.59654e-05 	8.59654e-05 	0
5.5 	0.000117959 	6.98224e-05 	1
5.5625 	0.000117804 	5.12786e-05 	1
5.625 	0.00013032 	6.77951e-05 	1
5.6875 	6.67815e-05 	6.67815e-05 	0
5.8125 	7.10186e-05 	7.10186e-05 	0
5.875 	9.63108e-05 	9.63108e-05 	0
5.9375 	9.34269e-05 	9.34269e-05 	0
6.0 	0.000116875 	8.38017e-05 	1
6.1875 	0.00012508 	6.98677e-05 	1
6.25 	9.55924e-05 	9.55924e-05 	0
6.4375 	4.87492e-05 	4.87492e-05 	0
6.75 	0.000101482 	5.92951e-05 	1
6.8125 	9.96375e-05 	9.96375e-05 	0
6.9375 	0.00012533 	6.53891e-05 	1
7.1875 	7.82791e-05 	7.82791e-05 	0
7.5625 	9.45946e-05 	9.45946e-05 	0
7.6875 	9.61925e-05 	9.61925e-05 	0
7.8125 	0.000107554 	5.59655e-05 	1
7.9375 	0.000102824 	6.34766e-05 	1
8.0 	9.03583e-05 	9.03583e-05 	0
8.0625 	0.000100117 	5.06767e-05 	1
8.125 	8.68469e-05 	8.68469e-05 	0
8.4375 	0.000136522 	7.40478e-05 	1
8.5 	0.000123036 	6.22535e-05 	1
8.5625 	5.97561e-05 	5.97561e-05 	0
8.8125 	0.000114367 	5.71406e-05 	1
8.9375 	0.000128166 	5.92002e-05 	1
9.0 	6.74793e-05 	6.74793e-05 	0
9.1875 	0.00012263 	5.75397e-05 	1
9.25 	7.15528e-05 	7.15528e-05 	0
9.3125 	0.000115864 	6.17286e-05 	1
9.375 	0.000105229 	5.56528e-05 	1
9.4375 	6.46477e-05 	6.46477e-05 	0
9.5625 	9.93764e-05 	9.93764e-05 	0
9.625 	0.000105041 	6.24383e-05 	1
9.6875 	0.000117103 	6.21364e-05 	1
9.8125 	8.5873e-05 	8.5873e-05 	0
9.9375 	6.24355e-05 	6.24355e-05 	0
10.0 	9.21714e-05 	9.21714e-05 	0
10.3125 	7.76658e-05 	7.76658e-05 	0
10.625 	9.10353e-05 	9.10353e-05 	0
10.6875 	0.000113526 	6.32099e-05 	1
10.75 	0.000100519 	5.68325e-05 	1
10.8125 	7.70756e-05 	7.70756e-05 	0
10.875 	9.36539e-05 	9.36539e-05 	0
11.0 	0.000108854 	6.1953e-05 	1
11.0625 	0.000117684 	6.49332e-05 	1
11.1875 	9.87481e-05 	9.87481e-05 	0
11.6875 	0.00010729 	6.4786e-05 	1
11.75 	7.76761e-05 	7.76761e-05 	0
11.8125 	0.000109703 	5.92585e-05 	1
11.9375 	0.000129725 	6.12669e-05 	1
12.0 	0.000109567 	5.91684e-05 	1
12.1875 	9.24923e-05 	9.24923e-05 	0
12.3125 	9.63424e-05 	9.63424e-05 	0
12.375 	6.60536e-05 	6.60536e-05 	0
12.625 	7.6491e-05 	7.6491e-05 	0
12.6875 	0.000115337 	5.16886e-05 	1
12.8125 	9.75858e-05 	9.75858e-05 	0
12.875 	7.14395e-05 	7.14395e-05 	0
13.0 	0.00010504 	6.17976e-05 	1
13.0625 	0.000117052 	2.63364e-05 	1
13.1875 	8.822e-05 	8.822e-05 	0
13.25 	9.72138e-05 	9.72138e-05 	0
13.5625 	9.63643e-05 	9.63643e-05 	0
13.625 	0.000117927 	5.28653e-05 	1
13.6875 	0.000115745 	5.85392e-05 	1
14.0625 	0.000119998 	5.56052e-05 	1
14.125 	0.000106906 	8.01575e-05 	1
14.1875 	6.70857e-05 	6.70857e-05 	0
14.3125 	8.76815e-05 	8.76815e-05 	0
14.375 	9.24608e-05 	9.24608e-05 	0
14.4375 	0.000116574 	5.58822e-05 	1
14.5 	8.86319e-05 	8.86319e-05 	0
14.625 	8.84266e-05 	8.84266e-05 	0
14.6875 	0.00011084 	6.70348e-05 	1
14.75 	0.000125544 	5.74447e-05 	1
14.8125 	0.000106996 	5.38847e-05 	1
14.9375 	0.00010571 	5.49066e-05 	1
15.0 	9.84014e-05 	9.84014e-05 	0
15.1875 	4.47998e-05 	4.47998e-05 	0
15.25 	8.00828e-05 	8.00828e-05 	0
15.3125 	0.000112842 	7.1464e-05 	1
15.375 	0.000118219 	6.95739e-05 	1
15.4375 	4.53616e-05 	4.53616e-05 	0
15.5 	8.89201e-05 	8.89201e-05 	0
15.8125 	0.000133714 	8.22811e-05 	1
15.9375 	6.79129e-05 	6.79129e-05 	0
16.0 	9.96077e-05 	9.96077e-05 	0
16.0625 	7.63017e-05 	7.63017e-05 	0
16.125 	0.000116035 	5.11582e-05 	1
16.1875 	9.85995e-05 	9.85995e-05 	0
16.25 	0.000112227 	5.461e-05 	1
16.375 	0.000122254 	4.51387e-05 	1
16.5 	6.47187e-05 	6.47187e-05 	0
16.625 	0.00010928 	5.93507e-05 	1
16.8125 	0.000104315 	5.20829e-05 	1
16.9375 	0.00011025 	5.94632e-05 	1
17.25 	6.34402e-05 	6.34402e-05 	0
17.3125 	0.000121735 	7.21469e-05 	1
17.375 	8.1128e-05 	8.1128e-05 	0
17.4375 	8.58813e-05 	8.58813e-05 	0
17.5625 	5.62874e-05 	5.62874e-05 	0
17.6875 	8.2178e-05 	8.2178e-05 	0
18.0 	5.48564e-05 	5.48564e-05 	0
18.0625 	8.35298e-05 	8.35298e-05 	0
18.1875 	0.000119373 	6.20496e-05 	1
18.25 	6.53076e-05 	6.53076e-05 	0
18.375 	0.000101137 	4.32328e-05 	1
18.4375 	0.000102887 	4.51562e-05 	1
18.5625 	0.000130278 	6.77415e-05 	1
18.625 	9.30756e-05 	9.30756e-05 	0
18.8125 	9.10376e-05 	9.10376e-05 	0
18.875 	6.40285e-05 	6.40285e-05 	0
18.9375 	0.000117244 	7.63768e-05 	1
19.125 	9.50682e-05 	9.50682e-05 	0
19.4375 	9.84365e-05 	9.84365e-05 	0
19.5 	0.000119284 	6.37763e-05 	1
19.625 	9.27255e-05 	9.27255e-05 	0
19.6875 	0.000118589 	6.64929e-05 	1
19.75 	0.000107666 	5.82925e-05 	1
19.9375 	7.94681e-05 	7.94681e-05 	0
20.125 	0.000108579 	4.87148e-05 	1
20.1875 	0.000104414 	5.09514e-05 	1
20.375 	8.9682e-05 	8.9682e-05 	0
20.4375 	0.000110595 	6.34623e-05 	1
20.5 	0.000108949 	4.86878e-05 	1
20.625 	8.18956e-05 	8.18956e-05 	0
20.6875 	0.000125911 	8.57026e-05 	1
20.75 	6.68122e-05 	6.68122e-05 	0
21.0 	6.55882e-05 	6.55882e-05 	0
21.0625 	7.5044e-05 	7.5044e-05 	0
21.1875 	0.000136452 	7.4478e-05 	1
21.3125 	0.000123616 	6.67845e-05 	1
21.5625 	8.48325e-05 	8.48325e-05 	0
21.75 	0.000115022 	5.52266e-05 	1
21.8125 	0.000112594 	8.38305e-05 	1
21.875 	0.00012244 	3.20202e-05 	1
21.9375 	5.47938e-05 	5.47938e-05 	0
22.1875 	7.65658e-05 	7.65658e-05 	0
22.25 	8.93455e-05 	8.93455e-05 	0
22.3125 	7.55809e-05 	7.55809e-05 	0
22.9375 	0.000111185 	5.27669e-05 	1
23.0 	0.000113872 	6.00149e-05 	1
23.125 	8.53406e-05 	8.53406e-05 	0
23.1875 	8.03689e-05 	8.03689e-05 	0
23.3125 	8.13369e-05 	8.13369e-05 	0
23.375 	0.000114847 	5.41861e-05 	1
23.4375 	0.000109528 	6.2806e-05 	1
23.6875 	6.55988e-05 	6.55988e-05 	0
23.8125 	0.00012374 	4.9324e-05 	1
24.0 	6.89316e-05 	6.89316e-05 	0
24.0625 	0.000104443 	5.62509e-05 	1
24.3125 	7.49961e-05 	7.49961e-05 	0
24.375 	0.00011534 	6.79343e-05 	1
24.4375 	8.29198e-05 	8.29198e-05 	0
24.5625 	0.000100965 	4.87738e-05 	1
24.6875 	6.67474e-05 	6.67474e-05 	0
24.75 	7.12004e-05 	7.12004e-05 	0
24.8125 	0.000115234 	6.56422e-05 	1
25.0 	6.56983e-05 	6.56983e-05 	0
25.0625 	0.000116755 	6.12658e-05 	1
25.125 	9.67356e-05 	9.67356e-05 	0
25.25 	0.000127052 	6.14656e-05 	1
25.3125 	0.000119858 	5.68807e-05 	1
25.625 	0.000120189 	5.98359e-05 	1
25.6875 	9.25889e-05 	9.25889e-05 	0
25.75 	0.000129038 	6.05278e-05 	1
25.8125 	8.85524e-05 	8.85524e-05 	0
26.0 	0.000138236 	5.49657e-05 	1
26.125 	7.81584e-05 	7.81584e-05 	0
26.25 	0.000107205 	4.60633e-05 	1
26.375 	8.50283e-05 	8.50283e-05 	0
26.5 	6.48318e-05 	6.48318e-05 	0
26.625 	0.000118413 	7.14486e-05 	1
26.6875 	0.000113353 	4.57143e-05 	1
26.875 	0.000100758 	6.85669e-05 	1
26.9375 	0.000119343 	6.50173e-05 	1
27.0 	6.15342e-05 	6.15342e-05 	0
27.25 	9.58891e-05 	9.58891e-05 	0
27.3125 	0.000129837 	7.11361e-05 	1
27.625 	0.000135672 	6.47967e-05 	1
27.75 	9.91499e-05 	9.91499e-05 	0
28.0 	7.50323e-05 	7.50323e-05 	0
28.0625 	0.000121291 	6.88409e-05 	1
28.125 	9.83813e-05 	9.83813e-05 	0
28.3125 	8.79557e-05 	8.79557e-05 	0
28.5 	7.77254e-05 	7.77254e-05 	0
28.6875 	8.16397e-05 	8.16397e-05 	0
28.8125 	0.000124892 	5.32593e-05 	1
28.875 	6.95661e-05 	6.95661e-05 	0
29.0 	0.000115161 	7.22948e-05 	1
29.0625 	8.32398e-05 	8.32398e-05 	0
29.125 	0.000111027 	6.97076e-05 	1
29.1875 	0.000100532 	4.33361e-05 	1
29.25 	0.00012183 	6.24241e-05 	1
29.375 	4.5264e-05 	4.5264e-05 	0
29.4375 	5.1078e-05 	5.1078e-05 	0
29.625 	0.000111053 	6.2647e-05 	1
29.6875 	9.16774e-05 	9.16774e-05 	0
29.75 	0.000108213 	6.46487e-05 	1
29.9375 	8.54582e-05 	8.54582e-05 	0
30.125 	0.00010834 	3.01407e-05 	1
30.25 	0.00010062 	6.54804e-05 	1
30.3125 	6.84343e-05 	6.84343e-05 	0
30.375 	8.50128e-05 	8.50128e-05 	0
30.4375 	7.60347e-05 	7.60347e-05 	0
30.5 	8.36477e-05 	8.36477e-05 	0
30.5625 	9.76543e-05 	9.76543e-05 	0
30.8125 	9.05758e-05 	9.05758e-05 	0
30.9375 	9.79205e-05 	9.79205e-05 	0
31.1875 	8.92364e-05 	8.92364e-05 	0
31.25 	9.93491e-05 	9.93491e-05 	0
31.375 	0.000116932 	5.3535e-05 	1
31.625 	0.000102981 	5.44846e-05 	1
31.75 	0.000123744 	6.15988e-05 	1
31.8125 	7.33133e-05 	7.33133e-05 	0
31.875 	3.69816e-05 	3.69816e-05 	0
32.0 	9.79732e-05 	9.79732e-05 	0
32.125 	9.27596e-05 	9.27596e-05 	0
32.1875 	0.000109208 	7.06585e-05 	1
32.25 	0.000174886 	4.58248e-05 	1
32.3125 	8.79384e-05 	8.79384e-05 	0
32.4375 	6.86446e-05 	6.86446e-05 	0
32.5 	0.000105261 	5.38092e-05 	1
32.625 	0.000139821 	6.58902e-05 	1
32.6875 	6.06068e-05 	6.06068e-05 	0
32.75 	9.07757e-05 	9.07757e-05 	0
32.8125 	7.59951e-05 	7.59951e-05 	0
32.875 	9.34223e-05 	9.34223e-05 	0
33.0 	0.000106519 	6.06011e-05 	1
33.0625 	7.91792e-05 	7.91792e-05 	0
33.125 	9.73097e-05 	9.73097e-05 	0
33.3125 	0.000123447 	6.08273e-05 	1
33.375 	0.000122682 	4.74351e-05 	1
33.4375 	0.000123042 	2.65983e-05 	1
33.625 	0.000111349 	6.32612e-05 	1
33.6875 	0.000132829 	6.78397e-05 	1
33.875 	0.000111936 	6.51765e-05 	1
33.9375 	0.000122726 	6.81274e-05 	1
34.125 	8.73547e-05 	8.73547e-05 	0
34.1875 	0.000110554 	5.83626e-05 	1
34.25 	0.000135249 	7.37565e-05 	1
34.3125 	8.81847e-05 	8.81847e-05 	0
34.375 	0.000113245 	5.56236e-05 	1
34.5 	0.000109329 	5.56421e-05 	1
34.5625 	0.000124867 	6.06649e-05 	1
34.625 	9.70516e-05 	9.70516e-05 	0
34.6875 	0.000135008 	6.42549e-05 	1
34.875 	0.000109993 	4.91029e-05 	1
34.9375 	9.23991e-05 	9.23991e-05 	0
35.0625 	3.8697e-05 	3.8697e-05 	0
35.125 	0.000100527 	5.65962e-05 	1
35.25 	8.59005e-05 	8.59005e-05 	0
35.3125 	0.000110062 	4.78566e-05 	1
35.375 	9.33811e-05 	9.33811e-05 	0
35.625 	8.52911e-05 	8.52911e-05 	0
35.6875 	0.000111738 	6.20444e-05 	1
35.75 	6.15616e-05 	6.15616e-05 	0
35.8125 	9.16499e-05 	9.16499e-05 	0
35.875 	0.000115391 	5.64798e-05 	1
35.9375 	0.000101804 	5.20903e-05 	1
36.0 	8.29987e-05 	8.29987e-05 	0
36.125 	9.92476e-05 	9.92476e-05 	0
36.25 	4.48281e-05 	4.48281e-05 	0
36.4375 	0.000108366 	6.17271e-05 	1
36.5 	8.77011e-05 	8.77011e-05 	0
36.8125 	9.55782e-05 	9.55782e-05 	0
36.875 	0.000152765 	7.91491e-05 	1
37.125 	9.83466e-05 	9.83466e-05 	0
37.1875 	4.53296e-05 	4.53296e-05 	0
37.3125 	0.000102741 	5.22342e-05 	1
37.4375 	0.000103579 	3.95873e-05 	1
37.5 	8.56995e-05 	8.56995e-05 	0
37.5625 	5.62792e-05 	5.62792e-05 	0
37.75 	9.70347e-05 	9.70347e-05 	0
37.9375 	0.00010479 	4.31739e-05 	1
38.0 	9.77804e-05 	9.77804e-05 	0
38.0625 	0.000128569 	7.1265e-05 	1
38.125 	0.000101689 	5.53952e-05 	1
38.25 	9.77477e-05 	9.77477e-05 	0
38.3125 	7.72552e-05 	7.72552e-05 	0
38.4375 	0.00011417 	5.79937e-05 	1
38.5625 	9.76835e-05 	9.76835e-05 	0
38.6875 	9.13362e-05 	9.13362e-05 	0
38.8125 	6.14738e-05 	6.14738e-05 	0
38.875 	0.000113532 	5.94632e-05 	1
38.9375 	9.67026e-05 	9.67026e-05 	0
39.0 	0.000109655 	5.71979e-05 	1
39.0625 	0.000109995 	6.3472e-05 	1
39.1875 	8.28597e-05 	8.28597e-05 	0
39.25 	9.99242e-05 	9.99242e-05 	0
39.3125 	0.000103243 	5.23685e-05 	1
39.5625 	7.95144e-05 	7.95144e-05 	0
39.625 	6.87883e-05 	6.87883e-05 	0
39.6875 	0.000150239 	7.98005e-05 	1
39.75 	8.33645e-05 	8.33645e-05 	0
39.875 	7.64056e-05 	7.64056e-05 	0
39.9375 	9.42966e-05 	9.42966e-05 	0
40.0 	0.00012718 	5.70486e-05 	1
40.125 	9.78463e-05 	9.78463e-05 	0
40.25 	7.74838e-05 	7.74838e-05 	0
40.3125 	9.43718e-05 	9.43718e-05 	0
40.4375 	0.000113189 	6.81861e-05 	1
40.5 	0.000125936 	6.74446e-05 	1
40.5625 	7.03247e-05 	7.03247e-05 	0
40.625 	0.000105082 	4.23023e-05 	1
40.8125 	6.89013e-05 	6.89013e-05 	0
40.9375 	8.94369e-05 	8.94369e-05 	0
41.125 	0.000122859 	6.17444e-05 	1
41.1875 	0.000107067 	7.26921e-05 	1
41.25 	9.32062e-05 	9.32062e-05 	0
41.3125 	0.000131273 	9.96566e-05 	1
41.4375 	5.00564e-05 	5.00564e-05 	0
41.5 	8.26927e-05 	8.26927e-05 	0
41.6875 	6.44133e-05 	6.44133e-05 	0
41.8125 	0.000103833 	4.91532e-05 	1
41.9375 	6.17027e-05 	6.17027e-05 	0
42.0 	0.000104359 	7.63607e-05 	1
42.25 	9.51571e-05 	9.51571e-05 	0
42.5 	0.0001206 	4.8635e-05 	1
42.6875 	0.000116349 	4.50846e-05 	1
42.8125 	0.000114931 	5.90555e-05 	1
42.875 	8.7086e-05 	8.7086e-05 	0
42.9375 	0.000101929 	3.9635e-05 	1
43.0 	0.000111178 	6.68044e-05 	1
43.0625 	0.000110182 	7.1371e-05 	1
43.1875 	5.1271e-05 	5.1271e-05 	0
43.3125 	0.000126581 	6.31401e-05 	1
43.375 	0.00012463 	5.7604e-05 	1
43.9375 	8.06776e-05 	8.06776e-05 	0
44.0 	5.51671e-05 	5.51671e-05 	0
44.125 	0.000134902 	6.2816e-05 	1
44.25 	0.000117818 	7.18789e-05 	1
44.3125 	8.06971e-05 	8.06971e-05 	0
44.4375 	0.000109088 	6.01796e-05 	1
44.5625 	8.32109e-05 	8.32109e-05 	0
44.6875 	7.80675e-05 	7.80675e-05 	0
44.8125 	0.000102712 	6.14135e-05 	2
44.875 	8.84092e-05 	8.84092e-05 	0
44.9375 	9.50216e-05 	9.50216e-05 	0
45.0 	0.000111252 	6.66153e-05 	1
45.1875 	0.000112337 	5.9023e-05 	1
45.3125 	0.000118066 	3.76556e-05 	1
45.5 	8.18049e-05 	8.18049e-05 	0
45.625 	8.38908e-05 	8.38908e-05 	0
45.6875 	8.70293e-05 	8.70293e-05 	0
45.75 	7.50703e-05 	7.50703e-05 	0
46.0 	0.000107417 	6.10774e-05 	1
46.0625 	0.000114904 	7.10347e-05 	1
46.3125 	0.000100727 	6.96302e-05 	1
46.5625 	5.53951e-05 	5.53951e-05 	0
46.625 	7.52888e-05 	7.52888e-05 	0
46.6875 	9.55798e-05 	9.55798e-05 	0
46.75 	0.000106855 	5.38296e-05 	1
47.0 	9.53065e-05 	9.53065e-05 	0
47.0625 	8.61223e-05 	8.61223e-05 	0
47.125 	0.000103925 	7.09919e-05 	1
47.25 	9.16769e-05 	9.16769e-05 	0
47.375 	0.000129855 	6.43701e-05 	1
47.5 	7.88195e-05 	7.88195e-05 	0
47.5625 	9.5465e-05 	9.5465e-05 	0
47.625 	0.000103446 	6.974e-05 	1
47.8125 	9.85502e-05 	9.85502e-05 	0
48.0625 	8.00666e-05 	8.00666e-05 	0
48.1875 	7.69763e-05 	7.69763e-05 	0
48.25 	0.000106084 	5.85212e-05 	1
48.3125 	8.11937e-05 	8.11937e-05 	0
48.4375 	8.29573e-05 	8.29573e-05 	0
48.5625 	0.000105393 	6.26501e-05 	1
48.75 	0.00013005 	5.85066e-05 	1
48.8125 	9.65888e-05 	9.65888e-05 	0
48.9375 	9.1846e-05 	9.1846e-05 	0
49.0 	5.53472e-05 	5.53472e-05 	0
49.3125 	0.00010119 	5.35469e-05 	1
49.375 	8.35364e-05 	8.35364e-05 	0
49.4375 	9.08452e-05 	9.08452e-05 	0
49.5625 	7.09303e-05 	7.09303e-05 	0
49.6875 	8.69493e-05 	8.69493e-05 	0
49.75 	8.02497e-05 	8.02497e-05 	0
50.0625 	0.000114725 	6.35461e-05 	1
50.25 	0.000118814 	6.46277e-05 	1
50.3125 	6.87054e-05 	6.87054e-05 	0
50.375 	7.4367e-05 	7.4367e-05 	0
50.4375 	0.000102487 	4.26368e-05 	1
50.5625 	9.36698e-05 	9.36698e-05 	0
50.625 	8.72463e-05 	8.72463e-05 	0
50.75 	0.000107495 	6.0585e-05 	1
50.8125 	7.81124e-05 	7.81124e-05 	0
50.875 	0.000120454 	5.30133e-05 	1
50.9375 	0.000121107 	6.91551e-05 	1
51.0 	7.43915e-05 	7.43915e-05 	0
51.125 	6.41901e-05 	6.41901e-05 	0
51.1875 	8.68024e-05 	8.68024e-05 	0
51.25 	5.81807e-05 	5.81807e-05 	0
51.375 	0.000138881 	7.24609e-05 	1
51.4375 	5.3466e-05 	5.3466e-05 	0
51.5 	9.92747e-05 	9.92747e-05 	0
51.625 	9.3492e-05 	9.3492e-05 	0
51.8125 	9.0889e-05 	9.0889e-05 	0
52.0625 	9.59702e-05 	9.59702e-05 	0
52.1875 	0.000124488 	5.69921e-05 	1
52.3125 	0.000125276 	8.28309e-05 	1
52.5 	0.000106427 	3.96947e-05 	1
52.75 	4.36194e-05 	4.36194e-05 	0
52.8125 	9.28912e-05 	9.28912e-05 	0
52.9375 	9.44643e-05 	9.44643e-05 	0
53.1875 	6.96866e-05 	6.96866e-05 	0
53.25 	8.67171e-05 	8.67171e-05 	0
53.5 	0.000121893 	8.47784e-05 	1
53.5625 	9.43798e-05 	9.43798e-05 	0
53.625 	0.000105284 	6.44805e-05 	1
53.6875 	0.000130616 	6.93597e-05 	1
53.75 	8.0208e-05 	8.0208e-05 	0
53.875 	8.05281e-05 	8.05281e-05 	0
54.0 	9.14954e-05 	9.14954e-05 	0
54.0625 	8.66538e-05 	8.66538e-05 	0
54.1875 	0.000112372 	6.9783e-05 	1
54.25 	8.11949e-05 	8.11949e-05 	0
54.3125 	8.98869e-05 	8.98869e-05 	0
54.375 	0.000119619 	6.08487e-05 	1
54.4375 	7.04947e-05 	7.04947e-05 	0
54.6875 	9.20476e-05 	9.20476e-05 	0
54.8125 	0.000104125 	5.39091e-05 	1
54.875 	8.89432e-05 	8.89432e-05 	0
54.9375 	0.000106707 	5.74134e-05 	1
55.0 	0.000111379 	6.01345e-05 	1
55.3125 	9.21332e-05 	9.21332e-05 	0
55.4375 	0.000110933 	5.47417e-05 	1
55.5 	6.83423e-05 	6.83423e-05 	0
55.75 	6.95233e-05 	6.95233e-05 	0
55.9375 	8.29286e-05 	8.29286e-05 	0
56.0 	9.54372e-05 	9.54372e-05 	0
56.0625 	0.000113185 	7.02405e-05 	1
56.3125 	9.81088e-05 	9.81088e-05 	0
56.375 	6.068e-05 	6.068e-05 	0
56.4375 	0.0001054 	4.45478e-05 	1
56.5625 	0.0001286 	7.3523e-05 	1
56.6875 	0.000116944 	7.86136e-05 	1
56.75 	0.000110571 	7.48863e-05 	1
56.8125 	7.00176e-05 	7.00176e-05 	0
57.0 	4.99611e-05 	4.99611e-05 	0
57.0625 	7.58962e-05 	7.58962e-05 	0
57.1875 	4.79617e-05 	4.79617e-05 	0
57.25 	0.000109592 	6.05858e-05 	1
57.3125 	8.07373e-05 	8.07373e-05 	0
57.4375 	9.5874e-05 	9.5874e-05 	0
57.6875 	0.0001299 	7.7617e-05 	1
57.8125 	7.37254e-05 	7.37254e-05 	0
58.125 	0.00011959 	5.894e-05 	1
58.1875 	5.89688e-05 	5.89688e-05 	0
58.25 	8.19871e-05 	8.19871e-05 	0
58.3125 	0.000143477 	7.49097e-05 	1
58.4375 	9.69473e-05 	9.69473e-05 	0
58.5625 	6.16591e-05 	6.16591e-05 	0
58.8125 	0.00011232 	5.30958e-05 	1
58.875 	0.000108077 	5.66002e-05 	1
59.0 	9.71668e-05 	9.71668e-05 	0
59.125 	0.000117742 	6.07789e-05 	1
59.25 	8.9551e-05 	8.9551e-05 	0
59.3125 	8.96701e-05 	8.96701e-05 	0
59.375 	0.000100472 	6.73776e-05 	1
59.5 	0.000117662 	6.03176e-05 	1
59.6875 	0.000110391 	6.3769e-05 	1
59.8125 	9.60487e-05 	9.60487e-05 	0
59.9375 	9.83692e-05 	9.83692e-05 	0
60.375 	6.71819e-05 	6.71819e-05 	0
60.4375 	0.000103542 	6.3824e-05 	1
60.5625 	0.000119319 	7.41068e-05 	1
60.625 	0.000104025 	6.40135e-05 	1
60.875 	5.85904e-05 	5.85904e-05 	0
61.0 	8.51794e-05 	8.51794e-05 	0
61.125 	0.000113775 	5.78408e-05 	1
61.4375 	0.000109501 	5.19331e-05 	1
61.625 	9.19083e-05 	9.19083e-05 	0
61.6875 	8.51238e-05 	8.51238e-05 	0
61.8125 	0.000120614 	6.37485e-05 	1
61.9375 	6.73346e-05 	6.73346e-05 	0
62.1875 	8.71316e-05 	8.71316e-05 	0
62.25 	7.30439e-05 	7.30439e-05 	0
62.375 	6.81438e-05 	6.81438e-05 	0
62.5 	7.13894e-05 	7.13894e-05 	0
62.5625 	8.38457e-05 	8.38457e-05 	0
62.875 	6.00469e-05 	6.00469e-05 	0
62.9375 	6.87027e-05 	6.87027e-05 	0
63.0 	0.000116404 	7.61805e-05 	1
63.25 	0.000102633 	5.62965e-05 	1
63.4375 	0.000101813 	4.24323e-05 	1
63.5625 	0.000127298 	6.11973e-05 	1
63.8125 	8.56972e-05 	8.56972e-05 	0
63.9375 	8.47482e-05 	8.47482e-05 	0
64.0 	0.000112271 	4.25871e-05 	1
64.25 	9.89637e-05 	9.89637e-05 	0
64.4375 	0.000132004 	6.10507e-05 	1
64.5625 	8.52089e-05 	8.52089e-05 	0
64.6875 	8.49843e-05 	8.49843e-05 	0
64.75 	9.86847e-05 	9.86847e-05 	0
64.8125 	9.11248e-05 	9.11248e-05 	0
64.875 	8.36983e-05 	8.36983e-05 	0
64.9375 	7.16766e-05 	7.16766e-05 	0
65.0 	0.000129932 	6.91805e-05 	1
65.0625 	0.000119837 	6.05201e-05 	1
65.125 	0.000134177 	6.30678e-05 	1
65.625 	6.10836e-05 	6.10836e-05 	0
65.8125 	0.000105189 	4.64307e-05 	1
65.9375 	0.000102168 	7.85166e-05 	1
66.0 	0.000105737 	5.28608e-05 	1
66.0625 	9.69254e-05 	9.69254e-05 	0
66.3125 	8.97501e-05 	8.97501e-05 	0
66.5 	9.90485e-05 	9.90485e-05 	0
66.75 	8.16748e-05 	8.16748e-05 	0
66.8125 	0.000131826 	6.22436e-05 	1
66.9375 	9.59047e-05 	9.59047e-05 	0
67.25 	9.93384e-05 	9.93384e-05 	0
67.4375 	7.60407e-05 	7.60407e-05 	0
67.5 	8.37434e-05 	8.37434e-05 	0
67.8125 	6.92096e-05 	6.92096e-05 	0
67.875 	9.42166e-05 	9.42166e-05 	0
67.9375 	0.000119242 	4.97808e-05 	1
68.0 	9.34487e-05 	9.34487e-05 	0
68.125 	0.000104166 	5.62515e-05 	1
68.1875 	8.12387e-05 	8.12387e-05 	0
68.3125 	8.71403e-05 	8.71403e-05 	0
68.375 	6.77575e-05 	6.77575e-05 	0
68.4375 	0.00011137 	5.65045e-05 	1
68.5625 	6.63952e-05 	6.63952e-05 	0
68.6875 	9.5126e-05 	9.5126e-05 	0
68.75 	9.44627e-05 	9.44627e-05 	0
68.8125 	0.000123153 	6.03894e-05 	1
68.9375 	6.37229e-05 	6.37229e-05 	0
69.125 	0.000117098 	3.83733e-05 	1
69.1875 	0.000114275 	5.82413e-05 	1
69.25 	0.000102939 	7.12985e-05 	1
69.3125 	9.78696e-05 	9.78696e-05 	0
69.4375 	7.66617e-05 	7.66617e-05 	0
69.5 	0.00012669 	8.40393e-05 	1
69.75 	8.87588e-05 	8.87588e-05 	0
69.8125 	0.000120995 	5.09894e-05 	1
69.875 	9.82893e-05 	9.82893e-05 	0
69.9375 	0.000104234 	6.16179e-05 	1
