# time 	Initial 	Final 	Iterations
0.333274 	0.000172187 	1.02853e-05 	1
0.392346 	0.000251583 	2.0231e-05 	1
0.579973 	0.000443747 	3.98563e-05 	1
0.642226 	0.000151408 	1.38271e-05 	1
0.70448 	0.000357332 	2.93463e-05 	1
0.766734 	0.000312178 	3.0048e-05 	1
0.828988 	0.000365226 	2.67831e-05 	1
0.953496 	0.000125633 	1.22416e-05 	1
1.01575 	0.000233257 	1.97745e-05 	1
1.078 	0.000172312 	1.46916e-05 	1
1.20251 	0.00040325 	3.17554e-05 	1
1.26477 	0.000210113 	1.88296e-05 	1
1.38927 	0.00030763 	2.48004e-05 	1
1.45153 	0.000321045 	2.48511e-05 	1
1.51378 	0.000450484 	3.23373e-05 	1
1.57604 	0.000157881 	1.55735e-05 	1
1.70054 	0.00047583 	3.63678e-05 	1
1.7628 	0.000334722 	2.61044e-05 	1
1.8873 	0.000158363 	5.7822e-06 	2
1.94956 	0.000217446 	2.01751e-05 	1
2.01181 	0.00044764 	3.21531e-05 	1
2.07407 	0.000305 	2.54937e-05 	1
2.13632 	0.000549169 	4.27001e-05 	1
2.19857 	0.000271571 	2.26334e-05 	1
2.26083 	0.000152117 	1.21441e-05 	1
2.32308 	0.000353426 	2.77305e-05 	1
2.38534 	0.000187455 	6.32672e-06 	2
2.44759 	0.000207756 	1.64568e-05 	1
2.50984 	0.000405665 	3.04026e-05 	1
2.63435 	0.000293137 	2.33458e-05 	1
2.69661 	0.000225174 	2.07657e-05 	1
2.75886 	0.000144097 	4.94253e-06 	2
2.82111 	0.000223857 	1.74237e-05 	1
2.88337 	0.000465578 	3.52792e-05 	1
2.94562 	0.000433636 	3.22278e-05 	1
3.00787 	0.000321975 	2.58296e-05 	1
3.07013 	0.000213732 	1.74851e-05 	1
3.13238 	0.000284685 	2.21529e-05 	1
3.19464 	0.000321617 	2.92515e-05 	1
3.25689 	0.000203548 	1.76256e-05 	1
3.31914 	0.000278233 	2.18009e-05 	1
3.3814 	0.000196709 	1.80565e-05 	1
3.44365 	0.000424182 	3.26101e-05 	1
3.50591 	0.000433766 	3.38651e-05 	1
3.56816 	0.000343279 	2.72494e-05 	1
3.69267 	0.000290127 	2.30522e-05 	1
3.75492 	0.000265528 	1.96074e-05 	1
3.81718 	0.000476163 	3.37047e-05 	1
3.87943 	0.000422475 	3.13293e-05 	1
4.00394 	0.000233458 	2.16247e-05 	1
4.06619 	0.000553772 	3.92533e-05 	1
4.12845 	0.000196005 	1.84288e-05 	1
4.1907 	0.000461055 	3.52235e-05 	1
4.25295 	0.000249731 	2.349e-05 	1
4.31521 	0.000257179 	1.99044e-05 	1
4.37746 	0.000201618 	1.92858e-05 	1
4.50197 	0.000281709 	2.1637e-05 	1
4.56422 	0.000336546 	2.69743e-05 	1
4.62648 	0.000259917 	2.22693e-05 	1
4.68873 	0.000263735 	2.46463e-05 	1
4.75098 	0.000125435 	4.83902e-06 	2
4.81324 	0.000216512 	1.91915e-05 	1
4.87549 	0.00025593 	2.20093e-05 	1
4.93775 	0.000129134 	1.18188e-05 	1
5.0 	0.000248765 	1.95601e-05 	1
5.0625 	0.000181659 	1.50008e-05 	1
5.125 	0.000105767 	1.02878e-05 	1
5.25 	0.000392276 	2.75759e-05 	1
5.3125 	0.000385907 	2.87705e-05 	1
5.375 	0.000228415 	1.87325e-05 	1
5.4375 	0.000170272 	7.82985e-06 	2
5.5 	0.000345843 	2.67812e-05 	1
5.5625 	0.000231496 	2.06117e-05 	1
5.625 	0.000245536 	2.25896e-05 	1
5.6875 	0.000440887 	3.42823e-05 	1
5.75 	0.00030229 	2.20378e-05 	1
5.8125 	0.000327622 	2.46696e-05 	1
5.875 	0.000241554 	2.11413e-05 	1
5.9375 	0.000234127 	1.99208e-05 	1
6.0 	0.000390329 	3.01955e-05 	1
6.125 	0.000506948 	3.65365e-05 	1
6.1875 	0.000284211 	2.52969e-05 	1
6.25 	0.000193631 	1.92346e-05 	1
6.3125 	0.000201511 	1.73088e-05 	1
6.4375 	0.000388061 	2.97632e-05 	1
6.625 	0.000199425 	1.67171e-05 	1
6.6875 	0.000290683 	2.07832e-05 	1
6.75 	0.00027404 	2.32553e-05 	1
6.8125 	0.000251267 	2.05848e-05 	1
6.9375 	0.000223121 	2.06669e-05 	1
7.0 	0.000351083 	2.90265e-05 	1
7.0625 	0.000434794 	3.78227e-05 	1
7.125 	0.000233175 	1.91213e-05 	1
7.1875 	0.000181206 	1.58128e-05 	1
7.25 	0.000232633 	2.16583e-05 	1
7.4375 	0.000213102 	1.93874e-05 	1
7.5625 	0.000401227 	3.13488e-05 	1
7.625 	0.000104129 	2.63005e-06 	2
7.6875 	0.000393321 	3.48991e-05 	1
7.8125 	0.000242032 	2.08072e-05 	1
7.9375 	0.000349661 	2.8348e-05 	1
8.0 	0.000340939 	2.51613e-05 	1
8.0625 	0.000221683 	1.84096e-05 	1
8.125 	0.000116829 	1.08034e-05 	1
8.25 	0.00031225 	2.3475e-05 	1
8.3125 	0.000235063 	2.25575e-05 	1
8.375 	0.000355101 	2.83643e-05 	1
8.4375 	0.000238618 	1.99291e-05 	1
8.5 	0.000127462 	3.82779e-06 	2
8.5625 	0.000478592 	3.52289e-05 	1
8.625 	0.000238981 	2.2577e-05 	1
8.8125 	0.000498841 	3.57578e-05 	1
8.9375 	0.000409006 	3.22252e-05 	1
9.0 	0.0003051 	2.43674e-05 	1
9.0625 	0.000223489 	1.84033e-05 	1
9.125 	0.000253975 	2.3037e-05 	1
9.1875 	0.000298189 	2.45389e-05 	1
9.25 	0.000403545 	3.05366e-05 	1
9.3125 	0.000319611 	2.41466e-05 	1
9.375 	0.000466224 	3.59997e-05 	1
9.4375 	0.000358317 	2.83116e-05 	1
9.5625 	0.000296128 	2.36315e-05 	1
9.625 	0.00019145 	1.78061e-05 	1
9.6875 	0.000191405 	1.62093e-05 	1
9.75 	0.000419297 	3.14054e-05 	1
9.8125 	0.000342016 	2.93889e-05 	1
9.875 	0.00029708 	2.42438e-05 	1
9.9375 	0.000410271 	3.06618e-05 	1
10.0 	0.000159146 	1.38047e-05 	1
10.0625 	0.00027323 	2.22972e-05 	1
10.125 	0.000143908 	1.38738e-05 	1
10.1875 	0.000318408 	2.53207e-05 	1
10.3125 	0.000327282 	2.48505e-05 	1
10.375 	0.000263424 	2.27972e-05 	1
10.5 	0.000325163 	3.01026e-05 	1
10.5625 	0.000311631 	2.30465e-05 	1
10.625 	0.000255826 	2.2337e-05 	1
10.6875 	0.00033384 	2.7608e-05 	1
10.75 	0.000262089 	2.40757e-05 	1
10.8125 	0.000314386 	2.6535e-05 	1
10.875 	0.000272799 	2.05681e-05 	1
10.9375 	0.000271742 	2.01305e-05 	1
11.0 	0.000253862 	2.20646e-05 	1
11.0625 	0.000317977 	2.31348e-05 	1
11.125 	0.000133573 	1.08774e-05 	1
11.1875 	0.000218605 	1.74239e-05 	1
11.25 	0.000349212 	2.77635e-05 	1
11.375 	0.000441461 	3.24672e-05 	1
11.4375 	0.000203582 	1.86951e-05 	1
11.5 	0.000502135 	3.64458e-05 	1
11.5625 	0.000337557 	2.61969e-05 	1
11.625 	0.000317585 	2.57758e-05 	1
11.6875 	0.000324673 	2.82291e-05 	1
11.75 	0.000464554 	3.49927e-05 	1
11.8125 	0.000352971 	2.85379e-05 	1
11.875 	0.00012123 	1.12423e-05 	1
11.9375 	0.000132149 	4.80053e-06 	2
12.0 	0.000390716 	2.97878e-05 	1
12.0625 	0.000205607 	2.04135e-05 	1
12.125 	0.000296721 	2.52604e-05 	1
12.1875 	0.000162165 	1.45436e-05 	1
12.25 	0.000112295 	3.63912e-06 	2
12.3125 	0.000198002 	1.95554e-05 	1
12.375 	0.000468932 	3.33493e-05 	1
12.4375 	0.000324068 	2.70436e-05 	1
12.5625 	0.000308939 	2.8691e-05 	1
12.625 	0.000354531 	2.67946e-05 	1
12.6875 	0.000232523 	2.09335e-05 	1
12.75 	0.000229539 	2.08021e-05 	1
12.8125 	0.000298881 	2.27689e-05 	1
12.875 	0.000534115 	3.96443e-05 	1
13.0 	0.000419707 	3.20532e-05 	1
13.0625 	0.00040517 	3.05451e-05 	1
13.125 	0.000255143 	2.03634e-05 	1
13.1875 	0.000193419 	1.69007e-05 	1
13.25 	0.000369323 	2.98244e-05 	1
13.3125 	0.000131786 	1.25784e-05 	1
13.375 	0.000183709 	1.8024e-05 	1
13.4375 	0.000211661 	1.81081e-05 	1
13.5 	0.000156392 	4.33118e-06 	2
13.5625 	0.000585972 	4.28607e-05 	1
13.625 	0.000231099 	2.03208e-05 	1
13.6875 	0.000261819 	2.22658e-05 	1
13.8125 	0.000381349 	2.80608e-05 	1
14.0 	0.000370588 	2.85284e-05 	1
14.0625 	0.000234191 	1.76641e-05 	1
14.125 	0.000187161 	1.51755e-05 	1
14.1875 	0.000364136 	2.80356e-05 	1
14.3125 	0.000252983 	1.99688e-05 	1
14.375 	0.000199745 	1.61961e-05 	1
14.4375 	0.00018806 	1.67008e-05 	1
14.5 	0.000388114 	2.86286e-05 	1
14.5625 	0.000203872 	5.18065e-06 	2
14.625 	0.000332413 	2.48822e-05 	1
14.6875 	0.00048668 	3.58806e-05 	1
14.75 	0.000313846 	2.52498e-05 	1
14.8125 	0.000446234 	3.47811e-05 	1
14.875 	0.000249223 	2.00221e-05 	1
14.9375 	0.000285822 	2.49823e-05 	1
15.0 	0.000374952 	2.91097e-05 	1
15.1875 	0.000272283 	2.35417e-05 	1
15.25 	0.000468779 	3.59096e-05 	1
15.3125 	0.000331267 	2.63566e-05 	1
15.375 	0.000379225 	2.77614e-05 	1
15.4375 	0.000295817 	2.45278e-05 	1
15.5 	0.000304613 	2.55413e-05 	1
15.5625 	0.000429703 	3.23881e-05 	1
15.625 	0.000206673 	1.66943e-05 	1
15.75 	0.000318462 	2.35734e-05 	1
15.8125 	0.000291368 	2.4954e-05 	1
15.875 	0.000339375 	2.85374e-05 	1
15.9375 	0.000306732 	2.70783e-05 	1
16.0 	0.000252164 	2.12874e-05 	1
16.0625 	0.000193267 	1.50295e-05 	1
16.125 	0.000273063 	2.57516e-05 	1
16.1875 	0.000156164 	5.50181e-06 	2
16.25 	0.000335131 	3.14945e-05 	1
16.3125 	0.000192577 	1.7006e-05 	1
16.375 	0.000236792 	1.89619e-05 	1
16.4375 	0.000307836 	2.30998e-05 	1
16.5 	0.000265613 	2.32361e-05 	1
16.5625 	0.000154403 	1.49029e-05 	1
16.625 	0.000177044 	1.59729e-05 	1
16.6875 	0.000270171 	2.57621e-05 	1
16.75 	0.00014838 	1.26237e-05 	1
16.8125 	0.000369487 	2.92447e-05 	1
16.875 	0.000231731 	1.97989e-05 	1
16.9375 	0.000116498 	1.04499e-05 	1
17.1875 	0.000379558 	2.89682e-05 	1
17.25 	0.000216082 	6.01273e-06 	2
17.3125 	0.000287663 	2.3395e-05 	1
17.375 	0.000546842 	4.23378e-05 	1
17.4375 	0.000226281 	1.7264e-05 	1
17.5 	0.000172887 	1.44679e-05 	1
17.5625 	0.000326822 	2.6114e-05 	1
17.625 	0.000369729 	2.96561e-05 	1
17.6875 	0.000464409 	3.38884e-05 	1
17.75 	0.000285719 	2.18855e-05 	1
17.8125 	0.000247375 	2.18646e-05 	1
17.875 	0.000104935 	8.94744e-06 	1
17.9375 	0.000271173 	2.17671e-05 	1
18.0 	0.000198078 	1.71782e-05 	1
18.0625 	0.000204324 	6.25716e-06 	2
18.125 	0.000174519 	1.60366e-05 	1
18.1875 	0.000151745 	3.99966e-06 	2
18.25 	0.000159198 	5.9214e-06 	2
18.3125 	0.000265123 	2.00061e-05 	1
18.375 	0.000210124 	1.73805e-05 	1
18.4375 	0.000497639 	3.55302e-05 	1
18.5 	0.000392396 	2.86616e-05 	1
18.5625 	0.00032249 	2.35959e-05 	1
18.625 	0.00033829 	3.22038e-05 	1
18.75 	0.000283659 	2.31065e-05 	1
18.8125 	0.000149926 	1.43317e-05 	1
18.875 	0.000316766 	2.96256e-05 	1
18.9375 	0.000242639 	1.9251e-05 	1
19.125 	0.000329938 	2.45783e-05 	1
19.25 	0.000220839 	1.80721e-05 	1
19.3125 	0.00043114 	3.26873e-05 	1
19.375 	0.000171528 	1.40666e-05 	1
19.4375 	0.000351851 	2.78417e-05 	1
19.5 	0.000307821 	2.62225e-05 	1
19.625 	0.000299362 	2.34756e-05 	1
19.6875 	0.000374618 	2.90553e-05 	1
19.75 	0.000369597 	2.71291e-05 	1
19.875 	0.000315117 	2.84004e-05 	1
19.9375 	0.000242388 	1.8972e-05 	1
20.0 	0.00014168 	1.40606e-05 	1
20.0625 	0.000179366 	1.4575e-05 	1
20.125 	0.000350865 	3.24221e-05 	1
20.1875 	0.000407081 	3.56549e-05 	1
20.25 	0.000264609 	2.44654e-05 	1
20.3125 	0.000204392 	1.75758e-05 	1
20.375 	0.000203665 	1.59636e-05 	1
20.4375 	0.000247401 	2.08241e-05 	1
20.5 	0.000455224 	3.41445e-05 	1
20.5625 	0.00023472 	2.05762e-05 	1
20.625 	0.000233753 	2.30235e-05 	1
20.6875 	0.000191035 	1.74051e-05 	1
20.75 	0.00026254 	2.24882e-05 	1
20.8125 	0.000188538 	1.76533e-05 	1
20.875 	0.000220571 	1.71743e-05 	1
20.9375 	0.000314855 	2.26521e-05 	1
21.0 	0.000220146 	1.82439e-05 	1
21.0625 	0.000411466 	3.09235e-05 	1
21.1875 	0.000474588 	3.44962e-05 	1
21.3125 	0.000350495 	2.68574e-05 	1
21.375 	0.000176712 	5.70923e-06 	2
21.4375 	0.000174673 	1.63273e-05 	1
21.5 	0.000464494 	3.39808e-05 	1
21.5625 	0.000312468 	2.40679e-05 	1
21.625 	0.000274865 	2.14414e-05 	1
21.6875 	0.0002192 	1.65089e-05 	1
21.75 	0.000296258 	2.36031e-05 	1
21.8125 	0.000318637 	2.56016e-05 	1
21.875 	0.00028028 	2.28494e-05 	1
21.9375 	0.000331076 	2.83884e-05 	1
22.0 	0.000382672 	2.79314e-05 	1
22.0625 	0.000143867 	4.24382e-06 	2
22.125 	0.000140034 	5.7034e-06 	2
22.1875 	0.000212442 	1.86316e-05 	1
22.25 	0.000199721 	1.88679e-05 	1
22.3125 	0.000360546 	3.02627e-05 	1
22.375 	0.000328989 	2.50449e-05 	1
22.625 	0.000236025 	1.87628e-05 	1
22.6875 	0.00031401 	2.47745e-05 	1
22.75 	0.000114393 	3.55594e-06 	2
22.8125 	0.000514469 	3.78248e-05 	1
22.9375 	0.000219805 	1.88408e-05 	1
23.0 	0.000334858 	3.22188e-05 	1
23.0625 	0.000129058 	1.21351e-05 	1
23.125 	0.000321698 	2.73021e-05 	1
23.1875 	0.000436991 	3.22477e-05 	1
23.3125 	0.000216171 	1.84421e-05 	1
23.375 	0.000249683 	2.05296e-05 	1
23.4375 	0.000122912 	3.58498e-06 	2
23.5625 	0.000143221 	1.14611e-05 	1
23.6875 	0.00021698 	1.97477e-05 	1
23.75 	0.000178343 	1.43746e-05 	1
23.8125 	0.000197063 	1.5487e-05 	1
23.875 	0.000193473 	1.48255e-05 	1
23.9375 	0.000378952 	2.96449e-05 	1
24.0 	0.000368927 	2.8775e-05 	1
24.0625 	0.00020519 	1.61012e-05 	1
24.125 	0.000207607 	2.0029e-05 	1
24.1875 	0.00027328 	2.54533e-05 	1
24.3125 	0.000232879 	1.92527e-05 	1
24.375 	0.000373351 	2.97675e-05 	1
24.4375 	0.000273889 	2.15873e-05 	1
24.5 	0.000214109 	2.03249e-05 	1
24.5625 	0.000221057 	1.78749e-05 	1
24.625 	0.000122297 	2.92104e-06 	2
24.6875 	0.000452035 	3.21407e-05 	1
24.75 	0.000370435 	2.92775e-05 	1
24.8125 	0.000116375 	4.20105e-06 	2
24.9375 	8.65102e-05 	8.86333e-06 	1
25.0 	0.000197788 	1.721e-05 	1
25.0625 	0.000226383 	2.00434e-05 	1
25.125 	0.000302451 	2.77635e-05 	1
25.25 	0.000118518 	4.72403e-06 	2
25.3125 	0.000181953 	1.80511e-05 	1
25.375 	0.000121741 	1.18747e-05 	1
25.4375 	0.000115468 	3.5274e-06 	2
25.5 	0.000195327 	1.76642e-05 	1
25.5625 	0.000334216 	2.5463e-05 	1
25.625 	0.000543818 	4.21105e-05 	1
25.6875 	0.000280571 	2.50576e-05 	1
25.75 	0.000292595 	2.34286e-05 	1
25.8125 	0.000219115 	1.88152e-05 	1
25.875 	0.00036815 	3.48806e-05 	1
25.9375 	0.000381113 	2.95438e-05 	1
26.0 	0.000157327 	1.51774e-05 	1
26.0625 	0.000189533 	5.79668e-06 	2
26.125 	0.000201565 	1.75428e-05 	1
26.1875 	0.000114464 	4.99991e-06 	2
26.25 	0.000412393 	3.09729e-05 	1
26.3125 	0.000484949 	3.55918e-05 	1
26.375 	0.000245631 	2.15805e-05 	1
26.4375 	0.000348151 	2.65938e-05 	1
26.5 	0.000227435 	2.01905e-05 	1
26.5625 	0.000281646 	2.51632e-05 	1
26.625 	0.000482821 	3.63196e-05 	1
26.6875 	0.000152779 	5.42149e-06 	2
26.875 	0.000184113 	1.62392e-05 	1
26.9375 	0.000263479 	2.214e-05 	1
27.0 	0.000268265 	2.20377e-05 	1
27.0625 	0.000191314 	1.48377e-05 	1
27.125 	0.000326065 	2.51178e-05 	1
27.25 	0.000217681 	9.68848e-06 	2
27.3125 	0.000185399 	1.6567e-05 	1
27.375 	0.000525176 	4.0406e-05 	1
27.5 	0.000322466 	2.67533e-05 	1
27.5625 	0.000365088 	3.19634e-05 	1
27.625 	0.000205549 	9.08309e-06 	2
27.6875 	0.000349336 	3.07737e-05 	1
27.75 	0.0002144 	1.89422e-05 	1
27.8125 	0.000357227 	3.30427e-05 	1
27.875 	0.000202273 	1.86629e-05 	1
28.0 	0.000125686 	1.05528e-05 	1
28.0625 	0.000395465 	2.90294e-05 	1
28.125 	0.000110612 	4.26529e-06 	2
28.25 	9.57832e-05 	9.12758e-06 	1
28.3125 	0.000271283 	2.22172e-05 	1
28.375 	0.000351502 	2.63068e-05 	1
28.4375 	0.000162761 	1.51523e-05 	1
28.5 	0.000370641 	2.84178e-05 	1
28.625 	0.000181992 	1.62325e-05 	1
28.6875 	0.000213448 	1.8257e-05 	1
28.8125 	0.000281061 	2.54082e-05 	1
28.875 	0.000290307 	2.40908e-05 	1
28.9375 	0.000351138 	2.8152e-05 	1
29.0 	0.000285831 	2.26934e-05 	1
29.0625 	0.000279845 	2.37152e-05 	1
29.125 	0.000319537 	2.43222e-05 	1
29.1875 	0.000384462 	3.04473e-05 	1
29.25 	0.000204743 	1.82509e-05 	1
29.3125 	0.000499763 	3.76022e-05 	1
29.375 	0.000112028 	5.02254e-06 	2
29.4375 	0.000301391 	2.4093e-05 	1
29.5 	0.000283334 	2.66084e-05 	1
29.5625 	0.000305745 	2.42795e-05 	1
29.625 	0.000228331 	2.02818e-05 	1
29.6875 	0.000244369 	2.01551e-05 	1
29.75 	0.000433038 	3.37256e-05 	1
29.875 	0.000147214 	4.75678e-06 	2
29.9375 	0.000284564 	2.30825e-05 	1
30.0 	0.000209831 	1.88624e-05 	1
30.125 	0.000364823 	2.87275e-05 	1
30.1875 	0.000383789 	2.93936e-05 	1
30.25 	0.000232272 	2.06099e-05 	1
30.3125 	0.000203487 	1.78472e-05 	1
30.375 	0.000348222 	2.84258e-05 	1
30.4375 	0.000350877 	2.70223e-05 	1
30.5 	0.000154406 	1.25934e-05 	1
30.5625 	0.000408716 	3.00722e-05 	1
30.625 	0.000365641 	2.89736e-05 	1
30.6875 	0.0001593 	1.33295e-05 	1
30.75 	0.000383937 	3.13678e-05 	1
30.8125 	0.000326532 	2.79556e-05 	1
30.9375 	0.000217765 	2.08244e-05 	1
31.0 	0.000264263 	2.25465e-05 	1
31.125 	0.000145531 	5.13925e-06 	2
31.1875 	0.000246409 	2.08472e-05 	1
31.25 	0.000333087 	2.42879e-05 	1
31.3125 	0.000317535 	2.67521e-05 	1
31.375 	0.000328036 	2.54514e-05 	1
31.5 	0.00037199 	3.10102e-05 	1
31.5625 	0.000367484 	2.75154e-05 	1
31.625 	0.00042076 	3.28177e-05 	1
31.6875 	0.000184347 	1.66287e-05 	1
31.75 	0.00021657 	1.88078e-05 	1
31.8125 	0.000239415 	2.02023e-05 	1
31.875 	0.000378138 	3.09831e-05 	1
31.9375 	0.000210988 	1.81489e-05 	1
32.0 	0.000580785 	4.2893e-05 	1
32.0625 	0.000371123 	2.75949e-05 	1
32.125 	0.000397511 	3.11497e-05 	1
32.1875 	0.000263951 	2.51129e-05 	1
32.25 	0.00019901 	1.96682e-05 	1
32.3125 	0.000495809 	3.59247e-05 	1
32.375 	0.00028805 	2.15406e-05 	1
32.4375 	0.000321979 	2.54645e-05 	1
32.5 	0.000415108 	3.32391e-05 	1
32.625 	0.000358931 	2.78746e-05 	1
32.6875 	0.000285632 	2.24538e-05 	1
32.75 	0.000125918 	4.65217e-06 	2
32.8125 	0.000180476 	1.78418e-05 	1
32.875 	0.000229967 	2.1695e-05 	1
32.9375 	0.00033595 	2.82444e-05 	1
33.0 	0.000408351 	3.51381e-05 	1
33.0625 	0.000176699 	7.04386e-06 	2
33.125 	0.000128295 	1.12465e-05 	1
33.1875 	0.000166575 	1.47554e-05 	1
33.25 	0.000275936 	2.20643e-05 	1
33.3125 	0.000368036 	3.52729e-05 	1
33.375 	0.000420473 	3.18917e-05 	1
33.4375 	0.0002173 	1.77043e-05 	1
33.5 	0.000220614 	7.36241e-06 	2
33.625 	0.000358546 	2.8246e-05 	1
33.6875 	0.000173271 	1.54916e-05 	1
33.75 	0.000198956 	1.68852e-05 	1
33.8125 	0.000258299 	2.31824e-05 	1
33.875 	0.000277214 	2.42123e-05 	1
33.9375 	0.000230177 	1.81282e-05 	1
34.0625 	0.000167726 	1.43751e-05 	1
34.125 	0.000346715 	2.81312e-05 	1
34.1875 	0.000326712 	2.93679e-05 	1
34.25 	0.000225873 	1.93441e-05 	1
34.3125 	0.000196459 	1.87214e-05 	1
34.375 	0.000141572 	1.23022e-05 	1
34.4375 	0.000277305 	2.20572e-05 	1
34.5 	0.000301585 	2.40322e-05 	1
34.5625 	0.000378075 	2.81025e-05 	1
34.625 	0.000178079 	1.73969e-05 	1
34.6875 	0.000136452 	1.26998e-05 	1
34.75 	0.000355053 	2.87781e-05 	1
34.875 	0.000271772 	2.2972e-05 	1
34.9375 	0.000445468 	3.55864e-05 	1
35.0 	0.000258888 	2.00386e-05 	1
35.0625 	0.000173783 	1.34889e-05 	1
35.125 	0.000247037 	2.41259e-05 	1
35.25 	0.000390986 	2.81655e-05 	1
35.3125 	0.00032133 	2.68655e-05 	1
35.375 	0.00037312 	3.30078e-05 	1
35.5625 	0.000440424 	3.73602e-05 	1
35.625 	0.00049854 	3.59301e-05 	1
35.6875 	0.000451519 	3.41973e-05 	1
35.75 	0.000302666 	2.50131e-05 	1
35.8125 	0.000234407 	1.77661e-05 	1
35.875 	0.000169504 	4.49364e-06 	2
35.9375 	0.000133591 	3.508e-06 	2
36.0 	0.000370361 	2.82459e-05 	1
36.125 	0.000227907 	1.98228e-05 	1
36.25 	0.000295288 	2.80269e-05 	1
36.3125 	0.000210589 	1.77023e-05 	1
36.4375 	0.000410651 	3.15597e-05 	1
36.5 	0.000408446 	3.02966e-05 	1
36.5625 	0.000196823 	1.82941e-05 	1
36.625 	0.000345541 	2.48809e-05 	1
36.6875 	0.00050505 	3.9711e-05 	1
36.8125 	0.000390624 	2.86603e-05 	1
36.875 	0.000492863 	3.7821e-05 	1
36.9375 	0.000454534 	3.30882e-05 	1
37.0625 	0.000163655 	1.40106e-05 	1
37.125 	0.000246166 	2.01387e-05 	1
37.1875 	0.000148431 	1.32362e-05 	1
37.25 	0.000223091 	1.69312e-05 	1
37.3125 	0.000456802 	3.40113e-05 	1
37.375 	0.000366366 	2.8536e-05 	1
37.4375 	0.000402612 	3.34314e-05 	1
37.5 	0.000374036 	2.901e-05 	1
37.5625 	0.000362413 	2.80154e-05 	1
37.625 	0.000434709 	3.13539e-05 	1
37.75 	0.000166544 	1.33824e-05 	1
37.8125 	0.000249767 	1.78431e-05 	1
37.875 	0.000242039 	2.07958e-05 	1
37.9375 	0.000377592 	2.77365e-05 	1
38.0 	0.000209036 	1.73613e-05 	1
38.0625 	0.000326239 	2.58788e-05 	1
38.125 	0.000388238 	2.80418e-05 	1
38.1875 	0.000293842 	2.35424e-05 	1
38.25 	0.000472455 	3.46712e-05 	1
38.3125 	0.000223843 	1.95884e-05 	1
38.375 	0.000407346 	3.28565e-05 	1
38.4375 	0.000198701 	1.73648e-05 	1
38.5625 	0.000293339 	2.26001e-05 	1
38.6875 	0.00027736 	2.171e-05 	1
38.8125 	0.000208922 	1.58136e-05 	1
38.875 	0.000240171 	1.95059e-05 	1
38.9375 	0.000168427 	1.40052e-05 	1
39.0 	0.000378272 	2.90857e-05 	1
39.0625 	0.00036793 	2.81235e-05 	1
39.125 	0.000161753 	1.37422e-05 	1
39.1875 	0.000211534 	1.84011e-05 	1
39.25 	0.000222823 	1.94807e-05 	1
39.3125 	0.000144322 	1.38939e-05 	1
39.375 	0.000348 	2.74686e-05 	1
39.5 	0.000349054 	3.15368e-05 	1
39.5625 	0.000345514 	2.55485e-05 	1
39.625 	0.000211614 	1.73041e-05 	1
39.6875 	0.000317818 	2.54105e-05 	1
39.75 	0.000294356 	2.17722e-05 	1
39.8125 	0.000147205 	3.78745e-06 	2
39.875 	0.000343725 	2.58291e-05 	1
39.9375 	0.000293382 	2.75076e-05 	1
40.0 	0.000297411 	2.50631e-05 	1
40.0625 	0.000332341 	2.59045e-05 	1
40.125 	0.00023962 	2.00935e-05 	1
40.1875 	0.000276347 	2.01541e-05 	1
40.25 	0.000324531 	2.68366e-05 	1
40.3125 	0.000340226 	2.86147e-05 	1
40.4375 	0.000376617 	3.01088e-05 	1
40.5 	0.000276979 	2.0908e-05 	1
40.5625 	0.000539013 	3.96735e-05 	1
40.625 	0.000281619 	2.40277e-05 	1
40.8125 	0.000283252 	2.30173e-05 	1
40.875 	0.000345911 	2.57493e-05 	1
40.9375 	0.000295522 	2.36183e-05 	1
41.0 	0.000467889 	3.38666e-05 	1
41.125 	0.000346741 	2.93561e-05 	1
41.1875 	0.000150186 	1.41e-05 	1
41.25 	0.000336621 	2.45858e-05 	1
41.3125 	0.000406581 	3.12504e-05 	1
41.375 	0.000354194 	2.64787e-05 	1
41.4375 	0.000204956 	1.70607e-05 	1
41.5 	0.000168098 	1.40466e-05 	1
41.5625 	0.000114253 	4.09558e-06 	2
41.625 	0.000479528 	3.58819e-05 	1
41.6875 	0.00020775 	1.5049e-05 	1
41.8125 	0.000286174 	2.14044e-05 	1
41.875 	0.000321186 	2.44898e-05 	1
41.9375 	0.000205843 	1.62723e-05 	1
42.0 	0.000272667 	2.53646e-05 	1
42.125 	0.000321062 	2.47465e-05 	1
42.25 	0.000332948 	2.97952e-05 	1
42.375 	0.000478614 	3.44201e-05 	1
42.4375 	0.000539925 	4.22582e-05 	1
42.5 	0.000431168 	3.18901e-05 	1
42.5625 	9.90234e-05 	9.81024e-06 	1
42.625 	0.000144394 	4.1938e-06 	2
42.6875 	0.000318793 	2.54984e-05 	1
42.75 	0.000155882 	1.34651e-05 	1
42.8125 	0.000380341 	2.8502e-05 	1
42.875 	0.000437097 	3.13996e-05 	1
42.9375 	0.000394645 	3.3094e-05 	1
43.0 	0.000276058 	2.28898e-05 	1
43.0625 	0.000107102 	8.96333e-06 	1
43.125 	0.000240508 	1.94635e-05 	1
43.1875 	0.000607728 	4.40209e-05 	1
43.3125 	0.000406051 	3.04065e-05 	1
43.375 	0.000213862 	1.75285e-05 	1
43.4375 	0.000386325 	2.93535e-05 	1
43.5625 	0.000166639 	1.42357e-05 	1
43.6875 	0.000352198 	2.84851e-05 	1
43.75 	0.000176584 	8.69428e-06 	2
43.8125 	0.000235609 	1.99266e-05 	1
43.875 	0.000281744 	2.3701e-05 	1
43.9375 	0.000352282 	2.66067e-05 	1
44.0 	0.000179977 	1.37569e-05 	1
44.0625 	0.000157395 	1.44171e-05 	1
44.125 	0.000198521 	1.68388e-05 	1
44.1875 	0.000295678 	2.5948e-05 	1
44.25 	0.000366045 	2.93997e-05 	1
44.3125 	0.000303816 	2.19386e-05 	1
44.375 	0.000354105 	2.64724e-05 	1
44.4375 	0.000417861 	2.95896e-05 	1
44.5 	0.000395035 	2.97943e-05 	1
44.5625 	0.00017406 	1.54813e-05 	1
44.625 	0.000184655 	8.19619e-06 	2
44.6875 	0.000332035 	2.57229e-05 	1
44.75 	0.000295872 	2.60684e-05 	1
44.8125 	0.00026893 	2.09841e-05 	1
44.875 	0.000202649 	1.86102e-05 	1
44.9375 	0.000324086 	2.43637e-05 	1
45.0 	0.000228251 	2.13884e-05 	1
45.0625 	0.000422601 	3.23733e-05 	1
45.125 	0.00019466 	1.5964e-05 	1
45.1875 	0.000276405 	2.06883e-05 	1
45.25 	0.000216527 	1.85167e-05 	1
45.3125 	0.000375221 	2.7826e-05 	1
45.375 	0.000367996 	2.96652e-05 	1
45.5 	0.000263297 	2.05433e-05 	1
45.5625 	0.000243877 	1.90926e-05 	1
45.625 	0.000220858 	2.06332e-05 	1
45.6875 	0.000148776 	4.02445e-06 	2
45.75 	0.00030436 	2.62797e-05 	1
45.875 	0.000285677 	2.27904e-05 	1
45.9375 	0.000124564 	1.04657e-05 	1
46.0 	0.000481341 	3.63706e-05 	1
46.0625 	0.00029033 	2.40937e-05 	1
46.125 	0.000204051 	1.69916e-05 	1
46.3125 	0.000244608 	2.17688e-05 	1
46.375 	0.000195881 	1.64643e-05 	1
46.4375 	0.000341559 	2.697e-05 	1
46.5 	0.000178996 	4.52033e-06 	2
46.5625 	0.000122858 	1.1438e-05 	1
46.625 	0.000302874 	2.7203e-05 	1
46.6875 	0.00023017 	1.99489e-05 	1
46.75 	0.000441719 	3.41222e-05 	1
46.8125 	0.000392492 	2.94921e-05 	1
46.875 	0.00026389 	2.48141e-05 	1
47.0 	0.000183145 	1.4153e-05 	1
47.0625 	0.000473021 	3.67763e-05 	1
47.125 	0.000356012 	2.57539e-05 	1
47.1875 	0.000444134 	3.37545e-05 	1
47.25 	0.00030966 	2.29326e-05 	1
47.3125 	0.000214492 	1.93012e-05 	1
47.375 	0.000187581 	1.64089e-05 	1
47.4375 	0.000195721 	1.83989e-05 	1
47.5 	0.000300323 	2.67418e-05 	1
47.5625 	0.000419758 	3.26151e-05 	1
47.625 	0.000433234 	3.21616e-05 	1
47.6875 	0.000364251 	2.71718e-05 	1
47.8125 	0.000235544 	1.81924e-05 	1
47.875 	0.000335366 	2.58548e-05 	1
48.0 	0.000359576 	2.79678e-05 	1
48.0625 	0.000388791 	3.16448e-05 	1
48.125 	8.89192e-05 	9.19435e-06 	1
48.1875 	0.000189088 	1.67518e-05 	1
48.25 	0.000323945 	2.71061e-05 	1
48.3125 	0.00024917 	2.08985e-05 	1
48.375 	0.000278295 	2.5465e-05 	1
48.4375 	0.00014673 	5.23544e-06 	2
48.5 	0.000200417 	1.9631e-05 	1
48.5625 	0.000344456 	2.84127e-05 	1
48.75 	0.000188074 	1.62467e-05 	1
48.8125 	0.000144762 	5.47862e-06 	2
48.9375 	0.000281098 	2.35083e-05 	1
49.0 	0.000393098 	2.99601e-05 	1
49.125 	0.00015965 	4.45671e-06 	2
49.1875 	0.000393021 	3.17814e-05 	1
49.25 	0.000212509 	6.43748e-06 	2
49.3125 	0.000238516 	2.19106e-05 	1
49.375 	0.000138637 	1.32823e-05 	1
49.4375 	0.000223662 	1.96349e-05 	1
49.5 	0.000149873 	1.46164e-05 	1
49.5625 	0.000389637 	3.1312e-05 	1
49.625 	0.000263505 	2.31131e-05 	1
49.6875 	0.00055507 	4.10217e-05 	1
49.75 	0.000325209 	2.43248e-05 	1
50.0625 	0.000291813 	2.38164e-05 	1
50.125 	0.000225762 	2.12785e-05 	1
50.25 	0.00047361 	3.50861e-05 	1
50.3125 	0.0001858 	1.82809e-05 	1
50.375 	0.00011875 	9.97418e-06 	1
50.4375 	0.000186306 	1.66565e-05 	1
50.5 	0.000323184 	2.8067e-05 	1
50.5625 	0.000210894 	1.83362e-05 	1
50.625 	0.000373766 	2.88617e-05 	1
50.75 	0.000428897 	3.35654e-05 	1
50.8125 	0.000219703 	1.91918e-05 	1
50.875 	0.000221766 	1.94206e-05 	1
50.9375 	0.000140053 	3.70169e-06 	2
51.0 	0.000389461 	2.93695e-05 	1
51.0625 	0.000429369 	3.08772e-05 	1
51.125 	0.00023226 	2.03482e-05 	1
51.1875 	0.000327143 	2.43556e-05 	1
51.25 	0.000283382 	2.56083e-05 	1
51.3125 	0.000444418 	3.20002e-05 	1
51.375 	0.000238029 	1.83922e-05 	1
51.4375 	0.000205164 	1.9612e-05 	1
51.5 	0.000206966 	1.95681e-05 	1
51.5625 	0.000117225 	3.50816e-06 	2
51.625 	0.00020514 	1.68328e-05 	1
51.6875 	0.000579523 	4.90521e-05 	1
51.8125 	0.000277459 	2.38445e-05 	1
51.875 	0.000381834 	2.80959e-05 	1
52.0 	0.000284323 	2.49726e-05 	1
52.0625 	0.00040313 	3.0073e-05 	1
52.1875 	0.000198143 	1.84669e-05 	1
52.25 	0.000325022 	3.1131e-05 	1
52.3125 	0.00034271 	3.02084e-05 	1
52.375 	0.000147529 	1.46392e-05 	1
52.4375 	0.000263295 	2.35235e-05 	1
52.5 	0.000210032 	1.77853e-05 	1
52.5625 	0.000448554 	3.366e-05 	1
52.625 	0.000136731 	4.83859e-06 	2
52.6875 	0.00033871 	2.45578e-05 	1
52.75 	0.000244144 	2.06327e-05 	1
52.8125 	0.000482387 	3.63281e-05 	1
52.875 	0.000336488 	2.69264e-05 	1
52.9375 	0.000451824 	3.44289e-05 	1
53.0 	0.000178946 	6.34045e-06 	2
53.125 	0.000230188 	7.05279e-06 	2
53.1875 	0.000258379 	2.06741e-05 	1
53.25 	0.000214691 	1.7114e-05 	1
53.3125 	0.000372275 	3.23687e-05 	1
53.375 	0.000286134 	2.62692e-05 	1
53.5 	0.000308765 	2.51506e-05 	1
53.5625 	0.000412 	3.09419e-05 	1
53.625 	0.000262289 	2.0182e-05 	1
53.6875 	0.000292984 	2.61528e-05 	1
53.75 	0.000169541 	1.59292e-05 	1
53.8125 	0.00019908 	1.91848e-05 	1
53.875 	0.000450055 	3.23641e-05 	1
53.9375 	0.0002641 	2.42174e-05 	1
54.0 	0.000283948 	2.15769e-05 	1
54.0625 	0.000220422 	1.85878e-05 	1
54.125 	0.000265224 	2.00818e-05 	1
54.1875 	0.000382904 	2.86676e-05 	1
54.25 	0.000406391 	3.05413e-05 	1
54.3125 	0.000402239 	3.25778e-05 	1
54.375 	0.000290159 	2.21036e-05 	1
54.4375 	0.000143014 	5.18799e-06 	2
54.5 	0.000359741 	2.85945e-05 	1
54.625 	0.000325769 	3.12378e-05 	1
54.6875 	0.000215625 	1.76081e-05 	1
54.8125 	0.000164434 	1.52492e-05 	1
54.875 	0.000262378 	2.10669e-05 	1
54.9375 	0.00022665 	1.79228e-05 	1
55.0 	0.000366389 	2.90879e-05 	1
55.0625 	0.000337873 	2.67015e-05 	1
55.125 	0.000152459 	1.36981e-05 	1
55.1875 	0.000220475 	1.9505e-05 	1
55.3125 	0.000218323 	1.68121e-05 	1
55.4375 	0.000150803 	1.27113e-05 	1
55.5 	0.000350352 	2.72912e-05 	1
55.5625 	9.16424e-05 	8.30858e-06 	1
55.625 	0.000391739 	2.95136e-05 	1
55.6875 	0.000151279 	1.45318e-05 	1
55.75 	0.000355543 	2.65793e-05 	1
55.8125 	0.000452832 	3.3044e-05 	1
55.875 	0.000259693 	2.02834e-05 	1
55.9375 	0.0003327 	2.57204e-05 	1
56.0 	0.000216422 	1.79227e-05 	1
56.0625 	0.00025834 	1.98876e-05 	1
56.125 	0.0004636 	3.39717e-05 	1
56.1875 	0.000232776 	2.27928e-05 	1
56.25 	0.000337586 	2.70705e-05 	1
56.3125 	0.000230373 	2.00869e-05 	1
56.375 	0.000421317 	3.20864e-05 	1
56.4375 	0.000281427 	2.39689e-05 	1
56.5625 	0.000157309 	1.55739e-05 	1
56.625 	0.000361826 	2.63385e-05 	1
56.6875 	0.000181915 	1.4279e-05 	1
56.75 	0.000214387 	1.72612e-05 	1
56.8125 	0.000193788 	1.6825e-05 	1
56.875 	0.000273916 	2.52601e-05 	1
56.9375 	0.000181661 	1.57419e-05 	1
57.0 	0.000351701 	2.67018e-05 	1
57.0625 	0.000464754 	3.98732e-05 	1
57.125 	0.000262106 	2.09007e-05 	1
57.1875 	0.000249692 	2.25674e-05 	1
57.25 	0.000248072 	2.08655e-05 	1
57.3125 	0.000220739 	2.05527e-05 	1
57.375 	0.000274257 	2.33892e-05 	1
57.4375 	0.00030228 	2.34053e-05 	1
57.5 	0.000303346 	2.37904e-05 	1
57.5625 	0.000176834 	8.88696e-06 	2
57.625 	0.000311576 	2.42036e-05 	1
57.6875 	0.000174932 	1.40513e-05 	1
57.75 	0.000213263 	1.83803e-05 	1
57.8125 	0.00033388 	2.8326e-05 	1
57.9375 	0.0001844 	1.66242e-05 	1
58.0 	0.000332101 	2.63848e-05 	1
58.0625 	0.000244106 	2.30029e-05 	1
58.125 	0.000231679 	2.02294e-05 	1
58.1875 	0.000293381 	2.33142e-05 	1
58.25 	0.000132026 	3.85644e-06 	2
58.3125 	0.000271577 	2.42548e-05 	1
58.375 	0.000266282 	1.98395e-05 	1
58.4375 	0.000252108 	2.21689e-05 	1
58.5 	0.000199462 	1.60705e-05 	1
58.5625 	0.000425673 	3.14417e-05 	1
58.625 	0.000360976 	2.70834e-05 	1
58.6875 	0.000194498 	1.69009e-05 	1
58.8125 	0.000258506 	2.08392e-05 	1
58.875 	0.000385698 	3.06661e-05 	1
58.9375 	0.000174916 	1.66762e-05 	1
59.0 	0.000155926 	1.47687e-05 	1
59.0625 	0.000258023 	2.41165e-05 	1
59.125 	0.000202211 	1.81741e-05 	1
59.1875 	0.00017325 	1.46222e-05 	1
59.25 	0.000185203 	1.58787e-05 	1
59.3125 	0.000348778 	2.56788e-05 	1
59.375 	0.000107374 	3.72851e-06 	2
59.4375 	0.000340714 	2.72829e-05 	1
59.5 	0.000258898 	2.32851e-05 	1
59.5625 	0.00033612 	2.60792e-05 	1
59.6875 	0.000158761 	6.12346e-06 	2
59.8125 	0.00029504 	2.28402e-05 	1
59.875 	0.000305969 	2.3883e-05 	1
59.9375 	0.000172418 	1.5437e-05 	1
60.0 	0.000288418 	2.39862e-05 	1
60.0625 	0.000252744 	2.29742e-05 	1
60.125 	0.000166576 	1.66357e-05 	1
60.25 	9.37022e-05 	9.54997e-06 	1
60.375 	0.000113485 	9.95802e-06 	1
60.4375 	0.000417462 	3.04311e-05 	1
60.5 	0.00017781 	1.76585e-05 	1
60.5625 	0.000275074 	2.25779e-05 	1
60.625 	0.000215253 	1.8807e-05 	1
60.6875 	0.000280671 	2.09623e-05 	1
60.75 	0.00028838 	2.21504e-05 	1
60.8125 	0.000227527 	2.22404e-05 	1
60.875 	0.000232583 	2.04186e-05 	1
60.9375 	0.000260113 	1.96017e-05 	1
61.0 	0.000397447 	2.98996e-05 	1
61.0625 	0.000438725 	3.25008e-05 	1
61.125 	0.000432962 	3.16193e-05 	1
61.1875 	0.000368886 	2.87477e-05 	1
61.25 	0.000390809 	3.04163e-05 	1
61.3125 	0.000207265 	1.76625e-05 	1
61.375 	0.00021069 	8.96636e-06 	2
61.4375 	0.000224681 	2.03733e-05 	1
61.5 	0.000194045 	1.76817e-05 	1
61.625 	0.00020111 	1.98937e-05 	1
61.6875 	0.000357065 	3.1816e-05 	1
61.75 	0.000223591 	1.99769e-05 	1
61.8125 	0.000213833 	1.94935e-05 	1
61.875 	0.000323345 	2.67012e-05 	1
61.9375 	0.000273411 	2.05177e-05 	1
62.0 	0.000227689 	2.04869e-05 	1
62.125 	0.000335484 	2.72887e-05 	1
62.1875 	0.000286444 	2.10162e-05 	1
62.25 	0.00028543 	2.28131e-05 	1
62.3125 	0.000206796 	2.02801e-05 	1
62.375 	0.00040568 	3.00451e-05 	1
62.4375 	0.000645963 	4.7186e-05 	1
62.5 	0.000255039 	2.25042e-05 	1
62.5625 	0.000176865 	4.96923e-06 	2
62.6875 	0.000242338 	2.06191e-05 	1
62.75 	0.000333252 	3.15445e-05 	1
62.875 	0.000284354 	2.29039e-05 	1
62.9375 	0.000400191 	3.02961e-05 	1
63.0 	0.000429954 	3.16839e-05 	1
63.0625 	9.18317e-05 	8.60995e-06 	1
63.125 	0.000343985 	2.61303e-05 	1
63.25 	0.000269694 	2.05295e-05 	1
63.375 	0.000275537 	2.35867e-05 	1
63.4375 	0.000329916 	2.40436e-05 	1
63.5 	0.000408908 	3.49705e-05 	1
63.5625 	0.000192489 	1.68359e-05 	1
63.625 	0.00037177 	3.01011e-05 	1
63.8125 	0.000371004 	2.69671e-05 	1
63.875 	0.000170994 	1.69498e-05 	1
63.9375 	0.000253905 	2.20461e-05 	1
64.0 	0.000405563 	3.06838e-05 	1
64.0625 	0.000453284 	3.8605e-05 	1
64.125 	0.000324681 	2.60223e-05 	1
64.25 	0.000413204 	3.14556e-05 	1
64.3125 	0.000219604 	1.87948e-05 	1
64.4375 	0.000268103 	2.05886e-05 	1
64.5 	0.000264811 	2.01373e-05 	1
64.5625 	0.000211924 	1.80196e-05 	1
64.6875 	0.000396619 	3.68615e-05 	1
64.75 	0.00030267 	2.45137e-05 	1
64.8125 	0.000372734 	3.19985e-05 	1
64.875 	0.000177994 	7.19545e-06 	2
64.9375 	0.000229672 	1.99758e-05 	1
65.0 	0.00015486 	1.30677e-05 	1
65.0625 	0.000509517 	3.78553e-05 	1
65.125 	0.000176475 	1.59882e-05 	1
65.1875 	0.000342995 	2.69346e-05 	1
65.25 	0.000149881 	4.13699e-06 	2
65.5 	0.000379253 	2.85967e-05 	1
65.625 	0.000175087 	1.43702e-05 	1
65.6875 	0.000289981 	2.14799e-05 	1
65.75 	0.000330018 	3.16464e-05 	1
65.8125 	0.000176203 	1.60469e-05 	1
65.875 	0.00017241 	5.65826e-06 	2
65.9375 	0.000325753 	2.61685e-05 	1
66.0 	0.000333287 	3.10254e-05 	1
66.0625 	0.000327865 	3.16393e-05 	1
66.125 	9.12521e-05 	9.3389e-06 	1
66.1875 	0.000286163 	2.36851e-05 	1
66.25 	0.000188998 	1.78147e-05 	1
66.3125 	0.000484377 	3.82587e-05 	1
66.375 	0.000266311 	2.01561e-05 	1
66.4375 	0.000163937 	1.61916e-05 	1
66.5 	0.000206184 	1.9585e-05 	1
66.5625 	0.000113461 	1.0873e-05 	1
66.625 	0.000140217 	1.36789e-05 	1
66.75 	0.00033278 	3.19835e-05 	1
66.8125 	0.000324887 	2.5505e-05 	1
66.875 	0.000411029 	3.54979e-05 	1
66.9375 	0.000438374 	3.27071e-05 	1
67.0 	0.000460498 	3.90231e-05 	1
67.125 	0.000221511 	1.87056e-05 	1
67.1875 	0.000277194 	2.49071e-05 	1
67.25 	0.000306161 	2.79735e-05 	1
67.3125 	0.000442622 	3.57101e-05 	1
67.375 	0.000402424 	2.98834e-05 	1
67.4375 	0.000182466 	1.48246e-05 	1
67.5 	0.000416149 	3.05957e-05 	1
67.5625 	0.000109486 	3.86775e-06 	2
67.8125 	0.000393908 	3.17165e-05 	1
67.875 	0.000134789 	3.55045e-06 	2
67.9375 	0.000316301 	2.63699e-05 	1
68.0 	0.000230128 	2.19142e-05 	1
68.0625 	0.00044796 	3.32375e-05 	1
68.125 	0.000196647 	1.57504e-05 	1
68.1875 	0.000162166 	1.32438e-05 	1
68.25 	0.00010905 	1.01926e-05 	1
68.3125 	0.000238694 	2.21324e-05 	1
68.375 	0.000156437 	1.29339e-05 	1
68.4375 	0.000445918 	3.28702e-05 	1
68.5 	0.000142537 	1.32077e-05 	1
68.5625 	0.000217112 	1.84235e-05 	1
68.625 	0.000380321 	3.09236e-05 	1
68.6875 	0.000136287 	4.83724e-06 	2
68.75 	0.000325484 	2.50491e-05 	1
68.8125 	0.000256413 	2.0166e-05 	1
68.875 	0.000197252 	1.82281e-05 	1
68.9375 	0.000264973 	2.32073e-05 	1
69.0 	0.00023384 	1.77121e-05 	1
69.0625 	0.000199161 	1.92352e-05 	1
69.125 	0.000204424 	1.86154e-05 	1
69.1875 	0.000397227 	2.94565e-05 	1
69.25 	0.000135745 	5.18512e-06 	2
69.3125 	0.00021903 	1.98474e-05 	1
69.4375 	0.000314633 	2.43723e-05 	1
69.5 	0.000236663 	2.01773e-05 	1
69.5625 	0.000179211 	1.69394e-05 	1
69.625 	0.000230421 	2.25168e-05 	1
69.75 	0.000187527 	1.64657e-05 	1
69.8125 	0.000122807 	2.9909e-06 	2
69.875 	0.000172359 	6.17361e-06 	2
69.9375 	0.000148557 	3.75264e-06 	2
