# time 	Initial 	Final 	Iterations
0.333274 	8.67892e-05 	8.67892e-05 	0
0.579973 	8.06832e-05 	8.06832e-05 	0
0.642226 	4.70704e-05 	4.70704e-05 	0
0.70448 	9.22138e-05 	9.22138e-05 	0
0.766734 	6.90858e-05 	6.90858e-05 	0
0.828988 	8.76479e-05 	8.76479e-05 	0
1.01575 	8.42586e-05 	8.42586e-05 	0
1.26477 	9.48268e-05 	9.48268e-05 	0
1.38927 	9.45836e-05 	9.45836e-05 	0
1.45153 	9.2341e-05 	9.2341e-05 	0
1.51378 	8.08331e-05 	8.08331e-05 	0
1.57604 	9.63766e-05 	9.63766e-05 	0
1.7628 	6.75403e-05 	6.75403e-05 	0
1.8873 	7.43143e-05 	7.43143e-05 	0
1.94956 	8.60859e-05 	8.60859e-05 	0
2.07407 	6.29071e-05 	6.29071e-05 	0
2.19857 	8.94248e-05 	8.94248e-05 	0
2.26083 	9.367e-05 	9.367e-05 	0
2.32308 	5.47e-05 	5.47e-05 	0
2.38534 	5.36366e-05 	5.36366e-05 	0
2.44759 	3.728e-05 	3.728e-05 	0
2.63435 	5.05607e-05 	5.05607e-05 	0
2.69661 	9.8981e-05 	9.8981e-05 	0
2.88337 	5.89575e-05 	5.89575e-05 	0
2.94562 	9.95656e-05 	9.95656e-05 	0
3.07013 	8.2389e-05 	8.2389e-05 	0
3.13238 	7.1951e-05 	7.1951e-05 	0
3.19464 	9.41919e-05 	9.41919e-05 	0
3.25689 	8.68648e-05 	8.68648e-05 	0
3.31914 	7.06683e-05 	7.06683e-05 	0
3.3814 	7.37004e-05 	7.37004e-05 	0
3.44365 	9.41737e-05 	9.41737e-05 	0
3.50591 	6.43814e-05 	6.43814e-05 	0
3.56816 	7.92986e-05 	7.92986e-05 	0
3.69267 	7.137e-05 	7.137e-05 	0
3.75492 	0.000100186 	6.82348e-05 	1
3.81718 	8.76203e-05 	8.76203e-05 	0
3.87943 	8.43868e-05 	8.43868e-05 	0
4.00394 	8.74656e-05 	8.74656e-05 	0
4.06619 	7.04343e-05 	7.04343e-05 	0
4.12845 	9.85214e-05 	9.85214e-05 	0
4.1907 	7.88778e-05 	7.88778e-05 	0
4.25295 	8.55893e-05 	8.55893e-05 	0
4.31521 	4.62396e-05 	4.62396e-05 	0
4.37746 	9.47958e-05 	9.47958e-05 	0
4.50197 	9.19375e-05 	9.19375e-05 	0
4.56422 	6.46374e-05 	6.46374e-05 	0
4.62648 	6.27572e-05 	6.27572e-05 	0
4.68873 	6.85679e-05 	6.85679e-05 	0
4.81324 	7.81002e-05 	7.81002e-05 	0
4.87549 	9.93455e-05 	9.93455e-05 	0
4.93775 	3.05189e-05 	3.05189e-05 	0
5.0 	3.52341e-05 	3.52341e-05 	0
5.0625 	9.1637e-05 	9.1637e-05 	0
5.125 	7.20896e-05 	7.20896e-05 	0
5.25 	0.000100312 	5.63236e-05 	1
5.3125 	9.3979e-05 	9.3979e-05 	0
5.375 	9.85245e-05 	9.85245e-05 	0
5.5 	3.52781e-05 	3.52781e-05 	0
5.5625 	8.91523e-05 	8.91523e-05 	0
5.625 	6.98352e-05 	6.98352e-05 	0
5.6875 	7.18444e-05 	7.18444e-05 	0
5.75 	8.12781e-05 	8.12781e-05 	0
5.8125 	6.8844e-05 	6.8844e-05 	0
5.875 	5.60003e-05 	5.60003e-05 	0
5.9375 	9.71714e-05 	9.71714e-05 	0
6.0 	9.32306e-05 	9.32306e-05 	0
6.1875 	8.75443e-05 	8.75443e-05 	0
6.25 	9.26773e-05 	9.26773e-05 	0
6.4375 	3.73726e-05 	3.73726e-05 	0
6.75 	4.14862e-05 	4.14862e-05 	0
6.8125 	9.43257e-05 	9.43257e-05 	0
6.9375 	7.78148e-05 	7.78148e-05 	0
7.125 	9.18543e-05 	9.18543e-05 	0
7.1875 	9.32742e-05 	9.32742e-05 	0
7.25 	7.81633e-05 	7.81633e-05 	0
7.4375 	7.51601e-05 	7.51601e-05 	0
7.5625 	9.21637e-05 	9.21637e-05 	0
7.625 	6.94953e-05 	6.94953e-05 	0
7.6875 	9.39677e-05 	9.39677e-05 	0
7.8125 	7.56959e-05 	7.56959e-05 	0
7.9375 	3.25557e-05 	3.25557e-05 	0
8.0 	4.72744e-05 	4.72744e-05 	0
8.0625 	8.90868e-05 	8.90868e-05 	0
8.125 	6.7581e-05 	6.7581e-05 	0
8.25 	9.49271e-05 	9.49271e-05 	0
8.3125 	3.61672e-05 	3.61672e-05 	0
8.375 	5.80777e-05 	5.80777e-05 	0
8.4375 	9.64503e-05 	9.64503e-05 	0
8.5 	5.14429e-05 	5.14429e-05 	0
8.5625 	7.15789e-05 	7.15789e-05 	0
8.8125 	6.99987e-05 	6.99987e-05 	0
8.9375 	6.11987e-05 	6.11987e-05 	0
9.0 	8.98089e-05 	8.98089e-05 	0
9.0625 	4.71485e-05 	4.71485e-05 	0
9.1875 	7.44891e-05 	7.44891e-05 	0
9.25 	8.09091e-05 	8.09091e-05 	0
9.3125 	9.82885e-05 	9.82885e-05 	0
9.375 	6.6134e-05 	6.6134e-05 	0
9.4375 	7.24534e-05 	7.24534e-05 	0
9.5625 	7.55573e-05 	7.55573e-05 	0
9.625 	6.89031e-05 	6.89031e-05 	0
9.6875 	9.24643e-05 	9.24643e-05 	0
9.8125 	8.58683e-05 	8.58683e-05 	0
9.9375 	9.96874e-05 	9.96874e-05 	0
10.0 	8.08584e-05 	8.08584e-05 	0
10.0625 	9.95048e-05 	9.95048e-05 	0
10.1875 	8.39108e-05 	8.39108e-05 	0
10.3125 	4.81613e-05 	4.81613e-05 	0
10.625 	7.75888e-05 	7.75888e-05 	0
10.6875 	8.66058e-05 	8.66058e-05 	0
10.75 	2.63256e-05 	2.63256e-05 	0
10.8125 	8.67444e-05 	8.67444e-05 	0
10.875 	8.00272e-05 	8.00272e-05 	0
11.0 	7.3671e-05 	7.3671e-05 	0
11.0625 	7.78552e-05 	7.78552e-05 	0
11.1875 	9.27114e-05 	9.27114e-05 	0
11.4375 	7.94233e-05 	7.94233e-05 	0
11.5625 	9.31273e-05 	9.31273e-05 	0
11.625 	9.7858e-05 	9.7858e-05 	0
11.6875 	7.8719e-05 	7.8719e-05 	0
11.75 	7.49891e-05 	7.49891e-05 	0
11.8125 	5.4848e-05 	5.4848e-05 	0
11.875 	6.91635e-05 	6.91635e-05 	0
11.9375 	3.95503e-05 	3.95503e-05 	0
12.0 	5.49686e-05 	5.49686e-05 	0
12.0625 	8.7194e-05 	8.7194e-05 	0
12.1875 	8.27586e-05 	8.27586e-05 	0
12.25 	9.10975e-05 	9.10975e-05 	0
12.3125 	9.01654e-05 	9.01654e-05 	0
12.375 	9.25348e-05 	9.25348e-05 	0
12.625 	7.93355e-05 	7.93355e-05 	0
12.6875 	8.43115e-05 	8.43115e-05 	0
12.8125 	4.3492e-05 	4.3492e-05 	0
12.875 	0.000107496 	6.81956e-05 	1
13.0 	5.34595e-05 	5.34595e-05 	0
13.0625 	4.44452e-05 	4.44452e-05 	0
13.1875 	5.17259e-05 	5.17259e-05 	0
13.25 	9.86005e-05 	9.86005e-05 	0
13.375 	5.09444e-05 	5.09444e-05 	0
13.4375 	5.68424e-05 	5.68424e-05 	0
13.5 	8.62936e-05 	8.62936e-05 	0
13.5625 	9.28143e-05 	9.28143e-05 	0
13.625 	7.15357e-05 	7.15357e-05 	0
13.6875 	4.4314e-05 	4.4314e-05 	0
14.0 	9.1887e-05 	9.1887e-05 	0
14.0625 	5.17208e-05 	5.17208e-05 	0
14.125 	9.67904e-05 	9.67904e-05 	0
14.1875 	6.2241e-05 	6.2241e-05 	0
14.3125 	6.73275e-05 	6.73275e-05 	0
14.375 	9.84148e-05 	9.84148e-05 	0
14.4375 	6.88044e-05 	6.88044e-05 	0
14.5 	7.74836e-05 	7.74836e-05 	0
14.625 	9.50065e-05 	9.50065e-05 	0
14.6875 	3.49153e-05 	3.49153e-05 	0
14.75 	8.99831e-05 	8.99831e-05 	0
14.8125 	9.5258e-05 	9.5258e-05 	0
14.9375 	8.7418e-05 	8.7418e-05 	0
15.0 	8.33686e-05 	8.33686e-05 	0
15.1875 	6.94815e-05 	6.94815e-05 	0
15.25 	9.23965e-05 	9.23965e-05 	0
15.3125 	9.42971e-05 	9.42971e-05 	0
15.375 	5.9483e-05 	5.9483e-05 	0
15.4375 	8.68123e-05 	8.68123e-05 	0
15.5 	8.45397e-05 	8.45397e-05 	0
15.5625 	7.37428e-05 	7.37428e-05 	0
15.75 	8.79727e-05 	8.79727e-05 	0
15.8125 	9.97934e-05 	9.97934e-05 	0
15.875 	6.02158e-05 	6.02158e-05 	0
15.9375 	5.28352e-05 	5.28352e-05 	0
16.0 	8.32515e-05 	8.32515e-05 	0
16.0625 	9.91668e-05 	9.91668e-05 	0
16.125 	6.99981e-05 	6.99981e-05 	0
16.1875 	9.73804e-05 	9.73804e-05 	0
16.25 	5.35567e-05 	5.35567e-05 	0
16.3125 	8.74276e-05 	8.74276e-05 	0
16.375 	9.1014e-05 	9.1014e-05 	0
16.4375 	9.64596e-05 	9.64596e-05 	0
16.5 	7.74272e-05 	7.74272e-05 	0
16.625 	9.02243e-05 	9.02243e-05 	0
16.6875 	3.42022e-05 	3.42022e-05 	0
16.75 	8.13852e-05 	8.13852e-05 	0
16.8125 	8.66808e-05 	8.66808e-05 	0
16.875 	4.0959e-05 	4.0959e-05 	0
16.9375 	4.26843e-05 	4.26843e-05 	0
17.25 	9.77559e-05 	9.77559e-05 	0
17.3125 	3.29579e-05 	3.29579e-05 	0
17.375 	7.54388e-05 	7.54388e-05 	0
17.4375 	9.83556e-05 	9.83556e-05 	0
17.5 	8.05222e-05 	8.05222e-05 	0
17.5625 	5.08558e-05 	5.08558e-05 	0
17.625 	5.83301e-05 	5.83301e-05 	0
17.6875 	9.87578e-05 	9.87578e-05 	0
17.75 	8.25802e-05 	8.25802e-05 	0
18.0 	7.59896e-05 	7.59896e-05 	0
18.0625 	9.41676e-05 	9.41676e-05 	0
18.125 	5.11189e-05 	5.11189e-05 	0
18.1875 	4.11867e-05 	4.11867e-05 	0
18.25 	8.62759e-05 	8.62759e-05 	0
18.375 	7.95392e-05 	7.95392e-05 	0
18.4375 	9.23036e-05 	9.23036e-05 	0
18.5625 	6.17665e-05 	6.17665e-05 	0
18.625 	6.52523e-05 	6.52523e-05 	0
18.75 	8.79737e-05 	8.79737e-05 	0
18.8125 	7.13446e-05 	7.13446e-05 	0
18.875 	9.50088e-05 	9.50088e-05 	0
18.9375 	9.91505e-05 	9.91505e-05 	0
19.125 	9.64012e-05 	9.64012e-05 	0
19.25 	8.98615e-05 	8.98615e-05 	0
19.4375 	7.52061e-05 	7.52061e-05 	0
19.5 	8.97743e-05 	8.97743e-05 	0
19.625 	9.83438e-05 	9.83438e-05 	0
19.6875 	7.09666e-05 	7.09666e-05 	0
19.75 	7.91869e-05 	7.91869e-05 	0
19.9375 	7.78575e-05 	7.78575e-05 	0
20.0 	5.67893e-05 	5.67893e-05 	0
20.0625 	5.51694e-05 	5.51694e-05 	0
20.125 	9.87194e-05 	9.87194e-05 	0
20.1875 	9.39668e-05 	9.39668e-05 	0
20.25 	9.334e-05 	9.334e-05 	0
20.375 	8.99726e-05 	8.99726e-05 	0
20.4375 	9.39143e-05 	9.39143e-05 	0
20.5 	4.48367e-05 	4.48367e-05 	0
20.5625 	9.27664e-05 	9.27664e-05 	0
20.625 	4.35194e-05 	4.35194e-05 	0
20.6875 	8.28771e-05 	8.28771e-05 	0
20.75 	8.53952e-05 	8.53952e-05 	0
21.0 	8.10086e-05 	8.10086e-05 	0
21.0625 	8.40319e-05 	8.40319e-05 	0
21.1875 	8.35838e-05 	8.35838e-05 	0
21.3125 	4.68569e-05 	4.68569e-05 	0
21.375 	9.69082e-05 	9.69082e-05 	0
21.5625 	9.30046e-05 	9.30046e-05 	0
21.625 	0.000106939 	5.75996e-05 	1
21.6875 	9.23455e-05 	9.23455e-05 	0
21.75 	3.72579e-05 	3.72579e-05 	0
21.8125 	7.5172e-05 	7.5172e-05 	0
21.875 	9.54786e-05 	9.54786e-05 	0
21.9375 	7.86661e-05 	7.86661e-05 	0
22.125 	8.55104e-05 	8.55104e-05 	0
22.1875 	8.73496e-05 	8.73496e-05 	0
22.25 	3.02413e-05 	3.02413e-05 	0
22.3125 	9.90787e-05 	9.90787e-05 	0
22.375 	7.44539e-05 	7.44539e-05 	0
22.8125 	8.98635e-05 	8.98635e-05 	0
22.9375 	3.84621e-05 	3.84621e-05 	0
23.0 	9.89673e-05 	9.89673e-05 	0
23.125 	8.6008e-05 	8.6008e-05 	0
23.1875 	8.31699e-05 	8.31699e-05 	0
23.3125 	5.60982e-05 	5.60982e-05 	0
23.375 	7.73138e-05 	7.73138e-05 	0
23.4375 	4.35947e-05 	4.35947e-05 	0
23.6875 	9.86849e-05 	9.86849e-05 	0
23.75 	6.24826e-05 	6.24826e-05 	0
23.8125 	7.03118e-05 	7.03118e-05 	0
23.875 	7.76767e-05 	7.76767e-05 	0
24.0 	5.643e-05 	5.643e-05 	0
24.0625 	8.28774e-05 	8.28774e-05 	0
24.125 	7.04e-05 	7.04e-05 	0
24.3125 	7.84463e-05 	7.84463e-05 	0
24.375 	8.82033e-05 	8.82033e-05 	0
24.4375 	0.000105037 	6.76353e-05 	1
24.5625 	3.17045e-05 	3.17045e-05 	0
24.625 	8.60571e-05 	8.60571e-05 	0
24.6875 	8.53595e-05 	8.53595e-05 	0
24.75 	7.43226e-05 	7.43226e-05 	0
24.8125 	9.17667e-05 	9.17667e-05 	0
25.0 	4.92906e-05 	4.92906e-05 	0
25.0625 	9.48013e-05 	9.48013e-05 	0
25.125 	8.69555e-05 	8.69555e-05 	0
25.25 	8.03551e-05 	8.03551e-05 	0
25.3125 	4.58648e-05 	4.58648e-05 	0
25.625 	3.23682e-05 	3.23682e-05 	0
25.6875 	4.56651e-05 	4.56651e-05 	0
25.75 	5.131e-05 	5.131e-05 	0
25.8125 	0.000110462 	5.26572e-05 	1
25.875 	6.12675e-05 	6.12675e-05 	0
25.9375 	7.28537e-05 	7.28537e-05 	0
26.0 	7.93183e-05 	7.93183e-05 	0
26.0625 	5.06322e-05 	5.06322e-05 	0
26.125 	7.25382e-05 	7.25382e-05 	0
26.25 	7.00104e-05 	7.00104e-05 	0
26.3125 	4.24729e-05 	4.24729e-05 	0
26.375 	7.48484e-05 	7.48484e-05 	0
26.4375 	7.61495e-05 	7.61495e-05 	0
26.5 	8.74019e-05 	8.74019e-05 	0
26.5625 	9.80046e-05 	9.80046e-05 	0
26.625 	8.54371e-05 	8.54371e-05 	0
26.6875 	8.91219e-05 	8.91219e-05 	0
26.875 	7.99585e-05 	7.99585e-05 	0
26.9375 	7.49327e-05 	7.49327e-05 	0
27.0 	5.68711e-05 	5.68711e-05 	0
27.25 	6.862e-05 	6.862e-05 	0
27.3125 	6.66553e-05 	6.66553e-05 	0
27.375 	8.21406e-05 	8.21406e-05 	0
27.5 	7.12702e-05 	7.12702e-05 	0
27.5625 	5.98289e-05 	5.98289e-05 	0
27.625 	7.47408e-05 	7.47408e-05 	0
27.6875 	9.80733e-05 	9.80733e-05 	0
27.75 	4.39543e-05 	4.39543e-05 	0
27.8125 	7.32637e-05 	7.32637e-05 	0
27.875 	8.96039e-05 	8.96039e-05 	0
28.0 	8.49309e-05 	8.49309e-05 	0
28.0625 	9.23754e-05 	9.23754e-05 	0
28.125 	8.91516e-05 	8.91516e-05 	0
28.3125 	6.83849e-05 	6.83849e-05 	0
28.4375 	6.9417e-05 	6.9417e-05 	0
28.5 	7.40251e-05 	7.40251e-05 	0
28.625 	3.98786e-05 	3.98786e-05 	0
28.6875 	6.8553e-05 	6.8553e-05 	0
28.8125 	7.91756e-05 	7.91756e-05 	0
28.875 	5.65249e-05 	5.65249e-05 	0
28.9375 	8.00598e-05 	8.00598e-05 	0
29.0 	7.1528e-05 	7.1528e-05 	0
29.0625 	6.81055e-05 	6.81055e-05 	0
29.125 	6.52672e-05 	6.52672e-05 	0
29.1875 	7.45531e-05 	7.45531e-05 	0
29.25 	7.71566e-05 	7.71566e-05 	0
29.375 	4.72904e-05 	4.72904e-05 	0
29.4375 	6.76002e-05 	6.76002e-05 	0
29.5 	6.7353e-05 	6.7353e-05 	0
29.625 	9.56577e-05 	9.56577e-05 	0
29.6875 	9.77678e-05 	9.77678e-05 	0
29.75 	7.34899e-05 	7.34899e-05 	0
29.9375 	9.74241e-05 	9.74241e-05 	0
30.125 	8.15269e-05 	8.15269e-05 	0
30.1875 	8.50833e-05 	8.50833e-05 	0
30.25 	4.07589e-05 	4.07589e-05 	0
30.3125 	8.40186e-05 	8.40186e-05 	0
30.375 	7.31111e-05 	7.31111e-05 	0
30.4375 	3.1158e-05 	3.1158e-05 	0
30.5 	9.47023e-05 	9.47023e-05 	0
30.5625 	7.0428e-05 	7.0428e-05 	0
30.6875 	6.38163e-05 	6.38163e-05 	0
30.8125 	3.58775e-05 	3.58775e-05 	0
30.9375 	7.65439e-05 	7.65439e-05 	0
31.1875 	8.00308e-05 	8.00308e-05 	0
31.25 	8.003e-05 	8.003e-05 	0
31.375 	6.66435e-05 	6.66435e-05 	0
31.5 	9.78026e-05 	9.78026e-05 	0
31.625 	6.94722e-05 	6.94722e-05 	0
31.75 	9.61834e-05 	9.61834e-05 	0
31.8125 	9.61913e-05 	9.61913e-05 	0
31.875 	8.81191e-05 	8.81191e-05 	0
32.0 	8.23401e-05 	8.23401e-05 	0
32.125 	7.01505e-05 	7.01505e-05 	0
32.1875 	9.61815e-05 	9.61815e-05 	0
32.25 	6.52517e-05 	6.52517e-05 	0
32.3125 	6.64967e-05 	6.64967e-05 	0
32.4375 	8.38455e-05 	8.38455e-05 	0
32.5 	9.49283e-05 	9.49283e-05 	0
32.625 	7.11167e-05 	7.11167e-05 	0
32.6875 	9.30274e-05 	9.30274e-05 	0
32.75 	3.86959e-05 	3.86959e-05 	0
32.8125 	6.13432e-05 	6.13432e-05 	0
32.875 	4.51751e-05 	4.51751e-05 	0
33.0 	8.21474e-05 	8.21474e-05 	0
33.0625 	8.06259e-05 	8.06259e-05 	0
33.125 	6.89744e-05 	6.89744e-05 	0
33.1875 	3.72043e-05 	3.72043e-05 	0
33.25 	9.97985e-05 	9.97985e-05 	0
33.3125 	9.97418e-05 	9.97418e-05 	0
33.375 	8.96291e-05 	8.96291e-05 	0
33.4375 	6.61143e-05 	6.61143e-05 	0
33.625 	7.53449e-05 	7.53449e-05 	0
33.6875 	9.06485e-05 	9.06485e-05 	0
33.75 	9.9357e-05 	9.9357e-05 	0
33.875 	6.12195e-05 	6.12195e-05 	0
33.9375 	9.16292e-05 	9.16292e-05 	0
34.0625 	8.24751e-05 	8.24751e-05 	0
34.125 	5.68208e-05 	5.68208e-05 	0
34.1875 	6.12826e-05 	6.12826e-05 	0
34.25 	8.95336e-05 	8.95336e-05 	0
34.3125 	6.29137e-05 	6.29137e-05 	0
34.375 	7.46914e-05 	7.46914e-05 	0
34.4375 	5.0025e-05 	5.0025e-05 	0
34.5 	4.31629e-05 	4.31629e-05 	0
34.5625 	7.81166e-05 	7.81166e-05 	0
34.625 	8.80727e-05 	8.80727e-05 	0
34.6875 	4.52235e-05 	4.52235e-05 	0
34.875 	5.5788e-05 	5.5788e-05 	0
34.9375 	6.70865e-05 	6.70865e-05 	0
35.0625 	0.000102655 	6.80576e-05 	1
35.125 	7.84478e-05 	7.84478e-05 	0
35.25 	8.97007e-05 	8.97007e-05 	0
35.3125 	9.14686e-05 	9.14686e-05 	0
35.375 	6.16727e-05 	6.16727e-05 	0
35.5625 	8.89147e-05 	8.89147e-05 	0
35.625 	8.25874e-05 	8.25874e-05 	0
35.6875 	6.13228e-05 	6.13228e-05 	0
35.75 	7.29345e-05 	7.29345e-05 	0
35.8125 	5.148e-05 	5.148e-05 	0
35.875 	6.95479e-05 	6.95479e-05 	0
35.9375 	8.04711e-05 	8.04711e-05 	0
36.0 	9.50527e-05 	9.50527e-05 	0
36.125 	4.26027e-05 	4.26027e-05 	0
36.25 	6.7162e-05 	6.7162e-05 	0
36.4375 	6.43971e-05 	6.43971e-05 	0
36.5 	8.92438e-05 	8.92438e-05 	0
36.5625 	7.11904e-05 	7.11904e-05 	0
36.625 	5.77642e-05 	5.77642e-05 	0
36.8125 	7.93246e-05 	7.93246e-05 	0
36.875 	7.11035e-05 	7.11035e-05 	0
37.0625 	8.9399e-05 	8.9399e-05 	0
37.125 	8.50259e-05 	8.50259e-05 	0
37.1875 	9.1002e-05 	9.1002e-05 	0
37.25 	6.61676e-05 	6.61676e-05 	0
37.3125 	7.91356e-05 	7.91356e-05 	0
37.375 	4.79909e-05 	4.79909e-05 	0
37.4375 	3.65493e-05 	3.65493e-05 	0
37.5 	8.95676e-05 	8.95676e-05 	0
37.5625 	9.83724e-05 	9.83724e-05 	0
37.75 	8.9368e-05 	8.9368e-05 	0
37.8125 	2.77522e-05 	2.77522e-05 	0
37.9375 	9.3448e-05 	9.3448e-05 	0
38.0 	9.05769e-05 	9.05769e-05 	0
38.0625 	7.60157e-05 	7.60157e-05 	0
38.125 	6.27292e-05 	6.27292e-05 	0
38.1875 	8.83368e-05 	8.83368e-05 	0
38.25 	9.55654e-05 	9.55654e-05 	0
38.3125 	9.79127e-05 	9.79127e-05 	0
38.4375 	8.44793e-05 	8.44793e-05 	0
38.5625 	8.62585e-05 	8.62585e-05 	0
38.6875 	7.27989e-05 	7.27989e-05 	0
38.8125 	4.62167e-05 	4.62167e-05 	0
38.875 	8.65952e-05 	8.65952e-05 	0
38.9375 	6.89695e-05 	6.89695e-05 	0
39.0 	8.81624e-05 	8.81624e-05 	0
39.0625 	3.62884e-05 	3.62884e-05 	0
39.125 	7.09487e-05 	7.09487e-05 	0
39.1875 	6.16991e-05 	6.16991e-05 	0
39.25 	6.39599e-05 	6.39599e-05 	0
39.3125 	9.20542e-05 	9.20542e-05 	0
39.5 	0.000111089 	6.91517e-05 	1
39.5625 	8.91763e-05 	8.91763e-05 	0
39.625 	8.23256e-05 	8.23256e-05 	0
39.6875 	9.86296e-05 	9.86296e-05 	0
39.75 	9.15478e-05 	9.15478e-05 	0
39.8125 	7.76882e-05 	7.76882e-05 	0
39.875 	7.32837e-05 	7.32837e-05 	0
39.9375 	8.74957e-05 	8.74957e-05 	0
40.0 	4.02611e-05 	4.02611e-05 	0
40.125 	7.08726e-05 	7.08726e-05 	0
40.25 	8.4941e-05 	8.4941e-05 	0
40.3125 	8.85201e-05 	8.85201e-05 	0
40.4375 	7.84953e-05 	7.84953e-05 	0
40.5 	5.73047e-05 	5.73047e-05 	0
40.5625 	0.000105979 	6.98688e-05 	1
40.625 	8.63215e-05 	8.63215e-05 	0
40.8125 	6.37586e-05 	6.37586e-05 	0
40.9375 	3.58677e-05 	3.58677e-05 	0
41.125 	9.58782e-05 	9.58782e-05 	0
41.1875 	0.000111831 	6.07718e-05 	1
41.25 	8.59591e-05 	8.59591e-05 	0
41.3125 	3.14588e-05 	3.14588e-05 	0
41.4375 	8.40485e-05 	8.40485e-05 	0
41.5 	8.41019e-05 	8.41019e-05 	0
41.5625 	4.12572e-05 	4.12572e-05 	0
41.6875 	0.000103366 	7.2058e-05 	1
41.8125 	4.64372e-05 	4.64372e-05 	0
41.875 	3.98465e-05 	3.98465e-05 	0
41.9375 	3.80942e-05 	3.80942e-05 	0
42.0 	6.09298e-05 	6.09298e-05 	0
42.25 	9.90222e-05 	9.90222e-05 	0
42.5 	9.31468e-05 	9.31468e-05 	0
42.6875 	7.45777e-05 	7.45777e-05 	0
42.8125 	6.53352e-05 	6.53352e-05 	0
42.875 	0.000103721 	7.36797e-05 	1
42.9375 	7.60285e-05 	7.60285e-05 	0
43.0 	8.91375e-05 	8.91375e-05 	0
43.0625 	9.57008e-05 	9.57008e-05 	0
43.1875 	8.3658e-05 	8.3658e-05 	0
43.3125 	4.48604e-05 	4.48604e-05 	0
43.375 	8.2577e-05 	8.2577e-05 	0
43.6875 	9.76057e-05 	9.76057e-05 	0
43.75 	6.18283e-05 	6.18283e-05 	0
43.8125 	9.36221e-05 	9.36221e-05 	0
43.9375 	8.40222e-05 	8.40222e-05 	0
44.0 	4.07759e-05 	4.07759e-05 	0
44.0625 	5.86055e-05 	5.86055e-05 	0
44.125 	5.63258e-05 	5.63258e-05 	0
44.1875 	4.14117e-05 	4.14117e-05 	0
44.25 	7.17341e-05 	7.17341e-05 	0
44.3125 	5.32137e-05 	5.32137e-05 	0
44.375 	9.47664e-05 	9.47664e-05 	0
44.4375 	9.39591e-05 	9.39591e-05 	0
44.5625 	8.63194e-05 	8.63194e-05 	0
44.625 	6.05047e-05 	6.05047e-05 	0
44.6875 	5.84284e-05 	5.84284e-05 	0
44.75 	3.96092e-05 	3.96092e-05 	0
44.8125 	9.65918e-05 	9.65918e-05 	0
44.875 	3.69358e-05 	3.69358e-05 	0
44.9375 	7.83479e-05 	7.83479e-05 	0
45.0 	4.44327e-05 	4.44327e-05 	0
45.0625 	6.23564e-05 	6.23564e-05 	0
45.1875 	8.9226e-05 	8.9226e-05 	0
45.3125 	9.47297e-05 	9.47297e-05 	0
45.5 	9.63527e-05 	9.63527e-05 	0
45.625 	4.62356e-05 	4.62356e-05 	0
45.6875 	6.71263e-05 	6.71263e-05 	0
45.75 	7.70819e-05 	7.70819e-05 	0
45.9375 	8.99372e-05 	8.99372e-05 	0
46.0 	0.000108305 	6.17851e-05 	1
46.0625 	8.32662e-05 	8.32662e-05 	0
46.3125 	0.000103933 	7.15428e-05 	1
46.375 	0.000110741 	6.65269e-05 	1
46.5625 	9.12913e-05 	9.12913e-05 	0
46.625 	3.55056e-05 	3.55056e-05 	0
46.6875 	9.68839e-05 	9.68839e-05 	0
46.75 	4.24995e-05 	4.24995e-05 	0
46.8125 	9.28307e-05 	9.28307e-05 	0
46.875 	9.31721e-05 	9.31721e-05 	0
47.0 	9.11171e-05 	9.11171e-05 	0
47.0625 	0.000106451 	5.19744e-05 	1
47.125 	7.97836e-05 	7.97836e-05 	0
47.1875 	8.49581e-05 	8.49581e-05 	0
47.25 	7.80525e-05 	7.80525e-05 	0
47.375 	6.45442e-05 	6.45442e-05 	0
47.5 	9.43835e-05 	9.43835e-05 	0
47.5625 	7.54736e-05 	7.54736e-05 	0
47.625 	9.28614e-05 	9.28614e-05 	0
47.6875 	7.69478e-05 	7.69478e-05 	0
47.8125 	8.84635e-05 	8.84635e-05 	0
48.0 	9.99194e-05 	9.99194e-05 	0
48.0625 	9.31524e-05 	9.31524e-05 	0
48.1875 	8.28686e-05 	8.28686e-05 	0
48.25 	8.8375e-05 	8.8375e-05 	0
48.3125 	3.67072e-05 	3.67072e-05 	0
48.4375 	4.74925e-05 	4.74925e-05 	0
48.5 	5.46755e-05 	5.46755e-05 	0
48.5625 	4.00451e-05 	4.00451e-05 	0
48.75 	4.62519e-05 	4.62519e-05 	0
48.8125 	3.9102e-05 	3.9102e-05 	0
48.9375 	9.9256e-05 	9.9256e-05 	0
49.0 	5.62267e-05 	5.62267e-05 	0
49.125 	8.6635e-05 	8.6635e-05 	0
49.1875 	3.56688e-05 	3.56688e-05 	0
49.25 	4.38028e-05 	4.38028e-05 	0
49.3125 	8.43131e-05 	8.43131e-05 	0
49.375 	7.15963e-05 	7.15963e-05 	0
49.4375 	5.98433e-05 	5.98433e-05 	0
49.5 	9.07992e-05 	9.07992e-05 	0
49.5625 	4.26922e-05 	4.26922e-05 	0
49.625 	9.7668e-05 	9.7668e-05 	0
49.6875 	9.86273e-05 	9.86273e-05 	0
49.75 	8.27877e-05 	8.27877e-05 	0
50.0625 	6.68394e-05 	6.68394e-05 	0
50.125 	9.58647e-05 	9.58647e-05 	0
50.25 	8.73432e-05 	8.73432e-05 	0
50.3125 	8.75995e-05 	8.75995e-05 	0
50.375 	0.000101102 	6.56989e-05 	1
50.4375 	0.000102051 	6.94236e-05 	1
50.5625 	7.63288e-05 	7.63288e-05 	0
50.625 	8.84658e-05 	8.84658e-05 	0
50.75 	9.94734e-05 	9.94734e-05 	0
50.8125 	6.53632e-05 	6.53632e-05 	0
50.875 	8.02477e-05 	8.02477e-05 	0
50.9375 	5.8887e-05 	5.8887e-05 	0
51.0 	9.12782e-05 	9.12782e-05 	0
51.0625 	8.7743e-05 	8.7743e-05 	0
51.125 	9.32668e-05 	9.32668e-05 	0
51.1875 	9.4017e-05 	9.4017e-05 	0
51.25 	5.53799e-05 	5.53799e-05 	0
51.3125 	6.47147e-05 	6.47147e-05 	0
51.375 	9.65096e-05 	9.65096e-05 	0
51.4375 	0.000100772 	6.4298e-05 	1
51.5 	9.83773e-05 	9.83773e-05 	0
51.5625 	3.13713e-05 	3.13713e-05 	0
51.625 	8.2339e-05 	8.2339e-05 	0
51.6875 	9.94589e-05 	9.94589e-05 	0
51.8125 	6.74731e-05 	6.74731e-05 	0
51.875 	9.67366e-05 	9.67366e-05 	0
52.0 	7.44022e-05 	7.44022e-05 	0
52.0625 	5.71417e-05 	5.71417e-05 	0
52.1875 	9.84597e-05 	9.84597e-05 	0
52.3125 	9.63339e-05 	9.63339e-05 	0
52.375 	9.76249e-05 	9.76249e-05 	0
52.5 	8.65912e-05 	8.65912e-05 	0
52.625 	9.60791e-05 	9.60791e-05 	0
52.6875 	6.55003e-05 	6.55003e-05 	0
52.75 	6.52158e-05 	6.52158e-05 	0
52.8125 	7.17733e-05 	7.17733e-05 	0
52.875 	8.34572e-05 	8.34572e-05 	0
52.9375 	9.50214e-05 	9.50214e-05 	0
53.125 	9.86628e-05 	9.86628e-05 	0
53.1875 	6.27686e-05 	6.27686e-05 	0
53.25 	8.91986e-05 	8.91986e-05 	0
53.3125 	7.006e-05 	7.006e-05 	0
53.375 	3.77363e-05 	3.77363e-05 	0
53.5 	9.90323e-05 	9.90323e-05 	0
53.5625 	9.65295e-05 	9.65295e-05 	0
53.625 	4.35792e-05 	4.35792e-05 	0
53.6875 	9.17133e-05 	9.17133e-05 	0
53.75 	4.15007e-05 	4.15007e-05 	0
53.8125 	9.23922e-05 	9.23922e-05 	0
53.875 	9.02965e-05 	9.02965e-05 	0
54.0 	6.8892e-05 	6.8892e-05 	0
54.0625 	5.67256e-05 	5.67256e-05 	0
54.1875 	7.28928e-05 	7.28928e-05 	0
54.25 	8.76996e-05 	8.76996e-05 	0
54.3125 	9.60763e-05 	9.60763e-05 	0
54.375 	9.91419e-05 	9.91419e-05 	0
54.4375 	8.62826e-05 	8.62826e-05 	0
54.6875 	9.40536e-05 	9.40536e-05 	0
54.8125 	8.45426e-05 	8.45426e-05 	0
54.875 	6.18743e-05 	6.18743e-05 	0
54.9375 	6.90983e-05 	6.90983e-05 	0
55.0 	7.90887e-05 	7.90887e-05 	0
55.0625 	9.80496e-05 	9.80496e-05 	0
55.125 	9.13581e-05 	9.13581e-05 	0
55.3125 	8.62462e-05 	8.62462e-05 	0
55.4375 	7.22716e-05 	7.22716e-05 	0
55.5 	5.48631e-05 	5.48631e-05 	0
55.625 	7.70778e-05 	7.70778e-05 	0
55.6875 	8.98733e-05 	8.98733e-05 	0
55.75 	9.95911e-05 	9.95911e-05 	0
55.875 	9.1706e-05 	9.1706e-05 	0
55.9375 	5.11639e-05 	5.11639e-05 	0
56.0 	5.86879e-05 	5.86879e-05 	0
56.0625 	5.00616e-05 	5.00616e-05 	0
56.3125 	4.19403e-05 	4.19403e-05 	0
56.375 	3.10166e-05 	3.10166e-05 	0
56.4375 	8.40268e-05 	8.40268e-05 	0
56.5625 	0.000102307 	6.75673e-05 	1
56.6875 	8.15824e-05 	8.15824e-05 	0
56.75 	8.03543e-05 	8.03543e-05 	0
56.8125 	7.14831e-05 	7.14831e-05 	0
56.9375 	7.15178e-05 	7.15178e-05 	0
57.0 	8.7918e-05 	8.7918e-05 	0
57.0625 	8.71729e-05 	8.71729e-05 	0
57.1875 	9.26555e-05 	9.26555e-05 	0
57.25 	7.29656e-05 	7.29656e-05 	0
57.3125 	6.83262e-05 	6.83262e-05 	0
57.375 	9.99886e-05 	9.99886e-05 	0
57.4375 	5.36723e-05 	5.36723e-05 	0
57.5 	9.06075e-05 	9.06075e-05 	0
57.5625 	3.94852e-05 	3.94852e-05 	0
57.625 	9.77148e-05 	9.77148e-05 	0
57.6875 	7.25597e-05 	7.25597e-05 	0
57.75 	7.17854e-05 	7.17854e-05 	0
57.8125 	8.73687e-05 	8.73687e-05 	0
58.0 	9.33341e-05 	9.33341e-05 	0
58.0625 	9.79181e-05 	9.79181e-05 	0
58.125 	5.68105e-05 	5.68105e-05 	0
58.1875 	9.2018e-05 	9.2018e-05 	0
58.25 	8.94576e-05 	8.94576e-05 	0
58.3125 	6.74083e-05 	6.74083e-05 	0
58.4375 	3.59884e-05 	3.59884e-05 	0
58.5625 	4.98909e-05 	4.98909e-05 	0
58.625 	8.61815e-05 	8.61815e-05 	0
58.6875 	5.30651e-05 	5.30651e-05 	0
58.8125 	4.45346e-05 	4.45346e-05 	0
58.875 	8.33974e-05 	8.33974e-05 	0
58.9375 	8.13947e-05 	8.13947e-05 	0
59.0 	6.95783e-05 	6.95783e-05 	0
59.125 	8.09056e-05 	8.09056e-05 	0
59.25 	8.26166e-05 	8.26166e-05 	0
59.3125 	9.21948e-05 	9.21948e-05 	0
59.375 	8.95981e-05 	8.95981e-05 	0
59.4375 	7.6564e-05 	7.6564e-05 	0
59.5 	7.7036e-05 	7.7036e-05 	0
59.6875 	8.42205e-05 	8.42205e-05 	0
59.8125 	6.48798e-05 	6.48798e-05 	0
59.875 	9.14161e-05 	9.14161e-05 	0
59.9375 	7.69056e-05 	7.69056e-05 	0
60.0625 	8.3744e-05 	8.3744e-05 	0
60.125 	9.80101e-05 	9.80101e-05 	0
60.375 	8.3437e-05 	8.3437e-05 	0
60.4375 	6.34659e-05 	6.34659e-05 	0
60.5625 	9.55296e-05 	9.55296e-05 	0
60.625 	5.99195e-05 	5.99195e-05 	0
60.75 	5.49584e-05 	5.49584e-05 	0
60.8125 	9.57714e-05 	9.57714e-05 	0
60.875 	8.06492e-05 	8.06492e-05 	0
61.0 	9.60517e-05 	9.60517e-05 	0
61.125 	9.82139e-05 	9.82139e-05 	0
61.1875 	8.39794e-05 	8.39794e-05 	0
61.25 	7.43891e-05 	7.43891e-05 	0
61.3125 	8.57628e-05 	8.57628e-05 	0
61.375 	3.48691e-05 	3.48691e-05 	0
61.4375 	6.03558e-05 	6.03558e-05 	0
61.5 	8.48827e-05 	8.48827e-05 	0
61.625 	7.16948e-05 	7.16948e-05 	0
61.6875 	0.000104429 	6.89803e-05 	1
61.8125 	9.6182e-05 	9.6182e-05 	0
61.875 	8.72403e-05 	8.72403e-05 	0
61.9375 	5.65334e-05 	5.65334e-05 	0
62.0 	9.41673e-05 	9.41673e-05 	0
62.125 	5.53911e-05 	5.53911e-05 	0
62.1875 	4.99303e-05 	4.99303e-05 	0
62.25 	8.69807e-05 	8.69807e-05 	0
62.375 	7.67964e-05 	7.67964e-05 	0
62.5 	7.13811e-05 	7.13811e-05 	0
62.5625 	8.73581e-05 	8.73581e-05 	0
62.75 	6.17764e-05 	6.17764e-05 	0
62.875 	8.52828e-05 	8.52828e-05 	0
62.9375 	7.95205e-05 	7.95205e-05 	0
63.0 	7.80925e-05 	7.80925e-05 	0
63.125 	9.96585e-05 	9.96585e-05 	0
63.25 	0.000103258 	4.60405e-05 	1
63.4375 	5.9335e-05 	5.9335e-05 	0
63.5625 	9.64176e-05 	9.64176e-05 	0
63.8125 	7.53397e-05 	7.53397e-05 	0
63.9375 	6.77097e-05 	6.77097e-05 	0
64.0 	9.01449e-05 	9.01449e-05 	0
64.0625 	8.84124e-05 	8.84124e-05 	0
64.25 	6.57323e-05 	6.57323e-05 	0
64.4375 	5.78947e-05 	5.78947e-05 	0
64.5625 	9.40949e-05 	9.40949e-05 	0
64.6875 	9.70001e-05 	9.70001e-05 	0
64.75 	6.21318e-05 	6.21318e-05 	0
64.8125 	4.4105e-05 	4.4105e-05 	0
64.875 	5.86305e-05 	5.86305e-05 	0
64.9375 	6.19012e-05 	6.19012e-05 	0
65.0 	4.00664e-05 	4.00664e-05 	0
65.0625 	9.88476e-05 	9.88476e-05 	0
65.125 	6.07003e-05 	6.07003e-05 	0
65.25 	8.00046e-05 	8.00046e-05 	0
65.5 	5.86939e-05 	5.86939e-05 	0
65.625 	7.82838e-05 	7.82838e-05 	0
65.8125 	8.30709e-05 	8.30709e-05 	0
65.9375 	7.06484e-05 	7.06484e-05 	0
66.0 	7.65597e-05 	7.65597e-05 	0
66.0625 	9.09233e-05 	9.09233e-05 	0
66.1875 	0.000107294 	4.55824e-05 	1
66.25 	7.74596e-05 	7.74596e-05 	0
66.3125 	7.47723e-05 	7.47723e-05 	0
66.375 	9.8027e-05 	9.8027e-05 	0
66.5 	6.66987e-05 	6.66987e-05 	0
66.75 	0.000100715 	6.73183e-05 	1
66.8125 	7.3858e-05 	7.3858e-05 	0
66.875 	5.44719e-05 	5.44719e-05 	0
66.9375 	9.90284e-05 	9.90284e-05 	0
67.0 	8.59294e-05 	8.59294e-05 	0
67.1875 	9.21941e-05 	9.21941e-05 	0
67.25 	9.92031e-05 	9.92031e-05 	0
67.375 	8.24924e-05 	8.24924e-05 	0
67.4375 	3.55798e-05 	3.55798e-05 	0
67.5 	8.11571e-05 	8.11571e-05 	0
67.8125 	9.67687e-05 	9.67687e-05 	0
67.875 	7.64065e-05 	7.64065e-05 	0
67.9375 	7.27794e-05 	7.27794e-05 	0
68.0 	8.38095e-05 	8.38095e-05 	0
68.0625 	6.47494e-05 	6.47494e-05 	0
68.125 	9.595e-05 	9.595e-05 	0
68.1875 	4.58849e-05 	4.58849e-05 	0
68.3125 	8.25095e-05 	8.25095e-05 	0
68.375 	9.48041e-05 	9.48041e-05 	0
68.4375 	8.59145e-05 	8.59145e-05 	0
68.5625 	2.67384e-05 	2.67384e-05 	0
68.625 	8.3012e-05 	8.3012e-05 	0
68.6875 	5.89468e-05 	5.89468e-05 	0
68.75 	7.32017e-05 	7.32017e-05 	0
68.8125 	9.20773e-05 	9.20773e-05 	0
68.9375 	8.19506e-05 	8.19506e-05 	0
69.0625 	0.000116227 	6.85396e-05 	1
69.125 	4.50921e-05 	4.50921e-05 	0
69.1875 	5.98323e-05 	5.98323e-05 	0
69.25 	8.67544e-05 	8.67544e-05 	0
69.3125 	6.49512e-05 	6.49512e-05 	0
69.4375 	6.30889e-05 	6.30889e-05 	0
69.5 	3.61755e-05 	3.61755e-05 	0
69.625 	8.08846e-05 	8.08846e-05 	0
69.75 	9.59852e-05 	9.59852e-05 	0
69.8125 	9.44547e-05 	9.44547e-05 	0
69.875 	9.93748e-05 	9.93748e-05 	0
69.9375 	6.61183e-05 	6.61183e-05 	0
