# time 	Local 	Global 	Cumulative
0.135784 	2.23327e-06 	1.31058e-09 	4.40654e-09
0.162808 	1.62105e-06 	-2.3836e-09 	8.79083e-09
0.194015 	2.48807e-06 	1.71927e-08 	-2.35159e-08
0.229096 	3.19875e-06 	-2.37987e-08 	1.48024e-08
0.267263 	3.45358e-06 	-2.10029e-08 	-9.15829e-08
0.304529 	2.96391e-06 	1.98822e-08 	-2.27155e-07
0.340928 	2.27764e-06 	-8.62416e-09 	-7.06364e-08
0.377044 	1.70376e-06 	-2.76135e-08 	-9.55748e-08
0.412881 	2.14702e-06 	-7.34919e-08 	-3.14136e-07
0.448718 	3.69516e-06 	-2.20882e-08 	-5.37718e-07
0.484275 	1.41501e-06 	-4.57616e-09 	-5.6475e-07
0.519281 	2.81835e-06 	3.16995e-08 	-6.34643e-07
0.554015 	1.78342e-06 	-3.4819e-09 	-7.74146e-07
0.58848 	2.50828e-06 	7.17306e-08 	-8.20463e-07
0.622678 	1.54091e-06 	-7.85544e-09 	-7.9359e-07
