# time 	Initial 	Final 	Iterations
0.0152319 	6.9302e-05 	6.9302e-05 	0
0.0182788 	9.23494e-05 	9.23494e-05 	0
0.0219337 	3.54098e-05 	3.54098e-05 	0
0.0263197 	9.01247e-05 	9.01247e-05 	0
0.0315829 	8.32054e-05 	8.32054e-05 	0
0.037896 	6.11738e-05 	6.11738e-05 	0
0.0454717 	2.89568e-05 	2.89568e-05 	0
0.0545626 	7.30419e-05 	7.30419e-05 	0
0.0654797 	3.61295e-05 	3.61295e-05 	0
0.0785686 	5.09823e-05 	5.09823e-05 	0
0.094292 	5.52248e-05 	5.52248e-05 	0
0.11316 	5.19684e-05 	5.19684e-05 	0
0.135784 	8.16973e-05 	8.16973e-05 	0
0.162808 	7.55363e-05 	7.55363e-05 	0
0.194015 	7.10852e-05 	7.10852e-05 	0
0.229096 	0.000114676 	1.93524e-05 	1
0.267263 	0.000213288 	3.40052e-05 	1
0.304529 	0.000179661 	2.89663e-05 	1
0.340928 	0.000103839 	1.5346e-05 	1
0.377044 	8.92159e-05 	8.92159e-05 	0
0.412881 	7.52949e-05 	7.52949e-05 	0
0.448718 	6.79717e-05 	6.79717e-05 	0
0.484275 	6.44033e-05 	6.44033e-05 	0
0.519281 	0.000112226 	1.69533e-05 	1
0.554015 	0.000119814 	1.6651e-05 	1
0.58848 	0.000115688 	1.25717e-05 	1
0.622678 	9.82718e-05 	9.82718e-05 	0
0.656876 	8.41078e-05 	8.41078e-05 	0
0.691073 	8.662e-05 	8.662e-05 	0
0.725271 	7.73241e-05 	7.73241e-05 	0
0.759469 	7.32019e-05 	7.32019e-05 	0
0.793393 	5.05044e-05 	5.05044e-05 	0
0.827318 	4.10903e-05 	4.10903e-05 	0
0.86152 	9.19865e-05 	9.19865e-05 	0
0.895722 	0.000123822 	1.30649e-05 	1
0.929924 	0.000112341 	1.19454e-05 	1
0.964127 	0.000122321 	1.10752e-05 	1
0.998329 	8.55677e-05 	8.55677e-05 	0
1.03253 	9.94909e-05 	9.94909e-05 	0
1.06673 	6.78212e-05 	6.78212e-05 	0
1.10094 	0.000135876 	1.45006e-05 	1
1.13514 	4.81246e-05 	4.81246e-05 	0
1.16934 	0.000113971 	1.13337e-05 	1
1.20354 	0.00011534 	1.41334e-05 	1
1.23775 	5.38548e-05 	5.38548e-05 	0
1.27195 	0.000108901 	1.27046e-05 	1
1.30615 	0.000124297 	9.52518e-06 	1
1.34035 	9.32515e-05 	9.32515e-05 	0
1.37455 	0.000152413 	2.529e-05 	1
