# time 	Initial 	Final 	Iterations
1.2e-06 	8.37887e-05 	8.37887e-05 	0
2.64e-06 	6.31881e-05 	6.31881e-05 	0
4.368e-06 	7.24207e-05 	7.24207e-05 	0
6.4416e-06 	9.85317e-05 	9.85317e-05 	0
8.92992e-06 	4.97969e-05 	4.97969e-05 	0
1.19159e-05 	4.538e-05 	4.538e-05 	0
1.54991e-05 	4.95824e-05 	4.95824e-05 	0
1.97989e-05 	9.49037e-05 	9.49037e-05 	0
2.49587e-05 	7.65655e-05 	7.65655e-05 	0
3.11504e-05 	4.65991e-05 	4.65991e-05 	0
3.85805e-05 	4.05692e-05 	4.05692e-05 	0
4.74965e-05 	3.8081e-05 	3.8081e-05 	0
5.81958e-05 	3.94507e-05 	3.94507e-05 	0
7.1035e-05 	3.10786e-05 	3.10786e-05 	0
8.6442e-05 	2.95965e-05 	2.95965e-05 	0
0.00010493 	9.79503e-05 	9.79503e-05 	0
0.000127116 	2.85889e-05 	2.85889e-05 	0
0.00015374 	9.39333e-05 	9.39333e-05 	0
0.000185688 	9.73559e-05 	9.73559e-05 	0
0.000224025 	9.70733e-05 	9.70733e-05 	0
0.00027003 	2.18897e-05 	2.18897e-05 	0
0.000325236 	2.67247e-05 	2.67247e-05 	0
0.000391483 	2.38457e-05 	2.38457e-05 	0
0.00047098 	2.10802e-05 	2.10802e-05 	0
0.000566376 	2.29028e-05 	2.29028e-05 	0
0.00068085 	2.35682e-05 	2.35682e-05 	0
0.000818221 	2.28404e-05 	2.28404e-05 	0
0.000983063 	2.42313e-05 	2.42313e-05 	0
0.00118087 	2.20754e-05 	2.20754e-05 	0
0.00141824 	2.74665e-05 	2.74665e-05 	0
0.0017031 	2.27309e-05 	2.27309e-05 	0
0.00204491 	4.93428e-05 	4.93428e-05 	0
0.00245508 	4.09246e-05 	4.09246e-05 	0
0.0029473 	5.06374e-05 	5.06374e-05 	0
0.00353797 	5.84554e-05 	5.84554e-05 	0
0.00424679 	5.22431e-05 	5.22431e-05 	0
0.00509742 	8.67346e-05 	8.67346e-05 	0
0.00611825 	2.85405e-05 	2.85405e-05 	0
0.00734314 	5.06181e-05 	5.06181e-05 	0
0.00881286 	6.31748e-05 	6.31748e-05 	0
0.0105765 	4.45222e-05 	4.45222e-05 	0
0.0126925 	5.4932e-05 	5.4932e-05 	0
0.0152319 	6.99093e-05 	6.99093e-05 	0
0.0182788 	9.31279e-05 	9.31279e-05 	0
0.0219337 	3.31189e-05 	3.31189e-05 	0
0.0263197 	9.03442e-05 	9.03442e-05 	0
0.0315829 	7.63458e-05 	7.63458e-05 	0
0.037896 	5.46074e-05 	5.46074e-05 	0
0.0454717 	9.37103e-05 	9.37103e-05 	0
0.0545626 	5.55139e-05 	5.55139e-05 	0
0.0654797 	7.30932e-05 	7.30932e-05 	0
0.0785686 	9.57592e-05 	9.57592e-05 	0
0.094292 	4.77423e-05 	4.77423e-05 	0
0.11316 	9.74267e-05 	9.74267e-05 	0
0.135784 	4.51415e-05 	4.51415e-05 	0
0.162808 	8.28645e-05 	8.28645e-05 	0
0.194015 	4.16483e-05 	4.16483e-05 	0
0.229096 	5.87802e-05 	5.87802e-05 	0
0.267263 	8.04379e-05 	8.04379e-05 	0
0.304529 	7.32797e-05 	7.32797e-05 	0
0.340928 	5.88985e-05 	5.88985e-05 	0
0.377044 	5.17811e-05 	5.17811e-05 	0
0.412881 	4.82195e-05 	4.82195e-05 	0
0.448718 	4.35832e-05 	4.35832e-05 	0
0.484275 	3.89103e-05 	3.89103e-05 	0
0.519281 	8.86123e-05 	8.86123e-05 	0
0.554015 	9.58799e-05 	9.58799e-05 	0
0.58848 	9.04666e-05 	9.04666e-05 	0
0.622678 	8.27707e-05 	8.27707e-05 	0
0.656876 	7.25857e-05 	7.25857e-05 	0
0.691073 	4.7159e-05 	4.7159e-05 	0
0.725271 	4.05555e-05 	4.05555e-05 	0
0.759469 	3.73826e-05 	3.73826e-05 	0
0.793393 	4.04443e-05 	4.04443e-05 	0
0.827318 	3.94053e-05 	3.94053e-05 	0
0.86152 	3.88091e-05 	3.88091e-05 	0
0.895722 	9.54391e-05 	9.54391e-05 	0
0.929924 	8.64515e-05 	8.64515e-05 	0
0.964127 	5.54043e-05 	5.54043e-05 	0
0.998329 	3.88463e-05 	3.88463e-05 	0
1.03253 	5.8402e-05 	5.8402e-05 	0
1.06673 	4.58404e-05 	4.58404e-05 	0
1.10094 	5.68841e-05 	5.68841e-05 	0
1.13514 	3.29367e-05 	3.29367e-05 	0
1.16934 	9.57171e-05 	9.57171e-05 	0
1.20354 	5.32279e-05 	5.32279e-05 	0
1.23775 	4.43732e-05 	4.43732e-05 	0
1.27195 	7.9163e-05 	7.9163e-05 	0
1.30615 	6.10103e-05 	6.10103e-05 	0
1.34035 	6.81501e-05 	6.81501e-05 	0
1.37455 	6.12016e-05 	6.12016e-05 	0
1.40876 	4.52648e-05 	4.52648e-05 	0
1.44296 	7.93092e-05 	7.93092e-05 	0
1.47716 	6.87553e-05 	6.87553e-05 	0
1.51136 	5.67667e-05 	5.67667e-05 	0
1.54557 	5.78835e-05 	5.78835e-05 	0
1.57977 	7.948e-05 	7.948e-05 	0
1.61397 	5.69258e-05 	5.69258e-05 	0
1.64817 	9.64677e-05 	9.64677e-05 	0
1.68238 	4.20055e-05 	4.20055e-05 	0
1.71658 	4.16256e-05 	4.16256e-05 	0
1.75078 	9.49701e-05 	9.49701e-05 	0
1.78498 	9.60169e-05 	9.60169e-05 	0
1.81918 	8.4475e-05 	8.4475e-05 	0
1.85339 	8.53808e-05 	8.53808e-05 	0
1.88759 	3.32747e-05 	3.32747e-05 	0
1.92179 	9.49793e-05 	9.49793e-05 	0
1.95599 	9.01036e-05 	9.01036e-05 	0
1.9902 	9.50975e-05 	9.50975e-05 	0
2.0244 	7.12142e-05 	7.12142e-05 	0
2.0586 	9.27762e-05 	9.27762e-05 	0
2.0928 	6.58478e-05 	6.58478e-05 	0
2.12701 	7.05066e-05 	7.05066e-05 	0
2.16121 	5.60374e-05 	5.60374e-05 	0
2.19541 	7.53197e-05 	7.53197e-05 	0
2.22961 	8.04267e-05 	8.04267e-05 	0
2.26381 	6.78613e-05 	6.78613e-05 	0
2.29802 	6.18684e-05 	6.18684e-05 	0
2.33222 	3.72863e-05 	3.72863e-05 	0
2.36642 	8.20183e-05 	8.20183e-05 	0
2.40062 	5.20542e-05 	5.20542e-05 	0
2.43483 	4.428e-05 	4.428e-05 	0
2.46903 	5.49633e-05 	5.49633e-05 	0
2.50323 	3.91939e-05 	3.91939e-05 	0
2.53743 	4.08072e-05 	4.08072e-05 	0
2.57164 	9.9196e-05 	9.9196e-05 	0
2.60584 	6.86241e-05 	6.86241e-05 	0
2.64004 	4.05762e-05 	4.05762e-05 	0
2.67424 	4.85539e-05 	4.85539e-05 	0
2.70844 	7.47239e-05 	7.47239e-05 	0
2.74265 	6.04016e-05 	6.04016e-05 	0
2.77685 	6.27531e-05 	6.27531e-05 	0
