# time 	Initial 	Final 	Iterations
1.2e-06 	8.37887e-05 	8.37887e-05 	0
2.64e-06 	6.31881e-05 	6.31881e-05 	0
4.368e-06 	7.24207e-05 	7.24207e-05 	0
6.4416e-06 	9.85317e-05 	9.85317e-05 	0
8.92992e-06 	4.97969e-05 	4.97969e-05 	0
1.19159e-05 	4.538e-05 	4.538e-05 	0
1.54991e-05 	4.95824e-05 	4.95824e-05 	0
1.97989e-05 	9.49037e-05 	9.49037e-05 	0
2.49587e-05 	7.65655e-05 	7.65655e-05 	0
3.11504e-05 	4.65991e-05 	4.65991e-05 	0
3.85805e-05 	4.05692e-05 	4.05692e-05 	0
4.74965e-05 	3.8081e-05 	3.8081e-05 	0
5.81958e-05 	3.94507e-05 	3.94507e-05 	0
7.1035e-05 	3.10786e-05 	3.10786e-05 	0
8.6442e-05 	2.95965e-05 	2.95965e-05 	0
0.00010493 	9.79503e-05 	9.79503e-05 	0
0.000127116 	2.85889e-05 	2.85889e-05 	0
0.00015374 	9.39334e-05 	9.39334e-05 	0
0.000185688 	9.7356e-05 	9.7356e-05 	0
0.000224025 	9.70736e-05 	9.70736e-05 	0
0.00027003 	2.18898e-05 	2.18898e-05 	0
0.000325236 	2.67249e-05 	2.67249e-05 	0
0.000391483 	2.38456e-05 	2.38456e-05 	0
0.00047098 	2.10801e-05 	2.10801e-05 	0
0.000566376 	2.29031e-05 	2.29031e-05 	0
0.00068085 	2.35689e-05 	2.35689e-05 	0
0.000818221 	2.28422e-05 	2.28422e-05 	0
0.000983063 	2.42349e-05 	2.42349e-05 	0
0.00118087 	2.20845e-05 	2.20845e-05 	0
0.00141824 	2.74888e-05 	2.74888e-05 	0
0.0017031 	2.27492e-05 	2.27492e-05 	0
0.00204491 	4.9372e-05 	4.9372e-05 	0
0.00245508 	4.08746e-05 	4.08746e-05 	0
0.0029473 	5.05663e-05 	5.05663e-05 	0
0.00353797 	5.83481e-05 	5.83481e-05 	0
0.00424679 	5.21156e-05 	5.21156e-05 	0
0.00509742 	8.61262e-05 	8.61262e-05 	0
0.00611825 	9.91017e-05 	9.91017e-05 	0
0.00734314 	4.98357e-05 	4.98357e-05 	0
0.00881286 	6.21754e-05 	6.21754e-05 	0
0.0105765 	4.21247e-05 	4.21247e-05 	0
0.0126925 	5.19026e-05 	5.19026e-05 	0
0.0152319 	6.60773e-05 	6.60773e-05 	0
0.0182788 	8.79783e-05 	8.79783e-05 	0
0.0219337 	0.000123864 	1.59443e-05 	1
0.0263197 	8.36923e-05 	8.36923e-05 	0
0.0315829 	0.000163193 	8.87978e-06 	1
0.037896 	0.000109279 	8.96022e-06 	1
0.0454717 	0.00015159 	1.12339e-05 	1
0.0545626 	0.000229499 	2.11787e-05 	1
0.0654797 	0.000291568 	2.61815e-05 	1
0.0785686 	0.000320171 	2.75041e-05 	1
0.094292 	0.000383652 	3.55533e-05 	1
0.11316 	0.000494967 	4.58058e-05 	1
0.135784 	0.000652319 	8.98654e-05 	1
0.162808 	0.00100431 	3.67019e-05 	2
0.194015 	0.00139968 	5.45536e-05 	2
0.229096 	0.00180595 	7.13485e-05 	2
0.267263 	0.00209044 	5.46876e-05 	2
0.304529 	0.00186603 	4.96609e-05 	2
0.340928 	0.00165466 	7.15124e-05 	2
0.377044 	0.00145448 	6.19376e-05 	2
0.412881 	0.00129485 	5.71494e-05 	2
0.448718 	0.00116087 	4.79212e-05 	2
0.484275 	0.00102333 	3.72532e-05 	2
0.519281 	0.000879928 	2.3547e-05 	2
0.554015 	0.000776952 	1.81078e-05 	2
0.58848 	0.000692516 	1.7341e-05 	2
0.622678 	0.000615619 	9.50553e-05 	1
0.656876 	0.000554661 	8.0619e-05 	1
0.691073 	0.000497085 	7.24458e-05 	1
0.725271 	0.000442388 	6.00989e-05 	1
0.759469 	0.000404836 	5.32655e-05 	1
0.793393 	0.000411214 	3.5706e-05 	1
0.827318 	0.000386617 	3.32321e-05 	1
0.86152 	0.000362145 	3.13511e-05 	1
0.895722 	0.000337617 	2.90291e-05 	1
0.929924 	0.000313522 	2.80846e-05 	1
0.964127 	0.00029542 	2.38311e-05 	1
0.998329 	0.000254696 	2.12153e-05 	1
1.03253 	0.000282351 	2.40674e-05 	1
1.06673 	0.000238269 	1.65506e-05 	1
1.10094 	0.000235049 	2.34266e-05 	1
1.13514 	0.00019301 	1.35708e-05 	1
1.16934 	0.000299068 	2.74178e-05 	1
1.20354 	0.000230962 	2.31054e-05 	1
1.23775 	0.000234042 	1.89485e-05 	1
1.27195 	0.000307882 	3.13611e-05 	1
1.30615 	0.000266806 	2.15776e-05 	1
1.34035 	0.000275257 	2.80523e-05 	1
1.37455 	0.000190241 	2.93633e-05 	1
1.40876 	0.000175038 	1.70791e-05 	1
1.44296 	0.000127512 	1.3145e-05 	1
1.47716 	0.000191279 	2.48122e-05 	1
1.51136 	0.000213864 	3.16762e-05 	1
1.54557 	0.000110462 	1.34282e-05 	1
1.57977 	0.000273313 	3.22974e-05 	1
1.61397 	0.000167691 	2.21522e-05 	1
1.64817 	0.000276747 	3.43497e-05 	1
1.68238 	0.000135276 	1.72893e-05 	1
1.71658 	0.000150371 	1.73651e-05 	1
1.75078 	9.39498e-05 	9.39498e-05 	0
1.78498 	0.000116533 	1.4762e-05 	1
1.81918 	0.000111395 	1.50301e-05 	1
1.85339 	0.000104845 	1.29065e-05 	1
1.88759 	0.000187925 	2.24805e-05 	1
1.92179 	8.13778e-05 	8.13778e-05 	0
1.95599 	0.000120911 	1.33071e-05 	1
1.9902 	0.000208621 	5.0157e-05 	1
2.0244 	0.000126521 	1.33649e-05 	1
2.0586 	0.000196142 	4.83511e-05 	1
2.0928 	0.000221014 	2.86236e-05 	1
2.12701 	0.000235331 	2.80841e-05 	1
2.16121 	0.000198906 	2.69712e-05 	1
2.19541 	0.000137605 	2.07632e-05 	1
2.22961 	0.000277192 	2.92036e-05 	1
2.26381 	0.000255605 	3.02418e-05 	1
2.29802 	0.000178517 	2.36502e-05 	1
2.33222 	0.000207647 	2.30523e-05 	1
2.36642 	0.000290118 	3.38696e-05 	1
2.40062 	0.000100824 	1.17237e-05 	1
2.43483 	0.000107909 	1.39657e-05 	1
2.46903 	0.00020461 	3.05313e-05 	1
2.50323 	0.000109894 	1.62988e-05 	1
2.53743 	0.000182893 	2.76449e-05 	1
2.57164 	9.65882e-05 	9.65882e-05 	0
2.60584 	0.000218891 	3.20678e-05 	1
2.64004 	0.000182157 	1.81712e-05 	1
2.67424 	0.000176721 	2.41585e-05 	1
2.70844 	0.000253223 	3.1747e-05 	1
2.74265 	0.000178644 	2.55004e-05 	1
2.77685 	0.000205573 	2.83869e-05 	1
