# time 	Initial 	Final 	Iterations
1.2e-06 	1.93795e-11 	1.93795e-11 	0
2.64e-06 	3.21684e-11 	3.21684e-11 	0
4.368e-06 	3.9249e-12 	3.9249e-12 	0
6.4416e-06 	3.54643e-12 	3.54643e-12 	0
8.92992e-06 	3.49414e-12 	3.49414e-12 	0
1.19159e-05 	3.60793e-12 	3.60793e-12 	0
1.54991e-05 	3.97478e-12 	3.97478e-12 	0
1.97989e-05 	4.5597e-12 	4.5597e-12 	0
2.49587e-05 	5.39474e-12 	5.39474e-12 	0
3.11504e-05 	6.49386e-12 	6.49386e-12 	0
3.85805e-05 	8.11476e-12 	8.11476e-12 	0
4.74965e-05 	1.0372e-11 	1.0372e-11 	0
5.81958e-05 	1.34817e-11 	1.34817e-11 	0
7.1035e-05 	5.99985e-11 	5.99985e-11 	0
8.6442e-05 	6.68635e-11 	6.68635e-11 	0
0.00010493 	3.34405e-11 	3.34405e-11 	0
0.000127116 	1.07388e-10 	1.07388e-10 	0
0.00015374 	6.67226e-11 	6.67226e-11 	0
0.000185688 	9.8058e-11 	9.8058e-11 	0
0.000224025 	1.43871e-10 	1.43871e-10 	0
0.00027003 	2.44611e-10 	2.44611e-10 	0
0.000325236 	3.63131e-10 	3.63131e-10 	0
0.000391483 	4.5063e-10 	4.5063e-10 	0
0.00047098 	6.10251e-10 	6.10251e-10 	0
0.000566376 	9.52132e-10 	9.52132e-10 	0
0.00068085 	1.38381e-09 	1.38381e-09 	0
0.000818221 	1.94574e-09 	1.94574e-09 	0
0.000983063 	2.93863e-09 	2.93863e-09 	0
0.00118087 	3.82321e-09 	3.82321e-09 	0
0.00141824 	5.93186e-09 	5.93186e-09 	0
0.0017031 	7.28406e-09 	7.28406e-09 	0
0.00204491 	1.60628e-08 	1.60628e-08 	0
0.00245508 	1.96991e-08 	1.96991e-08 	0
0.0029473 	3.16128e-08 	3.16128e-08 	0
0.00353797 	4.8676e-08 	4.8676e-08 	0
0.00424679 	6.27339e-08 	6.27339e-08 	0
0.00509742 	1.00678e-07 	1.00678e-07 	0
0.00611825 	1.51797e-07 	1.51797e-07 	0
0.00734314 	2.0981e-07 	2.0981e-07 	0
0.00881286 	3.266e-07 	3.266e-07 	0
0.0105765 	3.58314e-07 	3.58314e-07 	0
0.0126925 	5.10094e-07 	5.10094e-07 	0
0.0152319 	7.54943e-07 	7.54943e-07 	0
0.0182788 	1.08718e-06 	1.08718e-06 	0
0.0219337 	1.5211e-06 	1.5211e-06 	0
0.0263197 	2.13299e-06 	2.13299e-06 	0
0.0315829 	3.28711e-06 	3.28711e-06 	0
0.037896 	5.10708e-06 	5.10708e-06 	0
0.0454717 	6.80441e-06 	6.80441e-06 	0
0.0545626 	8.78284e-06 	8.78284e-06 	0
0.0654797 	1.21073e-05 	1.48691e-06 	1
0.0785686 	1.42821e-05 	2.04578e-06 	1
0.094292 	1.8887e-05 	3.26139e-06 	1
0.11316 	2.8285e-05 	6.66885e-06 	1
0.135784 	4.32382e-05 	2.29204e-06 	1
0.162808 	6.66074e-05 	4.54631e-06 	1
0.194015 	9.25422e-05 	7.70484e-06 	1
0.229096 	0.000119266 	1.13793e-05 	1
0.267263 	0.000133149 	5.40753e-06 	2
0.304529 	0.000123162 	5.08678e-06 	2
0.340928 	0.000105671 	4.15994e-06 	2
0.377044 	9.48213e-05 	9.43525e-06 	1
0.412881 	8.52078e-05 	8.20766e-06 	1
0.448718 	7.76134e-05 	7.14393e-06 	1
0.484275 	6.9399e-05 	6.08216e-06 	1
0.519281 	6.05998e-05 	4.99823e-06 	1
0.554015 	5.39668e-05 	4.27222e-06 	1
0.58848 	4.88719e-05 	3.78457e-06 	1
0.622678 	4.33746e-05 	3.2324e-06 	1
0.656876 	3.88921e-05 	2.8421e-06 	1
0.691073 	3.54296e-05 	2.5844e-06 	1
0.725271 	3.23545e-05 	8.73341e-06 	1
0.759469 	2.97451e-05 	7.84964e-06 	1
0.793393 	2.83933e-05 	7.23739e-06 	1
0.827318 	2.60236e-05 	6.59412e-06 	1
0.86152 	2.42028e-05 	6.19143e-06 	1
0.895722 	2.22658e-05 	5.51645e-06 	1
0.929924 	2.03506e-05 	4.95434e-06 	1
0.964127 	1.89123e-05 	4.62128e-06 	1
0.998329 	1.69955e-05 	4.22273e-06 	1
1.03253 	1.77735e-05 	4.46705e-06 	1
1.06673 	1.40018e-05 	3.46613e-06 	1
1.10094 	1.52351e-05 	4.03544e-06 	1
1.13514 	1.16893e-05 	2.89767e-06 	1
1.16934 	1.36401e-05 	3.43924e-06 	1
1.20354 	1.31444e-05 	3.10827e-06 	1
1.23775 	1.11942e-05 	2.64331e-06 	1
1.27195 	1.23703e-05 	3.04169e-06 	1
1.30615 	1.21104e-05 	3.36527e-06 	1
1.34035 	1.12096e-05 	2.74479e-06 	1
1.37455 	1.40002e-05 	3.83004e-06 	1
1.40876 	1.01165e-05 	2.82178e-06 	1
1.44296 	9.80937e-06 	9.80937e-06 	0
1.47716 	1.0212e-05 	3.33486e-06 	1
1.51136 	1.15718e-05 	4.18124e-06 	1
1.54557 	5.87378e-06 	5.87378e-06 	0
1.57977 	1.00736e-05 	2.9488e-06 	1
1.61397 	6.99405e-06 	6.99405e-06 	0
1.64817 	1.2395e-05 	3.09339e-06 	1
1.68238 	8.10035e-06 	8.10035e-06 	0
1.71658 	9.5937e-06 	9.5937e-06 	0
1.75078 	7.52532e-06 	7.52532e-06 	0
1.78498 	9.11348e-06 	9.11348e-06 	0
1.81918 	9.19401e-06 	9.19401e-06 	0
1.85339 	8.20487e-06 	8.20487e-06 	0
1.88759 	9.3941e-06 	9.3941e-06 	0
1.92179 	4.952e-06 	4.952e-06 	0
1.95599 	6.90362e-06 	6.90362e-06 	0
1.9902 	1.26417e-05 	4.75252e-06 	1
2.0244 	7.29443e-06 	7.29443e-06 	0
2.0586 	1.0477e-05 	3.74507e-06 	1
2.0928 	1.02444e-05 	3.57438e-06 	1
2.12701 	1.04228e-05 	3.54692e-06 	1
2.16121 	8.56211e-06 	8.56211e-06 	0
2.19541 	4.7484e-06 	4.7484e-06 	0
2.22961 	4.63665e-06 	4.63665e-06 	0
2.26381 	4.74371e-06 	4.74371e-06 	0
2.29802 	3.85596e-06 	3.85596e-06 	0
2.33222 	4.46418e-06 	4.46418e-06 	0
2.36642 	5.33286e-06 	5.33286e-06 	0
2.40062 	4.55021e-06 	4.55021e-06 	0
2.43483 	3.37832e-06 	3.37832e-06 	0
2.46903 	3.99684e-06 	3.99684e-06 	0
2.50323 	3.30202e-06 	3.30202e-06 	0
2.53743 	3.5599e-06 	3.5599e-06 	0
2.57164 	3.85044e-06 	3.85044e-06 	0
2.60584 	4.07793e-06 	4.07793e-06 	0
2.64004 	3.98114e-06 	3.98114e-06 	0
2.67424 	3.32267e-06 	3.32267e-06 	0
2.70844 	4.32553e-06 	4.32553e-06 	0
2.74265 	3.50791e-06 	3.50791e-06 	0
2.77685 	3.86661e-06 	3.86661e-06 	0
