# time 	Initial 	Final 	Iterations
1.2e-06 	8.37865e-05 	8.37865e-05 	0
2.64e-06 	0.0120459 	5.54678e-05 	3
4.368e-06 	0.000383818 	3.20929e-05 	1
6.4416e-06 	9.71068e-05 	9.71068e-05 	0
8.92992e-06 	4.91345e-05 	4.91345e-05 	0
1.19159e-05 	4.42967e-05 	4.42967e-05 	0
1.54991e-05 	4.8735e-05 	4.8735e-05 	0
1.97989e-05 	9.35393e-05 	9.35393e-05 	0
2.49587e-05 	7.52066e-05 	7.52066e-05 	0
3.11504e-05 	4.30863e-05 	4.30863e-05 	0
3.85805e-05 	3.5121e-05 	3.5121e-05 	0
4.74965e-05 	3.11336e-05 	3.11336e-05 	0
5.81958e-05 	3.24001e-05 	3.24001e-05 	0
7.1035e-05 	9.89643e-05 	9.89643e-05 	0
8.6442e-05 	9.1876e-05 	9.1876e-05 	0
0.00010493 	8.61251e-05 	8.61251e-05 	0
0.000127116 	8.98466e-05 	8.98466e-05 	0
0.00015374 	7.54381e-05 	7.54381e-05 	0
0.000185688 	8.04148e-05 	8.04148e-05 	0
0.000224025 	7.30474e-05 	7.30474e-05 	0
0.00027003 	7.34073e-05 	7.34073e-05 	0
0.000325236 	7.76907e-05 	7.76907e-05 	0
0.000391483 	6.81176e-05 	6.81176e-05 	0
0.00047098 	6.58837e-05 	6.58837e-05 	0
0.000566376 	7.54295e-05 	7.54295e-05 	0
0.00068085 	7.68691e-05 	7.68691e-05 	0
0.000818221 	7.48481e-05 	7.48481e-05 	0
0.000983063 	7.80444e-05 	7.80444e-05 	0
0.00118087 	6.31159e-05 	6.31159e-05 	0
0.00141824 	6.73418e-05 	6.73418e-05 	0
0.0017031 	3.2509e-05 	3.2509e-05 	0
0.00204491 	9.68024e-05 	9.68024e-05 	0
0.00245508 	6.18964e-05 	6.18964e-05 	0
0.0029473 	7.88445e-05 	7.88445e-05 	0
0.00353797 	8.78677e-05 	8.78677e-05 	0
0.00424679 	4.01886e-05 	4.01886e-05 	0
0.00509742 	4.67581e-05 	4.67581e-05 	0
0.00611825 	4.10874e-05 	4.10874e-05 	0
0.00734314 	5.25574e-05 	5.25574e-05 	0
0.00881286 	6.46503e-05 	6.46503e-05 	0
0.0105765 	7.85068e-05 	7.85068e-05 	0
0.0126925 	9.31714e-05 	9.31714e-05 	0
0.0152319 	0.000108058 	1.90724e-05 	1
0.0182788 	9.32671e-05 	9.32671e-05 	0
0.0219337 	0.000112347 	2.04752e-05 	1
0.0263197 	0.000136138 	2.44131e-05 	1
0.0315829 	0.000161833 	2.85339e-05 	1
0.037896 	0.000197965 	3.36882e-05 	1
0.0454717 	0.000231156 	3.83922e-05 	1
0.0545626 	0.000288907 	4.60266e-05 	1
0.0654797 	0.000332631 	1.94545e-05 	1
0.0785686 	0.000416753 	2.55428e-05 	1
0.094292 	0.000371109 	1.87846e-05 	1
0.11316 	0.000442018 	2.55479e-05 	1
0.135784 	0.00049383 	2.92199e-05 	1
0.162808 	0.00057918 	3.64943e-05 	1
0.194015 	0.000642458 	4.0778e-05 	1
0.229096 	0.000691808 	4.67818e-05 	1
0.267263 	0.000736144 	5.19352e-05 	1
0.304529 	0.000649846 	4.70101e-05 	1
0.340928 	0.000587095 	4.35585e-05 	1
0.377044 	0.000548969 	4.17494e-05 	1
0.412881 	0.000506843 	4.10186e-05 	1
0.448718 	0.000463524 	3.70717e-05 	1
0.484275 	0.000464127 	4.00922e-05 	1
0.519281 	0.000404289 	3.51386e-05 	1
0.554015 	0.000353338 	2.71928e-05 	1
0.58848 	0.000339905 	2.92463e-05 	1
0.622678 	0.000316095 	2.69409e-05 	1
0.656876 	0.000294293 	3.84455e-05 	1
0.691073 	0.000303251 	3.76128e-05 	1
0.725271 	0.00027008 	3.28195e-05 	1
0.759469 	0.00024669 	3.14961e-05 	1
0.793393 	0.000230419 	2.90418e-05 	1
0.827318 	0.000228078 	2.43713e-05 	1
0.86152 	0.000215276 	2.11355e-05 	1
0.895722 	0.000204526 	2.06454e-05 	1
0.929924 	0.000195748 	2.08691e-05 	1
0.964127 	0.00018101 	1.90404e-05 	1
0.998329 	0.000163889 	1.94693e-05 	1
1.03253 	0.000169357 	1.53442e-05 	1
1.06673 	0.00014346 	1.53585e-05 	1
1.10094 	0.000136056 	1.25381e-05 	1
1.13514 	0.000126243 	1.54905e-05 	1
1.16934 	0.000126395 	1.13325e-05 	1
1.20354 	0.000108906 	1.08588e-05 	1
1.23775 	0.000101221 	1.19407e-05 	1
1.27195 	9.97028e-05 	9.97028e-05 	0
1.30615 	9.20046e-05 	9.20046e-05 	0
1.34035 	8.73795e-05 	8.73795e-05 	0
1.37455 	0.000113687 	1.04129e-05 	1
1.40876 	7.01039e-05 	7.01039e-05 	0
1.44296 	7.44738e-05 	7.44738e-05 	0
1.47716 	7.52094e-05 	7.52094e-05 	0
1.51136 	8.88097e-05 	8.88097e-05 	0
1.54557 	4.82802e-05 	4.82802e-05 	0
1.57977 	9.27706e-05 	9.27706e-05 	0
1.61397 	7.25048e-05 	7.25048e-05 	0
1.64817 	5.50297e-05 	5.50297e-05 	0
1.68238 	8.61795e-05 	8.61795e-05 	0
1.71658 	3.90029e-05 	3.90029e-05 	0
1.75078 	3.37781e-05 	3.37781e-05 	0
1.78498 	4.19109e-05 	4.19109e-05 	0
1.81918 	3.88718e-05 	3.88718e-05 	0
1.85339 	3.64961e-05 	3.64961e-05 	0
1.88759 	3.3855e-05 	3.3855e-05 	0
1.92179 	7.14382e-05 	7.14382e-05 	0
1.95599 	8.49995e-05 	8.49995e-05 	0
1.9902 	9.23907e-05 	9.23907e-05 	0
2.0244 	9.19044e-05 	9.19044e-05 	0
2.0586 	7.01105e-05 	7.01105e-05 	0
2.0928 	9.71592e-05 	9.71592e-05 	0
2.12701 	8.7354e-05 	8.7354e-05 	0
2.16121 	6.67098e-05 	6.67098e-05 	0
2.19541 	9.61285e-05 	9.61285e-05 	0
2.22961 	7.95557e-05 	7.95557e-05 	0
2.26381 	6.15615e-05 	6.15615e-05 	0
2.29802 	5.45573e-05 	5.45573e-05 	0
2.33222 	3.29219e-05 	3.29219e-05 	0
2.36642 	7.26053e-05 	7.26053e-05 	0
2.40062 	5.60971e-05 	5.60971e-05 	0
2.43483 	2.99898e-05 	2.99898e-05 	0
2.46903 	7.04269e-05 	7.04269e-05 	0
2.50323 	8.85119e-05 	8.85119e-05 	0
2.53743 	5.21045e-05 	5.21045e-05 	0
2.57164 	5.76641e-05 	5.76641e-05 	0
2.60584 	5.91695e-05 	5.91695e-05 	0
2.64004 	6.2976e-05 	6.2976e-05 	0
2.67424 	6.56759e-05 	6.56759e-05 	0
2.70844 	7.32599e-05 	7.32599e-05 	0
2.74265 	5.95504e-05 	5.95504e-05 	0
2.77685 	3.22607e-05 	3.22607e-05 	0
2.81105 	6.73535e-05 	6.73535e-05 	0
2.84525 	8.44076e-05 	8.44076e-05 	0
2.87946 	3.46983e-05 	3.46983e-05 	0
2.91366 	8.58636e-05 	8.58636e-05 	0
2.94786 	6.31974e-05 	6.31974e-05 	0
2.98206 	9.04788e-05 	9.04788e-05 	0
3.01627 	6.09038e-05 	6.09038e-05 	0
3.05047 	8.73697e-05 	8.73697e-05 	0
3.08467 	6.42837e-05 	6.42837e-05 	0
3.11887 	9.00745e-05 	9.00745e-05 	0
3.15307 	5.55e-05 	5.55e-05 	0
3.18728 	6.75304e-05 	6.75304e-05 	0
3.22148 	7.9395e-05 	7.9395e-05 	0
3.25568 	8.59601e-05 	8.59601e-05 	0
3.28988 	5.69292e-05 	5.69292e-05 	0
3.32409 	7.16097e-05 	7.16097e-05 	0
3.35829 	9.17474e-05 	9.17474e-05 	0
3.39249 	9.6089e-05 	9.6089e-05 	0
3.42669 	3.88723e-05 	3.88723e-05 	0
3.4609 	6.36334e-05 	6.36334e-05 	0
3.4951 	6.35567e-05 	6.35567e-05 	0
3.5293 	6.88484e-05 	6.88484e-05 	0
3.5635 	6.53094e-05 	6.53094e-05 	0
3.59771 	8.69862e-05 	8.69862e-05 	0
3.63191 	5.89107e-05 	5.89107e-05 	0
3.66611 	6.5422e-05 	6.5422e-05 	0
3.70031 	7.7481e-05 	7.7481e-05 	0
3.73451 	6.31465e-05 	6.31465e-05 	0
3.76872 	6.22354e-05 	6.22354e-05 	0
3.80292 	7.16319e-05 	7.16319e-05 	0
3.83712 	8.4455e-05 	8.4455e-05 	0
3.87132 	4.06695e-05 	4.06695e-05 	0
3.90553 	6.01158e-05 	6.01158e-05 	0
3.93973 	3.60051e-05 	3.60051e-05 	0
3.97393 	5.92547e-05 	5.92547e-05 	0
4.00813 	8.4164e-05 	8.4164e-05 	0
4.04234 	7.98437e-05 	7.98437e-05 	0
4.07654 	3.70352e-05 	3.70352e-05 	0
4.11074 	9.0918e-05 	9.0918e-05 	0
4.14494 	9.92009e-05 	9.92009e-05 	0
4.17914 	7.37727e-05 	7.37727e-05 	0
4.21335 	5.49324e-05 	5.49324e-05 	0
4.24755 	9.53711e-05 	9.53711e-05 	0
4.28175 	7.19622e-05 	7.19622e-05 	0
4.31595 	5.49298e-05 	5.49298e-05 	0
4.35016 	9.34988e-05 	9.34988e-05 	0
4.38436 	6.91818e-05 	6.91818e-05 	0
4.41856 	7.89972e-05 	7.89972e-05 	0
4.45276 	4.09902e-05 	4.09902e-05 	0
4.48697 	6.93175e-05 	6.93175e-05 	0
4.52117 	4.76838e-05 	4.76838e-05 	0
4.55537 	7.59742e-05 	7.59742e-05 	0
4.58957 	7.44441e-05 	7.44441e-05 	0
4.62377 	5.00966e-05 	5.00966e-05 	0
4.65798 	5.25964e-05 	5.25964e-05 	0
4.69218 	5.87439e-05 	5.87439e-05 	0
4.72638 	4.95614e-05 	4.95614e-05 	0
4.76058 	8.73914e-05 	8.73914e-05 	0
4.79479 	5.38812e-05 	5.38812e-05 	0
4.82899 	9.20207e-05 	9.20207e-05 	0
4.86319 	8.11065e-05 	8.11065e-05 	0
4.89739 	6.13899e-05 	6.13899e-05 	0
4.9316 	7.06327e-05 	7.06327e-05 	0
4.9658 	4.80029e-05 	4.80029e-05 	0
5.0 	6.10262e-05 	6.10262e-05 	0
5.03425 	7.29015e-05 	7.29015e-05 	0
5.06849 	5.55734e-05 	5.55734e-05 	0
5.10274 	7.06075e-05 	7.06075e-05 	0
5.13699 	3.4302e-05 	3.4302e-05 	0
5.17123 	8.75725e-05 	8.75725e-05 	0
5.20548 	8.16158e-05 	8.16158e-05 	0
5.23973 	7.4629e-05 	7.4629e-05 	0
5.27397 	9.23328e-05 	9.23328e-05 	0
5.30822 	4.62832e-05 	4.62832e-05 	0
5.34247 	6.8197e-05 	6.8197e-05 	0
5.37671 	7.31758e-05 	7.31758e-05 	0
5.41096 	6.16388e-05 	6.16388e-05 	0
5.44521 	9.69296e-05 	9.69296e-05 	0
5.47945 	9.29473e-05 	9.29473e-05 	0
5.5137 	3.40711e-05 	3.40711e-05 	0
5.54795 	9.14102e-05 	9.14102e-05 	0
5.58219 	6.19233e-05 	6.19233e-05 	0
5.61644 	5.40964e-05 	5.40964e-05 	0
5.65068 	9.7037e-05 	9.7037e-05 	0
5.68493 	6.10863e-05 	6.10863e-05 	0
5.71918 	9.44987e-05 	9.44987e-05 	0
5.75342 	7.76828e-05 	7.76828e-05 	0
5.78767 	5.36061e-05 	5.36061e-05 	0
5.82192 	4.0335e-05 	4.0335e-05 	0
5.85616 	3.6363e-05 	3.6363e-05 	0
5.89041 	8.97582e-05 	8.97582e-05 	0
5.92466 	5.24198e-05 	5.24198e-05 	0
5.9589 	8.08752e-05 	8.08752e-05 	0
5.99315 	3.78769e-05 	3.78769e-05 	0
6.0274 	9.7277e-05 	9.7277e-05 	0
6.06164 	3.7051e-05 	3.7051e-05 	0
6.09589 	6.49871e-05 	6.49871e-05 	0
6.13014 	8.23666e-05 	8.23666e-05 	0
6.16438 	8.30746e-05 	8.30746e-05 	0
6.19863 	5.42977e-05 	5.42977e-05 	0
6.23288 	6.73388e-05 	6.73388e-05 	0
6.26712 	7.81895e-05 	7.81895e-05 	0
6.30137 	9.44854e-05 	9.44854e-05 	0
6.33562 	9.28643e-05 	9.28643e-05 	0
6.36986 	6.80337e-05 	6.80337e-05 	0
6.40411 	5.61975e-05 	5.61975e-05 	0
6.43836 	3.94898e-05 	3.94898e-05 	0
6.4726 	4.93837e-05 	4.93837e-05 	0
6.50685 	5.84571e-05 	5.84571e-05 	0
6.5411 	6.8143e-05 	6.8143e-05 	0
6.57534 	7.03731e-05 	7.03731e-05 	0
6.60959 	9.98933e-05 	9.98933e-05 	0
6.64384 	3.38148e-05 	3.38148e-05 	0
6.67808 	5.75791e-05 	5.75791e-05 	0
6.71233 	9.614e-05 	9.614e-05 	0
6.74658 	5.15341e-05 	5.15341e-05 	0
6.78082 	5.56091e-05 	5.56091e-05 	0
6.81507 	5.5837e-05 	5.5837e-05 	0
6.84932 	5.45966e-05 	5.45966e-05 	0
6.88356 	6.05556e-05 	6.05556e-05 	0
6.91781 	7.28082e-05 	7.28082e-05 	0
6.95205 	6.47735e-05 	6.47735e-05 	0
6.9863 	8.53749e-05 	8.53749e-05 	0
7.02055 	6.97057e-05 	6.97057e-05 	0
7.05479 	9.61883e-05 	9.61883e-05 	0
7.08904 	5.37145e-05 	5.37145e-05 	0
7.12329 	6.73714e-05 	6.73714e-05 	0
7.15753 	7.66803e-05 	7.66803e-05 	0
7.19178 	8.28482e-05 	8.28482e-05 	0
7.22603 	4.90042e-05 	4.90042e-05 	0
7.26027 	4.506e-05 	4.506e-05 	0
7.29452 	8.66006e-05 	8.66006e-05 	0
7.32877 	4.94411e-05 	4.94411e-05 	0
7.36301 	7.36598e-05 	7.36598e-05 	0
7.39726 	6.67462e-05 	6.67462e-05 	0
7.43151 	3.28565e-05 	3.28565e-05 	0
7.46575 	6.574e-05 	6.574e-05 	0
7.5 	5.64733e-05 	5.64733e-05 	0
7.53425 	6.63437e-05 	6.63437e-05 	0
7.56849 	6.49509e-05 	6.49509e-05 	0
7.60274 	7.3854e-05 	7.3854e-05 	0
7.63699 	9.41055e-05 	9.41055e-05 	0
7.67123 	8.32219e-05 	8.32219e-05 	0
7.70548 	4.554e-05 	4.554e-05 	0
7.73973 	7.53635e-05 	7.53635e-05 	0
7.77397 	7.37295e-05 	7.37295e-05 	0
7.80822 	5.27633e-05 	5.27633e-05 	0
7.84247 	6.25854e-05 	6.25854e-05 	0
7.87671 	6.08507e-05 	6.08507e-05 	0
7.91096 	6.56991e-05 	6.56991e-05 	0
7.94521 	7.23375e-05 	7.23375e-05 	0
7.97945 	3.81713e-05 	3.81713e-05 	0
8.0137 	6.0212e-05 	6.0212e-05 	0
8.04795 	9.07211e-05 	9.07211e-05 	0
8.08219 	7.48606e-05 	7.48606e-05 	0
8.11644 	7.12578e-05 	7.12578e-05 	0
8.15068 	5.7525e-05 	5.7525e-05 	0
8.18493 	6.57118e-05 	6.57118e-05 	0
8.21918 	5.78883e-05 	5.78883e-05 	0
8.25342 	9.93552e-05 	9.93552e-05 	0
8.28767 	8.84563e-05 	8.84563e-05 	0
8.32192 	8.23368e-05 	8.23368e-05 	0
8.35616 	9.29139e-05 	9.29139e-05 	0
8.39041 	6.77839e-05 	6.77839e-05 	0
8.42466 	7.97938e-05 	7.97938e-05 	0
8.4589 	4.20568e-05 	4.20568e-05 	0
8.49315 	6.55228e-05 	6.55228e-05 	0
8.5274 	6.42042e-05 	6.42042e-05 	0
8.56164 	7.48667e-05 	7.48667e-05 	0
8.59589 	7.01736e-05 	7.01736e-05 	0
8.63014 	6.49322e-05 	6.49322e-05 	0
8.66438 	3.75877e-05 	3.75877e-05 	0
8.69863 	7.88453e-05 	7.88453e-05 	0
8.73288 	3.8549e-05 	3.8549e-05 	0
8.76712 	5.826e-05 	5.826e-05 	0
8.80137 	5.77374e-05 	5.77374e-05 	0
8.83562 	8.55982e-05 	8.55982e-05 	0
8.86986 	5.8537e-05 	5.8537e-05 	0
8.90411 	5.1243e-05 	5.1243e-05 	0
8.93836 	6.19766e-05 	6.19766e-05 	0
8.9726 	5.10368e-05 	5.10368e-05 	0
9.00685 	3.30468e-05 	3.30468e-05 	0
9.0411 	3.99639e-05 	3.99639e-05 	0
9.07534 	6.68045e-05 	6.68045e-05 	0
9.10959 	4.58967e-05 	4.58967e-05 	0
9.14384 	7.32187e-05 	7.32187e-05 	0
9.17808 	4.67723e-05 	4.67723e-05 	0
9.21233 	4.33771e-05 	4.33771e-05 	0
9.24658 	6.32631e-05 	6.32631e-05 	0
9.28082 	7.8225e-05 	7.8225e-05 	0
9.31507 	4.16401e-05 	4.16401e-05 	0
9.34932 	6.85845e-05 	6.85845e-05 	0
9.38356 	9.1802e-05 	9.1802e-05 	0
9.41781 	5.24805e-05 	5.24805e-05 	0
9.45205 	9.34293e-05 	9.34293e-05 	0
9.4863 	4.77821e-05 	4.77821e-05 	0
9.52055 	8.1284e-05 	8.1284e-05 	0
9.55479 	9.4339e-05 	9.4339e-05 	0
9.58904 	4.92911e-05 	4.92911e-05 	0
9.62329 	7.13428e-05 	7.13428e-05 	0
9.65753 	7.18945e-05 	7.18945e-05 	0
9.69178 	7.43903e-05 	7.43903e-05 	0
9.72603 	5.26032e-05 	5.26032e-05 	0
9.76027 	6.8269e-05 	6.8269e-05 	0
9.79452 	5.14857e-05 	5.14857e-05 	0
9.82877 	8.80959e-05 	8.80959e-05 	0
9.86301 	7.00069e-05 	7.00069e-05 	0
9.89726 	8.88832e-05 	8.88832e-05 	0
9.93151 	5.0851e-05 	5.0851e-05 	0
9.96575 	6.4439e-05 	6.4439e-05 	0
10.0 	7.06857e-05 	7.06857e-05 	0
10.0342 	5.15331e-05 	5.15331e-05 	0
10.0685 	8.70038e-05 	8.70038e-05 	0
10.1027 	6.60995e-05 	6.60995e-05 	0
10.137 	6.15419e-05 	6.15419e-05 	0
10.1712 	9.34472e-05 	9.34472e-05 	0
10.2055 	7.2197e-05 	7.2197e-05 	0
10.2397 	7.30636e-05 	7.30636e-05 	0
10.274 	8.36101e-05 	8.36101e-05 	0
10.3082 	4.46998e-05 	4.46998e-05 	0
10.3425 	8.45134e-05 	8.45134e-05 	0
10.3767 	6.21928e-05 	6.21928e-05 	0
10.411 	3.47376e-05 	3.47376e-05 	0
10.4452 	9.8063e-05 	9.8063e-05 	0
10.4795 	8.41746e-05 	8.41746e-05 	0
10.5137 	4.57991e-05 	4.57991e-05 	0
10.5479 	7.65235e-05 	7.65235e-05 	0
10.5822 	8.12812e-05 	8.12812e-05 	0
10.6164 	8.86291e-05 	8.86291e-05 	0
10.6507 	8.45187e-05 	8.45187e-05 	0
10.6849 	6.59107e-05 	6.59107e-05 	0
10.7192 	7.56954e-05 	7.56954e-05 	0
10.7534 	4.44192e-05 	4.44192e-05 	0
10.7877 	6.89688e-05 	6.89688e-05 	0
10.8219 	9.73735e-05 	9.73735e-05 	0
10.8562 	4.51954e-05 	4.51954e-05 	0
10.8904 	7.54373e-05 	7.54373e-05 	0
10.9247 	8.26099e-05 	8.26099e-05 	0
10.9589 	4.04814e-05 	4.04814e-05 	0
10.9932 	8.32041e-05 	8.32041e-05 	0
11.0274 	6.23175e-05 	6.23175e-05 	0
11.0616 	5.53695e-05 	5.53695e-05 	0
11.0959 	8.25288e-05 	8.25288e-05 	0
11.1301 	7.87295e-05 	7.87295e-05 	0
11.1644 	7.37336e-05 	7.37336e-05 	0
11.1986 	8.55491e-05 	8.55491e-05 	0
11.2329 	7.34162e-05 	7.34162e-05 	0
11.2671 	7.85341e-05 	7.85341e-05 	0
11.3014 	4.26576e-05 	4.26576e-05 	0
11.3356 	9.05668e-05 	9.05668e-05 	0
11.3699 	6.27035e-05 	6.27035e-05 	0
11.4041 	3.43784e-05 	3.43784e-05 	0
11.4384 	9.62536e-05 	9.62536e-05 	0
11.4726 	3.42908e-05 	3.42908e-05 	0
11.5068 	5.39126e-05 	5.39126e-05 	0
11.5411 	5.59455e-05 	5.59455e-05 	0
11.5753 	6.17257e-05 	6.17257e-05 	0
11.6096 	4.53976e-05 	4.53976e-05 	0
11.6438 	4.51622e-05 	4.51622e-05 	0
11.6781 	7.85925e-05 	7.85925e-05 	0
11.7123 	3.25855e-05 	3.25855e-05 	0
11.7466 	4.66763e-05 	4.66763e-05 	0
11.7808 	6.16106e-05 	6.16106e-05 	0
11.8151 	5.938e-05 	5.938e-05 	0
11.8493 	7.47158e-05 	7.47158e-05 	0
11.8836 	7.47067e-05 	7.47067e-05 	0
11.9178 	5.33373e-05 	5.33373e-05 	0
11.9521 	6.26996e-05 	6.26996e-05 	0
11.9863 	5.44385e-05 	5.44385e-05 	0
12.0205 	6.40962e-05 	6.40962e-05 	0
12.0548 	5.28696e-05 	5.28696e-05 	0
12.089 	8.30511e-05 	8.30511e-05 	0
12.1233 	6.76682e-05 	6.76682e-05 	0
12.1575 	7.97204e-05 	7.97204e-05 	0
12.1918 	3.95628e-05 	3.95628e-05 	0
12.226 	6.38547e-05 	6.38547e-05 	0
12.2603 	7.71482e-05 	7.71482e-05 	0
12.2945 	4.28569e-05 	4.28569e-05 	0
12.3288 	6.96252e-05 	6.96252e-05 	0
12.363 	9.75517e-05 	9.75517e-05 	0
12.3973 	9.21527e-05 	9.21527e-05 	0
12.4315 	6.19605e-05 	6.19605e-05 	0
12.4658 	9.96338e-05 	9.96338e-05 	0
12.5 	8.76157e-05 	8.76157e-05 	0
12.5342 	6.76558e-05 	6.76558e-05 	0
12.5685 	7.2593e-05 	7.2593e-05 	0
12.6027 	4.94759e-05 	4.94759e-05 	0
12.637 	4.94276e-05 	4.94276e-05 	0
12.6712 	8.1411e-05 	8.1411e-05 	0
12.7055 	9.84151e-05 	9.84151e-05 	0
12.7397 	9.10339e-05 	9.10339e-05 	0
12.774 	7.01704e-05 	7.01704e-05 	0
12.8082 	3.6882e-05 	3.6882e-05 	0
12.8425 	8.69959e-05 	8.69959e-05 	0
12.8767 	7.4732e-05 	7.4732e-05 	0
12.911 	3.57135e-05 	3.57135e-05 	0
12.9452 	9.75753e-05 	9.75753e-05 	0
12.9795 	7.10506e-05 	7.10506e-05 	0
13.0137 	9.98149e-05 	9.98149e-05 	0
13.0479 	6.54006e-05 	6.54006e-05 	0
13.0822 	6.31279e-05 	6.31279e-05 	0
13.1164 	7.78338e-05 	7.78338e-05 	0
13.1507 	5.65096e-05 	5.65096e-05 	0
13.1849 	6.43339e-05 	6.43339e-05 	0
13.2192 	7.562e-05 	7.562e-05 	0
13.2534 	4.05141e-05 	4.05141e-05 	0
13.2877 	8.64986e-05 	8.64986e-05 	0
13.3219 	8.17779e-05 	8.17779e-05 	0
13.3562 	4.23776e-05 	4.23776e-05 	0
13.3904 	6.77218e-05 	6.77218e-05 	0
13.4247 	3.79314e-05 	3.79314e-05 	0
13.4589 	7.22465e-05 	7.22465e-05 	0
13.4932 	6.5544e-05 	6.5544e-05 	0
13.5274 	3.62341e-05 	3.62341e-05 	0
13.5616 	4.35007e-05 	4.35007e-05 	0
13.5959 	7.27355e-05 	7.27355e-05 	0
13.6301 	6.42925e-05 	6.42925e-05 	0
13.6644 	8.26469e-05 	8.26469e-05 	0
13.6986 	3.73326e-05 	3.73326e-05 	0
13.7329 	6.00809e-05 	6.00809e-05 	0
13.7671 	9.67216e-05 	9.67216e-05 	0
13.8014 	4.05853e-05 	4.05853e-05 	0
13.8356 	8.64668e-05 	8.64668e-05 	0
13.8699 	9.84941e-05 	9.84941e-05 	0
13.9041 	4.82897e-05 	4.82897e-05 	0
13.9384 	9.60399e-05 	9.60399e-05 	0
13.9726 	5.20964e-05 	5.20964e-05 	0
14.0068 	5.70345e-05 	5.70345e-05 	0
14.0411 	6.19614e-05 	6.19614e-05 	0
14.0753 	5.05451e-05 	5.05451e-05 	0
14.1096 	6.7997e-05 	6.7997e-05 	0
14.1438 	6.7995e-05 	6.7995e-05 	0
14.1781 	4.9642e-05 	4.9642e-05 	0
14.2123 	7.16033e-05 	7.16033e-05 	0
14.2466 	9.22792e-05 	9.22792e-05 	0
14.2808 	5.13896e-05 	5.13896e-05 	0
14.3151 	7.38888e-05 	7.38888e-05 	0
14.3493 	5.28737e-05 	5.28737e-05 	0
14.3836 	5.09012e-05 	5.09012e-05 	0
14.4178 	9.56645e-05 	9.56645e-05 	0
14.4521 	3.78152e-05 	3.78152e-05 	0
14.4863 	8.3255e-05 	8.3255e-05 	0
14.5205 	9.18297e-05 	9.18297e-05 	0
14.5548 	3.67369e-05 	3.67369e-05 	0
14.589 	5.78872e-05 	5.78872e-05 	0
14.6233 	9.23318e-05 	9.23318e-05 	0
14.6575 	6.58413e-05 	6.58413e-05 	0
14.6918 	7.88472e-05 	7.88472e-05 	0
14.726 	7.55444e-05 	7.55444e-05 	0
14.7603 	8.30027e-05 	8.30027e-05 	0
14.7945 	6.63824e-05 	6.63824e-05 	0
14.8288 	9.83844e-05 	9.83844e-05 	0
14.863 	9.55931e-05 	9.55931e-05 	0
14.8973 	5.27349e-05 	5.27349e-05 	0
14.9315 	9.4358e-05 	9.4358e-05 	0
14.9658 	4.52507e-05 	4.52507e-05 	0
15.0 	6.55455e-05 	6.55455e-05 	0
15.0342 	8.1571e-05 	8.1571e-05 	0
15.0685 	9.47027e-05 	9.47027e-05 	0
15.1027 	3.92436e-05 	3.92436e-05 	0
15.137 	6.96367e-05 	6.96367e-05 	0
15.1712 	5.8798e-05 	5.8798e-05 	0
15.2055 	5.9057e-05 	5.9057e-05 	0
15.2397 	8.13482e-05 	8.13482e-05 	0
15.274 	4.9555e-05 	4.9555e-05 	0
15.3082 	9.59973e-05 	9.59973e-05 	0
15.3425 	8.12689e-05 	8.12689e-05 	0
15.3767 	8.92497e-05 	8.92497e-05 	0
15.411 	5.27068e-05 	5.27068e-05 	0
15.4452 	6.43975e-05 	6.43975e-05 	0
15.4795 	4.70051e-05 	4.70051e-05 	0
15.5137 	8.33527e-05 	8.33527e-05 	0
15.5479 	4.16281e-05 	4.16281e-05 	0
15.5822 	6.9892e-05 	6.9892e-05 	0
15.6164 	7.59403e-05 	7.59403e-05 	0
15.6507 	3.65979e-05 	3.65979e-05 	0
15.6849 	6.56429e-05 	6.56429e-05 	0
15.7192 	5.02184e-05 	5.02184e-05 	0
15.7534 	5.25741e-05 	5.25741e-05 	0
15.7877 	8.23616e-05 	8.23616e-05 	0
15.8219 	7.86037e-05 	7.86037e-05 	0
15.8562 	8.10972e-05 	8.10972e-05 	0
15.8904 	7.13618e-05 	7.13618e-05 	0
15.9247 	3.75952e-05 	3.75952e-05 	0
15.9589 	6.17703e-05 	6.17703e-05 	0
15.9932 	4.9798e-05 	4.9798e-05 	0
16.0274 	9.73233e-05 	9.73233e-05 	0
16.0616 	5.89823e-05 	5.89823e-05 	0
16.0959 	3.37938e-05 	3.37938e-05 	0
16.1301 	7.2708e-05 	7.2708e-05 	0
16.1644 	4.20274e-05 	4.20274e-05 	0
16.1986 	6.88227e-05 	6.88227e-05 	0
16.2329 	5.86679e-05 	5.86679e-05 	0
16.2671 	6.35944e-05 	6.35944e-05 	0
16.3014 	7.53666e-05 	7.53666e-05 	0
16.3356 	5.82795e-05 	5.82795e-05 	0
16.3699 	7.53723e-05 	7.53723e-05 	0
16.4041 	5.82173e-05 	5.82173e-05 	0
16.4384 	5.88894e-05 	5.88894e-05 	0
16.4726 	6.73769e-05 	6.73769e-05 	0
16.5068 	5.36427e-05 	5.36427e-05 	0
16.5411 	8.57062e-05 	8.57062e-05 	0
16.5753 	6.23891e-05 	6.23891e-05 	0
16.6096 	3.5899e-05 	3.5899e-05 	0
16.6438 	7.16571e-05 	7.16571e-05 	0
16.6781 	5.49805e-05 	5.49805e-05 	0
16.7123 	5.09465e-05 	5.09465e-05 	0
16.7466 	8.18776e-05 	8.18776e-05 	0
16.7808 	7.87515e-05 	7.87515e-05 	0
16.8151 	7.20045e-05 	7.20045e-05 	0
16.8493 	5.75715e-05 	5.75715e-05 	0
16.8836 	6.10311e-05 	6.10311e-05 	0
16.9178 	8.37351e-05 	8.37351e-05 	0
16.9521 	6.09806e-05 	6.09806e-05 	0
16.9863 	7.37727e-05 	7.37727e-05 	0
17.0205 	5.33672e-05 	5.33672e-05 	0
17.0548 	5.25638e-05 	5.25638e-05 	0
17.089 	6.23533e-05 	6.23533e-05 	0
17.1233 	3.55594e-05 	3.55594e-05 	0
17.1575 	9.49637e-05 	9.49637e-05 	0
17.1918 	6.67023e-05 	6.67023e-05 	0
17.226 	7.43344e-05 	7.43344e-05 	0
17.2603 	9.16085e-05 	9.16085e-05 	0
17.2945 	9.93642e-05 	9.93642e-05 	0
17.3288 	8.56834e-05 	8.56834e-05 	0
17.363 	6.08073e-05 	6.08073e-05 	0
17.3973 	7.39431e-05 	7.39431e-05 	0
17.4315 	5.61009e-05 	5.61009e-05 	0
17.4658 	7.04109e-05 	7.04109e-05 	0
17.5 	6.8724e-05 	6.8724e-05 	0
17.5342 	8.18308e-05 	8.18308e-05 	0
17.5685 	5.78857e-05 	5.78857e-05 	0
17.6027 	6.83672e-05 	6.83672e-05 	0
17.637 	6.57267e-05 	6.57267e-05 	0
17.6712 	6.96807e-05 	6.96807e-05 	0
17.7055 	7.95306e-05 	7.95306e-05 	0
17.7397 	4.14892e-05 	4.14892e-05 	0
17.774 	6.64094e-05 	6.64094e-05 	0
17.8082 	9.73701e-05 	9.73701e-05 	0
17.8425 	9.20706e-05 	9.20706e-05 	0
17.8767 	6.17327e-05 	6.17327e-05 	0
17.911 	9.72284e-05 	9.72284e-05 	0
17.9452 	8.37571e-05 	8.37571e-05 	0
17.9795 	6.45714e-05 	6.45714e-05 	0
18.0137 	9.49717e-05 	9.49717e-05 	0
18.0479 	7.03255e-05 	7.03255e-05 	0
18.0822 	4.88193e-05 	4.88193e-05 	0
18.1164 	6.75884e-05 	6.75884e-05 	0
18.1507 	6.98622e-05 	6.98622e-05 	0
18.1849 	4.69797e-05 	4.69797e-05 	0
18.2192 	5.80513e-05 	5.80513e-05 	0
18.2534 	7.06137e-05 	7.06137e-05 	0
18.2877 	8.18664e-05 	8.18664e-05 	0
18.3219 	5.38457e-05 	5.38457e-05 	0
18.3562 	5.0794e-05 	5.0794e-05 	0
18.3904 	4.19153e-05 	4.19153e-05 	0
18.4247 	3.71443e-05 	3.71443e-05 	0
18.4589 	4.29042e-05 	4.29042e-05 	0
18.4932 	7.21881e-05 	7.21881e-05 	0
18.5274 	8.1596e-05 	8.1596e-05 	0
18.5616 	9.03367e-05 	9.03367e-05 	0
18.5959 	8.64105e-05 	8.64105e-05 	0
18.6301 	6.20656e-05 	6.20656e-05 	0
18.6644 	7.50687e-05 	7.50687e-05 	0
18.6986 	5.84855e-05 	5.84855e-05 	0
18.7329 	3.96523e-05 	3.96523e-05 	0
18.7671 	7.54371e-05 	7.54371e-05 	0
18.8014 	9.49034e-05 	9.49034e-05 	0
18.8356 	4.55789e-05 	4.55789e-05 	0
18.8699 	6.52527e-05 	6.52527e-05 	0
18.9041 	7.35686e-05 	7.35686e-05 	0
18.9384 	6.28017e-05 	6.28017e-05 	0
18.9726 	9.2759e-05 	9.2759e-05 	0
19.0068 	9.48116e-05 	9.48116e-05 	0
19.0411 	9.49042e-05 	9.49042e-05 	0
19.0753 	3.99547e-05 	3.99547e-05 	0
19.1096 	7.28101e-05 	7.28101e-05 	0
19.1438 	7.17205e-05 	7.17205e-05 	0
19.1781 	5.85968e-05 	5.85968e-05 	0
19.2123 	7.05425e-05 	7.05425e-05 	0
19.2466 	6.04831e-05 	6.04831e-05 	0
19.2808 	9.62208e-05 	9.62208e-05 	0
19.3151 	6.5378e-05 	6.5378e-05 	0
19.3493 	9.75663e-05 	9.75663e-05 	0
19.3836 	9.6943e-05 	9.6943e-05 	0
19.4178 	8.44091e-05 	8.44091e-05 	0
19.4521 	8.12146e-05 	8.12146e-05 	0
19.4863 	4.96662e-05 	4.96662e-05 	0
19.5205 	9.6295e-05 	9.6295e-05 	0
19.5548 	5.56987e-05 	5.56987e-05 	0
19.589 	8.88484e-05 	8.88484e-05 	0
19.6233 	6.72288e-05 	6.72288e-05 	0
19.6575 	8.48974e-05 	8.48974e-05 	0
19.6918 	8.42936e-05 	8.42936e-05 	0
19.726 	7.68879e-05 	7.68879e-05 	0
19.7603 	6.75721e-05 	6.75721e-05 	0
19.7945 	8.72505e-05 	8.72505e-05 	0
19.8288 	5.28413e-05 	5.28413e-05 	0
19.863 	7.08971e-05 	7.08971e-05 	0
19.8973 	8.72365e-05 	8.72365e-05 	0
19.9315 	9.94985e-05 	9.94985e-05 	0
19.9658 	3.85689e-05 	3.85689e-05 	0
20.0 	4.0233e-05 	4.0233e-05 	0
20.0342 	6.28831e-05 	6.28831e-05 	0
20.0685 	7.83997e-05 	7.83997e-05 	0
20.1027 	3.85869e-05 	3.85869e-05 	0
20.137 	7.05274e-05 	7.05274e-05 	0
20.1712 	7.49582e-05 	7.49582e-05 	0
20.2055 	8.75042e-05 	8.75042e-05 	0
20.2397 	7.80598e-05 	7.80598e-05 	0
20.274 	4.69004e-05 	4.69004e-05 	0
20.3082 	8.01274e-05 	8.01274e-05 	0
20.3425 	7.1704e-05 	7.1704e-05 	0
20.3767 	9.15776e-05 	9.15776e-05 	0
20.411 	5.19015e-05 	5.19015e-05 	0
20.4452 	6.48658e-05 	6.48658e-05 	0
20.4795 	6.81914e-05 	6.81914e-05 	0
20.5137 	5.9446e-05 	5.9446e-05 	0
20.5479 	7.94599e-05 	7.94599e-05 	0
20.5822 	4.98931e-05 	4.98931e-05 	0
20.6164 	7.43125e-05 	7.43125e-05 	0
20.6507 	8.745e-05 	8.745e-05 	0
20.6849 	4.53866e-05 	4.53866e-05 	0
20.7192 	6.40114e-05 	6.40114e-05 	0
20.7534 	3.93576e-05 	3.93576e-05 	0
20.7877 	7.54028e-05 	7.54028e-05 	0
20.8219 	5.87162e-05 	5.87162e-05 	0
20.8562 	6.13968e-05 	6.13968e-05 	0
20.8904 	7.02341e-05 	7.02341e-05 	0
20.9247 	9.39733e-05 	9.39733e-05 	0
20.9589 	6.84488e-05 	6.84488e-05 	0
20.9932 	8.49612e-05 	8.49612e-05 	0
21.0274 	9.82098e-05 	9.82098e-05 	0
21.0616 	9.52412e-05 	9.52412e-05 	0
21.0959 	6.96842e-05 	6.96842e-05 	0
21.1301 	8.11286e-05 	8.11286e-05 	0
21.1644 	4.26331e-05 	4.26331e-05 	0
21.1986 	7.81016e-05 	7.81016e-05 	0
21.2329 	6.27139e-05 	6.27139e-05 	0
21.2671 	3.55838e-05 	3.55838e-05 	0
21.3014 	5.14506e-05 	5.14506e-05 	0
21.3356 	7.94903e-05 	7.94903e-05 	0
21.3699 	6.86614e-05 	6.86614e-05 	0
21.4041 	5.39726e-05 	5.39726e-05 	0
21.4384 	9.41067e-05 	9.41067e-05 	0
21.4726 	4.30831e-05 	4.30831e-05 	0
21.5068 	8.37451e-05 	8.37451e-05 	0
21.5411 	4.15636e-05 	4.15636e-05 	0
21.5753 	6.95287e-05 	6.95287e-05 	0
21.6096 	4.99543e-05 	4.99543e-05 	0
21.6438 	6.03142e-05 	6.03142e-05 	0
21.6781 	6.94544e-05 	6.94544e-05 	0
21.7123 	5.74381e-05 	5.74381e-05 	0
21.7466 	3.745e-05 	3.745e-05 	0
21.7808 	4.76353e-05 	4.76353e-05 	0
21.8151 	5.02156e-05 	5.02156e-05 	0
21.8493 	9.86911e-05 	9.86911e-05 	0
21.8836 	5.42034e-05 	5.42034e-05 	0
21.9178 	8.34488e-05 	8.34488e-05 	0
21.9521 	6.84358e-05 	6.84358e-05 	0
21.9863 	7.95182e-05 	7.95182e-05 	0
22.0205 	4.223e-05 	4.223e-05 	0
22.0548 	7.28836e-05 	7.28836e-05 	0
22.089 	3.19958e-05 	3.19958e-05 	0
22.1233 	9.16422e-05 	9.16422e-05 	0
22.1575 	4.88156e-05 	4.88156e-05 	0
22.1918 	4.4779e-05 	4.4779e-05 	0
22.226 	5.11406e-05 	5.11406e-05 	0
22.2603 	9.05092e-05 	9.05092e-05 	0
22.2945 	7.20594e-05 	7.20594e-05 	0
22.3288 	8.77938e-05 	8.77938e-05 	0
22.363 	9.62257e-05 	9.62257e-05 	0
22.3973 	8.93906e-05 	8.93906e-05 	0
22.4315 	6.84629e-05 	6.84629e-05 	0
22.4658 	5.17651e-05 	5.17651e-05 	0
22.5 	8.39467e-05 	8.39467e-05 	0
22.5342 	5.87851e-05 	5.87851e-05 	0
22.5685 	4.90903e-05 	4.90903e-05 	0
22.6027 	5.87865e-05 	5.87865e-05 	0
22.637 	4.93876e-05 	4.93876e-05 	0
22.6712 	5.88159e-05 	5.88159e-05 	0
22.7055 	5.34754e-05 	5.34754e-05 	0
22.7397 	6.09937e-05 	6.09937e-05 	0
22.774 	5.20899e-05 	5.20899e-05 	0
22.8082 	5.98398e-05 	5.98398e-05 	0
22.8425 	7.04028e-05 	7.04028e-05 	0
22.8767 	5.78096e-05 	5.78096e-05 	0
22.911 	6.74582e-05 	6.74582e-05 	0
22.9452 	5.73184e-05 	5.73184e-05 	0
22.9795 	9.41758e-05 	9.41758e-05 	0
23.0137 	6.39519e-05 	6.39519e-05 	0
23.0479 	7.65828e-05 	7.65828e-05 	0
23.0822 	4.06309e-05 	4.06309e-05 	0
23.1164 	6.13962e-05 	6.13962e-05 	0
23.1507 	5.81051e-05 	5.81051e-05 	0
23.1849 	5.20055e-05 	5.20055e-05 	0
23.2192 	6.1213e-05 	6.1213e-05 	0
23.2534 	6.85708e-05 	6.85708e-05 	0
23.2877 	3.67889e-05 	3.67889e-05 	0
23.3219 	8.09276e-05 	8.09276e-05 	0
23.3562 	6.99043e-05 	6.99043e-05 	0
23.3904 	6.49368e-05 	6.49368e-05 	0
23.4247 	4.93115e-05 	4.93115e-05 	0
23.4589 	6.75294e-05 	6.75294e-05 	0
23.4932 	9.93694e-05 	9.93694e-05 	0
23.5274 	8.69819e-05 	8.69819e-05 	0
23.5616 	5.0199e-05 	5.0199e-05 	0
23.5959 	5.62344e-05 	5.62344e-05 	0
23.6301 	7.56491e-05 	7.56491e-05 	0
23.6644 	9.90897e-05 	9.90897e-05 	0
23.6986 	4.55371e-05 	4.55371e-05 	0
23.7329 	7.23994e-05 	7.23994e-05 	0
23.7671 	7.4263e-05 	7.4263e-05 	0
23.8014 	4.46616e-05 	4.46616e-05 	0
23.8356 	7.51477e-05 	7.51477e-05 	0
23.8699 	9.7373e-05 	9.7373e-05 	0
23.9041 	8.29514e-05 	8.29514e-05 	0
23.9384 	3.80797e-05 	3.80797e-05 	0
23.9726 	4.07135e-05 	4.07135e-05 	0
24.0068 	4.80576e-05 	4.80576e-05 	0
24.0411 	9.72387e-05 	9.72387e-05 	0
24.0753 	5.19268e-05 	5.19268e-05 	0
24.1096 	9.77124e-05 	9.77124e-05 	0
24.1438 	7.79217e-05 	7.79217e-05 	0
24.1781 	5.50334e-05 	5.50334e-05 	0
24.2123 	3.82873e-05 	3.82873e-05 	0
24.2466 	5.2857e-05 	5.2857e-05 	0
24.2808 	8.14799e-05 	8.14799e-05 	0
24.3151 	4.11349e-05 	4.11349e-05 	0
24.3493 	5.26501e-05 	5.26501e-05 	0
24.3836 	4.23942e-05 	4.23942e-05 	0
24.4178 	6.26715e-05 	6.26715e-05 	0
24.4521 	4.46006e-05 	4.46006e-05 	0
24.4863 	6.42696e-05 	6.42696e-05 	0
24.5205 	4.81418e-05 	4.81418e-05 	0
24.5548 	7.85671e-05 	7.85671e-05 	0
24.589 	7.65026e-05 	7.65026e-05 	0
24.6233 	4.1737e-05 	4.1737e-05 	0
24.6575 	6.05805e-05 	6.05805e-05 	0
24.6918 	9.0488e-05 	9.0488e-05 	0
24.726 	7.04247e-05 	7.04247e-05 	0
24.7603 	6.22199e-05 	6.22199e-05 	0
24.7945 	4.60379e-05 	4.60379e-05 	0
24.8288 	9.32164e-05 	9.32164e-05 	0
24.863 	6.6185e-05 	6.6185e-05 	0
24.8973 	4.81974e-05 	4.81974e-05 	0
24.9315 	5.92381e-05 	5.92381e-05 	0
24.9658 	9.11858e-05 	9.11858e-05 	0
25.0 	3.66165e-05 	3.66165e-05 	0
25.0342 	8.86658e-05 	8.86658e-05 	0
25.0685 	5.41617e-05 	5.41617e-05 	0
25.1027 	5.12373e-05 	5.12373e-05 	0
25.137 	6.49275e-05 	6.49275e-05 	0
25.1712 	9.6908e-05 	9.6908e-05 	0
25.2055 	5.83764e-05 	5.83764e-05 	0
25.2397 	6.47955e-05 	6.47955e-05 	0
25.274 	9.0529e-05 	9.0529e-05 	0
25.3082 	7.21183e-05 	7.21183e-05 	0
25.3425 	7.27783e-05 	7.27783e-05 	0
25.3767 	5.65476e-05 	5.65476e-05 	0
25.411 	5.70534e-05 	5.70534e-05 	0
25.4452 	6.06078e-05 	6.06078e-05 	0
25.4795 	5.28408e-05 	5.28408e-05 	0
25.5137 	6.92266e-05 	6.92266e-05 	0
25.5479 	7.4135e-05 	7.4135e-05 	0
25.5822 	8.92034e-05 	8.92034e-05 	0
25.6164 	4.2571e-05 	4.2571e-05 	0
25.6507 	5.87267e-05 	5.87267e-05 	0
25.6849 	6.7864e-05 	6.7864e-05 	0
25.7192 	4.69862e-05 	4.69862e-05 	0
25.7534 	3.7626e-05 	3.7626e-05 	0
25.7877 	6.45952e-05 	6.45952e-05 	0
25.8219 	7.9032e-05 	7.9032e-05 	0
25.8562 	6.10452e-05 	6.10452e-05 	0
25.8904 	7.63862e-05 	7.63862e-05 	0
25.9247 	3.77166e-05 	3.77166e-05 	0
25.9589 	9.66184e-05 	9.66184e-05 	0
25.9932 	8.44424e-05 	8.44424e-05 	0
26.0274 	9.02765e-05 	9.02765e-05 	0
26.0616 	4.18804e-05 	4.18804e-05 	0
26.0959 	4.17112e-05 	4.17112e-05 	0
26.1301 	5.97404e-05 	5.97404e-05 	0
26.1644 	6.28484e-05 	6.28484e-05 	0
26.1986 	5.90878e-05 	5.90878e-05 	0
26.2329 	9.12233e-05 	9.12233e-05 	0
26.2671 	6.28896e-05 	6.28896e-05 	0
26.3014 	8.87183e-05 	8.87183e-05 	0
26.3356 	7.24656e-05 	7.24656e-05 	0
26.3699 	5.88339e-05 	5.88339e-05 	0
26.4041 	9.70323e-05 	9.70323e-05 	0
26.4384 	7.77098e-05 	7.77098e-05 	0
26.4726 	5.75508e-05 	5.75508e-05 	0
26.5068 	8.27343e-05 	8.27343e-05 	0
26.5411 	9.61423e-05 	9.61423e-05 	0
26.5753 	6.39715e-05 	6.39715e-05 	0
26.6096 	4.27358e-05 	4.27358e-05 	0
26.6438 	5.18549e-05 	5.18549e-05 	0
26.6781 	6.74061e-05 	6.74061e-05 	0
26.7123 	5.67441e-05 	5.67441e-05 	0
26.7466 	7.62289e-05 	7.62289e-05 	0
26.7808 	7.71284e-05 	7.71284e-05 	0
26.8151 	8.38276e-05 	8.38276e-05 	0
26.8493 	4.01834e-05 	4.01834e-05 	0
26.8836 	9.12309e-05 	9.12309e-05 	0
26.9178 	5.16108e-05 	5.16108e-05 	0
26.9521 	9.61186e-05 	9.61186e-05 	0
26.9863 	4.61144e-05 	4.61144e-05 	0
27.0205 	9.6148e-05 	9.6148e-05 	0
27.0548 	8.44586e-05 	8.44586e-05 	0
27.089 	5.28414e-05 	5.28414e-05 	0
27.1233 	5.2703e-05 	5.2703e-05 	0
27.1575 	3.51416e-05 	3.51416e-05 	0
27.1918 	4.87041e-05 	4.87041e-05 	0
27.226 	6.21937e-05 	6.21937e-05 	0
27.2603 	6.93729e-05 	6.93729e-05 	0
27.2945 	8.1915e-05 	8.1915e-05 	0
27.3288 	4.12875e-05 	4.12875e-05 	0
27.363 	6.49474e-05 	6.49474e-05 	0
27.3973 	7.46778e-05 	7.46778e-05 	0
27.4315 	4.24203e-05 	4.24203e-05 	0
27.4658 	7.04888e-05 	7.04888e-05 	0
27.5 	3.911e-05 	3.911e-05 	0
27.5342 	8.01883e-05 	8.01883e-05 	0
27.5685 	5.0369e-05 	5.0369e-05 	0
27.6027 	7.91336e-05 	7.91336e-05 	0
27.637 	7.42209e-05 	7.42209e-05 	0
27.6712 	4.65918e-05 	4.65918e-05 	0
27.7055 	4.92759e-05 	4.92759e-05 	0
27.7397 	8.46619e-05 	8.46619e-05 	0
27.774 	3.69252e-05 	3.69252e-05 	0
27.8082 	9.30658e-05 	9.30658e-05 	0
27.8425 	7.85024e-05 	7.85024e-05 	0
27.8767 	6.42665e-05 	6.42665e-05 	0
27.911 	8.18302e-05 	8.18302e-05 	0
27.9452 	4.63541e-05 	4.63541e-05 	0
27.9795 	5.98294e-05 	5.98294e-05 	0
28.0137 	5.97416e-05 	5.97416e-05 	0
28.0479 	3.42457e-05 	3.42457e-05 	0
28.0822 	6.27827e-05 	6.27827e-05 	0
28.1164 	6.01686e-05 	6.01686e-05 	0
28.1507 	7.49399e-05 	7.49399e-05 	0
28.1849 	9.76055e-05 	9.76055e-05 	0
28.2192 	3.38456e-05 	3.38456e-05 	0
28.2534 	6.13327e-05 	6.13327e-05 	0
28.2877 	9.19963e-05 	9.19963e-05 	0
28.3219 	7.34622e-05 	7.34622e-05 	0
28.3562 	7.00841e-05 	7.00841e-05 	0
28.3904 	5.40261e-05 	5.40261e-05 	0
28.4247 	9.06018e-05 	9.06018e-05 	0
28.4589 	7.41592e-05 	7.41592e-05 	0
28.4932 	9.0364e-05 	9.0364e-05 	0
28.5274 	6.69196e-05 	6.69196e-05 	0
28.5616 	4.64343e-05 	4.64343e-05 	0
28.5959 	8.37189e-05 	8.37189e-05 	0
28.6301 	7.30713e-05 	7.30713e-05 	0
28.6644 	3.60481e-05 	3.60481e-05 	0
28.6986 	4.285e-05 	4.285e-05 	0
28.7329 	9.49511e-05 	9.49511e-05 	0
28.7671 	9.66386e-05 	9.66386e-05 	0
28.8014 	7.89104e-05 	7.89104e-05 	0
28.8356 	6.82736e-05 	6.82736e-05 	0
28.8699 	8.47341e-05 	8.47341e-05 	0
28.9041 	4.15395e-05 	4.15395e-05 	0
28.9384 	6.57297e-05 	6.57297e-05 	0
28.9726 	6.1473e-05 	6.1473e-05 	0
29.0068 	5.39414e-05 	5.39414e-05 	0
29.0411 	9.58832e-05 	9.58832e-05 	0
29.0753 	7.4313e-05 	7.4313e-05 	0
29.1096 	9.32738e-05 	9.32738e-05 	0
29.1438 	3.80283e-05 	3.80283e-05 	0
29.1781 	5.18324e-05 	5.18324e-05 	0
29.2123 	7.72444e-05 	7.72444e-05 	0
29.2466 	3.81941e-05 	3.81941e-05 	0
29.2808 	3.92673e-05 	3.92673e-05 	0
29.3151 	6.78488e-05 	6.78488e-05 	0
29.3493 	4.71703e-05 	4.71703e-05 	0
29.3836 	5.19041e-05 	5.19041e-05 	0
29.4178 	7.33547e-05 	7.33547e-05 	0
29.4521 	9.10997e-05 	9.10997e-05 	0
29.4863 	7.01317e-05 	7.01317e-05 	0
29.5205 	7.9063e-05 	7.9063e-05 	0
29.5548 	4.3726e-05 	4.3726e-05 	0
29.589 	8.5613e-05 	8.5613e-05 	0
29.6233 	6.15693e-05 	6.15693e-05 	0
29.6575 	6.94102e-05 	6.94102e-05 	0
29.6918 	6.21551e-05 	6.21551e-05 	0
29.726 	5.25966e-05 	5.25966e-05 	0
29.7603 	6.1024e-05 	6.1024e-05 	0
29.7945 	5.00426e-05 	5.00426e-05 	0
29.8288 	8.69181e-05 	8.69181e-05 	0
29.863 	4.70646e-05 	4.70646e-05 	0
29.8973 	7.6354e-05 	7.6354e-05 	0
29.9315 	9.11659e-05 	9.11659e-05 	0
29.9658 	6.62396e-05 	6.62396e-05 	0
30.0 	3.54265e-05 	3.54265e-05 	0
30.0342 	8.79873e-05 	8.79873e-05 	0
30.0685 	7.12833e-05 	7.12833e-05 	0
30.1027 	3.52277e-05 	3.52277e-05 	0
30.137 	9.74282e-05 	9.74282e-05 	0
30.1712 	7.03011e-05 	7.03011e-05 	0
30.2055 	9.15208e-05 	9.15208e-05 	0
30.2397 	4.7429e-05 	4.7429e-05 	0
30.274 	8.2164e-05 	8.2164e-05 	0
30.3082 	4.57264e-05 	4.57264e-05 	0
30.3425 	6.78204e-05 	6.78204e-05 	0
30.3767 	6.74332e-05 	6.74332e-05 	0
30.411 	5.78468e-05 	5.78468e-05 	0
30.4452 	9.33671e-05 	9.33671e-05 	0
30.4795 	9.26949e-05 	9.26949e-05 	0
30.5137 	7.41531e-05 	7.41531e-05 	0
30.5479 	4.11869e-05 	4.11869e-05 	0
30.5822 	5.2326e-05 	5.2326e-05 	0
30.6164 	8.25834e-05 	8.25834e-05 	0
30.6507 	9.73728e-05 	9.73728e-05 	0
30.6849 	6.47271e-05 	6.47271e-05 	0
30.7192 	6.54542e-05 	6.54542e-05 	0
30.7534 	9.73739e-05 	9.73739e-05 	0
30.7877 	8.30527e-05 	8.30527e-05 	0
30.8219 	7.22086e-05 	7.22086e-05 	0
30.8562 	7.91348e-05 	7.91348e-05 	0
30.8904 	8.83848e-05 	8.83848e-05 	0
30.9247 	4.24966e-05 	4.24966e-05 	0
30.9589 	7.04065e-05 	7.04065e-05 	0
30.9932 	3.89216e-05 	3.89216e-05 	0
31.0274 	7.89434e-05 	7.89434e-05 	0
31.0616 	4.9321e-05 	4.9321e-05 	0
31.0959 	8.43049e-05 	8.43049e-05 	0
31.1301 	7.00404e-05 	7.00404e-05 	0
31.1644 	4.80544e-05 	4.80544e-05 	0
31.1986 	5.41339e-05 	5.41339e-05 	0
31.2329 	9.31863e-05 	9.31863e-05 	0
31.2671 	9.83221e-05 	9.83221e-05 	0
31.3014 	8.59845e-05 	8.59845e-05 	0
31.3356 	8.09707e-05 	8.09707e-05 	0
31.3699 	7.74514e-05 	7.74514e-05 	0
31.4041 	9.22442e-05 	9.22442e-05 	0
31.4384 	9.09838e-05 	9.09838e-05 	0
31.4726 	6.79282e-05 	6.79282e-05 	0
31.5068 	7.16749e-05 	7.16749e-05 	0
31.5411 	9.12116e-05 	9.12116e-05 	0
31.5753 	4.47039e-05 	4.47039e-05 	0
31.6096 	7.39185e-05 	7.39185e-05 	0
31.6438 	8.38494e-05 	8.38494e-05 	0
31.6781 	4.4982e-05 	4.4982e-05 	0
31.7123 	6.56164e-05 	6.56164e-05 	0
31.7466 	5.99386e-05 	5.99386e-05 	0
31.7808 	6.2765e-05 	6.2765e-05 	0
31.8151 	4.65945e-05 	4.65945e-05 	0
31.8493 	6.38077e-05 	6.38077e-05 	0
31.8836 	9.92521e-05 	9.92521e-05 	0
31.9178 	8.79365e-05 	8.79365e-05 	0
31.9521 	5.96707e-05 	5.96707e-05 	0
31.9863 	8.15483e-05 	8.15483e-05 	0
32.0205 	6.26839e-05 	6.26839e-05 	0
32.0548 	7.66056e-05 	7.66056e-05 	0
32.089 	3.65128e-05 	3.65128e-05 	0
32.1233 	5.69032e-05 	5.69032e-05 	0
32.1575 	5.82784e-05 	5.82784e-05 	0
32.1918 	8.14818e-05 	8.14818e-05 	0
32.226 	9.76897e-05 	9.76897e-05 	0
32.2603 	9.03139e-05 	9.03139e-05 	0
32.2945 	7.00501e-05 	7.00501e-05 	0
32.3288 	8.89069e-05 	8.89069e-05 	0
32.363 	8.5191e-05 	8.5191e-05 	0
32.3973 	9.73419e-05 	9.73419e-05 	0
32.4315 	8.56124e-05 	8.56124e-05 	0
32.4658 	4.91929e-05 	4.91929e-05 	0
32.5 	8.36127e-05 	8.36127e-05 	0
32.5342 	4.22102e-05 	4.22102e-05 	0
32.5685 	3.70487e-05 	3.70487e-05 	0
32.6027 	3.65174e-05 	3.65174e-05 	0
32.637 	7.30223e-05 	7.30223e-05 	0
32.6712 	6.27806e-05 	6.27806e-05 	0
32.7055 	6.70725e-05 	6.70725e-05 	0
32.7397 	5.89397e-05 	5.89397e-05 	0
32.774 	8.19009e-05 	8.19009e-05 	0
32.8082 	8.33419e-05 	8.33419e-05 	0
32.8425 	8.31795e-05 	8.31795e-05 	0
32.8767 	3.82281e-05 	3.82281e-05 	0
32.911 	9.52729e-05 	9.52729e-05 	0
32.9452 	3.79718e-05 	3.79718e-05 	0
32.9795 	6.5043e-05 	6.5043e-05 	0
33.0137 	6.98139e-05 	6.98139e-05 	0
33.0479 	6.87288e-05 	6.87288e-05 	0
33.0822 	4.92581e-05 	4.92581e-05 	0
33.1164 	6.58528e-05 	6.58528e-05 	0
33.1507 	3.7297e-05 	3.7297e-05 	0
33.1849 	3.66517e-05 	3.66517e-05 	0
33.2192 	6.93893e-05 	6.93893e-05 	0
33.2534 	6.45474e-05 	6.45474e-05 	0
33.2877 	5.30685e-05 	5.30685e-05 	0
33.3219 	7.29704e-05 	7.29704e-05 	0
33.3562 	4.26566e-05 	4.26566e-05 	0
33.3904 	8.60471e-05 	8.60471e-05 	0
33.4247 	8.45564e-05 	8.45564e-05 	0
33.4589 	4.68528e-05 	4.68528e-05 	0
33.4932 	3.64841e-05 	3.64841e-05 	0
33.5274 	9.10304e-05 	9.10304e-05 	0
33.5616 	6.44912e-05 	6.44912e-05 	0
33.5959 	8.19084e-05 	8.19084e-05 	0
33.6301 	8.89647e-05 	8.89647e-05 	0
33.6644 	8.11263e-05 	8.11263e-05 	0
33.6986 	5.27455e-05 	5.27455e-05 	0
33.7329 	8.86812e-05 	8.86812e-05 	0
33.7671 	4.47992e-05 	4.47992e-05 	0
33.8014 	6.16836e-05 	6.16836e-05 	0
33.8356 	6.79633e-05 	6.79633e-05 	0
33.8699 	7.73989e-05 	7.73989e-05 	0
33.9041 	9.60158e-05 	9.60158e-05 	0
33.9384 	4.5935e-05 	4.5935e-05 	0
33.9726 	7.34789e-05 	7.34789e-05 	0
34.0068 	7.60699e-05 	7.60699e-05 	0
34.0411 	9.5998e-05 	9.5998e-05 	0
34.0753 	8.76505e-05 	8.76505e-05 	0
34.1096 	6.23101e-05 	6.23101e-05 	0
34.1438 	3.50612e-05 	3.50612e-05 	0
34.1781 	6.19776e-05 	6.19776e-05 	0
34.2123 	6.5769e-05 	6.5769e-05 	0
34.2466 	6.22985e-05 	6.22985e-05 	0
34.2808 	3.40048e-05 	3.40048e-05 	0
34.3151 	7.94472e-05 	7.94472e-05 	0
34.3493 	7.95974e-05 	7.95974e-05 	0
34.3836 	6.31125e-05 	6.31125e-05 	0
34.4178 	7.39153e-05 	7.39153e-05 	0
34.4521 	5.4297e-05 	5.4297e-05 	0
34.4863 	9.33727e-05 	9.33727e-05 	0
34.5205 	6.61755e-05 	6.61755e-05 	0
34.5548 	7.67882e-05 	7.67882e-05 	0
34.589 	7.20239e-05 	7.20239e-05 	0
34.6233 	4.56524e-05 	4.56524e-05 	0
34.6575 	5.16066e-05 	5.16066e-05 	0
34.6918 	8.03194e-05 	8.03194e-05 	0
34.726 	7.69914e-05 	7.69914e-05 	0
34.7603 	5.28038e-05 	5.28038e-05 	0
34.7945 	4.14746e-05 	4.14746e-05 	0
34.8288 	5.30188e-05 	5.30188e-05 	0
34.863 	7.66072e-05 	7.66072e-05 	0
34.8973 	7.72675e-05 	7.72675e-05 	0
34.9315 	9.2024e-05 	9.2024e-05 	0
34.9658 	4.47949e-05 	4.47949e-05 	0
35.0 	6.01644e-05 	6.01644e-05 	0
35.0342 	6.91656e-05 	6.91656e-05 	0
35.0685 	4.84781e-05 	4.84781e-05 	0
35.1027 	9.55928e-05 	9.55928e-05 	0
35.137 	8.30103e-05 	8.30103e-05 	0
35.1712 	5.7861e-05 	5.7861e-05 	0
35.2055 	5.81296e-05 	5.81296e-05 	0
35.2397 	8.50923e-05 	8.50923e-05 	0
35.274 	4.67595e-05 	4.67595e-05 	0
35.3082 	6.03089e-05 	6.03089e-05 	0
35.3425 	6.93638e-05 	6.93638e-05 	0
35.3767 	5.0521e-05 	5.0521e-05 	0
35.411 	3.27749e-05 	3.27749e-05 	0
35.4452 	9.66633e-05 	9.66633e-05 	0
35.4795 	9.05364e-05 	9.05364e-05 	0
35.5137 	4.98718e-05 	4.98718e-05 	0
35.5479 	8.09987e-05 	8.09987e-05 	0
35.5822 	6.43706e-05 	6.43706e-05 	0
35.6164 	7.57647e-05 	7.57647e-05 	0
35.6507 	3.89766e-05 	3.89766e-05 	0
35.6849 	5.09385e-05 	5.09385e-05 	0
35.7192 	6.89617e-05 	6.89617e-05 	0
35.7534 	8.34097e-05 	8.34097e-05 	0
35.7877 	4.57323e-05 	4.57323e-05 	0
35.8219 	7.13322e-05 	7.13322e-05 	0
35.8562 	3.97811e-05 	3.97811e-05 	0
35.8904 	7.29403e-05 	7.29403e-05 	0
35.9247 	5.79936e-05 	5.79936e-05 	0
35.9589 	6.36861e-05 	6.36861e-05 	0
35.9932 	8.02307e-05 	8.02307e-05 	0
36.0274 	4.11325e-05 	4.11325e-05 	0
36.0616 	5.95121e-05 	5.95121e-05 	0
36.0959 	7.74371e-05 	7.74371e-05 	0
36.1301 	3.95756e-05 	3.95756e-05 	0
36.1644 	8.18398e-05 	8.18398e-05 	0
36.1986 	4.70186e-05 	4.70186e-05 	0
36.2329 	7.5578e-05 	7.5578e-05 	0
36.2671 	4.20559e-05 	4.20559e-05 	0
36.3014 	9.03269e-05 	9.03269e-05 	0
36.3356 	5.22596e-05 	5.22596e-05 	0
36.3699 	3.63769e-05 	3.63769e-05 	0
36.4041 	4.9373e-05 	4.9373e-05 	0
36.4384 	7.07144e-05 	7.07144e-05 	0
36.4726 	8.91302e-05 	8.91302e-05 	0
36.5068 	4.25611e-05 	4.25611e-05 	0
36.5411 	7.97965e-05 	7.97965e-05 	0
36.5753 	6.29007e-05 	6.29007e-05 	0
36.6096 	9.52801e-05 	9.52801e-05 	0
36.6438 	6.11055e-05 	6.11055e-05 	0
36.6781 	7.2504e-05 	7.2504e-05 	0
36.7123 	8.51954e-05 	8.51954e-05 	0
36.7466 	3.74333e-05 	3.74333e-05 	0
36.7808 	7.59077e-05 	7.59077e-05 	0
36.8151 	8.99682e-05 	8.99682e-05 	0
36.8493 	4.16242e-05 	4.16242e-05 	0
36.8836 	6.95747e-05 	6.95747e-05 	0
36.9178 	3.80024e-05 	3.80024e-05 	0
36.9521 	7.12785e-05 	7.12785e-05 	0
36.9863 	5.78545e-05 	5.78545e-05 	0
37.0205 	5.60999e-05 	5.60999e-05 	0
37.0548 	5.60489e-05 	5.60489e-05 	0
37.089 	6.19079e-05 	6.19079e-05 	0
37.1233 	7.48234e-05 	7.48234e-05 	0
37.1575 	6.57629e-05 	6.57629e-05 	0
37.1918 	7.65509e-05 	7.65509e-05 	0
37.226 	4.27361e-05 	4.27361e-05 	0
37.2603 	7.029e-05 	7.029e-05 	0
37.2945 	3.87929e-05 	3.87929e-05 	0
37.3288 	7.46516e-05 	7.46516e-05 	0
37.363 	6.15199e-05 	6.15199e-05 	0
37.3973 	7.09773e-05 	7.09773e-05 	0
37.4315 	8.50287e-05 	8.50287e-05 	0
37.4658 	4.10734e-05 	4.10734e-05 	0
37.5 	6.23558e-05 	6.23558e-05 	0
37.5342 	5.58202e-05 	5.58202e-05 	0
37.5685 	5.87435e-05 	5.87435e-05 	0
37.6027 	8.52541e-05 	8.52541e-05 	0
37.637 	7.7349e-05 	7.7349e-05 	0
37.6712 	7.91288e-05 	7.91288e-05 	0
37.7055 	7.17089e-05 	7.17089e-05 	0
37.7397 	7.30063e-05 	7.30063e-05 	0
37.774 	9.60412e-05 	9.60412e-05 	0
37.8082 	7.77005e-05 	7.77005e-05 	0
37.8425 	9.41377e-05 	9.41377e-05 	0
37.8767 	3.80664e-05 	3.80664e-05 	0
37.911 	5.41924e-05 	5.41924e-05 	0
37.9452 	3.49755e-05 	3.49755e-05 	0
37.9795 	9.88646e-05 	9.88646e-05 	0
38.0137 	5.82976e-05 	5.82976e-05 	0
38.0479 	5.37962e-05 	5.37962e-05 	0
38.0822 	8.23136e-05 	8.23136e-05 	0
38.1164 	3.12577e-05 	3.12577e-05 	0
38.1507 	4.66707e-05 	4.66707e-05 	0
38.1849 	6.28693e-05 	6.28693e-05 	0
38.2192 	6.81933e-05 	6.81933e-05 	0
38.2534 	5.21836e-05 	5.21836e-05 	0
38.2877 	7.09875e-05 	7.09875e-05 	0
38.3219 	5.24409e-05 	5.24409e-05 	0
38.3562 	8.67121e-05 	8.67121e-05 	0
38.3904 	4.29882e-05 	4.29882e-05 	0
38.4247 	7.7025e-05 	7.7025e-05 	0
38.4589 	6.63851e-05 	6.63851e-05 	0
38.4932 	5.32036e-05 	5.32036e-05 	0
38.5274 	9.14825e-05 	9.14825e-05 	0
38.5616 	4.98804e-05 	4.98804e-05 	0
38.5959 	7.90381e-05 	7.90381e-05 	0
38.6301 	6.54255e-05 	6.54255e-05 	0
38.6644 	7.9757e-05 	7.9757e-05 	0
38.6986 	4.65684e-05 	4.65684e-05 	0
38.7329 	7.35385e-05 	7.35385e-05 	0
38.7671 	4.18716e-05 	4.18716e-05 	0
38.8014 	8.98037e-05 	8.98037e-05 	0
38.8356 	5.22581e-05 	5.22581e-05 	0
38.8699 	4.62216e-05 	4.62216e-05 	0
38.9041 	4.52776e-05 	4.52776e-05 	0
38.9384 	9.16483e-05 	9.16483e-05 	0
38.9726 	5.89932e-05 	5.89932e-05 	0
39.0068 	6.89351e-05 	6.89351e-05 	0
39.0411 	5.94485e-05 	5.94485e-05 	0
39.0753 	4.90398e-05 	4.90398e-05 	0
39.1096 	7.88024e-05 	7.88024e-05 	0
39.1438 	8.91272e-05 	8.91272e-05 	0
39.1781 	6.59645e-05 	6.59645e-05 	0
39.2123 	9.3719e-05 	9.3719e-05 	0
39.2466 	9.49604e-05 	9.49604e-05 	0
39.2808 	4.9059e-05 	4.9059e-05 	0
39.3151 	4.08749e-05 	4.08749e-05 	0
39.3493 	5.06634e-05 	5.06634e-05 	0
39.3836 	9.79711e-05 	9.79711e-05 	0
39.4178 	3.68617e-05 	3.68617e-05 	0
39.4521 	9.78319e-05 	9.78319e-05 	0
39.4863 	8.32372e-05 	8.32372e-05 	0
39.5205 	7.06384e-05 	7.06384e-05 	0
39.5548 	8.19967e-05 	8.19967e-05 	0
39.589 	8.2215e-05 	8.2215e-05 	0
39.6233 	8.3158e-05 	8.3158e-05 	0
39.6575 	9.37135e-05 	9.37135e-05 	0
39.6918 	3.69037e-05 	3.69037e-05 	0
39.726 	8.75218e-05 	8.75218e-05 	0
39.7603 	7.91666e-05 	7.91666e-05 	0
39.7945 	9.15525e-05 	9.15525e-05 	0
39.8288 	7.67007e-05 	7.67007e-05 	0
39.863 	5.45653e-05 	5.45653e-05 	0
39.8973 	7.68045e-05 	7.68045e-05 	0
39.9315 	7.54299e-05 	7.54299e-05 	0
39.9658 	9.04613e-05 	9.04613e-05 	0
40.0 	4.06616e-05 	4.06616e-05 	0
40.0342 	9.08423e-05 	9.08423e-05 	0
40.0685 	5.22433e-05 	5.22433e-05 	0
40.1027 	9.79497e-05 	9.79497e-05 	0
40.137 	4.63698e-05 	4.63698e-05 	0
40.1712 	9.76027e-05 	9.76027e-05 	0
40.2055 	8.88028e-05 	8.88028e-05 	0
40.2397 	4.14764e-05 	4.14764e-05 	0
40.274 	6.791e-05 	6.791e-05 	0
40.3082 	9.23815e-05 	9.23815e-05 	0
40.3425 	5.42667e-05 	5.42667e-05 	0
40.3767 	6.18505e-05 	6.18505e-05 	0
40.411 	9.56573e-05 	9.56573e-05 	0
40.4452 	7.62557e-05 	7.62557e-05 	0
40.4795 	5.07413e-05 	5.07413e-05 	0
40.5137 	8.61703e-05 	8.61703e-05 	0
40.5479 	7.46466e-05 	7.46466e-05 	0
40.5822 	9.43252e-05 	9.43252e-05 	0
40.6164 	5.13923e-05 	5.13923e-05 	0
40.6507 	7.7661e-05 	7.7661e-05 	0
40.6849 	9.58459e-05 	9.58459e-05 	0
40.7192 	5.15303e-05 	5.15303e-05 	0
40.7534 	5.56468e-05 	5.56468e-05 	0
40.7877 	5.91684e-05 	5.91684e-05 	0
40.8219 	5.7333e-05 	5.7333e-05 	0
40.8562 	9.27171e-05 	9.27171e-05 	0
40.8904 	6.78174e-05 	6.78174e-05 	0
40.9247 	8.00641e-05 	8.00641e-05 	0
40.9589 	4.16454e-05 	4.16454e-05 	0
40.9932 	7.50475e-05 	7.50475e-05 	0
41.0274 	9.60428e-05 	9.60428e-05 	0
41.0616 	5.56676e-05 	5.56676e-05 	0
41.0959 	9.71222e-05 	9.71222e-05 	0
41.1301 	5.58564e-05 	5.58564e-05 	0
41.1644 	5.62471e-05 	5.62471e-05 	0
41.1986 	8.07455e-05 	8.07455e-05 	0
41.2329 	4.90995e-05 	4.90995e-05 	0
41.2671 	7.88296e-05 	7.88296e-05 	0
41.3014 	4.43765e-05 	4.43765e-05 	0
41.3356 	5.4316e-05 	5.4316e-05 	0
41.3699 	3.92257e-05 	3.92257e-05 	0
41.4041 	9.97449e-05 	9.97449e-05 	0
41.4384 	9.10973e-05 	9.10973e-05 	0
41.4726 	5.7657e-05 	5.7657e-05 	0
41.5068 	5.43279e-05 	5.43279e-05 	0
41.5411 	7.68242e-05 	7.68242e-05 	0
41.5753 	3.71473e-05 	3.71473e-05 	0
41.6096 	4.72156e-05 	4.72156e-05 	0
41.6438 	6.53118e-05 	6.53118e-05 	0
41.6781 	3.5521e-05 	3.5521e-05 	0
41.7123 	7.77169e-05 	7.77169e-05 	0
41.7466 	7.85796e-05 	7.85796e-05 	0
41.7808 	3.96833e-05 	3.96833e-05 	0
41.8151 	7.01355e-05 	7.01355e-05 	0
41.8493 	8.42791e-05 	8.42791e-05 	0
41.8836 	5.61692e-05 	5.61692e-05 	0
41.9178 	4.29468e-05 	4.29468e-05 	0
41.9521 	5.02392e-05 	5.02392e-05 	0
41.9863 	5.29689e-05 	5.29689e-05 	0
42.0205 	4.0763e-05 	4.0763e-05 	0
42.0548 	5.57376e-05 	5.57376e-05 	0
42.089 	7.61693e-05 	7.61693e-05 	0
42.1233 	8.88342e-05 	8.88342e-05 	0
42.1575 	8.93504e-05 	8.93504e-05 	0
42.1918 	4.22031e-05 	4.22031e-05 	0
42.226 	6.70704e-05 	6.70704e-05 	0
42.2603 	8.08894e-05 	8.08894e-05 	0
42.2945 	6.23607e-05 	6.23607e-05 	0
42.3288 	5.97773e-05 	5.97773e-05 	0
42.363 	8.82435e-05 	8.82435e-05 	0
42.3973 	9.56557e-05 	9.56557e-05 	0
42.4315 	8.35987e-05 	8.35987e-05 	0
42.4658 	4.07919e-05 	4.07919e-05 	0
42.5 	7.36142e-05 	7.36142e-05 	0
42.5342 	9.72345e-05 	9.72345e-05 	0
42.5685 	5.33563e-05 	5.33563e-05 	0
42.6027 	5.21386e-05 	5.21386e-05 	0
42.637 	9.76549e-05 	9.76549e-05 	0
42.6712 	5.6598e-05 	5.6598e-05 	0
42.7055 	5.65482e-05 	5.65482e-05 	0
42.7397 	5.91634e-05 	5.91634e-05 	0
42.774 	7.35261e-05 	7.35261e-05 	0
42.8082 	9.72509e-05 	9.72509e-05 	0
42.8425 	7.80199e-05 	7.80199e-05 	0
42.8767 	9.57299e-05 	9.57299e-05 	0
42.911 	4.37754e-05 	4.37754e-05 	0
42.9452 	7.37034e-05 	7.37034e-05 	0
42.9795 	3.99118e-05 	3.99118e-05 	0
43.0137 	8.59705e-05 	8.59705e-05 	0
43.0479 	4.95511e-05 	4.95511e-05 	0
43.0822 	3.59412e-05 	3.59412e-05 	0
43.1164 	4.79818e-05 	4.79818e-05 	0
43.1507 	6.88485e-05 	6.88485e-05 	0
43.1849 	8.79305e-05 	8.79305e-05 	0
43.2192 	4.2379e-05 	4.2379e-05 	0
43.2534 	9.43092e-05 	9.43092e-05 	0
43.2877 	5.39484e-05 	5.39484e-05 	0
43.3219 	3.87657e-05 	3.87657e-05 	0
43.3562 	5.08606e-05 	5.08606e-05 	0
43.3904 	7.11344e-05 	7.11344e-05 	0
43.4247 	8.91483e-05 	8.91483e-05 	0
43.4589 	4.35857e-05 	4.35857e-05 	0
43.4932 	5.88524e-05 	5.88524e-05 	0
43.5274 	3.81179e-05 	3.81179e-05 	0
43.5616 	6.67223e-05 	6.67223e-05 	0
43.5959 	5.22052e-05 	5.22052e-05 	0
43.6301 	5.19705e-05 	5.19705e-05 	0
43.6644 	8.22602e-05 	8.22602e-05 	0
43.6986 	9.87702e-05 	9.87702e-05 	0
43.7329 	9.34718e-05 	9.34718e-05 	0
43.7671 	7.01821e-05 	7.01821e-05 	0
43.8014 	6.56895e-05 	6.56895e-05 	0
43.8356 	7.25444e-05 	7.25444e-05 	0
43.8699 	8.1732e-05 	8.1732e-05 	0
43.9041 	7.46778e-05 	7.46778e-05 	0
43.9384 	6.62973e-05 	6.62973e-05 	0
43.9726 	5.90843e-05 	5.90843e-05 	0
44.0068 	3.92647e-05 	3.92647e-05 	0
44.0411 	4.91279e-05 	4.91279e-05 	0
44.0753 	5.65437e-05 	5.65437e-05 	0
44.1096 	6.39191e-05 	6.39191e-05 	0
44.1438 	5.16839e-05 	5.16839e-05 	0
44.1781 	7.22151e-05 	7.22151e-05 	0
44.2123 	5.88637e-05 	5.88637e-05 	0
44.2466 	4.75659e-05 	4.75659e-05 	0
44.2808 	5.55496e-05 	5.55496e-05 	0
44.3151 	5.82087e-05 	5.82087e-05 	0
44.3493 	5.09167e-05 	5.09167e-05 	0
44.3836 	9.24107e-05 	9.24107e-05 	0
44.4178 	6.41604e-05 	6.41604e-05 	0
44.4521 	5.24223e-05 	5.24223e-05 	0
44.4863 	4.51781e-05 	4.51781e-05 	0
44.5205 	9.66032e-05 	9.66032e-05 	0
44.5548 	4.0138e-05 	4.0138e-05 	0
44.589 	5.56967e-05 	5.56967e-05 	0
44.6233 	6.91391e-05 	6.91391e-05 	0
44.6575 	7.03436e-05 	7.03436e-05 	0
44.6918 	8.87584e-05 	8.87584e-05 	0
44.726 	4.80085e-05 	4.80085e-05 	0
44.7603 	3.87529e-05 	3.87529e-05 	0
44.7945 	9.58471e-05 	9.58471e-05 	0
44.8288 	4.30953e-05 	4.30953e-05 	0
44.863 	6.0531e-05 	6.0531e-05 	0
44.8973 	5.11254e-05 	5.11254e-05 	0
44.9315 	9.81949e-05 	9.81949e-05 	0
44.9658 	8.11484e-05 	8.11484e-05 	0
45.0 	9.4964e-05 	9.4964e-05 	0
45.0342 	7.71427e-05 	7.71427e-05 	0
45.0685 	8.28138e-05 	8.28138e-05 	0
45.1027 	4.2617e-05 	4.2617e-05 	0
45.137 	6.73577e-05 	6.73577e-05 	0
45.1712 	6.87964e-05 	6.87964e-05 	0
45.2055 	6.47371e-05 	6.47371e-05 	0
45.2397 	3.71969e-05 	3.71969e-05 	0
45.274 	8.29658e-05 	8.29658e-05 	0
45.3082 	5.37505e-05 	5.37505e-05 	0
45.3425 	5.01126e-05 	5.01126e-05 	0
45.3767 	4.13371e-05 	4.13371e-05 	0
45.411 	6.08261e-05 	6.08261e-05 	0
45.4452 	8.33158e-05 	8.33158e-05 	0
45.4795 	9.14616e-05 	9.14616e-05 	0
45.5137 	6.5957e-05 	6.5957e-05 	0
45.5479 	7.65738e-05 	7.65738e-05 	0
45.5822 	4.72071e-05 	4.72071e-05 	0
45.6164 	3.81073e-05 	3.81073e-05 	0
45.6507 	7.1055e-05 	7.1055e-05 	0
45.6849 	7.41745e-05 	7.41745e-05 	0
45.7192 	4.37021e-05 	4.37021e-05 	0
45.7534 	5.42169e-05 	5.42169e-05 	0
45.7877 	7.81366e-05 	7.81366e-05 	0
45.8219 	6.01991e-05 	6.01991e-05 	0
45.8562 	6.98181e-05 	6.98181e-05 	0
45.8904 	5.12758e-05 	5.12758e-05 	0
45.9247 	6.84861e-05 	6.84861e-05 	0
45.9589 	9.18272e-05 	9.18272e-05 	0
45.9932 	9.66434e-05 	9.66434e-05 	0
46.0274 	8.91613e-05 	8.91613e-05 	0
46.0616 	9.67174e-05 	9.67174e-05 	0
46.0959 	6.35368e-05 	6.35368e-05 	0
46.1301 	3.5594e-05 	3.5594e-05 	0
46.1644 	4.72998e-05 	4.72998e-05 	0
46.1986 	5.10867e-05 	5.10867e-05 	0
46.2329 	7.44939e-05 	7.44939e-05 	0
46.2671 	9.24583e-05 	9.24583e-05 	0
46.3014 	8.50092e-05 	8.50092e-05 	0
46.3356 	6.98146e-05 	6.98146e-05 	0
46.3699 	8.36709e-05 	8.36709e-05 	0
46.4041 	7.90027e-05 	7.90027e-05 	0
46.4384 	9.05746e-05 	9.05746e-05 	0
46.4726 	6.84988e-05 	6.84988e-05 	0
46.5068 	8.69088e-05 	8.69088e-05 	0
46.5411 	7.2802e-05 	7.2802e-05 	0
46.5753 	4.97845e-05 	4.97845e-05 	0
46.6096 	8.96479e-05 	8.96479e-05 	0
46.6438 	3.50095e-05 	3.50095e-05 	0
46.6781 	4.23897e-05 	4.23897e-05 	0
46.7123 	5.77525e-05 	5.77525e-05 	0
46.7466 	8.31645e-05 	8.31645e-05 	0
46.7808 	5.69812e-05 	5.69812e-05 	0
46.8151 	5.56961e-05 	5.56961e-05 	0
46.8493 	8.1046e-05 	8.1046e-05 	0
46.8836 	6.94373e-05 	6.94373e-05 	0
46.9178 	9.41738e-05 	9.41738e-05 	0
46.9521 	5.58222e-05 	5.58222e-05 	0
46.9863 	7.17682e-05 	7.17682e-05 	0
47.0205 	7.9948e-05 	7.9948e-05 	0
47.0548 	8.49658e-05 	8.49658e-05 	0
47.089 	4.99966e-05 	4.99966e-05 	0
47.1233 	5.25989e-05 	5.25989e-05 	0
47.1575 	3.6171e-05 	3.6171e-05 	0
47.1918 	9.80289e-05 	9.80289e-05 	0
47.226 	5.30993e-05 	5.30993e-05 	0
47.2603 	6.82716e-05 	6.82716e-05 	0
47.2945 	3.9538e-05 	3.9538e-05 	0
47.3288 	6.52738e-05 	6.52738e-05 	0
47.363 	9.63407e-05 	9.63407e-05 	0
47.3973 	5.40143e-05 	5.40143e-05 	0
47.4315 	5.46396e-05 	5.46396e-05 	0
47.4658 	8.93248e-05 	8.93248e-05 	0
47.5 	3.9039e-05 	3.9039e-05 	0
47.5342 	8.92028e-05 	8.92028e-05 	0
47.5685 	4.57579e-05 	4.57579e-05 	0
47.6027 	4.39025e-05 	4.39025e-05 	0
47.637 	6.34775e-05 	6.34775e-05 	0
47.6712 	3.74229e-05 	3.74229e-05 	0
47.7055 	6.34131e-05 	6.34131e-05 	0
47.7397 	3.41177e-05 	3.41177e-05 	0
47.774 	6.07266e-05 	6.07266e-05 	0
47.8082 	8.30463e-05 	8.30463e-05 	0
47.8425 	8.03379e-05 	8.03379e-05 	0
47.8767 	8.69877e-05 	8.69877e-05 	0
47.911 	7.52153e-05 	7.52153e-05 	0
47.9452 	8.3049e-05 	8.3049e-05 	0
47.9795 	6.88904e-05 	6.88904e-05 	0
48.0137 	7.61762e-05 	7.61762e-05 	0
48.0479 	9.72854e-05 	9.72854e-05 	0
48.0822 	9.61351e-05 	9.61351e-05 	0
48.1164 	6.85395e-05 	6.85395e-05 	0
48.1507 	7.05312e-05 	7.05312e-05 	0
48.1849 	8.77423e-05 	8.77423e-05 	0
48.2192 	4.52638e-05 	4.52638e-05 	0
48.2534 	9.1637e-05 	9.1637e-05 	0
48.2877 	6.29483e-05 	6.29483e-05 	0
48.3219 	3.64621e-05 	3.64621e-05 	0
48.3562 	5.32767e-05 	5.32767e-05 	0
48.3904 	8.24496e-05 	8.24496e-05 	0
48.4247 	7.18887e-05 	7.18887e-05 	0
48.4589 	5.61401e-05 	5.61401e-05 	0
48.4932 	9.62616e-05 	9.62616e-05 	0
48.5274 	7.31471e-05 	7.31471e-05 	0
48.5616 	5.13375e-05 	5.13375e-05 	0
48.5959 	7.44001e-05 	7.44001e-05 	0
48.6301 	8.00569e-05 	8.00569e-05 	0
48.6644 	9.51357e-05 	9.51357e-05 	0
48.6986 	4.37403e-05 	4.37403e-05 	0
48.7329 	5.73665e-05 	5.73665e-05 	0
48.7671 	6.81865e-05 	6.81865e-05 	0
48.8014 	7.48703e-05 	7.48703e-05 	0
48.8356 	7.89034e-05 	7.89034e-05 	0
48.8699 	5.13165e-05 	5.13165e-05 	0
48.9041 	4.05438e-05 	4.05438e-05 	0
48.9384 	5.79652e-05 	5.79652e-05 	0
48.9726 	5.54866e-05 	5.54866e-05 	0
49.0068 	4.97658e-05 	4.97658e-05 	0
49.0411 	9.37952e-05 	9.37952e-05 	0
49.0753 	4.03256e-05 	4.03256e-05 	0
49.1096 	5.00276e-05 	5.00276e-05 	0
49.1438 	4.41527e-05 	4.41527e-05 	0
49.1781 	8.85746e-05 	8.85746e-05 	0
49.2123 	9.6214e-05 	9.6214e-05 	0
49.2466 	4.22357e-05 	4.22357e-05 	0
49.2808 	7.82414e-05 	7.82414e-05 	0
49.3151 	9.04394e-05 	9.04394e-05 	0
49.3493 	8.13554e-05 	8.13554e-05 	0
49.3836 	4.6051e-05 	4.6051e-05 	0
49.4178 	7.13277e-05 	7.13277e-05 	0
49.4521 	6.63834e-05 	6.63834e-05 	0
49.4863 	6.57119e-05 	6.57119e-05 	0
49.5205 	4.85211e-05 	4.85211e-05 	0
49.5548 	6.82706e-05 	6.82706e-05 	0
49.589 	6.67571e-05 	6.67571e-05 	0
49.6233 	6.71587e-05 	6.71587e-05 	0
49.6575 	9.36714e-05 	9.36714e-05 	0
49.6918 	6.20476e-05 	6.20476e-05 	0
49.726 	7.49771e-05 	7.49771e-05 	0
49.7603 	3.88094e-05 	3.88094e-05 	0
49.7945 	3.84813e-05 	3.84813e-05 	0
49.8288 	3.80749e-05 	3.80749e-05 	0
49.863 	5.11384e-05 	5.11384e-05 	0
49.8973 	4.86743e-05 	4.86743e-05 	0
49.9315 	4.15495e-05 	4.15495e-05 	0
49.9658 	6.35807e-05 	6.35807e-05 	0
50.0 	9.00476e-05 	9.00476e-05 	0
50.0342 	3.83556e-05 	3.83556e-05 	0
50.0685 	6.05932e-05 	6.05932e-05 	0
50.1027 	6.28878e-05 	6.28878e-05 	0
50.137 	6.45638e-05 	6.45638e-05 	0
50.1712 	8.41649e-05 	8.41649e-05 	0
50.2055 	3.59279e-05 	3.59279e-05 	0
50.2397 	6.52392e-05 	6.52392e-05 	0
50.274 	7.67609e-05 	7.67609e-05 	0
50.3082 	6.86226e-05 	6.86226e-05 	0
50.3425 	7.54585e-05 	7.54585e-05 	0
50.3767 	3.7276e-05 	3.7276e-05 	0
50.411 	7.83261e-05 	7.83261e-05 	0
50.4452 	9.41229e-05 	9.41229e-05 	0
50.4795 	4.50424e-05 	4.50424e-05 	0
50.5137 	7.56611e-05 	7.56611e-05 	0
50.5479 	4.20822e-05 	4.20822e-05 	0
50.5822 	9.27648e-05 	9.27648e-05 	0
50.6164 	5.13546e-05 	5.13546e-05 	0
50.6507 	3.64357e-05 	3.64357e-05 	0
50.6849 	4.58545e-05 	4.58545e-05 	0
50.7192 	6.46324e-05 	6.46324e-05 	0
50.7534 	7.82293e-05 	7.82293e-05 	0
50.7877 	9.5505e-05 	9.5505e-05 	0
50.8219 	9.12233e-05 	9.12233e-05 	0
50.8562 	6.60829e-05 	6.60829e-05 	0
50.8904 	7.24993e-05 	7.24993e-05 	0
50.9247 	4.33159e-05 	4.33159e-05 	0
50.9589 	6.75079e-05 	6.75079e-05 	0
50.9932 	6.67734e-05 	6.67734e-05 	0
51.0274 	3.59399e-05 	3.59399e-05 	0
51.0616 	9.74146e-05 	9.74146e-05 	0
51.0959 	8.00577e-05 	8.00577e-05 	0
51.1301 	4.29331e-05 	4.29331e-05 	0
51.1644 	7.05126e-05 	7.05126e-05 	0
51.1986 	7.37208e-05 	7.37208e-05 	0
51.2329 	8.49196e-05 	8.49196e-05 	0
51.2671 	9.33435e-05 	9.33435e-05 	0
51.3014 	4.68564e-05 	4.68564e-05 	0
51.3356 	7.32168e-05 	7.32168e-05 	0
51.3699 	9.01278e-05 	9.01278e-05 	0
51.4041 	4.65538e-05 	4.65538e-05 	0
51.4384 	4.57243e-05 	4.57243e-05 	0
51.4726 	6.02213e-05 	6.02213e-05 	0
51.5068 	5.59769e-05 	5.59769e-05 	0
51.5411 	5.85674e-05 	5.85674e-05 	0
51.5753 	9.43732e-05 	9.43732e-05 	0
51.6096 	8.60504e-05 	8.60504e-05 	0
51.6438 	8.48539e-05 	8.48539e-05 	0
51.6781 	4.69756e-05 	4.69756e-05 	0
51.7123 	6.16496e-05 	6.16496e-05 	0
51.7466 	7.27735e-05 	7.27735e-05 	0
51.7808 	6.70679e-05 	6.70679e-05 	0
51.8151 	7.70905e-05 	7.70905e-05 	0
51.8493 	5.57985e-05 	5.57985e-05 	0
51.8836 	6.24052e-05 	6.24052e-05 	0
51.9178 	5.88304e-05 	5.88304e-05 	0
51.9521 	5.66128e-05 	5.66128e-05 	0
51.9863 	5.61661e-05 	5.61661e-05 	0
52.0205 	8.48231e-05 	8.48231e-05 	0
52.0548 	7.17235e-05 	7.17235e-05 	0
52.089 	7.88238e-05 	7.88238e-05 	0
52.1233 	3.98022e-05 	3.98022e-05 	0
52.1575 	9.45979e-05 	9.45979e-05 	0
52.1918 	8.71766e-05 	8.71766e-05 	0
52.226 	4.62982e-05 	4.62982e-05 	0
52.2603 	7.43174e-05 	7.43174e-05 	0
52.2945 	4.08055e-05 	4.08055e-05 	0
52.3288 	6.27655e-05 	6.27655e-05 	0
52.363 	5.40342e-05 	5.40342e-05 	0
52.3973 	6.38969e-05 	6.38969e-05 	0
52.4315 	7.74279e-05 	7.74279e-05 	0
52.4658 	9.79978e-05 	9.79978e-05 	0
52.5 	6.74618e-05 	6.74618e-05 	0
52.5342 	8.08007e-05 	8.08007e-05 	0
52.5685 	9.53219e-05 	9.53219e-05 	0
52.6027 	9.20608e-05 	9.20608e-05 	0
52.637 	5.82895e-05 	5.82895e-05 	0
52.6712 	3.58243e-05 	3.58243e-05 	0
52.7055 	6.8898e-05 	6.8898e-05 	0
52.7397 	6.55827e-05 	6.55827e-05 	0
52.774 	6.28935e-05 	6.28935e-05 	0
52.8082 	3.46029e-05 	3.46029e-05 	0
52.8425 	9.78494e-05 	9.78494e-05 	0
52.8767 	7.54786e-05 	7.54786e-05 	0
52.911 	8.534e-05 	8.534e-05 	0
52.9452 	3.89011e-05 	3.89011e-05 	0
52.9795 	4.80631e-05 	4.80631e-05 	0
53.0137 	9.78397e-05 	9.78397e-05 	0
53.0479 	6.29967e-05 	6.29967e-05 	0
53.0822 	8.77065e-05 	8.77065e-05 	0
53.1164 	5.70976e-05 	5.70976e-05 	0
53.1507 	7.04766e-05 	7.04766e-05 	0
53.1849 	6.9599e-05 	6.9599e-05 	0
53.2192 	6.94503e-05 	6.94503e-05 	0
53.2534 	7.81559e-05 	7.81559e-05 	0
53.2877 	4.05428e-05 	4.05428e-05 	0
53.3219 	8.90257e-05 	8.90257e-05 	0
53.3562 	7.83593e-05 	7.83593e-05 	0
53.3904 	3.97408e-05 	3.97408e-05 	0
53.4247 	6.3707e-05 	6.3707e-05 	0
53.4589 	6.34686e-05 	6.34686e-05 	0
53.4932 	6.76408e-05 	6.76408e-05 	0
53.5274 	5.26094e-05 	5.26094e-05 	0
53.5616 	8.67946e-05 	8.67946e-05 	0
53.5959 	5.47788e-05 	5.47788e-05 	0
53.6301 	8.41283e-05 	8.41283e-05 	0
53.6644 	3.75221e-05 	3.75221e-05 	0
53.6986 	5.77412e-05 	5.77412e-05 	0
53.7329 	7.10399e-05 	7.10399e-05 	0
53.7671 	9.36067e-05 	9.36067e-05 	0
53.8014 	5.75403e-05 	5.75403e-05 	0
53.8356 	4.63272e-05 	4.63272e-05 	0
53.8699 	6.12296e-05 	6.12296e-05 	0
53.9041 	9.25224e-05 	9.25224e-05 	0
53.9384 	3.60938e-05 	3.60938e-05 	0
53.9726 	7.37667e-05 	7.37667e-05 	0
54.0068 	6.19658e-05 	6.19658e-05 	0
54.0411 	9.7155e-05 	9.7155e-05 	0
54.0753 	4.60081e-05 	4.60081e-05 	0
54.1096 	3.94894e-05 	3.94894e-05 	0
54.1438 	9.29715e-05 	9.29715e-05 	0
54.1781 	9.02216e-05 	9.02216e-05 	0
54.2123 	7.25626e-05 	7.25626e-05 	0
54.2466 	5.98238e-05 	5.98238e-05 	0
54.2808 	3.86546e-05 	3.86546e-05 	0
54.3151 	7.34963e-05 	7.34963e-05 	0
54.3493 	6.91415e-05 	6.91415e-05 	0
54.3836 	6.4976e-05 	6.4976e-05 	0
54.4178 	3.52391e-05 	3.52391e-05 	0
54.4521 	9.89419e-05 	9.89419e-05 	0
54.4863 	6.8997e-05 	6.8997e-05 	0
54.5205 	8.81057e-05 	8.81057e-05 	0
54.5548 	6.82126e-05 	6.82126e-05 	0
54.589 	6.80377e-05 	6.80377e-05 	0
54.6233 	5.18448e-05 	5.18448e-05 	0
54.6575 	5.22526e-05 	5.22526e-05 	0
54.6918 	3.72608e-05 	3.72608e-05 	0
54.726 	9.53889e-05 	9.53889e-05 	0
54.7603 	6.04081e-05 	6.04081e-05 	0
54.7945 	8.1784e-05 	8.1784e-05 	0
54.8288 	7.24553e-05 	7.24553e-05 	0
54.863 	8.45919e-05 	8.45919e-05 	0
54.8973 	8.78401e-05 	8.78401e-05 	0
54.9315 	5.44954e-05 	5.44954e-05 	0
54.9658 	9.96732e-05 	9.96732e-05 	0
55.0 	5.63846e-05 	5.63846e-05 	0
55.0342 	5.81302e-05 	5.81302e-05 	0
55.0685 	5.35761e-05 	5.35761e-05 	0
55.1027 	5.3815e-05 	5.3815e-05 	0
55.137 	6.91501e-05 	6.91501e-05 	0
55.1712 	7.41465e-05 	7.41465e-05 	0
55.2055 	3.64009e-05 	3.64009e-05 	0
55.2397 	7.31673e-05 	7.31673e-05 	0
55.274 	3.95919e-05 	3.95919e-05 	0
55.3082 	8.78647e-05 	8.78647e-05 	0
55.3425 	4.04076e-05 	4.04076e-05 	0
55.3767 	6.10233e-05 	6.10233e-05 	0
55.411 	7.81812e-05 	7.81812e-05 	0
55.4452 	5.23069e-05 	5.23069e-05 	0
55.4795 	5.68166e-05 	5.68166e-05 	0
55.5137 	6.26213e-05 	6.26213e-05 	0
55.5479 	7.32655e-05 	7.32655e-05 	0
55.5822 	7.66082e-05 	7.66082e-05 	0
55.6164 	3.92349e-05 	3.92349e-05 	0
55.6507 	6.46744e-05 	6.46744e-05 	0
55.6849 	5.84541e-05 	5.84541e-05 	0
55.7192 	6.1979e-05 	6.1979e-05 	0
55.7534 	4.53883e-05 	4.53883e-05 	0
55.7877 	6.61072e-05 	6.61072e-05 	0
55.8219 	5.1854e-05 	5.1854e-05 	0
55.8562 	7.65766e-05 	7.65766e-05 	0
55.8904 	8.35554e-05 	8.35554e-05 	0
55.9247 	9.98439e-05 	9.98439e-05 	0
55.9589 	6.92845e-05 	6.92845e-05 	0
55.9932 	9.3844e-05 	9.3844e-05 	0
56.0274 	7.64488e-05 	7.64488e-05 	0
56.0616 	6.4496e-05 	6.4496e-05 	0
56.0959 	3.8068e-05 	3.8068e-05 	0
56.1301 	7.1654e-05 	7.1654e-05 	0
56.1644 	6.69388e-05 	6.69388e-05 	0
56.1986 	3.65138e-05 	3.65138e-05 	0
56.2329 	5.21862e-05 	5.21862e-05 	0
56.2671 	8.24052e-05 	8.24052e-05 	0
56.3014 	7.38719e-05 	7.38719e-05 	0
56.3356 	6.74689e-05 	6.74689e-05 	0
56.3699 	7.84138e-05 	7.84138e-05 	0
56.4041 	4.52403e-05 	4.52403e-05 	0
56.4384 	6.96216e-05 	6.96216e-05 	0
56.4726 	9.84667e-05 	9.84667e-05 	0
56.5068 	4.52355e-05 	4.52355e-05 	0
56.5411 	7.36185e-05 	7.36185e-05 	0
56.5753 	8.33653e-05 	8.33653e-05 	0
56.6096 	4.09044e-05 	4.09044e-05 	0
56.6438 	6.41976e-05 	6.41976e-05 	0
56.6781 	6.05887e-05 	6.05887e-05 	0
56.7123 	6.56424e-05 	6.56424e-05 	0
56.7466 	4.80555e-05 	4.80555e-05 	0
56.7808 	7.06986e-05 	7.06986e-05 	0
56.8151 	5.58955e-05 	5.58955e-05 	0
56.8493 	7.93852e-05 	7.93852e-05 	0
56.8836 	8.49198e-05 	8.49198e-05 	0
56.9178 	8.47873e-05 	8.47873e-05 	0
56.9521 	5.27401e-05 	5.27401e-05 	0
56.9863 	8.81407e-05 	8.81407e-05 	0
57.0205 	6.89427e-05 	6.89427e-05 	0
57.0548 	7.43545e-05 	7.43545e-05 	0
57.089 	6.94198e-05 	6.94198e-05 	0
57.1233 	7.67369e-05 	7.67369e-05 	0
57.1575 	8.40627e-05 	8.40627e-05 	0
57.1918 	7.33514e-05 	7.33514e-05 	0
57.226 	6.42811e-05 	6.42811e-05 	0
57.2603 	3.90611e-05 	3.90611e-05 	0
57.2945 	6.03289e-05 	6.03289e-05 	0
57.3288 	6.40522e-05 	6.40522e-05 	0
57.363 	4.76799e-05 	4.76799e-05 	0
57.3973 	3.43011e-05 	3.43011e-05 	0
57.4315 	5.01586e-05 	5.01586e-05 	0
57.4658 	7.11661e-05 	7.11661e-05 	0
57.5 	9.80405e-05 	9.80405e-05 	0
57.5342 	5.39182e-05 	5.39182e-05 	0
57.5685 	4.82659e-05 	4.82659e-05 	0
57.6027 	5.59456e-05 	5.59456e-05 	0
57.637 	5.33678e-05 	5.33678e-05 	0
57.6712 	3.27324e-05 	3.27324e-05 	0
57.7055 	5.94164e-05 	5.94164e-05 	0
57.7397 	6.63867e-05 	6.63867e-05 	0
57.774 	6.81165e-05 	6.81165e-05 	0
57.8082 	9.28182e-05 	9.28182e-05 	0
57.8425 	8.83418e-05 	8.83418e-05 	0
57.8767 	6.63531e-05 	6.63531e-05 	0
57.911 	8.44721e-05 	8.44721e-05 	0
57.9452 	5.14306e-05 	5.14306e-05 	0
57.9795 	9.6533e-05 	9.6533e-05 	0
58.0137 	5.96852e-05 	5.96852e-05 	0
58.0479 	9.0894e-05 	9.0894e-05 	0
58.0822 	4.74676e-05 	4.74676e-05 	0
58.1164 	7.53009e-05 	7.53009e-05 	0
58.1507 	6.91736e-05 	6.91736e-05 	0
58.1849 	8.50231e-05 	8.50231e-05 	0
58.2192 	4.50511e-05 	4.50511e-05 	0
58.2534 	8.35247e-05 	8.35247e-05 	0
58.2877 	7.78107e-05 	7.78107e-05 	0
58.3219 	4.81719e-05 	4.81719e-05 	0
58.3562 	3.78816e-05 	3.78816e-05 	0
58.3904 	5.16279e-05 	5.16279e-05 	0
58.4247 	3.88673e-05 	3.88673e-05 	0
58.4589 	8.73967e-05 	8.73967e-05 	0
58.4932 	8.68761e-05 	8.68761e-05 	0
58.5274 	6.74649e-05 	6.74649e-05 	0
58.5616 	6.53599e-05 	6.53599e-05 	0
58.5959 	5.01369e-05 	5.01369e-05 	0
58.6301 	8.14981e-05 	8.14981e-05 	0
58.6644 	6.07379e-05 	6.07379e-05 	0
58.6986 	8.8079e-05 	8.8079e-05 	0
58.7329 	7.37619e-05 	7.37619e-05 	0
58.7671 	6.50932e-05 	6.50932e-05 	0
58.8014 	7.47279e-05 	7.47279e-05 	0
58.8356 	5.00601e-05 	5.00601e-05 	0
58.8699 	6.07817e-05 	6.07817e-05 	0
58.9041 	6.99583e-05 	6.99583e-05 	0
58.9384 	5.52889e-05 	5.52889e-05 	0
58.9726 	3.63193e-05 	3.63193e-05 	0
59.0068 	4.78778e-05 	4.78778e-05 	0
59.0411 	7.93049e-05 	7.93049e-05 	0
59.0753 	3.80235e-05 	3.80235e-05 	0
59.1096 	7.38352e-05 	7.38352e-05 	0
59.1438 	2.98229e-05 	2.98229e-05 	0
59.1781 	5.89772e-05 	5.89772e-05 	0
59.2123 	4.09602e-05 	4.09602e-05 	0
59.2466 	5.18202e-05 	5.18202e-05 	0
59.2808 	6.71225e-05 	6.71225e-05 	0
59.3151 	5.77051e-05 	5.77051e-05 	0
59.3493 	8.81642e-05 	8.81642e-05 	0
59.3836 	7.04046e-05 	7.04046e-05 	0
59.4178 	9.93002e-05 	9.93002e-05 	0
59.4521 	4.22104e-05 	4.22104e-05 	0
59.4863 	7.59081e-05 	7.59081e-05 	0
59.5205 	8.51781e-05 	8.51781e-05 	0
59.5548 	8.21435e-05 	8.21435e-05 	0
59.589 	9.31654e-05 	9.31654e-05 	0
59.6233 	5.86941e-05 	5.86941e-05 	0
59.6575 	4.20556e-05 	4.20556e-05 	0
59.6918 	5.41919e-05 	5.41919e-05 	0
59.726 	7.82451e-05 	7.82451e-05 	0
59.7603 	9.31766e-05 	9.31766e-05 	0
59.7945 	7.92354e-05 	7.92354e-05 	0
59.8288 	7.11883e-05 	7.11883e-05 	0
59.863 	7.92236e-05 	7.92236e-05 	0
59.8973 	4.25303e-05 	4.25303e-05 	0
59.9315 	7.76089e-05 	7.76089e-05 	0
59.9658 	6.03953e-05 	6.03953e-05 	0
60.0 	6.90741e-05 	6.90741e-05 	0
60.0342 	6.95112e-05 	6.95112e-05 	0
60.0685 	6.10656e-05 	6.10656e-05 	0
60.1027 	6.95601e-05 	6.95601e-05 	0
60.137 	9.15938e-05 	9.15938e-05 	0
60.1712 	5.19242e-05 	5.19242e-05 	0
60.2055 	5.63086e-05 	5.63086e-05 	0
60.2397 	6.38223e-05 	6.38223e-05 	0
60.274 	6.36903e-05 	6.36903e-05 	0
60.3082 	7.7525e-05 	7.7525e-05 	0
60.3425 	5.33352e-05 	5.33352e-05 	0
60.3767 	6.6836e-05 	6.6836e-05 	0
60.411 	7.3477e-05 	7.3477e-05 	0
60.4452 	6.24265e-05 	6.24265e-05 	0
60.4795 	7.02908e-05 	7.02908e-05 	0
60.5137 	3.78341e-05 	3.78341e-05 	0
60.5479 	6.09016e-05 	6.09016e-05 	0
60.5822 	9.13693e-05 	9.13693e-05 	0
60.6164 	7.57431e-05 	7.57431e-05 	0
60.6507 	7.09179e-05 	7.09179e-05 	0
60.6849 	5.73027e-05 	5.73027e-05 	0
60.7192 	6.22324e-05 	6.22324e-05 	0
60.7534 	5.59539e-05 	5.59539e-05 	0
60.7877 	3.91429e-05 	3.91429e-05 	0
60.8219 	8.45192e-05 	8.45192e-05 	0
60.8562 	5.87297e-05 	5.87297e-05 	0
60.8904 	9.90183e-05 	9.90183e-05 	0
60.9247 	5.90053e-05 	5.90053e-05 	0
60.9589 	6.21323e-05 	6.21323e-05 	0
60.9932 	7.58976e-05 	7.58976e-05 	0
61.0274 	3.88228e-05 	3.88228e-05 	0
61.0616 	7.75128e-05 	7.75128e-05 	0
61.0959 	9.22189e-05 	9.22189e-05 	0
61.1301 	7.43179e-05 	7.43179e-05 	0
61.1644 	8.75565e-05 	8.75565e-05 	0
61.1986 	5.2249e-05 	5.2249e-05 	0
61.2329 	6.9093e-05 	6.9093e-05 	0
61.2671 	9.38532e-05 	9.38532e-05 	0
61.3014 	4.09353e-05 	4.09353e-05 	0
61.3356 	5.47054e-05 	5.47054e-05 	0
61.3699 	7.73943e-05 	7.73943e-05 	0
61.4041 	9.20958e-05 	9.20958e-05 	0
61.4384 	4.02254e-05 	4.02254e-05 	0
61.4726 	8.3427e-05 	8.3427e-05 	0
61.5068 	5.76905e-05 	5.76905e-05 	0
61.5411 	4.854e-05 	4.854e-05 	0
61.5753 	7.61453e-05 	7.61453e-05 	0
61.6096 	8.29659e-05 	8.29659e-05 	0
61.6438 	4.22628e-05 	4.22628e-05 	0
61.6781 	3.86105e-05 	3.86105e-05 	0
61.7123 	9.16088e-05 	9.16088e-05 	0
61.7466 	4.28177e-05 	4.28177e-05 	0
61.7808 	5.40965e-05 	5.40965e-05 	0
61.8151 	6.85285e-05 	6.85285e-05 	0
61.8493 	7.02386e-05 	7.02386e-05 	0
61.8836 	9.50899e-05 	9.50899e-05 	0
61.9178 	8.51842e-05 	8.51842e-05 	0
61.9521 	7.15875e-05 	7.15875e-05 	0
61.9863 	8.72929e-05 	8.72929e-05 	0
62.0205 	8.68527e-05 	8.68527e-05 	0
62.0548 	7.66322e-05 	7.66322e-05 	0
62.089 	3.8623e-05 	3.8623e-05 	0
62.1233 	4.2753e-05 	4.2753e-05 	0
62.1575 	7.45624e-05 	7.45624e-05 	0
62.1918 	6.25689e-05 	6.25689e-05 	0
62.226 	5.27936e-05 	5.27936e-05 	0
62.2603 	7.07696e-05 	7.07696e-05 	0
62.2945 	4.77761e-05 	4.77761e-05 	0
62.3288 	5.36395e-05 	5.36395e-05 	0
62.363 	5.73024e-05 	5.73024e-05 	0
62.3973 	8.58229e-05 	8.58229e-05 	0
62.4315 	7.75176e-05 	7.75176e-05 	0
62.4658 	6.65803e-05 	6.65803e-05 	0
62.5 	7.84611e-05 	7.84611e-05 	0
62.5342 	6.03069e-05 	6.03069e-05 	0
62.5685 	6.29347e-05 	6.29347e-05 	0
62.6027 	6.41857e-05 	6.41857e-05 	0
62.637 	5.22655e-05 	5.22655e-05 	0
62.6712 	7.68122e-05 	7.68122e-05 	0
62.7055 	5.29815e-05 	5.29815e-05 	0
62.7397 	8.28841e-05 	8.28841e-05 	0
62.774 	7.29628e-05 	7.29628e-05 	0
62.8082 	4.92461e-05 	4.92461e-05 	0
62.8425 	7.11485e-05 	7.11485e-05 	0
62.8767 	7.8853e-05 	7.8853e-05 	0
62.911 	9.44608e-05 	9.44608e-05 	0
62.9452 	4.72523e-05 	4.72523e-05 	0
62.9795 	6.50474e-05 	6.50474e-05 	0
63.0137 	7.33485e-05 	7.33485e-05 	0
63.0479 	5.96956e-05 	5.96956e-05 	0
63.0822 	9.1929e-05 	9.1929e-05 	0
63.1164 	8.73971e-05 	8.73971e-05 	0
63.1507 	8.87963e-05 	8.87963e-05 	0
63.1849 	6.67247e-05 	6.67247e-05 	0
63.2192 	8.67768e-05 	8.67768e-05 	0
63.2534 	5.98896e-05 	5.98896e-05 	0
63.2877 	5.32185e-05 	5.32185e-05 	0
63.3219 	6.43988e-05 	6.43988e-05 	0
63.3562 	8.4137e-05 	8.4137e-05 	0
63.3904 	9.52135e-05 	9.52135e-05 	0
63.4247 	8.70448e-05 	8.70448e-05 	0
63.4589 	6.52267e-05 	6.52267e-05 	0
63.4932 	8.57398e-05 	8.57398e-05 	0
63.5274 	5.65458e-05 	5.65458e-05 	0
63.5616 	7.61569e-05 	7.61569e-05 	0
63.5959 	5.45201e-05 	5.45201e-05 	0
63.6301 	5.33294e-05 	5.33294e-05 	0
63.6644 	3.99386e-05 	3.99386e-05 	0
63.6986 	6.94204e-05 	6.94204e-05 	0
63.7329 	6.10041e-05 	6.10041e-05 	0
63.7671 	5.65493e-05 	5.65493e-05 	0
63.8014 	3.3476e-05 	3.3476e-05 	0
63.8356 	8.0846e-05 	8.0846e-05 	0
63.8699 	5.04111e-05 	5.04111e-05 	0
63.9041 	4.98034e-05 	4.98034e-05 	0
63.9384 	5.53847e-05 	5.53847e-05 	0
63.9726 	5.57226e-05 	5.57226e-05 	0
64.0068 	8.92245e-05 	8.92245e-05 	0
64.0411 	6.90682e-05 	6.90682e-05 	0
64.0753 	7.94977e-05 	7.94977e-05 	0
64.1096 	4.19391e-05 	4.19391e-05 	0
64.1438 	7.53074e-05 	7.53074e-05 	0
64.1781 	6.23913e-05 	6.23913e-05 	0
64.2123 	5.14665e-05 	5.14665e-05 	0
64.2466 	9.9495e-05 	9.9495e-05 	0
64.2808 	8.69197e-05 	8.69197e-05 	0
64.3151 	6.13177e-05 	6.13177e-05 	0
64.3493 	6.54839e-05 	6.54839e-05 	0
64.3836 	7.09924e-05 	7.09924e-05 	0
64.4178 	9.87729e-05 	9.87729e-05 	0
64.4521 	5.01129e-05 	5.01129e-05 	0
64.4863 	9.36698e-05 	9.36698e-05 	0
64.5205 	5.37407e-05 	5.37407e-05 	0
64.5548 	5.85525e-05 	5.85525e-05 	0
64.589 	6.71927e-05 	6.71927e-05 	0
64.6233 	4.36514e-05 	4.36514e-05 	0
64.6575 	7.34827e-05 	7.34827e-05 	0
64.6918 	5.87866e-05 	5.87866e-05 	0
64.726 	7.21746e-05 	7.21746e-05 	0
64.7603 	5.76247e-05 	5.76247e-05 	0
64.7945 	7.231e-05 	7.231e-05 	0
64.8288 	5.26584e-05 	5.26584e-05 	0
64.863 	9.46536e-05 	9.46536e-05 	0
64.8973 	6.60374e-05 	6.60374e-05 	0
64.9315 	7.30643e-05 	7.30643e-05 	0
64.9658 	6.92341e-05 	6.92341e-05 	0
65.0 	7.81283e-05 	7.81283e-05 	0
65.0342 	9.58924e-05 	9.58924e-05 	0
65.0685 	9.59746e-05 	9.59746e-05 	0
65.1027 	6.1088e-05 	6.1088e-05 	0
65.137 	3.59429e-05 	3.59429e-05 	0
65.1712 	6.76262e-05 	6.76262e-05 	0
65.2055 	6.46148e-05 	6.46148e-05 	0
65.2397 	6.03883e-05 	6.03883e-05 	0
65.274 	9.14864e-05 	9.14864e-05 	0
65.3082 	9.27418e-05 	9.27418e-05 	0
65.3425 	9.63872e-05 	9.63872e-05 	0
65.3767 	4.15225e-05 	4.15225e-05 	0
65.411 	6.40188e-05 	6.40188e-05 	0
65.4452 	4.5522e-05 	4.5522e-05 	0
65.4795 	4.48101e-05 	4.48101e-05 	0
65.5137 	6.69981e-05 	6.69981e-05 	0
65.5479 	6.97598e-05 	6.97598e-05 	0
65.5822 	8.66546e-05 	8.66546e-05 	0
65.6164 	4.60653e-05 	4.60653e-05 	0
65.6507 	7.85484e-05 	7.85484e-05 	0
65.6849 	9.71339e-05 	9.71339e-05 	0
65.7192 	6.24401e-05 	6.24401e-05 	0
65.7534 	7.154e-05 	7.154e-05 	0
65.7877 	6.78384e-05 	6.78384e-05 	0
65.8219 	5.78054e-05 	5.78054e-05 	0
65.8562 	5.96102e-05 	5.96102e-05 	0
65.8904 	4.76353e-05 	4.76353e-05 	0
65.9247 	7.06341e-05 	7.06341e-05 	0
65.9589 	3.88597e-05 	3.88597e-05 	0
65.9932 	3.77251e-05 	3.77251e-05 	0
66.0274 	7.10969e-05 	7.10969e-05 	0
66.0616 	7.76033e-05 	7.76033e-05 	0
66.0959 	8.52479e-05 	8.52479e-05 	0
66.1301 	5.08898e-05 	5.08898e-05 	0
66.1644 	3.9614e-05 	3.9614e-05 	0
66.1986 	9.79259e-05 	9.79259e-05 	0
66.2329 	8.14185e-05 	8.14185e-05 	0
66.2671 	9.41412e-05 	9.41412e-05 	0
66.3014 	7.2186e-05 	7.2186e-05 	0
66.3356 	4.18907e-05 	4.18907e-05 	0
66.3699 	8.04208e-05 	8.04208e-05 	0
66.4041 	6.41012e-05 	6.41012e-05 	0
66.4384 	3.35258e-05 	3.35258e-05 	0
66.4726 	9.22773e-05 	9.22773e-05 	0
66.5068 	8.41999e-05 	8.41999e-05 	0
66.5411 	6.88964e-05 	6.88964e-05 	0
66.5753 	8.67597e-05 	8.67597e-05 	0
66.6096 	9.22462e-05 	9.22462e-05 	0
66.6438 	9.66342e-05 	9.66342e-05 	0
66.6781 	7.66926e-05 	7.66926e-05 	0
66.7123 	7.20562e-05 	7.20562e-05 	0
66.7466 	5.54827e-05 	5.54827e-05 	0
66.7808 	8.50237e-05 	8.50237e-05 	0
66.8151 	6.19138e-05 	6.19138e-05 	0
66.8493 	3.58724e-05 	3.58724e-05 	0
66.8836 	6.16085e-05 	6.16085e-05 	0
66.9178 	6.47593e-05 	6.47593e-05 	0
66.9521 	5.99278e-05 	5.99278e-05 	0
66.9863 	3.47729e-05 	3.47729e-05 	0
67.0205 	7.93864e-05 	7.93864e-05 	0
67.0548 	7.98406e-05 	7.98406e-05 	0
67.089 	6.17353e-05 	6.17353e-05 	0
67.1233 	7.59567e-05 	7.59567e-05 	0
67.1575 	6.77442e-05 	6.77442e-05 	0
67.1918 	8.49674e-05 	8.49674e-05 	0
67.226 	4.25891e-05 	4.25891e-05 	0
67.2603 	6.52143e-05 	6.52143e-05 	0
67.2945 	9.01442e-05 	9.01442e-05 	0
67.3288 	4.28495e-05 	4.28495e-05 	0
67.363 	7.47232e-05 	7.47232e-05 	0
67.3973 	8.37744e-05 	8.37744e-05 	0
67.4315 	4.01217e-05 	4.01217e-05 	0
67.4658 	7.52926e-05 	7.52926e-05 	0
67.5 	6.30755e-05 	6.30755e-05 	0
67.5342 	5.54408e-05 	5.54408e-05 	0
67.5685 	8.44294e-05 	8.44294e-05 	0
67.6027 	7.81992e-05 	7.81992e-05 	0
67.637 	6.40089e-05 	6.40089e-05 	0
67.6712 	7.19385e-05 	7.19385e-05 	0
67.7055 	9.79074e-05 	9.79074e-05 	0
67.7397 	7.57413e-05 	7.57413e-05 	0
67.774 	6.94312e-05 	6.94312e-05 	0
67.8082 	8.941e-05 	8.941e-05 	0
67.8425 	5.38618e-05 	5.38618e-05 	0
67.8767 	6.8534e-05 	6.8534e-05 	0
67.911 	7.72375e-05 	7.72375e-05 	0
67.9452 	8.3334e-05 	8.3334e-05 	0
67.9795 	4.83741e-05 	4.83741e-05 	0
68.0137 	4.3422e-05 	4.3422e-05 	0
68.0479 	8.34984e-05 	8.34984e-05 	0
68.0822 	4.842e-05 	4.842e-05 	0
68.1164 	7.20907e-05 	7.20907e-05 	0
68.1507 	6.39716e-05 	6.39716e-05 	0
68.1849 	6.58853e-05 	6.58853e-05 	0
68.2192 	7.434e-05 	7.434e-05 	0
68.2534 	5.53364e-05 	5.53364e-05 	0
68.2877 	8.15269e-05 	8.15269e-05 	0
68.3219 	9.07286e-05 	9.07286e-05 	0
68.3562 	5.4136e-05 	5.4136e-05 	0
68.3904 	7.34408e-05 	7.34408e-05 	0
68.4247 	5.68213e-05 	5.68213e-05 	0
68.4589 	9.52363e-05 	9.52363e-05 	0
68.4932 	4.85933e-05 	4.85933e-05 	0
68.5274 	3.34277e-05 	3.34277e-05 	0
68.5616 	8.59307e-05 	8.59307e-05 	0
68.5959 	8.75357e-05 	8.75357e-05 	0
68.6301 	7.88111e-05 	7.88111e-05 	0
68.6644 	6.3512e-05 	6.3512e-05 	0
68.6986 	7.43456e-05 	7.43456e-05 	0
68.7329 	4.67015e-05 	4.67015e-05 	0
68.7671 	6.15268e-05 	6.15268e-05 	0
68.8014 	6.05254e-05 	6.05254e-05 	0
68.8356 	8.62959e-05 	8.62959e-05 	0
68.8699 	5.92409e-05 	5.92409e-05 	0
68.9041 	8.51585e-05 	8.51585e-05 	0
68.9384 	4.56982e-05 	4.56982e-05 	0
68.9726 	9.20498e-05 	9.20498e-05 	0
69.0068 	4.89765e-05 	4.89765e-05 	0
69.0411 	8.25224e-05 	8.25224e-05 	0
69.0753 	4.96314e-05 	4.96314e-05 	0
69.1096 	8.74341e-05 	8.74341e-05 	0
69.1438 	6.26726e-05 	6.26726e-05 	0
69.1781 	5.45194e-05 	5.45194e-05 	0
69.2123 	9.14247e-05 	9.14247e-05 	0
69.2466 	9.09966e-05 	9.09966e-05 	0
69.2808 	8.70499e-05 	8.70499e-05 	0
69.3151 	7.37902e-05 	7.37902e-05 	0
69.3493 	3.87315e-05 	3.87315e-05 	0
69.3836 	7.36237e-05 	7.36237e-05 	0
69.4178 	5.82163e-05 	5.82163e-05 	0
69.4521 	7.34156e-05 	7.34156e-05 	0
69.4863 	8.92871e-05 	8.92871e-05 	0
69.5205 	4.34824e-05 	4.34824e-05 	0
69.5548 	7.61978e-05 	7.61978e-05 	0
69.589 	5.94294e-05 	5.94294e-05 	0
69.6233 	4.95117e-05 	4.95117e-05 	0
69.6575 	8.42473e-05 	8.42473e-05 	0
69.6918 	4.11592e-05 	4.11592e-05 	0
69.726 	7.62676e-05 	7.62676e-05 	0
69.7603 	7.81845e-05 	7.81845e-05 	0
69.7945 	9.47307e-05 	9.47307e-05 	0
69.8288 	7.90949e-05 	7.90949e-05 	0
69.863 	5.42324e-05 	5.42324e-05 	0
69.8973 	3.74379e-05 	3.74379e-05 	0
69.9315 	5.25397e-05 	5.25397e-05 	0
69.9658 	7.72419e-05 	7.72419e-05 	0
70.0 	9.38614e-05 	9.38614e-05 	0
