# time 	Initial 	Final 	Iterations
1.2e-06 	8.37887e-05 	8.37887e-05 	0
2.64e-06 	6.31881e-05 	6.31881e-05 	0
4.368e-06 	7.24207e-05 	7.24207e-05 	0
6.4416e-06 	9.85317e-05 	9.85317e-05 	0
8.92992e-06 	4.97969e-05 	4.97969e-05 	0
1.19159e-05 	4.538e-05 	4.538e-05 	0
1.54991e-05 	4.95824e-05 	4.95824e-05 	0
1.97989e-05 	9.49037e-05 	9.49037e-05 	0
2.49587e-05 	7.65655e-05 	7.65655e-05 	0
3.11504e-05 	4.65991e-05 	4.65991e-05 	0
3.85805e-05 	4.05692e-05 	4.05692e-05 	0
4.74965e-05 	3.8081e-05 	3.8081e-05 	0
5.81958e-05 	3.94507e-05 	3.94507e-05 	0
7.1035e-05 	3.10786e-05 	3.10786e-05 	0
8.6442e-05 	2.95965e-05 	2.95965e-05 	0
0.00010493 	9.79503e-05 	9.79503e-05 	0
0.000127116 	2.85889e-05 	2.85889e-05 	0
0.00015374 	9.39334e-05 	9.39334e-05 	0
0.000185688 	9.7356e-05 	9.7356e-05 	0
0.000224025 	9.70736e-05 	9.70736e-05 	0
0.00027003 	2.18898e-05 	2.18898e-05 	0
0.000325236 	2.67249e-05 	2.67249e-05 	0
0.000391483 	2.38456e-05 	2.38456e-05 	0
0.00047098 	2.10801e-05 	2.10801e-05 	0
0.000566376 	2.29031e-05 	2.29031e-05 	0
0.00068085 	2.35689e-05 	2.35689e-05 	0
0.000818221 	2.28422e-05 	2.28422e-05 	0
0.000983063 	2.42349e-05 	2.42349e-05 	0
0.00118087 	2.20845e-05 	2.20845e-05 	0
0.00141824 	2.74888e-05 	2.74888e-05 	0
0.0017031 	2.27492e-05 	2.27492e-05 	0
0.00204491 	4.9372e-05 	4.9372e-05 	0
0.00245508 	4.08746e-05 	4.08746e-05 	0
0.0029473 	5.05663e-05 	5.05663e-05 	0
0.00353797 	5.83481e-05 	5.83481e-05 	0
0.00424679 	5.21156e-05 	5.21156e-05 	0
0.00509742 	8.61262e-05 	8.61262e-05 	0
0.00611825 	9.91017e-05 	9.91017e-05 	0
0.00734314 	4.98357e-05 	4.98357e-05 	0
0.00881286 	6.21754e-05 	6.21754e-05 	0
0.0105765 	4.21247e-05 	4.21247e-05 	0
0.0126925 	5.19026e-05 	5.19026e-05 	0
0.0152319 	6.60773e-05 	6.60773e-05 	0
0.0182788 	8.79783e-05 	8.79783e-05 	0
0.0219337 	3.30528e-05 	3.30528e-05 	0
0.0263197 	8.36923e-05 	8.36923e-05 	0
0.0315829 	3.42355e-05 	3.42355e-05 	0
0.037896 	2.11937e-05 	2.11937e-05 	0
0.0454717 	3.15303e-05 	3.15303e-05 	0
0.0545626 	5.35571e-05 	5.35571e-05 	0
0.0654797 	5.98777e-05 	5.98777e-05 	0
0.0785686 	7.04101e-05 	7.04101e-05 	0
0.094292 	9.41991e-05 	9.41991e-05 	0
0.11316 	0.000112262 	1.92012e-05 	1
0.135784 	0.000154999 	2.07268e-05 	1
0.162808 	0.000220052 	1.5069e-05 	1
0.194015 	0.000328906 	2.19323e-05 	1
0.229096 	0.00045535 	3.00075e-05 	1
0.267263 	0.000541027 	3.10284e-05 	1
0.304529 	0.000494928 	2.8769e-05 	1
0.340928 	0.000444552 	3.32522e-05 	1
0.377044 	0.000380613 	2.66543e-05 	1
0.412881 	0.000334058 	2.68006e-05 	1
0.448718 	0.000298275 	2.14986e-05 	1
0.484275 	0.000261476 	1.74796e-05 	1
0.519281 	0.00022456 	1.24901e-05 	1
0.554015 	0.000202133 	1.02642e-05 	1
0.58848 	0.000185445 	1.15871e-05 	1
0.622678 	0.000170462 	1.77925e-05 	1
0.656876 	0.000150444 	1.44174e-05 	1
0.691073 	0.00013401 	1.2252e-05 	1
0.725271 	0.000117531 	1.03255e-05 	1
0.759469 	0.000107355 	9.91285e-06 	1
0.793393 	0.000131212 	1.8436e-05 	1
0.827318 	0.000126801 	1.69456e-05 	1
0.86152 	0.000120032 	1.58614e-05 	1
0.895722 	0.000114077 	1.49475e-05 	1
0.929924 	0.000107219 	1.38632e-05 	1
0.964127 	9.84652e-05 	9.84652e-05 	0
0.998329 	8.10545e-05 	8.10545e-05 	0
1.03253 	0.000105696 	1.57855e-05 	1
1.06673 	7.88947e-05 	7.88947e-05 	0
1.10094 	9.01834e-05 	9.01834e-05 	0
1.13514 	6.07528e-05 	6.07528e-05 	0
1.16934 	0.000109964 	1.40415e-05 	1
1.20354 	9.45827e-05 	9.45827e-05 	0
1.23775 	8.5572e-05 	8.5572e-05 	0
1.27195 	0.000128859 	1.38671e-05 	1
1.30615 	0.000110371 	1.5353e-05 	1
1.34035 	0.000115962 	1.36888e-05 	1
1.37455 	9.58367e-05 	9.58367e-05 	0
1.40876 	7.39137e-05 	7.39137e-05 	0
1.44296 	5.0001e-05 	5.0001e-05 	0
1.47716 	9.2764e-05 	9.2764e-05 	0
1.51136 	0.000112216 	9.91894e-06 	1
1.54557 	4.3689e-05 	4.3689e-05 	0
1.57977 	0.000134394 	1.60945e-05 	1
1.61397 	7.76695e-05 	7.76695e-05 	0
1.64817 	0.00012705 	2.00395e-05 	1
1.68238 	5.76956e-05 	5.76956e-05 	0
1.71658 	6.29357e-05 	6.29357e-05 	0
1.75078 	9.39498e-05 	9.39498e-05 	0
1.78498 	5.24962e-05 	5.24962e-05 	0
1.81918 	4.88448e-05 	4.88448e-05 	0
1.85339 	4.68872e-05 	4.68872e-05 	0
1.88759 	7.77562e-05 	7.77562e-05 	0
1.92179 	8.13778e-05 	8.13778e-05 	0
1.95599 	4.95208e-05 	4.95208e-05 	0
1.9902 	0.000106077 	1.07585e-05 	1
2.0244 	4.21085e-05 	4.21085e-05 	0
2.0586 	0.000109178 	1.16775e-05 	1
2.0928 	9.27842e-05 	9.27842e-05 	0
2.12701 	0.000110627 	1.47905e-05 	1
2.16121 	7.76036e-05 	7.76036e-05 	0
2.19541 	5.18718e-05 	5.18718e-05 	0
2.22961 	0.000135006 	1.07627e-05 	1
2.26381 	0.000117423 	1.12393e-05 	1
2.29802 	8.57812e-05 	8.57812e-05 	0
2.33222 	9.9787e-05 	9.9787e-05 	0
2.36642 	0.000140393 	1.28002e-05 	1
2.40062 	4.45602e-05 	4.45602e-05 	0
2.43483 	5.07828e-05 	5.07828e-05 	0
2.46903 	9.68698e-05 	9.68698e-05 	0
2.50323 	5.28172e-05 	5.28172e-05 	0
2.53743 	8.83147e-05 	8.83147e-05 	0
2.57164 	9.65882e-05 	9.65882e-05 	0
2.60584 	0.000114721 	1.2286e-05 	1
2.64004 	6.84129e-05 	6.84129e-05 	0
2.67424 	8.67297e-05 	8.67297e-05 	0
2.70844 	0.000133825 	1.33841e-05 	1
2.74265 	9.09671e-05 	9.09671e-05 	0
2.77685 	0.000109364 	1.16742e-05 	1
