# time 	Initial 	Final 	Iterations
1.2e-06 	1 	0.00254954 	10
2.64e-06 	0.00359704 	8.98822e-05 	6
4.368e-06 	0.305978 	0.0016467 	2
6.4416e-06 	0.231197 	0.00153646 	1
8.92992e-06 	0.206105 	0.00179858 	1
1.19159e-05 	0.18052 	0.00141002 	1
1.54991e-05 	0.161968 	0.00125767 	1
1.97989e-05 	0.148939 	0.00127697 	1
2.49587e-05 	0.138956 	0.00136878 	1
3.11504e-05 	0.131406 	0.000213655 	2
3.85805e-05 	0.12477 	0.00023005 	2
4.74965e-05 	0.11915 	0.000239712 	2
5.81958e-05 	0.114024 	0.000240494 	2
7.1035e-05 	0.109061 	0.000239713 	2
8.6442e-05 	0.104222 	0.000235912 	2
0.00010493 	0.0991463 	0.000230192 	2
0.000127116 	0.0936714 	0.000221336 	2
0.00015374 	0.0879839 	0.000213557 	2
0.000185688 	0.0817528 	0.000196606 	2
0.000224025 	0.0753733 	0.000183681 	2
0.00027003 	0.0686734 	0.000162808 	2
0.000325236 	0.0619022 	0.000134587 	2
0.000391483 	0.0551377 	9.39587e-05 	2
0.00047098 	0.048528 	9.02632e-05 	2
0.000566376 	0.0422329 	0.000134419 	2
0.00068085 	0.0363652 	0.000165294 	2
0.000818221 	0.0309998 	0.000184954 	2
0.000983063 	0.0261645 	0.000206195 	2
0.00118087 	0.0218617 	5.4651e-05 	3
0.00141824 	0.0181477 	5.6762e-05 	3
0.0017031 	0.0149691 	5.1846e-05 	3
0.00204491 	0.0122405 	5.72692e-05 	3
0.00245508 	0.0100558 	6.39328e-05 	3
0.0029473 	0.00803673 	9.9501e-05 	3
0.00353797 	0.00657883 	3.62008e-05 	4
0.00424679 	0.0051889 	3.29877e-05 	4
0.00509742 	0.00429727 	3.62088e-05 	4
0.00611825 	0.00365126 	3.96177e-05 	4
0.00734314 	0.00333418 	4.32177e-05 	4
0.00881286 	0.00302137 	4.68746e-05 	4
0.0105765 	0.00295905 	5.05889e-05 	4
0.0126925 	0.00301797 	5.48373e-05 	4
0.0152319 	0.00321068 	5.7712e-05 	4
0.0182788 	0.00348822 	6.0544e-05 	4
0.0219337 	0.00390151 	6.3821e-05 	4
0.0263197 	0.00452991 	6.86635e-05 	4
0.0315829 	0.00529686 	7.45491e-05 	4
0.037896 	0.00639628 	8.16124e-05 	4
0.0454717 	0.00760925 	8.72715e-05 	4
0.0545626 	0.00925763 	9.48341e-05 	4
0.0654797 	0.0111392 	0.000102859 	4
0.0785686 	0.0115212 	3.95407e-05 	5
0.094292 	0.00695869 	6.91317e-05 	5
0.11316 	0.00838606 	7.09981e-05 	5
0.135784 	0.00981358 	6.00737e-05 	5
0.162808 	0.0116099 	4.1079e-05 	5
0.194015 	0.0130815 	3.29646e-05 	5
0.229096 	0.0142812 	8.53111e-05 	4
0.267263 	0.0150661 	9.22321e-05 	4
0.304529 	0.0138141 	8.26403e-05 	4
0.340928 	0.0126838 	6.15693e-05 	4
0.377044 	0.0118576 	4.58809e-05 	4
0.412881 	0.010997 	3.98564e-05 	4
0.448718 	0.0102786 	3.63755e-05 	4
0.484275 	0.00946476 	9.0607e-05 	3
0.519281 	0.00856735 	7.84683e-05 	3
0.554015 	0.00786887 	6.88509e-05 	3
0.58848 	0.00719345 	7.92658e-05 	3
0.622678 	0.00658661 	5.42715e-05 	3
0.656876 	0.00603726 	5.87979e-05 	3
0.691073 	0.00560908 	5.25647e-05 	3
0.725271 	0.00513608 	4.34107e-05 	3
0.759469 	0.00481849 	4.16277e-05 	3
0.793393 	0.00439947 	3.72825e-05 	3
0.827318 	0.00402586 	9.84583e-05 	2
0.86152 	0.00379236 	9.10718e-05 	2
0.895722 	0.00354906 	8.62086e-05 	2
0.929924 	0.00326946 	7.92646e-05 	2
0.964127 	0.00303188 	7.40072e-05 	2
0.998329 	0.00278593 	7.01065e-05 	2
1.03253 	0.00274988 	6.45306e-05 	2
1.06673 	0.00242536 	3.09913e-05 	3
1.10094 	0.00232263 	5.87298e-05 	2
1.13514 	0.00206691 	7.79945e-05 	2
1.16934 	0.00196168 	5.29159e-05 	2
1.20354 	0.00183792 	4.89966e-05 	2
1.23775 	0.00164763 	7.10198e-05 	2
1.27195 	0.00160909 	4.52435e-05 	2
1.30615 	0.00144691 	6.14637e-05 	2
1.34035 	0.00143907 	3.8813e-05 	2
1.37455 	0.00139095 	3.62123e-05 	2
1.40876 	0.00113617 	7.05917e-05 	2
1.44296 	0.00113482 	3.36851e-05 	2
1.47716 	0.00105142 	2.6784e-05 	2
1.51136 	0.00111238 	4.49704e-05 	2
1.54557 	0.000897099 	7.55402e-05 	2
1.57977 	0.000983307 	2.07339e-05 	2
1.61397 	0.000720091 	8.58464e-05 	1
1.64817 	0.000851788 	1.81014e-05 	2
1.68238 	0.000764828 	9.27924e-05 	1
1.71658 	0.00067642 	9.45791e-05 	1
1.75078 	0.000613867 	8.46856e-05 	1
1.78498 	0.000651282 	9.04742e-05 	1
1.81918 	0.00061952 	8.24431e-05 	1
1.85339 	0.00057734 	7.76033e-05 	1
1.88759 	0.000539899 	7.01552e-05 	1
1.92179 	0.00038796 	3.44771e-05 	1
1.95599 	0.000389748 	5.4347e-05 	1
1.9902 	0.00044217 	5.01191e-05 	1
2.0244 	0.000431076 	8.46892e-05 	1
2.0586 	0.000376739 	4.37031e-05 	1
2.0928 	0.00042069 	8.81913e-05 	1
2.12701 	0.00046403 	5.81766e-05 	1
2.16121 	0.000315527 	6.9645e-05 	1
2.19541 	0.000444596 	5.64428e-05 	1
2.22961 	0.000390545 	5.29329e-05 	1
2.26381 	0.000281071 	3.52089e-05 	1
2.29802 	0.000247681 	2.88786e-05 	1
2.33222 	0.00047232 	5.52432e-05 	1
2.36642 	0.000259436 	3.59565e-05 	1
2.40062 	0.000291983 	3.8432e-05 	1
2.43483 	0.000466533 	5.12554e-05 	1
2.46903 	0.000362794 	3.85103e-05 	1
2.50323 	0.000397176 	5.17659e-05 	1
2.53743 	0.000305545 	3.09426e-05 	1
2.57164 	0.000268349 	4.00449e-05 	1
2.60584 	0.000214007 	2.6178e-05 	1
2.64004 	0.000251086 	3.09785e-05 	1
2.67424 	0.000294234 	3.29578e-05 	1
2.70844 	0.000336369 	4.43275e-05 	1
2.74265 	0.000228826 	2.91453e-05 	1
2.77685 	0.000429237 	5.14078e-05 	1
2.81105 	0.000215321 	2.94262e-05 	1
2.84525 	0.000352052 	4.1265e-05 	1
2.87946 	0.000420935 	4.2924e-05 	1
2.91366 	0.00035193 	3.42245e-05 	1
2.94786 	0.000170237 	2.80527e-05 	1
2.98206 	0.000372019 	3.73354e-05 	1
3.01627 	0.000160012 	2.40013e-05 	1
3.05047 	0.000359264 	3.43385e-05 	1
3.08467 	0.000164316 	2.72321e-05 	1
3.11887 	0.00036767 	3.60046e-05 	1
3.15307 	0.000156033 	2.6002e-05 	1
3.18728 	0.000274838 	3.10086e-05 	1
3.22148 	0.000321263 	3.8937e-05 	1
3.25568 	0.000326909 	3.88469e-05 	1
3.28988 	0.000152473 	2.66468e-05 	1
3.32409 	0.000301777 	3.20423e-05 	1
3.35829 	0.000373615 	4.18229e-05 	1
3.39249 	0.000107977 	1.82913e-05 	1
3.42669 	0.000135841 	1.9138e-05 	1
3.4609 	0.000274894 	3.6341e-05 	1
3.4951 	0.000243127 	3.83205e-05 	1
3.5293 	0.000283527 	3.81083e-05 	1
3.5635 	0.000256946 	3.87454e-05 	1
3.59771 	0.000208944 	3.12108e-05 	1
3.63191 	0.000184721 	3.16675e-05 	1
3.66611 	0.000277924 	3.57377e-05 	1
3.70031 	0.000223905 	2.35182e-05 	1
3.73451 	0.000295303 	2.58878e-05 	1
3.76872 	0.000176528 	2.38945e-05 	1
3.80292 	0.000315619 	3.15462e-05 	1
3.83712 	0.000190451 	2.2406e-05 	1
3.87132 	0.000134837 	2.20016e-05 	1
3.90553 	0.000207069 	3.82875e-05 	1
3.93973 	0.000118902 	1.39928e-05 	1
3.97393 	0.000229443 	3.37025e-05 	1
4.00813 	0.000109084 	1.27558e-05 	1
4.04234 	0.000163481 	1.48615e-05 	1
4.07654 	9.71413e-05 	9.71413e-05 	0
4.11074 	0.000191173 	2.03055e-05 	1
4.14494 	0.000119183 	1.52744e-05 	1
4.17914 	0.000109646 	1.55354e-05 	1
4.21335 	0.000266546 	2.44605e-05 	1
4.24755 	0.000133428 	2.11108e-05 	1
4.28175 	0.000106157 	1.4519e-05 	1
4.31595 	0.000264017 	2.39378e-05 	1
4.35016 	0.000133604 	2.21636e-05 	1
4.38436 	0.000320905 	2.83418e-05 	1
4.41856 	0.000208682 	2.41758e-05 	1
4.45276 	0.000128013 	1.9091e-05 	1
4.48697 	0.00031129 	4.09211e-05 	1
4.52117 	0.000148971 	1.95179e-05 	1
4.55537 	0.000261663 	4.24733e-05 	1
4.58957 	0.000195916 	2.25449e-05 	1
4.62377 	0.000158776 	2.46068e-05 	1
4.65798 	0.000233118 	2.68288e-05 	1
4.69218 	0.000200825 	1.94666e-05 	1
4.72638 	0.000236819 	2.2641e-05 	1
4.76058 	0.000130461 	2.08846e-05 	1
4.79479 	0.000243206 	2.3136e-05 	1
4.82899 	0.000123818 	1.58563e-05 	1
4.86319 	0.00011544 	1.69593e-05 	1
4.89739 	0.000280023 	2.54432e-05 	1
4.9316 	0.000190921 	2.72821e-05 	1
4.9658 	0.000144489 	2.26955e-05 	1
5.0 	0.000263098 	3.31113e-05 	1
5.03425 	0.000229922 	2.04409e-05 	1
5.06849 	0.000266617 	2.11456e-05 	1
5.10274 	0.000116218 	1.56119e-05 	1
5.13699 	0.000202579 	1.64577e-05 	1
5.17123 	0.000107192 	1.70407e-05 	1
5.20548 	0.00012707 	1.77891e-05 	1
5.23973 	0.000337224 	3.0584e-05 	1
5.27397 	0.000208338 	2.26129e-05 	1
5.30822 	0.000140611 	2.14938e-05 	1
5.34247 	0.000213338 	3.88539e-05 	1
5.37671 	0.0002887 	3.25511e-05 	1
5.41096 	0.000175554 	1.57707e-05 	1
5.44521 	0.000204317 	1.5984e-05 	1
5.47945 	8.61263e-05 	8.61263e-05 	0
5.5137 	0.00021878 	2.23542e-05 	1
5.54795 	0.000136193 	2.25986e-05 	1
5.58219 	0.00011531 	1.14336e-05 	1
5.61644 	0.000261212 	3.52462e-05 	1
5.65068 	0.000118495 	1.43171e-05 	1
5.68493 	0.000267306 	2.43602e-05 	1
5.71918 	0.000137513 	1.75049e-05 	1
5.75342 	0.000171433 	1.25257e-05 	1
5.78767 	4.0586e-05 	4.0586e-05 	0
5.82192 	9.25703e-05 	9.25703e-05 	0
5.85616 	0.000205632 	1.7659e-05 	1
5.89041 	7.93002e-05 	7.93002e-05 	0
5.92466 	0.000240994 	2.64547e-05 	1
5.9589 	0.000210445 	2.97308e-05 	1
5.99315 	0.000141386 	1.76532e-05 	1
6.0274 	0.000211951 	3.29362e-05 	1
6.06164 	0.00015122 	2.21181e-05 	1
6.09589 	0.000290721 	3.94713e-05 	1
6.13014 	0.000311913 	5.74416e-05 	1
6.16438 	0.000204986 	2.8171e-05 	1
6.19863 	0.000165336 	2.87442e-05 	1
6.23288 	0.000298167 	3.55015e-05 	1
6.26712 	0.000238318 	2.35429e-05 	1
6.30137 	0.000114125 	1.84132e-05 	1
6.33562 	0.000134598 	2.18483e-05 	1
6.36986 	0.000320439 	2.96803e-05 	1
6.40411 	0.000242358 	4.07062e-05 	1
6.43836 	0.000124135 	1.5464e-05 	1
6.4726 	0.000226832 	2.56914e-05 	1
6.50685 	0.000164413 	1.85926e-05 	1
6.5411 	0.000305576 	2.96007e-05 	1
6.57534 	0.000173913 	1.94759e-05 	1
6.60959 	0.000122462 	1.98682e-05 	1
6.64384 	0.000146356 	2.30874e-05 	1
6.67808 	0.00014013 	1.73222e-05 	1
6.71233 	9.01071e-05 	9.01071e-05 	0
6.74658 	0.000176935 	2.72351e-05 	1
6.78082 	0.000237995 	3.17022e-05 	1
6.81507 	0.000216153 	3.38371e-05 	1
6.84932 	0.000156896 	2.27812e-05 	1
6.88356 	0.000277644 	3.101e-05 	1
6.91781 	0.000196935 	1.86121e-05 	1
6.95205 	0.00030477 	2.47212e-05 	1
6.9863 	0.000136098 	1.90199e-05 	1
7.02055 	0.000309674 	2.75099e-05 	1
7.05479 	0.000224946 	2.70062e-05 	1
7.08904 	0.000154052 	2.25607e-05 	1
7.12329 	0.000294158 	3.39899e-05 	1
7.15753 	0.000217245 	2.04212e-05 	1
7.19178 	7.6783e-05 	7.6783e-05 	0
7.22603 	0.000138736 	2.16063e-05 	1
7.26027 	0.000173465 	2.91702e-05 	1
7.29452 	0.000169738 	2.46136e-05 	1
7.32877 	0.00014955 	2.03685e-05 	1
7.36301 	0.00023109 	3.66308e-05 	1
7.39726 	0.000173946 	2.28901e-05 	1
7.43151 	0.000386153 	4.8455e-05 	1
7.46575 	0.000198019 	2.44542e-05 	1
7.5 	0.000256434 	2.73336e-05 	1
7.53425 	0.000166209 	1.69183e-05 	1
7.56849 	0.000298739 	2.64428e-05 	1
7.60274 	0.000178984 	2.17981e-05 	1
7.63699 	0.000102964 	1.32111e-05 	1
7.67123 	0.000111444 	1.58201e-05 	1
7.70548 	9.92524e-05 	9.92524e-05 	0
7.73973 	0.000259803 	4.36848e-05 	1
7.77397 	0.000185338 	2.72236e-05 	1
7.80822 	0.000166786 	2.87614e-05 	1
7.84247 	0.000268409 	3.43101e-05 	1
7.87671 	0.000226802 	3.69754e-05 	1
7.91096 	0.000280006 	3.06854e-05 	1
7.94521 	0.000185979 	2.11913e-05 	1
7.97945 	0.000130628 	2.23045e-05 	1
8.0137 	0.000134274 	1.52502e-05 	1
8.04795 	8.3697e-05 	8.3697e-05 	0
8.08219 	0.000325275 	3.74538e-05 	1
8.11644 	0.000201622 	1.77731e-05 	1
8.15068 	0.000283941 	2.13993e-05 	1
8.18493 	0.000114489 	1.48495e-05 	1
8.21918 	0.000145681 	1.47405e-05 	1
8.25342 	0.000191 	1.4298e-05 	1
8.28767 	0.000111695 	1.25286e-05 	1
8.32192 	0.000107377 	1.53137e-05 	1
8.35616 	8.92801e-05 	8.92801e-05 	0
8.39041 	0.000256456 	4.24104e-05 	1
8.42466 	0.000194968 	2.206e-05 	1
8.4589 	0.000132506 	1.86831e-05 	1
8.49315 	0.000207751 	3.64332e-05 	1
8.5274 	0.000284622 	3.91118e-05 	1
8.56164 	0.000111547 	1.37836e-05 	1
8.59589 	0.000173345 	1.6072e-05 	1
8.63014 	0.00027754 	2.61754e-05 	1
8.66438 	0.000144099 	1.79422e-05 	1
8.69863 	0.00018047 	2.40844e-05 	1
8.73288 	0.000125319 	1.8556e-05 	1
8.76712 	0.000270428 	3.61627e-05 	1
8.80137 	0.000229481 	3.78331e-05 	1
8.83562 	0.000233821 	2.97536e-05 	1
8.86986 	0.000188107 	2.98691e-05 	1
8.90411 	0.000237663 	2.89314e-05 	1
8.93836 	0.000219669 	2.06177e-05 	1
8.9726 	0.000236373 	2.28762e-05 	1
9.00685 	0.000145801 	2.14625e-05 	1
9.0411 	0.000121575 	1.57533e-05 	1
9.07534 	0.000276839 	3.65222e-05 	1
9.10959 	0.000144038 	1.74876e-05 	1
9.14384 	0.000248235 	3.99938e-05 	1
9.17808 	0.000233004 	2.87547e-05 	1
9.21233 	0.000117535 	1.21464e-05 	1
9.24658 	0.00026112 	2.42868e-05 	1
9.28082 	0.000195913 	2.3071e-05 	1
9.31507 	0.000121822 	1.72654e-05 	1
9.34932 	0.000227442 	3.68296e-05 	1
9.38356 	0.000126468 	1.44098e-05 	1
9.41781 	0.00024189 	2.13933e-05 	1
9.45205 	0.000137892 	1.71759e-05 	1
9.4863 	0.000239268 	2.11087e-05 	1
9.52055 	0.000108718 	1.52821e-05 	1
9.55479 	8.95122e-05 	8.95122e-05 	0
9.58904 	0.000242416 	2.76383e-05 	1
9.62329 	0.000201761 	1.79751e-05 	1
9.65753 	0.000295761 	2.72228e-05 	1
9.69178 	0.000180797 	1.51712e-05 	1
9.72603 	0.00026559 	1.9574e-05 	1
9.76027 	0.000110249 	1.62157e-05 	1
9.79452 	0.000214502 	1.93411e-05 	1
9.82877 	0.000111554 	1.41602e-05 	1
9.86301 	0.00032022 	2.7782e-05 	1
9.89726 	0.000222861 	2.85709e-05 	1
9.93151 	0.000145953 	2.07482e-05 	1
9.96575 	0.000277557 	3.23932e-05 	1
10.0 	0.000207503 	1.80851e-05 	1
10.0342 	0.000251861 	1.87056e-05 	1
10.0685 	7.89165e-05 	7.89165e-05 	0
10.1027 	0.000196182 	2.3739e-05 	1
10.137 	0.000281929 	2.48866e-05 	1
10.1712 	0.000131421 	2.13187e-05 	1
10.2055 	0.00011578 	1.73881e-05 	1
10.2397 	0.000329037 	3.20396e-05 	1
10.274 	0.000201897 	2.24198e-05 	1
10.3082 	0.000140931 	2.24715e-05 	1
10.3425 	0.000263611 	4.86606e-05 	1
10.3767 	0.000179467 	2.68909e-05 	1
10.411 	0.000399133 	5.32004e-05 	1
10.4452 	0.000218329 	1.92418e-05 	1
10.4795 	0.000157181 	1.64869e-05 	1
10.5137 	0.000117106 	1.28352e-05 	1
10.5479 	0.000321994 	3.06277e-05 	1
10.5822 	0.000190911 	1.80181e-05 	1
10.6164 	0.000105329 	1.50198e-05 	1
10.6507 	0.000117996 	1.6501e-05 	1
10.6849 	0.000309894 	2.73205e-05 	1
10.7192 	0.000184621 	2.20541e-05 	1
10.7534 	0.000117256 	1.68259e-05 	1
10.7877 	0.000317605 	3.38099e-05 	1
10.8219 	0.000231472 	2.36198e-05 	1
10.8562 	0.000138729 	1.8745e-05 	1
10.8904 	0.000331654 	3.42316e-05 	1
10.9247 	0.000210698 	2.23226e-05 	1
10.9589 	0.000135786 	2.17556e-05 	1
10.9932 	0.000261777 	4.82699e-05 	1
11.0274 	0.000265702 	3.04509e-05 	1
11.0616 	0.000181084 	1.60269e-05 	1
11.0959 	0.00017691 	1.39454e-05 	1
11.1301 	0.00037899 	3.02654e-05 	1
11.1644 	0.000197969 	2.23893e-05 	1
11.1986 	0.000101845 	1.66163e-05 	1
11.2329 	0.000335019 	3.27357e-05 	1
11.2671 	0.000196345 	2.22168e-05 	1
11.3014 	0.000136873 	2.31216e-05 	1
11.3356 	0.000280259 	5.22467e-05 	1
11.3699 	0.000188017 	2.84403e-05 	1
11.4041 	0.000400117 	5.36316e-05 	1
11.4384 	0.000184711 	2.91427e-05 	1
11.4726 	0.000160844 	1.94569e-05 	1
11.5068 	0.000225141 	3.29619e-05 	1
11.5411 	0.000136269 	1.82402e-05 	1
11.5753 	0.000250767 	3.3407e-05 	1
11.6096 	0.000190047 	2.37735e-05 	1
11.6438 	0.000137604 	1.77921e-05 	1
11.6781 	0.000165312 	1.72314e-05 	1
11.7123 	0.000400163 	4.28562e-05 	1
11.7466 	0.00017614 	1.82677e-05 	1
11.7808 	0.000200532 	2.75555e-05 	1
11.8151 	0.000250156 	2.45534e-05 	1
11.8493 	0.000137139 	1.70838e-05 	1
11.8836 	0.000181718 	1.43007e-05 	1
11.9178 	0.000242039 	2.07334e-05 	1
11.9521 	0.000102719 	1.55587e-05 	1
11.9863 	0.0002527 	2.82086e-05 	1
12.0205 	0.00020397 	1.7798e-05 	1
12.0548 	0.000253576 	2.29184e-05 	1
12.089 	0.000125357 	2.07928e-05 	1
12.1233 	0.000291213 	2.70596e-05 	1
12.1575 	0.000191452 	2.00433e-05 	1
12.1918 	0.000112249 	1.63019e-05 	1
12.226 	0.000290794 	3.05101e-05 	1
12.2603 	0.000193759 	2.29893e-05 	1
12.2945 	0.000147359 	2.50187e-05 	1
12.3288 	0.000149836 	1.63867e-05 	1
12.363 	0.000111552 	1.5997e-05 	1
12.3973 	0.000126855 	1.79859e-05 	1
12.4315 	0.000308874 	2.65019e-05 	1
12.4658 	0.00013853 	1.99698e-05 	1
12.5 	0.000114303 	1.47421e-05 	1
12.5342 	0.000324307 	2.74729e-05 	1
12.5685 	0.000179587 	2.22055e-05 	1
12.6027 	9.61106e-05 	9.61106e-05 	0
12.637 	0.000231236 	2.73575e-05 	1
12.6712 	0.000208037 	2.06357e-05 	1
12.7055 	0.000118914 	1.63387e-05 	1
12.7397 	0.000131548 	1.96811e-05 	1
12.774 	0.000111553 	1.73362e-05 	1
12.8082 	0.000203247 	1.80029e-05 	1
12.8425 	0.000117724 	1.94584e-05 	1
12.8767 	0.000126902 	1.75174e-05 	1
12.911 	0.000202158 	1.79247e-05 	1
12.9452 	9.37038e-05 	9.37038e-05 	0
12.9795 	0.00029715 	2.75646e-05 	1
13.0137 	0.000236924 	2.86904e-05 	1
13.0479 	0.000179199 	2.48873e-05 	1
13.0822 	0.000171608 	2.39737e-05 	1
13.1164 	0.000324263 	3.93462e-05 	1
13.1507 	0.000154578 	2.03762e-05 	1
13.1849 	0.000295385 	2.9437e-05 	1
13.2192 	0.000188143 	2.11279e-05 	1
13.2534 	0.000138854 	2.13595e-05 	1
13.2877 	0.000281372 	5.14329e-05 	1
13.3219 	0.000206887 	2.34447e-05 	1
13.3562 	0.000162237 	2.45868e-05 	1
13.3904 	0.000147056 	1.78247e-05 	1
13.4247 	0.000116333 	1.61414e-05 	1
13.4589 	0.000307168 	4.08244e-05 	1
13.4932 	0.000267922 	3.8926e-05 	1
13.5274 	0.000235515 	2.44604e-05 	1
13.5616 	0.000154452 	2.98388e-05 	1
13.5959 	0.000262941 	4.87244e-05 	1
13.6301 	0.000160405 	1.94168e-05 	1
13.6644 	0.000110882 	1.98471e-05 	1
13.6986 	0.000148129 	2.37345e-05 	1
13.7329 	0.000137336 	1.65669e-05 	1
13.7671 	8.9806e-05 	8.9806e-05 	0
13.8014 	0.000153016 	2.32808e-05 	1
13.8356 	0.000285342 	5.34585e-05 	1
13.8699 	0.000243134 	2.73817e-05 	1
13.9041 	0.00018526 	2.64248e-05 	1
13.9384 	0.000193781 	2.18894e-05 	1
13.9726 	0.000166066 	2.58538e-05 	1
14.0068 	0.000250126 	2.79505e-05 	1
14.0411 	0.000192617 	1.67782e-05 	1
14.0753 	0.000246318 	1.94406e-05 	1
14.1096 	0.000103673 	1.52583e-05 	1
14.1438 	0.000295855 	2.78524e-05 	1
14.1781 	0.000240109 	3.20886e-05 	1
14.2123 	0.000292271 	4.75541e-05 	1
14.2466 	0.000200691 	2.27683e-05 	1
14.2808 	0.000149052 	2.32008e-05 	1
14.3151 	0.000236497 	4.22072e-05 	1
14.3493 	0.000235628 	2.51661e-05 	1
14.3836 	0.000155734 	1.32755e-05 	1
14.4178 	0.000191732 	1.9149e-05 	1
14.4521 	0.000137558 	1.93707e-05 	1
14.4863 	0.000273825 	4.90771e-05 	1
14.5205 	0.000234544 	2.46405e-05 	1
14.5548 	0.000157537 	2.09887e-05 	1
14.589 	0.00013139 	1.5878e-05 	1
14.6233 	8.56003e-05 	8.56003e-05 	0
14.6575 	0.000289649 	3.58003e-05 	1
14.6918 	0.000219567 	1.88027e-05 	1
14.726 	6.89489e-05 	6.89489e-05 	0
14.7603 	0.000103689 	1.41752e-05 	1
14.7945 	6.06128e-05 	6.06128e-05 	0
14.8288 	9.02494e-05 	9.02494e-05 	0
14.863 	0.000200097 	2.47781e-05 	1
14.8973 	0.000179488 	2.3384e-05 	1
14.9315 	0.000189387 	2.04355e-05 	1
14.9658 	0.000147016 	2.11545e-05 	1
15.0 	0.000230074 	4.04611e-05 	1
15.0342 	0.000118974 	1.32418e-05 	1
15.0685 	0.000201739 	1.96348e-05 	1
15.1027 	0.000129132 	1.78007e-05 	1
15.137 	0.000293468 	3.77248e-05 	1
15.1712 	0.000229049 	3.46855e-05 	1
15.2055 	0.000248725 	3.54142e-05 	1
15.2397 	0.00030203 	5.2514e-05 	1
15.274 	0.000229858 	3.75259e-05 	1
15.3082 	0.000113044 	1.42357e-05 	1
15.3425 	0.000119183 	1.56059e-05 	1
15.3767 	8.35168e-05 	8.35168e-05 	0
15.411 	0.000240661 	4.17301e-05 	1
15.4452 	0.000164585 	2.6087e-05 	1
15.4795 	0.000166609 	2.66747e-05 	1
15.5137 	0.000166423 	1.8993e-05 	1
15.5479 	0.000124977 	1.88291e-05 	1
15.5822 	0.000306536 	3.28751e-05 	1
15.6164 	0.000198414 	2.16166e-05 	1
15.6507 	0.000125455 	2.00504e-05 	1
15.6849 	0.00022007 	4.03805e-05 	1
15.7192 	0.000142302 	1.83466e-05 	1
15.7534 	0.000229924 	2.93587e-05 	1
15.7877 	0.00021987 	1.84681e-05 	1
15.8219 	7.13869e-05 	7.13869e-05 	0
15.8562 	0.000108166 	1.62679e-05 	1
15.8904 	6.42839e-05 	6.42839e-05 	0
15.9247 	0.000114961 	1.85532e-05 	1
15.9589 	0.00025687 	3.51223e-05 	1
15.9932 	0.000219244 	2.95697e-05 	1
16.0274 	0.000128433 	1.58588e-05 	1
16.0616 	0.000246366 	2.55539e-05 	1
16.0959 	0.00014563 	1.85247e-05 	1
16.1301 	0.00016497 	2.21807e-05 	1
16.1644 	0.000133565 	1.87902e-05 	1
16.1986 	0.000222714 	3.6492e-05 	1
16.2329 	0.000158329 	2.23802e-05 	1
16.2671 	0.000278567 	2.70123e-05 	1
16.3014 	0.000218274 	2.86051e-05 	1
16.3356 	0.000274776 	2.56253e-05 	1
16.3699 	0.000193994 	3.03723e-05 	1
16.4041 	0.000182424 	2.8473e-05 	1
16.4384 	0.000259953 	3.00155e-05 	1
16.4726 	0.000225199 	2.0169e-05 	1
16.5068 	0.00025938 	2.16499e-05 	1
16.5411 	0.000126695 	1.88179e-05 	1
16.5753 	0.000277285 	2.51343e-05 	1
16.6096 	0.000141259 	1.93998e-05 	1
16.6438 	0.000231534 	4.05016e-05 	1
16.6781 	0.00023615 	2.6254e-05 	1
16.7123 	0.000159693 	1.349e-05 	1
16.7466 	0.000182424 	1.66416e-05 	1
16.7808 	0.000375252 	3.1353e-05 	1
16.8151 	0.000192851 	2.17579e-05 	1
16.8493 	0.000251603 	2.51081e-05 	1
16.8836 	0.000234871 	3.5615e-05 	1
16.9178 	0.000110088 	1.22499e-05 	1
16.9521 	0.000255373 	2.55281e-05 	1
16.9863 	0.000213965 	2.87998e-05 	1
17.0205 	0.000168919 	2.48096e-05 	1
17.0548 	0.00022713 	2.79595e-05 	1
17.089 	0.000201162 	1.69193e-05 	1
17.1233 	0.00020432 	1.73537e-05 	1
17.1575 	0.000119457 	1.67664e-05 	1
17.1918 	0.000297713 	2.8441e-05 	1
17.226 	0.000201075 	2.35246e-05 	1
17.2603 	0.00010205 	1.71882e-05 	1
17.2945 	0.00013217 	1.82095e-05 	1
17.3288 	0.000134172 	2.06076e-05 	1
17.363 	0.00029088 	2.70782e-05 	1
17.3973 	0.000193262 	2.96307e-05 	1
17.4315 	0.000168 	2.72995e-05 	1
17.4658 	0.000303288 	3.83089e-05 	1
17.5 	0.000257422 	4.32243e-05 	1
17.5342 	0.000200279 	2.95975e-05 	1
17.5685 	0.000178287 	3.0997e-05 	1
17.6027 	0.00030014 	3.73969e-05 	1
17.637 	0.000241212 	4.19027e-05 	1
17.6712 	0.000294531 	3.26217e-05 	1
17.7055 	0.000202043 	2.34214e-05 	1
17.7397 	0.000143215 	2.47832e-05 	1
17.774 	0.000145948 	1.68718e-05 	1
17.8082 	0.000110307 	1.59622e-05 	1
17.8425 	0.000124888 	1.75483e-05 	1
17.8767 	0.000305637 	2.60944e-05 	1
17.911 	0.000135303 	1.91312e-05 	1
17.9452 	0.000109963 	1.41939e-05 	1
17.9795 	0.000309407 	2.58963e-05 	1
18.0137 	0.000139255 	2.0107e-05 	1
18.0479 	0.000102844 	1.22838e-05 	1
18.0822 	0.000237488 	1.93537e-05 	1
18.1164 	0.000100574 	1.38986e-05 	1
18.1507 	0.000299604 	2.68818e-05 	1
18.1849 	0.00023282 	2.72887e-05 	1
18.2192 	0.000269563 	2.48029e-05 	1
18.2534 	0.000156723 	1.37252e-05 	1
18.2877 	7.31909e-05 	7.31909e-05 	0
18.3219 	0.000143734 	2.42325e-05 	1
18.3562 	0.00024268 	1.85436e-05 	1
18.3904 	9.94516e-05 	9.94516e-05 	0
18.4247 	0.000208883 	2.20746e-05 	1
18.4589 	0.000130046 	2.13467e-05 	1
18.4932 	0.000310961 	3.78796e-05 	1
18.5274 	0.000242267 	2.22876e-05 	1
18.5616 	0.000110643 	1.6917e-05 	1
18.5959 	0.000124362 	1.93601e-05 	1
18.6301 	0.000292969 	2.709e-05 	1
18.6644 	0.000195116 	2.95246e-05 	1
18.6986 	0.000165437 	2.80165e-05 	1
18.7329 	0.000523071 	5.75937e-05 	1
18.7671 	0.000322222 	3.16717e-05 	1
18.8014 	0.000207028 	2.15408e-05 	1
18.8356 	0.000137437 	2.05837e-05 	1
18.8699 	0.000203995 	3.60124e-05 	1
18.9041 	0.000303178 	4.14362e-05 	1
18.9384 	0.000256068 	3.08946e-05 	1
18.9726 	0.000232842 	1.94075e-05 	1
19.0068 	8.83607e-05 	8.83607e-05 	0
19.0411 	0.000206339 	2.02789e-05 	1
19.0753 	0.000128509 	1.56631e-05 	1
19.1096 	0.000320533 	3.33872e-05 	1
19.1438 	0.000208999 	1.8537e-05 	1
19.1781 	0.000280045 	2.11246e-05 	1
19.2123 	0.000107595 	1.342e-05 	1
19.2466 	0.000276257 	2.43263e-05 	1
19.2808 	0.000133393 	1.95001e-05 	1
19.3151 	0.000106598 	1.36664e-05 	1
19.3493 	0.000205795 	2.75047e-05 	1
19.3836 	0.000145585 	1.48006e-05 	1
19.4178 	8.19678e-05 	8.19678e-05 	0
19.4521 	0.000118115 	1.67719e-05 	1
19.4863 	0.000222164 	2.09321e-05 	1
19.5205 	0.000136825 	2.00242e-05 	1
19.5548 	0.000263581 	2.34677e-05 	1
19.589 	0.000136246 	1.60739e-05 	1
19.6233 	0.00028962 	2.57045e-05 	1
19.6575 	0.000184789 	1.71366e-05 	1
19.6918 	0.000104648 	1.38408e-05 	1
19.726 	0.000110674 	1.58663e-05 	1
19.7603 	0.00031456 	2.76595e-05 	1
19.7945 	0.00021229 	2.74749e-05 	1
19.8288 	0.000147378 	2.1268e-05 	1
19.863 	0.000305793 	3.55919e-05 	1
19.8973 	0.000239134 	2.21734e-05 	1
19.9315 	9.40206e-05 	9.40206e-05 	0
19.9658 	0.000213005 	2.08984e-05 	1
20.0 	0.000116956 	1.98551e-05 	1
20.0342 	0.000278997 	3.07588e-05 	1
20.0685 	0.000183921 	1.95019e-05 	1
20.1027 	0.000122309 	1.87801e-05 	1
20.137 	0.000310358 	3.58411e-05 	1
20.1712 	0.000227587 	2.19996e-05 	1
20.2055 	0.000108846 	1.7062e-05 	1
20.2397 	0.000117386 	1.88208e-05 	1
20.274 	0.00022963 	2.01982e-05 	1
20.3082 	0.00011194 	1.73967e-05 	1
20.3425 	0.000316746 	2.77537e-05 	1
20.3767 	0.000219884 	2.55495e-05 	1
20.411 	0.000143232 	2.05903e-05 	1
20.4452 	0.000284177 	3.19471e-05 	1
20.4795 	0.000198471 	1.9159e-05 	1
20.5137 	0.000287916 	2.35339e-05 	1
20.5479 	0.000130743 	1.91584e-05 	1
20.5822 	0.000231953 	1.96538e-05 	1
20.6164 	0.000101116 	1.31019e-05 	1
20.6507 	8.29461e-05 	8.29461e-05 	0
20.6849 	0.000143855 	2.53115e-05 	1
20.7192 	0.00014653 	1.99737e-05 	1
20.7534 	0.000111135 	1.72387e-05 	1
20.7877 	0.000312103 	4.20905e-05 	1
20.8219 	0.000156477 	2.22417e-05 	1
20.8562 	0.000280182 	3.01671e-05 	1
20.8904 	0.000175196 	1.83071e-05 	1
20.9247 	8.69365e-05 	8.69365e-05 	0
20.9589 	0.000301828 	3.58043e-05 	1
20.9932 	0.00023257 	2.24346e-05 	1
21.0274 	0.000121569 	1.83353e-05 	1
21.0616 	0.000136945 	2.17009e-05 	1
21.0959 	0.000328506 	3.11551e-05 	1
21.1301 	0.000188334 	2.11717e-05 	1
21.1644 	0.000134429 	2.08114e-05 	1
21.1986 	0.000239541 	4.3945e-05 	1
21.2329 	0.000172713 	2.56349e-05 	1
21.2671 	0.000405049 	5.36025e-05 	1
21.3014 	0.000224792 	1.97878e-05 	1
21.3356 	0.00010189 	1.53913e-05 	1
21.3699 	0.000103304 	1.40062e-05 	1
21.4041 	0.000250874 	2.28231e-05 	1
21.4384 	0.0001225 	1.81911e-05 	1
21.4726 	9.93382e-05 	9.93382e-05 	0
21.5068 	0.000187993 	2.51329e-05 	1
21.5411 	0.000143539 	2.01012e-05 	1
21.5753 	0.000235448 	4.21938e-05 	1
21.6096 	0.000157752 	2.2284e-05 	1
21.6438 	0.000197484 	3.16324e-05 	1
21.6781 	0.000182501 	1.74722e-05 	1
21.7123 	0.000239604 	2.53725e-05 	1
21.7466 	0.000143542 	1.76983e-05 	1
21.7808 	0.0001352 	1.5664e-05 	1
21.8151 	0.000228826 	2.38643e-05 	1
21.8493 	0.000143874 	2.35416e-05 	1
21.8836 	0.000247802 	2.33053e-05 	1
21.9178 	0.000116892 	1.63267e-05 	1
21.9521 	0.000309487 	2.78902e-05 	1
21.9863 	0.000207929 	2.50936e-05 	1
22.0205 	0.000132415 	1.99911e-05 	1
22.0548 	0.000241488 	4.24785e-05 	1
22.089 	0.000137301 	1.56078e-05 	1
22.1233 	0.000192599 	2.08541e-05 	1
22.1575 	0.000144535 	2.12441e-05 	1
22.1918 	0.000201626 	3.23985e-05 	1
22.226 	0.000274627 	2.5256e-05 	1
22.2603 	0.000139056 	1.72882e-05 	1
22.2945 	0.000323244 	2.90166e-05 	1
22.3288 	0.000203697 	2.02991e-05 	1
22.363 	0.000119781 	1.73786e-05 	1
22.3973 	0.000131001 	2.0059e-05 	1
22.4315 	0.000324147 	2.91739e-05 	1
22.4658 	0.000228916 	3.45273e-05 	1
22.5 	0.000186187 	2.8748e-05 	1
22.5342 	0.000180809 	2.83687e-05 	1
22.5685 	0.000227541 	2.76548e-05 	1
22.6027 	0.00016751 	1.67558e-05 	1
22.637 	0.000223225 	1.9527e-05 	1
22.6712 	0.000101142 	1.34721e-05 	1
22.7055 	0.000256659 	3.05414e-05 	1
22.7397 	0.000245524 	3.80437e-05 	1
22.774 	0.000153405 	2.08537e-05 	1
22.8082 	0.000276199 	3.12689e-05 	1
22.8425 	0.000201176 	1.86188e-05 	1
22.8767 	0.000272455 	2.09716e-05 	1
22.911 	0.000107103 	1.31601e-05 	1
22.9452 	0.000260139 	2.2952e-05 	1
22.9795 	0.000127687 	1.91465e-05 	1
23.0137 	0.000106212 	1.31876e-05 	1
23.0479 	0.000174634 	2.32492e-05 	1
23.0822 	0.000133953 	1.94601e-05 	1
23.1164 	0.000207586 	3.84662e-05 	1
23.1507 	0.000247051 	2.52117e-05 	1
23.1849 	0.000156092 	1.56393e-05 	1
23.2192 	0.000273776 	3.29137e-05 	1
23.2534 	0.000226317 	1.99163e-05 	1
23.2877 	0.000205272 	1.63531e-05 	1
23.3219 	0.00010834 	1.59158e-05 	1
23.3562 	0.000294375 	3.1558e-05 	1
23.3904 	0.000171747 	1.50939e-05 	1
23.4247 	0.000237446 	1.89274e-05 	1
23.4589 	0.000107821 	1.49189e-05 	1
23.4932 	0.000212522 	1.90737e-05 	1
23.5274 	0.000312163 	3.48418e-05 	1
23.5616 	0.000137701 	1.85499e-05 	1
23.5959 	0.000181238 	2.90804e-05 	1
23.6301 	0.000155914 	2.25076e-05 	1
23.6644 	0.000177402 	2.53554e-05 	1
23.6986 	0.000159222 	1.89305e-05 	1
23.7329 	0.000245599 	3.84631e-05 	1
23.7671 	0.000185444 	2.42101e-05 	1
23.8014 	0.000139756 	2.09519e-05 	1
23.8356 	0.000305909 	4.1428e-05 	1
23.8699 	0.000203351 	2.67031e-05 	1
23.9041 	0.000157437 	2.1115e-05 	1
23.9384 	0.000206092 	2.01495e-05 	1
23.9726 	0.000125203 	2.06212e-05 	1
24.0068 	0.000178417 	3.06719e-05 	1
24.0411 	0.000185169 	2.59701e-05 	1
24.0753 	0.000159093 	2.07623e-05 	1
24.1096 	0.000209726 	2.24271e-05 	1
24.1438 	0.000297112 	3.5481e-05 	1
24.1781 	0.000221461 	3.41423e-05 	1
24.2123 	0.000140691 	1.67623e-05 	1
24.2466 	0.000233772 	3.28728e-05 	1
24.2808 	0.000257566 	2.59605e-05 	1
24.3151 	9.50841e-05 	9.50841e-05 	0
24.3493 	0.000246784 	3.76864e-05 	1
24.3836 	0.000137843 	2.01931e-05 	1
24.4178 	0.000265971 	4.09169e-05 	1
24.4521 	0.00014046 	2.01262e-05 	1
24.4863 	0.000285702 	4.22751e-05 	1
24.5205 	0.000153382 	2.19509e-05 	1
24.5548 	0.000262497 	4.72171e-05 	1
24.589 	0.000204032 	2.30233e-05 	1
24.6233 	0.000150499 	2.15866e-05 	1
24.6575 	0.000145557 	1.47012e-05 	1
24.6918 	8.3158e-05 	8.3158e-05 	0
24.726 	0.000310003 	3.66286e-05 	1
24.7603 	0.000199224 	1.74587e-05 	1
24.7945 	0.00023395 	1.78408e-05 	1
24.8288 	8.91254e-05 	8.91254e-05 	0
24.863 	0.000204151 	3.00209e-05 	1
24.8973 	0.000231599 	2.55594e-05 	1
24.9315 	0.000234052 	3.92195e-05 	1
24.9658 	0.000109083 	1.27142e-05 	1
25.0 	9.31032e-05 	9.31032e-05 	0
25.0342 	0.000236303 	2.91423e-05 	1
25.0685 	0.000176068 	2.81404e-05 	1
25.1027 	0.000235525 	2.50616e-05 	1
25.137 	0.000267945 	4.36721e-05 	1
25.1712 	0.000213323 	2.27129e-05 	1
25.2055 	0.000159718 	2.16741e-05 	1
25.2397 	0.000283959 	2.72562e-05 	1
25.274 	0.000234706 	3.56393e-05 	1
25.3082 	0.000218091 	3.28984e-05 	1
25.3425 	0.000231199 	3.45052e-05 	1
25.3767 	0.000181473 	2.5469e-05 	1
25.411 	0.000249381 	2.6423e-05 	1
25.4452 	0.000177838 	1.55322e-05 	1
25.4795 	0.000257846 	2.05148e-05 	1
25.5137 	0.000105259 	1.52389e-05 	1
25.5479 	0.000321721 	3.00428e-05 	1
25.5822 	0.00019762 	2.02462e-05 	1
25.6164 	0.000127165 	1.87833e-05 	1
25.6507 	0.000183519 	3.35139e-05 	1
25.6849 	0.000155031 	2.29735e-05 	1
25.7192 	0.000176134 	2.58989e-05 	1
25.7534 	0.000195044 	2.33068e-05 	1
25.7877 	0.000261327 	3.67426e-05 	1
25.8219 	0.000238007 	2.24596e-05 	1
25.8562 	0.000284297 	2.31859e-05 	1
25.8904 	0.000136132 	1.88188e-05 	1
25.9247 	0.000211407 	1.83391e-05 	1
25.9589 	0.000119627 	1.76506e-05 	1
25.9932 	0.000130867 	1.75011e-05 	1
26.0274 	8.73651e-05 	8.73651e-05 	0
26.0616 	0.000142393 	2.37221e-05 	1
26.0959 	0.000116699 	1.60106e-05 	1
26.1301 	0.000252961 	2.64526e-05 	1
26.1644 	0.000161202 	1.63228e-05 	1
26.1986 	0.000279657 	2.54343e-05 	1
26.2329 	0.000141572 	2.2025e-05 	1
26.2671 	0.000269115 	2.49257e-05 	1
26.3014 	0.000120534 	1.24686e-05 	1
26.3356 	0.000101359 	1.43499e-05 	1
26.3699 	0.000271352 	2.38075e-05 	1
26.4041 	0.00012783 	1.79492e-05 	1
26.4384 	0.00010883 	1.46218e-05 	1
26.4726 	0.000273481 	2.27583e-05 	1
26.5068 	0.000120317 	1.66083e-05 	1
26.5411 	9.44541e-05 	9.44541e-05 	0
26.5753 	0.0002483 	3.37938e-05 	1
26.6096 	0.00013204 	1.74234e-05 	1
26.6438 	0.000244647 	2.91091e-05 	1
26.6781 	0.000198112 	1.91282e-05 	1
26.7123 	0.000259256 	2.22587e-05 	1
26.7466 	0.000119657 	1.74644e-05 	1
26.7808 	0.000331531 	3.11194e-05 	1
26.8151 	0.000189644 	1.92052e-05 	1
26.8493 	0.000119383 	1.77029e-05 	1
26.8836 	0.000377546 	3.93112e-05 	1
26.9178 	0.000137588 	1.81297e-05 	1
26.9521 	0.000148703 	2.36894e-05 	1
26.9863 	0.000237212 	1.91342e-05 	1
27.0205 	9.2557e-05 	9.2557e-05 	0
27.0548 	0.000188395 	2.19769e-05 	1
27.089 	0.000154223 	2.30179e-05 	1
27.1233 	0.000241388 	2.42154e-05 	1
27.1575 	0.000139656 	2.30893e-05 	1
27.1918 	0.000228464 	2.92237e-05 	1
27.226 	0.00017251 	1.76264e-05 	1
27.2603 	0.000298181 	2.61762e-05 	1
27.2945 	0.000203576 	2.26358e-05 	1
27.3288 	0.000119537 	1.49668e-05 	1
27.363 	0.000294639 	2.97643e-05 	1
27.3973 	0.000193306 	2.17976e-05 	1
27.4315 	0.000141355 	2.35817e-05 	1
27.4658 	0.000153182 	1.79096e-05 	1
27.5 	0.000115891 	1.70948e-05 	1
27.5342 	0.000329639 	4.31632e-05 	1
27.5685 	0.000144748 	2.21857e-05 	1
27.6027 	0.000246031 	4.1806e-05 	1
27.637 	0.000190281 	2.57296e-05 	1
27.6712 	0.000145726 	2.25306e-05 	1
27.7055 	0.000190104 	3.32907e-05 	1
27.7397 	0.000116808 	1.4998e-05 	1
27.774 	0.000202129 	1.86304e-05 	1
27.8082 	0.000118744 	1.98123e-05 	1
27.8425 	0.000132379 	1.672e-05 	1
27.8767 	0.000290129 	2.68492e-05 	1
27.911 	0.00019815 	2.52511e-05 	1
27.9452 	0.00013612 	2.08831e-05 	1
27.9795 	0.000202723 	3.73802e-05 	1
28.0137 	0.000159284 	2.20355e-05 	1
28.0479 	0.000433738 	4.77842e-05 	1
28.0822 	0.000212624 	2.77722e-05 	1
28.1164 	0.000272098 	2.67384e-05 	1
28.1507 	0.000180879 	1.95704e-05 	1
28.1849 	0.000118797 	1.90205e-05 	1
28.2192 	0.000146022 	2.20191e-05 	1
28.2534 	0.000138925 	1.61587e-05 	1
28.2877 	8.49783e-05 	8.49783e-05 	0
28.3219 	0.00032461 	3.77699e-05 	1
28.3562 	0.000204651 	1.77201e-05 	1
28.3904 	0.00026186 	1.89963e-05 	1
28.4247 	8.20091e-05 	8.20091e-05 	0
28.4589 	0.000174158 	1.96857e-05 	1
28.4932 	0.000114575 	1.53452e-05 	1
28.5274 	0.000100234 	1.40809e-05 	1
28.5616 	0.00022742 	1.99619e-05 	1
28.5959 	0.000115348 	1.83167e-05 	1
28.6301 	0.000321461 	2.78202e-05 	1
28.6644 	0.000205063 	1.95187e-05 	1
28.6986 	9.59555e-05 	9.59555e-05 	0
28.7329 	0.000107073 	1.44754e-05 	1
28.7671 	0.000122636 	1.55553e-05 	1
28.8014 	0.000121067 	1.70833e-05 	1
28.8356 	0.000323351 	2.99606e-05 	1
28.8699 	0.000189382 	1.98972e-05 	1
28.9041 	0.000130737 	1.8883e-05 	1
28.9384 	0.000204175 	3.71193e-05 	1
28.9726 	0.000250214 	2.82823e-05 	1
29.0068 	0.000159394 	1.44751e-05 	1
29.0411 	0.000210906 	1.96345e-05 	1
29.0753 	0.000102773 	1.19539e-05 	1
29.1096 	0.000195916 	1.63342e-05 	1
29.1438 	9.63424e-05 	9.63424e-05 	0
29.1781 	0.000242301 	2.30746e-05 	1
29.2123 	0.000121848 	1.86461e-05 	1
29.2466 	0.000221028 	1.98023e-05 	1
29.2808 	0.000127045 	2.32216e-05 	1
29.3151 	0.000226511 	4.29e-05 	1
29.3493 	0.000140282 	1.73163e-05 	1
29.3836 	0.000251349 	2.91755e-05 	1
29.4178 	0.000207089 	1.99718e-05 	1
29.4521 	8.33029e-05 	8.33029e-05 	0
29.4863 	0.000312763 	3.29026e-05 	1
29.5205 	0.000236959 	3.3574e-05 	1
29.5548 	0.000152311 	2.28451e-05 	1
29.589 	0.000283689 	5.16477e-05 	1
29.6233 	0.000270291 	3.03674e-05 	1
29.6575 	0.000198015 	1.96925e-05 	1
29.6918 	0.000295067 	2.69913e-05 	1
29.726 	0.000223471 	3.80714e-05 	1
29.7603 	0.000171786 	2.51069e-05 	1
29.7945 	0.000173785 	2.90444e-05 	1
29.8288 	0.000175683 	2.03675e-05 	1
29.863 	0.000145237 	2.32512e-05 	1
29.8973 	0.000259994 	4.54378e-05 	1
29.9315 	0.000137449 	1.59756e-05 	1
29.9658 	0.000213243 	1.61418e-05 	1
30.0 	0.000196674 	1.83438e-05 	1
30.0342 	0.000112955 	1.83103e-05 	1
30.0685 	0.000117741 	1.54477e-05 	1
30.1027 	0.000198104 	1.77197e-05 	1
30.137 	9.33174e-05 	9.33174e-05 	0
30.1712 	0.000297382 	2.87546e-05 	1
30.2055 	0.000191602 	2.14261e-05 	1
30.2397 	0.000148806 	2.34702e-05 	1
30.274 	0.000165084 	2.0509e-05 	1
30.3082 	0.000137624 	2.10018e-05 	1
30.3425 	0.000209735 	3.64449e-05 	1
30.3767 	0.000271735 	3.01198e-05 	1
30.411 	0.00016629 	1.45882e-05 	1
30.4452 	0.000191982 	1.41344e-05 	1
30.4795 	8.61506e-05 	8.61506e-05 	0
30.5137 	0.000180251 	1.80816e-05 	1
30.5479 	9.64173e-05 	9.64173e-05 	0
30.5822 	0.00024121 	3.18649e-05 	1
30.6164 	0.000300097 	4.76663e-05 	1
30.6507 	0.000229699 	2.7164e-05 	1
30.6849 	0.000214423 	3.39508e-05 	1
30.7192 	0.000289684 	3.65124e-05 	1
30.7534 	0.000351058 	5.72321e-05 	1
30.7877 	0.000232654 	3.48393e-05 	1
30.8219 	0.000276931 	4.59949e-05 	1
30.8562 	0.000322102 	3.91248e-05 	1
30.8904 	0.000103753 	1.92412e-05 	1
30.9247 	0.000160078 	2.53776e-05 	1
30.9589 	0.00016153 	1.8897e-05 	1
30.9932 	0.000119302 	1.74689e-05 	1
31.0274 	0.000324015 	4.49809e-05 	1
31.0616 	0.000144549 	2.18003e-05 	1
31.0959 	0.000264132 	4.35263e-05 	1
31.1301 	0.000193181 	2.77481e-05 	1
31.1644 	0.000158774 	2.56966e-05 	1
31.1986 	0.000134462 	1.72663e-05 	1
31.2329 	0.000102014 	1.77355e-05 	1
31.2671 	0.000130464 	2.00769e-05 	1
31.3014 	0.000123128 	1.86462e-05 	1
31.3356 	0.000177089 	1.43778e-05 	1
31.3699 	6.71442e-05 	6.71442e-05 	0
31.4041 	0.00010884 	1.22717e-05 	1
31.4384 	8.84455e-05 	8.84455e-05 	0
31.4726 	0.000105289 	1.41758e-05 	1
31.5068 	0.000321335 	2.80957e-05 	1
31.5411 	0.000198042 	2.07817e-05 	1
31.5753 	0.000116964 	1.25889e-05 	1
31.6096 	0.000328073 	3.00488e-05 	1
31.6438 	0.000186003 	2.00657e-05 	1
31.6781 	0.000137453 	2.08718e-05 	1
31.7123 	0.000213985 	3.82165e-05 	1
31.7466 	0.000150035 	2.05014e-05 	1
31.7808 	0.000269729 	3.42693e-05 	1
31.8151 	0.000194752 	2.56206e-05 	1
31.8493 	0.000153811 	1.71034e-05 	1
31.8836 	0.000234085 	1.86152e-05 	1
31.9178 	0.0001243 	1.31054e-05 	1
31.9521 	0.000276859 	2.15818e-05 	1
31.9863 	0.000119465 	1.54205e-05 	1
32.0205 	0.000100426 	1.36686e-05 	1
32.0548 	0.000178391 	2.27696e-05 	1
32.089 	0.000128007 	1.78826e-05 	1
32.1233 	0.000266054 	3.46778e-05 	1
32.1575 	0.000237127 	3.96662e-05 	1
32.1918 	0.000189278 	1.90154e-05 	1
32.226 	0.000111102 	1.55904e-05 	1
32.2603 	0.000122983 	1.81839e-05 	1
32.2945 	0.000108115 	1.70602e-05 	1
32.3288 	0.00018184 	1.41842e-05 	1
32.363 	0.000107429 	1.30114e-05 	1
32.3973 	0.000123371 	1.83226e-05 	1
32.4315 	0.000121264 	1.83229e-05 	1
32.4658 	0.000252977 	1.82569e-05 	1
32.5 	7.56634e-05 	7.56634e-05 	0
32.5342 	0.000136154 	1.36814e-05 	1
32.5685 	0.000204042 	1.99751e-05 	1
32.6027 	0.000144013 	2.39268e-05 	1
32.637 	0.000254303 	4.72085e-05 	1
32.6712 	0.000246356 	2.88715e-05 	1
32.7055 	0.000185294 	1.746e-05 	1
32.7397 	0.000297925 	2.51695e-05 	1
32.774 	0.000138298 	2.29353e-05 	1
32.8082 	0.0001743 	1.75481e-05 	1
32.8425 	7.31209e-05 	7.31209e-05 	0
32.8767 	0.000231021 	2.12324e-05 	1
32.911 	0.000103866 	1.44654e-05 	1
32.9452 	0.000147825 	1.82796e-05 	1
32.9795 	0.000206993 	3.54177e-05 	1
33.0137 	0.000269493 	3.06309e-05 	1
33.0479 	0.000184008 	1.67962e-05 	1
33.0822 	0.00025755 	2.02077e-05 	1
33.1164 	0.000112406 	1.82066e-05 	1
33.1507 	9.67095e-05 	9.67095e-05 	0
33.1849 	0.000140906 	1.69191e-05 	1
33.2192 	0.000295495 	4.0091e-05 	1
33.2534 	0.000264669 	3.86842e-05 	1
33.2877 	0.000243511 	2.5589e-05 	1
33.3219 	0.000207607 	2.77974e-05 	1
33.3562 	0.000143238 	2.33728e-05 	1
33.3904 	0.000294527 	5.46827e-05 	1
33.4247 	0.000211073 	2.45784e-05 	1
33.4589 	0.000170368 	2.67419e-05 	1
33.4932 	0.000204405 	2.28178e-05 	1
33.5274 	0.000346506 	6.24568e-05 	1
33.5616 	0.000274511 	2.8118e-05 	1
33.5959 	0.000197154 	1.94796e-05 	1
33.6301 	0.000107194 	1.61194e-05 	1
33.6644 	0.000116639 	1.70262e-05 	1
33.6986 	0.000252581 	2.1925e-05 	1
33.7329 	0.000119177 	1.72985e-05 	1
33.7671 	9.98644e-05 	9.98644e-05 	0
33.8014 	0.0002259 	3.64808e-05 	1
33.8356 	0.000273931 	2.83226e-05 	1
33.8699 	0.000186939 	1.76498e-05 	1
33.9041 	0.000409014 	4.09556e-05 	1
33.9384 	0.000121288 	1.30466e-05 	1
33.9726 	0.000319821 	2.97051e-05 	1
34.0068 	0.000181055 	1.78045e-05 	1
34.0411 	0.000110049 	1.55611e-05 	1
34.0753 	0.00012235 	1.69034e-05 	1
34.1096 	0.000301092 	2.56978e-05 	1
34.1438 	0.000136117 	1.91304e-05 	1
34.1781 	0.000200203 	3.40985e-05 	1
34.2123 	0.000259018 	2.90819e-05 	1
34.2466 	0.000170389 	1.40966e-05 	1
34.2808 	0.000206161 	1.57207e-05 	1
34.3151 	6.97622e-05 	6.97622e-05 	0
34.3493 	0.000109277 	1.61318e-05 	1
34.3836 	0.00028367 	2.59507e-05 	1
34.4178 	0.000102923 	1.09972e-05 	1
34.4521 	4.56147e-05 	4.56147e-05 	0
34.4863 	8.50873e-05 	8.50873e-05 	0
34.5205 	0.00028516 	3.2027e-05 	1
34.5548 	0.00020954 	1.76974e-05 	1
34.589 	6.52675e-05 	6.52675e-05 	0
34.6233 	9.96311e-05 	9.96311e-05 	0
34.6575 	0.000226002 	1.98754e-05 	1
34.6918 	0.000115562 	1.47951e-05 	1
34.726 	0.000169079 	1.26774e-05 	1
34.7603 	3.91939e-05 	3.91939e-05 	0
34.7945 	9.39326e-05 	9.39326e-05 	0
34.8288 	0.000238946 	2.05706e-05 	1
34.863 	0.000108751 	1.54864e-05 	1
34.8973 	0.000337868 	3.09004e-05 	1
34.9315 	0.000199976 	2.09497e-05 	1
34.9658 	0.000135645 	1.92646e-05 	1
35.0 	0.000188765 	3.41989e-05 	1
35.0342 	0.000156932 	2.32746e-05 	1
35.0685 	0.000180516 	2.65823e-05 	1
35.1027 	0.000205515 	2.42755e-05 	1
35.137 	0.000306166 	4.20234e-05 	1
35.1712 	0.000156489 	2.36499e-05 	1
35.2055 	0.000262764 	2.74532e-05 	1
35.2397 	0.000217879 	3.01128e-05 	1
35.274 	0.000141269 	2.08866e-05 	1
35.3082 	0.000189467 	3.21737e-05 	1
35.3425 	0.000287075 	3.71662e-05 	1
35.3767 	0.000224534 	2.84624e-05 	1
35.411 	0.000130697 	1.73589e-05 	1
35.4452 	0.000193272 	2.96737e-05 	1
35.4795 	0.000154649 	1.84939e-05 	1
35.5137 	0.000229109 	2.1382e-05 	1
35.5479 	0.000117506 	1.7605e-05 	1
35.5822 	0.000272352 	2.75604e-05 	1
35.6164 	0.000197298 	2.24359e-05 	1
35.6507 	0.000106943 	1.77522e-05 	1
35.6849 	0.00023656 	3.333e-05 	1
35.7192 	0.000266873 	4.51626e-05 	1
35.7534 	0.000198036 	2.30482e-05 	1
35.7877 	0.000149636 	2.45449e-05 	1
35.8219 	0.000151927 	1.88009e-05 	1
35.8562 	0.000118941 	1.72371e-05 	1
35.8904 	0.000312614 	3.96207e-05 	1
35.9247 	0.000236984 	3.45428e-05 	1
35.9589 	0.000274082 	2.80044e-05 	1
35.9932 	0.000218643 	2.49787e-05 	1
36.0274 	0.000124798 	1.71118e-05 	1
36.0616 	0.000277995 	2.91187e-05 	1
36.0959 	0.000192144 	2.07753e-05 	1
36.1301 	0.000128272 	1.93849e-05 	1
36.1644 	0.000341881 	4.55164e-05 	1
36.1986 	0.000145629 	2.32629e-05 	1
36.2329 	0.000157792 	1.94539e-05 	1
36.2671 	0.000126454 	1.82655e-05 	1
36.3014 	0.000372677 	3.99492e-05 	1
36.3356 	0.000142654 	1.94931e-05 	1
36.3699 	0.000159999 	2.4881e-05 	1
36.4041 	0.000122728 	1.55813e-05 	1
36.4384 	0.00030479 	2.88692e-05 	1
36.4726 	0.000191734 	1.91641e-05 	1
36.5068 	0.000128901 	1.85515e-05 	1
36.5411 	0.00034479 	3.81248e-05 	1
36.5753 	0.000230308 	3.7691e-05 	1
36.6096 	0.000207653 	2.55597e-05 	1
36.6438 	0.000166233 	2.46863e-05 	1
36.6781 	0.000313499 	3.41826e-05 	1
36.7123 	0.000218913 	2.25006e-05 	1
36.7466 	0.00012451 	1.93372e-05 	1
36.7808 	0.000235652 	4.28849e-05 	1
36.8151 	0.000218734 	2.36291e-05 	1
36.8493 	0.000155282 	2.23171e-05 	1
36.8836 	0.000143051 	1.77461e-05 	1
36.9178 	0.000115632 	1.56547e-05 	1
36.9521 	0.000303243 	3.92003e-05 	1
36.9863 	0.000241726 	3.41539e-05 	1
37.0205 	0.000256676 	3.27364e-05 	1
37.0548 	0.000229274 	3.22938e-05 	1
37.089 	0.000262536 	2.70474e-05 	1
37.1233 	0.00022221 	2.74654e-05 	1
37.1575 	0.000305973 	3.03834e-05 	1
37.1918 	0.000201277 	2.18096e-05 	1
37.226 	0.000142525 	2.24247e-05 	1
37.2603 	0.000150243 	1.75214e-05 	1
37.2945 	0.000114949 	1.65178e-05 	1
37.3288 	0.000319084 	3.95699e-05 	1
37.363 	0.000243907 	3.71173e-05 	1
37.3973 	0.000302943 	3.0912e-05 	1
37.4315 	0.000189311 	2.00382e-05 	1
37.4658 	0.000129872 	1.97833e-05 	1
37.5 	0.000204123 	3.57443e-05 	1
37.5342 	0.000143919 	1.96199e-05 	1
37.5685 	0.000252956 	3.17538e-05 	1
37.6027 	0.000229323 	1.94385e-05 	1
37.637 	7.04859e-05 	7.04859e-05 	0
37.6712 	0.000105666 	1.52e-05 	1
37.7055 	0.000295909 	2.98298e-05 	1
37.7397 	0.000207651 	2.33605e-05 	1
37.774 	0.000214946 	2.38477e-05 	1
37.8082 	0.00013508 	1.48601e-05 	1
37.8425 	0.000201514 	1.68614e-05 	1
37.8767 	0.00012324 	1.34208e-05 	1
37.911 	0.00023179 	2.41604e-05 	1
37.9452 	0.00013997 	2.07676e-05 	1
37.9795 	0.000215944 	3.33055e-05 	1
38.0137 	0.000223334 	2.42997e-05 	1
38.0479 	0.000158371 	1.67758e-05 	1
38.0822 	0.000176317 	1.72109e-05 	1
38.1164 	0.000416253 	4.04858e-05 	1
38.1507 	0.000143258 	1.48348e-05 	1
38.1849 	0.00028367 	2.59093e-05 	1
38.2192 	0.000204355 	2.6245e-05 	1
38.2534 	0.000251259 	2.49511e-05 	1
38.2877 	0.000205767 	3.32723e-05 	1
38.3219 	0.000197313 	3.41878e-05 	1
38.3562 	0.000182465 	2.17128e-05 	1
38.3904 	0.000144501 	2.35071e-05 	1
38.4247 	0.000261325 	4.96612e-05 	1
38.4589 	0.000239457 	3.16452e-05 	1
38.4932 	0.000187168 	3.36013e-05 	1
38.5274 	0.000185224 	2.25217e-05 	1
38.5616 	0.000156318 	2.59653e-05 	1
38.5959 	0.000274517 	4.89452e-05 	1
38.6301 	0.00025572 	3.05716e-05 	1
38.6644 	0.000322884 	4.3248e-05 	1
38.6986 	0.000143451 	2.28545e-05 	1
38.7329 	0.000152543 	1.95589e-05 	1
38.7671 	0.00012673 	1.8125e-05 	1
38.8014 	0.000365586 	4.12408e-05 	1
38.8356 	0.000148736 	2.14046e-05 	1
38.8699 	0.000188133 	3.00175e-05 	1
38.9041 	0.000236441 	3.0675e-05 	1
38.9384 	0.000106884 	1.19387e-05 	1
38.9726 	0.000101417 	1.06804e-05 	1
39.0068 	0.000184979 	2.1216e-05 	1
39.0411 	0.000256334 	2.75171e-05 	1
39.0753 	0.000149016 	1.21999e-05 	1
39.1096 	0.00016702 	1.54306e-05 	1
39.1438 	0.000366881 	3.21719e-05 	1
39.1781 	0.000160864 	1.16922e-05 	1
39.2123 	0.000217263 	1.68812e-05 	1
39.2466 	0.000135787 	1.47179e-05 	1
39.2808 	0.000233262 	1.94436e-05 	1
39.3151 	9.95547e-05 	9.95547e-05 	0
39.3493 	0.000216298 	2.23146e-05 	1
39.3836 	0.000129147 	1.89949e-05 	1
39.4178 	9.83126e-05 	9.83126e-05 	0
39.4521 	0.000209407 	2.48661e-05 	1
39.4863 	0.000305617 	3.64905e-05 	1
39.5205 	0.000236782 	3.17298e-05 	1
39.5548 	0.000208383 	1.77582e-05 	1
39.589 	0.000364558 	2.97675e-05 	1
39.6233 	0.000177235 	1.33969e-05 	1
39.6575 	0.000372912 	3.09131e-05 	1
39.6918 	0.00022259 	1.74483e-05 	1
39.726 	7.70955e-05 	7.70955e-05 	0
39.7603 	0.000180457 	2.01153e-05 	1
39.7945 	0.000117579 	1.61624e-05 	1
39.8288 	0.000108583 	1.4865e-05 	1
39.863 	0.000255114 	2.17263e-05 	1
39.8973 	0.00011121 	1.38545e-05 	1
39.9315 	0.000329552 	2.9714e-05 	1
39.9658 	0.000198144 	2.01101e-05 	1
40.0 	0.000123099 	1.71325e-05 	1
40.0342 	0.000373667 	3.95497e-05 	1
40.0685 	0.000138496 	1.86393e-05 	1
40.1027 	0.000150514 	2.41116e-05 	1
40.137 	0.000239966 	1.92942e-05 	1
40.1712 	9.39269e-05 	9.39269e-05 	0
40.2055 	0.000168467 	1.81768e-05 	1
40.2397 	0.000115735 	1.27464e-05 	1
40.274 	0.000293637 	2.56913e-05 	1
40.3082 	0.000215046 	2.55847e-05 	1
40.3425 	0.000138808 	1.59159e-05 	1
40.3767 	0.000271313 	2.45607e-05 	1
40.411 	0.000140989 	2.36776e-05 	1
40.4452 	0.000120551 	1.63694e-05 	1
40.4795 	0.000245133 	2.15665e-05 	1
40.5137 	0.000115838 	1.75992e-05 	1
40.5479 	0.000323835 	2.824e-05 	1
40.5822 	0.000225512 	2.34443e-05 	1
40.6164 	0.000138415 	1.86833e-05 	1
40.6507 	0.000352885 	3.36268e-05 	1
40.6849 	0.000217351 	2.35699e-05 	1
40.7192 	0.000164641 	2.55724e-05 	1
40.7534 	0.000250256 	2.63856e-05 	1
40.7877 	0.000177218 	1.71203e-05 	1
40.8219 	0.000272231 	2.45228e-05 	1
40.8562 	0.000142103 	2.39777e-05 	1
40.8904 	0.000303513 	2.7806e-05 	1
40.9247 	0.000186075 	2.00758e-05 	1
40.9589 	0.000116625 	1.71726e-05 	1
40.9932 	0.000327635 	3.82976e-05 	1
41.0274 	0.00033973 	5.54651e-05 	1
41.0616 	0.0002696 	3.35401e-05 	1
41.0959 	0.000324086 	5.55076e-05 	1
41.1301 	0.000252893 	3.67868e-05 	1
41.1644 	0.000163985 	2.20443e-05 	1
41.1986 	0.000342207 	4.24761e-05 	1
41.2329 	0.000145077 	2.34368e-05 	1
41.2671 	0.000163411 	1.96077e-05 	1
41.3014 	0.000130235 	1.87567e-05 	1
41.3356 	0.000171226 	2.81141e-05 	1
41.3699 	0.000131167 	1.61906e-05 	1
41.4041 	0.000213054 	2.54594e-05 	1
41.4384 	0.000320136 	4.79212e-05 	1
41.4726 	0.000163118 	2.31433e-05 	1
41.5068 	0.000248169 	2.63366e-05 	1
41.5411 	0.000208907 	2.88607e-05 	1
41.5753 	0.000112317 	1.89553e-05 	1
41.6096 	0.000214597 	3.16593e-05 	1
41.6438 	0.000222208 	2.09362e-05 	1
41.6781 	0.000204913 	1.75765e-05 	1
41.7123 	0.00010216 	1.50479e-05 	1
41.7466 	7.18927e-05 	7.18927e-05 	0
41.7808 	0.000133258 	2.30732e-05 	1
41.8151 	0.000242951 	4.23539e-05 	1
41.8493 	0.00024758 	3.52171e-05 	1
41.8836 	0.000210872 	3.43146e-05 	1
41.9178 	0.000145337 	1.81267e-05 	1
41.9521 	0.000233991 	3.11074e-05 	1
41.9863 	0.000232934 	3.17932e-05 	1
42.0205 	0.000155101 	2.14212e-05 	1
42.0548 	0.000207968 	3.42279e-05 	1
42.089 	0.000184877 	1.80372e-05 	1
42.1233 	8.0985e-05 	8.0985e-05 	0
42.1575 	0.000222156 	2.93722e-05 	1
42.1918 	0.000143078 	2.05309e-05 	1
42.226 	0.000287136 	3.7552e-05 	1
42.2603 	0.000293993 	4.84397e-05 	1
42.2945 	0.000270845 	3.21113e-05 	1
42.3288 	0.00019735 	1.65247e-05 	1
42.363 	0.000183681 	1.40769e-05 	1
42.3973 	8.87839e-05 	8.87839e-05 	0
42.4315 	0.000178082 	1.982e-05 	1
42.4658 	0.000132845 	2.11055e-05 	1
42.5 	0.00024472 	4.52492e-05 	1
42.5342 	0.000131867 	1.40787e-05 	1
42.5685 	0.000240923 	2.41772e-05 	1
42.6027 	0.000180212 	2.41398e-05 	1
42.637 	0.000217485 	2.7234e-05 	1
42.6712 	0.000224769 	2.32141e-05 	1
42.7055 	0.000163014 	2.34533e-05 	1
42.7397 	0.000275188 	3.05775e-05 	1
42.774 	0.000208315 	2.03265e-05 	1
42.8082 	8.88197e-05 	8.88197e-05 	0
42.8425 	0.000328273 	4.19138e-05 	1
42.8767 	0.000108369 	2.04756e-05 	1
42.911 	0.000166456 	2.64075e-05 	1
42.9452 	0.000168788 	2.02663e-05 	1
42.9795 	0.000123873 	1.79733e-05 	1
43.0137 	0.000360456 	3.8574e-05 	1
43.0479 	0.000136513 	1.90774e-05 	1
43.0822 	0.000158684 	2.51783e-05 	1
43.1164 	0.000121574 	1.54315e-05 	1
43.1507 	0.000297499 	2.85935e-05 	1
43.1849 	0.000190569 	1.95152e-05 	1
43.2192 	0.000130672 	1.92131e-05 	1
43.2534 	0.00038414 	3.98276e-05 	1
43.2877 	0.000142335 	1.86396e-05 	1
43.3219 	0.000163312 	2.57363e-05 	1
43.3562 	0.000129479 	1.67184e-05 	1
43.3904 	0.000310799 	3.06759e-05 	1
43.4247 	0.000200232 	2.15779e-05 	1
43.4589 	0.000139748 	2.22012e-05 	1
43.4932 	0.00020584 	3.6847e-05 	1
43.5274 	0.000125105 	1.54933e-05 	1
43.5616 	0.000257403 	3.93014e-05 	1
43.5959 	0.000212348 	2.61743e-05 	1
43.6301 	0.000150434 	2.14367e-05 	1
43.6644 	0.00021856 	2.30508e-05 	1
43.6986 	0.000116698 	1.55124e-05 	1
43.7329 	8.97823e-05 	8.97823e-05 	0
43.7671 	0.000197746 	2.48732e-05 	1
43.8014 	0.000300524 	3.13615e-05 	1
43.8356 	0.000181291 	1.80469e-05 	1
43.8699 	0.000104362 	1.54495e-05 	1
43.9041 	0.000109191 	1.71893e-05 	1
43.9384 	0.000307783 	2.91518e-05 	1
43.9726 	0.000248616 	4.20743e-05 	1
44.0068 	0.000128304 	1.50247e-05 	1
44.0411 	0.000224973 	2.49333e-05 	1
44.0753 	0.000162587 	1.74199e-05 	1
44.1096 	0.000288911 	2.76194e-05 	1
44.1438 	0.000236064 	3.83864e-05 	1
44.1781 	0.000184826 	2.77285e-05 	1
44.2123 	0.000218665 	3.62697e-05 	1
44.2466 	0.000152316 	1.8782e-05 	1
44.2808 	0.000186181 	2.95349e-05 	1
44.3151 	0.00015738 	2.30096e-05 	1
44.3493 	0.000224999 	2.98032e-05 	1
44.3836 	0.000240903 	2.07674e-05 	1
44.4178 	0.000103009 	1.03792e-05 	1
44.4521 	0.000237937 	3.23797e-05 	1
44.4863 	0.000143482 	1.72686e-05 	1
44.5205 	0.00021434 	2.75437e-05 	1
44.5548 	0.000156373 	1.99648e-05 	1
44.589 	0.00025122 	3.14642e-05 	1
44.6233 	0.000193426 	1.91761e-05 	1
44.6575 	0.000311812 	2.81302e-05 	1
44.6918 	0.000227571 	3.03954e-05 	1
44.726 	0.000148027 	2.1375e-05 	1
44.7603 	0.000156883 	2.86506e-05 	1
44.7945 	0.000120833 	1.53255e-05 	1
44.8288 	0.000144516 	2.05721e-05 	1
44.863 	0.000199519 	3.52359e-05 	1
44.8973 	0.000140486 	1.81185e-05 	1
44.9315 	0.00020828 	2.7483e-05 	1
44.9658 	0.000287974 	3.25156e-05 	1
45.0 	0.000229777 	1.84601e-05 	1
45.0342 	0.000102403 	1.29421e-05 	1
45.0685 	7.7119e-05 	7.7119e-05 	0
45.1027 	0.000136259 	2.21462e-05 	1
45.137 	0.000225714 	3.80129e-05 	1
45.1712 	0.000270508 	3.16919e-05 	1
45.2055 	0.0001856 	1.52232e-05 	1
45.2397 	0.000215723 	1.5224e-05 	1
45.274 	7.32319e-05 	7.32319e-05 	0
45.3082 	0.000161799 	2.07519e-05 	1
45.3425 	0.000225617 	2.47185e-05 	1
45.3767 	0.000142063 	1.97493e-05 	1
45.411 	0.000227151 	3.71154e-05 	1
45.4452 	0.000197305 	2.12213e-05 	1
45.4795 	0.00012723 	1.56043e-05 	1
45.5137 	0.00029032 	2.97622e-05 	1
45.5479 	0.000226511 	2.79955e-05 	1
45.5822 	0.000231622 	2.45946e-05 	1
45.6164 	0.000147296 	2.54989e-05 	1
45.6507 	0.000256095 	4.69955e-05 	1
45.6849 	0.000199274 	2.09268e-05 	1
45.7192 	9.72963e-05 	9.72963e-05 	0
45.7534 	0.000252565 	3.20285e-05 	1
45.7877 	0.000286299 	4.51798e-05 	1
45.8219 	0.000257014 	2.95433e-05 	1
45.8562 	0.000219481 	1.76119e-05 	1
45.8904 	0.000258914 	1.96469e-05 	1
45.9247 	0.000111334 	1.61033e-05 	1
45.9589 	0.000182152 	1.61089e-05 	1
45.9932 	0.000115455 	1.46974e-05 	1
46.0274 	0.000122775 	1.81844e-05 	1
46.0616 	9.42071e-05 	9.42071e-05 	0
46.0959 	0.00019441 	1.91266e-05 	1
46.1301 	0.000211713 	1.56372e-05 	1
46.1644 	9.97856e-05 	9.97856e-05 	0
46.1986 	0.000197526 	2.8766e-05 	1
46.2329 	0.000154205 	1.72028e-05 	1
46.2671 	0.000111219 	1.61817e-05 	1
46.3014 	0.000120477 	1.79319e-05 	1
46.3356 	0.000106669 	1.62326e-05 	1
46.3699 	0.000176533 	1.35934e-05 	1
46.4041 	6.85884e-05 	6.85884e-05 	0
46.4384 	0.000109437 	1.16847e-05 	1
46.4726 	6.49727e-05 	6.49727e-05 	0
46.5068 	8.26709e-05 	8.26709e-05 	0
46.5411 	0.00010049 	1.39678e-05 	1
46.5753 	0.000242844 	2.04073e-05 	1
46.6096 	8.11399e-05 	8.11399e-05 	0
46.6438 	0.000207671 	2.30254e-05 	1
46.6781 	0.000156239 	2.61691e-05 	1
46.7123 	0.000131241 	1.70402e-05 	1
46.7466 	7.72105e-05 	7.72105e-05 	0
46.7808 	0.000139662 	2.45496e-05 	1
46.8151 	0.000263847 	2.22601e-05 	1
46.8493 	0.000130416 	2.25395e-05 	1
46.8836 	0.000309015 	2.91712e-05 	1
46.9178 	0.000228887 	2.77409e-05 	1
46.9521 	0.00015738 	2.35001e-05 	1
46.9863 	0.000310603 	3.57848e-05 	1
47.0205 	0.000226467 	2.09519e-05 	1
47.0548 	7.869e-05 	7.869e-05 	0
47.089 	0.000142193 	2.17014e-05 	1
47.1233 	0.000179075 	3.00276e-05 	1
47.1575 	0.000127275 	1.55514e-05 	1
47.1918 	0.00019735 	2.55998e-05 	1
47.226 	0.000166678 	2.81073e-05 	1
47.2603 	0.000243366 	4.46287e-05 	1
47.2945 	0.000156932 	2.18587e-05 	1
47.3288 	0.000263176 	4.38592e-05 	1
47.363 	0.00017499 	2.10885e-05 	1
47.3973 	0.00015229 	2.20164e-05 	1
47.4315 	0.000246208 	2.3188e-05 	1
47.4658 	0.000131409 	2.2972e-05 	1
47.5 	9.97483e-05 	9.97483e-05 	0
47.5342 	0.000186326 	2.27678e-05 	1
47.5685 	0.000140959 	2.04007e-05 	1
47.6027 	0.000195948 	3.1574e-05 	1
47.637 	0.00030285 	2.9662e-05 	1
47.6712 	0.000148678 	1.81191e-05 	1
47.7055 	0.000216684 	3.77059e-05 	1
47.7397 	0.000124271 	1.44293e-05 	1
47.774 	0.000232855 	3.62683e-05 	1
47.8082 	0.000113509 	1.38402e-05 	1
47.8425 	0.00019739 	1.61199e-05 	1
47.8767 	7.69988e-05 	7.69988e-05 	0
47.911 	0.000163718 	1.85485e-05 	1
47.9452 	0.000107484 	1.52553e-05 	1
47.9795 	0.000326809 	2.85839e-05 	1
48.0137 	0.000198733 	2.41341e-05 	1
48.0479 	0.000105747 	1.78465e-05 	1
48.0822 	0.000125276 	1.55168e-05 	1
48.1164 	0.000110511 	1.71906e-05 	1
48.1507 	0.000325924 	3.10603e-05 	1
48.1849 	0.000202372 	2.23855e-05 	1
48.2192 	0.000145617 	2.32409e-05 	1
48.2534 	0.000283154 	5.2982e-05 	1
48.2877 	0.00018635 	2.80476e-05 	1
48.3219 	0.000419444 	5.55643e-05 	1
48.3562 	0.000234801 	2.07207e-05 	1
48.3904 	0.000106794 	1.63365e-05 	1
48.4247 	0.000109048 	1.47181e-05 	1
48.4589 	0.000261791 	2.3533e-05 	1
48.4932 	0.000126285 	1.85152e-05 	1
48.5274 	0.000103708 	1.3074e-05 	1
48.5616 	0.00024944 	2.08002e-05 	1
48.5959 	0.000104865 	1.46421e-05 	1
48.6301 	0.000342947 	3.1551e-05 	1
48.6644 	0.000212427 	2.11265e-05 	1
48.6986 	0.00012788 	1.88928e-05 	1
48.7329 	0.000178273 	3.18262e-05 	1
48.7671 	0.000154562 	2.28743e-05 	1
48.8014 	0.000225613 	3.71626e-05 	1
48.8356 	0.000305992 	3.96699e-05 	1
48.8699 	0.000225785 	2.95811e-05 	1
48.9041 	0.000140736 	1.76997e-05 	1
48.9384 	0.00025141 	3.65186e-05 	1
48.9726 	0.000191974 	2.95991e-05 	1
49.0068 	0.00014836 	2.24483e-05 	1
49.0411 	0.000181545 	2.79041e-05 	1
49.0753 	0.000145635 	1.64125e-05 	1
49.1096 	0.000215228 	3.31518e-05 	1
49.1438 	0.000126924 	1.74885e-05 	1
49.1781 	0.000181207 	2.19124e-05 	1
49.2123 	0.000125937 	1.71675e-05 	1
49.2466 	9.69922e-05 	9.69922e-05 	0
49.2808 	0.000170079 	1.96681e-05 	1
49.3151 	0.000108566 	1.60814e-05 	1
49.3493 	0.000113229 	1.69916e-05 	1
49.3836 	9.7823e-05 	9.7823e-05 	0
49.4178 	0.000252726 	4.15894e-05 	1
49.4521 	0.000272315 	2.92799e-05 	1
49.4863 	0.000175559 	1.72761e-05 	1
49.5205 	0.000248269 	2.05996e-05 	1
49.5548 	0.000114647 	1.8964e-05 	1
49.589 	0.000178348 	1.20726e-05 	1
49.6233 	0.000285052 	2.27665e-05 	1
49.6575 	0.000130428 	1.71812e-05 	1
49.6918 	0.000101235 	1.34795e-05 	1
49.726 	0.000169596 	2.15789e-05 	1
49.7603 	0.000144581 	2.03438e-05 	1
49.7945 	0.00011452 	1.43899e-05 	1
49.8288 	0.000197077 	2.13043e-05 	1
49.863 	0.000160524 	2.82629e-05 	1
49.8973 	0.000222365 	2.4428e-05 	1
49.9315 	0.000137512 	1.94175e-05 	1
49.9658 	0.000232851 	3.503e-05 	1
50.0 	0.000203117 	2.10534e-05 	1
50.0342 	0.000140321 	1.8457e-05 	1
50.0685 	0.000208666 	3.56216e-05 	1
50.1027 	0.000155414 	2.24669e-05 	1
50.137 	0.000209945 	3.54897e-05 	1
50.1712 	0.000315224 	4.99881e-05 	1
50.2055 	0.000242513 	2.58948e-05 	1
50.2397 	0.000284104 	4.64634e-05 	1
50.274 	0.000106244 	1.14717e-05 	1
50.3082 	0.00029824 	3.00916e-05 	1
50.3425 	0.00018769 	2.05737e-05 	1
50.3767 	0.000123136 	2.03325e-05 	1
50.411 	0.000249435 	4.54277e-05 	1
50.4452 	0.000224862 	2.53712e-05 	1
50.4795 	0.000169159 	2.50623e-05 	1
50.5137 	0.000155741 	1.9487e-05 	1
50.5479 	0.000127428 	1.75392e-05 	1
50.5822 	0.00037481 	4.0365e-05 	1
50.6164 	0.000145021 	1.96537e-05 	1
50.6507 	0.000164876 	2.52691e-05 	1
50.6849 	0.000119131 	1.49518e-05 	1
50.7192 	0.000280957 	2.74021e-05 	1
50.7534 	0.000175143 	1.77565e-05 	1
50.7877 	0.000114461 	1.71407e-05 	1
50.8219 	0.000132666 	1.85176e-05 	1
50.8562 	0.000103362 	1.5217e-05 	1
50.8904 	0.000148834 	2.10151e-05 	1
50.9247 	0.000132069 	1.82186e-05 	1
50.9589 	0.000212897 	3.48466e-05 	1
50.9932 	0.000167595 	2.26296e-05 	1
51.0274 	0.00040893 	5.31645e-05 	1
51.0616 	0.000217809 	1.88434e-05 	1
51.0959 	0.000151606 	1.58727e-05 	1
51.1301 	0.000110967 	1.21215e-05 	1
51.1644 	0.000296279 	2.82229e-05 	1
51.1986 	0.000174163 	1.59253e-05 	1
51.2329 	7.74204e-05 	7.74204e-05 	0
51.2671 	0.000210603 	2.76633e-05 	1
51.3014 	0.000134734 	1.70878e-05 	1
51.3356 	0.000327936 	3.10231e-05 	1
51.3699 	0.000195354 	2.04939e-05 	1
51.4041 	0.000143592 	2.18056e-05 	1
51.4384 	0.000202876 	3.49605e-05 	1
51.4726 	0.000217742 	2.99596e-05 	1
51.5068 	0.000265487 	2.82498e-05 	1
51.5411 	0.000194346 	1.51121e-05 	1
51.5753 	0.000176078 	1.34007e-05 	1
51.6096 	0.000107998 	1.23583e-05 	1
51.6438 	7.98894e-05 	7.98894e-05 	0
51.6781 	0.000137636 	2.27076e-05 	1
51.7123 	0.000203116 	3.40062e-05 	1
51.7466 	0.00029949 	4.05602e-05 	1
51.7808 	0.000281754 	3.93813e-05 	1
51.8151 	0.000192074 	3.06652e-05 	1
51.8493 	0.000178605 	3.00829e-05 	1
51.8836 	0.000270513 	3.56551e-05 	1
51.9178 	0.000223417 	3.65775e-05 	1
51.9521 	0.00024981 	2.66042e-05 	1
51.9863 	0.000252955 	3.4743e-05 	1
52.0205 	0.000115384 	1.1482e-05 	1
52.0548 	0.000315278 	3.12789e-05 	1
52.089 	0.000202743 	2.1006e-05 	1
52.1233 	0.000131098 	2.07757e-05 	1
52.1575 	0.00029947 	5.42323e-05 	1
52.1918 	0.000234724 	2.44242e-05 	1
52.226 	0.000168351 	2.44684e-05 	1
52.2603 	0.000167436 	1.95343e-05 	1
52.2945 	0.00012829 	1.79233e-05 	1
52.3288 	0.000196889 	3.30638e-05 	1
52.363 	0.000230501 	2.43146e-05 	1
52.3973 	0.000208763 	2.63767e-05 	1
52.4315 	0.000180622 	2.08987e-05 	1
52.4658 	0.000124033 	1.70749e-05 	1
52.5 	0.000289901 	2.87049e-05 	1
52.5342 	0.000188182 	1.84302e-05 	1
52.5685 	0.000119084 	1.69124e-05 	1
52.6027 	0.000132402 	1.93748e-05 	1
52.637 	0.000280602 	2.49099e-05 	1
52.6712 	0.000136064 	2.08922e-05 	1
52.7055 	0.000226642 	3.87249e-05 	1
52.7397 	0.00026202 	3.00239e-05 	1
52.774 	0.000178812 	1.54694e-05 	1
52.8082 	0.00021053 	1.66005e-05 	1
52.8425 	9.2428e-05 	9.2428e-05 	0
52.8767 	0.000157667 	1.89734e-05 	1
52.911 	0.000103909 	1.35513e-05 	1
52.9452 	9.82949e-05 	9.82949e-05 	0
52.9795 	0.000219044 	2.45016e-05 	1
53.0137 	0.000145317 	2.36232e-05 	1
53.0479 	0.00028589 	2.787e-05 	1
53.0822 	0.000234465 	3.24034e-05 	1
53.1164 	0.000175107 	2.66165e-05 	1
53.1507 	0.000306025 	3.7458e-05 	1
53.1849 	0.000254532 	4.11391e-05 	1
53.2192 	0.000301589 	3.19701e-05 	1
53.2534 	0.000197543 	2.14807e-05 	1
53.2877 	0.000134761 	2.18091e-05 	1
53.3219 	0.000289692 	5.05284e-05 	1
53.3562 	0.000209418 	2.27816e-05 	1
53.3904 	0.000152937 	2.21613e-05 	1
53.4247 	0.000140212 	1.67086e-05 	1
53.4589 	0.000215323 	2.99168e-05 	1
53.4932 	0.000188628 	1.45646e-05 	1
53.5274 	0.000253189 	1.76286e-05 	1
53.5616 	7.85333e-05 	7.85333e-05 	0
53.5959 	0.000181753 	2.24331e-05 	1
53.6301 	0.000170532 	1.8093e-05 	1
53.6644 	0.000125367 	1.80057e-05 	1
53.6986 	0.000248231 	3.29441e-05 	1
53.7329 	0.000218745 	1.672e-05 	1
53.7671 	0.000218977 	1.67508e-05 	1
53.8014 	0.000221245 	2.45869e-05 	1
53.8356 	0.000153164 	1.87231e-05 	1
53.8699 	0.000225851 	3.30078e-05 	1
53.9041 	0.000211424 	2.14451e-05 	1
53.9384 	0.000136478 	1.65268e-05 	1
53.9726 	0.000305345 	3.96406e-05 	1
54.0068 	0.000259911 	3.7622e-05 	1
54.0411 	0.000216493 	2.20195e-05 	1
54.0753 	0.000143138 	2.06001e-05 	1
54.1096 	0.00017754 	3.01441e-05 	1
54.1438 	0.000117244 	1.31329e-05 	1
54.1781 	0.000124198 	1.65127e-05 	1
54.2123 	0.000113576 	1.62076e-05 	1
54.2466 	0.000281438 	2.54908e-05 	1
54.2808 	0.000144299 	2.14182e-05 	1
54.3151 	0.000244503 	4.0995e-05 	1
54.3493 	0.000277851 	3.16642e-05 	1
54.3836 	0.000184713 	1.60039e-05 	1
54.4178 	0.000214526 	1.65788e-05 	1
54.4521 	9.35385e-05 	9.35385e-05 	0
54.4863 	0.000146996 	1.80825e-05 	1
54.5205 	8.10821e-05 	8.10821e-05 	0
54.5548 	0.000286526 	4.16221e-05 	1
54.589 	0.000258069 	4.46008e-05 	1
54.6233 	0.000242097 	3.09683e-05 	1
54.6575 	0.000213483 	3.6214e-05 	1
54.6918 	0.000136827 	1.69667e-05 	1
54.726 	0.000205034 	2.89894e-05 	1
54.7603 	0.000230909 	3.02532e-05 	1
54.7945 	0.000220341 	1.78852e-05 	1
54.8288 	6.52367e-05 	6.52367e-05 	0
54.863 	0.000101691 	1.29091e-05 	1
54.8973 	8.49533e-05 	8.49533e-05 	0
54.9315 	0.000102651 	1.14554e-05 	1
54.9658 	0.000228066 	2.54315e-05 	1
55.0 	0.000172359 	2.41695e-05 	1
55.0342 	0.000263931 	2.58738e-05 	1
55.0685 	0.00024042 	3.96711e-05 	1
55.1027 	0.000164139 	2.29862e-05 	1
55.137 	0.000310776 	3.30534e-05 	1
55.1712 	0.000205039 	2.17263e-05 	1
55.2055 	0.000126904 	2.00115e-05 	1
55.2397 	0.000245397 	4.56622e-05 	1
55.274 	0.000139641 	1.56811e-05 	1
55.3082 	0.000195655 	2.19374e-05 	1
55.3425 	0.000128596 	1.81986e-05 	1
55.3767 	0.000271457 	2.74087e-05 	1
55.411 	0.000230607 	3.65721e-05 	1
55.4452 	0.000166946 	2.71351e-05 	1
55.4795 	0.0002578 	2.83802e-05 	1
55.5137 	0.000166 	2.01228e-05 	1
55.5479 	0.000330625 	3.21804e-05 	1
55.5822 	0.000182743 	2.11814e-05 	1
55.6164 	0.000128814 	2.01853e-05 	1
55.6507 	0.000212509 	3.9068e-05 	1
55.6849 	0.000149302 	2.0584e-05 	1
55.7192 	0.000268069 	3.39356e-05 	1
55.7534 	0.000190013 	2.506e-05 	1
55.7877 	0.000155333 	1.77763e-05 	1
55.8219 	0.000264816 	2.23129e-05 	1
55.8562 	0.000124487 	1.85688e-05 	1
55.8904 	0.000167077 	1.38254e-05 	1
55.9247 	9.37993e-05 	9.37993e-05 	0
55.9589 	0.000305458 	2.57665e-05 	1
55.9932 	0.00012789 	1.6715e-05 	1
56.0274 	0.000120292 	1.6623e-05 	1
56.0616 	0.000305368 	2.67696e-05 	1
56.0959 	0.000142984 	2.11737e-05 	1
56.1301 	0.000230857 	4.0139e-05 	1
56.1644 	0.000167429 	2.27164e-05 	1
56.1986 	0.000415929 	5.39334e-05 	1
56.2329 	0.000226425 	1.98681e-05 	1
56.2671 	0.000101842 	1.50181e-05 	1
56.3014 	0.000105758 	1.39866e-05 	1
56.3356 	0.00030842 	2.82414e-05 	1
56.3699 	0.000193518 	2.27406e-05 	1
56.4041 	0.000119249 	1.70327e-05 	1
56.4384 	0.000320788 	3.35718e-05 	1
56.4726 	0.000232412 	2.33356e-05 	1
56.5068 	0.000135466 	1.73485e-05 	1
56.5411 	0.000323026 	3.14021e-05 	1
56.5753 	0.000194554 	2.02805e-05 	1
56.6096 	0.000130196 	1.95157e-05 	1
56.6438 	0.000204904 	3.63415e-05 	1
56.6781 	0.000151259 	2.08408e-05 	1
56.7123 	0.000282116 	3.54048e-05 	1
56.7466 	0.000198426 	2.6285e-05 	1
56.7808 	0.000165878 	1.88168e-05 	1
56.8151 	0.000284404 	2.32469e-05 	1
56.8493 	0.00013098 	1.93526e-05 	1
56.8836 	0.000175498 	1.38366e-05 	1
56.9178 	7.42435e-05 	7.42435e-05 	0
56.9521 	0.00025646 	2.46184e-05 	1
56.9863 	8.32276e-05 	8.32276e-05 	0
57.0205 	0.000106241 	1.09284e-05 	1
57.0548 	6.94249e-05 	6.94249e-05 	0
57.089 	0.00010009 	1.64394e-05 	1
57.1233 	6.85213e-05 	6.85213e-05 	0
57.1575 	0.000110382 	1.6789e-05 	1
57.1918 	0.000112247 	1.45435e-05 	1
57.226 	0.000299991 	2.61901e-05 	1
57.2603 	0.000135773 	1.93119e-05 	1
57.2945 	0.000193203 	3.26246e-05 	1
57.3288 	0.00026122 	3.25048e-05 	1
57.363 	0.000193126 	2.54717e-05 	1
57.3973 	0.00012303 	1.69826e-05 	1
57.4315 	0.000210755 	3.20748e-05 	1
57.4658 	0.000268657 	4.53682e-05 	1
57.5 	0.000137995 	1.85829e-05 	1
57.5342 	0.000234338 	2.93236e-05 	1
57.5685 	0.000152634 	1.95688e-05 	1
57.6027 	0.000159579 	1.86512e-05 	1
57.637 	0.000241358 	2.6342e-05 	1
57.6712 	0.000150401 	2.37621e-05 	1
57.7055 	0.000153453 	2.27151e-05 	1
57.7397 	0.000305836 	2.99423e-05 	1
57.774 	0.000168168 	1.91024e-05 	1
57.8082 	0.000114292 	1.95479e-05 	1
57.8425 	0.000130756 	2.14526e-05 	1
57.8767 	0.00031782 	2.8627e-05 	1
57.911 	0.000221314 	3.56475e-05 	1
57.9452 	0.000208848 	3.65968e-05 	1
57.9795 	0.000126094 	1.37554e-05 	1
58.0137 	0.00026618 	2.50088e-05 	1
58.0479 	0.000140162 	1.92583e-05 	1
58.0822 	0.000228294 	1.97698e-05 	1
58.1164 	0.000113578 	1.71669e-05 	1
58.1507 	0.000301244 	2.79822e-05 	1
58.1849 	0.000225117 	2.95884e-05 	1
58.2192 	0.000154413 	2.43169e-05 	1
58.2534 	0.000285025 	5.11182e-05 	1
58.2877 	0.000200044 	2.34423e-05 	1
58.3219 	0.000166871 	2.62161e-05 	1
58.3562 	0.000209905 	2.39564e-05 	1
58.3904 	0.000258822 	2.93042e-05 	1
58.4247 	0.000134726 	1.08174e-05 	1
58.4589 	0.00017787 	1.54337e-05 	1
58.4932 	0.000100758 	1.1955e-05 	1
58.5274 	0.000106136 	1.49172e-05 	1
58.5616 	0.000301726 	2.83248e-05 	1
58.5959 	0.000230592 	3.47921e-05 	1
58.6301 	0.000183773 	2.89251e-05 	1
58.6644 	0.000216321 	3.48772e-05 	1
58.6986 	0.000223098 	2.23263e-05 	1
58.7329 	0.000102394 	1.10925e-05 	1
58.7671 	0.000293168 	2.6179e-05 	1
58.8014 	0.000187723 	2.39352e-05 	1
58.8356 	0.000142477 	2.08948e-05 	1
58.8699 	0.000265962 	3.06565e-05 	1
58.9041 	0.000239981 	2.19953e-05 	1
58.9384 	0.000264738 	2.40148e-05 	1
58.9726 	0.000149435 	2.25518e-05 	1
59.0068 	0.000135252 	1.69757e-05 	1
59.0411 	0.000324441 	4.04765e-05 	1
59.0753 	0.000113654 	1.96219e-05 	1
59.1096 	0.000254132 	4.11316e-05 	1
59.1438 	0.000139351 	1.59055e-05 	1
59.1781 	0.000258651 	4.21066e-05 	1
59.2123 	0.000134969 	1.64051e-05 	1
59.2466 	0.000232757 	2.87911e-05 	1
59.2808 	0.000213698 	2.00988e-05 	1
59.3151 	0.000270891 	2.41292e-05 	1
59.3493 	0.000137602 	2.23238e-05 	1
59.3836 	0.000108517 	1.41697e-05 	1
59.4178 	0.000201013 	1.74518e-05 	1
59.4521 	0.000120981 	1.69217e-05 	1
59.4863 	0.000335653 	3.76347e-05 	1
59.5205 	0.000241434 	2.2595e-05 	1
59.5548 	0.000101128 	1.2373e-05 	1
59.589 	9.00855e-05 	9.00855e-05 	0
59.6233 	0.000245928 	3.69942e-05 	1
59.6575 	0.000124233 	1.58084e-05 	1
59.6918 	0.000250681 	2.86546e-05 	1
59.726 	0.000204979 	2.09531e-05 	1
59.7603 	0.000113233 	1.74194e-05 	1
59.7945 	0.000117423 	1.7319e-05 	1
59.8288 	0.000326173 	3.09472e-05 	1
59.863 	0.000187769 	2.05438e-05 	1
59.8973 	0.000132143 	2.04143e-05 	1
59.9315 	0.000237662 	4.25463e-05 	1
59.9658 	0.000169894 	2.51759e-05 	1
60.0 	0.000302059 	3.14952e-05 	1
60.0342 	0.000194423 	2.1097e-05 	1
60.0685 	0.000298793 	2.75824e-05 	1
60.1027 	0.000264545 	4.41366e-05 	1
60.137 	0.000203092 	2.3107e-05 	1
60.1712 	0.000163392 	2.33066e-05 	1
60.2055 	0.000250287 	2.67246e-05 	1
60.2397 	0.000186994 	1.8068e-05 	1
60.274 	0.000296777 	2.67852e-05 	1
60.3082 	0.000198264 	3.05901e-05 	1
60.3425 	0.000160392 	2.58447e-05 	1
60.3767 	0.000290334 	3.66622e-05 	1
60.411 	0.000263702 	4.64696e-05 	1
60.4452 	0.000278169 	3.02963e-05 	1
60.4795 	0.000187165 	2.17781e-05 	1
60.5137 	0.000132725 	2.28735e-05 	1
60.5479 	0.000134825 	1.54781e-05 	1
60.5822 	8.41914e-05 	8.41914e-05 	0
60.6164 	0.000330104 	3.79204e-05 	1
60.6507 	0.000201757 	1.7851e-05 	1
60.6849 	0.000283766 	2.1129e-05 	1
60.7192 	0.000105934 	1.30739e-05 	1
60.7534 	0.000131066 	1.34092e-05 	1
60.7877 	0.000211158 	1.52422e-05 	1
60.8219 	7.43068e-05 	7.43068e-05 	0
60.8562 	0.000266501 	3.46252e-05 	1
60.8904 	0.000215262 	2.43974e-05 	1
60.9247 	0.00017751 	2.86169e-05 	1
60.9589 	0.000281031 	2.98187e-05 	1
60.9932 	0.000199516 	2.17087e-05 	1
61.0274 	0.000131073 	2.09632e-05 	1
61.0616 	0.000263099 	4.63967e-05 	1
61.0959 	0.000137909 	1.45149e-05 	1
61.1301 	0.00017885 	1.72346e-05 	1
61.1644 	7.90331e-05 	7.90331e-05 	0
61.1986 	0.000242468 	3.39439e-05 	1
61.2329 	0.000199496 	1.89386e-05 	1
61.2671 	8.47898e-05 	8.47898e-05 	0
61.3014 	0.000170882 	2.59576e-05 	1
61.3356 	0.000142468 	1.6197e-05 	1
61.3699 	0.000328256 	3.42199e-05 	1
61.4041 	0.000226192 	2.41783e-05 	1
61.4384 	0.000138751 	2.25263e-05 	1
61.4726 	0.00026609 	5.00815e-05 	1
61.5068 	0.000251463 	2.89184e-05 	1
61.5411 	0.00016732 	1.45273e-05 	1
61.5753 	0.000175216 	1.75412e-05 	1
61.6096 	7.73628e-05 	7.73628e-05 	0
61.6438 	0.000144541 	2.37925e-05 	1
61.6781 	0.000123099 	1.62885e-05 	1
61.7123 	0.000198714 	2.51798e-05 	1
61.7466 	0.000169547 	2.38964e-05 	1
61.7808 	0.000143274 	1.56698e-05 	1
61.8151 	0.000280005 	3.10724e-05 	1
61.8493 	0.000194436 	1.8072e-05 	1
61.8836 	0.000224411 	1.89065e-05 	1
61.9178 	0.000123619 	1.51626e-05 	1
61.9521 	0.000311265 	2.9014e-05 	1
61.9863 	0.000193722 	1.88176e-05 	1
62.0205 	0.000110456 	1.51175e-05 	1
62.0548 	0.000108286 	1.50482e-05 	1
62.089 	0.000221341 	2.06566e-05 	1
62.1233 	0.000126325 	2.12037e-05 	1
62.1575 	0.000315313 	4.03668e-05 	1
62.1918 	0.000246444 	3.62242e-05 	1
62.226 	0.000243576 	2.52609e-05 	1
62.2603 	0.000206955 	2.92523e-05 	1
62.2945 	0.000158606 	2.58134e-05 	1
62.3288 	0.00023641 	3.0257e-05 	1
62.363 	0.000212018 	1.75249e-05 	1
62.3973 	0.000174337 	1.43928e-05 	1
62.4315 	0.000100158 	1.22013e-05 	1
62.4658 	0.000310053 	2.78487e-05 	1
62.5 	0.000219617 	3.18938e-05 	1
62.5342 	0.00017965 	2.67485e-05 	1
62.5685 	0.00028404 	3.22908e-05 	1
62.6027 	0.000217087 	1.93123e-05 	1
62.637 	0.000256629 	2.14327e-05 	1
62.6712 	0.000119141 	1.8954e-05 	1
62.7055 	0.000241403 	2.14676e-05 	1
62.7397 	0.000110774 	1.52043e-05 	1
62.774 	0.000107013 	1.69699e-05 	1
62.8082 	0.000237226 	2.00807e-05 	1
62.8425 	0.00010294 	1.37152e-05 	1
62.8767 	0.00034479 	3.16807e-05 	1
62.911 	0.000210409 	2.20584e-05 	1
62.9452 	0.000136602 	2.08966e-05 	1
62.9795 	0.000201939 	3.70465e-05 	1
63.0137 	0.000287861 	3.20762e-05 	1
63.0479 	0.000171209 	1.46376e-05 	1
63.0822 	0.000194561 	1.49063e-05 	1
63.1164 	8.07921e-05 	8.07921e-05 	0
63.1507 	0.000110871 	1.34136e-05 	1
63.1849 	6.22681e-05 	6.22681e-05 	0
63.2192 	8.2419e-05 	8.2419e-05 	0
63.2534 	0.000100707 	1.22289e-05 	1
63.2877 	0.000245363 	2.95837e-05 	1
63.3219 	0.000259752 	3.75609e-05 	1
63.3562 	0.000196758 	1.97825e-05 	1
63.3904 	0.000118789 	1.8184e-05 	1
63.4247 	0.000127227 	1.83955e-05 	1
63.4589 	0.000308371 	2.81389e-05 	1
63.4932 	0.000221424 	3.15917e-05 	1
63.5274 	0.000170599 	2.68771e-05 	1
63.5616 	0.000314229 	4.25384e-05 	1
63.5959 	0.000151342 	2.07698e-05 	1
63.6301 	0.000247254 	2.66967e-05 	1
63.6644 	0.000153326 	2.37579e-05 	1
63.6986 	0.000260543 	4.38152e-05 	1
63.7329 	0.000177813 	1.67039e-05 	1
63.7671 	0.000240672 	2.44569e-05 	1
63.8014 	0.000150004 	2.21958e-05 	1
63.8356 	0.000198934 	2.83566e-05 	1
63.8699 	0.000172346 	2.92937e-05 	1
63.9041 	0.000229335 	2.64256e-05 	1
63.9384 	0.000174199 	1.69468e-05 	1
63.9726 	0.00025447 	2.36034e-05 	1
64.0068 	0.000133867 	2.20279e-05 	1
64.0411 	0.000311343 	2.80631e-05 	1
64.0753 	0.000189 	2.08027e-05 	1
64.1096 	0.000119589 	1.77263e-05 	1
64.1438 	0.000331411 	3.97159e-05 	1
64.1781 	0.000164139 	2.44096e-05 	1
64.2123 	0.000157416 	2.59927e-05 	1
64.2466 	0.000213435 	2.46552e-05 	1
64.2808 	0.000315669 	4.34601e-05 	1
64.3151 	0.000167165 	2.64943e-05 	1
64.3493 	0.000297871 	3.03479e-05 	1
64.3836 	0.000176888 	1.91059e-05 	1
64.4178 	9.13213e-05 	9.13213e-05 	0
64.4521 	0.000185935 	2.92931e-05 	1
64.4863 	0.000188414 	2.30656e-05 	1
64.5205 	0.000170606 	2.81906e-05 	1
64.5548 	0.000261694 	2.84619e-05 	1
64.589 	0.000191059 	1.99083e-05 	1
64.6233 	9.26214e-05 	9.26214e-05 	0
64.6575 	0.000261878 	4.43662e-05 	1
64.6918 	0.000253426 	2.98662e-05 	1
64.726 	0.000227388 	1.85687e-05 	1
64.7603 	0.000289807 	2.20984e-05 	1
64.7945 	0.000120792 	1.87948e-05 	1
64.8288 	0.000233952 	2.07267e-05 	1
64.863 	0.000124439 	1.74738e-05 	1
64.8973 	0.000108186 	1.56208e-05 	1
64.9315 	0.00027122 	4.60643e-05 	1
64.9658 	0.00029145 	3.09432e-05 	1
65.0 	0.000203605 	2.10028e-05 	1
65.0342 	0.000122133 	1.95574e-05 	1
65.0685 	0.000139996 	2.10416e-05 	1
65.1027 	0.000289848 	2.48643e-05 	1
65.137 	0.000138493 	2.02666e-05 	1
65.1712 	0.000220654 	3.81529e-05 	1
65.2055 	0.000260612 	2.98003e-05 	1
65.2397 	0.000173755 	1.49759e-05 	1
65.274 	0.000192277 	1.49764e-05 	1
65.3082 	8.57806e-05 	8.57806e-05 	0
65.3425 	0.00021473 	2.22917e-05 	1
65.3767 	0.00013795 	2.03297e-05 	1
65.411 	0.000211944 	3.71352e-05 	1
65.4452 	0.000135027 	1.69143e-05 	1
65.4795 	0.00021697 	2.49094e-05 	1
65.5137 	0.000186121 	1.79429e-05 	1
65.5479 	0.000302907 	2.7141e-05 	1
65.5822 	0.000214589 	2.62762e-05 	1
65.6164 	0.000133748 	1.68537e-05 	1
65.6507 	0.00034141 	3.82249e-05 	1
65.6849 	0.000340897 	4.9255e-05 	1
65.7192 	0.000286353 	3.82169e-05 	1
65.7534 	0.000186899 	2.42869e-05 	1
65.7877 	0.000208859 	3.18641e-05 	1
65.8219 	0.000259195 	2.78689e-05 	1
65.8562 	0.000196551 	1.73418e-05 	1
65.8904 	0.000234336 	1.95623e-05 	1
65.9247 	0.000110249 	1.71612e-05 	1
65.9589 	0.000215936 	1.94229e-05 	1
65.9932 	0.000111973 	1.68578e-05 	1
66.0274 	0.000305723 	3.61877e-05 	1
66.0616 	0.000230228 	2.11125e-05 	1
66.0959 	7.88195e-05 	7.88195e-05 	0
66.1301 	0.000143698 	2.30465e-05 	1
66.1644 	0.000216303 	1.92822e-05 	1
66.1986 	0.000121846 	2.26273e-05 	1
66.2329 	0.000132344 	1.72967e-05 	1
66.2671 	9.05358e-05 	9.05358e-05 	0
66.3014 	0.000190223 	2.31876e-05 	1
66.3356 	0.000139034 	2.14567e-05 	1
66.3699 	0.000258979 	4.49741e-05 	1
66.4041 	0.000176195 	2.47744e-05 	1
66.4384 	0.000386301 	5.10136e-05 	1
66.4726 	0.000176721 	2.80373e-05 	1
66.5068 	0.000295213 	3.28514e-05 	1
66.5411 	0.000227713 	2.92531e-05 	1
66.5753 	0.000203925 	1.52623e-05 	1
66.6096 	0.000384115 	3.20492e-05 	1
66.6438 	0.000212499 	1.47184e-05 	1
66.6781 	6.73653e-05 	6.73653e-05 	0
66.7123 	0.000103781 	1.01478e-05 	1
66.7466 	0.000249298 	1.99186e-05 	1
66.7808 	0.000105428 	1.32594e-05 	1
66.8151 	0.000280849 	2.50828e-05 	1
66.8493 	0.00013621 	1.89727e-05 	1
66.8836 	0.000203264 	3.37221e-05 	1
66.9178 	0.000256336 	2.85951e-05 	1
66.9521 	0.000163936 	1.34784e-05 	1
66.9863 	0.000204456 	1.50982e-05 	1
67.0205 	6.98942e-05 	6.98942e-05 	0
67.0548 	0.000108664 	1.56762e-05 	1
67.089 	0.000278152 	2.54282e-05 	1
67.1233 	0.000116279 	1.40668e-05 	1
67.1575 	0.000294427 	2.61547e-05 	1
67.1918 	0.000194383 	2.25784e-05 	1
67.226 	0.000120604 	1.60529e-05 	1
67.2603 	0.000298935 	3.00691e-05 	1
67.2945 	0.000201528 	2.04548e-05 	1
67.3288 	0.000128067 	1.6363e-05 	1
67.363 	0.000326591 	3.2879e-05 	1
67.3973 	0.000208177 	2.13247e-05 	1
67.4315 	0.000130938 	1.99891e-05 	1
67.4658 	0.00023491 	4.29796e-05 	1
67.5 	0.000261169 	2.98968e-05 	1
67.5342 	0.000174478 	1.54039e-05 	1
67.5685 	0.000181003 	1.3866e-05 	1
67.6027 	0.000384221 	3.02953e-05 	1
67.637 	0.000167184 	1.78594e-05 	1
67.6712 	0.000305186 	3.05131e-05 	1
67.7055 	0.000226418 	2.0652e-05 	1
67.7397 	0.000109606 	1.33227e-05 	1
67.774 	0.000321715 	2.83452e-05 	1
67.8082 	0.000225488 	3.16676e-05 	1
67.8425 	0.000161679 	2.57367e-05 	1
67.8767 	0.000302967 	3.63507e-05 	1
67.911 	0.00023184 	2.16338e-05 	1
67.9452 	7.73035e-05 	7.73035e-05 	0
67.9795 	0.000138722 	2.14302e-05 	1
68.0137 	0.000174233 	2.92901e-05 	1
68.0479 	0.000164025 	2.3776e-05 	1
68.0822 	0.000145939 	2.01103e-05 	1
68.1164 	0.000225179 	3.60068e-05 	1
68.1507 	0.000169829 	2.24957e-05 	1
68.1849 	0.000286474 	2.69407e-05 	1
68.2192 	0.000209904 	2.47354e-05 	1
68.2534 	0.000260186 	2.24951e-05 	1
68.2877 	0.000122533 	2.04491e-05 	1
68.3219 	8.53155e-05 	8.53155e-05 	0
68.3562 	0.000241727 	4.22215e-05 	1
68.3904 	0.000179884 	3.00137e-05 	1
68.4247 	0.000185002 	2.97822e-05 	1
68.4589 	0.000192145 	2.40387e-05 	1
68.4932 	0.000149138 	2.42337e-05 	1
68.5274 	0.000173375 	3.35854e-05 	1
68.5616 	0.000111731 	1.34545e-05 	1
68.5959 	0.000111336 	1.54896e-05 	1
68.6301 	0.00011283 	1.61557e-05 	1
68.6644 	0.000300194 	2.72092e-05 	1
68.6986 	0.000186848 	2.40479e-05 	1
68.7329 	0.000128389 	1.9834e-05 	1
68.7671 	0.000200121 	3.67095e-05 	1
68.8014 	0.000249296 	3.49582e-05 	1
68.8356 	0.000317693 	5.03299e-05 	1
68.8699 	0.000201463 	3.27322e-05 	1
68.9041 	0.000352175 	4.3562e-05 	1
68.9384 	0.000131675 	1.84091e-05 	1
68.9726 	0.000366075 	3.98014e-05 	1
69.0068 	0.000139094 	1.82626e-05 	1
69.0411 	0.000343356 	3.73812e-05 	1
69.0753 	0.000194011 	2.85172e-05 	1
69.1096 	0.000111731 	1.26273e-05 	1
69.1438 	0.000261854 	2.54336e-05 	1
69.1781 	0.000165711 	1.7466e-05 	1
69.2123 	0.000190796 	2.04583e-05 	1
69.2466 	0.000114919 	1.40731e-05 	1
69.2808 	7.99791e-05 	7.99791e-05 	0
69.3151 	0.000182665 	2.15948e-05 	1
69.3493 	0.000115124 	1.70718e-05 	1
69.3836 	0.000314889 	3.92628e-05 	1
69.4178 	0.000230645 	3.68962e-05 	1
69.4521 	0.000307017 	3.24252e-05 	1
69.4863 	0.000198785 	2.19908e-05 	1
69.5205 	0.000141693 	2.258e-05 	1
69.5548 	0.000246972 	4.50994e-05 	1
69.589 	0.000247938 	2.84643e-05 	1
69.6233 	0.000160119 	1.45212e-05 	1
69.6575 	0.000189898 	1.89323e-05 	1
69.6918 	9.8959e-05 	9.8959e-05 	0
69.726 	0.000270336 	4.65642e-05 	1
69.7603 	0.000208444 	2.27502e-05 	1
69.7945 	0.0001298 	1.81482e-05 	1
69.8288 	0.000120115 	1.73584e-05 	1
69.863 	0.000252986 	2.41706e-05 	1
69.8973 	0.000142796 	2.34497e-05 	1
69.9315 	0.000129203 	1.63331e-05 	1
69.9658 	0.000327369 	3.30828e-05 	1
70.0 	0.000227113 	2.63455e-05 	1
